0 21600
0 0 1 2 3 4 5 6 7 316 317 318 319 320 321 322 323 324 325 326 327 328 329 330 331 332 333 334 335 336 337 338 339 340 341 342 343 344 345 
0 1 0 2 3 4 5 6 7 8 9 23 24 25 26 27 28 29 30 31 32 33 34 35 36 38 39 40 41 42 43 44 45 46 49 50 53 54 55 56 57 58 59 60 61 62 63 64 65 66 67 316 322 326 327 329 331 335 339 343 
0 2 0 1 3 4 5 6 7 10 11 68 69 70 71 72 73 74 76 77 78 79 80 81 82 83 84 85 86 87 88 89 90 91 92 93 94 95 96 98 99 100 101 102 104 105 106 107 108 318 320 324 328 330 333 335 337 342 
0 3 0 1 2 4 5 7 13 109 110 112 114 115 116 117 118 119 120 121 122 123 124 125 126 127 129 132 133 135 136 137 138 139 140 143 144 145 319 320 325 327 331 332 336 342 345 
0 4 0 1 2 3 6 7 148 151 152 153 154 155 156 159 160 161 162 164 165 167 168 169 170 171 172 173 177 178 179 180 181 182 183 184 185 187 188 189 190 192 194 318 321 324 328 329 332 337 338 343 
0 5 0 1 2 3 6 7 15 16 17 195 196 197 198 199 200 201 202 203 204 205 206 208 209 210 211 212 213 214 215 216 220 221 222 223 224 225 317 319 325 327 330 333 336 340 344 
0 6 0 1 2 4 5 7 18 226 227 228 229 230 231 232 233 234 235 236 237 238 239 240 241 242 243 244 245 246 247 248 249 250 251 252 254 256 257 258 259 260 262 263 264 266 268 269 270 271 272 317 321 322 328 330 334 337 341 344 
0 7 0 1 2 3 4 5 6 20 22 274 275 276 278 279 282 283 285 286 287 289 290 291 292 294 296 297 298 299 300 301 302 303 304 305 306 307 308 309 310 311 312 313 314 318 320 323 329 331 334 336 340 
0 8 1 23 24 25 26 29 30 31 32 33 34 36 38 39 43 53 55 57 60 63 64 66 
0 9 1 23 31 36 39 42 53 65 
0 10 2 11 12 68 69 70 71 72 73 74 76 77 78 79 80 81 82 83 84 85 86 87 88 89 90 91 92 93 94 95 96 98 99 100 101 102 104 105 106 107 108 
0 11 2 10 68 69 70 78 79 80 81 85 86 87 88 89 92 107 
0 12 10 92 
0 13 3 121 122 
0 14 148 151 152 153 154 155 156 159 160 161 162 164 165 167 168 169 170 171 172 173 177 178 179 180 181 182 183 184 185 187 188 189 190 192 194 
0 15 5 16 17 
0 16 5 15 17 195 196 197 198 199 200 201 202 203 204 205 206 208 209 210 211 212 213 214 215 216 220 221 222 223 224 225 
0 17 5 15 16 195 196 197 198 199 200 201 202 203 204 205 206 208 209 210 211 212 213 214 215 216 220 221 222 223 224 225 
0 18 6 227 229 234 235 238 259 271 
0 19 227 237 239 240 241 242 243 244 
0 20 7 22 
0 21 22 
0 22 7 20 21 274 275 276 278 279 282 283 285 286 287 289 290 291 292 294 296 297 298 299 300 301 302 303 304 305 306 307 308 309 310 311 312 313 314 315 
0 23 1 8 9 37 
0 24 1 8 
0 25 1 8 47 51 52 
0 26 1 8 
0 27 1 
0 28 1 
0 29 1 8 
0 30 1 8 
0 31 1 8 9 
0 32 1 8 
0 33 1 8 
0 34 1 8 
0 35 1 
0 36 1 8 9 
0 37 23 
0 38 1 8 
0 39 1 8 9 
0 40 1 
0 41 1 
0 42 1 9 
0 43 1 8 
0 44 1 
0 45 1 
0 46 1 
0 47 25 
0 48 66 
0 49 1 
0 50 1 
0 51 25 
0 52 25 
0 53 1 8 9 
0 54 1 
0 55 1 8 
0 56 1 
0 57 1 8 
0 58 1 
0 59 1 
0 60 1 8 
0 61 1 
0 62 1 
0 63 1 8 
0 64 1 8 
0 65 1 9 
0 66 1 8 48 
0 67 1 
0 68 2 10 11 
0 69 2 10 11 103 
0 70 2 10 11 
0 71 2 10 
0 72 2 10 75 97 
0 73 2 10 
0 74 2 10 
0 75 72 
0 76 2 10 
0 77 2 10 
0 78 2 10 11 
0 79 2 10 11 
0 80 2 10 11 
0 81 2 10 11 
0 82 2 10 
0 83 2 10 
0 84 2 10 
0 85 2 10 11 
0 86 2 10 11 
0 87 2 10 11 
0 88 2 10 11 
0 89 2 10 11 
0 90 2 10 
0 91 2 10 
0 92 2 10 11 12 
0 93 2 10 
0 94 2 10 
0 95 2 10 
0 96 2 10 
0 97 72 
0 98 2 10 
0 99 2 10 
0 100 2 10 
0 101 2 10 
0 102 2 10 
0 103 69 
0 104 2 10 
0 105 2 10 
0 106 2 10 
0 107 2 10 11 
0 108 2 10 
0 109 3 
0 110 3 
0 111 140 
0 112 3 
0 113 129 
0 114 3 
0 115 3 
0 116 3 
0 117 3 
0 118 3 
0 119 3 
0 120 3 
0 121 3 13 
0 122 3 13 
0 123 3 
0 124 3 
0 125 3 
0 126 3 
0 127 3 
0 128 138 
0 129 3 113 
0 130 137 
0 131 144 
0 132 3 142 
0 133 3 
0 134 143 
0 135 3 
0 136 3 
0 137 3 130 
0 138 3 128 146 147 
0 139 3 141 
0 140 3 111 
0 141 139 
0 142 132 
0 143 3 134 
0 144 3 131 
0 145 3 
0 146 138 
0 147 138 
0 148 4 14 175 
0 149 185 
0 150 201 
0 151 4 14 191 
0 152 4 14 
0 153 4 14 
0 154 4 14 158 
0 155 4 14 
0 156 4 14 
0 157 192 
0 158 154 
0 159 4 14 
0 160 4 14 
0 161 4 14 
0 162 4 14 
0 163 186 
0 164 4 14 
0 165 4 14 
0 166 201 
0 167 4 14 186 
0 168 4 14 
0 169 4 14 176 
0 170 4 14 
0 171 4 14 
0 172 4 14 
0 173 4 14 
0 174 185 
0 175 148 
0 176 169 
0 177 4 14 
0 178 4 14 
0 179 4 14 
0 180 4 14 
0 181 4 14 
0 182 4 14 
0 183 4 14 
0 184 4 14 
0 185 4 14 149 174 
0 186 163 167 
0 187 4 14 
0 188 4 14 
0 189 4 14 
0 190 4 14 
0 191 151 
0 192 4 14 157 193 
0 193 192 
0 194 4 14 
0 195 5 16 17 
0 196 5 16 17 
0 197 5 16 17 
0 198 5 16 17 
0 199 5 16 17 
0 200 5 16 17 217 218 219 
0 201 5 16 17 150 166 
0 202 5 16 17 
0 203 5 16 17 
0 204 5 16 17 
0 205 5 16 17 
0 206 5 16 17 
0 207 209 
0 208 5 16 17 
0 209 5 16 17 207 
0 210 5 16 17 
0 211 5 16 17 
0 212 5 16 17 
0 213 5 16 17 
0 214 5 16 17 
0 215 5 16 17 
0 216 5 16 17 
0 217 200 
0 218 200 
0 219 200 
0 220 5 16 17 
0 221 5 16 17 
0 222 5 16 17 
0 223 5 16 17 
0 224 5 16 17 
0 225 5 16 17 
0 226 6 
0 227 6 18 19 267 
0 228 6 
0 229 6 18 
0 230 6 
0 231 6 
0 232 6 
0 233 6 
0 234 6 18 
0 235 6 18 
0 236 6 
0 237 6 19 
0 238 6 18 
0 239 6 19 
0 240 6 19 
0 241 6 19 
0 242 6 19 
0 243 6 19 
0 244 6 19 
0 245 6 
0 246 6 
0 247 6 
0 248 6 
0 249 6 
0 250 6 
0 251 6 
0 252 6 
0 253 259 
0 254 6 
0 255 259 
0 256 6 265 
0 257 6 
0 258 6 
0 259 6 18 253 255 261 
0 260 6 
0 261 259 
0 262 6 
0 263 6 
0 264 6 
0 265 256 
0 266 6 
0 267 227 
0 268 6 
0 269 6 
0 270 6 
0 271 6 18 
0 272 6 
0 273 279 
0 274 7 22 
0 275 7 22 293 
0 276 7 22 
0 277 296 
0 278 7 22 
0 279 7 22 273 
0 280 303 
0 281 282 
0 282 7 22 281 284 
0 283 7 22 
0 284 282 
0 285 7 22 
0 286 7 22 
0 287 7 22 
0 288 308 
0 289 7 22 
0 290 7 22 
0 291 7 22 
0 292 7 22 
0 293 275 
0 294 7 22 
0 295 308 
0 296 7 22 277 
0 297 7 22 
0 298 7 22 
0 299 7 22 
0 300 7 22 
0 301 7 22 
0 302 7 22 
0 303 7 22 280 
0 304 7 22 
0 305 7 22 
0 306 7 22 
0 307 7 22 
0 308 7 22 288 295 
0 309 7 22 
0 310 7 22 
0 311 7 22 
0 312 7 22 
0 313 7 22 
0 314 7 22 
0 315 22 
0 316 0 1 
0 317 0 5 6 
0 318 0 2 4 7 
0 319 0 3 5 
0 320 0 2 3 7 
0 321 0 4 6 
0 322 0 1 6 
0 323 0 7 
0 324 0 2 4 
0 325 0 3 5 
0 326 0 1 
0 327 0 1 3 5 
0 328 0 2 4 6 
0 329 0 1 4 7 
0 330 0 2 5 6 
0 331 0 1 3 7 
0 332 0 3 4 
0 333 0 2 5 
0 334 0 6 7 
0 335 0 1 2 
0 336 0 3 5 7 
0 337 0 2 4 6 
0 338 0 4 
0 339 0 1 
0 340 0 5 7 
0 341 0 6 
0 342 0 2 3 
0 343 0 1 4 
0 344 0 5 6 
0 345 0 3 
1800 0 1 2 3 4 5 6 7 316 317 318 319 320 321 322 323 324 325 326 327 328 329 330 331 332 333 334 335 336 337 338 339 340 341 342 343 344 345 
1800 1 0 2 3 4 5 6 7 8 9 23 24 25 26 27 28 29 30 31 32 33 34 35 36 37 38 39 40 41 42 43 44 45 46 49 50 53 54 55 56 57 58 59 60 61 62 63 64 65 66 67 316 322 326 327 329 331 335 339 343 
1800 2 0 1 3 4 5 6 7 10 11 68 69 70 71 72 73 74 76 77 78 79 80 81 82 83 84 85 86 87 88 89 90 91 92 93 94 95 96 97 98 99 100 101 102 104 105 106 107 108 318 320 324 328 330 333 335 337 342 
1800 3 0 1 2 4 5 7 13 109 110 112 113 114 115 116 117 118 119 120 121 122 123 124 125 126 127 129 132 133 135 136 137 138 139 140 143 144 145 319 320 325 327 331 332 336 342 345 
1800 4 0 1 2 3 6 7 148 151 152 153 154 155 156 159 160 161 162 164 165 167 168 169 170 171 172 173 177 178 179 180 181 182 183 184 185 187 188 189 190 192 193 194 318 321 324 328 329 332 337 338 343 
1800 5 0 1 2 3 6 7 15 16 17 195 196 197 198 199 200 201 202 203 204 205 206 208 209 210 211 212 213 214 215 216 220 221 222 223 224 225 317 319 325 327 330 333 336 340 344 
1800 6 0 1 2 4 5 7 18 226 227 228 229 230 231 232 233 234 235 236 237 238 239 240 241 243 244 245 246 247 248 249 250 251 252 254 256 257 258 259 260 262 263 264 266 268 269 270 271 272 317 321 322 328 330 334 337 341 344 
1800 7 0 1 2 3 4 5 6 20 22 274 275 276 278 279 280 282 283 285 286 287 289 290 291 292 294 296 297 298 299 300 301 302 303 304 305 306 307 308 309 310 311 312 313 314 318 320 323 329 331 334 336 340 
1800 8 1 23 24 25 26 29 30 31 32 33 34 36 37 38 39 43 53 55 57 60 63 64 66 
1800 9 1 23 31 36 37 39 42 53 65 
1800 10 2 11 12 68 69 70 71 72 73 74 76 77 78 79 80 81 82 83 84 85 86 87 88 89 90 91 92 93 94 95 96 97 98 99 100 101 102 104 105 106 107 108 
1800 11 2 10 68 69 70 78 79 80 81 85 86 87 88 89 92 107 
1800 12 10 92 
1800 13 3 121 122 
1800 14 148 151 152 153 154 155 156 159 160 161 162 164 165 167 168 169 170 171 172 173 177 178 179 180 181 182 183 184 185 187 188 189 190 192 193 194 
1800 15 5 16 17 
1800 16 5 15 17 195 196 197 198 199 200 201 202 203 204 205 206 208 209 210 211 212 213 214 215 216 220 221 222 223 224 225 
1800 17 5 15 16 195 196 197 198 199 200 201 202 203 204 205 206 208 209 210 211 212 213 214 215 216 220 221 222 223 224 225 
1800 18 6 227 229 234 235 238 259 271 
1800 19 227 237 239 240 241 243 244 
1800 20 7 22 
1800 21 22 
1800 22 7 20 21 274 275 276 278 279 280 282 283 285 286 287 289 290 291 292 294 296 297 298 299 300 301 302 303 304 305 306 307 308 309 310 311 312 313 314 315 
1800 23 1 8 9 
1800 24 1 8 
1800 25 1 8 47 51 52 
1800 26 1 8 48 
1800 27 1 
1800 28 1 
1800 29 1 8 
1800 30 1 8 
1800 31 1 8 9 
1800 32 1 8 
1800 33 1 8 
1800 34 1 8 
1800 35 1 
1800 36 1 8 9 
1800 37 1 8 9 
1800 38 1 8 
1800 39 1 8 9 
1800 40 1 
1800 41 1 
1800 42 1 9 
1800 43 1 8 
1800 44 1 
1800 45 1 
1800 46 1 
1800 47 25 
1800 48 26 
1800 49 1 
1800 50 1 
1800 51 25 
1800 52 25 
1800 53 1 8 9 
1800 54 1 
1800 55 1 8 
1800 56 1 
1800 57 1 8 
1800 58 1 
1800 59 1 
1800 60 1 8 
1800 61 1 
1800 62 1 
1800 63 1 8 
1800 64 1 8 
1800 65 1 9 
1800 66 1 8 
1800 67 1 
1800 68 2 10 11 
1800 69 2 10 11 103 
1800 70 2 10 11 
1800 71 2 10 
1800 72 2 10 
1800 73 2 10 
1800 74 2 10 
1800 75 89 
1800 76 2 10 
1800 77 2 10 
1800 78 2 10 11 
1800 79 2 10 11 
1800 80 2 10 11 
1800 81 2 10 11 
1800 82 2 10 
1800 83 2 10 
1800 84 2 10 
1800 85 2 10 11 
1800 86 2 10 11 
1800 87 2 10 11 
1800 88 2 10 11 
1800 89 2 10 11 75 
1800 90 2 10 
1800 91 2 10 
1800 92 2 10 11 12 
1800 93 2 10 
1800 94 2 10 
1800 95 2 10 
1800 96 2 10 
1800 97 2 10 
1800 98 2 10 
1800 99 2 10 
1800 100 2 10 
1800 101 2 10 
1800 102 2 10 
1800 103 69 
1800 104 2 10 
1800 105 2 10 
1800 106 2 10 
1800 107 2 10 11 
1800 108 2 10 
1800 109 3 
1800 110 3 
1800 111 140 
1800 112 3 128 
1800 113 3 
1800 114 3 
1800 115 3 
1800 116 3 
1800 117 3 
1800 118 3 
1800 119 3 
1800 120 3 
1800 121 3 13 
1800 122 3 13 
1800 123 3 
1800 124 3 
1800 125 3 
1800 126 3 
1800 127 3 
1800 128 112 
1800 129 3 
1800 130 133 
1800 131 144 
1800 132 3 142 146 147 
1800 133 3 130 
1800 134 140 
1800 135 3 
1800 136 3 
1800 137 3 
1800 138 3 
1800 139 3 141 
1800 140 3 111 134 
1800 141 139 
1800 142 132 
1800 143 3 
1800 144 3 131 
1800 145 3 
1800 146 132 
1800 147 132 
1800 148 4 14 
1800 149 193 
1800 150 155 
1800 151 4 14 158 174 191 
1800 152 4 14 
1800 153 4 14 
1800 154 4 14 
1800 155 4 14 150 166 
1800 156 4 14 
1800 157 192 
1800 158 151 
1800 159 4 14 
1800 160 4 14 
1800 161 4 14 
1800 162 4 14 
1800 163 186 
1800 164 4 14 176 
1800 165 4 14 
1800 166 155 
1800 167 4 14 
1800 168 4 14 
1800 169 4 14 
1800 170 4 14 186 
1800 171 4 14 
1800 172 4 14 
1800 173 4 14 
1800 174 151 
1800 175 193 
1800 176 164 
1800 177 4 14 
1800 178 4 14 
1800 179 4 14 
1800 180 4 14 
1800 181 4 14 
1800 182 4 14 
1800 183 4 14 
1800 184 4 14 
1800 185 4 14 
1800 186 163 170 
1800 187 4 14 
1800 188 4 14 
1800 189 4 14 
1800 190 4 14 
1800 191 151 
1800 192 4 14 157 
1800 193 4 14 149 175 
1800 194 4 14 
1800 195 5 16 17 
1800 196 5 16 17 
1800 197 5 16 17 
1800 198 5 16 17 
1800 199 5 16 17 
1800 200 5 16 17 217 218 
1800 201 5 16 17 
1800 202 5 16 17 
1800 203 5 16 17 
1800 204 5 16 17 
1800 205 5 16 17 
1800 206 5 16 17 
1800 207 209 
1800 208 5 16 17 
1800 209 5 16 17 207 
1800 210 5 16 17 219 
1800 211 5 16 17 
1800 212 5 16 17 
1800 213 5 16 17 
1800 214 5 16 17 
1800 215 5 16 17 
1800 216 5 16 17 
1800 217 200 
1800 218 200 
1800 219 210 
1800 220 5 16 17 
1800 221 5 16 17 
1800 222 5 16 17 
1800 223 5 16 17 
1800 224 5 16 17 
1800 225 5 16 17 
1800 226 6 
1800 227 6 18 19 
1800 228 6 
1800 229 6 18 
1800 230 6 
1800 231 6 
1800 232 6 
1800 233 6 
1800 234 6 18 
1800 235 6 18 
1800 236 6 
1800 237 6 19 
1800 238 6 18 
1800 239 6 19 
1800 240 6 19 
1800 241 6 19 
1800 242 259 
1800 243 6 19 
1800 244 6 19 
1800 245 6 
1800 246 6 
1800 247 6 
1800 248 6 
1800 249 6 265 267 
1800 250 6 
1800 251 6 
1800 252 6 
1800 253 259 
1800 254 6 
1800 255 259 
1800 256 6 
1800 257 6 
1800 258 6 
1800 259 6 18 242 253 255 261 
1800 260 6 
1800 261 259 
1800 262 6 
1800 263 6 
1800 264 6 
1800 265 249 
1800 266 6 
1800 267 249 
1800 268 6 
1800 269 6 
1800 270 6 
1800 271 6 18 
1800 272 6 
1800 273 279 
1800 274 7 22 
1800 275 7 22 
1800 276 7 22 
1800 277 292 
1800 278 7 22 
1800 279 7 22 273 
1800 280 7 22 281 
1800 281 280 
1800 282 7 22 288 293 295 
1800 283 7 22 
1800 284 304 
1800 285 7 22 
1800 286 7 22 
1800 287 7 22 
1800 288 282 
1800 289 7 22 
1800 290 7 22 
1800 291 7 22 
1800 292 7 22 277 
1800 293 282 
1800 294 7 22 
1800 295 282 
1800 296 7 22 
1800 297 7 22 
1800 298 7 22 
1800 299 7 22 
1800 300 7 22 
1800 301 7 22 
1800 302 7 22 
1800 303 7 22 
1800 304 7 22 284 
1800 305 7 22 
1800 306 7 22 
1800 307 7 22 
1800 308 7 22 
1800 309 7 22 
1800 310 7 22 
1800 311 7 22 
1800 312 7 22 
1800 313 7 22 
1800 314 7 22 
1800 315 22 
1800 316 0 1 
1800 317 0 5 6 
1800 318 0 2 4 7 
1800 319 0 3 5 
1800 320 0 2 3 7 
1800 321 0 4 6 
1800 322 0 1 6 
1800 323 0 7 
1800 324 0 2 4 
1800 325 0 3 5 
1800 326 0 1 
1800 327 0 1 3 5 
1800 328 0 2 4 6 
1800 329 0 1 4 7 
1800 330 0 2 5 6 
1800 331 0 1 3 7 
1800 332 0 3 4 
1800 333 0 2 5 
1800 334 0 6 7 
1800 335 0 1 2 
1800 336 0 3 5 7 
1800 337 0 2 4 6 
1800 338 0 4 
1800 339 0 1 
1800 340 0 5 7 
1800 341 0 6 
1800 342 0 2 3 
1800 343 0 1 4 
1800 344 0 5 6 
1800 345 0 3 
3600 0 1 2 3 4 5 6 7 316 317 318 319 320 321 322 323 324 325 326 327 328 329 330 331 332 333 334 335 336 337 338 339 340 341 342 343 344 345 
3600 1 0 2 3 4 5 6 7 8 9 23 24 25 26 27 28 29 31 32 33 34 35 36 38 39 40 41 42 43 44 45 46 49 50 53 54 55 56 57 58 59 60 61 62 63 64 65 66 67 316 322 326 327 329 331 335 339 343 
3600 2 0 1 3 4 5 6 7 10 11 68 69 70 71 72 73 74 75 76 77 78 79 80 81 82 83 84 85 86 87 88 89 90 91 92 93 94 95 96 98 99 100 101 102 103 104 105 106 107 108 318 320 324 328 330 333 335 337 342 
3600 3 0 1 2 4 5 7 13 109 110 112 114 115 116 117 118 119 120 121 122 123 124 125 126 127 129 132 133 135 136 137 138 139 140 143 144 145 319 320 325 327 331 332 336 342 345 
3600 4 0 1 2 3 6 7 148 151 152 153 154 155 156 157 159 160 161 162 164 165 167 168 169 170 171 172 173 177 178 179 180 181 182 183 184 185 187 188 189 190 192 194 318 321 324 328 329 332 337 338 343 
3600 5 0 1 2 3 6 7 15 16 17 195 196 197 198 199 200 201 202 203 204 205 206 208 209 210 211 212 213 214 215 216 220 221 222 223 224 225 317 319 325 327 330 333 336 340 344 
3600 6 0 1 2 4 5 7 18 226 227 228 229 230 231 232 233 234 235 236 237 238 239 240 241 243 244 245 246 247 248 249 250 251 252 254 256 257 258 259 260 262 263 264 266 268 269 270 271 272 317 321 322 328 330 334 337 341 344 
3600 7 0 1 2 3 4 5 6 20 22 273 274 275 276 278 279 282 283 285 286 287 289 290 291 292 294 296 297 298 299 300 301 302 303 304 305 306 307 308 309 310 311 312 313 314 318 320 323 329 331 334 336 340 
3600 8 1 23 24 25 26 29 31 32 33 34 36 38 39 43 53 55 57 60 63 64 66 
3600 9 1 23 31 36 39 42 53 65 
3600 10 2 11 12 68 69 70 71 72 73 74 75 76 77 78 79 80 81 82 83 84 85 86 87 88 89 90 91 92 93 94 95 96 98 99 100 101 102 103 104 105 106 107 108 
3600 11 2 10 68 69 70 78 79 80 81 85 86 87 88 89 92 107 
3600 12 10 92 
3600 13 3 121 122 
3600 14 148 151 152 153 154 155 156 157 159 160 161 162 164 165 167 168 169 170 171 172 173 177 178 179 180 181 182 183 184 185 187 188 189 190 192 194 
3600 15 5 16 17 
3600 16 5 15 17 195 196 197 198 199 200 201 202 203 204 205 206 208 209 210 211 212 213 214 215 216 220 221 222 223 224 225 
3600 17 5 15 16 195 196 197 198 199 200 201 202 203 204 205 206 208 209 210 211 212 213 214 215 216 220 221 222 223 224 225 
3600 18 6 227 229 234 235 238 259 271 
3600 19 227 237 239 240 241 243 244 
3600 20 7 22 
3600 21 22 
3600 22 7 20 21 273 274 275 276 278 279 282 283 285 286 287 289 290 291 292 294 296 297 298 299 300 301 302 303 304 305 306 307 308 309 310 311 312 313 314 315 
3600 23 1 8 9 47 52 
3600 24 1 8 37 
3600 25 1 8 51 
3600 26 1 8 48 
3600 27 1 
3600 28 1 
3600 29 1 8 
3600 30 33 
3600 31 1 8 9 
3600 32 1 8 
3600 33 1 8 30 
3600 34 1 8 
3600 35 1 
3600 36 1 8 9 
3600 37 24 
3600 38 1 8 
3600 39 1 8 9 
3600 40 1 
3600 41 1 
3600 42 1 9 
3600 43 1 8 
3600 44 1 
3600 45 1 
3600 46 1 
3600 47 23 
3600 48 26 
3600 49 1 
3600 50 1 
3600 51 25 
3600 52 23 
3600 53 1 8 9 
3600 54 1 
3600 55 1 8 
3600 56 1 
3600 57 1 8 
3600 58 1 
3600 59 1 
3600 60 1 8 
3600 61 1 
3600 62 1 
3600 63 1 8 
3600 64 1 8 
3600 65 1 9 
3600 66 1 8 
3600 67 1 
3600 68 2 10 11 
3600 69 2 10 11 
3600 70 2 10 11 
3600 71 2 10 
3600 72 2 10 97 
3600 73 2 10 
3600 74 2 10 
3600 75 2 10 
3600 76 2 10 
3600 77 2 10 
3600 78 2 10 11 
3600 79 2 10 11 
3600 80 2 10 11 
3600 81 2 10 11 
3600 82 2 10 
3600 83 2 10 
3600 84 2 10 
3600 85 2 10 11 
3600 86 2 10 11 
3600 87 2 10 11 
3600 88 2 10 11 
3600 89 2 10 11 
3600 90 2 10 
3600 91 2 10 
3600 92 2 10 11 12 
3600 93 2 10 
3600 94 2 10 
3600 95 2 10 
3600 96 2 10 
3600 97 72 
3600 98 2 10 
3600 99 2 10 
3600 100 2 10 
3600 101 2 10 
3600 102 2 10 
3600 103 2 10 
3600 104 2 10 
3600 105 2 10 
3600 106 2 10 
3600 107 2 10 11 
3600 108 2 10 
3600 109 3 
3600 110 3 
3600 111 140 
3600 112 3 
3600 113 129 
3600 114 3 
3600 115 3 
3600 116 3 
3600 117 3 
3600 118 3 
3600 119 3 
3600 120 3 
3600 121 3 13 
3600 122 3 13 
3600 123 3 
3600 124 3 
3600 125 3 
3600 126 3 
3600 127 3 
3600 128 135 
3600 129 3 113 
3600 130 137 
3600 131 144 
3600 132 3 142 
3600 133 3 
3600 134 144 
3600 135 3 128 
3600 136 3 
3600 137 3 130 
3600 138 3 
3600 139 3 141 146 147 
3600 140 3 111 
3600 141 139 
3600 142 132 
3600 143 3 
3600 144 3 131 134 
3600 145 3 
3600 146 139 
3600 147 139 
3600 148 4 14 
3600 149 192 
3600 150 198 
3600 151 4 14 191 
3600 152 4 14 
3600 153 4 14 
3600 154 4 14 
3600 155 4 14 158 
3600 156 4 14 
3600 157 4 14 
3600 158 155 
3600 159 4 14 
3600 160 4 14 
3600 161 4 14 
3600 162 4 14 
3600 163 186 
3600 164 4 14 
3600 165 4 14 
3600 166 198 
3600 167 4 14 175 186 
3600 168 4 14 
3600 169 4 14 
3600 170 4 14 
3600 171 4 14 
3600 172 4 14 
3600 173 4 14 
3600 174 185 
3600 175 167 
3600 176 192 
3600 177 4 14 
3600 178 4 14 
3600 179 4 14 
3600 180 4 14 
3600 181 4 14 
3600 182 4 14 
3600 183 4 14 
3600 184 4 14 
3600 185 4 14 174 
3600 186 163 167 
3600 187 4 14 
3600 188 4 14 
3600 189 4 14 
3600 190 4 14 
3600 191 151 
3600 192 4 14 149 176 193 
3600 193 192 
3600 194 4 14 
3600 195 5 16 17 207 
3600 196 5 16 17 
3600 197 5 16 17 
3600 198 5 16 17 150 166 
3600 199 5 16 17 
3600 200 5 16 17 217 218 
3600 201 5 16 17 
3600 202 5 16 17 
3600 203 5 16 17 
3600 204 5 16 17 
3600 205 5 16 17 
3600 206 5 16 17 
3600 207 195 
3600 208 5 16 17 
3600 209 5 16 17 
3600 210 5 16 17 219 
3600 211 5 16 17 
3600 212 5 16 17 
3600 213 5 16 17 
3600 214 5 16 17 
3600 215 5 16 17 
3600 216 5 16 17 
3600 217 200 
3600 218 200 
3600 219 210 
3600 220 5 16 17 
3600 221 5 16 17 
3600 222 5 16 17 
3600 223 5 16 17 
3600 224 5 16 17 
3600 225 5 16 17 
3600 226 6 
3600 227 6 18 19 
3600 228 6 265 
3600 229 6 18 
3600 230 6 
3600 231 6 
3600 232 6 
3600 233 6 
3600 234 6 18 
3600 235 6 18 
3600 236 6 
3600 237 6 19 
3600 238 6 18 
3600 239 6 19 
3600 240 6 19 
3600 241 6 19 
3600 242 259 
3600 243 6 19 
3600 244 6 19 
3600 245 6 
3600 246 6 
3600 247 6 
3600 248 6 
3600 249 6 
3600 250 6 
3600 251 6 
3600 252 6 
3600 253 259 
3600 254 6 
3600 255 259 
3600 256 6 
3600 257 6 
3600 258 6 
3600 259 6 18 242 253 255 261 
3600 260 6 
3600 261 259 
3600 262 6 
3600 263 6 
3600 264 6 
3600 265 228 
3600 266 6 267 
3600 267 266 
3600 268 6 
3600 269 6 
3600 270 6 
3600 271 6 18 
3600 272 6 
3600 273 7 22 293 
3600 274 7 22 280 
3600 275 7 22 
3600 276 7 22 
3600 277 296 
3600 278 7 22 
3600 279 7 22 
3600 280 274 
3600 281 283 
3600 282 7 22 
3600 283 7 22 281 
3600 284 298 
3600 285 7 22 
3600 286 7 22 
3600 287 7 22 
3600 288 292 
3600 289 7 22 
3600 290 7 22 
3600 291 7 22 
3600 292 7 22 288 295 
3600 293 273 
3600 294 7 22 
3600 295 292 
3600 296 7 22 277 
3600 297 7 22 
3600 298 7 22 284 
3600 299 7 22 
3600 300 7 22 
3600 301 7 22 
3600 302 7 22 
3600 303 7 22 
3600 304 7 22 
3600 305 7 22 
3600 306 7 22 
3600 307 7 22 
3600 308 7 22 
3600 309 7 22 
3600 310 7 22 
3600 311 7 22 
3600 312 7 22 
3600 313 7 22 
3600 314 7 22 
3600 315 22 
3600 316 0 1 
3600 317 0 5 6 
3600 318 0 2 4 7 
3600 319 0 3 5 
3600 320 0 2 3 7 
3600 321 0 4 6 
3600 322 0 1 6 
3600 323 0 7 
3600 324 0 2 4 
3600 325 0 3 5 
3600 326 0 1 
3600 327 0 1 3 5 
3600 328 0 2 4 6 
3600 329 0 1 4 7 
3600 330 0 2 5 6 
3600 331 0 1 3 7 
3600 332 0 3 4 
3600 333 0 2 5 
3600 334 0 6 7 
3600 335 0 1 2 
3600 336 0 3 5 7 
3600 337 0 2 4 6 
3600 338 0 4 
3600 339 0 1 
3600 340 0 5 7 
3600 341 0 6 
3600 342 0 2 3 
3600 343 0 1 4 
3600 344 0 5 6 
3600 345 0 3 
5400 0 1 2 3 4 5 6 7 316 317 318 319 320 321 322 323 324 325 326 327 328 329 330 331 332 333 334 335 336 337 338 339 340 341 342 343 344 345 
5400 1 0 2 3 4 5 6 7 8 9 23 24 25 26 27 28 29 31 32 33 34 35 36 37 38 39 40 41 42 43 44 45 46 49 50 52 53 54 55 56 57 58 59 60 61 62 63 64 65 66 67 316 322 326 327 329 331 335 339 343 
5400 2 0 1 3 4 5 6 7 10 11 68 69 70 71 72 73 74 76 77 78 79 80 81 82 83 84 85 86 87 88 89 90 91 92 93 94 95 96 97 98 99 100 101 102 104 105 106 107 108 318 320 324 328 330 333 335 337 342 
5400 3 0 1 2 4 5 7 13 109 110 112 114 115 116 117 118 119 120 121 122 123 124 125 126 127 129 132 133 135 136 137 138 139 140 143 144 145 319 320 325 327 331 332 336 342 345 
5400 4 0 1 2 3 6 7 148 151 152 153 154 155 156 159 160 161 162 165 167 168 169 170 171 172 173 177 178 179 180 181 182 183 184 185 187 188 189 190 192 194 318 321 324 328 329 332 337 338 343 
5400 5 0 1 2 3 6 7 15 16 17 195 196 197 198 199 200 201 202 203 204 205 206 208 209 210 211 212 213 214 215 216 220 221 222 223 224 225 317 319 325 327 330 333 336 340 344 
5400 6 0 1 2 4 5 7 18 226 227 228 229 230 231 232 233 234 235 236 237 238 239 240 241 243 244 245 246 247 248 249 250 251 252 254 256 257 258 259 260 262 263 264 266 268 269 270 271 272 317 321 322 328 330 334 337 341 344 
5400 7 0 1 2 3 4 5 6 20 22 273 274 275 276 278 279 282 283 285 286 287 289 290 291 292 294 296 297 298 299 300 301 302 303 304 305 306 307 308 309 310 311 312 313 314 318 320 323 329 331 334 336 340 
5400 8 1 23 24 25 26 29 31 32 33 34 36 37 38 39 43 53 55 57 60 63 64 66 
5400 9 1 23 31 36 37 39 42 53 65 
5400 10 2 11 12 68 69 70 71 72 73 74 76 77 78 79 80 81 82 83 84 85 86 87 88 89 90 91 92 93 94 95 96 97 98 99 100 101 102 104 105 106 107 108 
5400 11 2 10 68 69 70 78 79 80 81 85 86 87 88 89 92 107 
5400 12 10 92 
5400 13 3 121 122 
5400 14 148 151 152 153 154 155 156 159 160 161 162 165 167 168 169 170 171 172 173 177 178 179 180 181 182 183 184 185 187 188 189 190 192 194 
5400 15 5 16 17 
5400 16 5 15 17 195 196 197 198 199 200 201 202 203 204 205 206 208 209 210 211 212 213 214 215 216 220 221 222 223 224 225 
5400 17 5 15 16 195 196 197 198 199 200 201 202 203 204 205 206 208 209 210 211 212 213 214 215 216 220 221 222 223 224 225 
5400 18 6 227 229 234 235 238 259 271 
5400 19 227 237 239 240 241 243 244 
5400 20 7 22 
5400 21 22 
5400 22 7 20 21 273 274 275 276 278 279 282 283 285 286 287 289 290 291 292 294 296 297 298 299 300 301 302 303 304 305 306 307 308 309 310 311 312 313 314 315 
5400 23 1 8 9 
5400 24 1 8 
5400 25 1 8 47 48 51 
5400 26 1 8 
5400 27 1 
5400 28 1 
5400 29 1 8 
5400 30 33 
5400 31 1 8 9 
5400 32 1 8 
5400 33 1 8 30 
5400 34 1 8 
5400 35 1 
5400 36 1 8 9 
5400 37 1 8 9 
5400 38 1 8 
5400 39 1 8 9 
5400 40 1 
5400 41 1 
5400 42 1 9 
5400 43 1 8 
5400 44 1 
5400 45 1 
5400 46 1 
5400 47 25 
5400 48 25 
5400 49 1 
5400 50 1 
5400 51 25 
5400 52 1 
5400 53 1 8 9 
5400 54 1 
5400 55 1 8 
5400 56 1 
5400 57 1 8 
5400 58 1 
5400 59 1 
5400 60 1 8 
5400 61 1 
5400 62 1 
5400 63 1 8 
5400 64 1 8 
5400 65 1 9 
5400 66 1 8 
5400 67 1 
5400 68 2 10 11 
5400 69 2 10 11 103 
5400 70 2 10 11 
5400 71 2 10 
5400 72 2 10 
5400 73 2 10 
5400 74 2 10 
5400 75 97 
5400 76 2 10 
5400 77 2 10 
5400 78 2 10 11 
5400 79 2 10 11 
5400 80 2 10 11 
5400 81 2 10 11 
5400 82 2 10 
5400 83 2 10 
5400 84 2 10 
5400 85 2 10 11 
5400 86 2 10 11 
5400 87 2 10 11 
5400 88 2 10 11 
5400 89 2 10 11 
5400 90 2 10 
5400 91 2 10 
5400 92 2 10 11 12 
5400 93 2 10 
5400 94 2 10 
5400 95 2 10 
5400 96 2 10 
5400 97 2 10 75 
5400 98 2 10 
5400 99 2 10 
5400 100 2 10 
5400 101 2 10 
5400 102 2 10 
5400 103 69 
5400 104 2 10 
5400 105 2 10 
5400 106 2 10 
5400 107 2 10 11 
5400 108 2 10 
5400 109 3 
5400 110 3 
5400 111 140 
5400 112 3 
5400 113 129 
5400 114 3 
5400 115 3 
5400 116 3 
5400 117 3 
5400 118 3 
5400 119 3 
5400 120 3 
5400 121 3 13 
5400 122 3 13 
5400 123 3 
5400 124 3 
5400 125 3 
5400 126 3 
5400 127 3 
5400 128 133 
5400 129 3 113 
5400 130 133 
5400 131 143 
5400 132 3 142 147 
5400 133 3 128 130 
5400 134 144 
5400 135 3 
5400 136 3 
5400 137 3 
5400 138 3 
5400 139 3 141 
5400 140 3 111 
5400 141 139 
5400 142 132 
5400 143 3 131 
5400 144 3 134 
5400 145 3 146 
5400 146 145 
5400 147 132 
5400 148 4 14 175 
5400 149 164 
5400 150 173 
5400 151 4 14 164 
5400 152 4 14 
5400 153 4 14 
5400 154 4 14 
5400 155 4 14 158 166 
5400 156 4 14 
5400 157 192 
5400 158 155 
5400 159 4 14 
5400 160 4 14 
5400 161 4 14 
5400 162 4 14 
5400 163 175 
5400 164 149 151 
5400 165 4 14 
5400 166 155 
5400 167 4 14 175 186 
5400 168 4 14 174 
5400 169 4 14 176 191 193 
5400 170 4 14 
5400 171 4 14 
5400 172 4 14 
5400 173 4 14 150 
5400 174 168 
5400 175 148 163 167 
5400 176 169 
5400 177 4 14 
5400 178 4 14 
5400 179 4 14 
5400 180 4 14 
5400 181 4 14 
5400 182 4 14 
5400 183 4 14 
5400 184 4 14 
5400 185 4 14 
5400 186 167 
5400 187 4 14 
5400 188 4 14 
5400 189 4 14 
5400 190 4 14 
5400 191 169 
5400 192 4 14 157 
5400 193 169 
5400 194 4 14 
5400 195 5 16 17 
5400 196 5 16 17 
5400 197 5 16 17 
5400 198 5 16 17 
5400 199 5 16 17 219 
5400 200 5 16 17 217 218 
5400 201 5 16 17 
5400 202 5 16 17 
5400 203 5 16 17 
5400 204 5 16 17 
5400 205 5 16 17 
5400 206 5 16 17 
5400 207 209 
5400 208 5 16 17 
5400 209 5 16 17 207 
5400 210 5 16 17 
5400 211 5 16 17 
5400 212 5 16 17 
5400 213 5 16 17 
5400 214 5 16 17 
5400 215 5 16 17 
5400 216 5 16 17 
5400 217 200 
5400 218 200 
5400 219 199 
5400 220 5 16 17 
5400 221 5 16 17 
5400 222 5 16 17 
5400 223 5 16 17 
5400 224 5 16 17 
5400 225 5 16 17 
5400 226 6 
5400 227 6 18 19 
5400 228 6 265 
5400 229 6 18 
5400 230 6 
5400 231 6 
5400 232 6 
5400 233 6 
5400 234 6 18 
5400 235 6 18 
5400 236 6 
5400 237 6 19 
5400 238 6 18 
5400 239 6 19 
5400 240 6 19 
5400 241 6 19 
5400 242 259 
5400 243 6 19 
5400 244 6 19 
5400 245 6 
5400 246 6 
5400 247 6 
5400 248 6 
5400 249 6 
5400 250 6 
5400 251 6 
5400 252 6 
5400 253 259 
5400 254 6 
5400 255 259 
5400 256 6 
5400 257 6 
5400 258 6 
5400 259 6 18 242 253 255 261 
5400 260 6 
5400 261 259 
5400 262 6 
5400 263 6 
5400 264 6 
5400 265 228 267 
5400 266 6 
5400 267 265 
5400 268 6 
5400 269 6 
5400 270 6 
5400 271 6 18 
5400 272 6 
5400 273 7 22 293 
5400 274 7 22 280 
5400 275 7 22 
5400 276 7 22 
5400 277 296 
5400 278 7 22 
5400 279 7 22 
5400 280 274 
5400 281 287 
5400 282 7 22 
5400 283 7 22 
5400 284 307 
5400 285 7 22 
5400 286 7 22 
5400 287 7 22 281 
5400 288 308 
5400 289 7 22 
5400 290 7 22 
5400 291 7 22 
5400 292 7 22 295 
5400 293 273 
5400 294 7 22 
5400 295 292 
5400 296 7 22 277 
5400 297 7 22 
5400 298 7 22 
5400 299 7 22 
5400 300 7 22 
5400 301 7 22 
5400 302 7 22 
5400 303 7 22 
5400 304 7 22 
5400 305 7 22 
5400 306 7 22 
5400 307 7 22 284 
5400 308 7 22 288 
5400 309 7 22 
5400 310 7 22 
5400 311 7 22 
5400 312 7 22 
5400 313 7 22 
5400 314 7 22 
5400 315 22 
5400 316 0 1 
5400 317 0 5 6 
5400 318 0 2 4 7 
5400 319 0 3 5 
5400 320 0 2 3 7 
5400 321 0 4 6 
5400 322 0 1 6 
5400 323 0 7 
5400 324 0 2 4 
5400 325 0 3 5 
5400 326 0 1 
5400 327 0 1 3 5 
5400 328 0 2 4 6 
5400 329 0 1 4 7 
5400 330 0 2 5 6 
5400 331 0 1 3 7 
5400 332 0 3 4 
5400 333 0 2 5 
5400 334 0 6 7 
5400 335 0 1 2 
5400 336 0 3 5 7 
5400 337 0 2 4 6 
5400 338 0 4 
5400 339 0 1 
5400 340 0 5 7 
5400 341 0 6 
5400 342 0 2 3 
5400 343 0 1 4 
5400 344 0 5 6 
5400 345 0 3 
7200 0 1 2 3 4 5 6 7 316 317 318 319 320 321 322 323 324 325 326 327 328 329 330 331 332 333 334 335 336 337 338 339 340 341 342 343 344 345 
7200 1 0 2 3 4 5 6 7 8 9 23 24 25 26 27 28 29 31 32 33 34 35 36 38 39 40 41 42 43 44 45 46 48 49 50 53 54 55 56 57 58 59 60 61 62 63 64 65 66 67 316 322 326 327 329 331 335 339 343 
7200 2 0 1 3 4 5 6 7 10 11 68 69 70 71 72 73 74 76 77 78 79 80 81 82 83 84 85 86 87 88 89 90 91 92 93 94 95 96 98 99 100 101 102 104 105 106 107 108 318 320 324 328 330 333 335 337 342 
7200 3 0 1 2 4 5 7 13 109 110 112 114 115 116 117 118 119 120 121 122 123 124 125 126 129 132 133 135 136 137 138 139 140 143 144 145 319 320 325 327 331 332 336 342 345 
7200 4 0 1 2 3 6 7 148 149 151 152 153 154 155 156 159 160 161 162 164 165 167 168 169 170 171 172 173 177 178 179 180 181 182 183 184 185 187 188 189 190 192 194 318 321 324 328 329 332 337 338 343 
7200 5 0 1 2 3 6 7 15 16 17 195 196 197 198 199 200 201 202 203 204 205 206 208 209 210 211 212 213 214 215 216 220 221 222 223 224 225 317 319 325 327 330 333 336 340 344 
7200 6 0 1 2 4 5 7 18 226 227 228 229 230 231 232 233 234 235 236 237 238 239 240 241 243 244 245 246 247 248 249 250 251 252 254 256 257 258 259 260 262 263 264 265 266 268 269 270 271 272 317 321 322 328 330 334 337 341 344 
7200 7 0 1 2 3 4 5 6 20 22 274 275 276 278 279 281 282 283 285 286 287 289 290 291 292 294 296 297 298 299 300 301 302 303 304 305 306 307 308 309 310 311 312 313 314 318 320 323 329 331 334 336 340 
7200 8 1 23 24 25 26 29 31 32 33 34 36 38 39 43 48 53 55 57 60 63 64 66 
7200 9 1 23 31 36 39 42 53 65 
7200 10 2 11 12 68 69 70 71 72 73 74 76 77 78 79 80 81 82 83 84 85 86 87 88 89 90 91 92 93 94 95 96 98 99 100 101 102 104 105 106 107 108 
7200 11 2 10 68 69 70 78 79 80 81 85 86 87 88 89 92 107 
7200 12 10 92 
7200 13 3 121 122 
7200 14 148 149 151 152 153 154 155 156 159 160 161 162 164 165 167 168 169 170 171 172 173 177 178 179 180 181 182 183 184 185 187 188 189 190 192 194 
7200 15 5 16 17 
7200 16 5 15 17 195 196 197 198 199 200 201 202 203 204 205 206 208 209 210 211 212 213 214 215 216 220 221 222 223 224 225 
7200 17 5 15 16 195 196 197 198 199 200 201 202 203 204 205 206 208 209 210 211 212 213 214 215 216 220 221 222 223 224 225 
7200 18 6 227 229 234 235 238 259 271 
7200 19 227 237 239 240 241 243 244 
7200 20 7 22 
7200 21 22 
7200 22 7 20 21 274 275 276 278 279 281 282 283 285 286 287 289 290 291 292 294 296 297 298 299 300 301 302 303 304 305 306 307 308 309 310 311 312 313 314 315 
7200 23 1 8 9 
7200 24 1 8 30 37 
7200 25 1 8 47 51 52 
7200 26 1 8 
7200 27 1 
7200 28 1 
7200 29 1 8 
7200 30 24 
7200 31 1 8 9 
7200 32 1 8 
7200 33 1 8 
7200 34 1 8 
7200 35 1 
7200 36 1 8 9 
7200 37 24 
7200 38 1 8 
7200 39 1 8 9 
7200 40 1 
7200 41 1 
7200 42 1 9 
7200 43 1 8 
7200 44 1 
7200 45 1 
7200 46 1 
7200 47 25 
7200 48 1 8 
7200 49 1 
7200 50 1 
7200 51 25 
7200 52 25 
7200 53 1 8 9 
7200 54 1 
7200 55 1 8 
7200 56 1 
7200 57 1 8 
7200 58 1 
7200 59 1 
7200 60 1 8 
7200 61 1 
7200 62 1 
7200 63 1 8 
7200 64 1 8 
7200 65 1 9 
7200 66 1 8 
7200 67 1 
7200 68 2 10 11 
7200 69 2 10 11 103 
7200 70 2 10 11 
7200 71 2 10 
7200 72 2 10 97 
7200 73 2 10 
7200 74 2 10 
7200 75 104 
7200 76 2 10 
7200 77 2 10 
7200 78 2 10 11 
7200 79 2 10 11 
7200 80 2 10 11 
7200 81 2 10 11 
7200 82 2 10 
7200 83 2 10 
7200 84 2 10 
7200 85 2 10 11 
7200 86 2 10 11 
7200 87 2 10 11 
7200 88 2 10 11 
7200 89 2 10 11 
7200 90 2 10 
7200 91 2 10 
7200 92 2 10 11 12 
7200 93 2 10 
7200 94 2 10 
7200 95 2 10 
7200 96 2 10 
7200 97 72 
7200 98 2 10 
7200 99 2 10 
7200 100 2 10 
7200 101 2 10 
7200 102 2 10 
7200 103 69 
7200 104 2 10 75 
7200 105 2 10 
7200 106 2 10 
7200 107 2 10 11 
7200 108 2 10 
7200 109 3 
7200 110 3 
7200 111 140 
7200 112 3 
7200 113 139 
7200 114 3 
7200 115 3 
7200 116 3 
7200 117 3 
7200 118 3 
7200 119 3 
7200 120 3 
7200 121 3 13 
7200 122 3 13 
7200 123 3 
7200 124 3 
7200 125 3 
7200 126 3 
7200 127 132 
7200 128 136 
7200 129 3 
7200 130 136 
7200 131 144 
7200 132 3 127 142 
7200 133 3 
7200 134 144 
7200 135 3 
7200 136 3 128 130 
7200 137 3 
7200 138 3 
7200 139 3 113 141 146 147 
7200 140 3 111 
7200 141 139 
7200 142 132 
7200 143 3 
7200 144 3 131 134 
7200 145 3 
7200 146 139 
7200 147 139 
7200 148 4 14 176 191 193 
7200 149 4 14 
7200 150 197 
7200 151 4 14 
7200 152 4 14 
7200 153 4 14 
7200 154 4 14 
7200 155 4 14 158 
7200 156 4 14 
7200 157 192 
7200 158 155 
7200 159 4 14 
7200 160 4 14 
7200 161 4 14 
7200 162 4 14 
7200 163 170 
7200 164 4 14 
7200 165 4 14 
7200 166 173 
7200 167 4 14 175 186 
7200 168 4 14 
7200 169 4 14 
7200 170 4 14 163 
7200 171 4 14 
7200 172 4 14 
7200 173 4 14 166 
7200 174 185 
7200 175 167 
7200 176 148 
7200 177 4 14 
7200 178 4 14 
7200 179 4 14 
7200 180 4 14 
7200 181 4 14 
7200 182 4 14 
7200 183 4 14 
7200 184 4 14 
7200 185 4 14 174 
7200 186 167 
7200 187 4 14 
7200 188 4 14 
7200 189 4 14 
7200 190 4 14 
7200 191 148 
7200 192 4 14 157 
7200 193 148 
7200 194 4 14 
7200 195 5 16 17 
7200 196 5 16 17 
7200 197 5 16 17 150 
7200 198 5 16 17 
7200 199 5 16 17 
7200 200 5 16 17 217 218 
7200 201 5 16 17 
7200 202 5 16 17 
7200 203 5 16 17 
7200 204 5 16 17 
7200 205 5 16 17 
7200 206 5 16 17 
7200 207 208 
7200 208 5 16 17 207 
7200 209 5 16 17 
7200 210 5 16 17 
7200 211 5 16 17 
7200 212 5 16 17 
7200 213 5 16 17 
7200 214 5 16 17 
7200 215 5 16 17 
7200 216 5 16 17 219 
7200 217 200 
7200 218 200 
7200 219 216 
7200 220 5 16 17 
7200 221 5 16 17 
7200 222 5 16 17 
7200 223 5 16 17 
7200 224 5 16 17 
7200 225 5 16 17 
7200 226 6 
7200 227 6 18 19 
7200 228 6 
7200 229 6 18 
7200 230 6 
7200 231 6 
7200 232 6 
7200 233 6 
7200 234 6 18 
7200 235 6 18 
7200 236 6 
7200 237 6 19 
7200 238 6 18 
7200 239 6 19 
7200 240 6 19 
7200 241 6 19 
7200 242 259 
7200 243 6 19 
7200 244 6 19 
7200 245 6 
7200 246 6 
7200 247 6 
7200 248 6 
7200 249 6 
7200 250 6 
7200 251 6 
7200 252 6 
7200 253 259 
7200 254 6 
7200 255 259 
7200 256 6 
7200 257 6 
7200 258 6 
7200 259 6 18 242 253 255 261 
7200 260 6 
7200 261 259 
7200 262 6 
7200 263 6 
7200 264 6 
7200 265 6 267 
7200 266 6 
7200 267 265 
7200 268 6 
7200 269 6 
7200 270 6 
7200 271 6 18 
7200 272 6 
7200 273 279 
7200 274 7 22 280 
7200 275 7 22 293 
7200 276 7 22 
7200 277 296 
7200 278 7 22 
7200 279 7 22 273 
7200 280 274 
7200 281 7 22 
7200 282 7 22 
7200 283 7 22 
7200 284 304 
7200 285 7 22 
7200 286 7 22 
7200 287 7 22 
7200 288 308 
7200 289 7 22 295 
7200 290 7 22 
7200 291 7 22 
7200 292 7 22 
7200 293 275 
7200 294 7 22 
7200 295 289 
7200 296 7 22 277 
7200 297 7 22 
7200 298 7 22 
7200 299 7 22 
7200 300 7 22 
7200 301 7 22 
7200 302 7 22 
7200 303 7 22 
7200 304 7 22 284 
7200 305 7 22 
7200 306 7 22 
7200 307 7 22 
7200 308 7 22 288 
7200 309 7 22 
7200 310 7 22 
7200 311 7 22 
7200 312 7 22 
7200 313 7 22 
7200 314 7 22 
7200 315 22 
7200 316 0 1 
7200 317 0 5 6 
7200 318 0 2 4 7 
7200 319 0 3 5 
7200 320 0 2 3 7 
7200 321 0 4 6 
7200 322 0 1 6 
7200 323 0 7 
7200 324 0 2 4 
7200 325 0 3 5 
7200 326 0 1 
7200 327 0 1 3 5 
7200 328 0 2 4 6 
7200 329 0 1 4 7 
7200 330 0 2 5 6 
7200 331 0 1 3 7 
7200 332 0 3 4 
7200 333 0 2 5 
7200 334 0 6 7 
7200 335 0 1 2 
7200 336 0 3 5 7 
7200 337 0 2 4 6 
7200 338 0 4 
7200 339 0 1 
7200 340 0 5 7 
7200 341 0 6 
7200 342 0 2 3 
7200 343 0 1 4 
7200 344 0 5 6 
7200 345 0 3 
9000 0 1 2 3 4 5 6 7 316 317 318 319 320 321 322 323 324 325 326 327 328 329 330 331 332 333 334 335 336 337 338 339 340 341 342 343 344 345 
9000 1 0 2 3 4 5 6 7 8 9 23 24 25 26 27 28 29 31 32 33 34 35 36 38 39 40 41 42 43 44 45 46 47 49 50 51 53 54 55 56 57 58 59 60 61 62 63 64 65 66 67 316 322 326 327 329 331 335 339 343 
9000 2 0 1 3 4 5 6 7 10 11 68 69 70 71 72 73 74 76 77 78 79 80 81 82 83 84 85 86 87 88 89 90 91 92 93 94 95 96 98 99 100 101 102 103 104 105 106 107 108 318 320 324 328 330 333 335 337 342 
9000 3 0 1 2 4 5 7 13 109 110 112 114 115 116 117 118 119 120 121 122 123 124 125 126 127 129 132 133 135 136 137 138 139 140 143 144 145 319 320 325 327 331 332 336 342 345 
9000 4 0 1 2 3 6 7 148 151 152 153 154 155 156 159 160 161 162 164 165 167 168 169 170 171 172 173 177 178 179 180 181 182 183 184 185 187 188 189 190 192 194 318 321 324 328 329 332 337 338 343 
9000 5 0 1 2 3 6 7 15 16 17 195 196 197 198 199 200 201 202 203 204 205 206 208 209 210 211 212 213 214 215 216 220 221 222 223 224 225 317 319 325 327 330 333 336 340 344 
9000 6 0 1 2 4 5 7 18 226 227 229 230 231 232 233 234 235 236 237 238 239 240 241 243 244 245 246 247 248 249 250 251 252 254 256 257 258 259 260 262 263 264 266 268 269 270 271 272 317 321 322 328 330 334 337 341 344 
9000 7 0 1 2 3 4 5 6 20 22 274 275 276 278 279 282 283 285 286 287 289 290 291 292 294 296 297 298 299 300 302 303 304 305 306 307 308 309 310 311 312 313 314 318 320 323 329 331 334 336 340 
9000 8 1 23 24 25 26 29 31 32 33 34 36 38 39 43 47 53 55 57 60 63 64 66 
9000 9 1 23 31 36 39 42 53 65 
9000 10 2 11 12 68 69 70 71 72 73 74 76 77 78 79 80 81 82 83 84 85 86 87 88 89 90 91 92 93 94 95 96 98 99 100 101 102 103 104 105 106 107 108 
9000 11 2 10 68 69 70 78 79 80 81 85 86 87 88 89 92 107 
9000 12 10 92 
9000 13 3 121 122 
9000 14 148 151 152 153 154 155 156 159 160 161 162 164 165 167 168 169 170 171 172 173 177 178 179 180 181 182 183 184 185 187 188 189 190 192 194 
9000 15 5 16 17 
9000 16 5 15 17 195 196 197 198 199 200 201 202 203 204 205 206 208 209 210 211 212 213 214 215 216 220 221 222 223 224 225 
9000 17 5 15 16 195 196 197 198 199 200 201 202 203 204 205 206 208 209 210 211 212 213 214 215 216 220 221 222 223 224 225 
9000 18 6 227 229 234 235 238 259 271 
9000 19 227 237 239 240 241 243 244 
9000 20 7 22 
9000 21 22 
9000 22 7 20 21 274 275 276 278 279 282 283 285 286 287 289 290 291 292 294 296 297 298 299 300 302 303 304 305 306 307 308 309 310 311 312 313 314 315 
9000 23 1 8 9 
9000 24 1 8 37 
9000 25 1 8 52 
9000 26 1 8 48 
9000 27 1 
9000 28 1 
9000 29 1 8 
9000 30 33 
9000 31 1 8 9 
9000 32 1 8 
9000 33 1 8 30 
9000 34 1 8 
9000 35 1 
9000 36 1 8 9 
9000 37 24 
9000 38 1 8 
9000 39 1 8 9 
9000 40 1 
9000 41 1 
9000 42 1 9 
9000 43 1 8 
9000 44 1 
9000 45 1 
9000 46 1 
9000 47 1 8 
9000 48 26 
9000 49 1 
9000 50 1 
9000 51 1 
9000 52 25 
9000 53 1 8 9 
9000 54 1 
9000 55 1 8 
9000 56 1 
9000 57 1 8 
9000 58 1 
9000 59 1 
9000 60 1 8 
9000 61 1 
9000 62 1 
9000 63 1 8 
9000 64 1 8 
9000 65 1 9 
9000 66 1 8 
9000 67 1 
9000 68 2 10 11 
9000 69 2 10 11 
9000 70 2 10 11 
9000 71 2 10 
9000 72 2 10 97 
9000 73 2 10 
9000 74 2 10 
9000 75 103 
9000 76 2 10 
9000 77 2 10 
9000 78 2 10 11 
9000 79 2 10 11 
9000 80 2 10 11 
9000 81 2 10 11 
9000 82 2 10 
9000 83 2 10 
9000 84 2 10 
9000 85 2 10 11 
9000 86 2 10 11 
9000 87 2 10 11 
9000 88 2 10 11 
9000 89 2 10 11 
9000 90 2 10 
9000 91 2 10 
9000 92 2 10 11 12 
9000 93 2 10 
9000 94 2 10 
9000 95 2 10 
9000 96 2 10 
9000 97 72 
9000 98 2 10 
9000 99 2 10 
9000 100 2 10 
9000 101 2 10 
9000 102 2 10 
9000 103 2 10 75 
9000 104 2 10 
9000 105 2 10 
9000 106 2 10 
9000 107 2 10 11 
9000 108 2 10 
9000 109 3 
9000 110 3 
9000 111 114 
9000 112 3 
9000 113 129 
9000 114 3 111 
9000 115 3 
9000 116 3 
9000 117 3 
9000 118 3 
9000 119 3 
9000 120 3 
9000 121 3 13 
9000 122 3 13 
9000 123 3 
9000 124 3 
9000 125 3 
9000 126 3 
9000 127 3 
9000 128 130 
9000 129 3 113 142 
9000 130 128 137 
9000 131 144 
9000 132 3 147 
9000 133 3 
9000 134 144 
9000 135 3 
9000 136 3 
9000 137 3 130 
9000 138 3 
9000 139 3 141 
9000 140 3 
9000 141 139 
9000 142 129 
9000 143 3 
9000 144 3 131 134 146 
9000 145 3 
9000 146 144 
9000 147 132 
9000 148 4 14 
9000 149 176 
9000 150 155 
9000 151 4 14 176 191 
9000 152 4 14 
9000 153 4 14 
9000 154 4 14 
9000 155 4 14 150 158 166 
9000 156 4 14 
9000 157 168 
9000 158 155 
9000 159 4 14 
9000 160 4 14 174 
9000 161 4 14 
9000 162 4 14 
9000 163 192 
9000 164 4 14 
9000 165 4 14 
9000 166 155 
9000 167 4 14 
9000 168 4 14 157 193 
9000 169 4 14 176 
9000 170 4 14 
9000 171 4 14 
9000 172 4 14 
9000 173 4 14 
9000 174 160 
9000 175 192 
9000 176 149 151 169 
9000 177 4 14 
9000 178 4 14 
9000 179 4 14 
9000 180 4 14 
9000 181 4 14 
9000 182 4 14 
9000 183 4 14 
9000 184 4 14 
9000 185 4 14 
9000 186 192 
9000 187 4 14 
9000 188 4 14 
9000 189 4 14 
9000 190 4 14 
9000 191 151 
9000 192 4 14 163 175 186 
9000 193 168 
9000 194 4 14 
9000 195 5 16 17 
9000 196 5 16 17 
9000 197 5 16 17 
9000 198 5 16 17 
9000 199 5 16 17 
9000 200 5 16 17 217 218 
9000 201 5 16 17 
9000 202 5 16 17 
9000 203 5 16 17 
9000 204 5 16 17 
9000 205 5 16 17 
9000 206 5 16 17 
9000 207 209 
9000 208 5 16 17 
9000 209 5 16 17 207 
9000 210 5 16 17 219 
9000 211 5 16 17 
9000 212 5 16 17 
9000 213 5 16 17 
9000 214 5 16 17 
9000 215 5 16 17 
9000 216 5 16 17 
9000 217 200 
9000 218 200 
9000 219 210 
9000 220 5 16 17 
9000 221 5 16 17 
9000 222 5 16 17 
9000 223 5 16 17 
9000 224 5 16 17 
9000 225 5 16 17 
9000 226 6 
9000 227 6 18 19 
9000 228 259 
9000 229 6 18 
9000 230 6 
9000 231 6 
9000 232 6 
9000 233 6 
9000 234 6 18 267 
9000 235 6 18 
9000 236 6 
9000 237 6 19 
9000 238 6 18 
9000 239 6 19 
9000 240 6 19 
9000 241 6 19 
9000 242 259 
9000 243 6 19 
9000 244 6 19 
9000 245 6 
9000 246 6 
9000 247 6 
9000 248 6 
9000 249 6 
9000 250 6 
9000 251 6 
9000 252 6 
9000 253 259 
9000 254 6 
9000 255 259 
9000 256 6 
9000 257 6 
9000 258 6 
9000 259 6 18 228 242 253 255 261 
9000 260 6 
9000 261 259 
9000 262 6 
9000 263 6 
9000 264 6 
9000 265 269 
9000 266 6 
9000 267 234 
9000 268 6 
9000 269 6 265 
9000 270 6 
9000 271 6 18 
9000 272 6 
9000 273 278 
9000 274 7 22 293 
9000 275 7 22 
9000 276 7 22 
9000 277 292 
9000 278 7 22 273 
9000 279 7 22 
9000 280 303 
9000 281 303 
9000 282 7 22 
9000 283 7 22 
9000 284 307 
9000 285 7 22 
9000 286 7 22 
9000 287 7 22 
9000 288 292 
9000 289 7 22 
9000 290 7 22 
9000 291 7 22 
9000 292 7 22 277 288 295 
9000 293 274 
9000 294 7 22 
9000 295 292 
9000 296 7 22 
9000 297 7 22 
9000 298 7 22 
9000 299 7 22 
9000 300 7 22 
9000 301 303 
9000 302 7 22 
9000 303 7 22 280 281 301 
9000 304 7 22 
9000 305 7 22 
9000 306 7 22 
9000 307 7 22 284 
9000 308 7 22 
9000 309 7 22 
9000 310 7 22 
9000 311 7 22 
9000 312 7 22 
9000 313 7 22 
9000 314 7 22 
9000 315 22 
9000 316 0 1 
9000 317 0 5 6 
9000 318 0 2 4 7 
9000 319 0 3 5 
9000 320 0 2 3 7 
9000 321 0 4 6 
9000 322 0 1 6 
9000 323 0 7 
9000 324 0 2 4 
9000 325 0 3 5 
9000 326 0 1 
9000 327 0 1 3 5 
9000 328 0 2 4 6 
9000 329 0 1 4 7 
9000 330 0 2 5 6 
9000 331 0 1 3 7 
9000 332 0 3 4 
9000 333 0 2 5 
9000 334 0 6 7 
9000 335 0 1 2 
9000 336 0 3 5 7 
9000 337 0 2 4 6 
9000 338 0 4 
9000 339 0 1 
9000 340 0 5 7 
9000 341 0 6 
9000 342 0 2 3 
9000 343 0 1 4 
9000 344 0 5 6 
9000 345 0 3 
10800 0 1 2 3 4 5 6 7 316 317 318 319 320 321 322 323 324 325 326 327 328 329 330 331 332 333 334 335 336 337 338 339 340 341 342 343 344 345 
10800 1 0 2 3 4 5 6 7 8 9 23 24 25 26 27 28 29 31 32 33 34 35 36 38 39 40 41 42 43 44 45 46 49 50 53 54 55 56 57 58 59 60 61 62 63 64 65 66 67 316 322 326 327 329 331 335 339 343 
10800 2 0 1 3 4 5 6 7 10 11 68 69 70 71 72 73 74 76 77 78 79 80 81 82 83 84 85 86 87 88 89 90 91 92 93 94 95 96 98 99 100 101 102 104 105 106 107 108 318 320 324 328 330 333 335 337 342 
10800 3 0 1 2 4 5 7 13 109 110 112 114 115 116 117 118 119 120 121 122 123 124 125 126 127 129 132 133 135 136 137 138 139 140 143 144 145 319 320 325 327 331 332 336 342 345 
10800 4 0 1 2 3 6 7 148 151 152 153 154 155 156 159 160 161 162 164 165 167 168 169 170 171 172 173 177 178 179 180 181 182 183 184 185 187 188 189 190 192 194 318 321 324 328 329 332 337 338 343 
10800 5 0 1 2 3 6 7 15 16 17 195 196 197 198 199 200 201 202 203 204 205 206 208 209 210 211 212 213 214 215 216 220 221 222 223 224 225 317 319 325 327 330 333 336 340 344 
10800 6 0 1 2 4 5 7 18 226 227 228 229 230 231 232 233 234 235 236 237 238 239 240 241 242 243 244 245 246 247 248 249 250 251 252 254 256 257 258 259 260 262 263 264 265 266 268 269 270 271 272 317 321 322 328 330 334 337 341 344 
10800 7 0 1 2 3 4 5 6 20 22 274 275 276 278 279 282 283 285 286 287 289 290 291 292 294 296 297 298 299 300 301 302 303 304 305 306 307 308 309 310 311 312 313 314 318 320 323 329 331 334 336 340 
10800 8 1 23 24 25 26 29 31 32 33 34 36 38 39 43 53 55 57 60 63 64 66 
10800 9 1 23 31 36 39 42 53 65 
10800 10 2 11 12 68 69 70 71 72 73 74 76 77 78 79 80 81 82 83 84 85 86 87 88 89 90 91 92 93 94 95 96 98 99 100 101 102 104 105 106 107 108 
10800 11 2 10 68 69 70 78 79 80 81 85 86 87 88 89 92 107 
10800 12 10 92 
10800 13 3 121 122 
10800 14 148 151 152 153 154 155 156 159 160 161 162 164 165 167 168 169 170 171 172 173 177 178 179 180 181 182 183 184 185 187 188 189 190 192 194 
10800 15 5 16 17 
10800 16 5 15 17 195 196 197 198 199 200 201 202 203 204 205 206 208 209 210 211 212 213 214 215 216 220 221 222 223 224 225 
10800 17 5 15 16 195 196 197 198 199 200 201 202 203 204 205 206 208 209 210 211 212 213 214 215 216 220 221 222 223 224 225 
10800 18 6 227 229 234 235 238 259 271 
10800 19 227 237 239 240 241 242 243 244 
10800 20 7 22 
10800 21 22 
10800 22 7 20 21 274 275 276 278 279 282 283 285 286 287 289 290 291 292 294 296 297 298 299 300 301 302 303 304 305 306 307 308 309 310 311 312 313 314 315 
10800 23 1 8 9 37 48 
10800 24 1 8 
10800 25 1 8 47 51 52 
10800 26 1 8 
10800 27 1 
10800 28 1 30 
10800 29 1 8 
10800 30 28 
10800 31 1 8 9 
10800 32 1 8 
10800 33 1 8 
10800 34 1 8 
10800 35 1 
10800 36 1 8 9 
10800 37 23 
10800 38 1 8 
10800 39 1 8 9 
10800 40 1 
10800 41 1 
10800 42 1 9 
10800 43 1 8 
10800 44 1 
10800 45 1 
10800 46 1 
10800 47 25 
10800 48 23 
10800 49 1 
10800 50 1 
10800 51 25 
10800 52 25 
10800 53 1 8 9 
10800 54 1 
10800 55 1 8 
10800 56 1 
10800 57 1 8 
10800 58 1 
10800 59 1 
10800 60 1 8 
10800 61 1 
10800 62 1 
10800 63 1 8 
10800 64 1 8 
10800 65 1 9 
10800 66 1 8 
10800 67 1 
10800 68 2 10 11 
10800 69 2 10 11 103 
10800 70 2 10 11 
10800 71 2 10 
10800 72 2 10 97 
10800 73 2 10 
10800 74 2 10 75 
10800 75 74 
10800 76 2 10 
10800 77 2 10 
10800 78 2 10 11 
10800 79 2 10 11 
10800 80 2 10 11 
10800 81 2 10 11 
10800 82 2 10 
10800 83 2 10 
10800 84 2 10 
10800 85 2 10 11 
10800 86 2 10 11 
10800 87 2 10 11 
10800 88 2 10 11 
10800 89 2 10 11 
10800 90 2 10 
10800 91 2 10 
10800 92 2 10 11 12 
10800 93 2 10 
10800 94 2 10 
10800 95 2 10 
10800 96 2 10 
10800 97 72 
10800 98 2 10 
10800 99 2 10 
10800 100 2 10 
10800 101 2 10 
10800 102 2 10 
10800 103 69 
10800 104 2 10 
10800 105 2 10 
10800 106 2 10 
10800 107 2 10 11 
10800 108 2 10 
10800 109 3 
10800 110 3 
10800 111 114 
10800 112 3 
10800 113 137 
10800 114 3 111 
10800 115 3 
10800 116 3 
10800 117 3 
10800 118 3 
10800 119 3 
10800 120 3 
10800 121 3 13 
10800 122 3 13 
10800 123 3 
10800 124 3 
10800 125 3 
10800 126 3 
10800 127 3 
10800 128 132 
10800 129 3 
10800 130 133 
10800 131 144 
10800 132 3 128 142 146 
10800 133 3 130 
10800 134 144 
10800 135 3 
10800 136 3 
10800 137 3 113 147 
10800 138 3 
10800 139 3 141 
10800 140 3 
10800 141 139 
10800 142 132 
10800 143 3 
10800 144 3 131 134 
10800 145 3 
10800 146 132 
10800 147 137 
10800 148 4 14 158 
10800 149 176 
10800 150 167 
10800 151 4 14 176 191 
10800 152 4 14 174 
10800 153 4 14 
10800 154 4 14 
10800 155 4 14 
10800 156 4 14 
10800 157 192 
10800 158 148 
10800 159 4 14 
10800 160 4 14 175 186 
10800 161 4 14 
10800 162 4 14 
10800 163 187 
10800 164 4 14 
10800 165 4 14 
10800 166 167 
10800 167 4 14 150 166 
10800 168 4 14 
10800 169 4 14 176 
10800 170 4 14 
10800 171 4 14 
10800 172 4 14 
10800 173 4 14 
10800 174 152 
10800 175 160 
10800 176 149 151 169 
10800 177 4 14 
10800 178 4 14 
10800 179 4 14 
10800 180 4 14 
10800 181 4 14 
10800 182 4 14 
10800 183 4 14 
10800 184 4 14 
10800 185 4 14 
10800 186 160 
10800 187 4 14 163 
10800 188 4 14 
10800 189 4 14 
10800 190 4 14 
10800 191 151 
10800 192 4 14 157 193 
10800 193 192 
10800 194 4 14 
10800 195 5 16 17 
10800 196 5 16 17 
10800 197 5 16 17 
10800 198 5 16 17 
10800 199 5 16 17 218 
10800 200 5 16 17 217 
10800 201 5 16 17 
10800 202 5 16 17 
10800 203 5 16 17 
10800 204 5 16 17 
10800 205 5 16 17 
10800 206 5 16 17 
10800 207 209 
10800 208 5 16 17 
10800 209 5 16 17 207 
10800 210 5 16 17 219 
10800 211 5 16 17 
10800 212 5 16 17 
10800 213 5 16 17 
10800 214 5 16 17 
10800 215 5 16 17 
10800 216 5 16 17 
10800 217 200 
10800 218 199 
10800 219 210 
10800 220 5 16 17 
10800 221 5 16 17 
10800 222 5 16 17 
10800 223 5 16 17 
10800 224 5 16 17 
10800 225 5 16 17 
10800 226 6 
10800 227 6 18 19 
10800 228 6 
10800 229 6 18 
10800 230 6 
10800 231 6 
10800 232 6 
10800 233 6 
10800 234 6 18 
10800 235 6 18 
10800 236 6 
10800 237 6 19 
10800 238 6 18 
10800 239 6 19 
10800 240 6 19 
10800 241 6 19 
10800 242 6 19 
10800 243 6 19 
10800 244 6 19 
10800 245 6 
10800 246 6 
10800 247 6 
10800 248 6 
10800 249 6 
10800 250 6 
10800 251 6 
10800 252 6 
10800 253 259 
10800 254 6 
10800 255 259 
10800 256 6 
10800 257 6 
10800 258 6 
10800 259 6 18 253 255 261 
10800 260 6 
10800 261 259 
10800 262 6 
10800 263 6 
10800 264 6 
10800 265 6 267 
10800 266 6 
10800 267 265 
10800 268 6 
10800 269 6 
10800 270 6 
10800 271 6 18 
10800 272 6 
10800 273 279 
10800 274 7 22 280 
10800 275 7 22 293 
10800 276 7 22 
10800 277 292 
10800 278 7 22 
10800 279 7 22 273 
10800 280 274 
10800 281 282 
10800 282 7 22 281 
10800 283 7 22 
10800 284 294 
10800 285 7 22 
10800 286 7 22 
10800 287 7 22 
10800 288 292 
10800 289 7 22 
10800 290 7 22 
10800 291 7 22 
10800 292 7 22 277 288 
10800 293 275 
10800 294 7 22 284 
10800 295 308 
10800 296 7 22 
10800 297 7 22 
10800 298 7 22 
10800 299 7 22 
10800 300 7 22 
10800 301 7 22 
10800 302 7 22 
10800 303 7 22 
10800 304 7 22 
10800 305 7 22 
10800 306 7 22 
10800 307 7 22 
10800 308 7 22 295 
10800 309 7 22 
10800 310 7 22 
10800 311 7 22 
10800 312 7 22 
10800 313 7 22 
10800 314 7 22 
10800 315 22 
10800 316 0 1 
10800 317 0 5 6 
10800 318 0 2 4 7 
10800 319 0 3 5 
10800 320 0 2 3 7 
10800 321 0 4 6 
10800 322 0 1 6 
10800 323 0 7 
10800 324 0 2 4 
10800 325 0 3 5 
10800 326 0 1 
10800 327 0 1 3 5 
10800 328 0 2 4 6 
10800 329 0 1 4 7 
10800 330 0 2 5 6 
10800 331 0 1 3 7 
10800 332 0 3 4 
10800 333 0 2 5 
10800 334 0 6 7 
10800 335 0 1 2 
10800 336 0 3 5 7 
10800 337 0 2 4 6 
10800 338 0 4 
10800 339 0 1 
10800 340 0 5 7 
10800 341 0 6 
10800 342 0 2 3 
10800 343 0 1 4 
10800 344 0 5 6 
10800 345 0 3 
12600 0 1 2 3 4 5 6 7 316 317 318 319 320 321 322 323 324 325 326 327 328 329 330 331 332 333 334 335 336 337 338 339 340 341 342 343 344 345 
12600 1 0 2 3 4 5 6 7 8 9 23 24 25 26 27 28 29 31 32 33 34 35 36 38 39 40 41 42 43 44 45 46 47 49 50 53 54 55 56 57 58 59 60 61 62 63 64 65 66 67 316 322 326 327 329 331 335 339 343 
12600 2 0 1 3 4 5 6 7 10 11 68 69 70 71 72 73 74 75 76 77 78 79 80 81 82 83 84 85 86 87 88 89 90 91 92 93 94 95 96 98 99 100 101 102 104 105 106 107 108 318 320 324 328 330 333 335 337 342 
12600 3 0 1 2 4 5 7 13 109 110 112 114 115 116 117 118 119 120 121 122 123 124 125 126 127 129 132 133 135 136 137 138 139 140 143 144 145 146 319 320 325 327 331 332 336 342 345 
12600 4 0 1 2 3 6 7 148 151 152 153 154 155 156 159 160 161 162 164 165 167 168 169 170 171 172 173 177 178 179 180 181 182 183 184 185 187 188 189 190 192 194 318 321 324 328 329 332 337 338 343 
12600 5 0 1 2 3 6 7 15 16 17 195 196 197 198 199 200 201 202 203 204 205 206 208 209 210 211 212 213 214 215 216 220 221 222 223 224 225 317 319 325 327 330 333 336 340 344 
12600 6 0 1 2 4 5 7 18 226 227 228 229 230 231 232 233 234 235 236 237 238 239 240 241 243 244 245 246 247 248 249 250 251 252 254 256 257 258 259 260 262 263 264 266 268 269 270 271 272 317 321 322 328 330 334 337 341 344 
12600 7 0 1 2 3 4 5 6 20 22 274 275 276 278 279 282 283 285 286 287 289 290 291 292 294 296 297 298 299 300 301 302 303 304 305 306 307 308 309 310 311 312 313 314 318 320 323 329 331 334 336 340 
12600 8 1 23 24 25 26 29 31 32 33 34 36 38 39 43 47 53 55 57 60 63 64 66 
12600 9 1 23 31 36 39 42 53 65 
12600 10 2 11 12 68 69 70 71 72 73 74 75 76 77 78 79 80 81 82 83 84 85 86 87 88 89 90 91 92 93 94 95 96 98 99 100 101 102 104 105 106 107 108 
12600 11 2 10 68 69 70 78 79 80 81 85 86 87 88 89 92 107 
12600 12 10 92 
12600 13 3 121 122 
12600 14 148 151 152 153 154 155 156 159 160 161 162 164 165 167 168 169 170 171 172 173 177 178 179 180 181 182 183 184 185 187 188 189 190 192 194 
12600 15 5 16 17 
12600 16 5 15 17 195 196 197 198 199 200 201 202 203 204 205 206 208 209 210 211 212 213 214 215 216 220 221 222 223 224 225 
12600 17 5 15 16 195 196 197 198 199 200 201 202 203 204 205 206 208 209 210 211 212 213 214 215 216 220 221 222 223 224 225 
12600 18 6 227 229 234 235 238 259 271 
12600 19 227 237 239 240 241 243 244 
12600 20 7 22 
12600 21 22 
12600 22 7 20 21 274 275 276 278 279 282 283 285 286 287 289 290 291 292 294 296 297 298 299 300 301 302 303 304 305 306 307 308 309 310 311 312 313 314 315 
12600 23 1 8 9 
12600 24 1 8 37 
12600 25 1 8 51 52 
12600 26 1 8 48 
12600 27 1 
12600 28 1 
12600 29 1 8 
12600 30 33 
12600 31 1 8 9 
12600 32 1 8 
12600 33 1 8 30 
12600 34 1 8 
12600 35 1 
12600 36 1 8 9 
12600 37 24 
12600 38 1 8 
12600 39 1 8 9 
12600 40 1 
12600 41 1 
12600 42 1 9 
12600 43 1 8 
12600 44 1 
12600 45 1 
12600 46 1 
12600 47 1 8 
12600 48 26 
12600 49 1 
12600 50 1 
12600 51 25 
12600 52 25 
12600 53 1 8 9 
12600 54 1 
12600 55 1 8 
12600 56 1 
12600 57 1 8 
12600 58 1 
12600 59 1 
12600 60 1 8 
12600 61 1 
12600 62 1 
12600 63 1 8 
12600 64 1 8 
12600 65 1 9 
12600 66 1 8 
12600 67 1 
12600 68 2 10 11 
12600 69 2 10 11 103 
12600 70 2 10 11 
12600 71 2 10 
12600 72 2 10 97 
12600 73 2 10 
12600 74 2 10 
12600 75 2 10 
12600 76 2 10 
12600 77 2 10 
12600 78 2 10 11 
12600 79 2 10 11 
12600 80 2 10 11 
12600 81 2 10 11 
12600 82 2 10 
12600 83 2 10 
12600 84 2 10 
12600 85 2 10 11 
12600 86 2 10 11 
12600 87 2 10 11 
12600 88 2 10 11 
12600 89 2 10 11 
12600 90 2 10 
12600 91 2 10 
12600 92 2 10 11 12 
12600 93 2 10 
12600 94 2 10 
12600 95 2 10 
12600 96 2 10 
12600 97 72 
12600 98 2 10 
12600 99 2 10 
12600 100 2 10 
12600 101 2 10 
12600 102 2 10 
12600 103 69 
12600 104 2 10 
12600 105 2 10 
12600 106 2 10 
12600 107 2 10 11 
12600 108 2 10 
12600 109 3 
12600 110 3 
12600 111 140 
12600 112 3 
12600 113 129 
12600 114 3 
12600 115 3 
12600 116 3 128 142 
12600 117 3 
12600 118 3 
12600 119 3 
12600 120 3 
12600 121 3 13 
12600 122 3 13 
12600 123 3 
12600 124 3 
12600 125 3 
12600 126 3 
12600 127 3 
12600 128 116 
12600 129 3 113 
12600 130 136 
12600 131 144 
12600 132 3 
12600 133 3 
12600 134 143 
12600 135 3 
12600 136 3 130 
12600 137 3 
12600 138 3 
12600 139 3 141 
12600 140 3 111 
12600 141 139 
12600 142 116 
12600 143 3 134 
12600 144 3 131 
12600 145 3 
12600 146 3 147 
12600 147 146 
12600 148 4 14 
12600 149 176 
12600 150 168 
12600 151 4 14 176 191 
12600 152 4 14 193 
12600 153 4 14 
12600 154 4 14 
12600 155 4 14 158 
12600 156 4 14 
12600 157 192 
12600 158 155 
12600 159 4 14 
12600 160 4 14 
12600 161 4 14 
12600 162 4 14 
12600 163 186 
12600 164 4 14 
12600 165 4 14 
12600 166 168 
12600 167 4 14 175 186 
12600 168 4 14 150 166 
12600 169 4 14 174 176 
12600 170 4 14 
12600 171 4 14 
12600 172 4 14 
12600 173 4 14 
12600 174 169 
12600 175 167 
12600 176 149 151 169 
12600 177 4 14 
12600 178 4 14 
12600 179 4 14 
12600 180 4 14 
12600 181 4 14 
12600 182 4 14 
12600 183 4 14 
12600 184 4 14 
12600 185 4 14 
12600 186 163 167 
12600 187 4 14 
12600 188 4 14 
12600 189 4 14 
12600 190 4 14 
12600 191 151 
12600 192 4 14 157 
12600 193 152 
12600 194 4 14 
12600 195 5 16 17 
12600 196 5 16 17 
12600 197 5 16 17 
12600 198 5 16 17 
12600 199 5 16 17 
12600 200 5 16 17 217 218 
12600 201 5 16 17 
12600 202 5 16 17 
12600 203 5 16 17 
12600 204 5 16 17 
12600 205 5 16 17 
12600 206 5 16 17 
12600 207 209 
12600 208 5 16 17 
12600 209 5 16 17 207 
12600 210 5 16 17 219 
12600 211 5 16 17 
12600 212 5 16 17 
12600 213 5 16 17 
12600 214 5 16 17 
12600 215 5 16 17 
12600 216 5 16 17 
12600 217 200 
12600 218 200 
12600 219 210 
12600 220 5 16 17 
12600 221 5 16 17 
12600 222 5 16 17 
12600 223 5 16 17 
12600 224 5 16 17 
12600 225 5 16 17 
12600 226 6 
12600 227 6 18 19 
12600 228 6 
12600 229 6 18 
12600 230 6 
12600 231 6 
12600 232 6 
12600 233 6 
12600 234 6 18 
12600 235 6 18 
12600 236 6 
12600 237 6 19 
12600 238 6 18 
12600 239 6 19 
12600 240 6 19 
12600 241 6 19 
12600 242 259 
12600 243 6 19 
12600 244 6 19 
12600 245 6 
12600 246 6 
12600 247 6 
12600 248 6 
12600 249 6 
12600 250 6 
12600 251 6 
12600 252 6 
12600 253 259 
12600 254 6 
12600 255 259 
12600 256 6 
12600 257 6 
12600 258 6 
12600 259 6 18 242 253 255 261 
12600 260 6 
12600 261 259 
12600 262 6 
12600 263 6 
12600 264 6 265 267 
12600 265 264 
12600 266 6 
12600 267 264 
12600 268 6 
12600 269 6 
12600 270 6 
12600 271 6 18 
12600 272 6 
12600 273 297 
12600 274 7 22 
12600 275 7 22 293 
12600 276 7 22 
12600 277 296 
12600 278 7 22 
12600 279 7 22 
12600 280 303 
12600 281 287 
12600 282 7 22 
12600 283 7 22 
12600 284 307 
12600 285 7 22 
12600 286 7 22 
12600 287 7 22 281 
12600 288 308 
12600 289 7 22 
12600 290 7 22 
12600 291 7 22 
12600 292 7 22 
12600 293 275 
12600 294 7 22 
12600 295 308 
12600 296 7 22 277 
12600 297 7 22 273 
12600 298 7 22 
12600 299 7 22 
12600 300 7 22 
12600 301 7 22 
12600 302 7 22 
12600 303 7 22 280 
12600 304 7 22 
12600 305 7 22 
12600 306 7 22 
12600 307 7 22 284 
12600 308 7 22 288 295 
12600 309 7 22 
12600 310 7 22 
12600 311 7 22 
12600 312 7 22 
12600 313 7 22 
12600 314 7 22 
12600 315 22 
12600 316 0 1 
12600 317 0 5 6 
12600 318 0 2 4 7 
12600 319 0 3 5 
12600 320 0 2 3 7 
12600 321 0 4 6 
12600 322 0 1 6 
12600 323 0 7 
12600 324 0 2 4 
12600 325 0 3 5 
12600 326 0 1 
12600 327 0 1 3 5 
12600 328 0 2 4 6 
12600 329 0 1 4 7 
12600 330 0 2 5 6 
12600 331 0 1 3 7 
12600 332 0 3 4 
12600 333 0 2 5 
12600 334 0 6 7 
12600 335 0 1 2 
12600 336 0 3 5 7 
12600 337 0 2 4 6 
12600 338 0 4 
12600 339 0 1 
12600 340 0 5 7 
12600 341 0 6 
12600 342 0 2 3 
12600 343 0 1 4 
12600 344 0 5 6 
12600 345 0 3 
14400 0 1 2 3 4 5 6 7 316 317 318 319 320 321 322 323 324 325 326 327 328 329 330 331 332 333 334 335 336 337 338 339 340 341 342 343 344 345 
14400 1 0 2 3 4 5 6 7 8 9 23 24 25 26 27 28 29 31 32 33 34 35 36 38 39 40 41 42 43 44 45 46 49 50 53 54 55 56 57 58 59 60 61 62 63 64 65 66 67 316 322 326 327 329 331 335 339 343 
14400 2 0 1 3 4 5 6 7 10 11 68 69 70 71 72 73 74 76 77 78 79 80 81 82 83 84 85 86 87 88 89 90 91 92 93 94 95 96 98 99 100 101 102 104 105 106 107 108 318 320 324 328 330 333 335 337 342 
14400 3 0 1 2 4 5 7 13 109 110 112 114 115 116 117 118 119 120 121 122 123 124 125 126 127 129 132 133 135 136 137 138 139 140 143 144 145 319 320 325 327 331 332 336 342 345 
14400 4 0 1 2 3 6 7 148 151 152 153 154 155 156 159 160 161 162 164 165 167 168 169 170 171 172 173 177 178 179 180 181 182 183 184 185 187 188 189 190 192 194 318 321 324 328 329 332 337 338 343 
14400 5 0 1 2 3 6 7 15 16 17 195 196 197 198 199 200 201 202 203 204 205 206 208 209 210 211 212 213 214 215 216 220 221 222 223 224 225 317 319 325 327 330 333 336 340 344 
14400 6 0 1 2 4 5 7 18 226 227 228 229 230 231 232 233 234 235 237 238 239 240 241 243 244 245 246 247 248 249 250 251 252 254 256 257 258 259 260 262 263 264 266 268 269 270 271 272 317 321 322 328 330 334 337 341 344 
14400 7 0 1 2 3 4 5 6 20 22 274 275 276 278 279 282 283 285 286 287 289 290 291 292 294 296 297 298 299 300 301 302 303 304 305 306 307 308 309 310 311 312 313 314 318 320 323 329 331 334 336 340 
14400 8 1 23 24 25 26 29 31 32 33 34 36 38 39 43 53 55 57 60 63 64 66 
14400 9 1 23 31 36 39 42 53 65 
14400 10 2 11 12 68 69 70 71 72 73 74 76 77 78 79 80 81 82 83 84 85 86 87 88 89 90 91 92 93 94 95 96 98 99 100 101 102 104 105 106 107 108 
14400 11 2 10 68 69 70 78 79 80 81 85 86 87 88 89 92 107 
14400 12 10 92 
14400 13 3 121 122 
14400 14 148 151 152 153 154 155 156 159 160 161 162 164 165 167 168 169 170 171 172 173 177 178 179 180 181 182 183 184 185 187 188 189 190 192 194 
14400 15 5 16 17 
14400 16 5 15 17 195 196 197 198 199 200 201 202 203 204 205 206 208 209 210 211 212 213 214 215 216 220 221 222 223 224 225 
14400 17 5 15 16 195 196 197 198 199 200 201 202 203 204 205 206 208 209 210 211 212 213 214 215 216 220 221 222 223 224 225 
14400 18 6 227 229 234 235 238 259 271 
14400 19 227 237 239 240 241 243 244 
14400 20 7 22 
14400 21 22 
14400 22 7 20 21 274 275 276 278 279 282 283 285 286 287 289 290 291 292 294 296 297 298 299 300 301 302 303 304 305 306 307 308 309 310 311 312 313 314 315 
14400 23 1 8 9 
14400 24 1 8 37 
14400 25 1 8 47 51 52 
14400 26 1 8 48 
14400 27 1 
14400 28 1 
14400 29 1 8 
14400 30 33 
14400 31 1 8 9 
14400 32 1 8 
14400 33 1 8 30 
14400 34 1 8 
14400 35 1 
14400 36 1 8 9 
14400 37 24 
14400 38 1 8 
14400 39 1 8 9 
14400 40 1 
14400 41 1 
14400 42 1 9 
14400 43 1 8 
14400 44 1 
14400 45 1 
14400 46 1 
14400 47 25 
14400 48 26 
14400 49 1 
14400 50 1 
14400 51 25 
14400 52 25 
14400 53 1 8 9 
14400 54 1 
14400 55 1 8 
14400 56 1 
14400 57 1 8 
14400 58 1 
14400 59 1 
14400 60 1 8 
14400 61 1 
14400 62 1 
14400 63 1 8 
14400 64 1 8 
14400 65 1 9 
14400 66 1 8 
14400 67 1 
14400 68 2 10 11 
14400 69 2 10 11 75 97 103 
14400 70 2 10 11 
14400 71 2 10 
14400 72 2 10 
14400 73 2 10 
14400 74 2 10 
14400 75 69 
14400 76 2 10 
14400 77 2 10 
14400 78 2 10 11 
14400 79 2 10 11 
14400 80 2 10 11 
14400 81 2 10 11 
14400 82 2 10 
14400 83 2 10 
14400 84 2 10 
14400 85 2 10 11 
14400 86 2 10 11 
14400 87 2 10 11 
14400 88 2 10 11 
14400 89 2 10 11 
14400 90 2 10 
14400 91 2 10 
14400 92 2 10 11 12 
14400 93 2 10 
14400 94 2 10 
14400 95 2 10 
14400 96 2 10 
14400 97 69 
14400 98 2 10 
14400 99 2 10 
14400 100 2 10 
14400 101 2 10 
14400 102 2 10 
14400 103 69 
14400 104 2 10 
14400 105 2 10 
14400 106 2 10 
14400 107 2 10 11 
14400 108 2 10 
14400 109 3 
14400 110 3 
14400 111 140 
14400 112 3 
14400 113 129 
14400 114 3 
14400 115 3 
14400 116 3 
14400 117 3 
14400 118 3 
14400 119 3 
14400 120 3 
14400 121 3 13 
14400 122 3 13 
14400 123 3 
14400 124 3 
14400 125 3 
14400 126 3 
14400 127 3 
14400 128 132 
14400 129 3 113 
14400 130 137 
14400 131 144 
14400 132 3 128 142 
14400 133 3 
14400 134 144 
14400 135 3 
14400 136 3 146 147 
14400 137 3 130 
14400 138 3 
14400 139 3 141 
14400 140 3 111 
14400 141 139 
14400 142 132 
14400 143 3 
14400 144 3 131 134 
14400 145 3 
14400 146 136 
14400 147 136 
14400 148 4 14 175 
14400 149 176 
14400 150 160 
14400 151 4 14 163 176 186 191 
14400 152 4 14 
14400 153 4 14 
14400 154 4 14 
14400 155 4 14 158 
14400 156 4 14 
14400 157 192 
14400 158 155 
14400 159 4 14 
14400 160 4 14 150 166 
14400 161 4 14 
14400 162 4 14 
14400 163 151 
14400 164 4 14 
14400 165 4 14 
14400 166 160 
14400 167 4 14 
14400 168 4 14 
14400 169 4 14 176 
14400 170 4 14 174 
14400 171 4 14 
14400 172 4 14 
14400 173 4 14 
14400 174 170 
14400 175 148 
14400 176 149 151 169 
14400 177 4 14 
14400 178 4 14 
14400 179 4 14 
14400 180 4 14 
14400 181 4 14 
14400 182 4 14 
14400 183 4 14 
14400 184 4 14 
14400 185 4 14 
14400 186 151 
14400 187 4 14 
14400 188 4 14 
14400 189 4 14 
14400 190 4 14 
14400 191 151 
14400 192 4 14 157 193 
14400 193 192 
14400 194 4 14 
14400 195 5 16 17 217 
14400 196 5 16 17 
14400 197 5 16 17 
14400 198 5 16 17 
14400 199 5 16 17 
14400 200 5 16 17 218 
14400 201 5 16 17 
14400 202 5 16 17 
14400 203 5 16 17 
14400 204 5 16 17 
14400 205 5 16 17 
14400 206 5 16 17 
14400 207 209 
14400 208 5 16 17 
14400 209 5 16 17 207 
14400 210 5 16 17 219 
14400 211 5 16 17 
14400 212 5 16 17 
14400 213 5 16 17 
14400 214 5 16 17 
14400 215 5 16 17 
14400 216 5 16 17 
14400 217 195 
14400 218 200 
14400 219 210 
14400 220 5 16 17 
14400 221 5 16 17 
14400 222 5 16 17 
14400 223 5 16 17 
14400 224 5 16 17 
14400 225 5 16 17 
14400 226 6 
14400 227 6 18 19 
14400 228 6 265 
14400 229 6 18 
14400 230 6 
14400 231 6 
14400 232 6 
14400 233 6 267 
14400 234 6 18 
14400 235 6 18 
14400 236 259 
14400 237 6 19 
14400 238 6 18 
14400 239 6 19 
14400 240 6 19 
14400 241 6 19 
14400 242 259 
14400 243 6 19 
14400 244 6 19 
14400 245 6 
14400 246 6 
14400 247 6 
14400 248 6 
14400 249 6 
14400 250 6 
14400 251 6 
14400 252 6 
14400 253 259 
14400 254 6 
14400 255 259 
14400 256 6 
14400 257 6 
14400 258 6 
14400 259 6 18 236 242 253 255 261 
14400 260 6 
14400 261 259 
14400 262 6 
14400 263 6 
14400 264 6 
14400 265 228 
14400 266 6 
14400 267 233 
14400 268 6 
14400 269 6 
14400 270 6 
14400 271 6 18 
14400 272 6 
14400 273 279 
14400 274 7 22 281 293 
14400 275 7 22 
14400 276 7 22 
14400 277 296 
14400 278 7 22 
14400 279 7 22 273 
14400 280 303 
14400 281 274 
14400 282 7 22 
14400 283 7 22 
14400 284 307 
14400 285 7 22 
14400 286 7 22 
14400 287 7 22 
14400 288 308 
14400 289 7 22 
14400 290 7 22 
14400 291 7 22 
14400 292 7 22 295 
14400 293 274 
14400 294 7 22 
14400 295 292 
14400 296 7 22 277 
14400 297 7 22 
14400 298 7 22 
14400 299 7 22 
14400 300 7 22 
14400 301 7 22 
14400 302 7 22 
14400 303 7 22 280 
14400 304 7 22 
14400 305 7 22 
14400 306 7 22 
14400 307 7 22 284 
14400 308 7 22 288 
14400 309 7 22 
14400 310 7 22 
14400 311 7 22 
14400 312 7 22 
14400 313 7 22 
14400 314 7 22 
14400 315 22 
14400 316 0 1 
14400 317 0 5 6 
14400 318 0 2 4 7 
14400 319 0 3 5 
14400 320 0 2 3 7 
14400 321 0 4 6 
14400 322 0 1 6 
14400 323 0 7 
14400 324 0 2 4 
14400 325 0 3 5 
14400 326 0 1 
14400 327 0 1 3 5 
14400 328 0 2 4 6 
14400 329 0 1 4 7 
14400 330 0 2 5 6 
14400 331 0 1 3 7 
14400 332 0 3 4 
14400 333 0 2 5 
14400 334 0 6 7 
14400 335 0 1 2 
14400 336 0 3 5 7 
14400 337 0 2 4 6 
14400 338 0 4 
14400 339 0 1 
14400 340 0 5 7 
14400 341 0 6 
14400 342 0 2 3 
14400 343 0 1 4 
14400 344 0 5 6 
14400 345 0 3 
16200 0 1 2 3 4 5 6 7 316 317 318 319 320 321 322 323 324 325 326 327 328 329 330 331 332 333 334 335 336 337 338 339 340 341 342 343 344 345 
16200 1 0 2 3 4 5 6 7 8 9 23 24 25 26 27 28 29 31 32 33 34 35 36 38 39 40 41 42 43 44 45 46 49 50 53 54 55 56 57 58 59 60 61 62 63 64 65 66 67 316 322 326 327 329 331 335 339 343 
16200 2 0 1 3 4 5 6 7 10 11 68 69 70 71 72 74 75 76 77 78 79 80 81 82 83 84 85 86 87 88 89 90 91 92 93 94 95 96 98 99 100 101 102 104 105 106 107 108 318 320 324 328 330 333 335 337 342 
16200 3 0 1 2 4 5 7 13 109 112 114 115 116 117 118 119 120 121 122 123 124 125 126 127 129 130 132 133 135 136 137 138 139 140 143 144 145 319 320 325 327 331 332 336 342 345 
16200 4 0 1 2 3 6 7 148 151 152 153 154 155 156 159 160 161 162 163 164 165 167 168 169 170 171 172 173 176 177 178 179 180 181 182 183 184 185 187 188 189 190 192 194 318 321 324 328 329 332 337 338 343 
16200 5 0 1 2 3 6 7 15 16 17 195 196 197 198 199 200 201 202 203 204 205 206 208 209 210 211 212 213 214 215 216 220 221 222 223 224 225 317 319 325 327 330 333 336 340 344 
16200 6 0 1 2 4 5 7 18 226 227 228 229 230 231 232 233 234 235 236 237 238 239 240 241 243 244 245 246 247 248 249 250 251 252 254 256 257 258 259 260 262 263 264 266 268 269 270 271 272 317 321 322 328 330 334 337 341 344 
16200 7 0 1 2 3 4 5 6 20 22 274 275 276 278 279 282 283 284 285 286 287 289 290 291 292 294 296 297 298 299 300 301 302 303 304 305 306 307 308 309 310 311 312 313 314 318 320 323 329 331 334 336 340 
16200 8 1 23 24 25 26 29 31 32 33 34 36 38 39 43 53 55 57 60 63 64 66 
16200 9 1 23 31 36 39 42 53 65 
16200 10 2 11 12 68 69 70 71 72 74 75 76 77 78 79 80 81 82 83 84 85 86 87 88 89 90 91 92 93 94 95 96 98 99 100 101 102 104 105 106 107 108 
16200 11 2 10 68 69 70 78 79 80 81 85 86 87 88 89 92 107 
16200 12 10 92 
16200 13 3 121 122 
16200 14 148 151 152 153 154 155 156 159 160 161 162 163 164 165 167 168 169 170 171 172 173 176 177 178 179 180 181 182 183 184 185 187 188 189 190 192 194 
16200 15 5 16 17 
16200 16 5 15 17 195 196 197 198 199 200 201 202 203 204 205 206 208 209 210 211 212 213 214 215 216 220 221 222 223 224 225 
16200 17 5 15 16 195 196 197 198 199 200 201 202 203 204 205 206 208 209 210 211 212 213 214 215 216 220 221 222 223 224 225 
16200 18 6 227 229 234 235 238 259 271 
16200 19 227 237 239 240 241 243 244 
16200 20 7 22 
16200 21 22 
16200 22 7 20 21 274 275 276 278 279 282 283 284 285 286 287 289 290 291 292 294 296 297 298 299 300 301 302 303 304 305 306 307 308 309 310 311 312 313 314 315 
16200 23 1 8 9 30 51 
16200 24 1 8 37 52 
16200 25 1 8 47 
16200 26 1 8 
16200 27 1 
16200 28 1 
16200 29 1 8 
16200 30 23 
16200 31 1 8 9 
16200 32 1 8 
16200 33 1 8 
16200 34 1 8 
16200 35 1 
16200 36 1 8 9 
16200 37 24 
16200 38 1 8 
16200 39 1 8 9 
16200 40 1 
16200 41 1 
16200 42 1 9 
16200 43 1 8 
16200 44 1 
16200 45 1 
16200 46 1 
16200 47 25 
16200 48 66 
16200 49 1 
16200 50 1 
16200 51 23 
16200 52 24 
16200 53 1 8 9 
16200 54 1 
16200 55 1 8 
16200 56 1 
16200 57 1 8 
16200 58 1 
16200 59 1 
16200 60 1 8 
16200 61 1 
16200 62 1 
16200 63 1 8 
16200 64 1 8 
16200 65 1 9 
16200 66 1 8 48 
16200 67 1 
16200 68 2 10 11 
16200 69 2 10 11 73 103 
16200 70 2 10 11 
16200 71 2 10 
16200 72 2 10 97 
16200 73 69 
16200 74 2 10 
16200 75 2 10 
16200 76 2 10 
16200 77 2 10 
16200 78 2 10 11 
16200 79 2 10 11 
16200 80 2 10 11 
16200 81 2 10 11 
16200 82 2 10 
16200 83 2 10 
16200 84 2 10 
16200 85 2 10 11 
16200 86 2 10 11 
16200 87 2 10 11 
16200 88 2 10 11 
16200 89 2 10 11 
16200 90 2 10 
16200 91 2 10 
16200 92 2 10 11 12 
16200 93 2 10 
16200 94 2 10 
16200 95 2 10 
16200 96 2 10 
16200 97 72 
16200 98 2 10 
16200 99 2 10 
16200 100 2 10 
16200 101 2 10 
16200 102 2 10 
16200 103 69 
16200 104 2 10 
16200 105 2 10 
16200 106 2 10 
16200 107 2 10 11 
16200 108 2 10 
16200 109 3 
16200 110 136 
16200 111 140 
16200 112 3 131 
16200 113 129 
16200 114 3 
16200 115 3 
16200 116 3 
16200 117 3 
16200 118 3 
16200 119 3 
16200 120 3 
16200 121 3 13 
16200 122 3 13 
16200 123 3 
16200 124 3 
16200 125 3 
16200 126 3 
16200 127 3 
16200 128 132 
16200 129 3 113 
16200 130 3 
16200 131 112 
16200 132 3 128 142 146 147 
16200 133 3 
16200 134 144 
16200 135 3 
16200 136 3 110 
16200 137 3 
16200 138 3 
16200 139 3 141 
16200 140 3 111 
16200 141 139 
16200 142 132 
16200 143 3 
16200 144 3 134 
16200 145 3 
16200 146 132 
16200 147 132 
16200 148 4 14 
16200 149 176 
16200 150 165 
16200 151 4 14 191 
16200 152 4 14 
16200 153 4 14 
16200 154 4 14 
16200 155 4 14 158 
16200 156 4 14 
16200 157 192 
16200 158 155 
16200 159 4 14 
16200 160 4 14 
16200 161 4 14 
16200 162 4 14 
16200 163 4 14 175 186 
16200 164 4 14 
16200 165 4 14 150 
16200 166 171 
16200 167 4 14 
16200 168 4 14 
16200 169 4 14 
16200 170 4 14 
16200 171 4 14 166 
16200 172 4 14 
16200 173 4 14 
16200 174 176 
16200 175 163 
16200 176 4 14 149 174 
16200 177 4 14 
16200 178 4 14 
16200 179 4 14 
16200 180 4 14 
16200 181 4 14 
16200 182 4 14 
16200 183 4 14 
16200 184 4 14 
16200 185 4 14 
16200 186 163 
16200 187 4 14 
16200 188 4 14 
16200 189 4 14 
16200 190 4 14 
16200 191 151 
16200 192 4 14 157 193 
16200 193 192 
16200 194 4 14 
16200 195 5 16 17 
16200 196 5 16 17 
16200 197 5 16 17 
16200 198 5 16 17 218 
16200 199 5 16 17 
16200 200 5 16 17 
16200 201 5 16 17 
16200 202 5 16 17 
16200 203 5 16 17 
16200 204 5 16 17 
16200 205 5 16 17 
16200 206 5 16 17 
16200 207 209 
16200 208 5 16 17 
16200 209 5 16 17 207 
16200 210 5 16 17 219 
16200 211 5 16 17 
16200 212 5 16 17 
16200 213 5 16 17 
16200 214 5 16 17 
16200 215 5 16 17 
16200 216 5 16 17 
16200 217 225 
16200 218 198 
16200 219 210 
16200 220 5 16 17 
16200 221 5 16 17 
16200 222 5 16 17 
16200 223 5 16 17 
16200 224 5 16 17 
16200 225 5 16 17 217 
16200 226 6 
16200 227 6 18 19 
16200 228 6 
16200 229 6 18 
16200 230 6 
16200 231 6 
16200 232 6 
16200 233 6 
16200 234 6 18 
16200 235 6 18 
16200 236 6 
16200 237 6 19 
16200 238 6 18 
16200 239 6 19 
16200 240 6 19 
16200 241 6 19 
16200 242 259 
16200 243 6 19 
16200 244 6 19 
16200 245 6 
16200 246 6 
16200 247 6 
16200 248 6 
16200 249 6 
16200 250 6 
16200 251 6 
16200 252 6 
16200 253 259 
16200 254 6 
16200 255 259 
16200 256 6 
16200 257 6 
16200 258 6 
16200 259 6 18 242 253 255 261 
16200 260 6 265 267 
16200 261 259 
16200 262 6 
16200 263 6 
16200 264 6 
16200 265 260 
16200 266 6 
16200 267 260 
16200 268 6 
16200 269 6 
16200 270 6 
16200 271 6 18 
16200 272 6 
16200 273 279 
16200 274 7 22 
16200 275 7 22 293 
16200 276 7 22 
16200 277 290 
16200 278 7 22 
16200 279 7 22 273 
16200 280 303 
16200 281 284 
16200 282 7 22 
16200 283 7 22 
16200 284 7 22 281 
16200 285 7 22 
16200 286 7 22 
16200 287 7 22 
16200 288 290 
16200 289 7 22 
16200 290 7 22 277 288 295 
16200 291 7 22 
16200 292 7 22 
16200 293 275 
16200 294 7 22 
16200 295 290 
16200 296 7 22 
16200 297 7 22 
16200 298 7 22 
16200 299 7 22 
16200 300 7 22 
16200 301 7 22 
16200 302 7 22 
16200 303 7 22 280 
16200 304 7 22 
16200 305 7 22 
16200 306 7 22 
16200 307 7 22 
16200 308 7 22 
16200 309 7 22 
16200 310 7 22 
16200 311 7 22 
16200 312 7 22 
16200 313 7 22 
16200 314 7 22 
16200 315 22 
16200 316 0 1 
16200 317 0 5 6 
16200 318 0 2 4 7 
16200 319 0 3 5 
16200 320 0 2 3 7 
16200 321 0 4 6 
16200 322 0 1 6 
16200 323 0 7 
16200 324 0 2 4 
16200 325 0 3 5 
16200 326 0 1 
16200 327 0 1 3 5 
16200 328 0 2 4 6 
16200 329 0 1 4 7 
16200 330 0 2 5 6 
16200 331 0 1 3 7 
16200 332 0 3 4 
16200 333 0 2 5 
16200 334 0 6 7 
16200 335 0 1 2 
16200 336 0 3 5 7 
16200 337 0 2 4 6 
16200 338 0 4 
16200 339 0 1 
16200 340 0 5 7 
16200 341 0 6 
16200 342 0 2 3 
16200 343 0 1 4 
16200 344 0 5 6 
16200 345 0 3 
18000 0 1 2 3 4 5 6 7 316 317 318 319 320 321 322 323 324 325 326 327 328 329 330 331 332 333 334 335 336 337 338 339 340 341 342 343 344 345 
18000 1 0 2 3 4 5 6 7 8 9 23 24 25 26 27 28 29 31 32 33 34 35 36 38 39 40 41 42 43 44 45 46 49 50 53 54 55 56 57 58 59 60 61 62 63 64 65 66 67 316 322 326 327 329 331 335 339 343 
18000 2 0 1 3 4 5 6 7 10 11 68 69 70 71 72 73 74 76 77 78 79 80 81 82 83 84 85 86 87 88 89 90 91 92 93 94 95 96 98 99 100 101 102 104 105 106 107 108 318 320 324 328 330 333 335 337 342 
18000 3 0 1 2 4 5 7 13 109 110 112 114 115 116 117 118 119 120 121 122 123 124 125 126 127 129 132 133 135 136 137 138 139 140 143 144 145 319 320 325 327 331 332 336 342 345 
18000 4 0 1 2 3 6 7 148 151 152 153 154 155 156 159 160 161 162 164 165 168 169 170 171 172 173 177 178 179 180 181 182 183 184 185 187 188 189 190 192 194 318 321 324 328 329 332 337 338 343 
18000 5 0 1 2 3 6 7 15 16 17 195 196 197 198 199 200 201 202 203 204 205 206 207 208 209 210 211 212 213 214 215 216 220 221 222 223 224 225 317 319 325 327 330 333 336 340 344 
18000 6 0 1 2 4 5 7 18 226 227 228 229 230 231 232 233 234 235 236 237 238 239 240 241 243 244 245 246 247 248 249 250 251 252 254 256 257 258 259 260 262 263 264 266 268 269 270 271 272 317 321 322 328 330 334 337 341 344 
18000 7 0 1 2 3 4 5 6 20 22 274 275 276 278 279 282 283 285 286 287 289 290 291 292 294 296 297 298 299 300 301 302 303 304 305 306 307 308 309 310 311 312 313 314 318 320 323 329 331 334 336 340 
18000 8 1 23 24 25 26 29 31 32 33 34 36 38 39 43 53 55 57 60 63 64 66 
18000 9 1 23 31 36 39 42 53 65 
18000 10 2 11 12 68 69 70 71 72 73 74 76 77 78 79 80 81 82 83 84 85 86 87 88 89 90 91 92 93 94 95 96 98 99 100 101 102 104 105 106 107 108 
18000 11 2 10 68 69 70 78 79 80 81 85 86 87 88 89 92 107 
18000 12 10 92 
18000 13 3 121 122 
18000 14 148 151 152 153 154 155 156 159 160 161 162 164 165 168 169 170 171 172 173 177 178 179 180 181 182 183 184 185 187 188 189 190 192 194 
18000 15 5 16 17 
18000 16 5 15 17 195 196 197 198 199 200 201 202 203 204 205 206 207 208 209 210 211 212 213 214 215 216 220 221 222 223 224 225 
18000 17 5 15 16 195 196 197 198 199 200 201 202 203 204 205 206 207 208 209 210 211 212 213 214 215 216 220 221 222 223 224 225 
18000 18 6 227 229 234 235 238 259 271 
18000 19 227 237 239 240 241 243 244 
18000 20 7 22 
18000 21 22 
18000 22 7 20 21 274 275 276 278 279 282 283 285 286 287 289 290 291 292 294 296 297 298 299 300 301 302 303 304 305 306 307 308 309 310 311 312 313 314 315 
18000 23 1 8 9 
18000 24 1 8 37 
18000 25 1 8 47 51 52 
18000 26 1 8 48 
18000 27 1 
18000 28 1 
18000 29 1 8 
18000 30 33 
18000 31 1 8 9 
18000 32 1 8 
18000 33 1 8 30 
18000 34 1 8 
18000 35 1 
18000 36 1 8 9 
18000 37 24 
18000 38 1 8 
18000 39 1 8 9 
18000 40 1 
18000 41 1 
18000 42 1 9 
18000 43 1 8 
18000 44 1 
18000 45 1 
18000 46 1 
18000 47 25 
18000 48 26 
18000 49 1 
18000 50 1 
18000 51 25 
18000 52 25 
18000 53 1 8 9 
18000 54 1 
18000 55 1 8 
18000 56 1 
18000 57 1 8 
18000 58 1 
18000 59 1 
18000 60 1 8 
18000 61 1 
18000 62 1 
18000 63 1 8 
18000 64 1 8 
18000 65 1 9 
18000 66 1 8 
18000 67 1 
18000 68 2 10 11 
18000 69 2 10 11 97 103 
18000 70 2 10 11 
18000 71 2 10 
18000 72 2 10 
18000 73 2 10 
18000 74 2 10 
18000 75 96 
18000 76 2 10 
18000 77 2 10 
18000 78 2 10 11 
18000 79 2 10 11 
18000 80 2 10 11 
18000 81 2 10 11 
18000 82 2 10 
18000 83 2 10 
18000 84 2 10 
18000 85 2 10 11 
18000 86 2 10 11 
18000 87 2 10 11 
18000 88 2 10 11 
18000 89 2 10 11 
18000 90 2 10 
18000 91 2 10 
18000 92 2 10 11 12 
18000 93 2 10 
18000 94 2 10 
18000 95 2 10 
18000 96 2 10 75 142 
18000 97 69 
18000 98 2 10 
18000 99 2 10 
18000 100 2 10 
18000 101 2 10 
18000 102 2 10 
18000 103 69 
18000 104 2 10 
18000 105 2 10 
18000 106 2 10 
18000 107 2 10 11 
18000 108 2 10 
18000 109 3 
18000 110 3 
18000 111 116 
18000 112 3 
18000 113 138 
18000 114 3 
18000 115 3 128 
18000 116 3 111 
18000 117 3 
18000 118 3 
18000 119 3 
18000 120 3 
18000 121 3 13 
18000 122 3 13 
18000 123 3 
18000 124 3 
18000 125 3 
18000 126 3 
18000 127 3 
18000 128 115 
18000 129 3 
18000 130 136 
18000 131 144 
18000 132 3 146 147 
18000 133 3 
18000 134 144 
18000 135 3 
18000 136 3 130 
18000 137 3 
18000 138 3 113 
18000 139 3 141 
18000 140 3 
18000 141 139 
18000 142 96 
18000 143 3 
18000 144 3 131 134 
18000 145 3 
18000 146 132 
18000 147 132 
18000 148 4 14 158 175 
18000 149 176 
18000 150 155 
18000 151 4 14 167 176 191 
18000 152 4 14 193 
18000 153 4 14 186 
18000 154 4 14 
18000 155 4 14 150 166 
18000 156 4 14 
18000 157 192 
18000 158 148 
18000 159 4 14 
18000 160 4 14 
18000 161 4 14 
18000 162 4 14 
18000 163 183 
18000 164 4 14 
18000 165 4 14 
18000 166 155 
18000 167 151 
18000 168 4 14 
18000 169 4 14 176 
18000 170 4 14 
18000 171 4 14 
18000 172 4 14 
18000 173 4 14 
18000 174 185 
18000 175 148 
18000 176 149 151 169 
18000 177 4 14 
18000 178 4 14 
18000 179 4 14 
18000 180 4 14 
18000 181 4 14 
18000 182 4 14 
18000 183 4 14 163 
18000 184 4 14 
18000 185 4 14 174 
18000 186 153 
18000 187 4 14 
18000 188 4 14 
18000 189 4 14 
18000 190 4 14 
18000 191 151 
18000 192 4 14 157 
18000 193 152 
18000 194 4 14 
18000 195 5 16 17 
18000 196 5 16 17 
18000 197 5 16 17 
18000 198 5 16 17 
18000 199 5 16 17 
18000 200 5 16 17 217 218 
18000 201 5 16 17 
18000 202 5 16 17 
18000 203 5 16 17 
18000 204 5 16 17 
18000 205 5 16 17 
18000 206 5 16 17 
18000 207 5 16 17 
18000 208 5 16 17 
18000 209 5 16 17 
18000 210 5 16 17 219 
18000 211 5 16 17 
18000 212 5 16 17 
18000 213 5 16 17 
18000 214 5 16 17 
18000 215 5 16 17 
18000 216 5 16 17 
18000 217 200 
18000 218 200 
18000 219 210 
18000 220 5 16 17 
18000 221 5 16 17 
18000 222 5 16 17 
18000 223 5 16 17 
18000 224 5 16 17 
18000 225 5 16 17 
18000 226 6 
18000 227 6 18 19 
18000 228 6 265 
18000 229 6 18 
18000 230 6 
18000 231 6 
18000 232 6 
18000 233 6 
18000 234 6 18 
18000 235 6 18 
18000 236 6 
18000 237 6 19 267 
18000 238 6 18 
18000 239 6 19 
18000 240 6 19 
18000 241 6 19 
18000 242 259 
18000 243 6 19 
18000 244 6 19 
18000 245 6 
18000 246 6 
18000 247 6 
18000 248 6 
18000 249 6 
18000 250 6 
18000 251 6 
18000 252 6 
18000 253 259 
18000 254 6 
18000 255 259 
18000 256 6 
18000 257 6 
18000 258 6 
18000 259 6 18 242 253 255 261 
18000 260 6 
18000 261 259 
18000 262 6 
18000 263 6 
18000 264 6 
18000 265 228 
18000 266 6 
18000 267 237 
18000 268 6 
18000 269 6 
18000 270 6 
18000 271 6 18 
18000 272 6 
18000 273 279 
18000 274 7 22 
18000 275 7 22 293 
18000 276 7 22 
18000 277 296 
18000 278 7 22 
18000 279 7 22 273 
18000 280 303 
18000 281 287 
18000 282 7 22 
18000 283 7 22 
18000 284 307 
18000 285 7 22 
18000 286 7 22 
18000 287 7 22 281 
18000 288 308 
18000 289 7 22 
18000 290 7 22 
18000 291 7 22 
18000 292 7 22 
18000 293 275 
18000 294 7 22 
18000 295 308 
18000 296 7 22 277 
18000 297 7 22 
18000 298 7 22 
18000 299 7 22 
18000 300 7 22 
18000 301 7 22 
18000 302 7 22 
18000 303 7 22 280 
18000 304 7 22 
18000 305 7 22 
18000 306 7 22 
18000 307 7 22 284 
18000 308 7 22 288 295 
18000 309 7 22 
18000 310 7 22 
18000 311 7 22 
18000 312 7 22 
18000 313 7 22 
18000 314 7 22 
18000 315 22 
18000 316 0 1 
18000 317 0 5 6 
18000 318 0 2 4 7 
18000 319 0 3 5 
18000 320 0 2 3 7 
18000 321 0 4 6 
18000 322 0 1 6 
18000 323 0 7 
18000 324 0 2 4 
18000 325 0 3 5 
18000 326 0 1 
18000 327 0 1 3 5 
18000 328 0 2 4 6 
18000 329 0 1 4 7 
18000 330 0 2 5 6 
18000 331 0 1 3 7 
18000 332 0 3 4 
18000 333 0 2 5 
18000 334 0 6 7 
18000 335 0 1 2 
18000 336 0 3 5 7 
18000 337 0 2 4 6 
18000 338 0 4 
18000 339 0 1 
18000 340 0 5 7 
18000 341 0 6 
18000 342 0 2 3 
18000 343 0 1 4 
18000 344 0 5 6 
18000 345 0 3 
