0 21600
0 0 6 7 316 317 318 319 320 321 322 323 324 325 326 327 328 329 330 331 332 333 334 335 336 337 338 339 340 341 342 343 344 345 
0 1 66 67 
0 2 107 108 
0 3 126 127 
0 4 192 194 
0 5 224 225 
0 6 0 254 317 321 322 328 330 334 337 341 344 
0 7 0 276 318 320 323 329 331 334 336 340 
0 8 66 67 
0 9 66 67 
0 10 107 108 
0 11 107 108 
0 12 107 108 
0 13 126 127 
0 14 192 194 
0 15 224 225 
0 16 224 225 
0 17 224 225 
0 18 252 254 
0 19 252 254 
0 20 274 275 
0 21 314 315 
0 22 314 315 
0 23 66 67 
0 24 66 67 
0 25 66 67 
0 26 66 67 
0 27 65 67 
0 28 66 67 
0 29 66 67 
0 30 66 67 
0 31 66 67 
0 32 65 67 
0 33 65 67 
0 34 66 67 
0 35 66 67 
0 36 66 67 
0 37 66 67 
0 38 66 67 
0 39 66 67 
0 40 66 67 
0 41 66 67 
0 42 66 67 
0 43 66 67 
0 44 66 67 
0 45 66 67 
0 46 66 67 
0 47 52 59 
0 48 54 66 
0 49 66 67 
0 50 66 67 
0 51 63 65 
0 52 47 63 
0 53 66 67 
0 54 48 67 
0 55 65 67 
0 56 66 67 
0 57 66 67 
0 58 66 67 
0 59 47 67 
0 60 66 67 
0 61 66 67 
0 62 66 67 
0 63 51 52 
0 64 66 67 
0 65 27 32 33 51 55 
0 66 1 8 9 23 24 25 26 28 29 30 31 34 35 36 37 38 39 40 41 42 43 44 45 46 48 49 50 53 56 57 58 60 61 62 64 
0 67 1 8 9 23 24 25 26 27 28 29 30 31 32 33 34 35 36 37 38 39 40 41 42 43 44 45 46 49 50 53 54 55 56 57 58 59 60 61 62 64 
0 68 107 108 
0 69 107 108 
0 70 107 108 
0 71 107 108 
0 72 107 108 
0 73 74 90 
0 74 73 108 
0 75 93 97 
0 76 107 108 
0 77 107 108 
0 78 107 108 
0 79 107 108 
0 80 107 108 
0 81 107 108 
0 82 107 108 
0 83 89 90 
0 84 107 108 
0 85 107 108 
0 86 107 108 
0 87 107 108 
0 88 107 108 
0 89 83 90 
0 90 73 83 89 
0 91 107 108 
0 92 107 108 
0 93 75 97 
0 94 107 108 
0 95 107 108 
0 96 107 108 
0 97 75 93 
0 98 107 108 
0 99 107 108 
0 100 107 108 
0 101 107 108 
0 102 107 108 
0 103 104 105 
0 104 103 108 
0 105 103 108 
0 106 107 108 
0 107 2 10 11 12 68 69 70 71 72 76 77 78 79 80 81 82 84 85 86 87 88 91 92 94 95 96 98 99 100 101 102 106 
0 108 2 10 11 12 68 69 70 71 72 74 76 77 78 79 80 81 82 84 85 86 87 88 91 92 94 95 96 98 99 100 101 102 104 105 106 
0 109 125 126 
0 110 125 126 
0 111 127 140 
0 112 125 126 
0 113 146 147 
0 114 126 127 
0 115 126 127 
0 116 122 124 
0 117 125 126 
0 118 126 127 
0 119 125 126 
0 120 126 127 
0 121 125 126 
0 122 116 132 
0 123 125 126 
0 124 116 132 
0 125 109 110 112 117 119 121 123 129 135 144 145 
0 126 3 13 109 110 112 114 115 117 118 119 120 121 123 129 133 135 136 137 139 143 144 145 
0 127 3 13 111 114 115 118 120 130 133 136 137 138 139 140 143 
0 128 130 138 
0 129 125 126 
0 130 127 128 
0 131 134 141 
0 132 122 124 
0 133 126 127 
0 134 131 141 
0 135 125 126 
0 136 126 127 
0 137 126 127 
0 138 127 128 
0 139 126 127 
0 140 111 127 
0 141 131 134 
0 142 146 147 
0 143 126 127 
0 144 125 126 
0 145 125 126 
0 146 113 142 
0 147 113 142 
0 148 192 194 
0 149 191 193 
0 150 158 166 
0 151 192 194 
0 152 192 194 
0 153 192 194 
0 154 192 194 
0 155 189 190 
0 156 192 194 
0 157 192 193 
0 158 150 166 
0 159 192 194 
0 160 190 194 
0 161 192 194 
0 162 192 194 
0 163 175 186 
0 164 192 194 
0 165 193 194 
0 166 150 158 
0 167 190 192 
0 168 190 194 
0 169 193 194 
0 170 193 194 
0 171 192 194 
0 172 192 194 
0 173 189 190 
0 174 176 185 
0 175 163 186 
0 176 174 191 
0 177 190 194 
0 178 192 194 
0 179 192 194 
0 180 192 194 
0 181 190 194 
0 182 192 194 
0 183 192 194 
0 184 192 194 
0 185 174 194 
0 186 163 175 
0 187 192 194 
0 188 192 194 
0 189 155 173 
0 190 155 160 167 168 173 177 181 
0 191 149 176 
0 192 4 14 148 151 152 153 154 156 157 159 161 162 164 167 171 172 178 179 180 182 183 184 187 188 
0 193 149 157 165 169 170 
0 194 4 14 148 151 152 153 154 156 159 160 161 162 164 165 168 169 170 171 172 177 178 179 180 181 182 183 184 185 187 188 
0 195 224 225 
0 196 224 225 
0 197 224 225 
0 198 224 225 
0 199 221 223 
0 200 224 225 
0 201 224 225 
0 202 221 223 
0 203 207 223 
0 204 221 222 
0 205 224 225 
0 206 224 225 
0 207 203 209 
0 208 224 225 
0 209 207 225 
0 210 224 225 
0 211 224 225 
0 212 224 225 
0 213 224 225 
0 214 224 225 
0 215 224 225 
0 216 224 225 
0 217 218 219 
0 218 217 219 
0 219 217 218 
0 220 224 225 
0 221 199 202 204 
0 222 204 223 
0 223 199 202 203 222 
0 224 5 15 16 17 195 196 197 198 200 201 205 206 208 210 211 212 213 214 215 216 220 
0 225 5 15 16 17 195 196 197 198 200 201 205 206 208 209 210 211 212 213 214 215 216 220 
0 226 254 255 
0 227 254 267 
0 228 255 265 
0 229 252 254 
0 230 252 254 
0 231 252 254 
0 232 252 254 
0 233 252 254 
0 234 254 255 
0 235 252 254 
0 236 252 254 
0 237 252 254 
0 238 254 255 
0 239 254 255 
0 240 254 255 
0 241 253 254 
0 242 253 254 
0 243 252 254 
0 244 254 255 
0 245 254 255 
0 246 252 254 
0 247 255 261 
0 248 254 255 
0 249 252 254 
0 250 252 254 
0 251 253 254 
0 252 18 19 229 230 231 232 233 235 236 237 243 246 249 250 257 260 262 264 266 269 270 272 
0 253 241 242 251 256 
0 254 6 18 19 226 227 229 230 231 232 233 234 235 236 237 238 239 240 241 242 243 244 245 246 248 249 250 251 256 257 258 259 260 262 263 264 266 268 269 270 271 272 
0 255 226 228 234 238 239 240 244 245 247 248 258 259 261 263 268 271 
0 256 253 254 
0 257 252 254 
0 258 254 255 
0 259 254 255 
0 260 252 254 
0 261 247 255 
0 262 252 254 
0 263 254 255 
0 264 252 254 
0 265 228 267 
0 266 252 254 
0 267 227 265 
0 268 254 255 
0 269 252 254 
0 270 252 254 
0 271 254 255 
0 272 252 254 
0 273 313 315 
0 274 20 314 
0 275 20 315 
0 276 7 278 282 283 287 289 290 291 294 297 298 300 301 302 303 304 305 306 310 312 
0 277 295 302 
0 278 276 315 
0 279 314 315 
0 280 281 284 
0 281 280 284 
0 282 276 315 
0 283 276 315 
0 284 280 281 307 
0 285 314 315 
0 286 314 315 
0 287 276 315 
0 288 293 295 
0 289 276 315 
0 290 276 314 
0 291 276 315 
0 292 314 315 
0 293 288 315 
0 294 276 314 
0 295 277 288 
0 296 312 314 
0 297 276 315 
0 298 276 315 
0 299 314 315 
0 300 276 315 
0 301 276 315 
0 302 276 277 
0 303 276 315 
0 304 276 314 
0 305 276 315 
0 306 276 315 
0 307 284 310 
0 308 314 315 
0 309 314 315 
0 310 276 307 
0 311 314 315 
0 312 276 296 
0 313 273 315 
0 314 21 22 274 279 285 286 290 292 294 296 299 304 308 309 311 
0 315 21 22 273 275 278 279 282 283 285 286 287 289 291 292 293 297 298 299 300 301 303 305 306 308 309 311 313 
0 316 0 
0 317 0 6 
0 318 0 7 
0 319 0 
0 320 0 7 
0 321 0 6 
0 322 0 6 
0 323 0 7 
0 324 0 
0 325 0 
0 326 0 
0 327 0 
0 328 0 6 
0 329 0 7 
0 330 0 6 
0 331 0 7 
0 332 0 
0 333 0 
0 334 0 6 7 
0 335 0 
0 336 0 7 
0 337 0 6 
0 338 0 
0 339 0 
0 340 0 7 
0 341 0 6 
0 342 0 
0 343 0 
0 344 0 6 
0 345 0 
1800 0 6 7 316 317 318 319 320 321 322 323 324 325 326 327 328 329 330 331 332 333 334 335 336 337 338 339 340 341 342 343 344 345 
1800 1 66 67 
1800 2 107 108 
1800 3 126 127 
1800 4 193 194 
1800 5 224 225 
1800 6 0 254 317 321 322 328 330 334 337 341 344 
1800 7 0 276 318 320 323 329 331 334 336 340 
1800 8 66 67 
1800 9 66 67 
1800 10 107 108 
1800 11 107 108 
1800 12 107 108 
1800 13 126 127 
1800 14 193 194 
1800 15 224 225 
1800 16 224 225 
1800 17 224 225 
1800 18 252 254 
1800 19 252 254 
1800 20 274 275 282 
1800 21 282 315 
1800 22 314 315 
1800 23 66 67 
1800 24 66 67 
1800 25 66 67 
1800 26 66 67 
1800 27 65 67 
1800 28 66 67 
1800 29 66 67 
1800 30 65 67 
1800 31 66 67 
1800 32 65 67 
1800 33 65 67 
1800 34 65 66 
1800 35 66 67 
1800 36 66 67 
1800 37 66 67 
1800 38 66 67 
1800 39 66 67 
1800 40 66 67 
1800 41 66 67 
1800 42 66 67 
1800 43 66 67 
1800 44 66 67 
1800 45 66 67 
1800 46 66 67 
1800 47 52 67 
1800 48 64 66 
1800 49 66 67 
1800 50 66 67 
1800 51 65 67 
1800 52 47 67 
1800 53 66 67 
1800 54 66 67 
1800 55 65 67 
1800 56 66 67 
1800 57 66 67 
1800 58 66 67 
1800 59 66 67 
1800 60 66 67 
1800 61 66 67 
1800 62 66 67 
1800 63 66 67 
1800 64 48 67 
1800 65 27 30 32 33 34 51 55 
1800 66 1 8 9 23 24 25 26 28 29 31 34 35 36 37 38 39 40 41 42 43 44 45 46 48 49 50 53 54 56 57 58 59 60 61 62 63 
1800 67 1 8 9 23 24 25 26 27 28 29 30 31 32 33 35 36 37 38 39 40 41 42 43 44 45 46 47 49 50 51 52 53 54 55 56 57 58 59 60 61 62 63 64 
1800 68 107 108 
1800 69 107 108 
1800 70 107 108 
1800 71 107 108 
1800 72 107 108 
1800 73 90 106 
1800 74 107 108 
1800 75 89 97 
1800 76 107 108 
1800 77 107 108 
1800 78 107 108 
1800 79 107 108 
1800 80 107 108 
1800 81 107 108 
1800 82 107 108 
1800 83 90 106 
1800 84 107 108 
1800 85 107 108 
1800 86 107 108 
1800 87 107 108 
1800 88 107 108 
1800 89 75 107 
1800 90 73 83 
1800 91 107 108 
1800 92 107 108 
1800 93 107 108 
1800 94 107 108 
1800 95 107 108 
1800 96 107 108 
1800 97 75 107 
1800 98 107 108 
1800 99 107 108 
1800 100 107 108 
1800 101 107 108 
1800 102 107 108 
1800 103 105 108 
1800 104 107 108 
1800 105 103 108 
1800 106 73 83 
1800 107 2 10 11 12 68 69 70 71 72 74 76 77 78 79 80 81 82 84 85 86 87 88 89 91 92 93 94 95 96 97 98 99 100 101 102 104 
1800 108 2 10 11 12 68 69 70 71 72 74 76 77 78 79 80 81 82 84 85 86 87 88 91 92 93 94 95 96 98 99 100 101 102 103 104 105 
1800 109 125 126 
1800 110 125 126 
1800 111 116 127 
1800 112 126 128 
1800 113 125 126 
1800 114 125 126 
1800 115 126 127 
1800 116 111 125 
1800 117 125 126 
1800 118 126 127 
1800 119 125 126 
1800 120 126 127 
1800 121 126 127 
1800 122 126 127 
1800 123 126 132 
1800 124 126 132 
1800 125 109 110 113 114 116 117 119 129 135 144 145 
1800 126 3 13 109 110 112 113 114 115 117 118 119 120 121 122 123 124 129 133 135 136 137 138 139 140 143 144 145 
1800 127 3 13 111 115 118 120 121 122 130 133 136 137 138 139 140 143 
1800 128 112 130 
1800 129 125 126 
1800 130 127 128 
1800 131 134 141 
1800 132 123 124 
1800 133 126 127 
1800 134 131 141 
1800 135 125 126 
1800 136 126 127 
1800 137 126 127 
1800 138 126 127 
1800 139 126 127 
1800 140 126 127 
1800 141 131 134 
1800 142 146 147 
1800 143 126 127 
1800 144 125 126 
1800 145 125 126 
1800 146 142 147 
1800 147 142 146 
1800 148 192 194 
1800 149 176 191 
1800 150 158 166 
1800 151 192 194 
1800 152 193 194 
1800 153 193 194 
1800 154 193 194 
1800 155 190 193 
1800 156 193 194 
1800 157 193 194 
1800 158 150 166 
1800 159 193 194 
1800 160 193 194 
1800 161 193 194 
1800 162 193 194 
1800 163 175 186 
1800 164 192 194 
1800 165 193 194 
1800 166 150 158 
1800 167 193 194 
1800 168 190 194 
1800 169 193 194 
1800 170 192 194 
1800 171 193 194 
1800 172 193 194 
1800 173 190 193 
1800 174 176 194 
1800 175 163 186 
1800 176 149 174 191 
1800 177 189 194 
1800 178 192 194 
1800 179 193 194 
1800 180 193 194 
1800 181 190 194 
1800 182 193 194 
1800 183 193 194 
1800 184 193 194 
1800 185 192 194 
1800 186 163 175 
1800 187 193 194 
1800 188 193 194 
1800 189 177 194 
1800 190 155 168 173 181 
1800 191 149 176 
1800 192 148 151 164 170 178 185 
1800 193 4 14 152 153 154 155 156 157 159 160 161 162 165 167 169 171 172 173 179 180 182 183 184 187 188 
1800 194 4 14 148 151 152 153 154 156 157 159 160 161 162 164 165 167 168 169 170 171 172 174 177 178 179 180 181 182 183 184 185 187 188 189 
1800 195 224 225 
1800 196 224 225 
1800 197 224 225 
1800 198 224 225 
1800 199 216 221 
1800 200 224 225 
1800 201 224 225 
1800 202 218 221 
1800 203 207 223 
1800 204 221 222 
1800 205 224 225 
1800 206 224 225 
1800 207 203 209 
1800 208 224 225 
1800 209 207 225 
1800 210 218 219 
1800 211 224 225 
1800 212 224 225 
1800 213 224 225 
1800 214 224 225 
1800 215 224 225 
1800 216 199 225 
1800 217 218 219 
1800 218 202 210 217 
1800 219 210 217 
1800 220 224 225 
1800 221 199 202 204 
1800 222 204 223 
1800 223 203 222 
1800 224 5 15 16 17 195 196 197 198 200 201 205 206 208 211 212 213 214 215 220 
1800 225 5 15 16 17 195 196 197 198 200 201 205 206 208 209 211 212 213 214 215 216 220 
1800 226 252 254 
1800 227 252 254 
1800 228 252 254 
1800 229 252 254 
1800 230 252 254 
1800 231 252 254 
1800 232 253 254 
1800 233 252 254 
1800 234 254 255 
1800 235 252 254 
1800 236 252 254 
1800 237 252 254 
1800 238 254 255 
1800 239 254 255 
1800 240 254 255 
1800 241 253 254 
1800 242 251 253 
1800 243 254 255 
1800 244 254 255 
1800 245 254 255 
1800 246 252 254 
1800 247 254 261 
1800 248 253 254 
1800 249 265 267 
1800 250 252 254 
1800 251 242 254 
1800 252 18 19 226 227 228 229 230 231 233 235 236 237 246 250 257 260 262 263 264 266 268 269 272 
1800 253 232 241 242 248 256 270 271 
1800 254 6 18 19 226 227 228 229 230 231 232 233 234 235 236 237 238 239 240 241 243 244 245 246 247 248 250 251 256 257 258 259 260 262 263 264 266 268 269 270 271 272 
1800 255 234 238 239 240 243 244 245 258 259 261 
1800 256 253 254 
1800 257 252 254 
1800 258 254 255 
1800 259 254 255 
1800 260 252 254 
1800 261 247 255 
1800 262 252 254 
1800 263 252 254 
1800 264 252 254 
1800 265 249 267 
1800 266 252 254 
1800 267 249 265 
1800 268 252 254 
1800 269 252 254 
1800 270 253 254 
1800 271 253 254 
1800 272 252 254 
1800 273 313 315 
1800 274 20 314 
1800 275 20 315 
1800 276 7 278 280 283 287 289 290 291 294 297 298 301 302 303 304 305 310 312 
1800 277 280 281 295 
1800 278 276 315 
1800 279 314 315 
1800 280 276 277 
1800 281 277 284 
1800 282 20 21 
1800 283 276 315 
1800 284 281 307 
1800 285 314 315 
1800 286 314 315 
1800 287 276 314 
1800 288 293 295 
1800 289 276 315 
1800 290 276 314 
1800 291 276 315 
1800 292 314 315 
1800 293 288 315 
1800 294 276 314 
1800 295 277 288 
1800 296 312 314 
1800 297 276 315 
1800 298 276 315 
1800 299 314 315 
1800 300 314 315 
1800 301 276 314 
1800 302 276 315 
1800 303 276 314 
1800 304 276 315 
1800 305 276 315 
1800 306 313 315 
1800 307 284 310 
1800 308 314 315 
1800 309 314 315 
1800 310 276 307 
1800 311 314 315 
1800 312 276 296 
1800 313 273 306 
1800 314 22 274 279 285 286 287 290 292 294 296 299 300 301 303 308 309 311 
1800 315 21 22 273 275 278 279 283 285 286 289 291 292 293 297 298 299 300 302 304 305 306 308 309 311 
1800 316 0 
1800 317 0 6 
1800 318 0 7 
1800 319 0 
1800 320 0 7 
1800 321 0 6 
1800 322 0 6 
1800 323 0 7 
1800 324 0 
1800 325 0 
1800 326 0 
1800 327 0 
1800 328 0 6 
1800 329 0 7 
1800 330 0 6 
1800 331 0 7 
1800 332 0 
1800 333 0 
1800 334 0 6 7 
1800 335 0 
1800 336 0 7 
1800 337 0 6 
1800 338 0 
1800 339 0 
1800 340 0 7 
1800 341 0 6 
1800 342 0 
1800 343 0 
1800 344 0 6 
1800 345 0 
3600 0 6 7 316 317 318 319 320 321 322 323 324 325 326 327 328 329 330 331 332 333 334 335 336 337 338 339 340 341 342 343 344 345 
3600 1 66 67 
3600 2 107 108 
3600 3 126 127 
3600 4 192 194 
3600 5 224 225 
3600 6 0 254 317 321 322 328 330 334 337 341 344 
3600 7 0 276 318 320 323 329 331 334 336 340 
3600 8 66 67 
3600 9 66 67 
3600 10 107 108 
3600 11 107 108 
3600 12 107 108 
3600 13 126 127 
3600 14 192 194 
3600 15 224 225 
3600 16 224 225 
3600 17 224 225 
3600 18 252 254 
3600 19 252 254 
3600 20 274 315 
3600 21 276 315 
3600 22 276 315 
3600 23 66 67 
3600 24 66 67 
3600 25 66 67 
3600 26 66 67 
3600 27 65 67 
3600 28 66 67 
3600 29 66 67 
3600 30 37 65 
3600 31 66 67 
3600 32 65 67 
3600 33 65 67 
3600 34 66 67 
3600 35 66 67 
3600 36 66 67 
3600 37 30 67 
3600 38 66 67 
3600 39 66 67 
3600 40 66 67 
3600 41 66 67 
3600 42 66 67 
3600 43 66 67 
3600 44 66 67 
3600 45 66 67 
3600 46 66 67 
3600 47 52 59 
3600 48 54 66 
3600 49 66 67 
3600 50 66 67 
3600 51 63 65 
3600 52 47 63 
3600 53 66 67 
3600 54 48 67 
3600 55 65 67 
3600 56 66 67 
3600 57 66 67 
3600 58 66 67 
3600 59 47 67 
3600 60 66 67 
3600 61 66 67 
3600 62 66 67 
3600 63 51 52 
3600 64 66 67 
3600 65 27 30 32 33 51 55 
3600 66 1 8 9 23 24 25 26 28 29 31 34 35 36 38 39 40 41 42 43 44 45 46 48 49 50 53 56 57 58 60 61 62 64 
3600 67 1 8 9 23 24 25 26 27 28 29 31 32 33 34 35 36 37 38 39 40 41 42 43 44 45 46 49 50 53 54 55 56 57 58 59 60 61 62 64 
3600 68 107 108 
3600 69 107 108 
3600 70 107 108 
3600 71 107 108 
3600 72 107 108 
3600 73 74 90 
3600 74 73 108 
3600 75 90 94 
3600 76 107 108 
3600 77 107 108 
3600 78 107 108 
3600 79 107 108 
3600 80 107 108 
3600 81 107 108 
3600 82 107 108 
3600 83 89 90 
3600 84 107 108 
3600 85 107 108 
3600 86 107 108 
3600 87 107 108 
3600 88 107 108 
3600 89 83 90 
3600 90 73 75 83 89 
3600 91 107 108 
3600 92 107 108 
3600 93 107 108 
3600 94 75 97 
3600 95 107 108 
3600 96 107 108 
3600 97 94 99 
3600 98 107 108 
3600 99 97 108 
3600 100 107 108 
3600 101 107 108 
3600 102 107 108 
3600 103 107 108 
3600 104 107 108 
3600 105 107 108 
3600 106 107 108 
3600 107 2 10 11 12 68 69 70 71 72 76 77 78 79 80 81 82 84 85 86 87 88 91 92 93 95 96 98 100 101 102 103 104 105 106 
3600 108 2 10 11 12 68 69 70 71 72 74 76 77 78 79 80 81 82 84 85 86 87 88 91 92 93 95 96 98 99 100 101 102 103 104 105 106 
3600 109 125 126 
3600 110 125 126 
3600 111 127 140 
3600 112 125 126 
3600 113 124 146 
3600 114 125 126 
3600 115 126 127 
3600 116 124 126 
3600 117 124 125 
3600 118 126 127 
3600 119 125 126 
3600 120 126 127 
3600 121 125 126 
3600 122 126 127 
3600 123 125 126 
3600 124 113 116 117 132 
3600 125 109 110 112 114 117 119 121 123 129 145 
3600 126 3 13 109 110 112 114 115 116 118 119 120 121 122 123 129 132 133 135 136 137 138 139 143 144 145 
3600 127 3 13 111 115 118 120 122 130 133 135 136 137 138 139 140 143 144 
3600 128 130 146 
3600 129 125 126 
3600 130 127 128 
3600 131 134 141 
3600 132 124 126 
3600 133 126 127 
3600 134 131 141 
3600 135 126 127 
3600 136 126 127 
3600 137 126 127 
3600 138 126 127 
3600 139 126 127 
3600 140 111 127 
3600 141 131 134 
3600 142 146 147 
3600 143 126 127 
3600 144 126 127 
3600 145 125 126 
3600 146 113 128 142 147 
3600 147 142 146 
3600 148 192 194 
3600 149 191 193 
3600 150 158 166 
3600 151 192 194 
3600 152 192 194 
3600 153 192 194 
3600 154 192 194 
3600 155 189 190 
3600 156 192 194 
3600 157 193 194 
3600 158 150 166 
3600 159 192 194 
3600 160 190 194 
3600 161 192 194 
3600 162 192 194 
3600 163 175 186 
3600 164 192 194 
3600 165 192 194 
3600 166 150 158 
3600 167 190 192 
3600 168 190 194 
3600 169 193 194 
3600 170 193 194 
3600 171 192 194 
3600 172 192 194 
3600 173 190 194 
3600 174 176 185 
3600 175 163 186 
3600 176 174 191 
3600 177 190 194 
3600 178 192 194 
3600 179 192 194 
3600 180 192 194 
3600 181 188 194 
3600 182 192 194 
3600 183 192 194 
3600 184 192 194 
3600 185 174 194 
3600 186 163 175 
3600 187 192 194 
3600 188 181 194 
3600 189 155 194 
3600 190 155 160 167 168 173 177 
3600 191 149 176 
3600 192 4 14 148 151 152 153 154 156 159 161 162 164 165 167 171 172 178 179 180 182 183 184 187 
3600 193 149 157 169 170 
3600 194 4 14 148 151 152 153 154 156 157 159 160 161 162 164 165 168 169 170 171 172 173 177 178 179 180 181 182 183 184 185 187 188 189 
3600 195 224 225 
3600 196 224 225 
3600 197 224 225 
3600 198 223 225 
3600 199 207 221 
3600 200 224 225 
3600 201 224 225 
3600 202 207 221 
3600 203 221 223 
3600 204 221 222 
3600 205 224 225 
3600 206 224 225 
3600 207 199 202 
3600 208 224 225 
3600 209 223 225 
3600 210 219 221 
3600 211 224 225 
3600 212 224 225 
3600 213 224 225 
3600 214 224 225 
3600 215 224 225 
3600 216 224 225 
3600 217 218 219 
3600 218 217 219 
3600 219 210 217 218 
3600 220 224 225 
3600 221 199 202 203 204 210 
3600 222 204 223 
3600 223 198 203 209 222 
3600 224 5 15 16 17 195 196 197 200 201 205 206 208 211 212 213 214 215 216 220 
3600 225 5 15 16 17 195 196 197 198 200 201 205 206 208 209 211 212 213 214 215 216 220 
3600 226 252 254 
3600 227 252 254 
3600 228 252 254 
3600 229 252 254 
3600 230 254 255 
3600 231 252 254 
3600 232 252 254 
3600 233 252 254 
3600 234 254 255 
3600 235 252 254 
3600 236 252 254 
3600 237 252 254 
3600 238 254 255 
3600 239 254 255 
3600 240 254 255 
3600 241 253 254 
3600 242 253 254 
3600 243 252 254 
3600 244 254 255 
3600 245 254 255 
3600 246 252 254 
3600 247 254 261 
3600 248 253 254 
3600 249 253 254 
3600 250 252 254 
3600 251 265 267 
3600 252 18 19 226 227 228 229 231 232 233 235 236 237 243 246 250 262 263 264 266 268 269 272 
3600 253 241 242 248 249 256 257 271 
3600 254 6 18 19 226 227 228 229 230 231 232 233 234 235 236 237 238 239 240 241 242 243 244 245 246 247 248 249 250 256 257 258 259 260 262 263 264 266 268 269 270 271 272 
3600 255 230 234 238 239 240 244 245 258 259 260 261 270 
3600 256 253 254 
3600 257 253 254 
3600 258 254 255 
3600 259 254 255 
3600 260 254 255 
3600 261 247 255 
3600 262 252 254 
3600 263 252 254 
3600 264 252 254 
3600 265 251 267 
3600 266 252 254 
3600 267 251 265 
3600 268 252 254 
3600 269 252 254 
3600 270 254 255 
3600 271 253 254 
3600 272 252 254 
3600 273 286 293 
3600 274 20 314 
3600 275 276 315 
3600 276 7 21 22 275 278 282 287 289 290 291 294 297 300 301 302 303 304 305 306 310 
3600 277 295 311 
3600 278 276 315 
3600 279 314 315 
3600 280 281 284 
3600 281 280 284 
3600 282 276 315 
3600 283 314 315 
3600 284 280 281 
3600 285 314 315 
3600 286 273 315 
3600 287 276 314 
3600 288 293 295 
3600 289 276 315 
3600 290 276 314 
3600 291 276 315 
3600 292 314 315 
3600 293 273 288 
3600 294 276 314 
3600 295 277 288 
3600 296 312 314 
3600 297 276 315 
3600 298 312 314 
3600 299 314 315 
3600 300 276 315 
3600 301 276 314 
3600 302 276 315 
3600 303 276 313 
3600 304 276 314 
3600 305 276 315 
3600 306 276 315 
3600 307 310 311 
3600 308 314 315 
3600 309 314 315 
3600 310 276 307 
3600 311 277 307 
3600 312 296 298 
3600 313 303 315 
3600 314 274 279 283 285 287 290 292 294 296 298 299 301 304 308 309 
3600 315 20 21 22 275 278 279 282 283 285 286 289 291 292 297 299 300 302 305 306 308 309 313 
3600 316 0 
3600 317 0 6 
3600 318 0 7 
3600 319 0 
3600 320 0 7 
3600 321 0 6 
3600 322 0 6 
3600 323 0 7 
3600 324 0 
3600 325 0 
3600 326 0 
3600 327 0 
3600 328 0 6 
3600 329 0 7 
3600 330 0 6 
3600 331 0 7 
3600 332 0 
3600 333 0 
3600 334 0 6 7 
3600 335 0 
3600 336 0 7 
3600 337 0 6 
3600 338 0 
3600 339 0 
3600 340 0 7 
3600 341 0 6 
3600 342 0 
3600 343 0 
3600 344 0 6 
3600 345 0 
5400 0 6 7 316 317 318 319 320 321 322 323 324 325 326 327 328 329 330 331 332 333 334 335 336 337 338 339 340 341 342 343 344 345 
5400 1 66 67 
5400 2 107 108 
5400 3 126 127 
5400 4 192 194 
5400 5 224 225 
5400 6 0 254 317 321 322 328 330 334 337 341 344 
5400 7 0 276 318 320 323 329 331 334 336 340 
5400 8 66 67 
5400 9 66 67 
5400 10 107 108 
5400 11 107 108 
5400 12 107 108 
5400 13 126 127 
5400 14 192 194 
5400 15 224 225 
5400 16 224 225 
5400 17 224 225 
5400 18 252 254 
5400 19 252 254 
5400 20 274 275 
5400 21 314 315 
5400 22 314 315 
5400 23 66 67 
5400 24 66 67 
5400 25 66 67 
5400 26 66 67 
5400 27 65 67 
5400 28 66 67 
5400 29 66 67 
5400 30 63 65 
5400 31 66 67 
5400 32 65 67 
5400 33 66 67 
5400 34 65 66 
5400 35 66 67 
5400 36 66 67 
5400 37 66 67 
5400 38 66 67 
5400 39 66 67 
5400 40 66 67 
5400 41 66 67 
5400 42 66 67 
5400 43 66 67 
5400 44 66 67 
5400 45 66 67 
5400 46 66 67 
5400 47 55 59 
5400 48 54 66 
5400 49 66 67 
5400 50 66 67 
5400 51 65 67 
5400 52 63 64 
5400 53 66 67 
5400 54 48 67 
5400 55 47 67 
5400 56 66 67 
5400 57 66 67 
5400 58 66 67 
5400 59 47 67 
5400 60 66 67 
5400 61 66 67 
5400 62 66 67 
5400 63 30 52 
5400 64 52 67 
5400 65 27 30 32 34 51 
5400 66 1 8 9 23 24 25 26 28 29 31 33 34 35 36 37 38 39 40 41 42 43 44 45 46 48 49 50 53 56 57 58 60 61 62 
5400 67 1 8 9 23 24 25 26 27 28 29 31 32 33 35 36 37 38 39 40 41 42 43 44 45 46 49 50 51 53 54 55 56 57 58 59 60 61 62 64 
5400 68 107 108 
5400 69 107 108 
5400 70 107 108 
5400 71 107 108 
5400 72 107 108 
5400 73 74 90 
5400 74 73 108 
5400 75 89 97 
5400 76 107 108 
5400 77 107 108 
5400 78 107 108 
5400 79 107 108 
5400 80 107 108 
5400 81 107 108 
5400 82 107 108 
5400 83 89 90 
5400 84 107 108 
5400 85 107 108 
5400 86 107 108 
5400 87 107 108 
5400 88 107 108 
5400 89 75 83 
5400 90 73 83 
5400 91 107 108 
5400 92 107 108 
5400 93 107 108 
5400 94 107 108 
5400 95 107 108 
5400 96 107 108 
5400 97 75 108 
5400 98 107 108 
5400 99 107 108 
5400 100 107 108 
5400 101 107 108 
5400 102 107 108 
5400 103 105 107 
5400 104 107 108 
5400 105 103 108 
5400 106 107 108 
5400 107 2 10 11 12 68 69 70 71 72 76 77 78 79 80 81 82 84 85 86 87 88 91 92 93 94 95 96 98 99 100 101 102 103 104 106 
5400 108 2 10 11 12 68 69 70 71 72 74 76 77 78 79 80 81 82 84 85 86 87 88 91 92 93 94 95 96 97 98 99 100 101 102 104 105 106 
5400 109 125 126 
5400 110 125 126 
5400 111 127 140 
5400 112 125 126 
5400 113 126 146 
5400 114 126 127 
5400 115 126 127 
5400 116 124 126 
5400 117 125 126 
5400 118 126 127 
5400 119 125 126 
5400 120 126 127 
5400 121 125 126 
5400 122 126 127 
5400 123 125 126 
5400 124 116 132 145 
5400 125 109 110 112 117 119 121 123 129 135 143 144 145 
5400 126 3 13 109 110 112 113 114 115 116 117 118 119 120 121 122 123 129 132 135 136 137 138 139 143 144 
5400 127 3 13 111 114 115 118 120 122 130 133 136 137 138 139 140 
5400 128 130 133 
5400 129 125 126 
5400 130 127 128 
5400 131 134 141 
5400 132 124 126 
5400 133 127 128 
5400 134 131 141 
5400 135 125 126 
5400 136 126 127 
5400 137 126 127 
5400 138 126 127 
5400 139 126 127 
5400 140 111 127 
5400 141 131 134 
5400 142 146 147 
5400 143 125 126 
5400 144 125 126 
5400 145 124 125 
5400 146 113 142 147 
5400 147 142 146 
5400 148 192 194 
5400 149 191 193 
5400 150 158 166 
5400 151 190 194 
5400 152 192 194 
5400 153 192 194 
5400 154 192 194 
5400 155 189 190 
5400 156 192 194 
5400 157 164 193 
5400 158 150 166 
5400 159 192 194 
5400 160 190 194 
5400 161 192 194 
5400 162 192 194 
5400 163 175 186 
5400 164 157 174 
5400 165 192 194 
5400 166 150 158 
5400 167 190 192 
5400 168 190 194 
5400 169 193 194 
5400 170 193 194 
5400 171 192 194 
5400 172 192 194 
5400 173 189 190 
5400 174 164 176 
5400 175 163 186 
5400 176 174 191 
5400 177 190 194 
5400 178 192 194 
5400 179 192 194 
5400 180 192 194 
5400 181 190 194 
5400 182 192 194 
5400 183 192 194 
5400 184 192 194 
5400 185 192 194 
5400 186 163 175 
5400 187 192 194 
5400 188 192 194 
5400 189 155 173 
5400 190 151 155 160 167 168 173 177 181 
5400 191 149 176 
5400 192 4 14 148 152 153 154 156 159 161 162 165 167 171 172 178 179 180 182 183 184 185 187 188 
5400 193 149 157 169 170 
5400 194 4 14 148 151 152 153 154 156 159 160 161 162 165 168 169 170 171 172 177 178 179 180 181 182 183 184 185 187 188 
5400 195 224 225 
5400 196 224 225 
5400 197 224 225 
5400 198 224 225 
5400 199 219 221 
5400 200 224 225 
5400 201 224 225 
5400 202 219 221 
5400 203 221 223 
5400 204 221 222 
5400 205 224 225 
5400 206 224 225 
5400 207 209 215 
5400 208 224 225 
5400 209 207 225 
5400 210 219 221 
5400 211 224 225 
5400 212 224 225 
5400 213 224 225 
5400 214 224 225 
5400 215 207 225 
5400 216 224 225 
5400 217 218 219 
5400 218 217 219 
5400 219 199 202 210 217 218 
5400 220 224 225 
5400 221 199 202 203 204 210 
5400 222 204 223 
5400 223 203 222 
5400 224 5 15 16 17 195 196 197 198 200 201 205 206 208 211 212 213 214 216 220 
5400 225 5 15 16 17 195 196 197 198 200 201 205 206 208 209 211 212 213 214 215 216 220 
5400 226 254 255 
5400 227 252 254 
5400 228 254 265 
5400 229 252 254 
5400 230 253 254 
5400 231 252 254 
5400 232 252 254 
5400 233 252 254 
5400 234 254 255 
5400 235 252 254 
5400 236 252 254 
5400 237 252 254 
5400 238 254 255 
5400 239 254 255 
5400 240 254 255 
5400 241 253 254 
5400 242 251 253 
5400 243 252 254 
5400 244 254 255 
5400 245 254 255 
5400 246 252 254 
5400 247 254 261 
5400 248 253 254 
5400 249 252 254 
5400 250 252 254 
5400 251 242 254 
5400 252 18 19 227 229 231 232 233 235 236 237 243 246 249 250 257 260 263 264 266 268 269 270 272 
5400 253 230 241 242 248 256 262 271 
5400 254 6 18 19 226 227 228 229 230 231 232 233 234 235 236 237 238 239 240 241 243 244 245 246 247 248 249 250 251 256 257 258 259 260 262 263 264 266 268 269 270 271 272 
5400 255 226 234 238 239 240 244 245 258 259 261 
5400 256 253 254 
5400 257 252 254 
5400 258 254 255 
5400 259 254 255 
5400 260 252 254 
5400 261 247 255 
5400 262 253 254 
5400 263 252 254 
5400 264 252 254 
5400 265 228 267 
5400 266 252 254 
5400 267 265 
5400 268 252 254 
5400 269 252 254 
5400 270 252 254 
5400 271 253 254 
5400 272 252 254 
5400 273 314 315 
5400 274 20 314 
5400 275 20 315 
5400 276 7 278 282 283 287 289 290 291 294 297 298 300 301 302 304 305 306 310 
5400 277 295 304 
5400 278 276 315 
5400 279 314 315 
5400 280 281 284 303 
5400 281 280 284 
5400 282 276 315 
5400 283 276 315 
5400 284 280 281 
5400 285 314 315 
5400 286 314 315 
5400 287 276 314 
5400 288 293 295 
5400 289 276 315 
5400 290 276 314 
5400 291 276 315 
5400 292 314 315 
5400 293 288 295 
5400 294 276 314 
5400 295 277 288 293 
5400 296 312 314 
5400 297 276 315 
5400 298 276 314 
5400 299 314 315 
5400 300 276 315 
5400 301 276 314 
5400 302 276 315 
5400 303 280 313 
5400 304 276 277 
5400 305 276 315 
5400 306 276 315 
5400 307 310 315 
5400 308 314 315 
5400 309 314 315 
5400 310 276 307 
5400 311 312 314 
5400 312 296 311 
5400 313 303 315 
5400 314 21 22 273 274 279 285 286 287 290 292 294 296 298 299 301 308 309 311 
5400 315 21 22 273 275 278 279 282 283 285 286 289 291 292 297 299 300 302 305 306 307 308 309 313 
5400 316 0 
5400 317 0 6 
5400 318 0 7 
5400 319 0 
5400 320 0 7 
5400 321 0 6 
5400 322 0 6 
5400 323 0 7 
5400 324 0 
5400 325 0 
5400 326 0 
5400 327 0 
5400 328 0 6 
5400 329 0 7 
5400 330 0 6 
5400 331 0 7 
5400 332 0 
5400 333 0 
5400 334 0 6 7 
5400 335 0 
5400 336 0 7 
5400 337 0 6 
5400 338 0 
5400 339 0 
5400 340 0 7 
5400 341 0 6 
5400 342 0 
5400 343 0 
5400 344 0 6 
5400 345 0 
7200 0 6 7 316 317 318 319 320 321 322 323 324 325 326 327 328 329 330 331 332 333 334 335 336 337 338 339 340 341 342 343 344 345 
7200 1 66 67 
7200 2 107 108 
7200 3 125 126 
7200 4 192 194 
7200 5 224 225 
7200 6 0 254 317 321 322 328 330 334 337 341 344 
7200 7 0 276 318 320 323 329 331 334 336 340 
7200 8 66 67 
7200 9 66 67 
7200 10 107 108 
7200 11 107 108 
7200 12 107 108 
7200 13 125 126 
7200 14 192 194 
7200 15 224 225 
7200 16 224 225 
7200 17 224 225 
7200 18 252 254 
7200 19 252 254 
7200 20 274 275 
7200 21 314 315 
7200 22 314 315 
7200 23 66 67 
7200 24 66 67 
7200 25 66 67 
7200 26 66 67 
7200 27 65 67 
7200 28 66 67 
7200 29 66 67 
7200 30 37 65 
7200 31 66 67 
7200 32 65 67 
7200 33 65 67 
7200 34 66 67 
7200 35 66 67 
7200 36 66 67 
7200 37 30 67 
7200 38 66 67 
7200 39 66 67 
7200 40 66 67 
7200 41 66 67 
7200 42 66 67 
7200 43 66 67 
7200 44 66 67 
7200 45 66 67 
7200 46 66 67 
7200 47 52 63 
7200 48 66 67 
7200 49 66 67 
7200 50 66 67 
7200 51 63 65 
7200 52 47 63 
7200 53 66 67 
7200 54 66 67 
7200 55 65 67 
7200 56 66 67 
7200 57 66 67 
7200 58 66 67 
7200 59 66 67 
7200 60 66 67 
7200 61 66 67 
7200 62 66 67 
7200 63 47 51 52 
7200 64 66 67 
7200 65 27 30 32 33 51 55 
7200 66 1 8 9 23 24 25 26 28 29 31 34 35 36 38 39 40 41 42 43 44 45 46 48 49 50 53 54 56 57 58 59 60 61 62 64 
7200 67 1 8 9 23 24 25 26 27 28 29 31 32 33 34 35 36 37 38 39 40 41 42 43 44 45 46 48 49 50 53 54 55 56 57 58 59 60 61 62 64 
7200 68 107 108 
7200 69 107 108 
7200 70 107 108 
7200 71 107 108 
7200 72 107 108 
7200 73 74 90 
7200 74 73 108 
7200 75 97 106 
7200 76 107 108 
7200 77 107 108 
7200 78 107 108 
7200 79 107 108 
7200 80 107 108 
7200 81 107 108 
7200 82 107 108 
7200 83 89 90 
7200 84 107 108 
7200 85 107 108 
7200 86 107 108 
7200 87 107 108 
7200 88 107 108 
7200 89 83 108 
7200 90 73 83 
7200 91 107 108 
7200 92 107 108 
7200 93 107 108 
7200 94 107 108 
7200 95 107 108 
7200 96 107 108 
7200 97 75 106 
7200 98 107 108 
7200 99 107 108 
7200 100 107 108 
7200 101 107 108 
7200 102 107 108 
7200 103 104 105 
7200 104 103 108 
7200 105 103 108 
7200 106 75 97 
7200 107 2 10 11 12 68 69 70 71 72 76 77 78 79 80 81 82 84 85 86 87 88 91 92 93 94 95 96 98 99 100 101 102 
7200 108 2 10 11 12 68 69 70 71 72 74 76 77 78 79 80 81 82 84 85 86 87 88 89 91 92 93 94 95 96 98 99 100 101 102 104 105 
7200 109 125 126 
7200 110 125 126 
7200 111 140 
7200 112 125 126 
7200 113 124 146 
7200 114 125 126 
7200 115 126 127 
7200 116 126 130 
7200 117 125 126 
7200 118 125 126 
7200 119 126 127 
7200 120 126 127 
7200 121 125 126 
7200 122 125 126 
7200 123 125 126 
7200 124 113 126 
7200 125 3 13 109 110 112 114 117 118 121 122 123 129 132 133 135 137 138 139 144 145 
7200 126 3 13 109 110 112 114 115 116 117 118 119 120 121 122 123 124 129 133 135 136 137 138 139 143 144 145 
7200 127 115 119 120 132 142 146 147 
7200 128 130 136 
7200 129 125 126 
7200 130 116 128 
7200 131 134 141 
7200 132 125 127 
7200 133 125 126 
7200 134 131 141 
7200 135 125 126 
7200 136 126 128 
7200 137 125 126 
7200 138 125 126 
7200 139 125 126 
7200 140 111 143 
7200 141 131 134 
7200 142 127 147 
7200 143 126 140 
7200 144 125 126 
7200 145 125 126 
7200 146 113 127 
7200 147 127 142 
7200 148 193 194 
7200 149 193 194 
7200 150 158 166 
7200 151 192 194 
7200 152 192 194 
7200 153 192 194 
7200 154 192 194 
7200 155 189 190 
7200 156 192 194 
7200 157 192 193 
7200 158 150 166 
7200 159 192 194 
7200 160 190 194 
7200 161 192 194 
7200 162 192 194 
7200 163 175 186 
7200 164 192 194 
7200 165 192 194 
7200 166 150 158 
7200 167 190 192 
7200 168 190 194 
7200 169 193 194 
7200 170 193 194 
7200 171 192 194 
7200 172 192 194 
7200 173 189 190 
7200 174 176 185 
7200 175 163 186 
7200 176 174 191 
7200 177 190 194 
7200 178 192 194 
7200 179 193 194 
7200 180 192 194 
7200 181 190 194 
7200 182 192 194 
7200 183 192 194 
7200 184 192 194 
7200 185 174 194 
7200 186 163 175 
7200 187 192 194 
7200 188 192 194 
7200 189 155 173 
7200 190 155 160 167 168 173 177 181 
7200 191 176 193 
7200 192 4 14 151 152 153 154 156 157 159 161 162 164 165 167 171 172 178 180 182 183 184 187 188 
7200 193 148 149 157 169 170 179 191 
7200 194 4 14 148 149 151 152 153 154 156 159 160 161 162 164 165 168 169 170 171 172 177 178 179 180 181 182 183 184 185 187 188 
7200 195 224 225 
7200 196 224 225 
7200 197 224 225 
7200 198 224 225 
7200 199 221 225 
7200 200 224 225 
7200 201 224 225 
7200 202 218 221 
7200 203 221 223 
7200 204 222 223 
7200 205 224 225 
7200 206 224 225 
7200 207 208 209 
7200 208 207 225 
7200 209 207 225 
7200 210 224 225 
7200 211 224 225 
7200 212 224 225 
7200 213 224 225 
7200 214 224 225 
7200 215 224 225 
7200 216 224 225 
7200 217 218 219 
7200 218 202 217 219 
7200 219 217 218 
7200 220 224 225 
7200 221 199 202 203 
7200 222 204 223 
7200 223 203 204 222 
7200 224 5 15 16 17 195 196 197 198 200 201 205 206 210 211 212 213 214 215 216 220 
7200 225 5 15 16 17 195 196 197 198 199 200 201 205 206 208 209 210 211 212 213 214 215 216 220 
7200 226 252 254 
7200 227 252 254 
7200 228 252 254 
7200 229 252 254 
7200 230 252 254 
7200 231 252 254 
7200 232 252 254 
7200 233 252 254 
7200 234 254 255 
7200 235 252 254 
7200 236 254 267 
7200 237 252 254 
7200 238 254 255 
7200 239 254 255 
7200 240 254 255 
7200 241 253 254 
7200 242 251 253 
7200 243 252 254 
7200 244 254 255 
7200 245 254 255 
7200 246 254 267 
7200 247 255 261 
7200 248 253 254 
7200 249 252 254 
7200 250 252 254 
7200 251 242 254 
7200 252 18 19 226 227 228 229 230 231 232 233 235 237 243 249 250 260 263 264 265 266 268 270 272 
7200 253 241 242 248 256 269 271 
7200 254 6 18 19 226 227 228 229 230 231 232 233 234 235 236 237 238 239 240 241 243 244 245 246 248 249 250 251 256 257 258 259 262 263 264 265 266 268 269 270 271 272 
7200 255 234 238 239 240 244 245 247 258 259 261 262 
7200 256 253 254 
7200 257 254 260 
7200 258 254 255 
7200 259 254 255 
7200 260 252 257 
7200 261 247 255 
7200 262 254 255 
7200 263 252 254 
7200 264 252 254 
7200 265 252 254 
7200 266 252 254 
7200 267 236 246 
7200 268 252 254 
7200 269 253 254 
7200 270 252 254 
7200 271 253 254 
7200 272 252 254 
7200 273 313 315 
7200 274 20 314 
7200 275 20 315 
7200 276 7 278 280 281 282 287 289 290 291 294 296 297 298 300 301 302 303 304 305 306 310 312 
7200 277 295 296 
7200 278 276 293 
7200 279 314 315 
7200 280 276 284 
7200 281 276 315 
7200 282 276 315 
7200 283 314 315 
7200 284 280 307 
7200 285 314 315 
7200 286 314 315 
7200 287 276 315 
7200 288 293 295 
7200 289 276 315 
7200 290 276 315 
7200 291 276 315 
7200 292 314 315 
7200 293 278 288 
7200 294 276 315 
7200 295 277 288 
7200 296 276 277 
7200 297 276 315 
7200 298 276 315 
7200 299 314 315 
7200 300 276 315 
7200 301 276 315 
7200 302 276 315 
7200 303 276 315 
7200 304 276 314 
7200 305 276 315 
7200 306 276 315 
7200 307 284 310 
7200 308 314 315 
7200 309 314 315 
7200 310 276 307 
7200 311 314 315 
7200 312 276 315 
7200 313 273 315 
7200 314 21 22 274 279 283 285 286 292 299 304 308 309 311 
7200 315 21 22 273 275 279 281 282 283 285 286 287 289 290 291 292 294 297 298 299 300 301 302 303 305 306 308 309 311 312 313 
7200 316 0 
7200 317 0 6 
7200 318 0 7 
7200 319 0 
7200 320 0 7 
7200 321 0 6 
7200 322 0 6 
7200 323 0 7 
7200 324 0 
7200 325 0 
7200 326 0 
7200 327 0 
7200 328 0 6 
7200 329 0 7 
7200 330 0 6 
7200 331 0 7 
7200 332 0 
7200 333 0 
7200 334 0 6 7 
7200 335 0 
7200 336 0 7 
7200 337 0 6 
7200 338 0 
7200 339 0 
7200 340 0 7 
7200 341 0 6 
7200 342 0 
7200 343 0 
7200 344 0 6 
7200 345 0 
9000 0 6 7 316 317 318 319 320 321 322 323 324 325 326 327 328 329 330 331 332 333 334 335 336 337 338 339 340 341 342 343 344 345 
9000 1 66 67 
9000 2 107 108 
9000 3 126 127 
9000 4 192 194 
9000 5 224 225 
9000 6 0 254 317 321 322 328 330 334 337 341 344 
9000 7 0 276 318 320 323 329 331 334 336 340 
9000 8 66 67 
9000 9 66 67 
9000 10 107 108 
9000 11 107 108 
9000 12 107 108 
9000 13 126 127 
9000 14 192 194 
9000 15 224 225 
9000 16 224 225 
9000 17 224 225 
9000 18 252 254 
9000 19 252 254 
9000 20 275 315 
9000 21 314 315 
9000 22 314 315 
9000 23 66 67 
9000 24 66 67 
9000 25 66 67 
9000 26 66 67 
9000 27 66 67 
9000 28 66 67 
9000 29 66 67 
9000 30 37 65 
9000 31 66 67 
9000 32 65 67 
9000 33 65 67 
9000 34 66 67 
9000 35 66 67 
9000 36 66 67 
9000 37 30 67 
9000 38 66 67 
9000 39 66 67 
9000 40 66 67 
9000 41 66 67 
9000 42 66 67 
9000 43 66 67 
9000 44 66 67 
9000 45 66 67 
9000 46 66 67 
9000 47 65 67 
9000 48 61 66 
9000 49 66 67 
9000 50 66 67 
9000 51 66 67 
9000 52 59 63 
9000 53 66 67 
9000 54 66 67 
9000 55 66 67 
9000 56 66 67 
9000 57 66 67 
9000 58 66 67 
9000 59 52 67 
9000 60 66 67 
9000 61 48 67 
9000 62 66 67 
9000 63 52 67 
9000 64 66 67 
9000 65 30 32 33 47 
9000 66 1 8 9 23 24 25 26 27 28 29 31 34 35 36 38 39 40 41 42 43 44 45 46 48 49 50 51 53 54 55 56 57 58 60 62 64 
9000 67 1 8 9 23 24 25 26 27 28 29 31 32 33 34 35 36 37 38 39 40 41 42 43 44 45 46 47 49 50 51 53 54 55 56 57 58 59 60 61 62 63 64 
9000 68 107 108 
9000 69 107 108 
9000 70 107 108 
9000 71 107 108 
9000 72 107 108 
9000 73 74 90 
9000 74 73 108 
9000 75 97 108 
9000 76 107 108 
9000 77 107 108 
9000 78 107 108 
9000 79 107 108 
9000 80 107 108 
9000 81 107 108 
9000 82 107 108 
9000 83 89 90 
9000 84 107 108 
9000 85 107 108 
9000 86 107 108 
9000 87 107 108 
9000 88 107 108 
9000 89 83 90 
9000 90 73 83 89 
9000 91 107 108 
9000 92 107 108 
9000 93 107 108 
9000 94 107 108 
9000 95 107 108 
9000 96 107 108 
9000 97 75 103 
9000 98 107 108 
9000 99 107 108 
9000 100 107 108 
9000 101 107 108 
9000 102 107 108 
9000 103 97 108 
9000 104 107 108 
9000 105 107 108 
9000 106 107 108 
9000 107 2 10 11 12 68 69 70 71 72 76 77 78 79 80 81 82 84 85 86 87 88 91 92 93 94 95 96 98 99 100 101 102 104 105 106 
9000 108 2 10 11 12 68 69 70 71 72 74 75 76 77 78 79 80 81 82 84 85 86 87 88 91 92 93 94 95 96 98 99 100 101 102 103 104 105 106 
9000 109 125 126 
9000 110 125 126 
9000 111 126 127 
9000 112 125 126 
9000 113 124 146 
9000 114 126 127 
9000 115 126 127 
9000 116 126 127 
9000 117 125 126 
9000 118 126 127 
9000 119 125 126 
9000 120 126 127 
9000 121 125 126 
9000 122 127 132 
9000 123 126 129 
9000 124 113 129 132 
9000 125 109 110 112 117 119 121 135 144 145 
9000 126 3 13 109 110 111 112 114 115 116 117 118 119 120 121 123 133 135 136 137 138 139 140 143 144 145 
9000 127 3 13 111 114 115 116 118 120 122 130 133 136 137 138 139 140 143 
9000 128 130 
9000 129 123 124 
9000 130 127 128 
9000 131 134 141 
9000 132 122 124 
9000 133 126 127 
9000 134 131 141 
9000 135 125 126 
9000 136 126 127 
9000 137 126 127 
9000 138 126 127 
9000 139 126 127 
9000 140 126 127 
9000 141 131 134 
9000 142 146 147 
9000 143 126 127 
9000 144 125 126 
9000 145 125 126 
9000 146 113 142 147 
9000 147 142 146 
9000 148 192 194 
9000 149 191 193 
9000 150 158 166 
9000 151 191 194 
9000 152 193 194 
9000 153 192 194 
9000 154 190 194 
9000 155 190 192 
9000 156 192 194 
9000 157 179 193 
9000 158 150 166 
9000 159 192 194 
9000 160 190 194 
9000 161 192 194 
9000 162 192 194 
9000 163 175 186 
9000 164 192 194 
9000 165 192 194 
9000 166 150 158 
9000 167 192 194 
9000 168 193 194 
9000 169 193 194 
9000 170 193 194 
9000 171 192 194 
9000 172 192 194 
9000 173 190 192 
9000 174 176 185 
9000 175 163 186 
9000 176 174 191 
9000 177 192 194 
9000 178 190 194 
9000 179 157 194 
9000 180 190 194 
9000 181 190 194 
9000 182 192 194 
9000 183 192 194 
9000 184 192 194 
9000 185 174 194 
9000 186 163 175 
9000 187 192 194 
9000 188 192 194 
9000 189 192 194 
9000 190 154 155 160 173 178 180 181 
9000 191 149 151 176 
9000 192 4 14 148 153 155 156 159 161 162 164 165 167 171 172 173 177 182 183 184 187 188 189 
9000 193 149 152 157 168 169 170 
9000 194 4 14 148 151 152 153 154 156 159 160 161 162 164 165 167 168 169 170 171 172 177 178 179 180 181 182 183 184 185 187 188 189 
9000 195 224 225 
9000 196 224 225 
9000 197 224 225 
9000 198 224 225 
9000 199 216 221 
9000 200 224 225 
9000 201 224 225 
9000 202 218 221 
9000 203 221 223 
9000 204 221 222 
9000 205 224 225 
9000 206 224 225 
9000 207 209 211 
9000 208 224 225 
9000 209 207 225 
9000 210 224 225 
9000 211 207 224 
9000 212 224 225 
9000 213 224 225 
9000 214 224 225 
9000 215 224 225 
9000 216 199 225 
9000 217 218 219 
9000 218 202 217 219 
9000 219 217 218 
9000 220 224 225 
9000 221 199 202 203 204 
9000 222 204 223 
9000 223 203 222 
9000 224 5 15 16 17 195 196 197 198 200 201 205 206 208 210 211 212 213 214 215 220 
9000 225 5 15 16 17 195 196 197 198 200 201 205 206 208 209 210 212 213 214 215 216 220 
9000 226 252 254 
9000 227 252 254 
9000 228 242 265 267 
9000 229 252 254 
9000 230 252 254 
9000 231 253 254 
9000 232 254 255 
9000 233 252 254 
9000 234 254 255 
9000 235 252 254 
9000 236 252 254 
9000 237 252 254 
9000 238 254 255 
9000 239 254 255 
9000 240 254 255 
9000 241 253 254 
9000 242 228 253 
9000 243 252 254 
9000 244 254 255 
9000 245 254 255 
9000 246 252 254 
9000 247 254 261 
9000 248 253 254 
9000 249 253 254 
9000 250 252 254 
9000 251 253 254 
9000 252 18 19 226 227 229 230 233 235 236 237 243 246 250 257 260 262 263 264 266 268 269 270 272 
9000 253 231 241 242 248 249 251 271 
9000 254 6 18 19 226 227 229 230 231 232 233 234 235 236 237 238 239 240 241 243 244 245 246 247 248 249 250 251 256 257 258 259 260 262 263 264 266 268 269 270 271 272 
9000 255 232 234 238 239 240 244 245 256 258 259 261 
9000 256 254 255 
9000 257 252 254 
9000 258 254 255 
9000 259 254 255 
9000 260 252 254 
9000 261 247 255 
9000 262 252 254 
9000 263 252 254 
9000 264 252 254 
9000 265 228 267 
9000 266 252 254 
9000 267 228 265 
9000 268 252 254 
9000 269 252 254 
9000 270 252 254 
9000 271 253 254 
9000 272 252 254 
9000 273 313 315 
9000 274 276 315 
9000 275 20 315 
9000 276 7 274 278 282 283 287 289 290 291 294 297 298 299 300 302 303 305 306 309 310 
9000 277 287 295 296 
9000 278 276 315 
9000 279 314 315 
9000 280 284 301 
9000 281 284 301 
9000 282 276 315 
9000 283 276 314 
9000 284 280 281 
9000 285 314 315 
9000 286 314 315 
9000 287 276 277 
9000 288 293 295 
9000 289 276 315 
9000 290 276 314 
9000 291 276 315 
9000 292 312 314 
9000 293 288 315 
9000 294 276 314 
9000 295 277 288 
9000 296 277 314 
9000 297 276 315 
9000 298 276 314 
9000 299 276 315 
9000 300 276 315 
9000 301 280 281 
9000 302 276 315 
9000 303 276 314 
9000 304 312 314 
9000 305 276 315 
9000 306 276 315 
9000 307 309 310 
9000 308 314 315 
9000 309 276 307 
9000 310 276 307 
9000 311 314 315 
9000 312 292 304 
9000 313 273 315 
9000 314 21 22 279 283 285 286 290 292 294 296 298 303 304 308 311 
9000 315 20 21 22 273 274 275 278 279 282 285 286 289 291 293 297 299 300 302 305 306 308 311 313 
9000 316 0 
9000 317 0 6 
9000 318 0 7 
9000 319 0 
9000 320 0 7 
9000 321 0 6 
9000 322 0 6 
9000 323 0 7 
9000 324 0 
9000 325 0 
9000 326 0 
9000 327 0 
9000 328 0 6 
9000 329 0 7 
9000 330 0 6 
9000 331 0 7 
9000 332 0 
9000 333 0 
9000 334 0 6 7 
9000 335 0 
9000 336 0 7 
9000 337 0 6 
9000 338 0 
9000 339 0 
9000 340 0 7 
9000 341 0 6 
9000 342 0 
9000 343 0 
9000 344 0 6 
9000 345 0 
10800 0 6 7 316 317 318 319 320 321 322 323 324 325 326 327 328 329 330 331 332 333 334 335 336 337 338 339 340 341 342 343 344 345 
10800 1 66 67 
10800 2 107 108 
10800 3 126 127 
10800 4 192 194 
10800 5 224 225 
10800 6 0 254 317 321 322 328 330 334 337 341 344 
10800 7 0 276 318 320 323 329 331 334 336 340 
10800 8 66 67 
10800 9 66 67 
10800 10 107 108 
10800 11 107 108 
10800 12 107 108 
10800 13 126 127 
10800 14 192 194 
10800 15 224 225 
10800 16 224 225 
10800 17 224 225 
10800 18 252 254 
10800 19 252 254 
10800 20 274 275 
10800 21 314 315 
10800 22 314 315 
10800 23 66 67 
10800 24 66 67 
10800 25 66 67 
10800 26 66 67 
10800 27 65 67 
10800 28 66 67 
10800 29 66 67 
10800 30 37 65 
10800 31 66 67 
10800 32 65 67 
10800 33 66 67 
10800 34 66 67 
10800 35 66 67 
10800 36 66 67 
10800 37 30 67 
10800 38 66 67 
10800 39 66 67 
10800 40 66 67 
10800 41 66 67 
10800 42 66 67 
10800 43 66 67 
10800 44 66 67 
10800 45 66 67 
10800 46 66 67 
10800 47 52 59 
10800 48 54 66 
10800 49 66 67 
10800 50 66 67 
10800 51 63 65 
10800 52 47 63 
10800 53 66 67 
10800 54 48 67 
10800 55 65 67 
10800 56 66 67 
10800 57 66 67 
10800 58 66 67 
10800 59 47 67 
10800 60 66 67 
10800 61 66 67 
10800 62 66 67 
10800 63 51 52 
10800 64 66 67 
10800 65 27 30 32 51 55 
10800 66 1 8 9 23 24 25 26 28 29 31 33 34 35 36 38 39 40 41 42 43 44 45 46 48 49 50 53 56 57 58 60 61 62 64 
10800 67 1 8 9 23 24 25 26 27 28 29 31 32 33 34 35 36 37 38 39 40 41 42 43 44 45 46 49 50 53 54 55 56 57 58 59 60 61 62 64 
10800 68 107 108 
10800 69 107 108 
10800 70 107 108 
10800 71 107 108 
10800 72 107 108 
10800 73 91 106 
10800 74 107 108 
10800 75 89 97 
10800 76 107 108 
10800 77 107 108 
10800 78 107 108 
10800 79 107 108 
10800 80 107 108 
10800 81 107 108 
10800 82 107 108 
10800 83 89 90 
10800 84 107 108 
10800 85 107 108 
10800 86 107 108 
10800 87 107 108 
10800 88 107 108 
10800 89 75 83 
10800 90 83 108 
10800 91 73 108 
10800 92 107 108 
10800 93 97 108 
10800 94 107 108 
10800 95 107 108 
10800 96 107 108 
10800 97 75 93 
10800 98 107 108 
10800 99 107 108 
10800 100 107 108 
10800 101 107 108 
10800 102 107 108 
10800 103 104 105 
10800 104 103 108 
10800 105 103 108 
10800 106 73 108 
10800 107 2 10 11 12 68 69 70 71 72 74 76 77 78 79 80 81 82 84 85 86 87 88 92 94 95 96 98 99 100 101 102 
10800 108 2 10 11 12 68 69 70 71 72 74 76 77 78 79 80 81 82 84 85 86 87 88 90 91 92 93 94 95 96 98 99 100 101 102 104 105 106 
10800 109 126 127 
10800 110 125 126 
10800 111 125 127 
10800 112 125 126 
10800 113 142 146 
10800 114 126 127 
10800 115 126 127 
10800 116 124 126 
10800 117 126 127 
10800 118 126 127 
10800 119 126 127 
10800 120 126 127 
10800 121 126 127 
10800 122 127 132 
10800 123 125 126 
10800 124 116 132 
10800 125 110 111 112 123 129 135 144 
10800 126 3 13 109 110 112 114 115 116 117 118 119 120 121 123 129 133 135 136 137 138 139 140 143 144 145 
10800 127 3 13 109 111 114 115 117 118 119 120 121 122 130 133 136 137 138 139 140 143 145 
10800 128 130 142 
10800 129 125 126 
10800 130 127 128 
10800 131 134 141 
10800 132 122 124 
10800 133 126 127 
10800 134 131 141 
10800 135 125 126 
10800 136 126 127 
10800 137 126 127 
10800 138 126 127 
10800 139 126 127 
10800 140 126 127 
10800 141 131 134 
10800 142 113 128 147 
10800 143 126 127 
10800 144 125 126 
10800 145 126 127 
10800 146 113 147 
10800 147 142 146 
10800 148 192 194 
10800 149 191 193 
10800 150 158 166 
10800 151 192 194 
10800 152 192 194 
10800 153 192 194 
10800 154 192 194 
10800 155 189 190 
10800 156 192 194 
10800 157 192 193 
10800 158 150 166 
10800 159 192 194 
10800 160 190 194 
10800 161 192 194 
10800 162 192 194 
10800 163 175 186 
10800 164 192 194 
10800 165 192 194 
10800 166 150 158 
10800 167 190 192 
10800 168 190 194 
10800 169 193 194 
10800 170 193 194 
10800 171 192 194 
10800 172 192 194 
10800 173 189 190 
10800 174 176 185 
10800 175 163 186 
10800 176 174 191 
10800 177 190 194 
10800 178 192 194 
10800 179 192 194 
10800 180 192 194 
10800 181 190 194 
10800 182 192 194 
10800 183 192 194 
10800 184 192 194 
10800 185 174 194 
10800 186 163 175 
10800 187 192 194 
10800 188 192 194 
10800 189 155 173 
10800 190 155 160 167 168 173 177 181 
10800 191 149 176 
10800 192 4 14 148 151 152 153 154 156 157 159 161 162 164 165 167 171 172 178 179 180 182 183 184 187 188 
10800 193 149 157 169 170 
10800 194 4 14 148 151 152 153 154 156 159 160 161 162 164 165 168 169 170 171 172 177 178 179 180 181 182 183 184 185 187 188 
10800 195 224 225 
10800 196 224 225 
10800 197 224 225 
10800 198 224 225 
10800 199 221 225 
10800 200 224 225 
10800 201 224 225 
10800 202 221 225 
10800 203 207 223 
10800 204 221 222 
10800 205 224 225 
10800 206 224 225 
10800 207 203 209 
10800 208 224 225 
10800 209 207 225 
10800 210 219 221 
10800 211 224 225 
10800 212 224 225 
10800 213 224 225 
10800 214 224 225 
10800 215 224 225 
10800 216 224 225 
10800 217 218 219 
10800 218 217 219 
10800 219 210 217 218 
10800 220 224 225 
10800 221 199 202 204 210 
10800 222 204 223 
10800 223 203 222 
10800 224 5 15 16 17 195 196 197 198 200 201 205 206 208 211 212 213 214 215 216 220 
10800 225 5 15 16 17 195 196 197 198 199 200 201 202 205 206 208 209 211 212 213 214 215 216 220 
10800 226 251 254 
10800 227 253 254 
10800 228 252 254 
10800 229 254 255 
10800 230 252 254 
10800 231 252 254 
10800 232 252 254 
10800 233 252 254 
10800 234 254 255 
10800 235 254 255 
10800 236 252 254 
10800 237 252 254 
10800 238 254 255 
10800 239 254 255 
10800 240 254 255 
10800 241 252 253 
10800 242 252 253 
10800 243 251 254 
10800 244 250 255 
10800 245 254 255 
10800 246 252 254 
10800 247 251 254 
10800 248 253 254 
10800 249 254 255 
10800 250 244 261 
10800 251 226 243 247 263 268 
10800 252 18 19 228 230 231 232 233 236 237 241 242 246 256 257 260 262 264 265 266 267 269 270 
10800 253 227 241 242 248 256 
10800 254 6 18 19 226 227 228 229 230 231 232 233 234 235 236 237 238 239 240 243 245 246 247 248 249 257 258 259 260 262 263 264 265 266 267 268 269 270 271 272 
10800 255 229 234 235 238 239 240 244 245 249 258 259 261 271 272 
10800 256 252 253 
10800 257 252 254 
10800 258 254 255 
10800 259 254 255 
10800 260 252 254 
10800 261 250 255 
10800 262 252 254 
10800 263 251 254 
10800 264 252 254 
10800 265 252 254 
10800 266 252 254 
10800 267 252 254 
10800 268 251 254 
10800 269 252 254 
10800 270 252 254 
10800 271 254 255 
10800 272 254 255 
10800 273 313 315 
10800 274 20 314 
10800 275 20 315 
10800 276 7 282 283 287 289 291 294 297 298 299 300 301 302 303 304 305 306 310 
10800 277 278 295 
10800 278 277 293 
10800 279 314 315 
10800 280 281 284 
10800 281 280 284 
10800 282 276 315 
10800 283 276 315 
10800 284 280 281 
10800 285 314 315 
10800 286 314 315 
10800 287 276 315 
10800 288 293 295 
10800 289 276 315 
10800 290 312 314 
10800 291 276 315 
10800 292 314 315 
10800 293 278 288 
10800 294 276 314 
10800 295 277 288 
10800 296 312 314 
10800 297 276 315 
10800 298 276 314 
10800 299 276 315 
10800 300 276 315 
10800 301 276 314 
10800 302 276 315 
10800 303 276 315 
10800 304 276 314 
10800 305 276 315 
10800 306 276 315 
10800 307 310 314 
10800 308 314 315 
10800 309 314 315 
10800 310 276 307 
10800 311 314 315 
10800 312 290 296 
10800 313 273 315 
10800 314 21 22 274 279 285 286 290 292 294 296 298 301 304 307 308 309 311 
10800 315 21 22 273 275 279 282 283 285 286 287 289 291 292 297 299 300 302 303 305 306 308 309 311 313 
10800 316 0 
10800 317 0 6 
10800 318 0 7 
10800 319 0 
10800 320 0 7 
10800 321 0 6 
10800 322 0 6 
10800 323 0 7 
10800 324 0 
10800 325 0 
10800 326 0 
10800 327 0 
10800 328 0 6 
10800 329 0 7 
10800 330 0 6 
10800 331 0 7 
10800 332 0 
10800 333 0 
10800 334 0 6 7 
10800 335 0 
10800 336 0 7 
10800 337 0 6 
10800 338 0 
10800 339 0 
10800 340 0 7 
10800 341 0 6 
10800 342 0 
10800 343 0 
10800 344 0 6 
10800 345 0 
12600 0 6 7 316 317 318 319 320 321 322 323 324 325 326 327 328 329 330 331 332 333 334 335 336 337 338 339 340 341 342 343 344 345 
12600 1 66 67 
12600 2 107 108 
12600 3 126 127 
12600 4 192 194 
12600 5 224 225 
12600 6 0 254 317 321 322 328 330 334 337 341 344 
12600 7 0 276 318 320 323 329 331 334 336 340 
12600 8 66 67 
12600 9 66 67 
12600 10 107 108 
12600 11 107 108 
12600 12 107 108 
12600 13 126 127 
12600 14 192 194 
12600 15 224 225 
12600 16 224 225 
12600 17 224 225 
12600 18 252 254 
12600 19 252 254 
12600 20 274 275 
12600 21 314 315 
12600 22 314 315 
12600 23 66 67 
12600 24 66 67 
12600 25 66 67 
12600 26 66 67 
12600 27 66 67 
12600 28 66 67 
12600 29 66 67 
12600 30 37 65 
12600 31 66 67 
12600 32 66 67 
12600 33 65 67 
12600 34 66 67 
12600 35 66 67 
12600 36 66 67 
12600 37 30 67 
12600 38 64 67 
12600 39 66 67 
12600 40 66 67 
12600 41 66 67 
12600 42 66 67 
12600 43 66 67 
12600 44 66 67 
12600 45 66 67 
12600 46 66 67 
12600 47 66 67 
12600 48 65 66 
12600 49 66 67 
12600 50 66 67 
12600 51 63 65 
12600 52 63 66 
12600 53 66 67 
12600 54 66 67 
12600 55 64 67 
12600 56 66 67 
12600 57 65 67 
12600 58 66 67 
12600 59 66 67 
12600 60 66 67 
12600 61 66 67 
12600 62 66 67 
12600 63 51 52 
12600 64 38 55 
12600 65 30 33 48 51 57 
12600 66 1 8 9 23 24 25 26 27 28 29 31 32 34 35 36 39 40 41 42 43 44 45 46 47 48 49 50 52 53 54 56 58 59 60 61 62 
12600 67 1 8 9 23 24 25 26 27 28 29 31 32 33 34 35 36 37 38 39 40 41 42 43 44 45 46 47 49 50 53 54 55 56 57 58 59 60 61 62 
12600 68 107 108 
12600 69 107 108 
12600 70 107 108 
12600 71 107 108 
12600 72 107 108 
12600 73 107 108 
12600 74 107 108 
12600 75 107 108 
12600 76 107 108 
12600 77 107 108 
12600 78 107 108 
12600 79 107 108 
12600 80 107 108 
12600 81 107 108 
12600 82 107 108 
12600 83 107 108 
12600 84 107 108 
12600 85 107 108 
12600 86 107 108 
12600 87 107 108 
12600 88 107 108 
12600 89 107 108 
12600 90 107 108 
12600 91 107 108 
12600 92 107 108 
12600 93 107 108 
12600 94 107 108 
12600 95 107 108 
12600 96 107 108 
12600 97 98 107 
12600 98 97 108 
12600 99 107 108 
12600 100 107 108 
12600 101 107 108 
12600 102 107 108 
12600 103 106 116 
12600 104 107 108 
12600 105 107 108 
12600 106 103 108 
12600 107 2 10 11 12 68 69 70 71 72 73 74 75 76 77 78 79 80 81 82 83 84 85 86 87 88 89 90 91 92 93 94 95 96 97 99 100 101 102 104 105 
12600 108 2 10 11 12 68 69 70 71 72 73 74 75 76 77 78 79 80 81 82 83 84 85 86 87 88 89 90 91 92 93 94 95 96 98 99 100 101 102 104 105 106 
12600 109 126 127 
12600 110 125 126 
12600 111 127 140 
12600 112 125 126 
12600 113 124 147 
12600 114 126 127 
12600 115 126 127 
12600 116 103 128 142 
12600 117 126 127 
12600 118 126 127 
12600 119 126 127 
12600 120 126 127 
12600 121 125 126 
12600 122 127 132 
12600 123 125 126 
12600 124 113 132 
12600 125 110 112 121 123 129 135 144 145 
12600 126 3 13 109 110 112 114 115 117 118 119 120 121 123 129 133 135 136 137 138 139 143 144 145 146 
12600 127 3 13 109 111 114 115 117 118 119 120 122 130 133 136 137 138 139 140 143 146 
12600 128 116 130 
12600 129 125 126 
12600 130 127 128 
12600 131 134 141 
12600 132 122 124 
12600 133 126 127 
12600 134 131 141 
12600 135 125 126 
12600 136 126 127 
12600 137 126 127 
12600 138 126 127 
12600 139 126 127 
12600 140 111 127 
12600 141 131 134 
12600 142 116 147 
12600 143 126 127 
12600 144 125 126 
12600 145 125 126 
12600 146 126 127 
12600 147 113 142 
12600 148 192 194 
12600 149 191 193 
12600 150 158 166 
12600 151 192 194 
12600 152 193 194 
12600 153 192 194 
12600 154 192 194 
12600 155 189 190 
12600 156 192 194 
12600 157 192 193 
12600 158 150 166 
12600 159 192 194 
12600 160 192 194 
12600 161 192 194 
12600 162 192 194 
12600 163 175 186 
12600 164 192 194 
12600 165 192 194 
12600 166 150 158 
12600 167 190 192 
12600 168 192 194 
12600 169 193 194 
12600 170 193 194 
12600 171 192 194 
12600 172 192 194 
12600 173 189 190 
12600 174 176 185 
12600 175 163 186 
12600 176 174 191 
12600 177 192 194 
12600 178 192 194 
12600 179 192 194 
12600 180 192 194 
12600 181 190 194 
12600 182 192 194 
12600 183 192 194 
12600 184 193 194 
12600 185 174 194 
12600 186 163 175 
12600 187 192 194 
12600 188 192 194 
12600 189 155 173 
12600 190 155 167 173 181 
12600 191 149 176 
12600 192 4 14 148 151 153 154 156 157 159 160 161 162 164 165 167 168 171 172 177 178 179 180 182 183 187 188 
12600 193 149 152 157 169 170 184 
12600 194 4 14 148 151 152 153 154 156 159 160 161 162 164 165 168 169 170 171 172 177 178 179 180 181 182 183 184 185 187 188 
12600 195 224 225 
12600 196 224 225 
12600 197 224 225 
12600 198 224 225 
12600 199 223 225 
12600 200 224 225 
12600 201 224 225 
12600 202 221 223 
12600 203 207 223 
12600 204 221 222 
12600 205 224 225 
12600 206 224 225 
12600 207 203 209 
12600 208 224 225 
12600 209 207 225 
12600 210 224 225 
12600 211 224 225 
12600 212 224 225 
12600 213 224 225 
12600 214 224 225 
12600 215 224 225 
12600 216 224 225 
12600 217 218 219 
12600 218 217 219 
12600 219 217 218 
12600 220 224 225 
12600 221 202 204 
12600 222 204 223 
12600 223 199 202 203 222 
12600 224 5 15 16 17 195 196 197 198 200 201 205 206 208 210 211 212 213 214 215 216 220 
12600 225 5 15 16 17 195 196 197 198 199 200 201 205 206 208 209 210 211 212 213 214 215 216 220 
12600 226 252 254 
12600 227 252 254 
12600 228 254 265 
12600 229 252 254 
12600 230 252 254 
12600 231 252 254 
12600 232 252 254 
12600 233 252 254 
12600 234 254 255 
12600 235 252 254 
12600 236 252 254 
12600 237 252 254 
12600 238 254 255 
12600 239 254 255 
12600 240 254 255 
12600 241 253 254 
12600 242 252 253 
12600 243 252 254 
12600 244 254 255 
12600 245 254 255 
12600 246 252 254 
12600 247 252 254 
12600 248 253 254 
12600 249 252 254 
12600 250 252 254 
12600 251 253 254 
12600 252 18 19 226 227 229 230 231 232 233 235 236 237 242 243 246 247 249 250 257 260 261 263 266 268 269 272 
12600 253 241 242 248 251 256 262 271 
12600 254 6 18 19 226 227 228 229 230 231 232 233 234 235 236 237 238 239 240 241 243 244 245 246 247 248 249 250 251 256 257 258 259 260 262 263 264 266 268 269 270 271 272 
12600 255 234 238 239 240 244 245 258 259 261 270 
12600 256 253 254 
12600 257 252 254 
12600 258 254 255 
12600 259 254 255 
12600 260 252 254 
12600 261 252 255 
12600 262 253 254 
12600 263 252 254 
12600 264 254 267 
12600 265 228 267 
12600 266 252 254 
12600 267 264 265 
12600 268 252 254 
12600 269 252 254 
12600 270 254 255 
12600 271 253 254 
12600 272 252 254 
12600 273 313 315 
12600 274 20 314 
12600 275 20 315 
12600 276 7 278 282 283 287 289 290 291 294 297 298 300 301 302 303 304 305 306 310 312 
12600 277 291 295 
12600 278 276 315 
12600 279 314 315 
12600 280 281 284 
12600 281 280 284 
12600 282 276 315 
12600 283 276 315 
12600 284 280 281 307 
12600 285 314 315 
12600 286 314 315 
12600 287 276 314 
12600 288 293 295 
12600 289 276 315 
12600 290 276 314 
12600 291 276 277 
12600 292 314 315 
12600 293 288 315 
12600 294 276 314 
12600 295 277 288 
12600 296 312 314 
12600 297 276 315 
12600 298 276 314 
12600 299 314 315 
12600 300 276 315 
12600 301 276 314 
12600 302 276 315 
12600 303 276 314 
12600 304 276 314 
12600 305 276 315 
12600 306 276 315 
12600 307 284 310 
12600 308 314 315 
12600 309 314 315 
12600 310 276 307 
12600 311 314 315 
12600 312 276 296 
12600 313 273 315 
12600 314 21 22 274 279 285 286 287 290 292 294 296 298 299 301 303 304 308 309 311 
12600 315 21 22 273 275 278 279 282 283 285 286 289 292 293 297 299 300 302 305 306 308 309 311 313 
12600 316 0 
12600 317 0 6 
12600 318 0 7 
12600 319 0 
12600 320 0 7 
12600 321 0 6 
12600 322 0 6 
12600 323 0 7 
12600 324 0 
12600 325 0 
12600 326 0 
12600 327 0 
12600 328 0 6 
12600 329 0 7 
12600 330 0 6 
12600 331 0 7 
12600 332 0 
12600 333 0 
12600 334 0 6 7 
12600 335 0 
12600 336 0 7 
12600 337 0 6 
12600 338 0 
12600 339 0 
12600 340 0 7 
12600 341 0 6 
12600 342 0 
12600 343 0 
12600 344 0 6 
12600 345 0 
14400 0 6 7 316 317 318 319 320 321 322 323 324 325 326 327 328 329 330 331 332 333 334 335 336 337 338 339 340 341 342 343 344 345 
14400 1 66 67 
14400 2 107 108 
14400 3 126 127 
14400 4 192 194 
14400 5 224 225 
14400 6 0 254 317 321 322 328 330 334 337 341 344 
14400 7 0 276 318 320 323 329 331 334 336 340 
14400 8 66 67 
14400 9 66 67 
14400 10 107 108 
14400 11 107 108 
14400 12 107 108 
14400 13 126 127 
14400 14 192 194 
14400 15 224 225 
14400 16 224 225 
14400 17 224 225 
14400 18 252 254 
14400 19 252 254 
14400 20 275 303 
14400 21 274 315 
14400 22 314 315 
14400 23 66 67 
14400 24 66 67 
14400 25 66 67 
14400 26 66 67 
14400 27 65 67 
14400 28 66 67 
14400 29 66 67 
14400 30 37 65 
14400 31 66 67 
14400 32 65 67 
14400 33 65 67 
14400 34 66 67 
14400 35 66 67 
14400 36 66 67 
14400 37 30 67 
14400 38 66 67 
14400 39 66 67 
14400 40 66 67 
14400 41 66 67 
14400 42 66 67 
14400 43 66 67 
14400 44 66 67 
14400 45 66 67 
14400 46 66 67 
14400 47 52 59 
14400 48 54 66 
14400 49 66 67 
14400 50 66 67 
14400 51 63 65 
14400 52 47 63 
14400 53 66 67 
14400 54 48 67 
14400 55 65 67 
14400 56 66 67 
14400 57 66 67 
14400 58 66 67 
14400 59 47 67 
14400 60 66 67 
14400 61 66 67 
14400 62 66 67 
14400 63 51 52 
14400 64 66 67 
14400 65 27 30 32 33 51 55 
14400 66 1 8 9 23 24 25 26 28 29 31 34 35 36 38 39 40 41 42 43 44 45 46 48 49 50 53 56 57 58 60 61 62 64 
14400 67 1 8 9 23 24 25 26 27 28 29 31 32 33 34 35 36 37 38 39 40 41 42 43 44 45 46 49 50 53 54 55 56 57 58 59 60 61 62 64 
14400 68 107 108 
14400 69 107 108 
14400 70 107 108 
14400 71 107 108 
14400 72 107 108 
14400 73 74 90 
14400 74 73 108 
14400 75 90 97 
14400 76 107 108 
14400 77 107 108 
14400 78 107 108 
14400 79 107 108 
14400 80 107 108 
14400 81 107 108 
14400 82 107 108 
14400 83 89 90 
14400 84 107 108 
14400 85 107 108 
14400 86 107 108 
14400 87 107 108 
14400 88 107 108 
14400 89 83 90 
14400 90 73 75 83 89 
14400 91 107 108 
14400 92 107 108 
14400 93 97 108 
14400 94 107 108 
14400 95 107 108 
14400 96 107 108 
14400 97 75 93 
14400 98 107 108 
14400 99 107 108 
14400 100 107 108 
14400 101 107 108 
14400 102 107 108 
14400 103 105 132 
14400 104 107 108 
14400 105 103 108 
14400 106 107 108 
14400 107 2 10 11 12 68 69 70 71 72 76 77 78 79 80 81 82 84 85 86 87 88 91 92 94 95 96 98 99 100 101 102 104 106 
14400 108 2 10 11 12 68 69 70 71 72 74 76 77 78 79 80 81 82 84 85 86 87 88 91 92 93 94 95 96 98 99 100 101 102 104 105 106 
14400 109 126 127 
14400 110 125 126 
14400 111 127 140 
14400 112 125 126 
14400 113 124 146 
14400 114 125 126 
14400 115 126 127 
14400 116 122 124 
14400 117 125 126 
14400 118 126 127 
14400 119 125 126 
14400 120 126 127 
14400 121 125 126 
14400 122 116 127 
14400 123 125 126 
14400 124 113 116 
14400 125 110 112 114 117 119 121 123 129 144 145 
14400 126 3 13 109 110 112 114 115 117 118 119 120 121 123 129 135 136 137 138 139 143 144 145 
14400 127 3 13 109 111 115 118 120 122 130 133 135 136 137 138 139 140 143 
14400 128 130 147 
14400 129 125 126 
14400 130 127 128 
14400 131 134 141 
14400 132 103 133 
14400 133 127 132 
14400 134 131 141 
14400 135 126 127 
14400 136 126 127 
14400 137 126 127 
14400 138 126 127 
14400 139 126 127 
14400 140 111 127 
14400 141 131 134 
14400 142 146 147 
14400 143 126 127 
14400 144 125 126 
14400 145 125 126 
14400 146 113 142 
14400 147 128 142 
14400 148 192 194 
14400 149 191 193 
14400 150 158 166 
14400 151 192 194 
14400 152 192 194 
14400 153 192 194 
14400 154 192 194 
14400 155 189 190 
14400 156 192 194 
14400 157 192 193 
14400 158 150 166 
14400 159 192 194 
14400 160 192 194 
14400 161 192 194 
14400 162 192 194 
14400 163 175 186 
14400 164 192 194 
14400 165 193 194 
14400 166 150 158 
14400 167 190 192 
14400 168 190 194 
14400 169 193 194 
14400 170 193 194 
14400 171 192 194 
14400 172 192 194 
14400 173 189 190 
14400 174 176 185 
14400 175 163 186 
14400 176 174 191 
14400 177 190 194 
14400 178 192 194 
14400 179 192 194 
14400 180 192 194 
14400 181 190 194 
14400 182 192 194 
14400 183 192 194 
14400 184 192 194 
14400 185 174 194 
14400 186 163 175 
14400 187 192 194 
14400 188 192 194 
14400 189 155 173 
14400 190 155 167 168 173 177 181 
14400 191 149 176 
14400 192 4 14 148 151 152 153 154 156 157 159 160 161 162 164 167 171 172 178 179 180 182 183 184 187 188 
14400 193 149 157 165 169 170 
14400 194 4 14 148 151 152 153 154 156 159 160 161 162 164 165 168 169 170 171 172 177 178 179 180 181 182 183 184 185 187 188 
14400 195 224 225 
14400 196 224 225 
14400 197 224 225 
14400 198 224 225 
14400 199 216 221 
14400 200 224 225 
14400 201 224 225 
14400 202 218 221 
14400 203 221 223 
14400 204 221 222 
14400 205 224 225 
14400 206 224 225 
14400 207 209 215 
14400 208 224 225 
14400 209 207 223 
14400 210 219 221 
14400 211 224 225 
14400 212 224 225 
14400 213 224 225 
14400 214 224 225 
14400 215 207 225 
14400 216 199 225 
14400 217 218 219 
14400 218 202 217 
14400 219 210 217 
14400 220 224 225 
14400 221 199 202 203 204 210 
14400 222 204 223 
14400 223 203 209 222 
14400 224 5 15 16 17 195 196 197 198 200 201 205 206 208 211 212 213 214 220 
14400 225 5 15 16 17 195 196 197 198 200 201 205 206 208 211 212 213 214 215 216 220 
14400 226 252 254 
14400 227 252 254 
14400 228 252 254 
14400 229 252 254 
14400 230 252 254 
14400 231 254 255 
14400 232 252 254 
14400 233 252 254 
14400 234 254 255 
14400 235 252 254 
14400 236 242 253 
14400 237 252 254 
14400 238 254 255 
14400 239 254 255 
14400 240 254 255 
14400 241 253 254 
14400 242 236 253 
14400 243 252 254 
14400 244 254 255 
14400 245 254 255 
14400 246 252 254 
14400 247 252 254 
14400 248 253 254 
14400 249 255 261 
14400 250 252 254 
14400 251 253 254 
14400 252 18 19 226 227 228 229 230 232 233 235 237 243 246 247 250 257 260 262 263 264 266 268 269 270 271 272 
14400 253 236 241 242 248 251 256 266 271 
14400 254 6 18 19 226 227 228 229 230 231 232 233 234 235 237 238 239 240 241 243 244 245 246 247 248 250 251 256 257 258 259 260 262 263 264 265 267 268 269 270 272 
14400 255 231 234 238 239 240 244 245 249 258 259 261 
14400 256 253 254 
14400 257 252 254 
14400 258 254 255 
14400 259 254 255 
14400 260 252 254 
14400 261 249 255 
14400 262 252 254 
14400 263 252 254 
14400 264 252 254 
14400 265 254 267 
14400 266 252 253 
14400 267 254 265 
14400 268 252 254 
14400 269 252 254 
14400 270 252 254 
14400 271 252 253 
14400 272 252 254 
14400 273 313 315 
14400 274 21 276 
14400 275 20 315 
14400 276 7 274 278 282 283 286 287 289 290 291 294 297 298 299 300 301 302 304 305 312 
14400 277 292 295 296 
14400 278 276 315 
14400 279 314 315 
14400 280 281 284 
14400 281 280 284 
14400 282 276 315 
14400 283 276 315 
14400 284 280 281 307 
14400 285 314 315 
14400 286 276 315 
14400 287 276 314 
14400 288 293 295 
14400 289 276 315 
14400 290 276 314 
14400 291 276 315 
14400 292 277 315 
14400 293 288 315 
14400 294 276 314 
14400 295 277 288 
14400 296 277 314 
14400 297 276 315 
14400 298 276 314 
14400 299 276 315 
14400 300 276 315 
14400 301 276 314 
14400 302 276 315 
14400 303 20 314 
14400 304 276 314 
14400 305 276 315 
14400 306 314 315 
14400 307 284 310 
14400 308 314 315 
14400 309 314 315 
14400 310 307 315 
14400 311 314 315 
14400 312 276 315 
14400 313 273 315 
14400 314 22 279 285 287 290 294 296 298 301 303 304 306 308 309 311 
14400 315 21 22 273 275 278 279 282 283 285 286 289 291 292 293 297 299 300 302 305 306 308 309 310 311 312 313 
14400 316 0 
14400 317 0 6 
14400 318 0 7 
14400 319 0 
14400 320 0 7 
14400 321 0 6 
14400 322 0 6 
14400 323 0 7 
14400 324 0 
14400 325 0 
14400 326 0 
14400 327 0 
14400 328 0 6 
14400 329 0 7 
14400 330 0 6 
14400 331 0 7 
14400 332 0 
14400 333 0 
14400 334 0 6 7 
14400 335 0 
14400 336 0 7 
14400 337 0 6 
14400 338 0 
14400 339 0 
14400 340 0 7 
14400 341 0 6 
14400 342 0 
14400 343 0 
14400 344 0 6 
14400 345 0 
16200 0 6 7 316 317 318 319 320 321 322 323 324 325 326 327 328 329 330 331 332 333 334 335 336 337 338 339 340 341 342 343 344 345 
16200 1 66 67 
16200 2 107 108 
16200 3 126 127 
16200 4 192 194 
16200 5 224 225 
16200 6 0 254 317 321 322 328 330 334 337 341 344 
16200 7 0 276 318 320 323 329 331 334 336 340 
16200 8 66 67 
16200 9 66 67 
16200 10 107 108 
16200 11 107 108 
16200 12 107 108 
16200 13 126 127 
16200 14 192 194 
16200 15 224 225 
16200 16 224 225 
16200 17 224 225 
16200 18 252 254 
16200 19 252 254 
16200 20 275 315 
16200 21 314 315 
16200 22 314 315 
16200 23 66 67 
16200 24 66 67 
16200 25 66 67 
16200 26 66 67 
16200 27 65 67 
16200 28 66 67 
16200 29 66 67 
16200 30 37 52 
16200 31 66 67 
16200 32 65 67 
16200 33 65 67 
16200 34 66 67 
16200 35 66 67 
16200 36 66 67 
16200 37 30 52 
16200 38 66 67 
16200 39 66 67 
16200 40 66 67 
16200 41 66 67 
16200 42 66 67 
16200 43 66 67 
16200 44 66 67 
16200 45 66 67 
16200 46 66 67 
16200 47 52 60 
16200 48 54 66 
16200 49 66 67 
16200 50 66 67 
16200 51 63 65 
16200 52 30 37 47 
16200 53 66 67 
16200 54 48 67 
16200 55 65 67 
16200 56 65 67 
16200 57 66 67 
16200 58 66 67 
16200 59 66 67 
16200 60 47 67 
16200 61 66 67 
16200 62 66 67 
16200 63 51 67 
16200 64 66 67 
16200 65 27 32 33 51 55 56 
16200 66 1 8 9 23 24 25 26 28 29 31 34 35 36 38 39 40 41 42 43 44 45 46 48 49 50 53 57 58 59 61 62 64 
16200 67 1 8 9 23 24 25 26 27 28 29 31 32 33 34 35 36 38 39 40 41 42 43 44 45 46 49 50 53 54 55 56 57 58 59 60 61 62 63 64 
16200 68 107 108 
16200 69 107 108 
16200 70 107 108 
16200 71 107 108 
16200 72 107 108 
16200 73 97 103 
16200 74 107 108 
16200 75 107 108 
16200 76 107 108 
16200 77 107 108 
16200 78 107 108 
16200 79 107 108 
16200 80 107 108 
16200 81 107 108 
16200 82 107 108 
16200 83 107 108 
16200 84 107 108 
16200 85 107 108 
16200 86 107 108 
16200 87 107 108 
16200 88 107 108 
16200 89 107 108 
16200 90 107 108 
16200 91 107 108 
16200 92 107 108 
16200 93 107 108 
16200 94 107 108 
16200 95 107 108 
16200 96 107 108 
16200 97 73 100 
16200 98 107 108 
16200 99 107 108 
16200 100 97 108 
16200 101 107 108 
16200 102 107 108 
16200 103 73 105 
16200 104 107 108 
16200 105 103 108 
16200 106 107 108 
16200 107 2 10 11 12 68 69 70 71 72 74 75 76 77 78 79 80 81 82 83 84 85 86 87 88 89 90 91 92 93 94 95 96 98 99 101 102 104 106 
16200 108 2 10 11 12 68 69 70 71 72 74 75 76 77 78 79 80 81 82 83 84 85 86 87 88 89 90 91 92 93 94 95 96 98 99 100 101 102 104 105 106 
16200 109 125 126 
16200 110 127 134 
16200 111 127 140 
16200 112 125 126 
16200 113 124 146 
16200 114 125 126 
16200 115 125 126 
16200 116 122 124 
16200 117 125 126 
16200 118 126 127 
16200 119 126 127 
16200 120 126 127 
16200 121 125 126 
16200 122 116 132 
16200 123 125 126 
16200 124 113 116 132 
16200 125 109 112 114 115 117 121 123 129 135 144 145 
16200 126 3 13 109 112 114 115 117 118 119 120 121 123 129 130 133 135 136 137 138 139 143 144 145 
16200 127 3 13 110 111 118 119 120 130 133 136 137 138 139 140 143 
16200 128 142 147 
16200 129 125 126 
16200 130 126 127 
16200 131 134 141 
16200 132 122 124 
16200 133 126 127 
16200 134 110 131 141 
16200 135 125 126 
16200 136 126 127 
16200 137 126 127 
16200 138 126 127 
16200 139 126 127 
16200 140 111 127 
16200 141 131 134 
16200 142 128 147 
16200 143 126 127 
16200 144 125 126 
16200 145 125 126 
16200 146 113 147 
16200 147 128 142 146 
16200 148 192 194 
16200 149 191 193 
16200 150 158 166 
16200 151 192 194 
16200 152 192 194 
16200 153 192 194 
16200 154 192 194 
16200 155 189 190 
16200 156 192 194 
16200 157 192 193 
16200 158 150 166 
16200 159 192 194 
16200 160 190 194 
16200 161 192 194 
16200 162 192 194 
16200 163 190 192 
16200 164 192 194 
16200 165 190 194 
16200 166 150 158 
16200 167 192 194 
16200 168 190 194 
16200 169 193 194 
16200 170 193 194 
16200 171 192 194 
16200 172 192 194 
16200 173 190 192 
16200 174 176 185 
16200 175 186 190 
16200 176 174 194 
16200 177 190 194 
16200 178 192 194 
16200 179 192 194 
16200 180 192 194 
16200 181 190 194 
16200 182 192 194 
16200 183 192 194 
16200 184 192 194 
16200 185 174 194 
16200 186 175 190 
16200 187 193 194 
16200 188 192 194 
16200 189 155 194 
16200 190 155 160 163 165 168 173 175 177 181 186 
16200 191 149 193 
16200 192 4 14 148 151 152 153 154 156 157 159 161 162 163 164 167 171 172 173 178 179 180 182 183 184 188 
16200 193 149 157 169 170 187 191 
16200 194 4 14 148 151 152 153 154 156 159 160 161 162 164 165 167 168 169 170 171 172 176 177 178 179 180 181 182 183 184 185 187 188 189 
16200 195 224 225 
16200 196 224 225 
16200 197 224 225 
16200 198 224 225 
16200 199 216 221 
16200 200 224 225 
16200 201 224 225 
16200 202 218 221 
16200 203 207 223 
16200 204 223 224 
16200 205 224 225 
16200 206 224 225 
16200 207 203 209 
16200 208 224 225 
16200 209 207 225 
16200 210 224 225 
16200 211 224 225 
16200 212 224 225 
16200 213 224 225 
16200 214 224 225 
16200 215 224 225 
16200 216 199 225 
16200 217 218 219 
16200 218 202 217 219 
16200 219 217 218 
16200 220 224 225 
16200 221 199 202 
16200 222 224 225 
16200 223 203 204 
16200 224 5 15 16 17 195 196 197 198 200 201 204 205 206 208 210 211 212 213 214 215 220 222 
16200 225 5 15 16 17 195 196 197 198 200 201 205 206 208 209 210 211 212 213 214 215 216 220 222 
16200 226 253 254 
16200 227 252 254 
16200 228 254 265 
16200 229 254 255 
16200 230 252 254 
16200 231 252 254 
16200 232 252 254 
16200 233 252 254 
16200 234 254 255 
16200 235 252 254 
16200 236 252 254 
16200 237 252 254 
16200 238 254 255 
16200 239 254 255 
16200 240 254 255 
16200 241 253 254 
16200 242 251 253 
16200 243 252 254 
16200 244 254 255 
16200 245 254 255 
16200 246 252 254 
16200 247 252 254 
16200 248 253 254 
16200 249 252 254 
16200 250 255 261 
16200 251 242 254 
16200 252 18 19 227 230 231 232 233 235 236 237 243 246 247 249 257 262 263 264 266 268 269 270 272 
16200 253 226 241 242 248 256 271 
16200 254 6 18 19 226 227 228 229 230 231 232 233 234 235 236 237 238 239 240 241 243 244 245 246 247 248 249 251 256 257 258 259 262 263 264 266 268 269 270 271 272 
16200 255 229 234 238 239 240 244 245 250 258 259 260 261 
16200 256 253 254 
16200 257 252 254 
16200 258 254 255 
16200 259 254 255 
16200 260 255 267 
16200 261 250 255 
16200 262 252 254 
16200 263 252 254 
16200 264 252 254 
16200 265 228 267 
16200 266 252 254 
16200 267 260 265 
16200 268 252 254 
16200 269 252 254 
16200 270 252 254 
16200 271 253 254 
16200 272 252 254 
16200 273 276 315 
16200 274 276 314 
16200 275 20 315 
16200 276 7 273 274 278 279 280 282 283 285 286 287 289 290 291 293 294 297 300 301 302 303 304 305 310 312 313 
16200 277 290 292 295 296 298 
16200 278 276 315 
16200 279 276 315 
16200 280 276 281 
16200 281 280 307 
16200 282 276 315 
16200 283 276 315 
16200 284 312 313 
16200 285 276 315 
16200 286 276 315 
16200 287 276 314 
16200 288 293 295 
16200 289 276 315 
16200 290 276 277 
16200 291 276 315 
16200 292 277 315 
16200 293 276 288 
16200 294 276 314 
16200 295 277 288 
16200 296 277 315 
16200 297 276 315 
16200 298 277 314 
16200 299 314 315 
16200 300 276 315 
16200 301 276 314 
16200 302 276 315 
16200 303 276 314 
16200 304 276 314 
16200 305 276 315 
16200 306 314 315 
16200 307 281 310 
16200 308 314 315 
16200 309 314 315 
16200 310 276 307 
16200 311 314 315 
16200 312 276 284 
16200 313 276 284 
16200 314 21 22 274 287 294 298 299 301 303 304 306 308 309 311 
16200 315 20 21 22 273 275 278 279 282 283 285 286 289 291 292 296 297 299 300 302 305 306 308 309 311 
16200 316 0 
16200 317 0 6 
16200 318 0 7 
16200 319 0 
16200 320 0 7 
16200 321 0 6 
16200 322 0 6 
16200 323 0 7 
16200 324 0 
16200 325 0 
16200 326 0 
16200 327 0 
16200 328 0 6 
16200 329 0 7 
16200 330 0 6 
16200 331 0 7 
16200 332 0 
16200 333 0 
16200 334 0 6 7 
16200 335 0 
16200 336 0 7 
16200 337 0 6 
16200 338 0 
16200 339 0 
16200 340 0 7 
16200 341 0 6 
16200 342 0 
16200 343 0 
16200 344 0 6 
16200 345 0 
18000 0 6 7 316 317 318 319 320 321 322 323 324 325 326 327 328 329 330 331 332 333 334 335 336 337 338 339 340 341 342 343 344 345 
18000 1 66 67 
18000 2 107 108 
18000 3 126 127 
18000 4 192 194 
18000 5 224 225 
18000 6 0 254 317 321 322 328 330 334 337 341 344 
18000 7 0 276 318 320 323 329 331 334 336 340 
18000 8 66 67 
18000 9 66 67 
18000 10 107 108 
18000 11 107 108 
18000 12 107 108 
18000 13 126 127 
18000 14 192 194 
18000 15 224 225 
18000 16 224 225 
18000 17 224 225 
18000 18 252 254 
18000 19 252 254 
18000 20 274 275 
18000 21 314 315 
18000 22 314 315 
18000 23 66 67 
18000 24 66 67 
18000 25 66 67 
18000 26 66 67 
18000 27 65 67 
18000 28 66 67 
18000 29 66 67 
18000 30 37 65 
18000 31 66 67 
18000 32 65 67 
18000 33 65 67 
18000 34 66 67 
18000 35 66 67 
18000 36 66 67 
18000 37 30 67 
18000 38 66 67 
18000 39 66 67 
18000 40 66 67 
18000 41 66 67 
18000 42 66 67 
18000 43 66 67 
18000 44 66 67 
18000 45 66 67 
18000 46 66 67 
18000 47 52 59 
18000 48 61 66 
18000 49 66 67 
18000 50 66 67 
18000 51 63 65 
18000 52 47 63 
18000 53 66 67 
18000 54 66 67 
18000 55 65 67 
18000 56 66 67 
18000 57 66 67 
18000 58 66 67 
18000 59 47 67 
18000 60 66 67 
18000 61 48 67 
18000 62 66 67 
18000 63 51 52 
18000 64 66 67 
18000 65 27 30 32 33 51 55 
18000 66 1 8 9 23 24 25 26 28 29 31 34 35 36 38 39 40 41 42 43 44 45 46 48 49 50 53 54 56 57 58 60 62 64 
18000 67 1 8 9 23 24 25 26 27 28 29 31 32 33 34 35 36 37 38 39 40 41 42 43 44 45 46 49 50 53 54 55 56 57 58 59 60 61 62 64 
18000 68 107 108 
18000 69 107 108 
18000 70 107 108 
18000 71 107 108 
18000 72 107 108 
18000 73 74 90 
18000 74 73 108 
18000 75 96 97 
18000 76 107 108 
18000 77 107 108 
18000 78 107 108 
18000 79 107 108 
18000 80 107 108 
18000 81 107 108 
18000 82 107 108 
18000 83 85 90 
18000 84 107 108 
18000 85 83 108 
18000 86 107 108 
18000 87 107 108 
18000 88 107 108 
18000 89 90 105 
18000 90 73 83 89 
18000 91 107 108 
18000 92 107 108 
18000 93 107 108 
18000 94 107 108 
18000 95 107 108 
18000 96 75 97 
18000 97 75 96 
18000 98 107 108 
18000 99 107 108 
18000 100 107 108 
18000 101 107 108 
18000 102 107 108 
18000 103 104 105 
18000 104 103 108 
18000 105 89 103 
18000 106 107 108 
18000 107 2 10 11 12 68 69 70 71 72 76 77 78 79 80 81 82 84 86 87 88 91 92 93 94 95 98 99 100 101 102 106 
18000 108 2 10 11 12 68 69 70 71 72 74 76 77 78 79 80 81 82 84 85 86 87 88 91 92 93 94 95 98 99 100 101 102 104 106 
18000 109 124 125 
18000 110 125 126 
18000 111 126 127 
18000 112 125 126 
18000 113 125 146 
18000 114 125 126 
18000 115 127 128 
18000 116 126 127 
18000 117 124 125 
18000 118 126 127 
18000 119 125 126 
18000 120 126 127 
18000 121 125 126 
18000 122 125 127 
18000 123 125 126 
18000 124 109 117 132 
18000 125 109 110 112 113 114 117 119 121 122 123 129 132 135 144 145 
18000 126 3 13 110 111 112 114 116 118 119 120 121 123 129 133 135 136 137 138 139 140 143 144 145 
18000 127 3 13 111 115 116 118 120 122 130 133 136 137 138 139 140 143 
18000 128 115 130 
18000 129 125 126 
18000 130 127 128 
18000 131 134 141 
18000 132 124 125 
18000 133 126 127 
18000 134 131 141 
18000 135 125 126 
18000 136 126 127 
18000 137 126 127 
18000 138 126 127 
18000 139 126 127 
18000 140 126 127 
18000 141 131 134 
18000 142 146 147 
18000 143 126 127 
18000 144 125 126 
18000 145 125 126 
18000 146 113 142 147 
18000 147 142 146 
18000 148 192 194 
18000 149 191 193 
18000 150 158 166 
18000 151 192 194 
18000 152 193 194 
18000 153 192 194 
18000 154 192 194 
18000 155 189 190 
18000 156 193 194 
18000 157 175 186 
18000 158 150 166 
18000 159 192 194 
18000 160 192 194 
18000 161 192 194 
18000 162 192 194 
18000 163 175 186 
18000 164 192 194 
18000 165 192 194 
18000 166 150 158 
18000 167 174 191 
18000 168 192 194 
18000 169 193 194 
18000 170 193 194 
18000 171 192 194 
18000 172 192 194 
18000 173 189 190 
18000 174 167 176 
18000 175 157 163 
18000 176 174 191 
18000 177 192 194 
18000 178 192 194 
18000 179 192 194 
18000 180 192 194 
18000 181 190 194 
18000 182 192 194 
18000 183 189 194 
18000 184 192 194 
18000 185 192 194 
18000 186 157 163 
18000 187 192 194 
18000 188 192 194 
18000 189 155 173 183 
18000 190 155 173 181 
18000 191 149 167 176 
18000 192 4 14 148 151 153 154 159 160 161 162 164 165 168 171 172 177 178 179 180 182 184 185 187 188 
18000 193 149 152 156 169 170 
18000 194 4 14 148 151 152 153 154 156 159 160 161 162 164 165 168 169 170 171 172 177 178 179 180 181 182 183 184 185 187 188 
18000 195 224 225 
18000 196 224 225 
18000 197 224 225 
18000 198 224 225 
18000 199 207 221 
18000 200 224 225 
18000 201 224 225 
18000 202 207 221 
18000 203 221 223 
18000 204 221 222 
18000 205 224 225 
18000 206 224 225 
18000 207 199 202 
18000 208 224 225 
18000 209 224 225 
18000 210 224 225 
18000 211 224 225 
18000 212 224 225 
18000 213 224 225 
18000 214 224 225 
18000 215 224 225 
18000 216 224 225 
18000 217 218 219 
18000 218 217 219 
18000 219 217 218 
18000 220 224 225 
18000 221 199 202 203 204 
18000 222 204 223 
18000 223 203 222 
18000 224 5 15 16 17 195 196 197 198 200 201 205 206 208 209 210 211 212 213 214 215 216 220 
18000 225 5 15 16 17 195 196 197 198 200 201 205 206 208 209 210 211 212 213 214 215 216 220 
18000 226 252 254 
18000 227 252 254 
18000 228 252 254 
18000 229 252 254 
18000 230 252 254 
18000 231 252 254 
18000 232 252 254 
18000 233 252 254 
18000 234 254 255 
18000 235 252 254 
18000 236 253 254 
18000 237 254 267 
18000 238 254 255 
18000 239 254 255 
18000 240 254 255 
18000 241 253 254 
18000 242 251 253 
18000 243 253 254 
18000 244 254 255 
18000 245 254 255 
18000 246 252 254 
18000 247 254 255 
18000 248 253 254 
18000 249 252 254 
18000 250 254 265 
18000 251 242 261 
18000 252 18 19 226 227 228 229 230 231 232 233 235 246 249 257 260 262 263 264 266 268 269 270 
18000 253 236 241 242 243 248 256 271 
18000 254 6 18 19 226 227 228 229 230 231 232 233 234 235 236 237 238 239 240 241 243 244 245 246 247 248 249 250 256 257 258 259 260 262 263 264 266 268 269 270 271 272 
18000 255 234 238 239 240 244 245 247 258 259 261 272 
18000 256 253 254 
18000 257 252 254 
18000 258 254 255 
18000 259 254 255 
18000 260 252 254 
18000 261 251 255 
18000 262 252 254 
18000 263 252 254 
18000 264 252 254 
18000 265 250 267 
18000 266 252 254 
18000 267 237 265 
18000 268 252 254 
18000 269 252 254 
18000 270 252 254 
18000 271 253 254 
18000 272 254 255 
18000 273 313 315 
18000 274 20 314 
18000 275 20 315 
18000 276 7 278 282 283 287 289 290 291 294 297 298 300 301 302 303 304 305 306 310 312 
18000 277 295 296 
18000 278 276 315 
18000 279 314 315 
18000 280 281 284 
18000 281 280 284 
18000 282 276 315 
18000 283 276 315 
18000 284 280 281 307 
18000 285 314 315 
18000 286 314 315 
18000 287 276 314 
18000 288 293 295 
18000 289 276 315 
18000 290 276 314 
18000 291 276 315 
18000 292 314 315 
18000 293 288 315 
18000 294 276 314 
18000 295 277 288 
18000 296 277 314 
18000 297 276 315 
18000 298 276 314 
18000 299 314 315 
18000 300 276 315 
18000 301 276 314 
18000 302 276 315 
18000 303 276 314 
18000 304 276 314 
18000 305 276 315 
18000 306 276 315 
18000 307 284 310 
18000 308 314 315 
18000 309 314 315 
18000 310 276 307 
18000 311 314 315 
18000 312 276 315 
18000 313 273 315 
18000 314 21 22 274 279 285 286 287 290 292 294 296 298 299 301 303 304 308 309 311 
18000 315 21 22 273 275 278 279 282 283 285 286 289 291 292 293 297 299 300 302 305 306 308 309 311 312 313 
18000 316 0 
18000 317 0 6 
18000 318 0 7 
18000 319 0 
18000 320 0 7 
18000 321 0 6 
18000 322 0 6 
18000 323 0 7 
18000 324 0 
18000 325 0 
18000 326 0 
18000 327 0 
18000 328 0 6 
18000 329 0 7 
18000 330 0 6 
18000 331 0 7 
18000 332 0 
18000 333 0 
18000 334 0 6 7 
18000 335 0 
18000 336 0 7 
18000 337 0 6 
18000 338 0 
18000 339 0 
18000 340 0 7 
18000 341 0 6 
18000 342 0 
18000 343 0 
18000 344 0 6 
18000 345 0 
