0 21600
0 0 5 6 7 316 317 318 319 320 321 322 323 324 325 326 327 328 329 330 331 332 333 334 335 336 337 338 339 340 341 342 343 344 345 
0 1 65 66 67 
0 2 106 107 108 
0 3 125 126 127 
0 4 188 189 190 
0 5 0 211 225 317 319 325 327 330 333 336 340 344 
0 6 0 252 254 317 321 322 328 330 334 337 341 344 
0 7 0 276 285 318 320 323 329 331 334 336 340 
0 8 61 62 63 
0 9 61 62 63 
0 10 12 107 108 
0 11 12 74 108 
0 12 10 11 74 
0 13 125 126 127 
0 14 188 189 190 
0 15 209 223 225 
0 16 209 223 225 
0 17 223 224 225 
0 18 251 252 254 
0 19 251 252 254 
0 20 313 314 315 
0 21 313 314 315 
0 22 313 314 315 
0 23 61 62 63 
0 24 60 61 62 
0 25 61 62 63 
0 26 58 60 62 
0 27 61 62 63 
0 28 61 62 63 
0 29 61 62 63 
0 30 61 62 63 
0 31 61 62 63 
0 32 61 62 63 
0 33 61 62 63 
0 34 61 62 63 
0 35 61 62 63 
0 36 61 62 63 
0 37 58 61 63 
0 38 61 62 63 
0 39 61 62 63 
0 40 61 62 63 
0 41 61 62 63 
0 42 61 62 63 
0 43 61 62 63 
0 44 51 62 63 
0 45 61 62 63 
0 46 61 62 63 
0 47 52 55 59 
0 48 50 53 54 
0 49 61 62 63 
0 50 48 62 63 
0 51 44 63 65 
0 52 47 55 63 
0 53 48 62 63 
0 54 48 62 63 
0 55 47 52 63 
0 56 61 62 63 
0 57 61 62 63 
0 58 26 37 63 
0 59 47 62 63 
0 60 24 26 63 
0 61 8 9 23 24 25 27 28 29 30 31 32 33 34 35 36 37 38 39 40 41 42 43 45 46 49 56 57 
0 62 8 9 23 24 25 26 27 28 29 30 31 32 33 34 35 36 38 39 40 41 42 43 44 45 46 49 50 53 54 56 57 59 
0 63 8 9 23 25 27 28 29 30 31 32 33 34 35 36 37 38 39 40 41 42 43 44 45 46 49 50 51 52 53 54 55 56 57 58 59 60 
0 64 65 66 67 
0 65 1 51 64 
0 66 1 64 67 
0 67 1 64 66 
0 68 74 107 108 
0 69 74 85 108 
0 70 74 107 108 
0 71 74 107 108 
0 72 74 107 108 
0 73 84 90 106 
0 74 11 12 68 69 70 71 72 
0 75 90 91 93 
0 76 106 107 108 
0 77 106 107 108 
0 78 106 107 108 
0 79 106 107 108 
0 80 106 107 108 
0 81 106 107 108 
0 82 106 107 108 
0 83 89 90 105 
0 84 73 107 108 
0 85 69 107 108 
0 86 106 107 108 
0 87 106 107 108 
0 88 106 107 108 
0 89 83 90 105 
0 90 73 75 83 89 97 
0 91 75 97 108 
0 92 106 107 108 
0 93 75 97 108 
0 94 106 107 108 
0 95 106 107 108 
0 96 106 107 108 
0 97 90 91 93 
0 98 106 107 108 
0 99 106 107 108 
0 100 106 107 108 
0 101 103 107 108 
0 102 106 107 108 
0 103 101 104 105 
0 104 103 107 108 
0 105 83 89 103 
0 106 2 73 76 77 78 79 80 81 82 86 87 88 92 94 95 96 98 99 100 102 
0 107 2 10 68 70 71 72 76 77 78 79 80 81 82 84 85 86 87 88 92 94 95 96 98 99 100 101 102 104 
0 108 2 10 11 68 69 70 71 72 76 77 78 79 80 81 82 84 85 86 87 88 91 92 93 94 95 96 98 99 100 101 102 104 
0 109 124 125 126 
0 110 123 125 126 
0 111 127 140 
0 112 124 125 126 
0 113 124 135 143 
0 114 125 126 127 
0 115 125 126 127 
0 116 117 124 143 
0 117 116 125 126 
0 118 125 126 127 
0 119 123 125 126 
0 120 125 126 127 
0 121 124 125 126 
0 122 125 126 127 
0 123 110 119 126 
0 124 109 112 113 116 121 
0 125 3 13 109 110 112 114 115 117 118 119 120 121 122 
0 126 3 13 109 110 112 114 115 117 118 119 120 121 122 123 
0 127 3 13 111 114 115 118 120 122 130 
0 128 130 138 
0 129 141 144 145 
0 130 127 128 137 
0 131 134 141 144 
0 132 139 142 143 
0 133 143 144 145 
0 134 131 143 145 
0 135 113 146 147 
0 136 143 144 145 
0 137 130 143 145 
0 138 128 140 147 
0 139 132 141 145 
0 140 111 138 143 
0 141 129 131 139 
0 142 132 146 147 
0 143 113 116 132 133 134 136 137 140 
0 144 129 131 133 136 
0 145 129 133 134 136 137 139 
0 146 135 142 147 
0 147 135 138 142 146 
0 148 188 189 190 
0 149 185 191 193 
0 150 155 158 173 
0 151 174 190 191 
0 152 188 189 190 
0 153 188 189 190 
0 154 188 189 190 
0 155 150 189 190 
0 156 188 189 190 
0 157 179 192 193 
0 158 150 166 170 
0 159 188 189 190 
0 160 188 189 190 
0 161 189 190 191 
0 162 188 189 190 
0 163 175 186 
0 164 188 189 190 
0 165 189 190 191 
0 166 158 170 173 
0 167 175 186 190 
0 168 187 188 190 
0 169 189 190 191 
0 170 158 166 191 
0 171 188 189 190 
0 172 188 189 190 
0 173 150 166 190 
0 174 151 176 185 
0 175 163 167 186 
0 176 174 185 191 
0 177 188 189 190 
0 178 188 189 190 
0 179 157 190 191 
0 180 188 189 190 
0 181 187 188 190 
0 182 188 189 190 
0 183 188 189 190 
0 184 188 189 190 
0 185 149 174 176 
0 186 163 167 175 
0 187 168 181 190 
0 188 4 14 148 152 153 154 156 159 160 162 164 168 171 172 177 178 180 181 182 183 184 
0 189 4 14 148 152 153 154 155 156 159 160 161 162 164 165 169 171 172 177 178 180 182 183 184 194 
0 190 4 14 148 151 152 153 154 155 156 159 160 161 162 164 165 167 168 169 171 172 173 177 178 179 180 181 182 183 184 187 194 
0 191 149 151 161 165 169 170 176 179 
0 192 157 193 194 
0 193 149 157 192 
0 194 189 190 192 
0 195 209 223 225 
0 196 223 224 225 
0 197 222 223 224 
0 198 223 224 225 
0 199 216 221 223 
0 200 223 224 225 
0 201 214 217 223 
0 202 218 221 223 
0 203 207 208 223 
0 204 221 222 223 
0 205 222 223 224 
0 206 209 223 225 
0 207 203 209 
0 208 203 223 225 
0 209 15 16 195 206 207 
0 210 223 224 225 
0 211 5 223 225 
0 212 223 224 225 
0 213 223 224 225 
0 214 201 223 224 
0 215 223 224 225 
0 216 199 223 225 
0 217 201 218 219 
0 218 202 217 219 
0 219 217 218 223 
0 220 222 223 224 
0 221 199 202 204 
0 222 197 204 205 220 
0 223 15 16 17 195 196 197 198 199 200 201 202 203 204 205 206 208 210 211 212 213 214 215 216 219 220 
0 224 17 196 197 198 200 205 210 212 213 214 215 220 
0 225 5 15 16 17 195 196 198 200 206 208 210 211 212 213 215 216 
0 226 252 254 255 
0 227 252 254 267 
0 228 252 254 255 
0 229 251 252 254 
0 230 251 252 254 
0 231 251 252 254 
0 232 251 252 254 
0 233 249 252 254 
0 234 253 254 255 
0 235 251 252 254 
0 236 251 252 254 
0 237 251 252 254 
0 238 252 254 255 
0 239 252 254 255 
0 240 253 254 255 
0 241 252 253 254 
0 242 252 253 254 
0 243 251 252 254 
0 244 252 254 255 
0 245 252 254 255 
0 246 251 252 254 
0 247 252 254 255 
0 248 253 254 255 
0 249 233 252 254 
0 250 251 252 254 
0 251 18 19 229 230 231 232 235 236 237 243 246 250 
0 252 6 18 19 226 227 228 229 230 231 232 233 235 236 237 238 239 241 242 243 244 245 246 247 249 250 
0 253 234 240 241 242 248 
0 254 6 18 19 226 227 228 229 230 231 232 233 234 235 236 237 238 239 240 241 242 243 244 245 246 247 248 249 250 
0 255 226 228 234 238 239 240 244 245 247 248 
0 256 265 271 272 
0 257 262 271 272 
0 258 261 262 272 
0 259 261 262 272 
0 260 270 271 272 
0 261 258 259 268 
0 262 257 258 259 
0 263 270 271 272 
0 264 270 271 272 
0 265 256 267 269 
0 266 270 271 272 
0 267 227 265 
0 268 261 271 272 
0 269 265 271 272 
0 270 260 263 264 266 
0 271 256 257 260 263 264 266 268 269 
0 272 256 257 258 259 260 263 264 266 268 269 
0 273 285 286 315 
0 274 276 312 314 
0 275 313 314 315 
0 276 7 274 314 
0 277 292 295 302 
0 278 313 314 315 
0 279 313 314 315 
0 280 283 284 287 
0 281 282 284 312 
0 282 281 313 315 
0 283 280 313 315 
0 284 280 281 304 
0 285 7 273 315 
0 286 273 314 315 
0 287 280 314 315 
0 288 292 293 295 
0 289 312 314 315 
0 290 311 312 314 
0 291 313 314 315 
0 292 277 288 315 
0 293 288 314 315 
0 294 311 312 314 
0 295 277 288 308 
0 296 311 312 314 
0 297 313 314 315 
0 298 312 314 315 
0 299 312 314 315 
0 300 313 314 315 
0 301 312 314 315 
0 302 277 314 315 
0 303 313 314 315 
0 304 284 307 314 
0 305 307 314 315 
0 306 313 314 315 
0 307 304 305 310 
0 308 295 314 315 
0 309 312 314 315 
0 310 307 313 315 
0 311 290 294 296 
0 312 274 281 289 290 294 296 298 299 301 309 
0 313 20 21 22 275 278 279 282 283 291 297 300 303 306 310 
0 314 20 21 22 274 275 276 278 279 286 287 289 290 291 293 294 296 297 298 299 300 301 302 303 304 305 306 308 309 
0 315 20 21 22 273 275 278 279 282 283 285 286 287 289 291 292 293 297 298 299 300 301 302 303 305 306 308 309 310 
0 316 0 
0 317 0 5 6 
0 318 0 7 
0 319 0 5 
0 320 0 7 
0 321 0 6 
0 322 0 6 
0 323 0 7 
0 324 0 
0 325 0 5 
0 326 0 
0 327 0 5 
0 328 0 6 
0 329 0 7 
0 330 0 5 6 
0 331 0 7 
0 332 0 
0 333 0 5 
0 334 0 6 7 
0 335 0 
0 336 0 5 7 
0 337 0 6 
0 338 0 
0 339 0 
0 340 0 5 7 
0 341 0 6 
0 342 0 
0 343 0 
0 344 0 5 6 
0 345 0 
1800 0 5 6 7 316 317 318 319 320 321 322 323 324 325 326 327 328 329 330 331 332 333 334 335 336 337 338 339 340 341 342 343 344 345 
1800 1 65 66 67 
1800 2 106 107 108 
1800 3 125 126 127 
1800 4 170 188 190 
1800 5 0 211 225 317 319 325 327 330 333 336 340 344 
1800 6 0 252 254 317 321 322 328 330 334 337 341 344 
1800 7 0 276 278 318 320 323 329 331 334 336 340 
1800 8 61 62 63 
1800 9 61 62 63 
1800 10 12 107 108 
1800 11 12 74 108 
1800 12 10 11 74 
1800 13 125 126 127 
1800 14 188 189 190 
1800 15 209 223 225 
1800 16 209 223 225 
1800 17 223 224 225 
1800 18 251 252 254 
1800 19 251 252 254 
1800 20 313 314 315 
1800 21 313 314 315 
1800 22 313 314 315 
1800 23 61 62 63 
1800 24 61 62 63 
1800 25 65 66 67 
1800 26 58 60 62 
1800 27 61 62 63 
1800 28 65 66 67 
1800 29 61 62 63 
1800 30 61 62 63 
1800 31 61 62 63 
1800 32 61 62 63 
1800 33 61 62 63 
1800 34 61 62 63 
1800 35 61 62 63 
1800 36 61 62 63 
1800 37 61 62 63 
1800 38 61 62 63 
1800 39 61 62 63 
1800 40 61 62 63 
1800 41 65 66 67 
1800 42 61 62 63 
1800 43 61 62 63 
1800 44 61 62 63 
1800 45 61 62 63 
1800 46 61 62 63 
1800 47 55 56 59 
1800 48 50 53 54 
1800 49 61 62 63 
1800 50 48 62 63 
1800 51 56 63 65 
1800 52 55 56 63 
1800 53 48 62 63 
1800 54 48 62 63 
1800 55 47 52 63 
1800 56 47 51 52 
1800 57 61 62 63 
1800 58 26 62 63 
1800 59 47 62 63 
1800 60 26 62 63 
1800 61 8 9 23 24 27 29 30 31 32 33 34 35 36 37 38 39 40 42 43 44 45 46 49 57 
1800 62 8 9 23 24 26 27 29 30 31 32 33 34 35 36 37 38 39 40 42 43 44 45 46 49 50 53 54 57 58 59 60 
1800 63 8 9 23 24 27 29 30 31 32 33 34 35 36 37 38 39 40 42 43 44 45 46 49 50 51 52 53 54 55 57 58 59 60 
1800 64 65 66 67 
1800 65 1 25 28 41 51 64 
1800 66 1 25 28 41 64 
1800 67 1 25 28 41 64 
1800 68 74 107 108 
1800 69 74 107 108 
1800 70 85 107 108 
1800 71 74 107 108 
1800 72 74 107 108 
1800 73 74 85 90 
1800 74 11 12 68 69 71 72 73 
1800 75 76 85 97 
1800 76 75 107 108 
1800 77 106 107 108 
1800 78 106 107 108 
1800 79 106 107 108 
1800 80 106 107 108 
1800 81 106 107 108 
1800 82 106 107 108 
1800 83 85 89 90 
1800 84 106 107 108 
1800 85 70 73 75 83 
1800 86 106 107 108 
1800 87 106 107 108 
1800 88 106 107 108 
1800 89 83 106 107 
1800 90 73 83 108 
1800 91 106 107 108 
1800 92 106 107 108 
1800 93 106 107 108 
1800 94 106 107 108 
1800 95 106 107 108 
1800 96 106 107 108 
1800 97 75 106 107 
1800 98 106 107 108 
1800 99 106 107 108 
1800 100 106 107 108 
1800 101 106 107 108 
1800 102 106 107 108 
1800 103 104 105 108 
1800 104 103 107 108 
1800 105 103 107 108 
1800 106 2 77 78 79 80 81 82 84 86 87 88 89 91 92 93 94 95 96 97 98 99 100 101 102 
1800 107 2 10 68 69 70 71 72 76 77 78 79 80 81 82 84 86 87 88 89 91 92 93 94 95 96 97 98 99 100 101 102 104 105 
1800 108 2 10 11 68 69 70 71 72 76 77 78 79 80 81 82 84 86 87 88 90 91 92 93 94 95 96 98 99 100 101 102 103 104 105 
1800 109 124 125 126 
1800 110 125 126 128 
1800 111 116 127 140 
1800 112 125 126 128 
1800 113 124 125 126 
1800 114 124 125 126 
1800 115 125 126 127 
1800 116 111 124 125 
1800 117 124 125 126 
1800 118 125 126 127 
1800 119 123 125 126 
1800 120 125 126 127 
1800 121 125 126 127 
1800 122 125 126 127 
1800 123 119 125 126 
1800 124 109 113 114 116 117 
1800 125 3 13 109 110 112 113 114 115 116 117 118 119 120 121 122 123 
1800 126 3 13 109 110 112 113 114 115 117 118 119 120 121 122 123 
1800 127 3 13 111 115 118 120 121 122 
1800 128 110 112 130 
1800 129 141 144 145 
1800 130 128 133 137 
1800 131 134 141 145 
1800 132 142 146 147 
1800 133 130 143 145 
1800 134 131 145 147 
1800 135 145 146 147 
1800 136 143 144 145 
1800 137 130 143 145 
1800 138 143 144 145 
1800 139 141 144 145 
1800 140 111 143 145 
1800 141 129 131 139 
1800 142 132 146 147 
1800 143 133 136 137 138 140 
1800 144 129 136 138 139 
1800 145 129 131 133 134 135 136 137 138 139 140 
1800 146 132 135 142 
1800 147 132 134 135 142 
1800 148 187 188 189 
1800 149 190 191 193 
1800 150 158 166 173 
1800 151 189 190 191 
1800 152 188 189 190 
1800 153 188 189 190 
1800 154 188 189 190 
1800 155 188 189 190 
1800 156 188 189 190 
1800 157 170 179 190 
1800 158 150 166 173 
1800 159 188 189 190 
1800 160 188 189 190 
1800 161 188 189 190 
1800 162 188 189 190 
1800 163 175 186 
1800 164 189 190 191 
1800 165 188 189 190 
1800 166 150 158 173 
1800 167 188 189 190 
1800 168 187 188 190 
1800 169 188 190 191 
1800 170 4 157 186 
1800 171 188 189 190 
1800 172 188 189 190 
1800 173 150 158 166 
1800 174 176 178 187 
1800 175 163 186 193 
1800 176 174 185 191 
1800 177 187 188 189 
1800 178 174 189 190 
1800 179 157 190 191 
1800 180 188 189 190 
1800 181 187 188 190 
1800 182 188 189 190 
1800 183 188 189 190 
1800 184 188 189 190 
1800 185 176 188 191 
1800 186 163 170 175 
1800 187 148 168 174 177 181 
1800 188 4 14 148 152 153 154 155 156 159 160 161 162 165 167 168 169 171 172 177 180 181 182 183 184 185 
1800 189 14 148 151 152 153 154 155 156 159 160 161 162 164 165 167 171 172 177 178 180 182 183 184 
1800 190 4 14 149 151 152 153 154 155 156 157 159 160 161 162 164 165 167 168 169 171 172 178 179 180 181 182 183 184 194 
1800 191 149 151 164 169 176 179 185 192 194 
1800 192 191 193 194 
1800 193 149 175 192 
1800 194 190 191 192 
1800 195 209 223 225 
1800 196 207 223 225 
1800 197 222 223 224 
1800 198 223 224 225 
1800 199 215 216 221 
1800 200 223 224 225 
1800 201 222 223 224 
1800 202 216 218 221 
1800 203 207 208 223 
1800 204 221 222 223 
1800 205 222 223 224 
1800 206 209 223 225 
1800 207 196 203 209 
1800 208 203 223 225 
1800 209 15 16 195 206 207 
1800 210 216 218 219 
1800 211 5 223 225 
1800 212 223 224 225 
1800 213 223 224 225 
1800 214 222 223 224 
1800 215 199 223 225 
1800 216 199 202 210 
1800 217 218 219 220 
1800 218 202 210 217 219 
1800 219 210 217 218 
1800 220 217 223 224 
1800 221 199 202 204 
1800 222 197 201 204 205 214 
1800 223 15 16 17 195 196 197 198 200 201 203 204 205 206 208 211 212 213 214 215 220 
1800 224 17 197 198 200 201 205 212 213 214 220 
1800 225 5 15 16 17 195 196 198 200 206 208 211 212 213 215 
1800 226 251 252 254 
1800 227 250 252 254 
1800 228 250 252 254 
1800 229 251 252 254 
1800 230 251 252 254 
1800 231 251 252 254 
1800 232 252 253 254 
1800 233 250 252 254 
1800 234 253 254 255 
1800 235 251 252 254 
1800 236 251 252 254 
1800 237 251 252 254 
1800 238 252 254 255 
1800 239 252 254 255 
1800 240 253 254 255 
1800 241 252 253 254 
1800 242 248 251 253 
1800 243 252 254 255 
1800 244 252 254 255 
1800 245 252 254 255 
1800 246 251 252 254 
1800 247 250 252 254 
1800 248 242 253 254 
1800 249 252 254 265 
1800 250 227 228 233 247 
1800 251 18 19 226 229 230 231 235 236 237 242 246 
1800 252 6 18 19 226 227 228 229 230 231 232 233 235 236 237 238 239 241 243 244 245 246 247 249 
1800 253 232 234 240 241 242 248 
1800 254 6 18 19 226 227 228 229 230 231 232 233 234 235 236 237 238 239 240 241 243 244 245 246 247 248 249 
1800 255 234 238 239 240 243 244 245 
1800 256 270 271 272 
1800 257 270 271 272 
1800 258 261 271 272 
1800 259 261 262 267 
1800 260 270 271 272 
1800 261 258 259 268 
1800 262 259 271 272 
1800 263 270 271 272 
1800 264 270 271 272 
1800 265 249 267 269 
1800 266 270 271 272 
1800 267 259 265 269 
1800 268 261 271 272 
1800 269 265 267 272 
1800 270 256 257 260 263 264 266 
1800 271 256 257 258 260 262 263 264 266 268 
1800 272 256 257 258 260 262 263 264 266 268 269 
1800 273 285 286 315 
1800 274 276 312 314 
1800 275 313 314 315 
1800 276 7 274 314 
1800 277 281 282 284 
1800 278 7 313 315 
1800 279 313 314 315 
1800 280 310 312 314 
1800 281 277 284 312 
1800 282 277 313 315 
1800 283 312 313 315 
1800 284 277 281 310 
1800 285 273 314 315 
1800 286 273 314 315 
1800 287 311 312 314 
1800 288 298 300 311 
1800 289 313 314 315 
1800 290 311 312 314 
1800 291 313 314 315 
1800 292 312 314 315 
1800 293 309 312 315 
1800 294 312 313 314 
1800 295 300 308 314 
1800 296 311 312 314 
1800 297 313 314 315 
1800 298 288 314 315 
1800 299 312 314 315 
1800 300 288 295 313 
1800 301 311 312 314 
1800 302 312 314 315 
1800 303 312 313 314 
1800 304 313 314 315 
1800 305 307 313 315 
1800 306 307 313 315 
1800 307 305 306 310 
1800 308 295 314 315 
1800 309 293 314 315 
1800 310 280 284 307 
1800 311 287 288 290 296 301 
1800 312 274 280 281 283 287 290 292 293 294 296 299 301 302 303 
1800 313 20 21 22 275 278 279 282 283 289 291 294 297 300 303 304 305 306 
1800 314 20 21 22 274 275 276 279 280 285 286 287 289 290 291 292 294 295 296 297 298 299 301 302 303 304 308 309 
1800 315 20 21 22 273 275 278 279 282 283 285 286 289 291 292 293 297 298 299 302 304 305 306 308 309 
1800 316 0 
1800 317 0 5 6 
1800 318 0 7 
1800 319 0 5 
1800 320 0 7 
1800 321 0 6 
1800 322 0 6 
1800 323 0 7 
1800 324 0 
1800 325 0 5 
1800 326 0 
1800 327 0 5 
1800 328 0 6 
1800 329 0 7 
1800 330 0 5 6 
1800 331 0 7 
1800 332 0 
1800 333 0 5 
1800 334 0 6 7 
1800 335 0 
1800 336 0 5 7 
1800 337 0 6 
1800 338 0 
1800 339 0 
1800 340 0 5 7 
1800 341 0 6 
1800 342 0 
1800 343 0 
1800 344 0 5 6 
1800 345 0 
3600 0 5 6 7 316 317 318 319 320 321 322 323 324 325 326 327 328 329 330 331 332 333 334 335 336 337 338 339 340 341 342 343 344 345 
3600 1 65 66 67 
3600 2 106 107 108 
3600 3 125 126 127 
3600 4 188 189 190 
3600 5 0 211 225 317 319 325 327 330 333 336 340 344 
3600 6 0 252 254 317 321 322 328 330 334 337 341 344 
3600 7 0 276 303 318 320 323 329 331 334 336 340 
3600 8 61 62 63 
3600 9 61 62 63 
3600 10 76 107 108 
3600 11 74 76 108 
3600 12 74 107 108 
3600 13 125 126 127 
3600 14 188 189 190 
3600 15 209 223 225 
3600 16 209 223 225 
3600 17 223 224 225 
3600 18 251 252 254 
3600 19 251 252 254 
3600 20 313 314 315 
3600 21 276 314 315 
3600 22 276 314 315 
3600 23 61 62 63 
3600 24 60 61 62 
3600 25 61 62 63 
3600 26 58 60 62 
3600 27 61 62 63 
3600 28 61 62 63 
3600 29 61 62 63 
3600 30 39 61 63 
3600 31 61 62 63 
3600 32 61 62 63 
3600 33 61 62 63 
3600 34 61 62 63 
3600 35 61 62 63 
3600 36 61 62 63 
3600 37 58 61 63 
3600 38 65 66 67 
3600 39 30 62 63 
3600 40 61 62 63 
3600 41 61 62 63 
3600 42 61 62 63 
3600 43 61 62 63 
3600 44 61 62 63 
3600 45 51 62 63 
3600 46 61 62 63 
3600 47 49 52 55 
3600 48 50 53 54 
3600 49 47 62 63 
3600 50 48 62 63 
3600 51 45 63 65 
3600 52 47 59 63 
3600 53 48 62 63 
3600 54 48 62 63 
3600 55 47 62 63 
3600 56 61 62 63 
3600 57 61 62 63 
3600 58 26 37 63 
3600 59 52 62 63 
3600 60 24 26 63 
3600 61 8 9 23 24 25 27 28 29 30 31 32 33 34 35 36 37 40 41 42 43 44 46 56 57 
3600 62 8 9 23 24 25 26 27 28 29 31 32 33 34 35 36 39 40 41 42 43 44 45 46 49 50 53 54 55 56 57 59 
3600 63 8 9 23 25 27 28 29 30 31 32 33 34 35 36 37 39 40 41 42 43 44 45 46 49 50 51 52 53 54 55 56 57 58 59 60 
3600 64 65 66 67 
3600 65 1 38 51 64 
3600 66 1 38 64 
3600 67 1 38 64 
3600 68 74 107 108 
3600 69 74 107 108 
3600 70 74 107 108 
3600 71 74 107 108 
3600 72 74 107 108 
3600 73 84 90 106 
3600 74 11 12 68 69 70 71 72 
3600 75 89 90 94 
3600 76 10 11 108 
3600 77 106 107 108 
3600 78 106 107 108 
3600 79 106 107 108 
3600 80 106 107 108 
3600 81 106 107 108 
3600 82 106 107 108 
3600 83 89 90 105 
3600 84 73 107 108 
3600 85 106 107 108 
3600 86 106 107 108 
3600 87 106 107 108 
3600 88 106 107 108 
3600 89 75 83 90 
3600 90 73 75 83 89 
3600 91 106 107 108 
3600 92 106 107 108 
3600 93 97 107 108 
3600 94 75 97 108 
3600 95 106 107 108 
3600 96 106 107 108 
3600 97 93 94 99 
3600 98 106 107 108 
3600 99 97 107 108 
3600 100 106 107 108 
3600 101 106 107 108 
3600 102 106 107 108 
3600 103 106 107 108 
3600 104 106 107 108 
3600 105 83 107 108 
3600 106 2 73 77 78 79 80 81 82 85 86 87 88 91 92 95 96 98 100 101 102 103 104 
3600 107 2 10 12 68 69 70 71 72 77 78 79 80 81 82 84 85 86 87 88 91 92 93 95 96 98 99 100 101 102 103 104 105 
3600 108 2 10 11 12 68 69 70 71 72 76 77 78 79 80 81 82 84 85 86 87 88 91 92 93 94 95 96 98 99 100 101 102 103 104 105 
3600 109 124 125 126 
3600 110 125 126 143 
3600 111 127 140 
3600 112 124 125 126 
3600 113 124 132 135 
3600 114 124 125 126 
3600 115 125 126 127 
3600 116 122 124 126 
3600 117 123 124 125 
3600 118 125 126 127 
3600 119 123 125 126 
3600 120 125 126 127 
3600 121 124 125 126 
3600 122 116 126 127 
3600 123 117 119 126 
3600 124 109 112 113 114 116 117 121 
3600 125 3 13 109 110 112 114 115 117 118 119 120 121 
3600 126 3 13 109 110 112 114 115 116 118 119 120 121 122 123 
3600 127 3 13 111 115 118 120 122 
3600 128 130 135 146 
3600 129 143 144 145 
3600 130 128 137 140 
3600 131 134 141 145 
3600 132 113 142 147 
3600 133 143 144 145 
3600 134 131 141 145 
3600 135 113 128 147 
3600 136 143 144 145 
3600 137 130 144 145 
3600 138 143 144 145 
3600 139 141 146 147 
3600 140 111 130 143 
3600 141 131 134 139 
3600 142 132 146 147 
3600 143 110 129 133 136 138 140 
3600 144 129 133 136 137 138 
3600 145 129 131 133 134 136 137 138 
3600 146 128 139 142 
3600 147 132 135 139 142 
3600 148 188 189 190 
3600 149 191 192 193 
3600 150 155 158 173 
3600 151 174 190 191 
3600 152 188 189 190 
3600 153 188 189 190 
3600 154 188 189 190 
3600 155 150 189 190 
3600 156 188 189 190 
3600 157 185 188 190 
3600 158 150 189 190 
3600 159 188 189 190 
3600 160 188 189 190 
3600 161 188 189 190 
3600 162 188 189 190 
3600 163 175 186 
3600 164 188 189 190 
3600 165 188 189 190 
3600 166 173 183 198 
3600 167 186 189 190 
3600 168 187 188 190 
3600 169 188 190 191 
3600 170 188 190 191 
3600 171 188 189 190 
3600 172 188 189 190 
3600 173 150 166 190 
3600 174 151 176 185 
3600 175 163 186 187 
3600 176 174 185 191 
3600 177 188 189 190 
3600 178 188 189 190 
3600 179 189 190 191 
3600 180 188 189 190 
3600 181 185 187 188 
3600 182 188 189 190 
3600 183 166 189 190 
3600 184 188 189 190 
3600 185 157 174 176 181 
3600 186 163 167 175 
3600 187 168 175 181 
3600 188 4 14 148 152 153 154 156 157 159 160 161 162 164 165 168 169 170 171 172 177 178 180 181 182 184 
3600 189 4 14 148 152 153 154 155 156 158 159 160 161 162 164 165 167 171 172 177 178 179 180 182 183 184 194 
3600 190 4 14 148 151 152 153 154 155 156 157 158 159 160 161 162 164 165 167 168 169 170 171 172 173 177 178 179 180 182 183 184 194 
3600 191 149 151 169 170 176 179 193 
3600 192 149 193 194 
3600 193 149 191 192 
3600 194 189 190 192 
3600 195 209 223 225 
3600 196 223 224 225 
3600 197 222 223 224 
3600 198 166 223 225 
3600 199 207 216 221 
3600 200 223 224 225 
3600 201 217 223 224 
3600 202 207 218 221 
3600 203 207 208 223 
3600 204 207 221 222 
3600 205 222 223 224 
3600 206 209 223 225 
3600 207 199 202 203 204 
3600 208 203 223 225 
3600 209 15 16 195 206 
3600 210 218 219 221 
3600 211 5 223 225 
3600 212 223 224 225 
3600 213 223 224 225 
3600 214 222 223 224 
3600 215 223 224 225 
3600 216 199 223 225 
3600 217 201 218 219 
3600 218 202 210 217 219 
3600 219 210 217 218 
3600 220 222 223 224 
3600 221 199 202 204 210 
3600 222 197 204 205 214 220 
3600 223 15 16 17 195 196 197 198 200 201 203 205 206 208 211 212 213 214 215 216 220 
3600 224 17 196 197 200 201 205 212 213 214 215 220 
3600 225 5 15 16 17 195 196 198 200 206 208 211 212 213 215 216 
3600 226 251 252 254 
3600 227 251 252 254 
3600 228 251 252 254 
3600 229 251 252 254 
3600 230 252 254 255 
3600 231 251 252 254 
3600 232 251 252 254 
3600 233 251 252 254 
3600 234 253 254 255 
3600 235 251 252 254 
3600 236 251 252 254 
3600 237 251 252 254 
3600 238 252 254 255 
3600 239 252 254 255 
3600 240 253 254 255 
3600 241 252 253 254 
3600 242 251 253 254 
3600 243 251 252 254 
3600 244 252 254 255 
3600 245 252 254 255 
3600 246 251 252 254 
3600 247 250 252 254 
3600 248 252 253 254 
3600 249 252 253 254 
3600 250 247 252 254 
3600 251 18 19 226 227 228 229 231 232 233 235 236 237 242 243 246 267 
3600 252 6 18 19 226 227 228 229 230 231 232 233 235 236 237 238 239 241 243 244 245 246 247 248 249 250 
3600 253 234 240 241 242 248 249 
3600 254 6 18 19 226 227 228 229 230 231 232 233 234 235 236 237 238 239 240 241 242 243 244 245 246 247 248 249 250 
3600 255 230 234 238 239 240 244 245 
3600 256 270 271 272 
3600 257 262 271 272 
3600 258 262 271 272 
3600 259 262 271 272 
3600 260 270 271 272 
3600 261 268 269 270 
3600 262 257 258 259 
3600 263 270 271 272 
3600 264 270 271 272 
3600 265 266 267 269 
3600 266 265 267 272 
3600 267 251 265 266 
3600 268 261 271 272 
3600 269 261 265 272 
3600 270 256 260 261 263 264 
3600 271 256 257 258 259 260 263 264 268 
3600 272 256 257 258 259 260 263 264 266 268 269 
3600 273 285 286 293 
3600 274 276 312 314 
3600 275 276 314 315 
3600 276 7 21 22 274 275 
3600 277 283 292 295 
3600 278 313 314 315 
3600 279 313 314 315 
3600 280 283 284 287 
3600 281 283 284 312 
3600 282 313 314 315 
3600 283 277 280 281 
3600 284 280 281 304 
3600 285 273 314 315 
3600 286 273 314 315 
3600 287 280 312 314 
3600 288 300 308 309 
3600 289 312 314 315 
3600 290 311 312 314 
3600 291 313 314 315 
3600 292 277 314 315 
3600 293 273 314 315 
3600 294 311 312 314 
3600 295 277 300 309 
3600 296 311 312 314 
3600 297 313 314 315 
3600 298 311 312 314 
3600 299 312 314 315 
3600 300 288 295 313 
3600 301 311 312 314 
3600 302 312 314 315 
3600 303 7 313 315 
3600 304 284 312 314 
3600 305 307 314 315 
3600 306 313 314 315 
3600 307 305 310 311 
3600 308 288 314 315 
3600 309 288 295 315 
3600 310 307 313 315 
3600 311 290 294 296 298 301 307 
3600 312 274 281 287 289 290 294 296 298 299 301 302 304 
3600 313 20 278 279 282 291 297 300 303 306 310 
3600 314 20 21 22 274 275 278 279 282 285 286 287 289 290 291 292 293 294 296 297 298 299 301 302 304 305 306 308 
3600 315 20 21 22 275 278 279 282 285 286 289 291 292 293 297 299 302 303 305 306 308 309 310 
3600 316 0 
3600 317 0 5 6 
3600 318 0 7 
3600 319 0 5 
3600 320 0 7 
3600 321 0 6 
3600 322 0 6 
3600 323 0 7 
3600 324 0 
3600 325 0 5 
3600 326 0 
3600 327 0 5 
3600 328 0 6 
3600 329 0 7 
3600 330 0 5 6 
3600 331 0 7 
3600 332 0 
3600 333 0 5 
3600 334 0 6 7 
3600 335 0 
3600 336 0 5 7 
3600 337 0 6 
3600 338 0 
3600 339 0 
3600 340 0 5 7 
3600 341 0 6 
3600 342 0 
3600 343 0 
3600 344 0 5 6 
3600 345 0 
5400 0 5 6 7 316 317 318 319 320 321 322 323 324 325 326 327 328 329 330 331 332 333 334 335 336 337 338 339 340 341 342 343 344 345 
5400 1 65 66 67 
5400 2 106 107 108 
5400 3 125 126 127 
5400 4 188 189 190 
5400 5 0 211 225 317 319 325 327 330 333 336 340 344 
5400 6 0 252 254 317 321 322 328 330 334 337 341 344 
5400 7 0 276 303 318 320 323 329 331 334 336 340 
5400 8 61 62 63 
5400 9 61 62 63 
5400 10 12 107 108 
5400 11 12 74 108 
5400 12 10 11 74 
5400 13 125 126 127 
5400 14 188 189 190 
5400 15 209 223 225 
5400 16 209 223 225 
5400 17 223 224 225 
5400 18 251 252 254 
5400 19 251 252 254 
5400 20 313 314 315 
5400 21 313 314 315 
5400 22 313 314 315 
5400 23 61 62 63 
5400 24 60 61 62 
5400 25 61 62 63 
5400 26 58 60 62 
5400 27 61 62 63 
5400 28 61 62 63 
5400 29 61 62 63 
5400 30 61 63 65 
5400 31 61 62 63 
5400 32 61 62 63 
5400 33 65 66 67 
5400 34 61 62 63 
5400 35 61 62 63 
5400 36 65 66 67 
5400 37 61 62 63 
5400 38 61 62 63 
5400 39 61 62 63 
5400 40 61 62 63 
5400 41 61 62 63 
5400 42 61 62 63 
5400 43 65 66 67 
5400 44 61 62 63 
5400 45 65 66 67 
5400 46 61 62 63 
5400 47 52 55 59 
5400 48 49 50 54 
5400 49 48 62 63 
5400 50 48 62 63 
5400 51 59 63 65 
5400 52 47 62 63 
5400 53 61 62 63 
5400 54 48 62 63 
5400 55 47 62 63 
5400 56 61 62 63 
5400 57 61 62 63 
5400 58 26 62 63 
5400 59 47 51 63 
5400 60 24 26 63 
5400 61 8 9 23 24 25 27 28 29 30 31 32 34 35 37 38 39 40 41 42 44 46 53 56 57 
5400 62 8 9 23 24 25 26 27 28 29 31 32 34 35 37 38 39 40 41 42 44 46 49 50 52 53 54 55 56 57 58 
5400 63 8 9 23 25 27 28 29 30 31 32 34 35 37 38 39 40 41 42 44 46 49 50 51 52 53 54 55 56 57 58 59 60 
5400 64 65 66 67 
5400 65 1 30 33 36 43 45 51 64 
5400 66 1 33 36 43 45 64 
5400 67 1 33 36 43 45 64 
5400 68 74 107 108 
5400 69 74 107 108 
5400 70 74 107 108 
5400 71 74 107 108 
5400 72 74 107 108 
5400 73 84 90 106 
5400 74 11 12 68 69 70 71 72 
5400 75 76 83 89 
5400 76 75 107 108 
5400 77 106 107 108 
5400 78 106 107 108 
5400 79 106 107 108 
5400 80 106 107 108 
5400 81 106 107 108 
5400 82 106 107 108 
5400 83 75 89 90 
5400 84 73 107 108 
5400 85 106 107 108 
5400 86 106 107 108 
5400 87 106 107 108 
5400 88 106 107 108 
5400 89 75 83 90 
5400 90 73 83 89 
5400 91 106 107 108 
5400 92 106 107 108 
5400 93 106 107 108 
5400 94 106 107 108 
5400 95 106 107 108 
5400 96 106 107 108 
5400 97 106 107 108 
5400 98 106 107 108 
5400 99 106 107 108 
5400 100 106 107 108 
5400 101 106 107 108 
5400 102 106 107 108 
5400 103 104 105 107 
5400 104 103 107 108 
5400 105 103 107 108 
5400 106 2 73 77 78 79 80 81 82 85 86 87 88 91 92 93 94 95 96 97 98 99 100 101 102 
5400 107 2 10 68 69 70 71 72 76 77 78 79 80 81 82 84 85 86 87 88 91 92 93 94 95 96 97 98 99 100 101 102 103 104 105 
5400 108 2 10 11 68 69 70 71 72 76 77 78 79 80 81 82 84 85 86 87 88 91 92 93 94 95 96 97 98 99 100 101 102 104 105 
5400 109 124 125 126 
5400 110 124 125 126 
5400 111 127 140 
5400 112 124 125 126 
5400 113 124 126 145 
5400 114 125 126 127 
5400 115 125 126 127 
5400 116 122 124 126 
5400 117 124 125 126 
5400 118 125 126 127 
5400 119 124 125 126 
5400 120 125 126 127 
5400 121 124 125 126 
5400 122 116 126 127 
5400 123 124 125 126 
5400 124 109 110 112 113 116 117 119 121 123 
5400 125 3 13 109 110 112 114 115 117 118 119 120 121 123 
5400 126 3 13 109 110 112 113 114 115 116 117 118 119 120 121 122 123 
5400 127 3 13 111 114 115 118 120 122 
5400 128 130 133 
5400 129 143 144 145 
5400 130 128 133 137 
5400 131 134 141 143 
5400 132 145 146 147 
5400 133 128 130 145 
5400 134 131 141 145 
5400 135 145 146 147 
5400 136 143 144 145 
5400 137 130 143 145 
5400 138 140 144 145 
5400 139 141 144 145 
5400 140 111 138 143 
5400 141 131 134 139 
5400 142 145 146 147 
5400 143 129 131 136 137 140 
5400 144 129 136 138 139 
5400 145 113 129 132 133 134 135 136 137 138 139 142 
5400 146 132 135 142 
5400 147 132 135 142 
5400 148 188 189 190 
5400 149 164 191 193 
5400 150 158 163 166 
5400 151 187 188 190 
5400 152 188 189 190 
5400 153 188 189 190 
5400 154 188 189 190 
5400 155 188 189 190 
5400 156 188 189 190 
5400 157 164 179 193 
5400 158 150 166 173 
5400 159 188 189 190 
5400 160 188 189 190 
5400 161 188 189 190 
5400 162 188 189 190 
5400 163 150 175 186 
5400 164 149 157 181 
5400 165 188 189 190 
5400 166 150 158 173 
5400 167 188 189 190 
5400 168 174 188 190 
5400 169 188 190 191 
5400 170 188 190 191 
5400 171 188 189 190 
5400 172 188 189 190 
5400 173 158 166 190 
5400 174 168 176 185 
5400 175 163 186 189 
5400 176 174 185 191 
5400 177 188 189 190 
5400 178 188 189 190 
5400 179 157 190 191 
5400 180 188 189 190 
5400 181 164 188 190 
5400 182 188 189 190 
5400 183 188 189 190 
5400 184 188 189 190 
5400 185 174 176 191 
5400 186 163 175 189 
5400 187 151 189 190 
5400 188 4 14 148 151 152 153 154 155 156 159 160 161 162 165 167 168 169 170 171 172 177 178 180 181 182 183 184 
5400 189 4 14 148 152 153 154 155 156 159 160 161 162 165 167 171 172 175 177 178 180 182 183 184 186 187 194 
5400 190 4 14 148 151 152 153 154 155 156 159 160 161 162 165 167 168 169 170 171 172 173 177 178 179 180 181 182 183 184 187 194 
5400 191 149 169 170 176 179 185 192 
5400 192 191 193 194 
5400 193 149 157 192 
5400 194 189 190 192 
5400 195 209 223 225 
5400 196 223 224 225 
5400 197 222 223 224 
5400 198 223 224 225 
5400 199 216 219 221 
5400 200 223 224 225 
5400 201 222 223 224 
5400 202 218 219 221 
5400 203 207 208 223 
5400 204 221 222 223 
5400 205 222 223 224 
5400 206 209 223 225 
5400 207 203 209 215 
5400 208 203 223 225 
5400 209 15 16 195 206 207 
5400 210 218 219 221 
5400 211 5 223 225 
5400 212 221 224 225 
5400 213 223 224 225 
5400 214 222 223 224 
5400 215 207 217 223 
5400 216 199 223 225 
5400 217 215 218 219 
5400 218 202 210 217 
5400 219 199 202 210 217 
5400 220 222 223 224 
5400 221 199 202 204 210 212 
5400 222 197 201 204 205 214 220 
5400 223 15 16 17 195 196 197 198 200 201 203 204 205 206 208 211 213 214 215 216 220 
5400 224 17 196 197 198 200 201 205 212 213 214 220 
5400 225 5 15 16 17 195 196 198 200 206 208 211 212 213 216 
5400 226 252 254 255 
5400 227 250 252 254 
5400 228 252 254 265 
5400 229 251 252 254 
5400 230 252 253 254 
5400 231 251 252 254 
5400 232 251 252 254 
5400 233 250 252 254 
5400 234 253 254 255 
5400 235 251 252 254 
5400 236 251 252 254 
5400 237 251 252 254 
5400 238 253 254 255 
5400 239 252 254 255 
5400 240 253 254 255 
5400 241 252 253 254 
5400 242 248 251 253 
5400 243 251 252 254 
5400 244 252 254 255 
5400 245 252 254 255 
5400 246 251 252 254 
5400 247 250 252 254 
5400 248 242 253 254 
5400 249 251 252 254 
5400 250 227 233 247 
5400 251 18 19 229 231 232 235 236 237 242 243 246 249 
5400 252 6 18 19 226 227 228 229 230 231 232 233 235 236 237 239 241 243 244 245 246 247 249 
5400 253 230 234 238 240 241 242 248 
5400 254 6 18 19 226 227 228 229 230 231 232 233 234 235 236 237 238 239 240 241 243 244 245 246 247 248 249 
5400 255 226 234 238 239 240 244 245 
5400 256 269 271 272 
5400 257 270 271 272 
5400 258 261 262 272 
5400 259 261 262 272 
5400 260 270 271 272 
5400 261 258 259 268 
5400 262 258 259 272 
5400 263 270 271 272 
5400 264 270 271 272 
5400 265 228 267 269 
5400 266 270 271 272 
5400 267 265 
5400 268 261 271 272 
5400 269 256 265 272 
5400 270 257 260 263 264 266 
5400 271 256 257 260 263 264 266 268 
5400 272 256 257 258 259 260 262 263 264 266 268 269 
5400 273 313 314 315 
5400 274 276 312 314 
5400 275 313 314 315 
5400 276 7 274 314 
5400 277 292 295 304 
5400 278 313 314 315 
5400 279 313 314 315 
5400 280 283 284 287 
5400 281 284 312 315 
5400 282 313 314 315 
5400 283 280 313 315 
5400 284 280 281 304 
5400 285 313 314 315 
5400 286 313 314 315 
5400 287 280 312 314 
5400 288 292 293 295 
5400 289 312 314 315 
5400 290 311 312 314 
5400 291 313 314 315 
5400 292 277 288 315 
5400 293 288 314 315 
5400 294 311 312 314 
5400 295 277 288 309 
5400 296 311 312 314 
5400 297 313 314 315 
5400 298 311 312 314 
5400 299 312 314 315 
5400 300 313 314 315 
5400 301 311 312 314 
5400 302 313 314 315 
5400 303 7 313 314 
5400 304 277 284 315 
5400 305 307 314 315 
5400 306 313 314 315 
5400 307 305 310 315 
5400 308 312 314 315 
5400 309 295 314 315 
5400 310 307 313 315 
5400 311 290 294 296 298 301 
5400 312 274 281 287 289 290 294 296 298 299 301 308 
5400 313 20 21 22 273 275 278 279 282 283 285 286 291 297 300 302 303 306 310 
5400 314 20 21 22 273 274 275 276 278 279 282 285 286 287 289 290 291 293 294 296 297 298 299 300 301 302 303 305 306 308 309 
5400 315 20 21 22 273 275 278 279 281 282 283 285 286 289 291 292 293 297 299 300 302 304 305 306 307 308 309 310 
5400 316 0 
5400 317 0 5 6 
5400 318 0 7 
5400 319 0 5 
5400 320 0 7 
5400 321 0 6 
5400 322 0 6 
5400 323 0 7 
5400 324 0 
5400 325 0 5 
5400 326 0 
5400 327 0 5 
5400 328 0 6 
5400 329 0 7 
5400 330 0 5 6 
5400 331 0 7 
5400 332 0 
5400 333 0 5 
5400 334 0 6 7 
5400 335 0 
5400 336 0 5 7 
5400 337 0 6 
5400 338 0 
5400 339 0 
5400 340 0 5 7 
5400 341 0 6 
5400 342 0 
5400 343 0 
5400 344 0 5 6 
5400 345 0 
7200 0 5 6 7 316 317 318 319 320 321 322 323 324 325 326 327 328 329 330 331 332 333 334 335 336 337 338 339 340 341 342 343 344 345 
7200 1 65 66 67 
7200 2 106 107 108 
7200 3 124 125 126 
7200 4 188 189 190 
7200 5 0 211 225 317 319 325 327 330 333 336 340 344 
7200 6 0 252 254 317 321 322 328 330 334 337 341 344 
7200 7 0 276 278 318 320 323 329 331 334 336 340 
7200 8 61 62 63 
7200 9 61 62 63 
7200 10 12 107 108 
7200 11 12 74 108 
7200 12 10 11 74 
7200 13 124 125 126 
7200 14 188 189 190 
7200 15 209 223 225 
7200 16 209 223 225 
7200 17 223 224 225 
7200 18 251 252 254 
7200 19 251 252 254 
7200 20 313 314 315 
7200 21 313 314 315 
7200 22 313 314 315 
7200 23 61 62 63 
7200 24 61 62 63 
7200 25 65 66 67 
7200 26 58 60 62 
7200 27 61 62 63 
7200 28 61 62 63 
7200 29 61 62 63 
7200 30 61 63 65 
7200 31 61 62 63 
7200 32 61 62 63 
7200 33 61 62 63 
7200 34 61 62 63 
7200 35 65 66 67 
7200 36 65 66 67 
7200 37 58 61 66 
7200 38 61 62 63 
7200 39 65 66 67 
7200 40 61 62 63 
7200 41 65 66 67 
7200 42 61 62 63 
7200 43 65 66 67 
7200 44 61 62 63 
7200 45 65 66 67 
7200 46 61 62 63 
7200 47 59 62 63 
7200 48 61 62 63 
7200 49 61 62 63 
7200 50 61 62 63 
7200 51 57 63 65 
7200 52 55 62 63 
7200 53 61 62 63 
7200 54 61 62 63 
7200 55 52 62 63 
7200 56 61 62 63 
7200 57 51 66 67 
7200 58 26 37 63 
7200 59 47 62 63 
7200 60 26 62 63 
7200 61 8 9 23 24 27 28 29 30 31 32 33 34 37 38 40 42 44 46 48 49 50 53 54 56 
7200 62 8 9 23 24 26 27 28 29 31 32 33 34 38 40 42 44 46 47 48 49 50 52 53 54 55 56 59 60 
7200 63 8 9 23 24 27 28 29 30 31 32 33 34 38 40 42 44 46 47 48 49 50 51 52 53 54 55 56 58 59 60 
7200 64 65 66 67 
7200 65 1 25 30 35 36 39 41 43 45 51 64 
7200 66 1 25 35 36 37 39 41 43 45 57 64 
7200 67 1 25 35 36 39 41 43 45 57 64 
7200 68 74 107 108 
7200 69 74 107 108 
7200 70 74 107 108 
7200 71 74 107 108 
7200 72 74 107 108 
7200 73 84 90 106 
7200 74 11 12 68 69 70 71 72 
7200 75 76 89 106 
7200 76 75 107 108 
7200 77 106 107 108 
7200 78 106 107 108 
7200 79 106 107 108 
7200 80 106 107 108 
7200 81 106 107 108 
7200 82 106 107 108 
7200 83 89 90 105 
7200 84 73 107 108 
7200 85 106 107 108 
7200 86 106 107 108 
7200 87 106 107 108 
7200 88 106 107 108 
7200 89 75 83 108 
7200 90 73 83 108 
7200 91 106 107 108 
7200 92 106 107 108 
7200 93 97 107 108 
7200 94 106 107 108 
7200 95 106 107 108 
7200 96 106 107 108 
7200 97 93 104 106 
7200 98 106 107 108 
7200 99 106 107 108 
7200 100 106 107 108 
7200 101 103 107 108 
7200 102 106 107 108 
7200 103 101 104 105 
7200 104 97 103 108 
7200 105 83 103 108 
7200 106 2 73 75 77 78 79 80 81 82 85 86 87 88 91 92 94 95 96 97 98 99 100 102 
7200 107 2 10 68 69 70 71 72 76 77 78 79 80 81 82 84 85 86 87 88 91 92 93 94 95 96 98 99 100 101 102 
7200 108 2 10 11 68 69 70 71 72 76 77 78 79 80 81 82 84 85 86 87 88 89 90 91 92 93 94 95 96 98 99 100 101 102 104 105 
7200 109 124 125 126 
7200 110 123 125 126 
7200 111 140 
7200 112 124 125 126 
7200 113 116 124 139 
7200 114 124 125 126 
7200 115 125 126 127 
7200 116 113 125 126 
7200 117 124 125 126 
7200 118 124 125 126 
7200 119 125 126 127 
7200 120 125 126 127 
7200 121 124 125 126 
7200 122 124 125 126 
7200 123 110 125 126 
7200 124 3 13 109 112 113 114 117 118 121 122 
7200 125 3 13 109 110 112 114 115 116 117 118 119 120 121 122 123 
7200 126 3 13 109 110 112 114 115 116 117 118 119 120 121 122 123 
7200 127 115 119 120 
7200 128 130 136 
7200 129 143 144 145 
7200 130 128 136 137 
7200 131 134 141 144 
7200 132 143 146 147 
7200 133 143 144 145 
7200 134 131 141 145 
7200 135 145 146 147 
7200 136 128 130 145 
7200 137 130 143 145 
7200 138 143 144 145 
7200 139 113 141 142 
7200 140 111 143 145 
7200 141 131 134 139 
7200 142 139 146 147 
7200 143 129 132 133 137 138 140 
7200 144 129 131 133 138 
7200 145 129 133 134 135 136 137 138 140 
7200 146 132 135 142 
7200 147 132 135 142 
7200 148 189 190 191 
7200 149 189 190 191 
7200 150 158 173 189 
7200 151 174 190 191 
7200 152 188 189 190 
7200 153 188 189 190 
7200 154 188 189 190 
7200 155 188 189 190 
7200 156 187 188 190 
7200 157 179 192 193 
7200 158 150 166 189 
7200 159 188 189 190 
7200 160 188 189 190 
7200 161 188 189 190 
7200 162 188 189 190 
7200 163 170 175 186 
7200 164 188 189 190 
7200 165 188 189 190 
7200 166 158 173 189 
7200 167 188 189 190 
7200 168 187 188 190 
7200 169 188 190 191 
7200 170 163 190 191 
7200 171 188 189 190 
7200 172 175 186 190 
7200 173 150 166 190 
7200 174 151 176 185 
7200 175 163 172 186 
7200 176 174 185 191 
7200 177 188 189 190 
7200 178 188 189 190 
7200 179 157 190 191 
7200 180 188 189 190 
7200 181 187 188 190 
7200 182 189 190 191 
7200 183 188 189 190 
7200 184 188 189 190 
7200 185 174 176 191 
7200 186 163 172 175 
7200 187 156 168 181 
7200 188 4 14 152 153 154 155 156 159 160 161 162 164 165 167 168 169 171 177 178 180 181 183 184 
7200 189 4 14 148 149 150 152 153 154 155 158 159 160 161 162 164 165 166 167 171 177 178 180 182 183 184 194 
7200 190 4 14 148 149 151 152 153 154 155 156 159 160 161 162 164 165 167 168 169 170 171 172 173 177 178 179 180 181 182 183 184 194 
7200 191 148 149 151 169 170 176 179 182 185 193 
7200 192 157 193 194 
7200 193 157 191 192 
7200 194 189 190 192 
7200 195 209 223 225 
7200 196 223 224 225 
7200 197 214 222 224 
7200 198 223 224 225 
7200 199 215 216 221 
7200 200 209 223 225 
7200 201 217 223 224 
7200 202 216 218 221 
7200 203 207 208 223 
7200 204 221 222 223 
7200 205 209 223 225 
7200 206 209 223 225 
7200 207 203 208 209 
7200 208 203 207 209 
7200 209 15 16 195 200 205 206 207 208 
7200 210 221 224 225 
7200 211 5 223 225 
7200 212 223 224 225 
7200 213 223 224 225 
7200 214 197 223 224 
7200 215 199 223 225 
7200 216 199 202 219 
7200 217 201 218 219 
7200 218 202 217 219 
7200 219 216 217 218 
7200 220 222 223 224 
7200 221 199 202 204 210 
7200 222 197 204 220 
7200 223 15 16 17 195 196 198 200 201 203 204 205 206 211 212 213 214 215 220 
7200 224 17 196 197 198 201 210 212 213 214 220 
7200 225 5 15 16 17 195 196 198 200 205 206 210 211 212 213 215 
7200 226 251 252 254 
7200 227 250 252 254 
7200 228 250 252 254 
7200 229 251 252 254 
7200 230 251 252 254 
7200 231 251 252 254 
7200 232 251 252 254 
7200 233 249 252 254 
7200 234 253 254 255 
7200 235 251 252 254 
7200 236 251 252 254 
7200 237 251 252 254 
7200 238 252 254 255 
7200 239 253 254 255 
7200 240 253 254 255 
7200 241 252 253 254 
7200 242 248 251 253 
7200 243 251 252 254 
7200 244 252 254 255 
7200 245 252 254 255 
7200 246 250 252 254 
7200 247 252 254 255 
7200 248 242 253 254 
7200 249 233 252 254 
7200 250 227 228 246 
7200 251 18 19 226 229 230 231 232 235 236 237 242 243 
7200 252 6 18 19 226 227 228 229 230 231 232 233 235 236 237 238 241 243 244 245 246 247 249 
7200 253 234 239 240 241 242 248 
7200 254 6 18 19 226 227 228 229 230 231 232 233 234 235 236 237 238 239 240 241 243 244 245 246 247 248 249 
7200 255 234 238 239 240 244 245 247 
7200 256 270 271 272 
7200 257 262 271 272 
7200 258 261 262 272 
7200 259 261 262 272 
7200 260 265 267 269 
7200 261 258 259 268 
7200 262 257 258 259 
7200 263 270 271 272 
7200 264 270 271 272 
7200 265 260 267 272 
7200 266 270 271 272 
7200 267 260 265 268 
7200 268 261 267 272 
7200 269 260 271 272 
7200 270 256 263 264 266 
7200 271 256 257 263 264 266 269 
7200 272 256 257 258 259 263 264 265 266 268 269 
7200 273 285 286 303 
7200 274 276 312 314 
7200 275 313 314 315 
7200 276 7 274 314 
7200 277 289 292 295 
7200 278 7 313 315 
7200 279 313 314 315 
7200 280 284 285 287 
7200 281 313 314 315 
7200 282 313 314 315 
7200 283 313 314 315 
7200 284 280 304 307 
7200 285 273 280 313 
7200 286 273 314 315 
7200 287 280 314 315 
7200 288 292 293 295 
7200 289 277 314 315 
7200 290 312 314 315 
7200 291 313 314 315 
7200 292 277 288 315 
7200 293 288 312 315 
7200 294 312 314 315 
7200 295 277 288 308 
7200 296 312 314 315 
7200 297 313 314 315 
7200 298 312 314 315 
7200 299 312 314 315 
7200 300 313 314 315 
7200 301 312 314 315 
7200 302 312 314 315 
7200 303 273 313 315 
7200 304 284 312 314 
7200 305 307 314 315 
7200 306 313 314 315 
7200 307 284 305 310 
7200 308 295 314 315 
7200 309 312 314 315 
7200 310 307 313 315 
7200 311 312 314 315 
7200 312 274 290 293 294 296 298 299 301 302 304 309 311 
7200 313 20 21 22 275 278 279 281 282 283 285 291 297 300 303 306 310 
7200 314 20 21 22 274 275 276 279 281 282 283 286 287 289 290 291 294 296 297 298 299 300 301 302 304 305 306 308 309 311 
7200 315 20 21 22 275 278 279 281 282 283 286 287 289 290 291 292 293 294 296 297 298 299 300 301 302 303 305 306 308 309 310 311 
7200 316 0 
7200 317 0 5 6 
7200 318 0 7 
7200 319 0 5 
7200 320 0 7 
7200 321 0 6 
7200 322 0 6 
7200 323 0 7 
7200 324 0 
7200 325 0 5 
7200 326 0 
7200 327 0 5 
7200 328 0 6 
7200 329 0 7 
7200 330 0 5 6 
7200 331 0 7 
7200 332 0 
7200 333 0 5 
7200 334 0 6 7 
7200 335 0 
7200 336 0 5 7 
7200 337 0 6 
7200 338 0 
7200 339 0 
7200 340 0 5 7 
7200 341 0 6 
7200 342 0 
7200 343 0 
7200 344 0 5 6 
7200 345 0 
9000 0 5 6 7 316 317 318 319 320 321 322 323 324 325 326 327 328 329 330 331 332 333 334 335 336 337 338 339 340 341 342 343 344 345 
9000 1 65 66 67 
9000 2 106 107 108 
9000 3 125 126 127 
9000 4 188 189 190 
9000 5 0 211 225 317 319 325 327 330 333 336 340 344 
9000 6 0 252 254 317 321 322 328 330 334 337 341 344 
9000 7 0 276 290 318 320 323 329 331 334 336 340 
9000 8 61 62 63 
9000 9 61 62 63 
9000 10 12 107 108 
9000 11 12 74 108 
9000 12 10 11 74 
9000 13 125 126 127 
9000 14 188 189 190 
9000 15 209 223 225 
9000 16 209 223 225 
9000 17 223 224 225 
9000 18 251 252 254 
9000 19 251 252 254 
9000 20 313 314 315 
9000 21 313 314 315 
9000 22 313 314 315 
9000 23 61 62 63 
9000 24 60 61 62 
9000 25 61 62 63 
9000 26 60 61 62 
9000 27 61 62 63 
9000 28 61 62 63 
9000 29 61 62 63 
9000 30 61 63 65 
9000 31 65 66 67 
9000 32 61 62 63 
9000 33 61 62 63 
9000 34 61 62 63 
9000 35 61 62 63 
9000 36 61 62 63 
9000 37 58 61 66 
9000 38 61 62 63 
9000 39 65 66 67 
9000 40 61 62 63 
9000 41 61 62 63 
9000 42 61 62 63 
9000 43 65 66 67 
9000 44 61 62 63 
9000 45 65 66 67 
9000 46 61 62 63 
9000 47 61 62 63 
9000 48 50 60 61 
9000 49 61 62 63 
9000 50 48 62 63 
9000 51 61 62 63 
9000 52 55 59 63 
9000 53 65 66 67 
9000 54 61 62 63 
9000 55 52 62 63 
9000 56 65 66 67 
9000 57 65 66 67 
9000 58 37 66 67 
9000 59 52 62 63 
9000 60 24 26 48 
9000 61 8 9 23 24 25 26 27 28 29 30 32 33 34 35 36 37 38 40 41 42 44 46 47 48 49 51 54 
9000 62 8 9 23 24 25 26 27 28 29 32 33 34 35 36 38 40 41 42 44 46 47 49 50 51 54 55 59 
9000 63 8 9 23 25 27 28 29 30 32 33 34 35 36 38 40 41 42 44 46 47 49 50 51 52 54 55 59 
9000 64 65 66 67 
9000 65 1 30 31 39 43 45 53 56 57 64 
9000 66 1 31 37 39 43 45 53 56 57 58 64 
9000 67 1 31 39 43 45 53 56 57 58 64 
9000 68 74 107 108 
9000 69 74 107 108 
9000 70 74 107 108 
9000 71 74 107 108 
9000 72 74 107 108 
9000 73 84 90 106 
9000 74 11 12 68 69 70 71 72 
9000 75 89 107 108 
9000 76 106 107 108 
9000 77 106 107 108 
9000 78 106 107 108 
9000 79 106 107 108 
9000 80 106 107 108 
9000 81 106 107 108 
9000 82 106 107 108 
9000 83 89 90 105 
9000 84 73 107 108 
9000 85 106 107 108 
9000 86 106 107 108 
9000 87 106 107 108 
9000 88 106 107 108 
9000 89 75 83 90 
9000 90 73 83 89 97 
9000 91 106 107 108 
9000 92 106 107 108 
9000 93 97 107 108 
9000 94 106 107 108 
9000 95 106 107 108 
9000 96 106 107 108 
9000 97 90 93 103 
9000 98 106 107 108 
9000 99 106 107 108 
9000 100 106 107 108 
9000 101 106 107 108 
9000 102 106 107 108 
9000 103 97 107 108 
9000 104 106 107 108 
9000 105 83 107 108 
9000 106 2 73 76 77 78 79 80 81 82 85 86 87 88 91 92 94 95 96 98 99 100 101 102 104 
9000 107 2 10 68 69 70 71 72 75 76 77 78 79 80 81 82 84 85 86 87 88 91 92 93 94 95 96 98 99 100 101 102 103 104 105 
9000 108 2 10 11 68 69 70 71 72 75 76 77 78 79 80 81 82 84 85 86 87 88 91 92 93 94 95 96 98 99 100 101 102 103 104 105 
9000 109 124 125 126 
9000 110 123 125 126 
9000 111 126 127 140 
9000 112 124 125 126 
9000 113 124 132 135 
9000 114 125 126 127 
9000 115 125 126 127 
9000 116 125 126 127 
9000 117 124 125 126 
9000 118 125 126 127 
9000 119 123 125 126 
9000 120 125 126 127 
9000 121 124 125 126 
9000 122 125 126 127 
9000 123 110 119 126 
9000 124 109 112 113 117 121 
9000 125 3 13 109 110 112 114 115 116 117 118 119 120 121 122 
9000 126 3 13 109 110 111 112 114 115 116 117 118 119 120 121 122 123 
9000 127 3 13 111 114 115 116 118 120 122 130 
9000 128 130 
9000 129 143 146 147 
9000 130 127 128 137 
9000 131 134 141 144 
9000 132 113 142 143 
9000 133 143 144 145 
9000 134 131 141 145 
9000 135 113 146 147 
9000 136 143 144 145 
9000 137 130 143 145 
9000 138 140 144 145 
9000 139 141 144 145 
9000 140 111 138 143 
9000 141 131 134 139 
9000 142 132 146 147 
9000 143 129 132 133 136 137 140 
9000 144 131 133 136 138 139 
9000 145 133 134 136 137 138 139 
9000 146 129 135 142 
9000 147 129 135 142 
9000 148 188 189 190 
9000 149 176 191 193 
9000 150 158 173 211 
9000 151 189 190 191 
9000 152 189 190 191 
9000 153 188 189 190 
9000 154 188 189 190 
9000 155 166 189 190 
9000 156 188 189 190 
9000 157 168 179 193 
9000 158 150 166 173 
9000 159 188 189 190 
9000 160 174 189 190 
9000 161 188 189 190 
9000 162 188 189 190 
9000 163 175 186 192 
9000 164 188 189 190 
9000 165 188 189 190 
9000 166 155 158 173 
9000 167 188 189 190 
9000 168 157 189 190 
9000 169 189 190 191 
9000 170 189 190 191 
9000 171 188 189 190 
9000 172 188 189 190 
9000 173 150 158 166 
9000 174 160 176 185 
9000 175 163 180 186 
9000 176 149 174 191 
9000 177 188 189 190 
9000 178 188 189 190 
9000 179 157 190 191 
9000 180 175 189 190 
9000 181 188 189 190 
9000 182 188 189 190 
9000 183 188 189 190 
9000 184 188 189 190 
9000 185 174 189 191 
9000 186 163 175 192 
9000 187 188 189 190 
9000 188 4 14 148 153 154 156 159 161 162 164 165 167 171 172 177 178 181 182 183 184 187 
9000 189 4 14 148 151 152 153 154 155 156 159 160 161 162 164 165 167 168 169 170 171 172 177 178 180 181 182 183 184 185 187 194 
9000 190 4 14 148 151 152 153 154 155 156 159 160 161 162 164 165 167 168 169 170 171 172 177 178 179 180 181 182 183 184 187 194 
9000 191 149 151 152 169 170 176 179 185 193 
9000 192 163 186 194 
9000 193 149 157 191 
9000 194 189 190 192 
9000 195 209 223 225 
9000 196 223 224 225 
9000 197 222 223 224 
9000 198 223 224 225 
9000 199 215 216 221 
9000 200 223 224 225 
9000 201 222 223 224 
9000 202 216 218 221 
9000 203 207 208 223 
9000 204 221 222 223 
9000 205 209 223 225 
9000 206 209 223 225 
9000 207 203 209 211 
9000 208 203 223 225 
9000 209 15 16 195 205 206 207 
9000 210 217 219 223 
9000 211 5 150 207 
9000 212 223 224 225 
9000 213 223 224 225 
9000 214 222 223 224 
9000 215 199 223 225 
9000 216 199 202 223 
9000 217 210 218 219 
9000 218 202 217 219 
9000 219 210 217 218 
9000 220 222 223 224 
9000 221 199 202 204 
9000 222 197 201 204 214 220 
9000 223 15 16 17 195 196 197 198 200 201 203 204 205 206 208 210 212 213 214 215 216 220 
9000 224 17 196 197 198 200 201 212 213 214 220 
9000 225 5 15 16 17 195 196 198 200 205 206 208 212 213 215 
9000 226 251 252 254 
9000 227 250 252 254 
9000 228 239 254 267 
9000 229 251 252 254 
9000 230 251 252 254 
9000 231 252 253 254 
9000 232 252 254 255 
9000 233 249 252 254 
9000 234 254 255 267 
9000 235 251 252 254 
9000 236 251 252 254 
9000 237 251 252 254 
9000 238 252 254 255 
9000 239 228 254 255 
9000 240 252 254 255 
9000 241 252 253 254 
9000 242 249 251 253 
9000 243 251 252 254 
9000 244 253 254 255 
9000 245 252 254 255 
9000 246 251 252 254 
9000 247 250 252 254 
9000 248 252 253 254 
9000 249 233 242 254 
9000 250 227 247 254 
9000 251 18 19 226 229 230 235 236 237 242 243 246 
9000 252 6 18 19 226 227 229 230 231 232 233 235 236 237 238 240 241 243 245 246 247 248 
9000 253 231 241 242 244 248 
9000 254 6 18 19 226 227 228 229 230 231 232 233 234 235 236 237 238 239 240 241 243 244 245 246 247 248 249 250 
9000 255 232 234 238 239 240 244 245 
9000 256 270 271 272 
9000 257 270 271 272 
9000 258 261 262 272 
9000 259 261 262 272 
9000 260 270 271 272 
9000 261 258 259 268 
9000 262 258 259 265 
9000 263 270 271 272 
9000 264 270 271 272 
9000 265 262 267 269 
9000 266 270 271 272 
9000 267 228 234 265 
9000 268 261 271 272 
9000 269 265 271 272 
9000 270 256 257 260 263 264 266 
9000 271 256 257 260 263 264 266 268 269 
9000 272 256 257 258 259 260 263 264 266 268 269 
9000 273 285 286 313 
9000 274 276 314 315 
9000 275 313 314 315 
9000 276 7 274 314 
9000 277 287 311 314 
9000 278 313 314 315 
9000 279 313 314 315 
9000 280 283 284 287 
9000 281 283 284 312 
9000 282 313 314 315 
9000 283 280 281 314 
9000 284 280 281 304 
9000 285 273 314 315 
9000 286 273 314 315 
9000 287 277 280 314 
9000 288 295 308 314 
9000 289 312 314 315 
9000 290 7 312 314 
9000 291 313 314 315 
9000 292 311 312 314 
9000 293 312 314 315 
9000 294 311 312 314 
9000 295 288 311 314 
9000 296 311 312 314 
9000 297 313 314 315 
9000 298 311 312 314 
9000 299 312 314 315 
9000 300 313 314 315 
9000 301 304 305 307 
9000 302 312 314 315 
9000 303 312 313 314 
9000 304 284 301 314 
9000 305 301 314 315 
9000 306 313 314 315 
9000 307 301 309 310 
9000 308 288 314 315 
9000 309 307 314 315 
9000 310 307 313 315 
9000 311 277 292 294 295 296 298 
9000 312 281 289 290 292 293 294 296 298 299 302 303 
9000 313 20 21 22 273 275 278 279 282 291 297 300 303 306 310 
9000 314 20 21 22 274 275 276 277 278 279 282 283 285 286 287 288 289 290 291 292 293 294 295 296 297 298 299 300 302 303 304 305 306 308 309 
9000 315 20 21 22 274 275 278 279 282 285 286 289 291 293 297 299 300 302 305 306 308 309 310 
9000 316 0 
9000 317 0 5 6 
9000 318 0 7 
9000 319 0 5 
9000 320 0 7 
9000 321 0 6 
9000 322 0 6 
9000 323 0 7 
9000 324 0 
9000 325 0 5 
9000 326 0 
9000 327 0 5 
9000 328 0 6 
9000 329 0 7 
9000 330 0 5 6 
9000 331 0 7 
9000 332 0 
9000 333 0 5 
9000 334 0 6 7 
9000 335 0 
9000 336 0 5 7 
9000 337 0 6 
9000 338 0 
9000 339 0 
9000 340 0 5 7 
9000 341 0 6 
9000 342 0 
9000 343 0 
9000 344 0 5 6 
9000 345 0 
10800 0 5 6 7 316 317 318 319 320 321 322 323 324 325 326 327 328 329 330 331 332 333 334 335 336 337 338 339 340 341 342 343 344 345 
10800 1 65 66 67 
10800 2 106 107 108 
10800 3 125 126 127 
10800 4 188 189 190 
10800 5 0 211 225 317 319 325 327 330 333 336 340 344 
10800 6 0 252 254 317 321 322 328 330 334 337 341 344 
10800 7 0 276 278 318 320 323 329 331 334 336 340 
10800 8 61 62 63 
10800 9 61 62 63 
10800 10 12 107 108 
10800 11 12 74 108 
10800 12 10 11 74 
10800 13 125 126 127 
10800 14 188 189 190 
10800 15 209 223 225 
10800 16 209 223 225 
10800 17 223 224 225 
10800 18 251 252 254 
10800 19 251 252 254 
10800 20 313 314 315 
10800 21 313 314 315 
10800 22 313 314 315 
10800 23 61 62 63 
10800 24 60 61 62 
10800 25 61 62 63 
10800 26 58 60 62 
10800 27 61 62 63 
10800 28 61 62 63 
10800 29 61 62 63 
10800 30 57 61 63 
10800 31 61 62 63 
10800 32 61 62 63 
10800 33 61 62 63 
10800 34 61 62 63 
10800 35 61 62 63 
10800 36 61 62 63 
10800 37 56 58 61 
10800 38 61 62 63 
10800 39 61 62 63 
10800 40 61 62 63 
10800 41 61 62 63 
10800 42 61 62 63 
10800 43 61 62 63 
10800 44 51 62 63 
10800 45 61 62 63 
10800 46 61 62 63 
10800 47 52 55 59 
10800 48 50 53 54 
10800 49 61 62 63 
10800 50 48 62 63 
10800 51 44 63 65 
10800 52 47 55 63 
10800 53 48 66 67 
10800 54 48 62 63 
10800 55 47 52 63 
10800 56 37 62 63 
10800 57 30 62 63 
10800 58 26 37 63 
10800 59 47 62 63 
10800 60 24 26 63 
10800 61 8 9 23 24 25 27 28 29 30 31 32 33 34 35 36 37 38 39 40 41 42 43 45 46 49 
10800 62 8 9 23 24 25 26 27 28 29 31 32 33 34 35 36 38 39 40 41 42 43 44 45 46 49 50 54 56 57 59 
10800 63 8 9 23 25 27 28 29 30 31 32 33 34 35 36 38 39 40 41 42 43 44 45 46 49 50 51 52 54 55 56 57 58 59 60 
10800 64 65 66 67 
10800 65 1 51 64 
10800 66 1 53 64 
10800 67 1 53 64 
10800 68 74 107 108 
10800 69 74 107 108 
10800 70 74 107 108 
10800 71 74 107 108 
10800 72 74 107 108 
10800 73 74 85 91 
10800 74 11 12 68 69 70 71 72 73 
10800 75 76 78 89 
10800 76 75 107 108 
10800 77 106 107 108 
10800 78 75 107 108 
10800 79 106 107 108 
10800 80 106 107 108 
10800 81 106 107 108 
10800 82 106 107 108 
10800 83 89 90 105 
10800 84 106 107 108 
10800 85 73 107 108 
10800 86 106 107 108 
10800 87 106 107 108 
10800 88 106 107 108 
10800 89 75 83 97 
10800 90 83 97 108 
10800 91 73 107 108 
10800 92 106 107 108 
10800 93 97 107 108 
10800 94 106 107 108 
10800 95 106 107 108 
10800 96 106 107 108 
10800 97 89 90 93 
10800 98 106 107 108 
10800 99 106 107 108 
10800 100 106 107 108 
10800 101 103 107 108 
10800 102 106 107 108 
10800 103 101 104 105 
10800 104 103 107 108 
10800 105 83 103 108 
10800 106 2 77 79 80 81 82 84 86 87 88 92 94 95 96 98 99 100 102 
10800 107 2 10 68 69 70 71 72 76 77 78 79 80 81 82 84 85 86 87 88 91 92 93 94 95 96 98 99 100 101 102 104 
10800 108 2 10 11 68 69 70 71 72 76 77 78 79 80 81 82 84 85 86 87 88 90 91 92 93 94 95 96 98 99 100 101 102 104 105 
10800 109 125 126 127 
10800 110 123 125 126 
10800 111 125 127 140 
10800 112 124 125 126 
10800 113 124 140 142 
10800 114 125 126 127 
10800 115 125 126 127 
10800 116 123 124 126 
10800 117 125 126 127 
10800 118 125 126 127 
10800 119 125 126 127 
10800 120 125 126 127 
10800 121 125 126 127 
10800 122 125 126 127 
10800 123 110 116 126 
10800 124 112 113 116 
10800 125 3 13 109 110 111 112 114 115 117 118 119 120 121 122 
10800 126 3 13 109 110 112 114 115 116 117 118 119 120 121 122 123 
10800 127 3 13 109 111 114 115 117 118 119 120 121 122 130 
10800 128 130 142 146 
10800 129 143 144 145 
10800 130 127 128 133 
10800 131 134 141 144 
10800 132 143 146 147 
10800 133 130 145 147 
10800 134 131 141 145 
10800 135 145 146 147 
10800 136 143 144 145 
10800 137 144 145 147 
10800 138 143 144 145 
10800 139 141 144 145 
10800 140 111 113 141 
10800 141 131 134 139 140 
10800 142 113 128 147 
10800 143 129 132 136 138 
10800 144 129 131 136 137 138 139 
10800 145 129 133 134 135 136 137 138 139 
10800 146 128 132 135 
10800 147 132 133 135 137 142 
10800 148 188 189 190 
10800 149 176 191 193 
10800 150 155 158 173 
10800 151 189 190 191 
10800 152 174 190 191 
10800 153 188 189 190 
10800 154 188 189 190 
10800 155 150 189 190 
10800 156 188 189 190 
10800 157 170 179 193 
10800 158 150 166 173 
10800 159 188 189 190 
10800 160 188 189 190 
10800 161 189 190 191 
10800 162 188 189 190 
10800 163 175 186 187 
10800 164 188 189 190 
10800 165 188 189 190 
10800 166 158 167 173 
10800 167 166 189 190 
10800 168 188 189 190 
10800 169 189 190 191 
10800 170 157 190 191 
10800 171 188 189 190 
10800 172 188 189 190 
10800 173 150 158 166 
10800 174 152 176 185 
10800 175 163 186 187 
10800 176 149 174 191 
10800 177 188 189 190 
10800 178 188 189 190 
10800 179 157 190 191 
10800 180 188 189 190 
10800 181 187 188 190 
10800 182 188 189 190 
10800 183 188 189 190 
10800 184 188 189 190 
10800 185 174 190 191 
10800 186 163 175 187 
10800 187 163 175 181 186 
10800 188 4 14 148 153 154 156 159 160 162 164 165 168 171 172 177 178 180 181 182 183 184 
10800 189 4 14 148 151 153 154 155 156 159 160 161 162 164 165 167 168 169 171 172 177 178 180 182 183 184 194 
10800 190 4 14 148 151 152 153 154 155 156 159 160 161 162 164 165 167 168 169 170 171 172 177 178 179 180 181 182 183 184 185 194 
10800 191 149 151 152 161 169 170 176 179 185 192 
10800 192 191 193 194 
10800 193 149 157 192 
10800 194 189 190 192 
10800 195 209 223 225 
10800 196 209 223 225 
10800 197 222 223 224 
10800 198 209 223 225 
10800 199 207 221 225 
10800 200 223 224 225 
10800 201 217 223 224 
10800 202 207 221 225 
10800 203 208 211 223 
10800 204 221 222 223 
10800 205 222 223 224 
10800 206 209 223 225 
10800 207 199 202 209 
10800 208 203 223 225 
10800 209 15 16 195 196 198 206 207 
10800 210 218 219 221 
10800 211 5 203 223 
10800 212 223 224 225 
10800 213 223 224 225 
10800 214 222 223 224 
10800 215 223 224 225 
10800 216 223 224 225 
10800 217 201 218 219 
10800 218 210 217 219 
10800 219 210 217 218 
10800 220 222 223 224 
10800 221 199 202 204 210 
10800 222 197 204 205 214 220 
10800 223 15 16 17 195 196 197 198 200 201 203 204 205 206 208 211 212 213 214 215 216 220 
10800 224 17 197 200 201 205 212 213 214 215 216 220 
10800 225 5 15 16 17 195 196 198 199 200 202 206 208 212 213 215 216 
10800 226 250 251 254 
10800 227 252 253 254 
10800 228 251 252 254 
10800 229 253 254 255 
10800 230 251 252 254 
10800 231 251 252 254 
10800 232 251 252 254 
10800 233 251 252 254 
10800 234 253 254 255 
10800 235 252 254 255 
10800 236 251 252 254 
10800 237 251 252 254 
10800 238 251 254 255 
10800 239 251 254 255 
10800 240 253 254 255 
10800 241 251 252 253 
10800 242 251 252 253 
10800 243 250 251 254 
10800 244 249 250 255 
10800 245 251 254 255 
10800 246 251 252 254 
10800 247 250 251 254 
10800 248 251 253 254 
10800 249 244 254 255 
10800 250 226 243 244 247 
10800 251 18 19 226 228 230 231 232 233 236 237 238 239 241 242 243 245 246 247 248 
10800 252 6 18 19 227 228 230 231 232 233 235 236 237 241 242 246 267 
10800 253 227 229 234 240 241 242 248 
10800 254 6 18 19 226 227 228 229 230 231 232 233 234 235 236 237 238 239 240 243 245 246 247 248 249 267 
10800 255 229 234 235 238 239 240 244 245 249 
10800 256 268 270 272 
10800 257 262 271 272 
10800 258 261 262 270 
10800 259 261 271 272 
10800 260 262 271 272 
10800 261 258 259 268 
10800 262 257 258 260 
10800 263 270 271 272 
10800 264 270 271 272 
10800 265 267 269 270 
10800 266 270 271 272 
10800 267 252 254 265 
10800 268 256 261 272 
10800 269 265 271 272 
10800 270 256 258 263 264 265 266 
10800 271 257 259 260 263 264 266 269 
10800 272 256 257 259 260 263 264 266 268 269 
10800 273 285 286 287 
10800 274 276 312 314 
10800 275 313 314 315 
10800 276 7 274 314 
10800 277 282 295 296 
10800 278 7 314 315 
10800 279 312 314 315 
10800 280 283 284 287 
10800 281 284 312 314 
10800 282 277 314 315 
10800 283 280 313 315 
10800 284 280 281 301 
10800 285 273 314 315 
10800 286 273 314 315 
10800 287 273 280 313 
10800 288 292 293 295 
10800 289 312 314 315 
10800 290 311 312 314 
10800 291 313 314 315 
10800 292 288 314 315 
10800 293 288 299 314 
10800 294 311 312 314 
10800 295 277 288 308 
10800 296 277 312 314 
10800 297 313 314 315 
10800 298 311 312 314 
10800 299 293 313 315 
10800 300 313 314 315 
10800 301 284 312 314 
10800 302 312 314 315 
10800 303 312 314 315 
10800 304 310 312 314 
10800 305 307 314 315 
10800 306 313 314 315 
10800 307 305 310 314 
10800 308 295 314 315 
10800 309 312 314 315 
10800 310 304 307 313 
10800 311 290 294 298 
10800 312 274 279 281 289 290 294 296 298 301 302 303 304 309 
10800 313 20 21 22 275 283 287 291 297 299 300 306 310 
10800 314 20 21 22 274 275 276 278 279 281 282 285 286 289 290 291 292 293 294 296 297 298 300 301 302 303 304 305 306 307 308 309 
10800 315 20 21 22 275 278 279 282 283 285 286 289 291 292 297 299 300 302 303 305 306 308 309 
10800 316 0 
10800 317 0 5 6 
10800 318 0 7 
10800 319 0 5 
10800 320 0 7 
10800 321 0 6 
10800 322 0 6 
10800 323 0 7 
10800 324 0 
10800 325 0 5 
10800 326 0 
10800 327 0 5 
10800 328 0 6 
10800 329 0 7 
10800 330 0 5 6 
10800 331 0 7 
10800 332 0 
10800 333 0 5 
10800 334 0 6 7 
10800 335 0 
10800 336 0 5 7 
10800 337 0 6 
10800 338 0 
10800 339 0 
10800 340 0 5 7 
10800 341 0 6 
10800 342 0 
10800 343 0 
10800 344 0 5 6 
10800 345 0 
12600 0 5 6 7 316 317 318 319 320 321 322 323 324 325 326 327 328 329 330 331 332 333 334 335 336 337 338 339 340 341 342 343 344 345 
12600 1 65 66 67 
12600 2 106 107 108 
12600 3 125 126 127 
12600 4 188 189 190 
12600 5 0 211 225 317 319 325 327 330 333 336 340 344 
12600 6 0 252 254 317 321 322 328 330 334 337 341 344 
12600 7 0 276 285 318 320 323 329 331 334 336 340 
12600 8 61 62 63 
12600 9 61 62 63 
12600 10 76 107 108 
12600 11 74 76 108 
12600 12 74 107 108 
12600 13 125 126 127 
12600 14 188 189 190 
12600 15 209 223 225 
12600 16 209 223 225 
12600 17 223 224 225 
12600 18 251 252 254 
12600 19 251 252 254 
12600 20 313 314 315 
12600 21 313 314 315 
12600 22 313 314 315 
12600 23 61 62 63 
12600 24 60 61 62 
12600 25 61 62 63 
12600 26 58 60 62 
12600 27 61 62 63 
12600 28 61 62 63 
12600 29 61 62 63 
12600 30 39 61 63 
12600 31 61 62 63 
12600 32 61 62 63 
12600 33 61 62 63 
12600 34 61 62 63 
12600 35 61 62 63 
12600 36 61 62 63 
12600 37 58 61 63 
12600 38 61 62 63 
12600 39 30 62 63 
12600 40 65 66 67 
12600 41 61 62 63 
12600 42 61 62 63 
12600 43 61 62 63 
12600 44 51 62 63 
12600 45 65 66 67 
12600 46 61 62 63 
12600 47 61 62 63 
12600 48 49 54 55 
12600 49 48 62 63 
12600 50 61 62 63 
12600 51 44 63 65 
12600 52 57 59 63 
12600 53 61 62 63 
12600 54 48 62 63 
12600 55 48 62 63 
12600 56 61 62 63 
12600 57 52 62 63 
12600 58 26 37 63 
12600 59 52 62 63 
12600 60 24 26 63 
12600 61 8 9 23 24 25 27 28 29 30 31 32 33 34 35 36 37 38 41 42 43 46 47 50 53 56 
12600 62 8 9 23 24 25 26 27 28 29 31 32 33 34 35 36 38 39 41 42 43 44 46 47 49 50 53 54 55 56 57 59 
12600 63 8 9 23 25 27 28 29 30 31 32 33 34 35 36 37 38 39 41 42 43 44 46 47 49 50 51 52 53 54 55 56 57 58 59 60 
12600 64 65 66 67 
12600 65 1 40 45 51 64 
12600 66 1 40 45 64 
12600 67 1 40 45 64 
12600 68 74 107 108 
12600 69 74 107 108 
12600 70 74 107 108 
12600 71 74 76 108 
12600 72 74 76 108 
12600 73 74 107 108 
12600 74 11 12 68 69 70 71 72 73 
12600 75 106 107 108 
12600 76 10 11 71 72 
12600 77 106 107 108 
12600 78 106 107 108 
12600 79 106 107 108 
12600 80 106 107 108 
12600 81 106 107 108 
12600 82 106 107 108 
12600 83 106 107 108 
12600 84 106 107 108 
12600 85 106 107 108 
12600 86 106 107 108 
12600 87 106 107 108 
12600 88 106 107 108 
12600 89 106 107 108 
12600 90 106 107 108 
12600 91 106 107 108 
12600 92 106 107 108 
12600 93 97 107 108 
12600 94 106 107 108 
12600 95 106 107 108 
12600 96 106 107 108 
12600 97 93 98 107 
12600 98 97 107 108 
12600 99 106 107 108 
12600 100 106 107 108 
12600 101 106 107 108 
12600 102 106 107 108 
12600 103 105 106 116 
12600 104 106 107 108 
12600 105 103 107 108 
12600 106 2 75 77 78 79 80 81 82 83 84 85 86 87 88 89 90 91 92 94 95 96 99 100 101 102 103 104 
12600 107 2 10 12 68 69 70 73 75 77 78 79 80 81 82 83 84 85 86 87 88 89 90 91 92 93 94 95 96 97 98 99 100 101 102 104 105 
12600 108 2 10 11 12 68 69 70 71 72 73 75 77 78 79 80 81 82 83 84 85 86 87 88 89 90 91 92 93 94 95 96 98 99 100 101 102 104 105 
12600 109 125 126 127 
12600 110 123 125 126 
12600 111 127 140 
12600 112 124 125 126 
12600 113 124 132 135 
12600 114 125 126 127 
12600 115 125 126 127 
12600 116 103 124 128 
12600 117 125 126 127 
12600 118 125 126 127 
12600 119 125 126 127 
12600 120 125 126 127 
12600 121 124 125 126 
12600 122 125 126 127 
12600 123 110 125 126 
12600 124 112 113 116 121 
12600 125 3 13 109 110 112 114 115 117 118 119 120 121 122 123 
12600 126 3 13 109 110 112 114 115 117 118 119 120 121 122 123 
12600 127 3 13 109 111 114 115 117 118 119 120 122 
12600 128 116 130 146 
12600 129 141 144 145 
12600 130 128 136 137 
12600 131 134 141 144 
12600 132 113 142 143 
12600 133 144 145 146 
12600 134 131 143 145 
12600 135 113 146 147 
12600 136 130 145 146 
12600 137 130 145 146 
12600 138 144 145 146 
12600 139 141 145 146 
12600 140 111 143 146 
12600 141 129 131 139 
12600 142 132 146 147 
12600 143 132 134 140 
12600 144 129 131 133 138 
12600 145 129 133 134 136 137 138 139 
12600 146 128 133 135 136 137 138 139 140 142 147 
12600 147 135 142 146 
12600 148 188 189 190 
12600 149 176 191 193 
12600 150 158 166 173 
12600 151 188 190 191 
12600 152 189 190 191 
12600 153 188 189 190 
12600 154 188 189 190 
12600 155 188 189 190 
12600 156 188 189 190 
12600 157 170 179 193 
12600 158 150 166 190 
12600 159 188 189 190 
12600 160 188 189 190 
12600 161 188 189 190 
12600 162 188 189 190 
12600 163 175 186 
12600 164 188 189 190 
12600 165 188 189 190 
12600 166 150 158 173 
12600 167 186 189 190 
12600 168 188 189 190 
12600 169 174 188 191 
12600 170 157 190 191 
12600 171 188 189 190 
12600 172 188 189 190 
12600 173 150 166 190 
12600 174 169 176 185 
12600 175 163 186 189 
12600 176 149 174 191 
12600 177 188 189 190 
12600 178 188 189 190 
12600 179 157 190 191 
12600 180 188 189 190 
12600 181 187 188 190 
12600 182 188 189 190 
12600 183 188 189 190 
12600 184 189 190 191 
12600 185 174 188 191 
12600 186 163 167 175 
12600 187 181 189 190 
12600 188 4 14 148 151 153 154 155 156 159 160 161 162 164 165 168 169 171 172 177 178 180 181 182 183 185 
12600 189 4 14 148 152 153 154 155 156 159 160 161 162 164 165 167 168 171 172 175 177 178 180 182 183 184 187 194 
12600 190 4 14 148 151 152 153 154 155 156 158 159 160 161 162 164 165 167 168 170 171 172 173 177 178 179 180 181 182 183 184 187 194 
12600 191 149 151 152 169 170 176 179 184 185 192 
12600 192 191 193 194 
12600 193 149 157 192 
12600 194 189 190 192 
12600 195 209 223 225 
12600 196 223 224 225 
12600 197 222 223 224 
12600 198 223 224 225 
12600 199 221 223 225 
12600 200 223 224 225 
12600 201 217 223 224 
12600 202 218 221 223 
12600 203 207 221 223 
12600 204 220 221 222 
12600 205 209 223 225 
12600 206 209 223 225 
12600 207 203 209 
12600 208 223 224 225 
12600 209 15 16 195 205 206 207 
12600 210 219 224 225 
12600 211 5 223 225 
12600 212 223 224 225 
12600 213 223 224 225 
12600 214 222 223 224 
12600 215 223 224 225 
12600 216 223 224 225 
12600 217 201 218 219 
12600 218 202 217 219 
12600 219 210 217 218 
12600 220 204 223 225 
12600 221 199 202 203 204 
12600 222 197 204 214 
12600 223 15 16 17 195 196 197 198 199 200 201 202 203 205 206 208 211 212 213 214 215 216 220 
12600 224 17 196 197 198 200 201 208 210 212 213 214 215 216 
12600 225 5 15 16 17 195 196 198 199 200 205 206 208 210 211 212 213 215 216 220 
12600 226 251 252 254 
12600 227 250 252 254 
12600 228 250 252 254 
12600 229 251 252 254 
12600 230 251 252 254 
12600 231 251 252 254 
12600 232 251 252 254 
12600 233 249 252 254 
12600 234 253 254 255 
12600 235 251 252 254 
12600 236 251 252 254 
12600 237 251 252 254 
12600 238 252 254 255 
12600 239 252 254 255 
12600 240 253 254 255 
12600 241 252 253 254 
12600 242 251 252 253 
12600 243 251 252 254 
12600 244 253 254 255 
12600 245 252 254 255 
12600 246 251 252 254 
12600 247 250 252 254 
12600 248 252 253 254 
12600 249 233 252 254 
12600 250 227 228 247 
12600 251 18 19 226 229 230 231 232 235 236 237 242 243 246 
12600 252 6 18 19 226 227 228 229 230 231 232 233 235 236 237 238 239 241 242 243 245 246 247 248 249 
12600 253 234 240 241 242 244 248 
12600 254 6 18 19 226 227 228 229 230 231 232 233 234 235 236 237 238 239 240 241 243 244 245 246 247 248 249 
12600 255 234 238 239 240 244 245 
12600 256 270 271 272 
12600 257 270 271 272 
12600 258 262 271 272 
12600 259 262 271 272 
12600 260 270 271 272 
12600 261 268 270 271 
12600 262 258 259 272 
12600 263 270 271 272 
12600 264 265 267 272 
12600 265 264 267 269 
12600 266 270 271 272 
12600 267 264 265 
12600 268 261 269 272 
12600 269 265 268 272 
12600 270 256 257 260 261 263 266 
12600 271 256 257 258 259 260 261 263 266 
12600 272 256 257 258 259 260 262 263 264 266 268 269 
12600 273 285 286 315 
12600 274 276 312 314 
12600 275 313 314 315 
12600 276 7 274 314 
12600 277 291 292 295 
12600 278 313 314 315 
12600 279 313 314 315 
12600 280 283 284 287 
12600 281 284 287 312 
12600 282 313 314 315 
12600 283 280 313 315 
12600 284 280 281 304 
12600 285 7 273 315 
12600 286 273 314 315 
12600 287 280 281 314 
12600 288 292 293 295 
12600 289 312 314 315 
12600 290 311 312 314 
12600 291 277 313 315 
12600 292 277 288 315 
12600 293 288 314 315 
12600 294 311 312 314 
12600 295 277 288 308 
12600 296 311 312 314 
12600 297 313 314 315 
12600 298 311 312 314 
12600 299 312 314 315 
12600 300 313 314 315 
12600 301 312 313 314 
12600 302 312 314 315 
12600 303 312 313 314 
12600 304 284 312 314 
12600 305 307 314 315 
12600 306 307 313 315 
12600 307 305 306 310 
12600 308 295 314 315 
12600 309 312 314 315 
12600 310 307 313 315 
12600 311 290 294 296 298 
12600 312 274 281 289 290 294 296 298 299 301 302 303 304 309 
12600 313 20 21 22 275 278 279 282 283 291 297 300 301 303 306 310 
12600 314 20 21 22 274 275 276 278 279 282 286 287 289 290 293 294 296 297 298 299 300 301 302 303 304 305 308 309 
12600 315 20 21 22 273 275 278 279 282 283 285 286 289 291 292 293 297 299 300 302 305 306 308 309 310 
12600 316 0 
12600 317 0 5 6 
12600 318 0 7 
12600 319 0 5 
12600 320 0 7 
12600 321 0 6 
12600 322 0 6 
12600 323 0 7 
12600 324 0 
12600 325 0 5 
12600 326 0 
12600 327 0 5 
12600 328 0 6 
12600 329 0 7 
12600 330 0 5 6 
12600 331 0 7 
12600 332 0 
12600 333 0 5 
12600 334 0 6 7 
12600 335 0 
12600 336 0 5 7 
12600 337 0 6 
12600 338 0 
12600 339 0 
12600 340 0 5 7 
12600 341 0 6 
12600 342 0 
12600 343 0 
12600 344 0 5 6 
12600 345 0 
14400 0 5 6 7 316 317 318 319 320 321 322 323 324 325 326 327 328 329 330 331 332 333 334 335 336 337 338 339 340 341 342 343 344 345 
14400 1 65 66 67 
14400 2 106 107 108 
14400 3 125 126 127 
14400 4 188 189 190 
14400 5 0 211 225 317 319 325 327 330 333 336 340 344 
14400 6 0 252 254 317 321 322 328 330 334 337 341 344 
14400 7 0 276 285 318 320 323 329 331 334 336 340 
14400 8 61 62 63 
14400 9 61 62 63 
14400 10 12 107 108 
14400 11 12 74 108 
14400 12 10 11 74 
14400 13 125 126 127 
14400 14 188 189 190 
14400 15 209 223 225 
14400 16 209 223 225 
14400 17 223 224 225 
14400 18 251 252 254 
14400 19 251 252 254 
14400 20 313 314 315 
14400 21 313 314 315 
14400 22 313 314 315 
14400 23 61 62 63 
14400 24 60 61 62 
14400 25 61 62 63 
14400 26 58 60 62 
14400 27 61 62 63 
14400 28 61 62 63 
14400 29 61 62 63 
14400 30 61 63 65 
14400 31 61 62 63 
14400 32 61 62 63 
14400 33 61 62 63 
14400 34 61 62 63 
14400 35 61 62 63 
14400 36 61 62 63 
14400 37 58 61 66 
14400 38 61 62 63 
14400 39 61 62 63 
14400 40 61 62 63 
14400 41 61 62 63 
14400 42 61 62 63 
14400 43 65 66 67 
14400 44 51 62 63 
14400 45 61 62 63 
14400 46 65 66 67 
14400 47 52 55 56 
14400 48 50 53 54 
14400 49 61 62 63 
14400 50 48 62 63 
14400 51 44 63 65 
14400 52 47 59 63 
14400 53 48 62 63 
14400 54 48 62 63 
14400 55 47 62 63 
14400 56 47 66 67 
14400 57 61 62 63 
14400 58 26 37 63 
14400 59 52 62 63 
14400 60 24 26 63 
14400 61 8 9 23 24 25 27 28 29 30 31 32 33 34 35 36 37 38 39 40 41 42 45 49 57 
14400 62 8 9 23 24 25 26 27 28 29 31 32 33 34 35 36 38 39 40 41 42 44 45 49 50 53 54 55 57 59 
14400 63 8 9 23 25 27 28 29 30 31 32 33 34 35 36 38 39 40 41 42 44 45 49 50 51 52 53 54 55 57 58 59 60 
14400 64 65 66 67 
14400 65 1 30 43 46 51 64 
14400 66 1 37 43 46 56 64 
14400 67 1 43 46 56 64 
14400 68 74 107 108 
14400 69 74 107 108 
14400 70 74 107 108 
14400 71 74 107 108 
14400 72 74 107 108 
14400 73 84 90 106 
14400 74 11 12 68 69 70 71 72 
14400 75 76 78 90 
14400 76 75 107 108 
14400 77 106 107 108 
14400 78 75 107 108 
14400 79 106 107 108 
14400 80 106 107 108 
14400 81 106 107 108 
14400 82 106 107 108 
14400 83 89 90 105 
14400 84 73 107 108 
14400 85 106 107 108 
14400 86 106 107 108 
14400 87 106 107 108 
14400 88 106 107 108 
14400 89 83 90 97 
14400 90 73 75 83 89 97 
14400 91 106 107 108 
14400 92 106 107 108 
14400 93 97 107 108 
14400 94 106 107 108 
14400 95 106 107 108 
14400 96 106 107 108 
14400 97 89 90 93 
14400 98 106 107 108 
14400 99 106 107 108 
14400 100 106 107 108 
14400 101 106 107 108 
14400 102 106 107 108 
14400 103 104 105 132 
14400 104 103 107 108 
14400 105 83 103 108 
14400 106 2 73 77 79 80 81 82 85 86 87 88 91 92 94 95 96 98 99 100 101 102 
14400 107 2 10 68 69 70 71 72 76 77 78 79 80 81 82 84 85 86 87 88 91 92 93 94 95 96 98 99 100 101 102 104 
14400 108 2 10 11 68 69 70 71 72 76 77 78 79 80 81 82 84 85 86 87 88 91 92 93 94 95 96 98 99 100 101 102 104 105 
14400 109 125 126 127 
14400 110 123 125 126 
14400 111 127 140 
14400 112 124 125 126 
14400 113 123 124 135 
14400 114 124 125 126 
14400 115 125 126 127 
14400 116 120 122 124 
14400 117 124 125 126 
14400 118 125 126 127 
14400 119 123 125 126 
14400 120 116 126 127 
14400 121 124 125 126 
14400 122 116 126 127 
14400 123 110 113 119 
14400 124 112 113 114 116 117 121 
14400 125 3 13 109 110 112 114 115 117 118 119 121 
14400 126 3 13 109 110 112 114 115 117 118 119 120 121 122 
14400 127 3 13 109 111 115 118 120 122 130 
14400 128 130 142 146 
14400 129 143 144 145 
14400 130 127 128 137 
14400 131 134 139 141 
14400 132 103 136 143 
14400 133 143 144 145 
14400 134 131 141 145 
14400 135 113 141 147 
14400 136 132 146 147 
14400 137 130 143 145 
14400 138 140 144 145 
14400 139 131 141 145 
14400 140 111 138 143 
14400 141 131 134 135 139 
14400 142 128 146 147 
14400 143 129 132 133 137 140 
14400 144 129 133 138 
14400 145 129 133 134 137 138 139 
14400 146 128 136 142 
14400 147 135 136 142 
14400 148 188 189 190 
14400 149 176 191 193 
14400 150 158 166 173 
14400 151 163 190 191 
14400 152 188 189 190 
14400 153 188 189 190 
14400 154 188 189 190 
14400 155 188 189 190 
14400 156 188 189 190 
14400 157 165 179 193 
14400 158 150 166 173 
14400 159 188 189 190 
14400 160 189 190 191 
14400 161 188 189 190 
14400 162 188 189 190 
14400 163 151 175 186 
14400 164 188 189 190 
14400 165 157 189 190 
14400 166 150 158 173 
14400 167 188 189 190 
14400 168 187 188 190 
14400 169 188 190 191 
14400 170 188 190 191 
14400 171 188 189 190 
14400 172 188 189 190 
14400 173 150 158 166 
14400 174 179 183 185 
14400 175 163 186 189 
14400 176 149 185 191 
14400 177 188 189 190 
14400 178 188 189 190 
14400 179 157 174 191 
14400 180 188 189 190 
14400 181 187 188 190 
14400 182 188 189 190 
14400 183 174 189 190 
14400 184 188 189 190 
14400 185 174 176 191 
14400 186 163 175 189 
14400 187 168 181 190 
14400 188 4 14 148 152 153 154 155 156 159 161 162 164 167 168 169 170 171 172 177 178 180 181 182 184 
14400 189 4 14 148 152 153 154 155 156 159 160 161 162 164 165 167 171 172 175 177 178 180 182 183 184 186 194 
14400 190 4 14 148 151 152 153 154 155 156 159 160 161 162 164 165 167 168 169 170 171 172 177 178 180 181 182 183 184 187 194 
14400 191 149 151 160 169 170 176 179 185 192 
14400 192 191 193 194 
14400 193 149 157 192 
14400 194 189 190 192 
14400 195 223 224 225 
14400 196 223 224 225 
14400 197 222 223 224 
14400 198 223 224 225 
14400 199 215 216 221 
14400 200 223 224 225 
14400 201 223 224 225 
14400 202 216 218 221 
14400 203 207 208 223 
14400 204 221 222 223 
14400 205 222 223 224 
14400 206 209 223 225 
14400 207 203 209 215 
14400 208 203 223 225 
14400 209 15 16 206 207 
14400 210 218 219 221 
14400 211 5 223 225 
14400 212 223 224 225 
14400 213 223 224 225 
14400 214 217 223 224 
14400 215 199 207 223 
14400 216 199 202 223 
14400 217 214 218 219 
14400 218 202 210 217 219 
14400 219 210 217 218 
14400 220 222 223 224 
14400 221 199 202 204 210 
14400 222 197 204 205 220 
14400 223 15 16 17 195 196 197 198 200 201 203 204 205 206 208 211 212 213 214 215 216 220 
14400 224 17 195 196 197 198 200 201 205 212 213 214 220 
14400 225 5 15 16 17 195 196 198 200 201 206 208 211 212 213 
14400 226 251 252 254 
14400 227 250 252 254 
14400 228 250 252 254 
14400 229 250 252 254 
14400 230 251 252 254 
14400 231 252 254 255 
14400 232 251 252 254 
14400 233 249 252 254 
14400 234 253 254 255 
14400 235 251 252 254 
14400 236 248 251 253 
14400 237 251 252 254 
14400 238 252 254 255 
14400 239 252 254 255 
14400 240 253 254 255 
14400 241 252 253 254 
14400 242 249 251 253 
14400 243 251 252 254 
14400 244 252 254 255 
14400 245 252 254 255 
14400 246 252 254 267 
14400 247 250 252 254 
14400 248 236 253 254 
14400 249 233 242 255 
14400 250 227 228 229 247 
14400 251 18 19 226 230 232 235 236 237 242 243 
14400 252 6 18 19 226 227 228 229 230 231 232 233 235 237 238 239 241 243 244 245 246 247 
14400 253 234 236 240 241 242 248 
14400 254 6 18 19 226 227 228 229 230 231 232 233 234 235 237 238 239 240 241 243 244 245 246 247 248 265 267 
14400 255 231 234 238 239 240 244 245 249 
14400 256 262 271 272 
14400 257 270 271 272 
14400 258 262 271 272 
14400 259 261 262 272 
14400 260 261 262 272 
14400 261 259 260 268 
14400 262 256 258 259 260 
14400 263 270 271 272 
14400 264 270 271 272 
14400 265 254 267 269 
14400 266 270 271 272 
14400 267 246 254 265 
14400 268 261 271 272 
14400 269 265 271 272 
14400 270 257 263 264 266 
14400 271 256 257 258 263 264 266 268 269 
14400 272 256 257 258 259 260 263 264 266 268 269 
14400 273 285 286 313 
14400 274 276 277 314 
14400 275 313 314 315 
14400 276 7 274 314 
14400 277 274 292 295 
14400 278 313 314 315 
14400 279 313 314 315 
14400 280 284 286 287 
14400 281 284 286 287 
14400 282 313 314 315 
14400 283 313 314 315 
14400 284 280 281 304 
14400 285 7 273 315 
14400 286 273 280 281 
14400 287 280 281 314 
14400 288 292 293 295 
14400 289 312 314 315 
14400 290 311 312 314 
14400 291 313 314 315 
14400 292 277 288 315 
14400 293 288 314 315 
14400 294 311 312 314 
14400 295 277 288 308 
14400 296 311 312 314 
14400 297 313 314 315 
14400 298 311 312 314 
14400 299 312 314 315 
14400 300 313 314 315 
14400 301 311 312 314 
14400 302 312 314 315 
14400 303 312 313 314 
14400 304 284 307 314 
14400 305 307 314 315 
14400 306 313 314 315 
14400 307 304 305 310 
14400 308 295 314 315 
14400 309 312 314 315 
14400 310 307 313 315 
14400 311 290 294 296 298 301 
14400 312 289 290 294 296 298 299 301 302 303 309 
14400 313 20 21 22 273 275 278 279 282 283 291 297 300 303 306 310 
14400 314 20 21 22 274 275 276 278 279 282 283 287 289 290 291 293 294 296 297 298 299 300 301 302 303 304 305 306 308 309 
14400 315 20 21 22 275 278 279 282 283 285 289 291 292 293 297 299 300 302 305 306 308 309 310 
14400 316 0 
14400 317 0 5 6 
14400 318 0 7 
14400 319 0 5 
14400 320 0 7 
14400 321 0 6 
14400 322 0 6 
14400 323 0 7 
14400 324 0 
14400 325 0 5 
14400 326 0 
14400 327 0 5 
14400 328 0 6 
14400 329 0 7 
14400 330 0 5 6 
14400 331 0 7 
14400 332 0 
14400 333 0 5 
14400 334 0 6 7 
14400 335 0 
14400 336 0 5 7 
14400 337 0 6 
14400 338 0 
14400 339 0 
14400 340 0 5 7 
14400 341 0 6 
14400 342 0 
14400 343 0 
14400 344 0 5 6 
14400 345 0 
16200 0 5 6 7 316 317 318 319 320 321 322 323 324 325 326 327 328 329 330 331 332 333 334 335 336 337 338 339 340 341 342 343 344 345 
16200 1 65 66 67 
16200 2 106 107 108 
16200 3 125 126 127 
16200 4 190 192 194 
16200 5 0 211 225 317 319 325 327 330 333 336 340 344 
16200 6 0 252 254 317 321 322 328 330 334 337 341 344 
16200 7 0 276 285 318 320 323 329 331 334 336 340 
16200 8 61 62 63 
16200 9 61 62 63 
16200 10 106 107 108 
16200 11 74 107 108 
16200 12 74 107 108 
16200 13 125 126 127 
16200 14 188 189 190 
16200 15 209 223 225 
16200 16 209 223 225 
16200 17 223 224 225 
16200 18 251 252 254 
16200 19 251 252 254 
16200 20 313 314 315 
16200 21 313 314 315 
16200 22 313 314 315 
16200 23 61 62 63 
16200 24 60 61 62 
16200 25 61 62 63 
16200 26 58 60 62 
16200 27 61 62 63 
16200 28 61 62 63 
16200 29 61 62 63 
16200 30 57 61 63 
16200 31 61 62 63 
16200 32 61 62 63 
16200 33 61 62 63 
16200 34 61 62 63 
16200 35 61 62 63 
16200 36 61 62 63 
16200 37 58 61 66 
16200 38 61 62 63 
16200 39 61 62 63 
16200 40 61 62 63 
16200 41 61 62 63 
16200 42 61 62 63 
16200 43 61 62 63 
16200 44 61 62 63 
16200 45 61 62 63 
16200 46 61 62 63 
16200 47 55 56 59 
16200 48 50 53 54 
16200 49 61 62 63 
16200 50 48 62 63 
16200 51 56 60 63 
16200 52 55 59 63 
16200 53 48 62 63 
16200 54 48 62 63 
16200 55 47 52 63 
16200 56 47 51 63 
16200 57 30 62 63 
16200 58 26 37 63 
16200 59 47 52 63 
16200 60 24 26 51 
16200 61 8 9 23 24 25 27 28 29 30 31 32 33 34 35 36 37 38 39 40 41 42 43 44 45 46 49 
16200 62 8 9 23 24 25 26 27 28 29 31 32 33 34 35 36 38 39 40 41 42 43 44 45 46 49 50 53 54 57 
16200 63 8 9 23 25 27 28 29 30 31 32 33 34 35 36 38 39 40 41 42 43 44 45 46 49 50 51 52 53 54 55 56 57 58 59 
16200 64 65 66 67 
16200 65 1 64 67 
16200 66 1 37 64 
16200 67 1 64 65 
16200 68 74 107 108 
16200 69 74 107 108 
16200 70 74 107 108 
16200 71 74 107 108 
16200 72 74 107 108 
16200 73 76 85 89 
16200 74 11 12 68 69 70 71 72 
16200 75 106 107 108 
16200 76 73 107 108 
16200 77 106 107 108 
16200 78 106 107 108 
16200 79 106 107 108 
16200 80 106 107 108 
16200 81 106 107 108 
16200 82 106 107 108 
16200 83 106 107 108 
16200 84 106 107 108 
16200 85 73 107 108 
16200 86 106 107 108 
16200 87 106 107 108 
16200 88 106 107 108 
16200 89 73 107 108 
16200 90 97 107 108 
16200 91 106 107 108 
16200 92 106 107 108 
16200 93 97 107 108 
16200 94 106 107 108 
16200 95 106 107 108 
16200 96 106 107 108 
16200 97 90 93 100 
16200 98 106 107 108 
16200 99 106 107 108 
16200 100 97 107 108 
16200 101 103 107 108 
16200 102 106 107 108 
16200 103 101 104 105 
16200 104 103 107 108 
16200 105 103 107 108 
16200 106 2 10 75 77 78 79 80 81 82 83 84 86 87 88 91 92 94 95 96 98 99 102 
16200 107 2 10 11 12 68 69 70 71 72 75 76 77 78 79 80 81 82 83 84 85 86 87 88 89 90 91 92 93 94 95 96 98 99 100 101 102 104 105 
16200 108 2 10 11 12 68 69 70 71 72 75 76 77 78 79 80 81 82 83 84 85 86 87 88 89 90 91 92 93 94 95 96 98 99 100 101 102 104 105 
16200 109 124 125 126 
16200 110 121 126 127 
16200 111 127 140 
16200 112 124 125 126 
16200 113 124 132 135 
16200 114 124 125 126 
16200 115 124 125 126 
16200 116 118 122 124 
16200 117 124 125 126 
16200 118 116 126 127 
16200 119 125 126 127 
16200 120 125 126 127 
16200 121 110 125 126 
16200 122 116 126 127 
16200 123 124 125 126 
16200 124 109 112 113 114 115 116 117 123 
16200 125 3 13 109 112 114 115 117 119 120 121 123 
16200 126 3 13 109 110 112 114 115 117 118 119 120 121 122 123 
16200 127 3 13 110 111 118 119 120 122 
16200 128 130 132 142 
16200 129 141 144 145 
16200 130 128 143 147 
16200 131 134 141 144 
16200 132 113 128 147 
16200 133 143 144 145 
16200 134 131 141 145 
16200 135 113 146 147 
16200 136 143 144 145 
16200 137 140 143 145 
16200 138 143 144 145 
16200 139 141 144 145 
16200 140 111 137 143 
16200 141 129 131 134 139 
16200 142 128 146 147 
16200 143 130 133 136 137 138 140 
16200 144 129 131 133 136 138 139 
16200 145 129 133 134 136 137 138 139 
16200 146 135 142 147 
16200 147 130 132 135 142 146 
16200 148 188 189 190 
16200 149 187 191 193 
16200 150 158 171 173 
16200 151 188 190 191 
16200 152 188 189 190 
16200 153 188 189 190 
16200 154 188 189 190 
16200 155 188 189 190 
16200 156 189 190 191 
16200 157 163 179 193 
16200 158 150 166 189 
16200 159 188 189 190 
16200 160 188 189 190 
16200 161 188 189 190 
16200 162 188 189 190 
16200 163 157 188 190 
16200 164 188 189 190 
16200 165 188 189 190 
16200 166 158 171 173 
16200 167 174 186 191 
16200 168 187 188 190 
16200 169 188 190 191 
16200 170 188 190 191 
16200 171 150 166 190 
16200 172 188 189 190 
16200 173 150 166 175 
16200 174 167 176 185 
16200 175 173 186 190 
16200 176 174 190 191 
16200 177 188 189 190 
16200 178 187 188 189 
16200 179 157 190 191 
16200 180 188 189 190 
16200 181 187 188 190 
16200 182 188 189 190 
16200 183 188 189 190 
16200 184 188 189 190 
16200 185 174 188 191 
16200 186 167 175 190 
16200 187 149 168 178 181 
16200 188 14 148 151 152 153 154 155 159 160 161 162 163 164 165 168 169 170 172 177 178 180 181 182 183 184 185 
16200 189 14 148 152 153 154 155 156 158 159 160 161 162 164 165 172 177 178 180 182 183 184 
16200 190 4 14 148 151 152 153 154 155 156 159 160 161 162 163 164 165 168 169 170 171 172 175 176 177 179 180 181 182 183 184 186 194 
16200 191 149 151 156 167 169 170 176 179 185 
16200 192 4 193 194 
16200 193 149 157 192 
16200 194 4 190 192 
16200 195 209 223 225 
16200 196 223 224 225 
16200 197 222 223 224 
16200 198 207 209 225 
16200 199 215 216 221 
16200 200 223 224 225 
16200 201 222 223 224 
16200 202 216 218 221 
16200 203 207 208 223 
16200 204 222 223 224 
16200 205 222 223 224 
16200 206 209 223 225 
16200 207 198 203 209 
16200 208 203 223 225 
16200 209 15 16 195 198 206 207 
16200 210 219 224 225 
16200 211 5 223 225 
16200 212 223 224 225 
16200 213 223 224 225 
16200 214 222 223 224 
16200 215 199 223 225 
16200 216 199 202 223 
16200 217 218 219 225 
16200 218 202 217 219 
16200 219 210 217 218 
16200 220 222 223 224 
16200 221 199 202 223 
16200 222 197 201 204 205 214 220 
16200 223 15 16 17 195 196 197 200 201 203 204 205 206 208 211 212 213 214 215 216 220 221 
16200 224 17 196 197 200 201 204 205 210 212 213 214 220 
16200 225 5 15 16 17 195 196 198 200 206 208 210 211 212 213 215 217 
16200 226 252 253 254 
16200 227 250 252 254 
16200 228 250 252 254 
16200 229 252 254 255 
16200 230 251 252 254 
16200 231 251 252 254 
16200 232 251 252 254 
16200 233 249 252 254 
16200 234 253 254 255 
16200 235 251 252 254 
16200 236 251 252 254 
16200 237 251 252 254 
16200 238 252 254 255 
16200 239 252 254 255 
16200 240 253 254 255 
16200 241 252 253 254 
16200 242 248 251 253 
16200 243 251 252 254 
16200 244 252 254 255 
16200 245 252 254 255 
16200 246 251 252 254 
16200 247 250 252 254 
16200 248 242 253 254 
16200 249 233 252 254 
16200 250 227 228 247 
16200 251 18 19 230 231 232 235 236 237 242 243 246 
16200 252 6 18 19 226 227 228 229 230 231 232 233 235 236 237 238 239 241 243 244 245 246 247 249 
16200 253 226 234 240 241 242 248 
16200 254 6 18 19 226 227 228 229 230 231 232 233 234 235 236 237 238 239 240 241 243 244 245 246 247 248 249 
16200 255 229 234 238 239 240 244 245 
16200 256 270 271 272 
16200 257 270 271 272 
16200 258 270 271 272 
16200 259 261 271 272 
16200 260 261 265 267 
16200 261 259 260 268 
16200 262 270 271 272 
16200 263 270 271 272 
16200 264 270 271 272 
16200 265 260 267 269 
16200 266 270 271 272 
16200 267 260 265 
16200 268 261 271 272 
16200 269 265 271 272 
16200 270 256 257 258 262 263 264 266 
16200 271 256 257 258 259 262 263 264 266 268 269 
16200 272 256 257 258 259 262 263 264 266 268 269 
16200 273 285 286 315 
16200 274 276 312 314 
16200 275 313 314 315 
16200 276 7 274 315 
16200 277 296 298 314 
16200 278 313 314 315 
16200 279 312 314 315 
16200 280 283 284 287 
16200 281 284 287 312 
16200 282 313 314 315 
16200 283 280 313 315 
16200 284 280 281 313 
16200 285 7 273 313 
16200 286 273 313 315 
16200 287 280 281 314 
16200 288 295 306 308 
16200 289 312 314 315 
16200 290 311 312 314 
16200 291 313 314 315 
16200 292 312 314 315 
16200 293 312 314 315 
16200 294 311 312 314 
16200 295 288 306 308 
16200 296 277 314 315 
16200 297 313 314 315 
16200 298 277 312 314 
16200 299 312 314 315 
16200 300 313 314 315 
16200 301 311 312 314 
16200 302 312 314 315 
16200 303 312 313 314 
16200 304 307 312 314 
16200 305 307 314 315 
16200 306 288 295 313 
16200 307 304 305 310 
16200 308 288 295 315 
16200 309 312 314 315 
16200 310 307 313 315 
16200 311 290 294 301 
16200 312 274 279 281 289 290 292 293 294 298 299 301 302 303 304 309 
16200 313 20 21 22 275 278 282 283 284 285 286 291 297 300 303 306 310 
16200 314 20 21 22 274 275 277 278 279 282 287 289 290 291 292 293 294 296 297 298 299 300 301 302 303 304 305 309 
16200 315 20 21 22 273 275 276 278 279 282 283 286 289 291 292 293 296 297 299 300 302 305 308 309 310 
16200 316 0 
16200 317 0 5 6 
16200 318 0 7 
16200 319 0 5 
16200 320 0 7 
16200 321 0 6 
16200 322 0 6 
16200 323 0 7 
16200 324 0 
16200 325 0 5 
16200 326 0 
16200 327 0 5 
16200 328 0 6 
16200 329 0 7 
16200 330 0 5 6 
16200 331 0 7 
16200 332 0 
16200 333 0 5 
16200 334 0 6 7 
16200 335 0 
16200 336 0 5 7 
16200 337 0 6 
16200 338 0 
16200 339 0 
16200 340 0 5 7 
16200 341 0 6 
16200 342 0 
16200 343 0 
16200 344 0 5 6 
16200 345 0 
18000 0 5 6 7 316 317 318 319 320 321 322 323 324 325 326 327 328 329 330 331 332 333 334 335 336 337 338 339 340 341 342 343 344 345 
18000 1 65 66 67 
18000 2 106 107 108 
18000 3 125 126 127 
18000 4 188 189 190 
18000 5 0 211 225 317 319 325 327 330 333 336 340 344 
18000 6 0 252 254 317 321 322 328 330 334 337 341 344 
18000 7 0 276 285 318 320 323 329 331 334 336 340 
18000 8 61 62 63 
18000 9 61 62 63 
18000 10 12 107 108 
18000 11 12 74 108 
18000 12 10 11 74 
18000 13 125 126 127 
18000 14 188 189 190 
18000 15 209 223 225 
18000 16 209 223 225 
18000 17 223 224 225 
18000 18 251 252 254 
18000 19 251 252 254 
18000 20 313 314 315 
18000 21 313 314 315 
18000 22 313 314 315 
18000 23 61 62 63 
18000 24 60 61 62 
18000 25 61 62 63 
18000 26 60 61 62 
18000 27 61 62 63 
18000 28 61 62 63 
18000 29 61 62 63 
18000 30 61 63 65 
18000 31 61 62 63 
18000 32 60 62 63 
18000 33 60 62 63 
18000 34 61 62 63 
18000 35 61 62 63 
18000 36 61 62 63 
18000 37 58 61 66 
18000 38 61 62 63 
18000 39 61 62 63 
18000 40 61 62 63 
18000 41 60 62 63 
18000 42 61 62 63 
18000 43 61 62 63 
18000 44 51 62 63 
18000 45 61 62 63 
18000 46 61 62 63 
18000 47 52 55 59 
18000 48 53 54 61 
18000 49 60 61 62 
18000 50 61 62 63 
18000 51 44 63 65 
18000 52 47 59 63 
18000 53 48 62 63 
18000 54 48 62 63 
18000 55 47 62 63 
18000 56 61 62 63 
18000 57 61 62 63 
18000 58 37 62 63 
18000 59 47 52 63 
18000 60 24 26 32 33 41 49 
18000 61 8 9 23 24 25 26 27 28 29 30 31 34 35 36 37 38 39 40 42 43 45 46 48 49 50 56 57 
18000 62 8 9 23 24 25 26 27 28 29 31 32 33 34 35 36 38 39 40 41 42 43 44 45 46 49 50 53 54 55 56 57 58 
18000 63 8 9 23 25 27 28 29 30 31 32 33 34 35 36 38 39 40 41 42 43 44 45 46 50 51 52 53 54 55 56 57 58 59 
18000 64 65 66 67 
18000 65 1 30 51 64 
18000 66 1 37 64 67 
18000 67 1 64 66 
18000 68 74 107 108 
18000 69 74 107 108 
18000 70 74 107 108 
18000 71 74 107 108 
18000 72 74 107 108 
18000 73 85 89 90 
18000 74 11 12 68 69 70 71 72 
18000 75 76 83 89 
18000 76 75 107 108 
18000 77 106 107 108 
18000 78 106 107 108 
18000 79 106 107 108 
18000 80 106 107 108 
18000 81 106 107 108 
18000 82 106 107 108 
18000 83 75 89 90 
18000 84 106 107 108 
18000 85 73 107 108 
18000 86 106 107 108 
18000 87 106 107 108 
18000 88 106 107 108 
18000 89 73 75 83 
18000 90 73 83 97 
18000 91 106 107 108 
18000 92 106 107 108 
18000 93 97 107 108 
18000 94 106 107 108 
18000 95 106 107 108 
18000 96 97 107 108 
18000 97 90 93 96 
18000 98 106 107 108 
18000 99 106 107 108 
18000 100 106 107 108 
18000 101 103 107 108 
18000 102 106 107 108 
18000 103 101 104 105 
18000 104 103 107 108 
18000 105 103 107 108 
18000 106 2 77 78 79 80 81 82 84 86 87 88 91 92 94 95 98 99 100 102 
18000 107 2 10 68 69 70 71 72 76 77 78 79 80 81 82 84 85 86 87 88 91 92 93 94 95 96 98 99 100 101 102 104 105 
18000 108 2 10 11 68 69 70 71 72 76 77 78 79 80 81 82 84 85 86 87 88 91 92 93 94 95 96 98 99 100 101 102 104 105 
18000 109 123 124 125 
18000 110 123 125 126 
18000 111 126 127 140 
18000 112 124 125 126 
18000 113 124 125 138 
18000 114 124 125 126 
18000 115 126 127 128 
18000 116 124 126 127 
18000 117 123 124 125 
18000 118 125 126 127 
18000 119 123 125 126 
18000 120 125 126 127 
18000 121 124 125 126 
18000 122 124 125 127 
18000 123 109 110 117 119 
18000 124 109 112 113 114 116 117 121 122 
18000 125 3 13 109 110 112 113 114 117 118 119 120 121 122 
18000 126 3 13 110 111 112 114 115 116 118 119 120 121 
18000 127 3 13 111 115 116 118 120 122 
18000 128 115 130 
18000 129 141 144 145 
18000 130 128 136 137 
18000 131 134 141 144 
18000 132 142 146 147 
18000 133 143 144 145 
18000 134 131 141 145 
18000 135 145 146 147 
18000 136 130 144 145 
18000 137 130 143 145 
18000 138 113 140 145 
18000 139 141 144 145 
18000 140 111 138 143 
18000 141 129 131 134 139 
18000 142 132 146 147 
18000 143 133 137 140 
18000 144 129 131 133 136 139 
18000 145 129 133 134 135 136 137 138 139 
18000 146 132 135 142 
18000 147 132 135 142 
18000 148 188 189 190 
18000 149 176 191 193 
18000 150 158 166 173 
18000 151 188 190 191 
18000 152 189 190 191 
18000 153 188 189 190 
18000 154 188 189 190 
18000 155 188 189 190 
18000 156 189 190 191 
18000 157 167 175 186 
18000 158 150 166 173 
18000 159 188 189 190 
18000 160 188 189 190 
18000 161 188 189 190 
18000 162 188 189 190 
18000 163 175 183 186 
18000 164 188 189 190 
18000 165 188 189 190 
18000 166 150 158 173 
18000 167 157 190 191 
18000 168 187 188 190 
18000 169 189 190 191 
18000 170 188 190 191 
18000 171 188 189 190 
18000 172 188 189 190 
18000 173 150 158 166 
18000 174 176 181 185 
18000 175 157 163 186 
18000 176 149 174 191 
18000 177 188 189 190 
18000 178 188 189 190 
18000 179 189 190 191 
18000 180 188 189 190 
18000 181 174 188 190 
18000 182 188 189 190 
18000 183 163 188 189 
18000 184 188 189 190 
18000 185 174 190 191 
18000 186 157 163 175 
18000 187 168 189 190 
18000 188 4 14 148 151 153 154 155 159 160 161 162 164 165 168 170 171 172 177 178 180 181 182 183 184 
18000 189 4 14 148 152 153 154 155 156 159 160 161 162 164 165 169 171 172 177 178 179 180 182 183 184 187 194 
18000 190 4 14 148 151 152 153 154 155 156 159 160 161 162 164 165 167 168 169 170 171 172 177 178 179 180 181 182 184 185 187 194 
18000 191 149 151 152 156 167 169 170 176 179 185 192 193 
18000 192 191 193 194 
18000 193 149 191 192 
18000 194 189 190 192 
18000 195 209 223 225 
18000 196 223 224 225 
18000 197 222 223 224 
18000 198 223 224 225 
18000 199 207 216 221 
18000 200 223 224 225 
18000 201 222 223 224 
18000 202 207 218 221 
18000 203 207 208 223 
18000 204 207 221 222 
18000 205 222 223 224 
18000 206 209 223 225 
18000 207 199 202 203 204 
18000 208 203 223 225 
18000 209 15 16 195 206 
18000 210 219 224 225 
18000 211 5 223 225 
18000 212 223 224 225 
18000 213 223 224 225 
18000 214 222 223 224 
18000 215 223 224 225 
18000 216 199 223 225 
18000 217 218 219 221 
18000 218 202 217 219 
18000 219 210 217 218 
18000 220 222 223 224 
18000 221 199 202 204 217 
18000 222 197 201 204 205 214 220 
18000 223 15 16 17 195 196 197 198 200 201 203 205 206 208 211 212 213 214 215 216 220 
18000 224 17 196 197 198 200 201 205 210 212 213 214 215 220 
18000 225 5 15 16 17 195 196 198 200 206 208 210 211 212 213 215 216 
18000 226 251 252 254 
18000 227 250 252 254 
18000 228 250 252 254 
18000 229 251 252 254 
18000 230 251 252 254 
18000 231 251 252 254 
18000 232 251 252 254 
18000 233 249 252 254 
18000 234 253 254 255 
18000 235 251 252 254 
18000 236 252 253 254 
18000 237 252 254 267 
18000 238 252 254 255 
18000 239 252 254 255 
18000 240 253 254 255 
18000 241 252 253 254 
18000 242 248 251 253 
18000 243 252 253 254 
18000 244 252 254 255 
18000 245 252 254 255 
18000 246 251 252 254 
18000 247 253 254 255 
18000 248 242 253 254 
18000 249 233 252 254 
18000 250 227 228 254 
18000 251 18 19 226 229 230 231 232 235 242 246 
18000 252 6 18 19 226 227 228 229 230 231 232 233 235 236 237 238 239 241 243 244 245 246 249 
18000 253 234 236 240 241 242 243 247 248 
18000 254 6 18 19 226 227 228 229 230 231 232 233 234 235 236 237 238 239 240 241 243 244 245 246 247 248 249 250 
18000 255 234 238 239 240 244 245 247 
18000 256 270 271 272 
18000 257 270 271 272 
18000 258 262 271 272 
18000 259 261 262 272 
18000 260 270 271 272 
18000 261 259 268 272 
18000 262 258 259 272 
18000 263 265 267 271 
18000 264 270 271 272 
18000 265 263 267 269 
18000 266 270 271 272 
18000 267 237 263 265 
18000 268 261 271 272 
18000 269 265 271 272 
18000 270 256 257 260 264 266 
18000 271 256 257 258 260 263 264 266 268 269 
18000 272 256 257 258 259 260 261 262 264 266 268 269 
18000 273 285 286 315 
18000 274 276 312 314 
18000 275 313 314 315 
18000 276 7 274 314 
18000 277 292 295 296 
18000 278 313 314 315 
18000 279 312 314 315 
18000 280 283 284 287 
18000 281 284 287 312 
18000 282 312 314 315 
18000 283 280 313 315 
18000 284 280 281 304 
18000 285 7 273 315 
18000 286 273 314 315 
18000 287 280 281 314 
18000 288 292 293 295 
18000 289 312 314 315 
18000 290 311 312 314 
18000 291 313 314 315 
18000 292 277 288 315 
18000 293 288 299 314 
18000 294 311 312 314 
18000 295 277 288 308 
18000 296 277 312 314 
18000 297 312 314 315 
18000 298 311 312 314 
18000 299 293 314 315 
18000 300 313 314 315 
18000 301 311 312 314 
18000 302 312 314 315 
18000 303 312 313 314 
18000 304 284 312 314 
18000 305 307 314 315 
18000 306 307 313 315 
18000 307 305 306 310 
18000 308 295 314 315 
18000 309 312 314 315 
18000 310 307 313 315 
18000 311 290 294 298 301 
18000 312 274 279 281 282 289 290 294 296 297 298 301 302 303 304 309 
18000 313 20 21 22 275 278 283 291 300 303 306 310 
18000 314 20 21 22 274 275 276 278 279 282 286 287 289 290 291 293 294 296 297 298 299 300 301 302 303 304 305 308 309 
18000 315 20 21 22 273 275 278 279 282 283 285 286 289 291 292 297 299 300 302 305 306 308 309 310 
18000 316 0 
18000 317 0 5 6 
18000 318 0 7 
18000 319 0 5 
18000 320 0 7 
18000 321 0 6 
18000 322 0 6 
18000 323 0 7 
18000 324 0 
18000 325 0 5 
18000 326 0 
18000 327 0 5 
18000 328 0 6 
18000 329 0 7 
18000 330 0 5 6 
18000 331 0 7 
18000 332 0 
18000 333 0 5 
18000 334 0 6 7 
18000 335 0 
18000 336 0 5 7 
18000 337 0 6 
18000 338 0 
18000 339 0 
18000 340 0 5 7 
18000 341 0 6 
18000 342 0 
18000 343 0 
18000 344 0 5 6 
18000 345 0 
