0 0 2 7 252 253 254 255 256 257 258 259 260 261 262 263 264 265 266 267 268 269 270 271 272 273 274 275 276 277 278 279 280 281 
0 1 2 21 36 253 255 257 259 261 264 265 266 268 271 273 274 277 278 281 
0 2 0 1 42 49 252 255 260 263 266 267 269 271 272 274 277 278 279 281 
0 3 4 5 82 92 253 254 255 259 261 263 265 267 268 271 272 274 276 279 280 
0 4 3 12 118 125 252 253 256 259 262 263 265 266 268 269 272 275 276 278 279 281 
0 5 3 7 144 147 253 254 255 257 260 264 265 267 270 272 273 277 279 280 281 
0 6 182 185 189 211 
0 7 0 5 222 242 252 254 257 258 262 264 266 268 270 273 275 276 278 280 
0 8 20 24 31 36 
0 9 71 83 87 95 
0 10 102 105 110 125 128 
0 11 102 104 129 
0 12 4 112 122 
0 13 136 147 172 174 
0 14 136 146 158 173 
0 15 133 144 149 155 
0 16 180 187 188 190 
0 17 181 194 203 206 
0 18 227 239 241 248 
0 19 34 35 
0 20 8 27 28 31 
0 21 1 
0 22 34 
0 23 28 
0 24 8 30 
0 25 27 31 
0 26 31 
0 27 20 25 34 
0 28 20 23 36 38 
0 29 36 
0 30 24 37 
0 31 8 20 25 26 
0 32 37 
0 33 37 
0 34 19 22 27 
0 35 19 
0 36 1 8 28 29 
0 37 30 32 33 
0 38 28 
0 39 40 42 54 60 
0 40 39 53 54 63 
0 41 43 44 46 54 
0 42 2 39 50 58 61 
0 43 41 44 51 53 
0 44 41 43 45 46 
0 45 44 51 52 53 
0 46 41 44 59 63 
0 47 51 
0 48 50 57 
0 49 2 51 53 57 
0 50 42 48 
0 51 43 45 47 49 52 
0 52 45 51 63 
0 53 40 43 45 49 59 61 
0 54 39 40 41 
0 55 63 
0 56 57 60 
0 57 48 49 56 60 
0 58 42 
0 59 46 53 61 63 
0 60 39 56 57 62 
0 61 42 53 59 
0 62 60 63 
0 63 40 46 52 55 59 62 
0 64 77 90 99 
0 65 85 98 
0 66 75 79 88 99 
0 67 75 76 77 
0 68 75 92 
0 69 79 96 
0 70 78 85 94 
0 71 9 72 89 
0 72 71 82 94 97 
0 73 97 99 213 
0 74 85 87 90 99 
0 75 66 67 68 83 
0 76 67 85 92 98 
0 77 64 67 86 94 
0 78 70 79 94 98 
0 79 66 69 78 96 
0 80 84 85 94 96 
0 81 82 86 91 93 
0 82 3 72 81 87 
0 83 9 75 88 97 
0 84 80 92 96 98 
0 85 65 70 74 76 80 
0 86 77 81 90 91 
0 87 9 74 82 93 
0 88 66 83 
0 89 71 91 95 96 
0 90 64 74 86 
0 91 81 86 89 97 
0 92 3 68 76 84 
0 93 81 87 97 208 
0 94 70 72 77 78 80 
0 95 9 89 97 98 
0 96 69 79 80 84 89 
0 97 72 73 83 91 93 95 
0 98 65 76 78 84 95 
0 99 64 66 73 74 
0 100 104 108 126 
0 101 105 
0 102 10 11 103 112 
0 103 102 105 108 
0 104 11 100 109 113 
0 105 10 101 103 121 
0 106 113 114 118 127 
0 107 124 125 127 
0 108 100 103 112 120 122 127 
0 109 104 111 121 123 
0 110 10 125 126 
0 111 109 112 116 127 128 
0 112 12 102 108 111 
0 113 104 106 117 118 
0 114 106 122 124 
0 115 116 117 123 
0 116 111 115 121 124 
0 117 113 115 122 126 
0 118 4 106 113 123 
0 119 120 126 
0 120 108 119 
0 121 105 109 116 123 
0 122 12 108 114 117 
0 123 109 115 118 121 129 
0 124 107 114 116 
0 125 4 10 107 110 
0 126 100 110 117 119 
0 127 106 107 108 111 
0 128 10 111 
0 129 11 123 
0 130 133 138 139 160 164 167 176 
0 131 135 157 164 170 
0 132 145 154 169 170 
0 133 15 130 145 148 
0 134 143 152 161 168 
0 135 131 159 165 166 
0 136 13 14 154 158 
0 137 174 
0 138 130 139 142 153 
0 139 130 138 140 178 
0 140 139 142 151 174 
0 141 142 149 150 151 
0 142 138 140 141 155 157 166 
0 143 134 146 149 150 
0 144 5 15 148 154 
0 145 132 133 163 175 
0 146 14 143 170 172 
0 147 5 13 150 163 168 171 174 
0 148 133 144 164 177 
0 149 15 141 143 152 
0 150 141 143 147 155 
0 151 140 141 171 
0 152 134 149 162 165 
0 153 138 162 168 178 
0 154 132 136 144 156 
0 155 15 142 150 168 
0 156 154 169 175 
0 157 131 142 167 169 
0 158 14 136 177 178 
0 159 135 160 166 172 
0 160 130 159 172 173 
0 161 134 170 
0 162 152 153 172 177 
0 163 145 147 164 178 
0 164 130 131 148 163 
0 165 135 152 171 172 
0 166 135 142 159 172 
0 167 130 157 171 173 
0 168 134 147 153 155 
0 169 132 156 157 176 
0 170 131 132 146 161 176 
0 171 147 151 165 167 
0 172 13 146 159 160 162 165 166 177 
0 173 14 160 167 
0 174 13 137 140 147 
0 175 145 156 
0 176 130 169 170 178 
0 177 148 158 162 172 
0 178 139 153 158 163 176 
0 179 182 184 195 
0 180 16 203 212 
0 181 17 184 203 204 
0 182 6 179 192 196 201 
0 183 187 188 207 209 
0 184 179 181 197 212 
0 185 6 199 200 210 
0 186 190 201 211 213 
0 187 16 183 202 207 
0 188 16 183 207 
0 189 6 190 191 206 
0 190 16 186 189 193 
0 191 189 201 208 211 
0 192 182 203 204 212 
0 193 190 195 
0 194 17 196 
0 195 179 193 199 200 205 
0 196 182 194 
0 197 184 198 204 
0 198 197 200 210 212 
0 199 185 195 205 
0 200 185 195 198 202 
0 201 182 186 191 202 
0 202 187 200 201 204 205 207 208 
0 203 17 180 181 192 208 
0 204 181 192 197 202 
0 205 195 199 202 
0 206 17 189 
0 207 183 187 188 202 
0 208 93 191 202 203 
0 209 183 210 
0 210 185 198 209 211 
0 211 6 186 191 210 
0 212 180 184 192 198 
0 213 73 186 
0 214 229 237 
0 215 220 230 248 249 
0 216 217 229 245 250 
0 217 216 218 233 
0 218 217 233 235 243 
0 219 226 232 240 241 
0 220 215 223 231 247 
0 221 222 223 239 249 
0 222 7 221 238 
0 223 220 221 226 230 
0 224 225 230 232 251 
0 225 224 241 243 
0 226 219 223 233 246 
0 227 18 235 240 242 
0 228 231 238 241 251 
0 229 214 216 246 248 
0 230 215 223 224 236 243 249 
0 231 220 228 240 245 
0 232 219 224 245 248 
0 233 217 218 226 235 
0 234 236 242 245 247 
0 235 218 227 233 237 238 246 249 
0 236 230 234 245 248 
0 237 214 235 
0 238 222 228 235 240 
0 239 18 221 250 
0 240 219 227 231 238 
0 241 18 219 225 228 
0 242 7 227 234 248 
0 243 218 225 230 247 
0 244 246 
0 245 216 231 232 234 236 250 251 
0 246 226 229 235 244 
0 247 220 234 243 251 
0 248 18 215 229 232 236 242 
0 249 215 221 230 235 
0 250 216 239 245 
0 251 224 228 245 247 
0 252 0 2 4 7 
0 253 0 1 3 4 5 
0 254 0 3 5 7 
0 255 0 1 2 3 5 
0 256 0 4 
0 257 0 1 5 7 
0 258 0 7 
0 259 0 1 3 4 
0 260 0 2 5 
0 261 0 1 3 
0 262 0 4 7 
0 263 0 2 3 4 
0 264 0 1 5 7 
0 265 0 1 3 4 5 
0 266 0 1 2 4 7 
0 267 0 2 3 5 
0 268 0 1 3 4 7 
0 269 0 2 4 
0 270 0 5 7 
0 271 0 1 2 3 
0 272 0 2 3 4 5 
0 273 0 1 5 7 
0 274 0 1 2 3 
0 275 0 4 7 
0 276 0 3 4 7 
0 277 0 1 2 5 
0 278 0 1 2 4 7 
0 279 0 2 3 4 5 
0 280 0 3 5 7 
0 281 0 1 2 4 5 
1800 0 5 252 253 254 255 256 257 258 259 260 261 262 263 264 265 266 267 268 269 270 271 272 273 274 275 276 277 278 279 280 281 
1800 1 6 36 37 253 255 257 259 261 264 265 266 268 271 273 274 277 278 281 
1800 2 39 41 46 55 63 
1800 3 16 64 89 90 
1800 4 5 7 102 129 252 253 256 259 262 263 265 266 268 269 272 275 276 278 279 281 
1800 5 0 4 13 163 253 254 255 257 260 264 265 267 270 272 273 277 279 280 281 
1800 6 1 199 204 213 253 254 256 258 260 263 264 266 269 271 273 274 277 279 280 
1800 7 4 240 241 249 252 254 257 258 262 264 266 268 270 273 275 276 278 280 
1800 8 29 31 
1800 9 67 88 91 96 
1800 10 100 109 119 120 
1800 11 105 108 116 125 
1800 12 100 111 116 121 
1800 13 5 153 167 
1800 14 140 163 164 175 
1800 15 133 154 
1800 16 3 179 202 205 
1800 17 179 188 
1800 18 214 215 218 224 
1800 19 30 33 34 36 
1800 20 29 30 32 
1800 21 24 
1800 22 28 32 34 35 
1800 23 33 35 
1800 24 21 34 
1800 25 29 36 
1800 26 32 33 34 35 
1800 27 32 
1800 28 22 
1800 29 8 20 25 
1800 30 19 20 38 
1800 31 8 32 
1800 32 20 22 26 27 31 37 
1800 33 19 23 26 34 
1800 34 19 22 24 26 33 35 
1800 35 22 23 26 34 
1800 36 1 19 25 
1800 37 1 32 
1800 38 30 
1800 39 2 
1800 40 60 
1800 41 2 60 62 
1800 42 48 53 63 
1800 43 58 60 61 
1800 44 45 46 47 
1800 45 44 48 
1800 46 2 44 59 
1800 47 44 
1800 48 42 45 51 56 57 
1800 49 52 60 
1800 50 53 59 
1800 51 48 
1800 52 49 59 
1800 53 42 50 54 55 
1800 54 53 
1800 55 2 53 59 
1800 56 48 
1800 57 48 59 
1800 58 43 
1800 59 46 50 52 55 57 
1800 60 40 41 43 49 
1800 61 43 62 
1800 62 41 61 
1800 63 2 42 
1800 64 3 72 73 95 
1800 65 81 85 93 97 
1800 66 84 
1800 67 9 80 90 99 
1800 68 70 72 92 94 
1800 69 70 82 83 84 
1800 70 68 69 97 
1800 71 87 88 92 98 
1800 72 64 68 76 87 
1800 73 64 85 91 93 
1800 74 82 90 94 95 
1800 75 98 
1800 76 72 79 80 82 
1800 77 78 
1800 78 77 79 91 94 
1800 79 76 78 84 99 
1800 80 67 76 91 93 
1800 81 65 83 86 95 
1800 82 69 74 76 99 
1800 83 69 81 85 
1800 84 66 69 79 89 
1800 85 65 73 83 89 
1800 86 81 90 
1800 87 71 72 99 
1800 88 9 71 93 97 
1800 89 3 84 85 98 
1800 90 3 67 74 86 95 
1800 91 9 73 78 80 
1800 92 68 71 
1800 93 65 73 80 88 
1800 94 68 74 78 
1800 95 64 74 81 90 
1800 96 9 
1800 97 65 70 88 
1800 98 71 75 89 99 
1800 99 67 79 82 87 98 
1800 100 10 12 106 115 
1800 101 111 126 127 
1800 102 4 112 119 123 
1800 103 105 122 
1800 104 108 110 112 
1800 105 11 103 113 114 117 
1800 106 100 113 127 
1800 107 111 118 121 126 
1800 108 11 104 114 118 
1800 109 10 110 112 114 128 
1800 110 104 109 123 126 
1800 111 12 101 107 113 122 
1800 112 102 104 109 129 
1800 113 105 106 111 119 
1800 114 105 108 109 116 
1800 115 100 
1800 116 11 12 114 125 128 129 
1800 117 105 122 126 
1800 118 107 108 121 
1800 119 10 102 113 120 128 
1800 120 10 119 121 126 
1800 121 12 107 118 120 
1800 122 103 111 117 124 
1800 123 102 110 126 
1800 124 122 
1800 125 11 116 128 129 
1800 126 101 107 110 117 120 123 
1800 127 101 106 
1800 128 109 116 119 125 
1800 129 4 112 116 125 
1800 130 133 138 145 147 171 
1800 131 161 163 172 173 
1800 132 147 158 171 178 
1800 133 15 130 146 168 
1800 134 156 
1800 135 158 159 
1800 136 159 164 172 177 
1800 137 153 
1800 138 130 156 168 174 
1800 139 153 154 166 
1800 140 14 142 145 150 
1800 141 144 158 169 174 
1800 142 140 172 
1800 143 157 
1800 144 141 146 156 174 
1800 145 130 140 166 178 
1800 146 133 144 169 175 
1800 147 130 132 161 164 
1800 148 166 167 168 176 
1800 149 151 168 
1800 150 140 170 173 174 
1800 151 149 155 162 166 167 175 
1800 152 155 
1800 153 13 137 139 160 171 
1800 154 15 139 157 177 
1800 155 151 152 162 
1800 156 134 138 144 162 167 
1800 157 143 154 161 174 
1800 158 132 135 141 160 175 
1800 159 135 136 165 177 
1800 160 153 158 
1800 161 131 147 157 174 
1800 162 151 155 156 177 
1800 163 5 14 131 
1800 164 14 136 147 169 
1800 165 159 
1800 166 139 145 148 151 
1800 167 13 148 151 156 
1800 168 133 138 148 149 
1800 169 141 146 164 173 
1800 170 150 171 
1800 171 130 132 153 170 
1800 172 131 136 142 174 
1800 173 131 150 169 178 
1800 174 138 141 144 150 157 161 172 
1800 175 14 146 151 158 
1800 176 148 
1800 177 136 154 159 162 178 
1800 178 132 145 173 177 
1800 179 16 17 185 204 
1800 180 191 196 208 209 
1800 181 188 192 194 208 
1800 182 189 191 200 204 
1800 183 187 196 209 211 
1800 184 193 211 
1800 185 179 187 189 197 200 
1800 186 192 194 198 210 
1800 187 183 185 194 206 
1800 188 17 181 198 209 
1800 189 182 185 191 202 
1800 190 202 205 206 211 
1800 191 180 182 189 201 210 
1800 192 181 186 203 208 
1800 193 184 203 207 212 
1800 194 181 186 187 195 200 201 
1800 195 194 198 205 
1800 196 180 183 203 208 
1800 197 185 201 207 211 
1800 198 186 188 195 210 
1800 199 6 
1800 200 182 185 194 207 
1800 201 191 194 197 208 
1800 202 16 189 190 206 
1800 203 192 193 196 204 
1800 204 6 179 182 203 
1800 205 16 190 195 210 
1800 206 187 190 202 
1800 207 193 197 200 208 
1800 208 180 181 192 196 201 207 
1800 209 180 183 188 212 
1800 210 186 191 198 205 
1800 211 183 184 190 197 
1800 212 193 209 
1800 213 6 
1800 214 18 235 240 251 
1800 215 18 239 244 251 
1800 216 229 230 234 236 
1800 217 225 226 238 240 
1800 218 18 237 238 239 
1800 219 231 233 238 246 
1800 220 226 235 237 239 
1800 221 224 225 232 245 
1800 222 225 228 236 251 
1800 223 236 239 241 249 
1800 224 18 221 235 
1800 225 217 221 222 245 
1800 226 217 220 237 238 
1800 227 228 229 232 247 
1800 228 222 227 237 238 
1800 229 216 227 232 241 
1800 230 216 234 247 250 
1800 231 219 235 238 248 
1800 232 221 227 229 250 
1800 233 219 236 239 251 
1800 234 216 230 236 245 
1800 235 214 220 224 231 
1800 236 216 222 223 233 234 
1800 237 218 220 226 228 243 
1800 238 217 218 219 226 228 231 243 
1800 239 215 218 220 223 233 
1800 240 7 214 217 
1800 241 7 223 229 244 
1800 242 246 248 
1800 243 237 238 246 247 
1800 244 215 241 246 251 
1800 245 221 225 234 250 
1800 246 219 242 243 244 
1800 247 227 230 243 248 
1800 248 231 242 247 251 
1800 249 7 223 
1800 250 230 232 245 251 
1800 251 214 215 222 233 244 248 250 
1800 252 0 4 7 
1800 253 0 1 4 5 6 
1800 254 0 5 6 7 
1800 255 0 1 5 
1800 256 0 4 6 
1800 257 0 1 5 7 
1800 258 0 6 7 
1800 259 0 1 4 
1800 260 0 5 6 
1800 261 0 1 
1800 262 0 4 7 
1800 263 0 4 6 
1800 264 0 1 5 6 7 
1800 265 0 1 4 5 
1800 266 0 1 4 6 7 
1800 267 0 5 
1800 268 0 1 4 7 
1800 269 0 4 6 
1800 270 0 5 7 
1800 271 0 1 6 
1800 272 0 4 5 
1800 273 0 1 5 6 7 
1800 274 0 1 6 
1800 275 0 4 7 
1800 276 0 4 7 
1800 277 0 1 5 6 
1800 278 0 1 4 7 
1800 279 0 4 5 6 
1800 280 0 5 6 7 
1800 281 0 1 4 5 
3600 0 2 252 253 254 255 256 257 258 259 260 261 262 263 264 265 266 267 268 269 270 271 272 273 274 275 276 277 278 279 280 281 
3600 1 4 21 253 255 257 259 261 264 265 266 268 271 273 274 277 278 281 
3600 2 0 45 57 58 59 252 255 260 263 266 267 269 271 272 274 277 278 279 281 
3600 3 66 67 86 93 
3600 4 1 103 124 128 252 253 256 259 262 263 265 266 268 269 272 275 276 278 279 281 
3600 5 137 147 153 175 
3600 6 17 190 197 202 
3600 7 214 238 249 251 
3600 8 22 23 25 31 
3600 9 75 85 88 97 
3600 10 111 116 123 125 
3600 11 101 107 110 113 
3600 12 102 105 113 127 
3600 13 130 144 150 153 
3600 14 134 137 153 166 
3600 15 133 146 161 171 
3600 16 17 190 197 209 
3600 17 6 16 208 211 
3600 18 214 216 222 227 
3600 19 31 
3600 20 31 32 34 37 
3600 21 1 27 31 
3600 22 8 38 
3600 23 8 36 
3600 24 33 
3600 25 8 30 
3600 26 28 30 
3600 27 21 33 
3600 28 26 
3600 29 31 
3600 30 25 26 
3600 31 8 19 20 21 29 38 
3600 32 20 33 
3600 33 24 27 32 35 
3600 34 20 
3600 35 33 38 
3600 36 23 
3600 37 20 
3600 38 22 31 35 
3600 39 41 
3600 40 46 51 57 
3600 41 39 42 47 55 
3600 42 41 45 49 58 
3600 43 63 
3600 44 54 56 58 61 
3600 45 2 42 55 62 
3600 46 40 47 49 
3600 47 41 46 52 53 
3600 48 63 
3600 49 42 46 59 62 
3600 50 54 62 
3600 51 40 54 56 59 
3600 52 47 62 
3600 53 47 54 
3600 54 44 50 51 53 55 
3600 55 41 45 54 63 
3600 56 44 51 
3600 57 2 40 59 
3600 58 2 42 44 
3600 59 2 49 51 57 
3600 60 61 
3600 61 44 60 63 
3600 62 45 49 50 52 
3600 63 43 48 55 61 
3600 64 86 94 97 98 
3600 65 71 82 91 99 
3600 66 3 72 87 96 
3600 67 3 72 79 96 
3600 68 69 72 74 83 
3600 69 68 71 73 98 
3600 70 71 79 90 94 
3600 71 65 69 70 82 
3600 72 66 67 68 78 89 
3600 73 69 81 87 90 
3600 74 68 80 85 93 
3600 75 9 80 85 96 
3600 76 80 81 87 90 
3600 77 78 85 86 90 
3600 78 72 77 88 188 
3600 79 67 70 83 99 
3600 80 74 75 76 94 
3600 81 73 76 97 98 
3600 82 65 71 88 95 99 
3600 83 68 79 90 97 
3600 84 85 92 94 
3600 85 9 74 75 77 84 
3600 86 3 64 77 89 91 92 93 
3600 87 66 73 76 88 
3600 88 9 78 82 87 
3600 89 72 86 91 
3600 90 70 73 76 77 83 96 
3600 91 65 86 89 94 
3600 92 84 86 98 99 
3600 93 3 74 86 
3600 94 64 70 80 84 91 95 
3600 95 82 94 
3600 96 66 67 75 90 
3600 97 9 64 81 83 
3600 98 64 69 81 92 
3600 99 65 79 82 92 
3600 100 125 
3600 101 11 106 117 120 
3600 102 12 108 116 119 120 128 
3600 103 4 109 124 126 
3600 104 105 107 112 122 
3600 105 12 104 107 129 
3600 106 101 117 118 124 
3600 107 11 104 105 127 
3600 108 102 109 124 
3600 109 103 108 118 125 
3600 110 11 129 
3600 111 10 
3600 112 104 114 121 
3600 113 11 12 115 127 
3600 114 112 
3600 115 113 116 122 126 
3600 116 10 102 115 127 
3600 117 101 106 129 
3600 118 106 109 123 124 
3600 119 102 123 126 
3600 120 101 102 126 127 
3600 121 112 
3600 122 104 115 
3600 123 10 118 119 124 
3600 124 4 103 106 108 118 123 
3600 125 10 100 109 128 129 
3600 126 103 115 119 120 
3600 127 12 107 113 116 120 
3600 128 4 102 125 
3600 129 105 110 117 125 
3600 130 13 145 162 169 
3600 131 141 164 168 173 
3600 132 135 152 159 170 
3600 133 15 150 159 170 
3600 134 14 135 
3600 135 132 134 166 173 
3600 136 146 148 150 176 
3600 137 5 14 158 167 
3600 138 168 
3600 139 166 172 
3600 140 142 152 161 174 
3600 141 131 142 169 171 
3600 142 140 141 163 178 
3600 143 155 156 157 163 170 
3600 144 13 145 172 
3600 145 130 144 150 166 
3600 146 15 136 161 165 
3600 147 5 148 154 175 
3600 148 136 147 165 168 
3600 149 151 158 167 177 
3600 150 13 133 136 145 
3600 151 149 157 175 176 
3600 152 132 140 160 162 
3600 153 5 13 14 156 
3600 154 147 
3600 155 143 158 160 177 
3600 156 143 153 160 
3600 157 143 151 160 162 
3600 158 137 149 155 178 
3600 159 132 133 175 176 
3600 160 152 155 156 157 
3600 161 15 140 146 178 
3600 162 130 152 157 164 170 
3600 163 142 143 169 171 
3600 164 131 162 175 176 
3600 165 146 148 168 177 
3600 166 14 135 139 145 174 
3600 167 137 149 171 173 
3600 168 131 138 148 165 
3600 169 130 141 163 174 
3600 170 132 133 143 162 
3600 171 15 141 163 167 
3600 172 139 144 
3600 173 131 135 167 175 
3600 174 140 166 169 
3600 175 5 147 151 159 164 173 
3600 176 136 151 159 164 
3600 177 149 155 165 178 
3600 178 142 158 161 177 
3600 179 203 204 
3600 180 182 203 206 207 
3600 181 188 189 193 203 
3600 182 180 190 200 201 
3600 183 194 200 207 210 
3600 184 186 195 198 212 
3600 185 188 191 193 211 
3600 186 184 191 194 
3600 187 198 206 208 211 
3600 188 78 181 185 193 194 199 
3600 189 181 202 204 210 
3600 190 6 16 182 205 
3600 191 185 186 203 211 
3600 192 197 201 204 210 
3600 193 181 185 188 209 
3600 194 183 186 188 211 
3600 195 184 198 
3600 196 210 
3600 197 6 16 192 211 
3600 198 184 187 195 
3600 199 188 201 202 
3600 200 182 183 209 
3600 201 182 192 199 207 
3600 202 6 189 199 209 
3600 203 179 180 181 191 
3600 204 179 189 192 
3600 205 190 206 
3600 206 180 187 205 212 
3600 207 180 183 201 213 
3600 208 17 187 209 212 
3600 209 16 193 200 202 208 
3600 210 183 189 192 196 
3600 211 17 185 187 191 194 197 
3600 212 184 206 208 
3600 213 207 
3600 214 7 18 244 
3600 215 220 240 242 250 
3600 216 18 228 233 241 
3600 217 218 228 231 248 
3600 218 217 237 250 
3600 219 240 246 250 
3600 220 215 236 239 246 
3600 221 224 230 247 250 
3600 222 18 241 245 
3600 223 229 233 234 
3600 224 221 227 244 
3600 225 236 239 248 
3600 226 230 242 251 
3600 227 18 224 241 250 
3600 228 216 217 231 235 
3600 229 223 239 243 244 
3600 230 221 226 241 248 
3600 231 217 228 235 248 
3600 232 238 240 245 250 
3600 233 216 223 237 243 
3600 234 223 236 239 245 
3600 235 228 231 240 246 
3600 236 220 225 234 241 
3600 237 218 233 241 
3600 238 7 232 243 
3600 239 220 225 229 234 
3600 240 215 219 232 235 242 
3600 241 216 222 227 230 236 237 
3600 242 215 226 240 248 
3600 243 229 233 238 245 
3600 244 214 224 229 247 249 
3600 245 222 232 234 243 
3600 246 219 220 235 247 
3600 247 221 244 246 249 
3600 248 217 225 230 231 242 
3600 249 7 244 247 
3600 250 215 218 219 221 227 232 
3600 251 7 226 
3600 252 0 2 4 
3600 253 0 1 4 
3600 254 0 
3600 255 0 1 2 
3600 256 0 4 
3600 257 0 1 
3600 258 0 
3600 259 0 1 4 
3600 260 0 2 
3600 261 0 1 
3600 262 0 4 
3600 263 0 2 4 
3600 264 0 1 
3600 265 0 1 4 
3600 266 0 1 2 4 
3600 267 0 2 
3600 268 0 1 4 
3600 269 0 2 4 
3600 270 0 
3600 271 0 1 2 
3600 272 0 2 4 
3600 273 0 1 
3600 274 0 1 2 
3600 275 0 4 
3600 276 0 4 
3600 277 0 1 2 
3600 278 0 1 2 4 
3600 279 0 2 4 
3600 280 0 
3600 281 0 1 2 4 
5400 0 4 5 252 253 254 255 256 257 258 259 260 261 262 263 264 265 266 267 268 269 270 271 272 273 274 275 276 277 278 279 280 281 
5400 1 21 23 24 35 
5400 2 46 50 59 60 
5400 3 65 70 97 
5400 4 0 116 119 126 252 253 256 259 262 263 265 266 268 269 272 275 276 278 279 281 
5400 5 0 132 157 168 253 254 255 257 260 264 265 267 270 272 273 277 279 280 281 
5400 6 194 201 207 208 
5400 7 214 215 247 250 
5400 8 37 
5400 9 78 
5400 10 11 12 113 
5400 11 10 12 108 123 
5400 12 10 11 123 124 128 
5400 13 130 168 176 177 
5400 14 130 158 170 171 
5400 15 130 131 143 162 
5400 16 190 195 198 213 
5400 17 181 199 208 
5400 18 221 222 249 
5400 19 24 35 37 38 
5400 20 34 
5400 21 1 26 27 
5400 22 26 
5400 23 1 28 
5400 24 1 19 31 32 
5400 25 27 30 31 
5400 26 21 22 33 37 
5400 27 21 25 29 37 
5400 28 23 
5400 29 27 
5400 30 25 38 
5400 31 24 25 
5400 32 24 38 
5400 33 26 36 
5400 34 20 37 
5400 35 1 19 
5400 36 33 
5400 37 8 19 26 27 34 
5400 38 19 30 32 
5400 39 43 
5400 40 43 47 56 
5400 41 45 52 55 61 
5400 42 46 49 52 
5400 43 39 40 51 57 
5400 44 51 55 
5400 45 41 50 51 54 63 
5400 46 2 42 58 
5400 47 40 48 62 
5400 48 47 54 58 
5400 49 42 52 
5400 50 2 45 58 62 
5400 51 43 44 45 52 
5400 52 41 42 49 51 53 
5400 53 52 
5400 54 45 48 56 58 
5400 55 41 44 59 
5400 56 40 54 
5400 57 43 60 62 
5400 58 46 48 50 54 61 
5400 59 2 55 60 
5400 60 2 57 59 61 63 
5400 61 41 58 60 
5400 62 47 50 57 
5400 63 45 60 
5400 64 87 96 
5400 65 3 86 88 89 
5400 66 73 77 93 99 
5400 67 76 80 81 82 
5400 68 75 92 
5400 69 78 79 92 98 
5400 70 3 74 81 84 
5400 71 77 85 90 96 
5400 72 74 76 92 99 
5400 73 66 75 82 91 
5400 74 70 72 81 93 
5400 75 68 73 79 80 185 
5400 76 67 72 99 
5400 77 66 71 78 99 
5400 78 9 69 77 82 
5400 79 69 75 91 98 
5400 80 67 75 83 97 
5400 81 67 70 74 83 91 93 
5400 82 67 73 78 97 
5400 83 80 81 89 94 
5400 84 70 95 
5400 85 71 91 92 
5400 86 65 
5400 87 64 
5400 88 65 93 96 
5400 89 65 83 95 99 
5400 90 71 94 96 
5400 91 73 79 81 85 
5400 92 68 69 72 85 
5400 93 66 74 81 88 
5400 94 83 90 95 99 
5400 95 84 89 94 97 
5400 96 64 71 88 90 
5400 97 3 80 82 95 
5400 98 69 79 
5400 99 66 72 76 77 89 94 
5400 100 112 119 
5400 101 102 112 120 128 
5400 102 101 109 111 118 
5400 103 106 108 120 122 
5400 104 106 109 117 
5400 105 116 118 121 
5400 106 103 104 122 129 
5400 107 119 
5400 108 11 103 121 
5400 109 102 104 119 122 
5400 110 114 116 122 125 
5400 111 102 121 127 129 
5400 112 100 101 113 117 124 129 
5400 113 10 112 114 
5400 114 110 113 116 121 
5400 115 118 120 
5400 116 4 105 110 114 118 
5400 117 104 112 125 
5400 118 102 105 115 116 
5400 119 4 100 107 109 127 
5400 120 101 103 115 123 
5400 121 105 108 111 114 127 
5400 122 103 106 109 110 125 128 
5400 123 11 12 120 129 
5400 124 12 112 
5400 125 110 117 122 
5400 126 4 
5400 127 111 119 121 
5400 128 12 101 122 
5400 129 106 111 112 123 
5400 130 13 14 15 149 151 161 
5400 131 15 141 176 177 
5400 132 5 163 166 178 
5400 133 139 147 158 163 
5400 134 136 144 160 171 
5400 135 140 
5400 136 134 151 173 176 
5400 137 162 165 167 172 
5400 138 143 167 176 178 
5400 139 133 146 153 172 
5400 140 135 141 163 176 
5400 141 131 140 142 146 151 158 
5400 142 141 159 171 174 
5400 143 15 138 163 
5400 144 134 168 171 177 
5400 145 155 169 170 173 
5400 146 139 141 147 169 
5400 147 133 146 168 170 
5400 148 157 
5400 149 130 152 162 173 
5400 150 152 167 174 178 
5400 151 130 136 141 166 
5400 152 149 150 154 169 
5400 153 139 167 177 178 
5400 154 152 159 174 177 
5400 155 145 156 162 164 
5400 156 155 
5400 157 5 148 163 177 
5400 158 14 133 141 175 
5400 159 142 154 161 175 
5400 160 134 165 169 172 
5400 161 130 159 163 168 
5400 162 15 137 149 155 
5400 163 132 133 140 143 157 161 
5400 164 155 169 
5400 165 137 160 173 
5400 166 132 151 173 176 
5400 167 137 138 150 153 
5400 168 5 13 144 147 161 
5400 169 145 146 152 160 164 
5400 170 14 145 147 
5400 171 14 134 142 144 
5400 172 137 139 160 174 
5400 173 136 145 149 165 166 
5400 174 142 150 154 172 
5400 175 158 159 176 178 
5400 176 13 131 136 138 140 166 175 
5400 177 13 131 144 153 154 157 
5400 178 132 138 150 153 175 
5400 179 183 184 193 207 
5400 180 182 192 194 196 
5400 181 17 189 192 212 
5400 182 180 196 203 210 
5400 183 179 204 205 211 
5400 184 179 204 207 
5400 185 75 186 187 
5400 186 185 188 204 205 
5400 187 185 192 198 201 
5400 188 186 199 202 212 
5400 189 181 198 204 205 
5400 190 16 197 198 201 
5400 191 193 208 
5400 192 180 181 187 211 
5400 193 179 191 205 207 
5400 194 6 180 206 209 
5400 195 16 201 204 209 
5400 196 180 182 211 
5400 197 190 201 202 208 
5400 198 16 187 189 190 199 
5400 199 17 188 198 207 
5400 200 203 
5400 201 6 187 190 195 197 210 
5400 202 188 197 210 213 
5400 203 182 200 206 212 
5400 204 183 184 186 189 195 209 
5400 205 183 186 189 193 
5400 206 194 203 210 213 
5400 207 6 179 184 193 199 
5400 208 6 17 191 197 
5400 209 194 195 204 212 
5400 210 182 201 202 206 
5400 211 183 192 196 213 
5400 212 181 188 203 209 
5400 213 16 202 206 211 
5400 214 7 225 242 248 
5400 215 7 220 235 244 
5400 216 219 231 241 242 
5400 217 219 237 240 251 
5400 218 230 235 238 246 
5400 219 216 217 231 246 
5400 220 215 221 234 250 
5400 221 18 220 242 249 
5400 222 18 230 236 251 
5400 223 233 238 243 249 
5400 224 235 241 243 245 
5400 225 214 227 
5400 226 228 236 245 248 
5400 227 225 237 247 251 
5400 228 226 234 244 245 
5400 229 230 242 
5400 230 218 222 229 232 240 241 
5400 231 216 219 244 
5400 232 230 239 
5400 233 223 236 241 247 
5400 234 220 228 237 250 
5400 235 215 218 224 239 
5400 236 222 226 233 242 
5400 237 217 227 234 249 
5400 238 218 223 239 245 
5400 239 232 235 238 249 
5400 240 217 230 246 
5400 241 216 224 230 233 
5400 242 214 216 221 229 236 
5400 243 223 224 244 251 
5400 244 215 228 231 243 
5400 245 224 226 228 238 248 
5400 246 218 219 240 
5400 247 7 227 233 249 
5400 248 214 226 245 251 
5400 249 18 221 223 237 239 247 
5400 250 7 220 234 
5400 251 217 222 227 243 248 
5400 252 0 4 
5400 253 0 4 5 
5400 254 0 5 
5400 255 0 5 
5400 256 0 4 
5400 257 0 5 
5400 258 0 
5400 259 0 4 
5400 260 0 5 
5400 261 0 
5400 262 0 4 
5400 263 0 4 
5400 264 0 5 
5400 265 0 4 5 
5400 266 0 4 
5400 267 0 5 
5400 268 0 4 
5400 269 0 4 
5400 270 0 5 
5400 271 0 
5400 272 0 4 5 
5400 273 0 5 
5400 274 0 
5400 275 0 4 
5400 276 0 4 
5400 277 0 5 
5400 278 0 4 
5400 279 0 4 5 
5400 280 0 5 
5400 281 0 4 5 
7200 0 2 6 252 253 254 255 256 257 258 259 260 261 262 263 264 265 266 267 268 269 270 271 272 273 274 275 276 277 278 279 280 281 
7200 1 5 27 38 253 255 257 259 261 264 265 266 268 271 273 274 277 278 281 
7200 2 0 55 56 58 252 255 260 263 266 267 269 271 272 274 277 278 279 281 
7200 3 5 78 91 92 253 254 255 259 261 263 265 267 268 271 272 274 276 279 280 
7200 4 10 114 121 122 123 125 
7200 5 1 3 143 167 253 254 255 257 260 264 265 267 270 272 273 277 279 280 281 
7200 6 0 16 198 205 253 254 256 258 260 263 264 266 269 271 273 274 277 279 280 
7200 7 230 240 245 246 
7200 8 20 21 31 38 
7200 9 68 69 87 92 
7200 10 4 117 125 
7200 11 107 111 115 124 
7200 12 113 114 119 
7200 13 135 140 142 168 
7200 14 137 143 171 174 
7200 15 142 167 168 176 
7200 16 6 195 196 201 
7200 17 184 193 197 205 
7200 18 219 233 249 
7200 19 35 
7200 20 8 26 28 36 
7200 21 8 29 
7200 22 31 
7200 23 24 
7200 24 23 30 31 32 
7200 25 30 
7200 26 20 30 36 38 
7200 27 1 30 
7200 28 20 
7200 29 21 37 38 
7200 30 24 25 26 27 33 
7200 31 8 22 24 
7200 32 24 35 
7200 33 30 
7200 34 36 37 
7200 35 19 32 
7200 36 20 26 34 38 
7200 37 29 34 
7200 38 1 8 26 29 36 
7200 39 46 57 62 63 
7200 40 47 53 54 58 
7200 41 51 61 
7200 42 43 44 53 59 
7200 43 42 45 56 60 
7200 44 42 48 51 54 
7200 45 43 57 58 
7200 46 39 53 58 63 
7200 47 40 48 
7200 48 44 47 49 55 
7200 49 48 50 61 63 
7200 50 49 54 63 
7200 51 41 44 52 61 
7200 52 51 59 63 
7200 53 40 42 46 58 
7200 54 40 44 50 61 
7200 55 2 48 60 
7200 56 2 43 60 
7200 57 39 45 
7200 58 2 40 45 46 53 
7200 59 42 52 
7200 60 43 55 56 
7200 61 41 49 51 54 
7200 62 39 
7200 63 39 46 49 50 52 
7200 64 71 75 
7200 65 75 79 81 88 
7200 66 70 86 94 205 
7200 67 91 93 
7200 68 9 83 90 98 
7200 69 9 75 86 96 
7200 70 66 93 
7200 71 64 74 81 85 
7200 72 77 78 80 96 
7200 73 78 82 91 96 
7200 74 71 82 85 89 
7200 75 64 65 69 99 
7200 76 77 90 91 98 
7200 77 72 76 83 84 
7200 78 3 72 73 91 
7200 79 65 80 83 90 
7200 80 72 79 88 97 
7200 81 65 71 84 93 
7200 82 73 74 89 98 
7200 83 68 77 79 95 97 
7200 84 77 81 86 93 
7200 85 71 74 87 98 
7200 86 66 69 84 92 95 
7200 87 9 85 92 95 
7200 88 65 80 98 99 
7200 89 74 82 90 96 
7200 90 68 76 79 89 
7200 91 3 67 73 76 78 
7200 92 3 9 86 87 
7200 93 67 70 81 84 94 
7200 94 66 93 96 97 
7200 95 83 86 87 98 
7200 96 69 72 73 89 94 
7200 97 80 83 94 
7200 98 68 76 82 85 88 95 
7200 99 75 88 186 
7200 100 117 
7200 101 110 112 113 124 
7200 102 110 126 127 
7200 103 112 
7200 104 111 112 119 127 
7200 105 118 126 129 
7200 106 113 
7200 107 11 109 113 119 124 
7200 108 111 124 
7200 109 107 110 
7200 110 101 102 109 123 
7200 111 11 104 108 122 
7200 112 101 103 104 121 
7200 113 12 101 106 107 
7200 114 4 12 
7200 115 11 116 118 121 
7200 116 115 
7200 117 10 100 120 127 
7200 118 105 115 127 
7200 119 12 104 107 127 
7200 120 117 126 127 
7200 121 4 112 115 123 
7200 122 4 111 128 
7200 123 4 110 121 
7200 124 11 101 107 108 
7200 125 4 10 
7200 126 102 105 120 127 
7200 127 102 104 117 118 119 120 126 
7200 128 122 
7200 129 105 
7200 130 145 162 163 173 
7200 131 133 136 139 169 
7200 132 150 160 162 167 
7200 133 131 156 175 176 
7200 134 136 155 161 176 
7200 135 13 138 141 162 
7200 136 131 134 159 176 
7200 137 14 140 141 148 
7200 138 135 149 158 172 
7200 139 131 
7200 140 13 137 145 152 
7200 141 135 137 148 149 160 
7200 142 13 15 154 171 
7200 143 5 14 149 163 170 
7200 144 153 
7200 145 130 140 167 177 
7200 146 151 156 157 158 
7200 147 169 170 178 
7200 148 137 141 152 169 
7200 149 138 141 143 170 
7200 150 132 
7200 151 146 153 163 
7200 152 140 148 176 178 
7200 153 144 151 177 
7200 154 142 164 165 173 
7200 155 134 156 160 171 
7200 156 133 146 155 178 
7200 157 146 165 176 177 
7200 158 138 146 162 164 166 173 175 
7200 159 136 165 174 177 
7200 160 132 141 155 164 
7200 161 134 165 169 174 
7200 162 130 132 135 158 
7200 163 130 143 151 169 
7200 164 154 158 160 178 
7200 165 154 157 159 161 
7200 166 158 
7200 167 5 15 132 145 175 
7200 168 13 15 174 175 
7200 169 131 147 148 161 163 
7200 170 143 147 149 174 
7200 171 14 142 155 
7200 172 138 177 
7200 173 130 154 158 176 
7200 174 14 159 161 168 170 
7200 175 133 158 167 168 
7200 176 15 133 134 136 152 157 173 
7200 177 145 153 157 159 172 
7200 178 147 152 156 164 
7200 179 183 187 188 203 
7200 180 181 195 202 207 
7200 181 180 182 185 
7200 182 181 207 212 
7200 183 179 187 194 198 
7200 184 17 196 200 209 
7200 185 181 189 199 204 
7200 186 99 189 193 203 
7200 187 179 183 204 207 
7200 188 179 197 202 210 
7200 189 185 186 192 195 
7200 190 191 201 203 205 
7200 191 190 197 208 
7200 192 189 200 206 209 
7200 193 17 186 198 200 
7200 194 183 202 203 204 
7200 195 16 180 189 206 211 
7200 196 16 184 209 
7200 197 17 188 191 213 
7200 198 6 183 193 204 
7200 199 185 204 205 210 
7200 200 184 192 193 208 
7200 201 16 190 208 209 
7200 202 180 188 194 
7200 203 179 186 190 194 
7200 204 185 187 194 198 199 
7200 205 6 17 66 190 199 210 
7200 206 192 195 
7200 207 180 182 187 211 
7200 208 191 200 201 
7200 209 184 192 196 201 
7200 210 188 199 205 212 
7200 211 195 207 212 
7200 212 182 210 211 
7200 213 197 
7200 214 216 227 230 239 
7200 215 218 240 245 248 
7200 216 214 230 234 243 
7200 217 218 243 244 247 
7200 218 215 217 220 234 
7200 219 18 231 233 240 
7200 220 218 222 229 242 
7200 221 232 236 242 247 
7200 222 220 225 241 246 
7200 223 230 243 244 248 
7200 224 236 
7200 225 222 
7200 226 228 239 242 249 
7200 227 214 244 249 250 
7200 228 226 231 235 241 
7200 229 220 232 240 241 
7200 230 7 214 216 223 
7200 231 219 228 238 243 
7200 232 221 229 239 245 
7200 233 18 219 235 238 246 248 
7200 234 216 218 243 247 
7200 235 228 233 239 247 
7200 236 221 224 241 249 
7200 237 238 239 249 251 
7200 238 231 233 237 245 
7200 239 214 226 232 235 237 
7200 240 7 215 219 229 251 
7200 241 222 228 229 236 242 
7200 242 220 221 226 241 
7200 243 216 217 223 231 234 244 
7200 244 217 223 227 243 
7200 245 7 215 232 238 251 
7200 246 7 222 233 251 
7200 247 217 221 234 235 
7200 248 215 223 233 249 
7200 249 18 226 227 236 237 248 
7200 250 227 
7200 251 237 240 245 246 
7200 252 0 2 
7200 253 0 1 3 5 6 
7200 254 0 3 5 6 
7200 255 0 1 2 3 5 
7200 256 0 6 
7200 257 0 1 5 
7200 258 0 6 
7200 259 0 1 3 
7200 260 0 2 5 6 
7200 261 0 1 3 
7200 262 0 
7200 263 0 2 3 6 
7200 264 0 1 5 6 
7200 265 0 1 3 5 
7200 266 0 1 2 6 
7200 267 0 2 3 5 
7200 268 0 1 3 
7200 269 0 2 6 
7200 270 0 5 
7200 271 0 1 2 3 6 
7200 272 0 2 3 5 
7200 273 0 1 5 6 
7200 274 0 1 2 3 6 
7200 275 0 
7200 276 0 3 
7200 277 0 1 2 5 6 
7200 278 0 1 2 
7200 279 0 2 3 5 6 
7200 280 0 3 5 6 
7200 281 0 1 2 5 
9000 0 2 3 252 253 254 255 256 257 258 259 260 261 262 263 264 265 266 267 268 269 270 271 272 273 274 275 276 277 278 279 280 281 
9000 1 4 25 27 37 253 255 257 259 261 264 265 266 268 271 273 274 277 278 281 
9000 2 0 44 52 63 252 255 260 263 266 267 269 271 272 274 277 278 279 281 
9000 3 0 5 77 80 253 254 255 259 261 263 265 267 268 271 272 274 276 279 280 
9000 4 1 7 101 109 252 253 256 259 262 263 265 266 268 269 272 275 276 278 279 281 
9000 5 3 134 157 174 253 254 255 257 260 264 265 267 270 272 273 277 279 280 281 
9000 6 190 191 195 199 
9000 7 4 220 239 240 252 254 257 258 262 264 266 268 270 273 275 276 278 280 
9000 8 20 29 31 
9000 9 70 71 76 84 
9000 10 100 109 116 127 
9000 11 105 108 114 122 
9000 12 106 111 113 126 
9000 13 139 157 165 173 
9000 14 132 134 141 146 
9000 15 145 150 163 171 
9000 16 187 198 204 206 
9000 17 186 187 201 213 
9000 18 228 231 234 245 
9000 19 28 29 
9000 20 8 27 32 33 
9000 21 28 36 
9000 22 25 35 
9000 23 30 37 
9000 24 35 
9000 25 1 22 26 36 38 
9000 26 25 31 33 35 
9000 27 1 20 32 35 
9000 28 19 21 
9000 29 8 19 35 
9000 30 23 
9000 31 8 26 32 34 37 
9000 32 20 27 31 
9000 33 20 26 36 
9000 34 31 37 
9000 35 22 24 26 27 29 
9000 36 21 25 33 38 
9000 37 1 23 31 34 
9000 38 25 36 
9000 39 45 47 58 60 
9000 40 48 50 54 56 
9000 41 46 48 56 61 
9000 42 56 59 
9000 43 45 54 59 63 
9000 44 2 46 57 61 
9000 45 39 43 55 57 62 
9000 46 41 44 54 55 58 
9000 47 39 51 
9000 48 40 41 51 60 
9000 49 50 53 56 
9000 50 40 49 53 
9000 51 47 48 61 
9000 52 2 60 
9000 53 49 50 
9000 54 40 43 46 
9000 55 45 46 60 
9000 56 40 41 42 49 58 
9000 57 44 45 
9000 58 39 46 56 
9000 59 42 43 61 62 
9000 60 39 48 52 55 
9000 61 41 44 51 59 
9000 62 45 59 
9000 63 2 43 
9000 64 68 89 90 91 
9000 65 69 71 75 85 99 
9000 66 71 78 86 96 
9000 67 82 83 84 93 
9000 68 64 77 79 80 
9000 69 65 87 88 89 
9000 70 9 79 81 
9000 71 9 65 66 74 
9000 72 77 83 84 96 
9000 73 80 83 
9000 74 71 76 80 97 
9000 75 65 79 83 
9000 76 9 74 88 98 
9000 77 3 68 72 97 
9000 78 66 79 81 84 
9000 79 68 70 75 78 91 95 
9000 80 3 68 73 74 86 92 94 99 
9000 81 70 78 82 96 
9000 82 67 81 95 97 
9000 83 67 72 73 75 89 95 
9000 84 9 67 72 78 85 87 
9000 85 65 84 88 94 
9000 86 66 80 
9000 87 69 84 92 93 
9000 88 69 76 85 90 
9000 89 64 69 83 97 
9000 90 64 88 92 95 98 
9000 91 64 79 94 96 
9000 92 80 87 90 97 
9000 93 67 87 99 
9000 94 80 85 91 
9000 95 79 82 83 90 
9000 96 66 72 81 91 98 
9000 97 74 77 82 89 92 
9000 98 76 90 96 
9000 99 65 80 93 
9000 100 10 107 124 
9000 101 4 103 104 117 
9000 102 105 106 117 123 
9000 103 101 109 121 126 
9000 104 101 128 
9000 105 11 102 109 123 
9000 106 12 102 117 121 
9000 107 100 115 128 
9000 108 11 118 121 
9000 109 4 10 103 105 115 117 123 129 
9000 110 119 
9000 111 12 
9000 112 122 127 
9000 113 12 121 124 129 
9000 114 11 
9000 115 107 109 119 127 
9000 116 10 121 129 
9000 117 101 102 106 109 
9000 118 108 119 120 125 
9000 119 110 115 118 127 
9000 120 118 127 
9000 121 103 106 108 113 116 124 
9000 122 11 112 124 
9000 123 102 105 109 128 
9000 124 100 113 121 122 
9000 125 118 
9000 126 12 103 
9000 127 10 112 115 119 120 
9000 128 104 107 123 129 
9000 129 109 113 116 128 
9000 130 142 152 158 174 
9000 131 166 
9000 132 14 170 
9000 133 153 159 171 174 
9000 134 5 14 143 151 
9000 135 139 156 164 178 
9000 136 143 148 154 159 
9000 137 140 166 169 170 
9000 138 146 171 
9000 139 13 135 
9000 140 137 143 161 174 
9000 141 14 148 151 157 
9000 142 130 169 172 175 
9000 143 134 136 140 146 152 160 167 169 177 
9000 144 145 152 155 174 
9000 145 15 144 162 169 
9000 146 14 138 143 171 
9000 147 150 152 170 175 
9000 148 136 141 
9000 149 177 
9000 150 15 147 162 165 
9000 151 134 141 155 158 
9000 152 130 143 144 147 
9000 153 133 156 163 175 
9000 154 136 159 161 176 
9000 155 144 151 156 161 
9000 156 135 153 155 
9000 157 5 13 141 165 
9000 158 130 151 162 164 
9000 159 133 136 154 167 
9000 160 143 163 164 165 
9000 161 140 154 155 162 168 
9000 162 145 150 158 161 
9000 163 15 153 160 173 
9000 164 135 158 160 172 
9000 165 13 150 157 160 178 
9000 166 131 137 170 177 
9000 167 143 159 172 177 
9000 168 161 171 173 176 
9000 169 137 142 143 145 
9000 170 132 137 147 166 
9000 171 15 133 138 146 168 
9000 172 142 164 167 178 
9000 173 13 163 168 176 
9000 174 5 130 133 140 144 
9000 175 142 147 153 176 
9000 176 154 168 173 175 
9000 177 143 149 166 167 
9000 178 135 165 172 
9000 179 184 189 193 200 
9000 180 186 199 205 
9000 181 184 202 211 213 
9000 182 189 191 192 206 
9000 183 197 198 201 205 
9000 184 179 181 195 208 
9000 185 188 197 204 209 
9000 186 17 180 193 202 
9000 187 16 17 193 203 
9000 188 185 195 206 212 
9000 189 179 182 190 192 
9000 190 6 189 196 203 
9000 191 6 182 209 213 
9000 192 182 189 
9000 193 179 186 187 200 204 212 
9000 194 197 200 
9000 195 6 184 188 
9000 196 190 206 
9000 197 183 185 194 199 
9000 198 16 183 202 204 
9000 199 6 180 197 201 
9000 200 179 193 194 209 
9000 201 17 183 199 213 
9000 202 181 186 198 211 
9000 203 187 190 210 212 
9000 204 16 185 193 198 
9000 205 180 183 207 209 
9000 206 16 182 188 196 
9000 207 205 
9000 208 184 
9000 209 185 191 200 205 
9000 210 203 
9000 211 181 202 
9000 212 188 193 203 
9000 213 17 181 191 201 
9000 214 228 237 246 251 
9000 215 217 221 230 243 
9000 216 225 229 231 241 
9000 217 215 233 247 250 
9000 218 226 234 241 248 
9000 219 222 232 235 248 
9000 220 7 
9000 221 215 232 236 241 
9000 222 219 224 250 
9000 223 233 238 240 249 251 
9000 224 222 239 243 250 
9000 225 216 226 245 247 
9000 226 218 225 237 240 
9000 227 238 240 250 
9000 228 18 214 233 242 
9000 229 216 236 246 248 
9000 230 215 241 242 249 
9000 231 18 216 239 251 
9000 232 219 221 235 249 
9000 233 217 223 228 234 
9000 234 18 218 233 242 
9000 235 219 232 236 241 
9000 236 221 229 235 245 
9000 237 214 226 243 250 
9000 238 223 227 
9000 239 7 224 231 247 
9000 240 7 223 226 227 
9000 241 216 218 221 230 235 
9000 242 228 230 234 244 
9000 243 215 224 237 
9000 244 242 247 251 
9000 245 18 225 236 248 
9000 246 214 229 247 248 
9000 247 217 225 239 244 246 
9000 248 218 219 229 245 246 
9000 249 223 230 232 
9000 250 217 222 224 227 237 
9000 251 214 223 231 244 
9000 252 0 2 4 7 
9000 253 0 1 3 4 5 
9000 254 0 3 5 7 
9000 255 0 1 2 3 5 
9000 256 0 4 
9000 257 0 1 5 7 
9000 258 0 7 
9000 259 0 1 3 4 
9000 260 0 2 5 
9000 261 0 1 3 
9000 262 0 4 7 
9000 263 0 2 3 4 
9000 264 0 1 5 7 
9000 265 0 1 3 4 5 
9000 266 0 1 2 4 7 
9000 267 0 2 3 5 
9000 268 0 1 3 4 7 
9000 269 0 2 4 
9000 270 0 5 7 
9000 271 0 1 2 3 
9000 272 0 2 3 4 5 
9000 273 0 1 5 7 
9000 274 0 1 2 3 
9000 275 0 4 7 
9000 276 0 3 4 7 
9000 277 0 1 2 5 
9000 278 0 1 2 4 7 
9000 279 0 2 3 4 5 
9000 280 0 3 5 7 
9000 281 0 1 2 4 5 
