0 21600
1800 158 14 94
3600 158 14 94 37 43 181
5400 158 14 94 37 43 181 28 160 15
7200 158 14 94 37 43 181 28 160 15 68 177 156
9000 158 14 94 37 43 181 28 160 15 68 177 156 176 57 25
10800 158 14 94 37 43 181 28 160 15 68 177 156 176 57 25 85 133 139
12600 158 14 94 37 43 181 28 160 15 68 177 156 176 57 25 85 133 139 54 107 97
14400 158 14 94 37 43 181 28 160 15 68 177 156 176 57 25 85 133 139 54 107 97 62 136 6
16200 158 14 94 37 43 181 28 160 15 68 177 156 176 57 25 85 133 139 54 107 97 62 136 6 171 46 9
18000 158 14 94 37 43 181 28 160 15 68 177 156 176 57 25 85 133 139 54 107 97 62 136 6 171 46 9 174 59 27
19800 158 14 94 37 43 181 28 160 15 68 177 156 176 57 25 85 133 139 54 107 97 62 136 6 171 46 9 174 59 27 169 66 125
