0 21600
0 0 1 2 3 4 5 238 239 240 241 242 243 244 245 246 247 248 249 250 251 252 253 254 255 256 257 258 259 260 261 262 263 264 265 266 267 
0 1 0 2 3 4 5 6 7 8 22 23 24 26 27 28 29 30 31 32 33 34 35 36 37 38 39 40 41 42 43 44 45 46 47 48 49 50 52 54 55 56 57 58 59 60 238 240 241 242 243 245 246 248 249 251 252 253 254 255 257 259 260 262 264 266 267 
0 2 0 1 3 4 5 9 10 11 13 61 62 63 64 66 67 69 73 74 75 76 77 78 79 82 83 84 85 87 88 89 90 92 93 97 98 101 102 103 105 106 107 239 241 242 243 245 247 248 250 251 252 253 254 255 257 258 259 261 263 264 266 
0 3 0 1 2 4 5 14 15 16 17 18 110 111 112 113 114 115 116 117 118 119 120 121 122 123 124 125 126 127 128 129 130 131 132 134 135 136 137 138 139 141 155 238 240 241 242 244 245 247 248 249 251 252 253 254 255 256 258 260 262 264 265 266 
0 4 0 1 2 3 5 20 142 143 144 145 146 147 148 150 151 152 153 154 157 158 160 161 163 164 165 167 168 169 170 171 172 173 174 175 178 179 180 181 182 183 186 187 238 239 240 242 244 245 246 249 251 253 254 255 256 258 260 261 262 264 266 267 
0 5 0 1 2 3 4 21 188 189 190 191 192 193 194 196 197 200 201 202 203 204 207 209 210 211 214 215 216 218 219 220 223 224 225 226 227 229 230 231 232 235 236 237 238 240 242 244 245 248 249 250 252 253 254 255 258 259 260 261 263 265 266 
0 6 1 7 8 22 23 24 26 27 28 29 30 31 32 33 34 35 36 37 38 39 40 41 42 43 44 45 46 47 48 49 50 52 54 55 56 57 58 59 60 
0 7 1 6 8 22 23 24 26 27 28 29 30 31 32 33 34 35 36 37 38 39 40 41 42 43 44 45 46 47 48 49 50 52 54 55 56 57 58 59 60 
0 8 1 6 7 22 23 24 28 29 30 31 32 33 35 36 37 38 42 46 47 52 54 56 59 
0 9 2 10 64 69 78 79 92 102 
0 10 2 9 11 12 13 61 62 63 64 66 67 69 73 74 75 76 77 78 79 82 83 84 85 87 88 89 90 92 93 97 98 101 102 103 105 106 107 
0 11 2 10 62 63 67 69 77 78 79 84 85 87 88 106 
0 12 10 
0 13 2 10 89 
0 14 3 15 16 18 110 111 112 113 114 115 116 117 118 119 120 121 122 123 124 125 126 127 128 129 130 131 132 134 135 136 137 138 139 141 155 
0 15 3 14 16 17 112 
0 16 3 14 15 17 18 110 111 112 113 114 115 116 117 118 119 120 121 122 123 124 125 126 127 128 129 130 131 132 134 135 136 137 138 139 141 155 
0 17 3 15 16 18 110 111 112 113 114 115 116 117 118 119 120 121 122 123 124 125 126 127 128 129 130 131 132 134 135 136 137 138 139 141 155 
0 18 3 14 16 17 122 123 124 134 
0 19 157 158 
0 20 4 
0 21 5 
0 22 1 6 7 8 51 
0 23 1 6 7 8 
0 24 1 6 7 8 25 
0 25 24 
0 26 1 6 7 53 233 
0 27 1 6 7 
0 28 1 6 7 8 
0 29 1 6 7 8 
0 30 1 6 7 8 
0 31 1 6 7 8 
0 32 1 6 7 8 
0 33 1 6 7 8 
0 34 1 6 7 
0 35 1 6 7 8 
0 36 1 6 7 8 
0 37 1 6 7 8 
0 38 1 6 7 8 
0 39 1 6 7 195 
0 40 1 6 7 
0 41 1 6 7 
0 42 1 6 7 8 
0 43 1 6 7 
0 44 1 6 7 
0 45 1 6 7 
0 46 1 6 7 8 206 
0 47 1 6 7 8 
0 48 1 6 7 
0 49 1 6 7 
0 50 1 6 7 
0 51 22 
0 52 1 6 7 8 
0 53 26 
0 54 1 6 7 8 
0 55 1 6 7 
0 56 1 6 7 8 
0 57 1 6 7 
0 58 1 6 7 208 221 
0 59 1 6 7 8 
0 60 1 6 7 
0 61 2 10 72 94 96 
0 62 2 10 11 
0 63 2 10 11 71 80 91 
0 64 2 9 10 70 
0 65 66 100 
0 66 2 10 65 81 104 
0 67 2 10 11 
0 68 94 
0 69 2 9 10 11 99 
0 70 64 
0 71 63 
0 72 61 
0 73 2 10 109 
0 74 2 10 
0 75 2 10 
0 76 2 10 
0 77 2 10 11 
0 78 2 9 10 11 
0 79 2 9 10 11 
0 80 63 95 
0 81 66 
0 82 2 10 
0 83 2 10 
0 84 2 10 11 
0 85 2 10 11 
0 86 96 
0 87 2 10 11 
0 88 2 10 11 
0 89 2 10 13 
0 90 2 10 
0 91 63 
0 92 2 9 10 
0 93 2 10 
0 94 61 68 
0 95 80 
0 96 61 86 
0 97 2 10 
0 98 2 10 108 
0 99 69 
0 100 65 
0 101 2 10 
0 102 2 9 10 
0 103 2 10 
0 104 66 
0 105 2 10 
0 106 2 10 11 
0 107 2 10 
0 108 98 
0 109 73 
0 110 3 14 16 17 
0 111 3 14 16 17 162 184 
0 112 3 14 15 16 17 
0 113 3 14 16 17 
0 114 3 14 16 17 
0 115 3 14 16 17 
0 116 3 14 16 17 
0 117 3 14 16 17 
0 118 3 14 16 17 
0 119 3 14 16 17 
0 120 3 14 16 17 
0 121 3 14 16 17 
0 122 3 14 16 17 18 
0 123 3 14 16 17 18 
0 124 3 14 16 17 18 
0 125 3 14 16 17 
0 126 3 14 16 17 
0 127 3 14 16 17 
0 128 3 14 16 17 
0 129 3 14 16 17 133 176 
0 130 3 14 16 17 
0 131 3 14 16 17 
0 132 3 14 16 17 
0 133 129 
0 134 3 14 16 17 18 140 
0 135 3 14 16 17 
0 136 3 14 16 17 
0 137 3 14 16 17 
0 138 3 14 16 17 
0 139 3 14 16 17 
0 140 134 
0 141 3 14 16 17 
0 142 4 149 
0 143 4 
0 144 4 
0 145 4 
0 146 4 
0 147 4 159 
0 148 4 
0 149 142 
0 150 4 
0 151 4 
0 152 4 
0 153 4 177 185 
0 154 4 234 
0 155 3 14 16 17 156 166 
0 156 155 
0 157 4 19 
0 158 4 19 
0 159 147 
0 160 4 
0 161 4 
0 162 111 
0 163 4 
0 164 4 
0 165 4 
0 166 155 
0 167 4 
0 168 4 
0 169 4 
0 170 4 
0 171 4 
0 172 4 
0 173 4 
0 174 4 
0 175 4 
0 176 129 
0 177 153 
0 178 4 
0 179 4 
0 180 4 
0 181 4 
0 182 4 
0 183 4 
0 184 111 
0 185 153 
0 186 4 
0 187 4 
0 188 5 
0 189 5 198 212 
0 190 5 205 222 
0 191 5 
0 192 5 
0 193 5 
0 194 5 213 217 228 
0 195 39 
0 196 5 
0 197 5 199 
0 198 189 
0 199 197 
0 200 5 
0 201 5 
0 202 5 
0 203 5 
0 204 5 
0 205 190 
0 206 46 
0 207 5 
0 208 58 
0 209 5 
0 210 5 
0 211 5 
0 212 189 
0 213 194 
0 214 5 
0 215 5 
0 216 5 
0 217 194 
0 218 5 
0 219 5 
0 220 5 
0 221 58 
0 222 190 
0 223 5 
0 224 5 
0 225 5 
0 226 5 
0 227 5 
0 228 194 
0 229 5 
0 230 5 
0 231 5 
0 232 5 
0 233 26 
0 234 154 
0 235 5 
0 236 5 
0 237 5 
0 238 0 1 3 4 5 
0 239 0 2 4 
0 240 0 1 3 4 5 
0 241 0 1 2 3 
0 242 0 1 2 3 4 5 
0 243 0 1 2 
0 244 0 3 4 5 
0 245 0 1 2 3 4 5 
0 246 0 1 4 
0 247 0 2 3 
0 248 0 1 2 3 5 
0 249 0 1 3 4 5 
0 250 0 2 5 
0 251 0 1 2 3 4 
0 252 0 1 2 3 5 
0 253 0 1 2 3 4 5 
0 254 0 1 2 3 4 5 
0 255 0 1 2 3 4 5 
0 256 0 3 4 
0 257 0 1 2 
0 258 0 2 3 4 5 
0 259 0 1 2 5 
0 260 0 1 3 4 5 
0 261 0 2 4 5 
0 262 0 1 3 4 
0 263 0 2 5 
0 264 0 1 2 3 4 
0 265 0 3 5 
0 266 0 1 2 3 4 5 
0 267 0 1 4 
