0 21600
0 0 1 2 3 4 5 238 239 240 241 242 243 244 245 246 247 248 249 250 251 252 253 254 255 256 257 258 259 260 261 262 263 264 265 266 267 
0 1 0 2 3 4 5 6 7 8 22 23 24 26 27 28 29 30 31 32 33 34 35 36 37 38 39 40 41 42 43 44 45 46 47 48 49 50 52 54 55 56 57 58 59 60 238 240 241 242 243 245 246 248 249 251 252 253 254 255 257 259 260 262 264 266 267 
0 2 0 1 3 4 5 9 10 11 12 13 61 62 63 64 66 67 69 73 74 75 76 77 78 79 82 83 84 85 87 88 89 90 92 93 97 98 101 102 103 105 106 107 239 241 242 243 245 247 248 250 251 252 253 254 255 257 258 259 261 263 264 266 
0 3 0 1 2 4 5 14 15 16 17 18 110 111 112 113 114 115 116 117 118 119 120 121 122 123 124 125 126 127 128 129 130 131 132 134 135 136 137 138 139 141 155 238 240 241 242 244 245 247 248 249 251 252 253 254 255 256 258 260 262 264 265 266 
0 4 0 1 2 3 5 19 20 142 143 144 145 146 147 148 150 151 152 153 154 157 158 160 161 163 164 165 167 168 169 170 171 172 173 174 175 178 179 180 181 182 183 186 187 238 239 240 242 244 245 246 249 251 253 254 255 256 258 260 261 262 264 266 267 
0 5 0 1 2 3 4 21 188 189 190 191 192 193 194 196 197 200 201 202 203 204 207 209 210 211 214 215 216 218 219 220 223 224 225 226 227 229 230 231 232 235 236 237 238 240 242 244 245 248 249 250 252 253 254 255 258 259 260 261 263 265 266 
0 6 1 7 8 22 23 24 26 27 28 29 30 31 32 33 34 35 36 37 38 39 40 41 42 43 44 45 46 47 48 49 50 52 54 55 56 57 58 59 60 
0 7 1 6 8 22 23 24 26 27 28 29 30 31 32 33 34 35 36 37 38 39 40 41 42 43 44 45 46 47 48 49 50 52 54 55 56 57 58 59 60 
0 8 1 6 7 22 23 24 26 27 28 29 30 31 32 33 34 35 36 37 38 39 40 41 42 43 44 45 46 47 48 49 50 52 54 55 56 57 58 59 60 
0 9 2 10 11 12 13 61 62 63 64 66 67 69 73 74 75 76 77 78 79 82 83 84 85 87 88 89 90 92 93 97 98 101 102 103 105 106 107 
0 10 2 9 11 12 13 61 62 63 64 66 67 69 73 74 75 76 77 78 79 82 83 84 85 87 88 89 90 92 93 97 98 101 102 103 105 106 107 
0 11 2 9 10 12 13 61 62 63 64 66 67 69 73 74 75 76 77 78 79 82 83 84 85 87 88 89 90 92 93 97 98 101 102 103 105 106 107 
0 12 2 9 10 11 13 61 62 63 64 66 67 69 73 74 75 76 77 78 79 82 83 84 85 87 88 89 90 92 93 97 98 101 102 103 105 106 107 
0 13 2 9 10 11 12 61 62 63 64 66 67 69 73 74 75 76 77 78 79 82 83 84 85 87 88 89 90 92 93 97 98 101 102 103 105 106 107 
0 14 3 15 16 17 18 110 111 112 113 114 115 116 117 118 119 120 121 122 123 124 125 126 127 128 129 130 131 132 134 135 136 137 138 139 141 155 
0 15 3 14 16 17 18 110 111 112 113 114 115 116 117 118 119 120 121 122 123 124 125 126 127 128 129 130 131 132 134 135 136 137 138 139 141 155 
0 16 3 14 15 17 18 110 111 112 113 114 115 116 117 118 119 120 121 122 123 124 125 126 127 128 129 130 131 132 134 135 136 137 138 139 141 155 
0 17 3 14 15 16 18 110 111 112 113 114 115 116 117 118 119 120 121 122 123 124 125 126 127 128 129 130 131 132 134 135 136 137 138 139 141 155 
0 18 3 14 15 16 17 110 111 112 113 114 115 116 117 118 119 120 121 122 123 124 125 126 127 128 129 130 131 132 134 135 136 137 138 139 141 155 
0 19 4 20 142 143 144 145 146 147 148 150 151 152 153 154 157 158 160 161 163 164 165 167 168 169 170 171 172 173 174 175 178 179 180 181 182 183 186 187 
0 20 4 19 142 143 144 145 146 147 148 150 151 152 153 154 157 158 160 161 163 164 165 167 168 169 170 171 172 173 174 175 178 179 180 181 182 183 186 187 
0 21 5 188 189 190 191 192 193 194 196 197 200 201 202 203 204 207 209 210 211 214 215 216 218 219 220 223 224 225 226 227 229 230 231 232 235 236 237 
0 22 1 6 7 8 56 59 
0 23 1 6 7 8 32 50 
0 24 1 6 7 8 45 56 
0 25 27 34 
0 26 1 6 7 8 45 46 
0 27 1 6 7 8 25 44 
0 28 1 6 7 8 45 52 
0 29 1 6 7 8 48 50 
0 30 1 6 7 8 49 60 
0 31 1 6 7 8 32 42 
0 32 1 6 7 8 23 31 51 
0 33 1 6 7 8 43 48 
0 34 1 6 7 8 25 
0 35 1 6 7 8 41 54 
0 36 1 6 7 8 43 48 
0 37 1 6 7 8 50 233 
0 38 1 6 7 8 
0 39 1 6 7 8 56 60 
0 40 1 6 7 8 46 54 
0 41 1 6 7 8 35 58 
0 42 1 6 7 8 31 57 
0 43 1 6 7 8 33 36 
0 44 1 6 7 8 27 59 
0 45 1 6 7 8 24 26 28 
0 46 1 6 7 8 26 40 
0 47 1 6 7 8 50 57 
0 48 1 6 7 8 29 33 36 
0 49 1 6 7 8 30 60 
0 50 1 6 7 8 23 29 37 47 
0 51 32 
0 52 1 6 7 8 28 53 
0 53 52 
0 54 1 6 7 8 35 40 
0 55 1 6 7 8 57 59 
0 56 1 6 7 8 22 24 39 
0 57 1 6 7 8 42 47 55 
0 58 1 6 7 8 41 208 
0 59 1 6 7 8 22 44 55 
0 60 1 6 7 8 30 39 49 
0 61 2 9 10 11 12 13 77 90 
0 62 2 9 10 11 12 13 94 103 
0 63 2 9 10 11 12 13 98 105 
0 64 2 9 10 11 12 13 73 78 
0 65 66 70 
0 66 2 9 10 11 12 13 65 90 
0 67 2 9 10 11 12 13 101 103 
0 68 81 86 
0 69 2 9 10 11 12 13 78 80 
0 70 65 76 
0 71 72 77 93 
0 72 71 74 
0 73 2 9 10 11 12 13 64 109 
0 74 2 9 10 11 12 13 72 96 
0 75 2 9 10 11 12 13 102 106 
0 76 2 9 10 11 12 13 70 
0 77 2 9 10 11 12 13 61 71 
0 78 2 9 10 11 12 13 64 69 
0 79 2 9 10 11 12 13 90 98 
0 80 69 84 
0 81 68 
0 82 2 9 10 11 12 13 84 87 
0 83 2 9 10 11 12 13 90 98 
0 84 2 9 10 11 12 13 80 82 
0 85 2 9 10 11 12 13 87 88 
0 86 68 96 
0 87 2 9 10 11 12 13 82 85 
0 88 2 9 10 11 12 13 85 105 
0 89 2 9 10 11 12 13 101 105 
0 90 2 9 10 11 12 13 61 66 79 83 94 
0 91 93 
0 92 2 9 10 11 12 13 101 102 
0 93 2 9 10 11 12 13 71 91 
0 94 62 90 
0 95 
0 96 74 86 
0 97 2 9 10 11 12 13 105 107 
0 98 2 9 10 11 12 13 63 79 83 
0 99 109 
0 100 
0 101 2 9 10 11 12 13 67 89 92 
0 102 2 9 10 11 12 13 75 92 
0 103 2 9 10 11 12 13 62 67 
0 104 
0 105 2 9 10 11 12 13 63 88 89 97 
0 106 2 9 10 11 12 13 75 
0 107 2 9 10 11 12 13 97 
0 108 
0 109 73 99 
0 110 3 14 15 16 17 18 112 150 
0 111 3 14 15 16 17 18 120 141 
0 112 3 14 15 16 17 18 110 126 
0 113 3 14 15 16 17 18 120 125 
0 114 3 14 15 16 17 18 118 126 
0 115 3 14 15 16 17 18 122 140 
0 116 3 14 15 16 17 18 117 125 
0 117 3 14 15 16 17 18 116 118 
0 118 3 14 15 16 17 18 114 117 
0 119 3 14 15 16 17 18 121 
0 120 3 14 15 16 17 18 111 113 
0 121 3 14 15 16 17 18 119 138 
0 122 3 14 15 16 17 18 115 141 
0 123 3 14 15 16 17 18 127 132 
0 124 3 14 15 16 17 18 126 138 
0 125 3 14 15 16 17 18 113 116 
0 126 3 14 15 16 17 18 112 114 124 132 
0 127 3 14 15 16 17 18 123 
0 128 3 14 15 16 17 18 
0 129 3 14 15 16 17 18 
0 130 3 14 15 16 17 18 
0 131 3 14 15 16 17 18 
0 132 3 14 15 16 17 18 123 126 
0 133 
0 134 3 14 15 16 17 18 
0 135 3 14 15 16 17 18 
0 136 3 14 15 16 17 18 
0 137 3 14 15 16 17 18 
0 138 3 14 15 16 17 18 121 124 
0 139 3 14 15 16 17 18 
0 140 115 
0 141 3 14 15 16 17 18 111 122 
0 142 4 19 20 
0 143 4 19 20 
0 144 4 19 20 149 
0 145 4 19 20 
0 146 4 19 20 
0 147 4 19 20 
0 148 4 19 20 
0 149 144 174 
0 150 4 19 20 110 
0 151 4 19 20 175 
0 152 4 19 20 183 
0 153 4 19 20 155 
0 154 4 19 20 174 
0 155 3 14 15 16 17 18 153 166 
0 156 
0 157 4 19 20 180 
0 158 4 19 20 175 
0 159 177 181 
0 160 4 19 20 178 
0 161 4 19 20 183 
0 162 
0 163 4 19 20 165 
0 164 4 19 20 176 
0 165 4 19 20 163 
0 166 155 177 
0 167 4 19 20 168 
0 168 4 19 20 167 
0 169 4 19 20 182 
0 170 4 19 20 174 
0 171 4 19 20 172 
0 172 4 19 20 171 186 
0 173 4 19 20 
0 174 4 19 20 149 154 170 
0 175 4 19 20 151 158 
0 176 164 185 
0 177 159 166 
0 178 4 19 20 160 
0 179 4 19 20 187 
0 180 4 19 20 157 
0 181 4 19 20 159 
0 182 4 19 20 169 
0 183 4 19 20 152 161 
0 184 185 
0 185 176 184 
0 186 4 19 20 172 
0 187 4 19 20 179 
0 188 5 21 220 230 
0 189 5 21 221 223 
0 190 5 21 227 232 
0 191 5 21 201 223 
0 192 5 21 218 224 
0 193 5 21 207 231 
0 194 5 21 205 215 
0 195 221 
0 196 5 21 225 230 
0 197 5 21 230 236 
0 198 224 
0 199 213 234 
0 200 5 21 215 237 
0 201 5 21 191 225 
0 202 5 21 231 237 
0 203 5 21 225 231 
0 204 5 21 211 224 
0 205 194 219 
0 206 208 221 
0 207 5 21 193 232 
0 208 58 206 
0 209 5 21 218 219 
0 210 5 21 222 230 
0 211 5 21 204 215 
0 212 216 233 
0 213 199 
0 214 5 21 217 231 
0 215 5 21 194 200 211 
0 216 5 21 212 225 
0 217 214 
0 218 5 21 192 209 
0 219 5 21 205 209 227 
0 220 5 21 188 
0 221 189 195 206 
0 222 210 
0 223 5 21 189 191 
0 224 5 21 192 198 204 
0 225 5 21 196 201 203 216 
0 226 5 21 231 236 
0 227 5 21 190 219 
0 228 
0 229 5 21 230 235 
0 230 5 21 188 196 197 210 229 
0 231 5 21 193 202 203 214 226 
0 232 5 21 190 207 
0 233 37 212 
0 234 199 
0 235 5 21 229 
0 236 5 21 197 226 
0 237 5 21 200 202 
0 238 0 1 3 4 5 
0 239 0 2 4 
0 240 0 1 3 4 5 
0 241 0 1 2 3 
0 242 0 1 2 3 4 5 
0 243 0 1 2 
0 244 0 3 4 5 
0 245 0 1 2 3 4 5 
0 246 0 1 4 
0 247 0 2 3 
0 248 0 1 2 3 5 
0 249 0 1 3 4 5 
0 250 0 2 5 
0 251 0 1 2 3 4 
0 252 0 1 2 3 5 
0 253 0 1 2 3 4 5 
0 254 0 1 2 3 4 5 
0 255 0 1 2 3 4 5 
0 256 0 3 4 
0 257 0 1 2 
0 258 0 2 3 4 5 
0 259 0 1 2 5 
0 260 0 1 3 4 5 
0 261 0 2 4 5 
0 262 0 1 3 4 
0 263 0 2 5 
0 264 0 1 2 3 4 
0 265 0 3 5 
0 266 0 1 2 3 4 5 
0 267 0 1 4 
