0 21600
0 0 1 2 3 4 5 238 239 240 241 242 243 244 245 246 247 248 249 250 251 252 253 254 255 256 257 258 259 260 261 262 263 264 265 266 267 
0 1 0 2 3 4 5 6 7 8 22 23 24 26 27 28 29 30 31 32 33 34 35 36 37 38 39 40 41 42 43 44 45 46 47 48 49 50 52 54 55 56 57 58 59 60 238 240 241 242 243 245 246 248 249 251 252 253 254 255 257 259 260 262 264 266 267 
0 2 0 1 3 4 5 9 10 11 12 13 61 62 63 64 66 67 69 73 74 75 76 77 78 79 82 83 84 85 87 88 89 90 92 93 97 98 101 102 103 105 106 107 239 241 242 243 245 247 248 250 251 252 253 254 255 257 258 259 261 263 264 266 
0 3 0 1 2 4 5 14 15 16 17 18 110 111 112 113 114 115 116 117 118 119 120 121 122 123 124 125 126 127 128 129 130 131 132 134 135 136 137 138 139 141 155 238 240 241 242 244 245 247 248 249 251 252 253 254 255 256 258 260 262 264 265 266 
0 4 0 1 2 3 5 19 20 142 143 144 145 146 147 148 150 151 152 153 154 157 158 160 161 163 164 165 167 168 169 170 171 172 173 174 175 178 179 180 181 182 183 186 187 238 239 240 242 244 245 246 249 251 253 254 255 256 258 260 261 262 264 266 267 
0 5 0 1 2 3 4 21 188 189 190 191 192 193 194 196 197 200 201 202 203 204 207 209 210 211 214 215 216 218 219 220 223 224 225 226 227 229 230 231 232 235 236 237 238 240 242 244 245 248 249 250 252 253 254 255 258 259 260 261 263 265 266 
0 6 1 7 8 22 23 24 26 27 28 29 30 31 32 33 34 35 36 37 38 39 40 41 42 43 44 45 46 47 48 49 50 52 54 55 56 57 58 59 60 
0 7 1 6 8 22 23 24 26 27 28 29 30 31 32 33 34 35 36 37 38 39 40 41 42 43 44 45 46 47 48 49 50 52 54 55 56 57 58 59 60 
0 8 1 6 7 22 23 24 26 27 28 29 30 31 32 33 34 35 36 37 38 39 40 41 42 43 44 45 46 47 48 49 50 52 54 55 56 57 58 59 60 
0 9 2 10 11 12 13 61 62 63 64 66 67 69 73 74 75 76 77 78 79 82 83 84 85 87 88 89 90 92 93 97 98 101 102 103 105 106 107 
0 10 2 9 11 12 13 61 62 63 64 66 67 69 73 74 75 76 77 78 79 82 83 84 85 87 88 89 90 92 93 97 98 101 102 103 105 106 107 
0 11 2 9 10 12 13 61 62 63 64 66 67 69 73 74 75 76 77 78 79 82 83 84 85 87 88 89 90 92 93 97 98 101 102 103 105 106 107 
0 12 2 9 10 11 13 61 62 63 64 66 67 69 73 74 75 76 77 78 79 82 83 84 85 87 88 89 90 92 93 97 98 101 102 103 105 106 107 
0 13 2 9 10 11 12 61 62 63 64 66 67 69 73 74 75 76 77 78 79 82 83 84 85 87 88 89 90 92 93 97 98 101 102 103 105 106 107 
0 14 3 15 16 17 18 110 111 112 113 114 115 116 117 118 119 120 121 122 123 124 125 126 127 128 129 130 131 132 134 135 136 137 138 139 141 155 
0 15 3 14 16 17 18 110 111 112 113 114 115 116 117 118 119 120 121 122 123 124 125 126 127 128 129 130 131 132 134 135 136 137 138 139 141 155 
0 16 3 14 15 17 18 110 111 112 113 114 115 116 117 118 119 120 121 122 123 124 125 126 127 128 129 130 131 132 134 135 136 137 138 139 141 155 
0 17 3 14 15 16 18 110 111 112 113 114 115 116 117 118 119 120 121 122 123 124 125 126 127 128 129 130 131 132 134 135 136 137 138 139 141 155 
0 18 3 14 15 16 17 110 111 112 113 114 115 116 117 118 119 120 121 122 123 124 125 126 127 128 129 130 131 132 134 135 136 137 138 139 141 155 
0 19 4 20 142 143 144 145 146 147 148 150 151 152 153 154 157 158 160 161 163 164 165 167 168 169 170 171 172 173 174 175 178 179 180 181 182 183 186 187 
0 20 4 19 142 143 144 145 146 147 148 150 151 152 153 154 157 158 160 161 163 164 165 167 168 169 170 171 172 173 174 175 178 179 180 181 182 183 186 187 
0 21 5 188 189 190 191 192 193 194 196 197 200 201 202 203 204 207 209 210 211 214 215 216 218 219 220 223 224 225 226 227 229 230 231 232 235 236 237 
0 22 1 6 7 8 29 35 56 59 
0 23 1 6 7 8 32 37 50 
0 24 1 6 7 8 45 56 
0 25 27 34 
0 26 1 6 7 8 33 37 45 46 48 55 
0 27 1 6 7 8 25 36 44 
0 28 1 6 7 8 45 46 52 56 57 
0 29 1 6 7 8 22 32 48 50 
0 30 1 6 7 8 49 60 
0 31 1 6 7 8 32 42 
0 32 1 6 7 8 23 29 31 36 47 49 51 55 
0 33 1 6 7 8 26 42 43 48 
0 34 1 6 7 8 25 
0 35 1 6 7 8 22 36 41 54 
0 36 1 6 7 8 27 32 35 43 48 
0 37 1 6 7 8 23 26 40 42 50 233 
0 38 1 6 7 8 
0 39 1 6 7 8 46 56 58 60 
0 40 1 6 7 8 37 46 54 
0 41 1 6 7 8 35 58 
0 42 1 6 7 8 31 33 37 43 48 57 
0 43 1 6 7 8 33 36 42 44 54 
0 44 1 6 7 8 27 43 59 
0 45 1 6 7 8 24 26 28 58 60 
0 46 1 6 7 8 26 28 39 40 55 58 233 
0 47 1 6 7 8 32 50 57 
0 48 1 6 7 8 26 29 33 36 42 55 56 58 
0 49 1 6 7 8 30 32 52 60 
0 50 1 6 7 8 23 29 37 47 59 
0 51 32 
0 52 1 6 7 8 28 49 53 54 55 
0 53 52 
0 54 1 6 7 8 35 40 43 52 
0 55 1 6 7 8 26 32 46 48 52 57 59 
0 56 1 6 7 8 22 24 28 39 48 59 
0 57 1 6 7 8 28 42 47 55 58 
0 58 1 6 7 8 39 41 45 46 48 57 208 
0 59 1 6 7 8 22 44 50 55 56 
0 60 1 6 7 8 30 39 45 49 
0 61 2 9 10 11 12 13 77 90 94 
0 62 2 9 10 11 12 13 94 103 
0 63 2 9 10 11 12 13 75 98 105 
0 64 2 9 10 11 12 13 73 78 
0 65 66 70 74 97 
0 66 2 9 10 11 12 13 65 90 
0 67 2 9 10 11 12 13 73 101 103 
0 68 81 86 
0 69 2 9 10 11 12 13 78 80 
0 70 65 76 82 98 101 
0 71 72 77 93 98 
0 72 71 74 96 
0 73 2 9 10 11 12 13 64 67 74 109 
0 74 2 9 10 11 12 13 65 72 73 83 90 96 102 
0 75 2 9 10 11 12 13 63 87 102 106 
0 76 2 9 10 11 12 13 70 
0 77 2 9 10 11 12 13 61 71 78 
0 78 2 9 10 11 12 13 64 69 77 85 93 102 
0 79 2 9 10 11 12 13 90 98 
0 80 69 84 103 
0 81 68 
0 82 2 9 10 11 12 13 70 84 87 88 
0 83 2 9 10 11 12 13 74 84 90 93 98 
0 84 2 9 10 11 12 13 80 82 83 
0 85 2 9 10 11 12 13 78 87 88 94 101 
0 86 68 96 
0 87 2 9 10 11 12 13 75 82 85 
0 88 2 9 10 11 12 13 82 85 105 
0 89 2 9 10 11 12 13 101 105 
0 90 2 9 10 11 12 13 61 66 74 79 83 92 94 98 
0 91 93 
0 92 2 9 10 11 12 13 90 101 102 
0 93 2 9 10 11 12 13 71 78 83 91 97 98 102 
0 94 61 62 85 90 
0 95 
0 96 72 74 86 103 
0 97 2 9 10 11 12 13 65 93 102 105 107 
0 98 2 9 10 11 12 13 63 70 71 79 83 90 93 
0 99 109 
0 100 
0 101 2 9 10 11 12 13 67 70 85 89 92 102 
0 102 2 9 10 11 12 13 74 75 78 92 93 97 101 106 
0 103 2 9 10 11 12 13 62 67 80 96 
0 104 
0 105 2 9 10 11 12 13 63 88 89 97 
0 106 2 9 10 11 12 13 75 102 
0 107 2 9 10 11 12 13 97 
0 108 
0 109 73 99 
0 110 3 14 15 16 17 18 112 113 114 130 150 153 
0 111 3 14 15 16 17 18 116 120 128 141 
0 112 3 14 15 16 17 18 110 124 126 137 
0 113 3 14 15 16 17 18 110 120 125 128 134 155 
0 114 3 14 15 16 17 18 110 118 125 126 131 132 155 
0 115 3 14 15 16 17 18 116 122 140 
0 116 3 14 15 16 17 18 111 115 117 125 132 
0 117 3 14 15 16 17 18 116 118 
0 118 3 14 15 16 17 18 114 117 129 
0 119 3 14 15 16 17 18 121 134 136 
0 120 3 14 15 16 17 18 111 113 
0 121 3 14 15 16 17 18 119 123 127 138 
0 122 3 14 15 16 17 18 115 137 141 
0 123 3 14 15 16 17 18 121 127 132 136 139 
0 124 3 14 15 16 17 18 112 126 130 138 
0 125 3 14 15 16 17 18 113 114 116 127 
0 126 3 14 15 16 17 18 112 114 124 131 132 155 
0 127 3 14 15 16 17 18 121 123 125 129 
0 128 3 14 15 16 17 18 111 113 131 
0 129 3 14 15 16 17 18 118 127 135 
0 130 3 14 15 16 17 18 110 124 139 
0 131 3 14 15 16 17 18 114 126 128 
0 132 3 14 15 16 17 18 114 116 123 126 
0 133 
0 134 3 14 15 16 17 18 113 119 135 
0 135 3 14 15 16 17 18 129 134 
0 136 3 14 15 16 17 18 119 123 139 
0 137 3 14 15 16 17 18 112 122 141 
0 138 3 14 15 16 17 18 121 124 
0 139 3 14 15 16 17 18 123 130 136 
0 140 115 
0 141 3 14 15 16 17 18 111 122 137 163 172 
0 142 4 19 20 163 171 173 175 186 187 
0 143 4 19 20 146 171 176 179 183 
0 144 4 19 20 149 154 158 163 171 179 
0 145 4 19 20 163 167 
0 146 4 19 20 143 160 161 163 168 181 
0 147 4 19 20 157 161 167 169 183 
0 148 4 19 20 182 187 
0 149 144 174 
0 150 4 19 20 110 163 168 174 
0 151 4 19 20 171 175 
0 152 4 19 20 163 165 167 170 171 183 
0 153 4 19 20 110 155 161 165 
0 154 4 19 20 144 174 
0 155 3 14 15 16 17 18 113 114 126 153 166 
0 156 
0 157 4 19 20 147 169 178 180 
0 158 4 19 20 144 169 175 
0 159 177 181 
0 160 4 19 20 146 171 175 178 
0 161 4 19 20 146 147 153 183 
0 162 
0 163 4 19 20 141 142 144 145 146 150 152 165 166 
0 164 4 19 20 171 176 
0 165 4 19 20 152 153 163 169 
0 166 155 163 177 181 
0 167 4 19 20 145 147 152 168 172 180 
0 168 4 19 20 146 150 167 
0 169 4 19 20 147 157 158 165 170 182 
0 170 4 19 20 152 169 174 180 
0 171 4 19 20 142 143 144 151 152 160 164 172 
0 172 4 19 20 141 167 171 186 
0 173 4 19 20 142 
0 174 4 19 20 149 150 154 170 175 178 
0 175 4 19 20 142 151 158 160 174 182 
0 176 143 164 185 187 
0 177 159 166 181 
0 178 4 19 20 157 160 174 
0 179 4 19 20 143 144 182 187 
0 180 4 19 20 157 167 170 
0 181 4 19 20 146 159 166 177 183 
0 182 4 19 20 148 169 175 179 
0 183 4 19 20 143 147 152 161 181 
0 184 185 
0 185 176 184 
0 186 4 19 20 142 172 
0 187 4 19 20 142 148 176 179 
0 188 5 21 216 218 219 220 225 230 
0 189 5 21 208 219 221 223 
0 190 5 21 201 227 232 
0 191 5 21 201 223 
0 192 5 21 218 224 
0 193 5 21 202 207 230 231 
0 194 5 21 205 215 
0 195 221 
0 196 5 21 223 225 230 
0 197 5 21 199 207 210 216 224 230 236 
0 198 224 
0 199 197 213 230 234 
0 200 5 21 204 215 237 
0 201 5 21 190 191 225 
0 202 5 21 193 224 225 230 231 237 
0 203 5 21 205 225 231 
0 204 5 21 200 211 224 
0 205 194 203 207 219 
0 206 208 221 
0 207 5 21 193 197 205 231 232 237 
0 208 58 189 206 212 229 
0 209 5 21 218 219 
0 210 5 21 197 215 222 230 
0 211 5 21 204 215 
0 212 208 216 221 229 233 
0 213 199 
0 214 5 21 217 229 231 
0 215 5 21 194 200 210 211 219 
0 216 5 21 188 197 212 225 
0 217 214 
0 218 5 21 188 192 209 229 
0 219 5 21 188 189 205 209 215 225 227 230 
0 220 5 21 188 
0 221 189 195 206 212 
0 222 210 
0 223 5 21 189 191 196 225 
0 224 5 21 192 197 198 202 204 226 230 
0 225 5 21 188 196 201 202 203 216 219 223 
0 226 5 21 224 231 236 
0 227 5 21 190 219 
0 228 
0 229 5 21 208 212 214 218 230 235 
0 230 5 21 188 193 196 197 199 202 210 219 224 229 
0 231 5 21 193 202 203 207 214 226 236 
0 232 5 21 190 207 
0 233 37 46 212 
0 234 199 
0 235 5 21 229 
0 236 5 21 197 226 231 
0 237 5 21 200 202 207 
0 238 0 1 3 4 5 
0 239 0 2 4 
0 240 0 1 3 4 5 
0 241 0 1 2 3 
0 242 0 1 2 3 4 5 
0 243 0 1 2 
0 244 0 3 4 5 
0 245 0 1 2 3 4 5 
0 246 0 1 4 
0 247 0 2 3 
0 248 0 1 2 3 5 
0 249 0 1 3 4 5 
0 250 0 2 5 
0 251 0 1 2 3 4 
0 252 0 1 2 3 5 
0 253 0 1 2 3 4 5 
0 254 0 1 2 3 4 5 
0 255 0 1 2 3 4 5 
0 256 0 3 4 
0 257 0 1 2 
0 258 0 2 3 4 5 
0 259 0 1 2 5 
0 260 0 1 3 4 5 
0 261 0 2 4 5 
0 262 0 1 3 4 
0 263 0 2 5 
0 264 0 1 2 3 4 
0 265 0 3 5 
0 266 0 1 2 3 4 5 
0 267 0 1 4 
