0 21600
0 0 213 214 215 216 217 218 219 220 221 222 223 224 225 226 227 228 229 230 231 232 
0 1 6 7 8 9 19 20 21 22 23 24 25 27 28 29 31 32 33 34 36 37 38 39 41 43 44 45 47 48 49 50 51 214 215 216 217 218 219 220 221 223 224 225 226 229 231 232 
0 2 10 11 52 53 54 55 56 57 58 59 60 61 62 63 64 65 66 67 68 69 71 72 74 76 77 78 79 80 81 82 213 215 217 218 219 221 222 224 225 227 228 230 232 
0 3 12 13 14 83 84 85 86 87 88 89 90 91 92 93 94 95 96 97 98 99 100 101 102 103 105 106 107 108 109 110 112 113 114 115 116 117 118 119 120 122 123 124 213 214 216 217 219 220 221 223 224 227 228 229 230 232 
0 4 15 16 125 126 127 128 129 132 133 134 135 136 137 138 140 141 142 143 144 145 146 147 149 150 151 152 153 154 156 157 158 159 161 162 214 215 217 218 219 220 221 222 224 225 228 229 230 231 232 
0 5 17 18 164 165 166 167 168 169 170 171 172 173 174 175 176 177 178 179 181 182 183 184 185 187 188 189 190 191 192 193 194 195 196 198 199 200 201 202 203 204 205 206 207 208 210 211 212 213 215 216 217 218 220 221 222 223 225 226 228 229 230 232 
0 6 1 7 8 9 19 20 21 22 23 24 25 27 28 29 31 32 33 34 36 37 38 39 41 43 44 45 47 48 49 50 51 
0 7 1 6 8 9 19 20 21 22 23 24 25 27 28 29 31 32 33 34 36 37 38 39 41 43 44 45 47 48 49 50 51 
0 8 1 6 7 9 19 20 21 22 23 24 25 27 28 29 31 32 33 34 36 37 38 39 41 43 44 45 47 48 49 50 51 
0 9 1 6 7 8 19 20 21 22 23 24 25 27 28 29 31 32 33 34 36 37 38 39 41 43 44 45 47 48 49 50 51 
0 10 2 11 52 53 54 55 56 57 58 59 60 61 62 63 64 65 66 67 68 69 71 72 74 76 77 78 79 80 81 82 
0 11 2 10 52 53 54 55 56 57 58 59 60 61 62 63 64 65 66 67 68 69 71 72 74 76 77 78 79 80 81 82 
0 12 3 13 14 83 84 85 86 87 88 89 90 91 92 93 94 95 96 97 98 99 100 101 102 103 105 106 107 108 109 110 112 113 114 115 116 117 118 119 120 122 123 124 
0 13 3 12 14 83 84 85 86 87 88 89 90 91 92 93 94 95 96 97 98 99 100 101 102 103 105 106 107 108 109 110 112 113 114 115 116 117 118 119 120 122 123 124 
0 14 3 12 13 83 84 85 86 87 88 89 90 91 92 93 94 95 96 97 98 99 100 101 102 103 105 106 107 108 109 110 112 113 114 115 116 117 118 119 120 122 123 124 
0 15 4 16 125 126 127 128 129 132 133 134 135 136 137 138 140 141 142 143 144 145 146 147 149 150 151 152 153 154 156 157 158 159 161 162 
0 16 4 15 125 126 127 128 129 132 133 134 135 136 137 138 140 141 142 143 144 145 146 147 149 150 151 152 153 154 156 157 158 159 161 162 
0 17 5 18 164 165 166 167 168 169 170 171 172 173 174 175 176 177 178 179 181 182 183 184 185 187 188 189 190 191 192 193 194 195 196 198 199 200 201 202 203 204 205 206 207 208 210 211 212 
0 18 5 17 164 165 166 167 168 169 170 171 172 173 174 175 176 177 178 179 181 182 183 184 185 187 188 189 190 191 192 193 194 195 196 198 199 200 201 202 203 204 205 206 207 208 210 211 212 
0 19 1 6 7 8 9 20 21 22 23 24 25 27 28 29 31 32 33 34 36 38 39 40 41 43 45 47 49 50 51 
0 20 1 6 7 8 9 19 21 22 24 25 27 28 29 31 32 33 34 36 37 38 39 40 41 43 44 45 47 48 50 51 
0 21 1 6 7 8 9 19 20 22 24 25 27 28 29 31 32 33 34 36 37 38 39 40 41 43 44 45 47 48 50 51 
0 22 1 6 7 8 9 19 20 21 23 24 25 27 28 29 31 32 33 34 36 38 39 41 43 45 47 49 50 51 
0 23 1 6 7 8 9 19 22 24 25 27 28 29 31 32 34 36 39 41 45 47 49 50 51 
0 24 1 6 7 8 9 19 20 21 22 23 25 27 28 29 30 31 32 33 34 36 38 39 41 43 44 45 47 48 49 50 51 
0 25 1 6 7 8 9 19 20 21 22 23 24 27 28 29 30 31 32 33 34 36 37 38 39 41 43 44 45 47 48 49 50 51 
0 26 
0 27 1 6 7 8 9 19 20 21 22 23 24 25 28 29 31 32 33 34 36 38 39 40 41 43 45 47 49 50 51 
0 28 1 6 7 8 9 19 20 21 22 23 24 25 27 29 31 32 33 34 36 37 38 39 40 41 43 44 45 47 48 49 50 51 
0 29 1 6 7 8 9 19 20 21 22 23 24 25 27 28 31 32 33 34 36 37 38 39 40 41 43 44 45 47 48 49 50 51 
0 30 24 25 33 34 36 39 41 42 44 45 46 47 48 51 
0 31 1 6 7 8 9 19 20 21 22 23 24 25 27 28 29 32 33 34 36 37 38 39 41 43 44 45 47 48 49 50 51 
0 32 1 6 7 8 9 19 20 21 22 23 24 25 27 28 29 31 33 34 36 37 38 39 41 43 44 45 47 48 49 50 51 
0 33 1 6 7 8 9 19 20 21 22 24 25 27 28 29 30 31 32 34 36 37 38 39 40 41 43 44 45 47 48 49 50 51 
0 34 1 6 7 8 9 19 20 21 22 23 24 25 27 28 29 30 31 32 33 36 37 38 39 41 43 44 45 47 48 49 50 51 
0 35 46 48 
0 36 1 6 7 8 9 19 20 21 22 23 24 25 27 28 29 30 31 32 33 34 37 38 39 41 43 44 45 47 48 49 50 51 
0 37 1 6 7 8 9 20 21 25 28 29 31 32 33 34 36 38 39 41 43 44 45 47 48 50 51 
0 38 1 6 7 8 9 19 20 21 22 24 25 27 28 29 31 32 33 34 36 37 39 40 41 43 45 47 50 51 
0 39 1 6 7 8 9 19 20 21 22 23 24 25 27 28 29 30 31 32 33 34 36 37 38 41 43 44 45 47 48 49 50 51 
0 40 19 20 21 27 28 29 33 38 43 
0 41 1 6 7 8 9 19 20 21 22 23 24 25 27 28 29 30 31 32 33 34 36 37 38 39 43 44 45 47 48 49 50 51 
0 42 30 44 46 
0 43 1 6 7 8 9 19 20 21 22 24 25 27 28 29 31 32 33 34 36 37 38 39 40 41 45 47 48 50 51 
0 44 1 6 7 8 9 20 21 24 25 28 29 30 31 32 33 34 36 37 39 41 42 45 46 47 48 50 51 
0 45 1 6 7 8 9 19 20 21 22 23 24 25 27 28 29 30 31 32 33 34 36 37 38 39 41 43 44 47 48 49 50 51 
0 46 30 35 42 44 48 
0 47 1 6 7 8 9 19 20 21 22 23 24 25 27 28 29 30 31 32 33 34 36 37 38 39 41 43 44 45 48 49 50 51 
0 48 1 6 7 8 9 20 21 24 25 28 29 30 31 32 33 34 35 36 37 39 41 43 44 45 46 47 50 51 
0 49 1 6 7 8 9 19 22 23 24 25 27 28 29 31 32 33 34 36 39 41 45 47 50 51 
0 50 1 6 7 8 9 19 20 21 22 23 24 25 27 28 29 31 32 33 34 36 37 38 39 41 43 44 45 47 48 49 51 
0 51 1 6 7 8 9 19 20 21 22 23 24 25 27 28 29 30 31 32 33 34 36 37 38 39 41 43 44 45 47 48 49 50 
0 52 2 10 11 53 55 56 57 58 59 60 61 63 64 65 66 67 68 69 71 72 74 76 78 79 80 81 82 
0 53 2 10 11 52 54 57 58 59 62 63 64 65 66 67 68 69 72 74 76 77 78 79 80 82 
0 54 2 10 11 53 57 58 59 62 63 64 67 69 72 77 78 80 82 
0 55 2 10 11 52 56 57 58 59 61 62 63 64 67 68 69 71 72 74 76 77 78 79 80 
0 56 2 10 11 52 55 57 59 61 64 68 69 71 74 76 78 79 
0 57 2 10 11 52 53 54 55 56 58 59 62 63 64 67 68 69 71 72 74 76 77 78 79 80 82 
0 58 2 10 11 52 53 54 55 57 59 60 62 63 64 65 66 67 68 69 72 74 76 77 78 79 80 81 82 
0 59 2 10 11 52 53 54 55 56 57 58 62 63 64 65 67 68 69 71 72 74 76 77 78 79 80 81 82 
0 60 2 10 11 52 58 61 64 65 66 67 68 70 72 73 74 76 81 82 
0 61 2 10 11 52 55 56 60 64 68 71 73 74 75 76 79 81 
0 62 2 10 11 53 54 55 57 58 59 63 64 67 68 69 71 72 74 77 78 79 80 82 
0 63 2 10 11 52 53 54 55 57 58 59 62 64 67 68 69 71 72 74 76 77 78 79 80 82 
0 64 2 10 11 52 53 54 55 56 57 58 59 60 61 62 63 65 66 67 68 69 71 72 74 76 77 78 79 80 81 82 
0 65 2 10 11 52 53 58 59 60 64 66 67 68 69 70 72 74 76 79 80 81 82 
0 66 2 10 11 52 53 58 60 64 65 67 68 70 72 74 76 81 82 
0 67 2 10 11 52 53 54 55 57 58 59 60 62 63 64 65 66 68 69 71 72 74 76 77 78 79 80 81 82 
0 68 2 10 11 52 53 55 56 57 58 59 60 61 62 63 64 65 66 67 69 71 72 74 75 76 77 78 79 80 81 82 
0 69 2 10 11 52 53 54 55 56 57 58 59 62 63 64 65 67 68 71 72 74 76 77 78 79 80 81 82 
0 70 60 65 66 73 81 
0 71 2 10 11 52 55 56 57 59 61 62 63 64 67 68 69 72 74 75 76 77 78 79 80 
0 72 2 10 11 52 53 54 55 57 58 59 60 62 63 64 65 66 67 68 69 71 74 76 77 78 79 80 81 82 
0 73 60 61 70 75 81 
0 74 2 10 11 52 53 55 56 57 58 59 60 61 62 63 64 65 66 67 68 69 71 72 76 78 79 80 81 82 
0 75 61 68 71 73 81 
0 76 2 10 11 52 53 55 56 57 58 59 60 61 63 64 65 66 67 68 69 71 72 74 78 79 80 81 82 
0 77 2 10 11 53 54 55 57 58 59 62 63 64 67 68 69 71 72 78 79 80 82 
0 78 2 10 11 52 53 54 55 56 57 58 59 62 63 64 67 68 69 71 72 74 76 77 79 80 82 
0 79 2 10 11 52 53 55 56 57 58 59 61 62 63 64 65 67 68 69 71 72 74 76 77 78 80 81 82 
0 80 2 10 11 52 53 54 55 57 58 59 62 63 64 65 67 68 69 71 72 74 76 77 78 79 82 
0 81 2 10 11 52 58 59 60 61 64 65 66 67 68 69 70 72 73 74 75 76 79 82 
0 82 2 10 11 52 53 54 57 58 59 60 62 63 64 65 66 67 68 69 72 74 76 77 78 79 80 81 
0 83 3 12 13 14 85 86 87 88 89 90 91 92 94 95 96 97 99 102 103 106 107 113 114 115 116 118 120 121 122 124 
0 84 3 12 13 14 85 86 87 88 89 90 91 92 93 94 95 96 97 98 99 100 101 102 103 105 106 107 108 109 110 112 113 114 115 116 117 118 119 120 122 123 124 
0 85 3 12 13 14 83 84 86 87 88 89 90 91 92 93 94 95 96 97 99 100 101 102 103 105 106 107 108 109 110 112 113 114 115 116 118 119 120 121 122 123 124 
0 86 3 12 13 14 83 84 85 87 88 89 90 91 92 94 95 96 97 99 100 102 103 104 105 106 107 108 109 110 111 112 113 114 115 116 118 119 120 121 122 123 124 
0 87 3 12 13 14 83 84 85 86 88 89 90 91 92 93 94 95 96 97 98 99 100 101 102 103 104 105 106 107 108 109 110 111 112 113 114 115 116 117 118 119 120 121 122 123 124 
0 88 3 12 13 14 83 84 85 86 87 89 90 91 92 93 94 95 96 97 99 100 101 102 103 105 106 107 108 109 110 112 113 114 115 116 118 119 120 121 122 123 124 
0 89 3 12 13 14 83 84 85 86 87 88 90 91 92 94 95 96 97 99 100 102 103 105 106 107 108 109 110 111 112 113 114 115 116 120 121 122 124 
0 90 3 12 13 14 83 84 85 86 87 88 89 91 92 93 94 95 96 97 99 100 101 102 103 105 106 107 108 109 110 112 113 114 115 116 118 120 121 122 123 124 
0 91 3 12 13 14 83 84 85 86 87 88 89 90 92 93 94 95 96 97 98 99 100 101 102 103 104 105 106 107 108 109 110 111 112 113 114 115 116 117 119 120 122 123 124 
0 92 3 12 13 14 83 84 85 86 87 88 89 90 91 93 94 95 96 97 98 99 100 102 103 105 106 107 108 109 110 111 112 113 114 115 116 117 118 119 120 121 122 123 124 
0 93 3 12 13 14 84 85 87 88 90 91 92 94 95 96 97 99 101 102 105 106 107 108 110 113 115 116 117 118 122 123 124 
0 94 3 12 13 14 83 84 85 86 87 88 89 90 91 92 93 95 96 97 99 100 101 102 103 105 106 107 108 109 110 112 113 114 115 116 117 118 119 120 122 123 124 
0 95 3 12 13 14 83 84 85 86 87 88 89 90 91 92 93 94 96 97 99 101 102 103 105 106 107 108 109 110 112 113 114 115 116 118 120 121 122 123 124 
0 96 3 12 13 14 83 84 85 86 87 88 89 90 91 92 93 94 95 97 99 100 101 102 103 105 106 107 108 109 110 112 113 114 115 116 118 120 121 122 123 124 
0 97 3 12 13 14 83 84 85 86 87 88 89 90 91 92 93 94 95 96 98 99 100 101 102 103 104 105 106 107 108 109 110 111 112 113 114 115 116 117 118 119 120 122 123 124 
0 98 3 12 13 14 84 87 91 92 97 100 104 105 107 108 109 110 112 113 116 117 119 124 
0 99 3 12 13 14 83 84 85 86 87 88 89 90 91 92 93 94 95 96 97 101 102 103 105 106 107 108 109 110 112 113 114 115 116 117 118 120 121 122 123 124 
0 100 3 12 13 14 84 85 86 87 88 89 90 91 92 94 96 97 98 102 104 105 106 107 108 109 110 111 112 113 114 115 116 119 120 124 
0 101 3 12 13 14 84 85 87 88 90 91 93 94 95 96 97 99 102 105 106 107 108 110 113 115 116 117 118 122 123 124 
0 102 3 12 13 14 83 84 85 86 87 88 89 90 91 92 93 94 95 96 97 99 100 101 103 105 106 107 108 109 110 112 113 114 115 116 118 120 121 122 123 124 
0 103 3 12 13 14 83 84 85 86 87 88 89 90 91 92 94 95 96 97 99 102 105 106 107 108 109 112 113 114 115 116 118 120 121 122 124 
0 104 86 87 91 97 98 100 107 108 109 110 111 112 114 117 119 
0 105 3 12 13 14 84 85 86 87 88 89 90 91 92 93 94 95 96 97 98 99 100 101 102 103 106 107 108 109 110 112 113 114 115 116 117 118 119 120 122 123 124 
0 106 3 12 13 14 83 84 85 86 87 88 89 90 91 92 93 94 95 96 97 99 100 101 102 103 105 107 108 109 110 112 113 114 115 116 118 119 120 121 122 123 124 
0 107 3 12 13 14 83 84 85 86 87 88 89 90 91 92 93 94 95 96 97 98 99 100 101 102 103 104 105 106 108 109 110 112 113 114 115 116 117 118 119 120 122 123 124 
0 108 3 12 13 14 84 85 86 87 88 89 90 91 92 93 94 95 96 97 98 99 100 101 102 103 104 105 106 107 109 110 112 113 114 115 116 117 118 119 120 122 123 124 
0 109 3 12 13 14 84 85 86 87 88 89 90 91 92 94 95 96 97 98 99 100 102 103 104 105 106 107 108 110 111 112 113 114 115 116 119 120 122 124 
0 110 3 12 13 14 84 85 86 87 88 89 90 91 92 93 94 95 96 97 98 99 100 101 102 104 105 106 107 108 109 112 113 114 115 116 117 119 120 122 123 124 
0 111 86 87 89 91 92 97 100 104 109 112 114 119 120 
0 112 3 12 13 14 84 85 86 87 88 89 90 91 92 94 95 96 97 98 99 100 102 103 104 105 106 107 108 109 110 111 113 114 115 116 119 120 122 124 
0 113 3 12 13 14 83 84 85 86 87 88 89 90 91 92 93 94 95 96 97 98 99 100 101 102 103 105 106 107 108 109 110 112 114 115 116 117 118 119 120 122 123 124 
0 114 3 12 13 14 83 84 85 86 87 88 89 90 91 92 94 95 96 97 99 100 102 103 104 105 106 107 108 109 110 111 112 113 115 116 119 120 122 124 
0 115 3 12 13 14 83 84 85 86 87 88 89 90 91 92 93 94 95 96 97 99 100 101 102 103 105 106 107 108 109 110 112 113 114 116 117 118 119 120 122 123 124 
0 116 3 12 13 14 83 84 85 86 87 88 89 90 91 92 93 94 95 96 97 98 99 100 101 102 103 105 106 107 108 109 110 112 113 114 115 117 118 119 120 121 122 123 124 
0 117 3 12 13 14 84 87 91 92 93 94 97 98 99 101 104 105 107 108 110 113 115 116 119 123 124 
0 118 3 12 13 14 83 84 85 86 87 88 90 92 93 94 95 96 97 99 101 102 103 105 106 107 108 113 115 116 120 121 122 123 124 
0 119 3 12 13 14 84 85 86 87 88 91 92 94 97 98 100 104 105 106 107 108 109 110 111 112 113 114 115 116 117 120 124 
0 120 3 12 13 14 83 84 85 86 87 88 89 90 91 92 94 95 96 97 99 100 102 103 105 106 107 108 109 110 111 112 113 114 115 116 118 119 121 122 123 124 
0 121 83 85 86 87 88 89 90 92 95 96 99 102 103 106 116 118 120 122 
0 122 3 12 13 14 83 84 85 86 87 88 89 90 91 92 93 94 95 96 97 99 101 102 103 105 106 107 108 109 110 112 113 114 115 116 118 120 121 123 124 
0 123 3 12 13 14 84 85 86 87 88 90 91 92 93 94 95 96 97 99 101 102 105 106 107 108 110 113 115 116 117 118 120 122 124 
0 124 3 12 13 14 83 84 85 86 87 88 89 90 91 92 93 94 95 96 97 98 99 100 101 102 103 105 106 107 108 109 110 112 113 114 115 116 117 118 119 120 122 123 
0 125 4 15 16 126 127 128 129 132 133 134 135 136 137 138 140 141 142 143 144 145 146 147 149 150 151 152 153 154 156 157 158 159 161 162 
0 126 4 15 16 125 129 131 133 134 135 136 137 138 140 143 144 145 146 147 150 152 153 154 155 157 159 160 
0 127 4 15 16 125 128 129 132 133 134 135 137 138 140 141 142 144 145 147 148 149 150 151 152 154 156 157 158 159 161 162 
0 128 4 15 16 125 127 132 133 135 137 138 140 141 142 144 149 150 151 152 154 156 157 158 161 162 
0 129 4 15 16 125 126 127 132 133 134 135 137 138 140 141 143 144 145 146 147 148 149 150 151 152 154 155 157 158 159 161 162 
0 130 131 136 138 139 140 143 145 153 154 157 160 
0 131 126 130 136 143 153 160 
0 132 4 15 16 125 127 128 129 133 134 135 140 141 142 144 148 149 150 151 152 158 159 161 162 
0 133 4 15 16 125 126 127 128 129 132 134 135 136 137 138 140 141 142 143 144 145 146 147 149 150 151 152 153 154 156 157 158 159 161 162 
0 134 4 15 16 125 126 127 129 132 133 135 136 137 138 140 141 143 144 145 146 147 149 150 151 152 153 154 155 156 157 158 159 161 162 
0 135 4 15 16 125 126 127 128 129 132 133 134 137 138 140 141 142 144 145 147 149 150 151 152 153 154 156 157 158 159 161 162 
0 136 4 15 16 125 126 130 131 133 134 137 138 140 143 144 145 147 150 152 153 154 157 160 
0 137 4 15 16 125 126 127 128 129 133 134 135 136 138 140 141 142 144 145 147 149 150 151 152 153 154 156 157 158 159 161 162 
0 138 4 15 16 125 126 127 128 129 130 133 134 135 136 137 140 143 144 145 147 150 151 152 153 154 156 157 158 161 162 
0 139 130 153 154 
0 140 4 15 16 125 126 127 128 129 130 132 133 134 135 136 137 138 141 142 143 144 145 147 148 149 150 151 152 153 154 156 157 158 159 161 162 
0 141 4 15 16 125 127 128 129 132 133 134 135 137 140 142 144 148 149 150 151 152 156 158 159 161 162 
0 142 4 15 16 125 127 128 132 133 135 137 140 141 149 150 151 152 156 157 158 161 162 
0 143 4 15 16 125 126 129 130 131 133 134 136 138 140 144 145 146 147 150 152 153 154 155 157 160 
0 144 4 15 16 125 126 127 128 129 132 133 134 135 136 137 138 140 141 143 145 146 147 149 150 151 152 153 154 155 156 157 158 159 161 162 
0 145 4 15 16 125 126 127 129 130 133 134 135 136 137 138 140 143 144 147 150 151 152 153 154 156 157 158 160 161 162 
0 146 4 15 16 125 126 129 133 134 143 144 147 150 152 155 159 
0 147 4 15 16 125 126 127 129 133 134 135 136 137 138 140 143 144 145 146 149 150 151 152 153 154 155 157 158 159 161 162 
0 148 127 129 132 140 141 149 150 151 159 162 
0 149 4 15 16 125 127 128 129 132 133 134 135 137 140 141 142 144 147 148 150 151 152 156 157 158 159 161 162 
0 150 4 15 16 125 126 127 128 129 132 133 134 135 136 137 138 140 141 142 143 144 145 146 147 148 149 151 152 153 154 155 156 157 158 159 161 162 
0 151 4 15 16 125 127 128 129 132 133 134 135 137 138 140 141 142 144 145 147 148 149 150 152 154 156 157 158 159 161 162 
0 152 4 15 16 125 126 127 128 129 132 133 134 135 136 137 138 140 141 142 143 144 145 146 147 149 150 151 153 154 155 156 157 158 159 161 162 
0 153 4 15 16 125 126 130 131 133 134 135 136 137 138 139 140 143 144 145 147 150 152 154 157 160 161 
0 154 4 15 16 125 126 127 128 129 130 133 134 135 136 137 138 139 140 143 144 145 147 150 151 152 153 156 157 158 161 162 
0 155 126 129 134 143 144 146 147 150 152 159 
0 156 4 15 16 125 127 128 133 134 135 137 138 140 141 142 144 145 149 150 151 152 154 157 158 161 162 
0 157 4 15 16 125 126 127 128 129 130 133 134 135 136 137 138 140 142 143 144 145 147 149 150 151 152 153 154 156 158 161 162 
0 158 4 15 16 125 127 128 129 132 133 134 135 137 138 140 141 142 144 145 147 149 150 151 152 154 156 157 159 161 162 
0 159 4 15 16 125 126 127 129 132 133 134 135 137 140 141 144 146 147 148 149 150 151 152 155 158 162 
0 160 126 130 131 136 143 145 153 
0 161 4 15 16 125 127 128 129 132 133 134 135 137 138 140 141 142 144 145 147 149 150 151 152 153 154 156 157 158 162 
0 162 4 15 16 125 127 128 129 132 133 134 135 137 138 140 141 142 144 145 147 148 149 150 151 152 154 156 157 158 159 161 
0 163 
0 164 5 17 18 165 166 167 168 169 170 171 172 173 174 175 176 177 178 179 181 182 183 184 187 188 189 190 191 192 193 194 195 196 198 199 200 201 202 203 204 205 206 207 208 209 210 211 212 
0 165 5 17 18 164 166 167 168 169 170 171 172 173 174 175 176 177 178 179 181 182 183 184 185 187 188 189 190 191 192 193 194 195 196 198 199 200 201 202 203 204 205 206 207 208 209 210 211 212 
0 166 5 17 18 164 165 167 168 169 170 171 172 173 174 175 176 177 178 179 181 182 183 184 187 188 189 190 191 192 193 194 195 196 198 199 200 201 202 203 204 205 206 207 208 209 210 211 212 
0 167 5 17 18 164 165 166 168 169 170 171 172 173 174 175 176 177 178 179 181 182 183 184 185 186 187 188 189 190 191 192 193 194 195 196 198 199 200 201 202 203 204 205 206 207 208 210 211 212 
0 168 5 17 18 164 165 166 167 169 170 171 172 173 174 175 176 177 178 179 181 182 185 186 187 188 189 191 192 193 194 195 196 198 199 200 201 202 203 204 205 206 207 208 210 
0 169 5 17 18 164 165 166 167 168 170 171 172 173 174 175 176 177 178 179 181 182 183 184 185 187 188 189 190 191 192 193 194 195 196 198 199 200 201 202 203 204 205 206 207 208 209 210 211 212 
0 170 5 17 18 164 165 166 167 168 169 171 172 173 174 175 176 177 178 179 181 182 183 184 185 186 187 188 189 190 191 192 193 194 195 196 198 199 200 201 202 203 204 205 206 207 208 210 211 212 
0 171 5 17 18 164 165 166 167 168 169 170 172 173 174 175 176 177 178 179 181 182 183 184 185 186 188 189 190 191 192 193 194 195 198 199 200 201 202 203 204 205 206 208 210 211 212 
0 172 5 17 18 164 165 166 167 168 169 170 171 173 174 175 176 177 178 179 181 182 183 184 185 186 187 188 189 190 191 192 193 194 195 196 198 199 200 201 202 203 204 205 206 207 208 210 211 212 
0 173 5 17 18 164 165 166 167 168 169 170 171 172 174 175 176 177 178 179 181 182 183 184 185 187 188 189 190 191 192 193 194 195 196 198 199 200 201 202 203 204 205 206 207 208 209 210 211 212 
0 174 5 17 18 164 165 166 167 168 169 170 171 172 173 175 176 177 178 179 181 182 183 184 185 187 188 189 191 192 193 194 195 196 198 199 200 201 202 203 204 205 206 207 208 210 212 
0 175 5 17 18 164 165 166 167 168 169 170 171 172 173 174 176 177 178 179 181 182 183 184 185 187 188 189 190 191 192 193 194 195 196 198 199 200 201 202 203 204 205 206 207 208 209 210 211 212 
0 176 5 17 18 164 165 166 167 168 169 170 171 172 173 174 175 177 178 179 181 182 183 184 185 187 188 189 190 191 192 193 194 195 196 198 199 200 201 202 203 204 205 206 207 208 210 211 212 
0 177 5 17 18 164 165 166 167 168 169 170 171 172 173 174 175 176 178 179 181 182 183 184 185 186 187 188 189 190 191 192 193 194 195 196 198 199 200 201 202 203 204 205 206 207 208 210 211 212 
0 178 5 17 18 164 165 166 167 168 169 170 171 172 173 174 175 176 177 179 181 182 183 184 185 187 188 189 190 191 192 193 194 195 196 198 199 200 201 202 203 204 205 206 207 208 209 210 211 212 
0 179 5 17 18 164 165 166 167 168 169 170 171 172 173 174 175 176 177 178 181 182 183 184 187 188 189 190 191 192 193 194 195 196 198 200 201 202 203 204 205 206 207 208 209 210 211 212 
0 180 185 186 199 
0 181 5 17 18 164 165 166 167 168 169 170 171 172 173 174 175 176 177 178 179 182 183 184 185 187 188 189 190 191 192 193 194 195 196 198 199 200 201 202 203 204 205 206 207 208 209 210 211 212 
0 182 5 17 18 164 165 166 167 168 169 170 171 172 173 174 175 176 177 178 179 181 183 184 185 187 188 189 190 191 192 193 194 195 196 198 199 200 201 202 203 204 205 206 207 208 210 211 212 
0 183 5 17 18 164 165 166 167 169 170 171 172 173 174 175 176 177 178 179 181 182 184 188 189 190 191 192 193 194 195 196 198 200 201 202 203 204 205 206 207 208 209 210 211 212 
0 184 5 17 18 164 165 166 167 169 170 171 172 173 174 175 176 177 178 179 181 182 183 188 189 190 191 192 193 194 195 198 200 201 202 203 204 205 206 208 209 210 211 
0 185 5 17 18 165 167 168 169 170 171 172 173 174 175 176 177 178 180 181 182 186 187 188 190 191 192 194 195 198 199 200 201 202 203 204 208 212 
0 186 167 168 170 171 172 177 180 185 190 192 194 195 198 199 200 203 212 
0 187 5 17 18 164 165 166 167 168 169 170 172 173 174 175 176 177 178 179 181 182 185 188 189 191 192 194 195 196 197 198 199 200 201 202 204 205 206 207 208 210 212 
0 188 5 17 18 164 165 166 167 168 169 170 171 172 173 174 175 176 177 178 179 181 182 183 184 185 187 189 190 191 192 193 194 195 196 198 199 200 201 202 203 204 205 206 207 208 210 211 212 
0 189 5 17 18 164 165 166 167 168 169 170 171 172 173 174 175 176 177 178 179 181 182 183 184 187 188 190 191 192 193 194 195 196 198 200 201 202 203 204 205 206 207 208 209 210 211 212 
0 190 5 17 18 164 165 166 167 169 170 171 172 173 175 176 177 178 179 181 182 183 184 185 186 188 189 191 192 193 194 195 198 200 201 202 203 204 205 208 210 211 212 
0 191 5 17 18 164 165 166 167 168 169 170 171 172 173 174 175 176 177 178 179 181 182 183 184 185 187 188 189 190 192 193 194 195 196 198 199 200 201 202 203 204 205 206 207 208 209 210 211 
0 192 5 17 18 164 165 166 167 168 169 170 171 172 173 174 175 176 177 178 179 181 182 183 184 185 186 187 188 189 190 191 193 194 195 196 198 199 200 201 202 203 204 205 206 207 208 210 211 212 
0 193 5 17 18 164 165 166 167 168 169 170 171 172 173 174 175 176 177 178 179 181 182 183 184 188 189 190 191 192 194 195 196 198 200 201 202 203 204 205 206 207 208 209 210 211 212 
0 194 5 17 18 164 165 166 167 168 169 170 171 172 173 174 175 176 177 178 179 181 182 183 184 185 186 187 188 189 190 191 192 193 195 196 198 199 200 201 202 203 204 205 206 207 208 210 211 212 
0 195 5 17 18 164 165 166 167 168 169 170 171 172 173 174 175 176 177 178 179 181 182 183 184 185 186 187 188 189 190 191 192 193 194 196 198 199 200 201 202 203 204 205 206 207 208 210 211 212 
0 196 5 17 18 164 165 166 167 168 169 170 172 173 174 175 176 177 178 179 181 182 183 187 188 189 191 192 193 194 195 197 198 199 200 201 202 204 205 206 207 208 209 210 212 
0 197 187 196 207 212 
0 198 5 17 18 164 165 166 167 168 169 170 171 172 173 174 175 176 177 178 179 181 182 183 184 185 186 187 188 189 190 191 192 193 194 195 196 199 200 201 202 203 204 205 206 207 208 210 211 212 
0 199 5 17 18 164 165 166 167 168 169 170 171 172 173 174 175 176 177 178 180 181 182 185 186 187 188 191 192 194 195 196 198 200 201 202 204 205 206 207 208 210 
0 200 5 17 18 164 165 166 167 168 169 170 171 172 173 174 175 176 177 178 179 181 182 183 184 185 186 187 188 189 190 191 192 193 194 195 196 198 199 201 202 203 204 205 206 207 208 210 211 212 
0 201 5 17 18 164 165 166 167 168 169 170 171 172 173 174 175 176 177 178 179 181 182 183 184 185 187 188 189 190 191 192 193 194 195 196 198 199 200 202 203 204 205 206 207 208 209 210 211 212 
0 202 5 17 18 164 165 166 167 168 169 170 171 172 173 174 175 176 177 178 179 181 182 183 184 185 187 188 189 190 191 192 193 194 195 196 198 199 200 201 203 204 205 206 207 208 210 211 212 
0 203 5 17 18 164 165 166 167 168 169 170 171 172 173 174 175 176 177 178 179 181 182 183 184 185 186 188 189 190 191 192 193 194 195 198 200 201 202 204 205 206 208 210 211 212 
0 204 5 17 18 164 165 166 167 168 169 170 171 172 173 174 175 176 177 178 179 181 182 183 184 185 187 188 189 190 191 192 193 194 195 196 198 199 200 201 202 203 205 206 207 208 209 210 211 212 
0 205 5 17 18 164 165 166 167 168 169 170 171 172 173 174 175 176 177 178 179 181 182 183 184 187 188 189 190 191 192 193 194 195 196 198 199 200 201 202 203 204 206 207 208 209 210 211 212 
0 206 5 17 18 164 165 166 167 168 169 170 171 172 173 174 175 176 177 178 179 181 182 183 184 187 188 189 191 192 193 194 195 196 198 199 200 201 202 203 204 205 207 208 209 210 211 212 
0 207 5 17 18 164 165 166 167 168 169 170 172 173 174 175 176 177 178 179 181 182 183 187 188 189 191 192 193 194 195 196 197 198 199 200 201 202 204 205 206 208 209 210 212 
0 208 5 17 18 164 165 166 167 168 169 170 171 172 173 174 175 176 177 178 179 181 182 183 184 185 187 188 189 190 191 192 193 194 195 196 198 199 200 201 202 203 204 205 206 207 209 210 211 212 
0 209 164 165 166 169 173 175 178 179 181 183 184 189 191 193 196 201 204 205 206 207 208 210 212 
0 210 5 17 18 164 165 166 167 168 169 170 171 172 173 174 175 176 177 178 179 181 182 183 184 187 188 189 190 191 192 193 194 195 196 198 199 200 201 202 203 204 205 206 207 208 209 211 212 
0 211 5 17 18 164 165 166 167 169 170 171 172 173 175 176 177 178 179 181 182 183 184 188 189 190 191 192 193 194 195 198 200 201 202 203 204 205 206 208 210 212 
0 212 5 17 18 164 165 166 167 169 170 171 172 173 174 175 176 177 178 179 181 182 183 185 186 187 188 189 190 192 193 194 195 196 197 198 200 201 202 203 204 205 206 207 208 209 210 211 
0 213 0 2 3 5 
0 214 0 1 3 4 
0 215 0 1 2 4 5 
0 216 0 1 3 5 
0 217 0 1 2 3 4 5 
0 218 0 1 2 4 5 
0 219 0 1 2 3 4 
0 220 0 1 3 4 5 
0 221 0 1 2 3 4 5 
0 222 0 2 4 5 
0 223 0 1 3 5 
0 224 0 1 2 3 4 
0 225 0 1 2 4 5 
0 226 0 1 5 
0 227 0 2 3 
0 228 0 2 3 4 5 
0 229 0 1 3 4 5 
0 230 0 2 3 4 5 
0 231 0 1 4 
0 232 0 1 2 3 4 5 
1800 0 213 214 215 216 217 218 219 220 221 222 223 224 225 226 227 228 229 230 231 232 
1800 1 6 7 8 9 19 20 21 22 23 24 25 27 28 29 30 31 32 33 34 36 37 38 39 41 43 44 45 47 48 49 50 51 214 215 216 217 218 219 220 221 223 224 225 226 229 231 232 
1800 2 10 11 52 53 54 55 56 57 58 59 60 61 62 63 64 65 66 67 68 69 71 72 74 76 77 78 79 80 81 82 213 215 217 218 219 221 222 224 225 227 228 230 232 
1800 3 12 13 14 83 84 85 86 87 88 89 90 91 92 93 94 95 96 97 98 99 100 101 102 103 105 106 107 108 109 110 112 113 114 115 116 117 118 119 120 122 123 124 213 214 216 217 219 220 221 223 224 227 228 229 230 232 
1800 4 15 16 125 126 127 128 129 132 133 134 135 136 137 138 140 142 143 144 145 146 147 149 150 151 152 153 154 156 157 158 159 161 162 214 215 217 218 219 220 221 222 224 225 228 229 230 231 232 
1800 5 17 18 164 165 166 167 168 169 170 171 172 173 174 175 176 177 178 179 181 182 183 184 185 187 188 189 190 191 192 193 194 195 196 198 199 200 201 202 203 204 205 206 207 208 210 211 212 213 215 216 217 218 220 221 222 223 225 226 228 229 230 232 
1800 6 1 7 8 9 19 20 21 22 23 24 25 27 28 29 30 31 32 33 34 36 37 38 39 41 43 44 45 47 48 49 50 51 
1800 7 1 6 8 9 19 20 21 22 23 24 25 27 28 29 30 31 32 33 34 36 37 38 39 41 43 44 45 47 48 49 50 51 
1800 8 1 6 7 9 19 20 21 22 23 24 25 27 28 29 30 31 32 33 34 36 37 38 39 41 43 44 45 47 48 49 50 51 
1800 9 1 6 7 8 19 20 21 22 23 24 25 27 28 29 30 31 32 33 34 36 37 38 39 41 43 44 45 47 48 49 50 51 
1800 10 2 11 52 53 54 55 56 57 58 59 60 61 62 63 64 65 66 67 68 69 71 72 74 76 77 78 79 80 81 82 
1800 11 2 10 52 53 54 55 56 57 58 59 60 61 62 63 64 65 66 67 68 69 71 72 74 76 77 78 79 80 81 82 
1800 12 3 13 14 83 84 85 86 87 88 89 90 91 92 93 94 95 96 97 98 99 100 101 102 103 105 106 107 108 109 110 112 113 114 115 116 117 118 119 120 122 123 124 
1800 13 3 12 14 83 84 85 86 87 88 89 90 91 92 93 94 95 96 97 98 99 100 101 102 103 105 106 107 108 109 110 112 113 114 115 116 117 118 119 120 122 123 124 
1800 14 3 12 13 83 84 85 86 87 88 89 90 91 92 93 94 95 96 97 98 99 100 101 102 103 105 106 107 108 109 110 112 113 114 115 116 117 118 119 120 122 123 124 
1800 15 4 16 125 126 127 128 129 132 133 134 135 136 137 138 140 142 143 144 145 146 147 149 150 151 152 153 154 156 157 158 159 161 162 
1800 16 4 15 125 126 127 128 129 132 133 134 135 136 137 138 140 142 143 144 145 146 147 149 150 151 152 153 154 156 157 158 159 161 162 
1800 17 5 18 164 165 166 167 168 169 170 171 172 173 174 175 176 177 178 179 181 182 183 184 185 187 188 189 190 191 192 193 194 195 196 198 199 200 201 202 203 204 205 206 207 208 210 211 212 
1800 18 5 17 164 165 166 167 168 169 170 171 172 173 174 175 176 177 178 179 181 182 183 184 185 187 188 189 190 191 192 193 194 195 196 198 199 200 201 202 203 204 205 206 207 208 210 211 212 
1800 19 1 6 7 8 9 20 21 22 23 24 25 27 28 29 30 31 32 33 34 36 38 39 40 41 43 45 47 49 50 51 
1800 20 1 6 7 8 9 19 21 22 24 25 27 28 29 30 31 32 33 34 36 37 38 39 40 41 43 44 45 47 48 50 51 
1800 21 1 6 7 8 9 19 20 22 24 25 27 28 29 30 31 32 33 34 36 37 38 39 40 41 43 44 45 47 48 50 51 
1800 22 1 6 7 8 9 19 20 21 23 24 25 27 28 29 30 31 32 33 34 36 37 38 39 41 43 45 47 48 49 50 51 
1800 23 1 6 7 8 9 19 22 24 25 27 28 29 31 32 33 34 36 39 41 45 49 50 51 
1800 24 1 6 7 8 9 19 20 21 22 23 25 27 28 29 30 31 32 33 34 36 38 39 41 43 44 45 47 48 49 50 51 
1800 25 1 6 7 8 9 19 20 21 22 23 24 27 28 29 30 31 32 33 34 36 37 38 39 41 43 44 45 47 48 49 50 51 
1800 26 
1800 27 1 6 7 8 9 19 20 21 22 23 24 25 28 29 30 31 32 33 34 36 38 39 41 43 45 47 49 50 51 
1800 28 1 6 7 8 9 19 20 21 22 23 24 25 27 29 30 31 32 33 34 36 37 38 39 40 41 43 44 45 47 48 49 50 51 
1800 29 1 6 7 8 9 19 20 21 22 23 24 25 27 28 31 32 33 34 36 37 38 39 40 41 43 44 45 47 49 50 51 
1800 30 1 6 7 8 9 19 20 21 22 24 25 27 28 31 32 33 34 36 37 38 39 41 42 43 44 45 47 48 50 51 
1800 31 1 6 7 8 9 19 20 21 22 23 24 25 27 28 29 30 32 33 34 36 37 38 39 41 43 44 45 47 48 49 50 51 
1800 32 1 6 7 8 9 19 20 21 22 23 24 25 27 28 29 30 31 33 34 36 37 38 39 41 43 44 45 47 48 49 50 51 
1800 33 1 6 7 8 9 19 20 21 22 23 24 25 27 28 29 30 31 32 34 36 37 38 39 41 43 45 47 48 49 50 51 
1800 34 1 6 7 8 9 19 20 21 22 23 24 25 27 28 29 30 31 32 33 36 37 38 39 41 43 44 45 47 48 49 50 51 
1800 35 44 46 48 
1800 36 1 6 7 8 9 19 20 21 22 23 24 25 27 28 29 30 31 32 33 34 37 38 39 41 43 44 45 47 48 49 50 51 
1800 37 1 6 7 8 9 20 21 22 25 28 29 30 31 32 33 34 36 38 39 41 43 44 45 47 48 50 51 
1800 38 1 6 7 8 9 19 20 21 22 24 25 27 28 29 30 31 32 33 34 36 37 39 40 41 43 45 47 50 51 
1800 39 1 6 7 8 9 19 20 21 22 23 24 25 27 28 29 30 31 32 33 34 36 37 38 41 43 44 45 47 48 49 50 51 
1800 40 19 20 21 28 29 38 43 
1800 41 1 6 7 8 9 19 20 21 22 23 24 25 27 28 29 30 31 32 33 34 36 37 38 39 43 44 45 47 48 49 50 51 
1800 42 30 44 
1800 43 1 6 7 8 9 19 20 21 22 24 25 27 28 29 30 31 32 33 34 36 37 38 39 40 41 45 47 48 50 51 
1800 44 1 6 7 8 9 20 21 24 25 28 29 30 31 32 34 35 36 37 39 41 42 46 47 48 50 51 
1800 45 1 6 7 8 9 19 20 21 22 23 24 25 27 28 29 30 31 32 33 34 36 37 38 39 41 43 47 48 49 50 51 
1800 46 35 44 48 
1800 47 1 6 7 8 9 19 20 21 22 24 25 27 28 29 30 31 32 33 34 36 37 38 39 41 43 44 45 48 50 51 
1800 48 1 6 7 8 9 20 21 22 24 25 28 30 31 32 33 34 35 36 37 39 41 43 44 45 46 47 50 51 
1800 49 1 6 7 8 9 19 22 23 24 25 27 28 29 31 32 33 34 36 39 41 45 50 51 
1800 50 1 6 7 8 9 19 20 21 22 23 24 25 27 28 29 30 31 32 33 34 36 37 38 39 41 43 44 45 47 48 49 51 
1800 51 1 6 7 8 9 19 20 21 22 23 24 25 27 28 29 30 31 32 33 34 36 37 38 39 41 43 44 45 47 48 49 50 
1800 52 2 10 11 53 55 56 57 58 59 60 61 63 64 65 66 67 68 69 71 72 74 76 78 79 80 81 82 
1800 53 2 10 11 52 54 57 58 59 62 63 64 65 66 67 68 69 72 74 76 77 78 79 80 82 
1800 54 2 10 11 53 57 58 59 62 63 64 67 69 72 77 78 79 80 82 
1800 55 2 10 11 52 56 57 58 59 61 62 63 64 67 68 69 71 72 74 76 77 78 79 80 
1800 56 2 10 11 52 55 57 58 59 61 64 67 68 69 71 74 76 78 79 
1800 57 2 10 11 52 53 54 55 56 58 59 62 63 64 67 68 69 71 72 74 76 77 78 79 80 82 
1800 58 2 10 11 52 53 54 55 56 57 59 60 61 62 63 64 65 66 67 68 69 71 72 74 76 77 78 79 80 81 82 
1800 59 2 10 11 52 53 54 55 56 57 58 61 62 63 64 65 67 68 69 71 72 74 75 76 77 78 79 80 81 82 
1800 60 2 10 11 52 58 61 64 65 66 67 68 69 70 72 73 74 76 81 82 
1800 61 2 10 11 52 55 56 58 59 60 64 66 68 69 73 74 75 76 79 81 
1800 62 2 10 11 53 54 55 57 58 59 63 64 67 68 69 71 72 74 77 78 79 80 82 
1800 63 2 10 11 52 53 54 55 57 58 59 62 64 67 68 69 71 72 74 76 77 78 79 80 82 
1800 64 2 10 11 52 53 54 55 56 57 58 59 60 61 62 63 65 66 67 68 69 71 72 74 76 77 78 79 80 81 82 
1800 65 2 10 11 52 53 58 59 60 64 66 67 68 69 70 72 74 76 79 80 81 82 
1800 66 2 10 11 52 53 58 60 61 64 65 67 68 69 70 72 73 74 75 76 81 82 
1800 67 2 10 11 52 53 54 55 56 57 58 59 60 62 63 64 65 66 68 69 71 72 74 76 77 78 79 80 81 82 
1800 68 2 10 11 52 53 55 56 57 58 59 60 61 62 63 64 65 66 67 69 71 72 74 76 77 78 79 80 81 82 
1800 69 2 10 11 52 53 54 55 56 57 58 59 60 61 62 63 64 65 66 67 68 70 71 72 73 74 76 77 78 79 80 81 82 
1800 70 60 65 66 69 73 81 
1800 71 2 10 11 52 55 56 57 58 59 62 63 64 67 68 69 72 74 76 77 78 79 80 
1800 72 2 10 11 52 53 54 55 57 58 59 60 62 63 64 65 66 67 68 69 71 74 76 77 78 79 80 81 82 
1800 73 60 61 66 69 70 75 81 
1800 74 2 10 11 52 53 55 56 57 58 59 60 61 62 63 64 65 66 67 68 69 71 72 76 78 79 80 81 82 
1800 75 59 61 66 73 81 
1800 76 2 10 11 52 53 55 56 57 58 59 60 61 63 64 65 66 67 68 69 71 72 74 78 79 80 81 82 
1800 77 2 10 11 53 54 55 57 58 59 62 63 64 67 68 69 71 72 78 79 80 82 
1800 78 2 10 11 52 53 54 55 56 57 58 59 62 63 64 67 68 69 71 72 74 76 77 79 80 82 
1800 79 2 10 11 52 53 54 55 56 57 58 59 61 62 63 64 65 67 68 69 71 72 74 76 77 78 80 81 82 
1800 80 2 10 11 52 53 54 55 57 58 59 62 63 64 65 67 68 69 71 72 74 76 77 78 79 82 
1800 81 2 10 11 52 58 59 60 61 64 65 66 67 68 69 70 72 73 74 75 76 79 82 
1800 82 2 10 11 52 53 54 57 58 59 60 62 63 64 65 66 67 68 69 72 74 76 77 78 79 80 81 
1800 83 3 12 13 14 85 86 87 89 90 92 94 96 97 99 100 102 103 106 107 108 111 113 114 115 116 118 120 121 122 124 
1800 84 3 12 13 14 85 88 89 90 91 93 94 95 96 97 98 99 100 101 102 103 105 106 107 108 110 112 113 114 115 116 117 118 119 122 123 124 
1800 85 3 12 13 14 83 84 86 87 88 89 90 91 92 93 94 95 96 97 99 100 101 102 103 105 106 107 108 109 110 112 113 114 115 116 118 119 120 121 122 123 124 
1800 86 3 12 13 14 83 85 87 89 90 91 94 95 96 97 98 99 100 102 104 105 106 107 108 109 110 111 112 113 114 115 116 118 119 120 121 122 123 124 
1800 87 3 12 13 14 83 85 86 89 90 91 93 94 95 96 97 98 99 100 101 102 104 105 106 107 108 109 110 111 112 113 114 115 116 117 119 120 122 123 124 
1800 88 3 12 13 14 84 85 89 90 91 92 93 94 95 96 97 99 101 102 103 105 106 107 108 110 112 113 114 115 116 117 118 121 122 123 124 
1800 89 3 12 13 14 83 84 85 86 87 88 90 91 92 94 95 96 97 99 100 102 103 105 106 107 108 109 110 111 112 113 114 115 116 120 121 122 124 
1800 90 3 12 13 14 83 84 85 86 87 88 89 91 92 93 94 95 96 97 99 100 101 102 103 105 106 107 108 109 110 112 113 114 115 116 118 120 121 122 123 124 
1800 91 3 12 13 14 84 85 86 87 88 89 90 93 94 95 96 97 98 99 100 101 102 103 104 105 106 107 108 109 110 112 113 114 115 116 117 119 120 122 123 124 
1800 92 3 12 13 14 83 85 88 89 90 95 96 97 100 102 103 106 107 108 111 113 114 115 116 120 121 122 124 
1800 93 3 12 13 14 84 85 87 88 90 91 94 95 96 97 99 101 102 105 106 107 108 110 112 113 115 116 117 118 122 123 124 
1800 94 3 12 13 14 83 84 85 86 87 88 89 90 91 93 95 96 97 99 100 101 102 103 105 106 107 108 109 110 112 113 114 115 116 117 118 119 120 122 123 124 
1800 95 3 12 13 14 84 85 86 87 88 89 90 91 92 93 94 96 97 99 100 101 102 103 104 105 106 107 108 109 110 111 112 113 114 115 116 118 119 120 121 122 123 124 
1800 96 3 12 13 14 83 84 85 86 87 88 89 90 91 92 93 94 95 97 99 100 101 102 103 105 106 107 108 109 110 111 112 113 114 115 116 118 120 121 122 123 124 
1800 97 3 12 13 14 83 84 85 86 87 88 89 90 91 92 93 94 95 96 98 99 100 101 102 103 104 105 106 107 108 109 110 111 112 113 114 115 116 118 119 120 121 122 123 124 
1800 98 3 12 13 14 84 86 87 91 97 100 103 104 105 107 108 109 110 112 113 116 117 119 124 
1800 99 3 12 13 14 83 84 85 86 87 88 89 90 91 93 94 95 96 97 101 102 103 105 106 107 108 109 110 112 113 114 115 116 117 118 120 121 122 123 124 
1800 100 3 12 13 14 83 84 85 86 87 89 90 91 92 94 95 96 97 98 102 104 105 106 107 108 109 110 111 112 113 114 115 116 119 120 124 
1800 101 3 12 13 14 84 85 87 88 90 91 93 94 95 96 97 99 102 105 106 107 108 110 112 113 115 116 117 118 122 123 124 
1800 102 3 12 13 14 83 84 85 86 87 88 89 90 91 92 93 94 95 96 97 99 100 101 103 105 106 107 108 109 110 112 113 114 115 116 118 120 121 122 123 124 
1800 103 3 12 13 14 83 84 85 88 89 90 91 92 94 95 96 97 98 99 102 105 106 107 108 112 113 114 115 116 117 118 119 120 121 122 124 
1800 104 86 87 91 95 97 98 100 108 109 110 111 112 114 119 
1800 105 3 12 13 14 84 85 86 87 88 89 90 91 93 94 95 96 97 98 99 100 101 102 103 106 107 108 109 110 112 113 114 115 116 117 118 119 120 122 123 124 
1800 106 3 12 13 14 83 84 85 86 87 88 89 90 91 92 93 94 95 96 97 99 100 101 102 103 105 107 108 109 110 112 113 114 115 116 118 119 120 121 122 123 124 
1800 107 3 12 13 14 83 84 85 86 87 88 89 90 91 92 93 94 95 96 97 98 99 100 101 102 103 105 106 108 109 110 112 113 114 115 116 117 118 119 120 122 123 124 
1800 108 3 12 13 14 83 84 85 86 87 88 89 90 91 92 93 94 95 96 97 98 99 100 101 102 103 104 105 106 107 109 110 111 112 113 114 115 116 118 119 120 121 122 123 124 
1800 109 3 12 13 14 85 86 87 89 90 91 94 95 96 97 98 99 100 102 104 105 106 107 108 110 111 112 113 114 115 116 119 120 122 124 
1800 110 3 12 13 14 84 85 86 87 88 89 90 91 93 94 95 96 97 98 99 100 101 102 104 105 106 107 108 109 112 113 114 115 116 117 119 120 122 123 124 
1800 111 83 86 87 89 92 95 96 97 100 104 108 109 112 114 119 120 
1800 112 3 12 13 14 84 85 86 87 88 89 90 91 93 94 95 96 97 98 99 100 101 102 103 104 105 106 107 108 109 110 111 113 114 115 116 118 119 120 121 122 123 124 
1800 113 3 12 13 14 83 84 85 86 87 88 89 90 91 92 93 94 95 96 97 98 99 100 101 102 103 105 106 107 108 109 110 112 114 115 116 117 118 119 120 122 123 124 
1800 114 3 12 13 14 83 84 85 86 87 88 89 90 91 92 94 95 96 97 99 100 102 103 104 105 106 107 108 109 110 111 112 113 115 116 119 120 122 124 
1800 115 3 12 13 14 83 84 85 86 87 88 89 90 91 92 93 94 95 96 97 99 100 101 102 103 105 106 107 108 109 110 112 113 114 116 117 118 119 120 122 123 124 
1800 116 3 12 13 14 83 84 85 86 87 88 89 90 91 92 93 94 95 96 97 98 99 100 101 102 103 105 106 107 108 109 110 112 113 114 115 117 118 119 120 122 123 124 
1800 117 3 12 13 14 84 87 88 91 93 94 98 99 101 103 105 107 110 113 115 116 119 123 124 
1800 118 3 12 13 14 83 84 85 86 88 90 93 94 95 96 97 99 101 102 103 105 106 107 108 112 113 115 116 121 122 123 124 
1800 119 3 12 13 14 84 85 86 87 91 94 95 97 98 100 103 104 105 106 107 108 109 110 111 112 113 114 115 116 117 120 124 
1800 120 3 12 13 14 83 85 86 87 89 90 91 92 94 95 96 97 99 100 102 103 105 106 107 108 109 110 111 112 113 114 115 116 119 121 122 124 
1800 121 83 85 86 88 89 90 92 95 96 97 99 102 103 106 108 112 118 120 122 
1800 122 3 12 13 14 83 84 85 86 87 88 89 90 91 92 93 94 95 96 97 99 101 102 103 105 106 107 108 109 110 112 113 114 115 116 118 120 121 123 124 
1800 123 3 12 13 14 84 85 86 87 88 90 91 93 94 95 96 97 99 101 102 105 106 107 108 110 112 113 115 116 117 118 122 124 
1800 124 3 12 13 14 83 84 85 86 87 88 89 90 91 92 93 94 95 96 97 98 99 100 101 102 103 105 106 107 108 109 110 112 113 114 115 116 117 118 119 120 122 123 
1800 125 4 15 16 126 127 128 129 133 134 135 136 137 138 140 142 143 144 145 146 147 149 150 151 152 153 154 156 157 158 159 161 162 
1800 126 4 15 16 125 129 131 133 134 135 136 137 138 140 143 144 145 146 147 149 150 152 153 154 155 157 158 159 160 
1800 127 4 15 16 125 128 129 132 134 135 137 138 140 141 142 144 145 147 148 149 150 151 152 154 156 157 158 159 161 162 
1800 128 4 15 16 125 127 129 132 135 137 138 140 141 142 144 149 150 151 152 154 156 157 158 161 162 
1800 129 4 15 16 125 126 127 128 131 132 133 134 135 136 137 138 140 141 142 143 145 146 147 148 149 150 151 152 154 155 156 157 158 159 160 161 162 
1800 130 131 133 136 138 139 140 143 145 150 153 154 157 160 
1800 131 126 129 130 133 136 143 153 160 
1800 132 4 15 16 127 128 129 135 141 142 148 149 150 151 152 158 159 161 162 
1800 133 4 15 16 125 126 129 130 131 134 135 136 140 143 144 145 146 147 149 152 153 155 159 160 162 
1800 134 4 15 16 125 126 127 129 133 135 136 137 138 140 143 144 145 146 147 149 150 151 152 153 154 155 156 157 158 159 161 162 
1800 135 4 15 16 125 126 127 128 129 132 133 134 137 138 140 141 142 144 145 147 149 150 151 152 153 154 156 157 158 159 161 162 
1800 136 4 15 16 125 126 129 130 131 133 134 137 138 140 143 144 145 147 149 150 152 153 154 157 160 
1800 137 4 15 16 125 126 127 128 129 134 135 136 138 140 141 142 144 145 147 149 150 151 152 153 154 156 157 158 159 161 162 
1800 138 4 15 16 125 126 127 128 129 130 134 135 136 137 140 143 144 145 147 149 150 151 152 153 154 156 157 158 161 162 
1800 139 130 153 154 
1800 140 4 15 16 125 126 127 128 129 130 133 134 135 136 137 138 143 144 145 147 149 150 151 152 153 154 156 157 158 159 161 162 
1800 141 127 128 129 132 135 137 142 144 149 151 156 158 161 162 
1800 142 4 15 16 125 127 128 129 132 135 137 141 144 149 150 151 152 156 157 158 161 162 
1800 143 4 15 16 125 126 129 130 131 133 134 136 138 140 144 145 146 147 149 150 152 153 154 155 157 158 160 
1800 144 4 15 16 125 126 127 128 133 134 135 136 137 138 140 141 142 143 145 146 147 149 150 152 153 154 155 157 158 159 161 162 
1800 145 4 15 16 125 126 127 129 130 133 134 135 136 137 138 140 143 144 147 149 150 151 152 153 154 156 157 158 160 161 162 
1800 146 4 15 16 125 126 129 133 134 143 144 147 149 150 152 155 158 159 
1800 147 4 15 16 125 126 127 129 133 134 135 136 137 138 140 143 144 145 146 149 150 151 152 153 154 155 157 158 159 161 162 
1800 148 127 129 132 149 150 151 159 162 
1800 149 4 15 16 125 126 127 128 129 132 133 134 135 136 137 138 140 141 142 143 144 145 146 147 148 150 151 152 153 154 155 156 157 158 159 160 161 162 
1800 150 4 15 16 125 126 127 128 129 130 132 134 135 136 137 138 140 142 143 144 145 146 147 148 149 151 152 153 154 155 156 157 158 159 161 162 
1800 151 4 15 16 125 127 128 129 132 134 135 137 138 140 141 142 145 147 148 149 150 152 154 156 157 158 159 161 162 
1800 152 4 15 16 125 126 127 128 129 132 133 134 135 136 137 138 140 142 143 144 145 146 147 149 150 151 153 154 155 156 157 158 159 161 162 
1800 153 4 15 16 125 126 130 131 133 134 135 136 137 138 139 140 143 144 145 147 149 150 152 154 157 160 161 
1800 154 4 15 16 125 126 127 128 129 130 134 135 136 137 138 139 140 143 144 145 147 149 150 151 152 153 156 157 158 161 162 
1800 155 126 129 133 134 143 144 146 147 149 150 152 159 
1800 156 4 15 16 125 127 128 129 134 135 137 138 140 141 142 145 149 150 151 152 154 157 158 161 162 163 
1800 157 4 15 16 125 126 127 128 129 130 134 135 136 137 138 140 142 143 144 145 147 149 150 151 152 153 154 156 158 161 162 
1800 158 4 15 16 125 126 127 128 129 132 134 135 137 138 140 141 142 143 144 145 146 147 149 150 151 152 154 156 157 159 161 162 
1800 159 4 15 16 125 126 127 129 132 133 134 135 137 140 144 146 147 148 149 150 151 152 155 158 162 
1800 160 126 129 130 131 133 136 143 145 149 153 
1800 161 4 15 16 125 127 128 129 132 134 135 137 138 140 141 142 144 145 147 149 150 151 152 153 154 156 157 158 162 
1800 162 4 15 16 125 127 128 129 132 133 134 135 137 138 140 141 142 144 145 147 148 149 150 151 152 154 156 157 158 159 161 
1800 163 156 
1800 164 5 17 18 165 166 167 168 169 170 171 172 173 174 175 176 177 178 179 181 182 183 184 187 188 189 190 191 192 193 194 195 196 198 199 200 201 202 203 204 205 206 207 208 209 210 211 212 
1800 165 5 17 18 164 166 167 168 169 170 171 172 173 174 175 176 177 178 179 181 182 183 184 185 187 188 189 190 191 192 193 194 195 196 198 199 200 201 202 203 204 205 206 207 208 209 210 211 212 
1800 166 5 17 18 164 165 167 168 169 170 171 172 173 174 175 176 177 178 179 181 182 183 184 187 188 189 190 191 192 193 194 195 196 198 199 200 201 202 203 204 205 206 207 208 209 210 211 212 
1800 167 5 17 18 164 165 166 168 169 170 171 172 173 174 175 176 177 178 179 181 182 183 184 185 186 187 188 189 190 191 192 193 194 195 196 198 199 200 201 202 203 204 205 206 207 208 210 211 
1800 168 5 17 18 164 165 166 167 169 170 171 172 173 174 175 176 177 178 179 181 182 185 186 187 188 189 191 192 193 194 195 196 198 199 200 201 202 203 204 205 206 207 208 210 
1800 169 5 17 18 164 165 166 167 168 170 171 172 173 174 175 176 177 178 179 181 182 183 184 185 187 188 189 190 191 192 193 194 195 196 198 199 200 201 202 203 204 205 206 207 208 209 210 211 212 
1800 170 5 17 18 164 165 166 167 168 169 171 172 173 174 175 176 177 178 179 181 182 183 184 185 186 187 188 189 190 191 192 193 194 195 196 198 199 200 201 202 203 204 205 206 207 208 210 211 
1800 171 5 17 18 164 165 166 167 168 169 170 172 173 174 175 176 177 178 179 181 182 183 184 185 186 188 189 190 191 192 193 194 195 198 199 200 201 202 203 204 205 208 210 211 
1800 172 5 17 18 164 165 166 167 168 169 170 171 173 174 175 176 177 178 179 181 182 183 184 185 186 187 188 189 190 191 192 193 194 195 196 198 199 200 201 202 203 204 205 206 207 208 210 211 
1800 173 5 17 18 164 165 166 167 168 169 170 171 172 174 175 176 177 178 179 181 182 183 184 185 187 188 189 190 191 192 193 194 195 196 198 199 200 201 202 203 204 205 206 207 208 209 210 211 212 
1800 174 5 17 18 164 165 166 167 168 169 170 171 172 173 175 176 177 178 179 181 182 183 184 185 187 188 189 191 192 193 194 195 196 198 199 200 201 202 203 204 205 206 207 208 210 212 
1800 175 5 17 18 164 165 166 167 168 169 170 171 172 173 174 176 177 178 179 181 182 183 184 185 187 188 189 190 191 192 193 194 195 196 198 199 200 201 202 203 204 205 206 207 208 209 210 211 212 
1800 176 5 17 18 164 165 166 167 168 169 170 171 172 173 174 175 177 178 179 181 182 183 184 185 187 188 189 190 191 192 193 194 195 196 198 199 200 201 202 203 204 205 206 207 208 210 211 
1800 177 5 17 18 164 165 166 167 168 169 170 171 172 173 174 175 176 178 179 181 182 183 184 185 186 187 188 189 190 191 192 193 194 195 196 198 199 200 201 202 203 204 205 206 207 208 210 211 
1800 178 5 17 18 164 165 166 167 168 169 170 171 172 173 174 175 176 177 179 181 182 183 184 185 187 188 189 190 191 192 193 194 195 196 198 199 200 201 202 203 204 205 206 207 208 210 211 212 
1800 179 5 17 18 164 165 166 167 168 169 170 171 172 173 174 175 176 177 178 181 182 183 184 187 188 189 190 191 192 193 194 195 196 198 200 201 202 203 204 205 206 207 208 209 210 211 212 
1800 180 185 186 199 201 
1800 181 5 17 18 164 165 166 167 168 169 170 171 172 173 174 175 176 177 178 179 182 183 184 185 187 188 189 190 191 192 193 194 195 196 198 199 200 201 202 203 204 205 206 207 208 209 210 211 212 
1800 182 5 17 18 164 165 166 167 168 169 170 171 172 173 174 175 176 177 178 179 181 183 184 185 186 187 188 189 190 191 192 193 194 195 196 198 199 200 201 202 203 204 205 206 207 208 210 211 212 
1800 183 5 17 18 164 165 166 167 169 170 171 172 173 174 175 176 177 178 179 181 182 184 188 189 190 191 192 193 194 195 196 198 200 201 202 203 204 205 206 207 208 209 210 211 212 
1800 184 5 17 18 164 165 166 167 169 170 171 172 173 174 175 176 177 178 179 181 182 183 188 189 190 191 192 193 194 195 198 200 201 202 203 204 205 206 207 208 209 210 211 
1800 185 5 17 18 165 167 168 169 170 171 172 173 174 175 176 177 178 180 181 182 186 187 188 190 191 192 194 195 198 199 200 201 202 203 204 208 
1800 186 167 168 170 171 172 177 180 182 185 190 195 198 199 200 203 
1800 187 5 17 18 164 165 166 167 168 169 170 172 173 174 175 176 177 178 179 181 182 185 188 189 191 192 194 195 196 197 198 199 200 201 202 204 205 206 207 208 210 212 
1800 188 5 17 18 164 165 166 167 168 169 170 171 172 173 174 175 176 177 178 179 181 182 183 184 185 187 189 190 191 192 193 194 195 196 198 199 200 201 202 203 204 205 206 207 208 210 211 212 
1800 189 5 17 18 164 165 166 167 168 169 170 171 172 173 174 175 176 177 178 179 181 182 183 184 187 188 190 191 192 193 194 195 196 198 200 201 202 203 204 205 206 207 208 209 210 211 212 
1800 190 5 17 18 164 165 166 167 169 170 171 172 173 175 176 177 178 179 181 182 183 184 185 186 188 189 191 192 193 194 195 198 200 201 202 203 204 205 208 210 211 
1800 191 5 17 18 164 165 166 167 168 169 170 171 172 173 174 175 176 177 178 179 181 182 183 184 185 187 188 189 190 192 193 194 195 196 198 199 200 201 202 203 204 205 206 207 208 209 210 211 212 
1800 192 5 17 18 164 165 166 167 168 169 170 171 172 173 174 175 176 177 178 179 181 182 183 184 185 187 188 189 190 191 193 194 195 196 198 199 200 201 202 203 204 205 206 207 208 209 210 211 212 
1800 193 5 17 18 164 165 166 167 168 169 170 171 172 173 174 175 176 177 178 179 181 182 183 184 188 189 190 191 192 194 195 196 198 200 201 202 203 204 205 206 207 208 209 210 211 212 
1800 194 5 17 18 164 165 166 167 168 169 170 171 172 173 174 175 176 177 178 179 181 182 183 184 185 187 188 189 190 191 192 193 195 196 198 199 200 201 202 203 204 205 206 207 208 210 211 212 
1800 195 5 17 18 164 165 166 167 168 169 170 171 172 173 174 175 176 177 178 179 181 182 183 184 185 186 187 188 189 190 191 192 193 194 196 198 199 200 201 202 203 204 205 206 207 208 210 211 
1800 196 5 17 18 164 165 166 167 168 169 170 172 173 174 175 176 177 178 179 181 182 183 187 188 189 191 192 193 194 195 197 198 199 200 201 202 204 205 206 207 208 209 210 212 
1800 197 187 196 207 212 
1800 198 5 17 18 164 165 166 167 168 169 170 171 172 173 174 175 176 177 178 179 181 182 183 184 185 186 187 188 189 190 191 192 193 194 195 196 199 200 201 202 203 204 205 206 207 208 210 211 
1800 199 5 17 18 164 165 166 167 168 169 170 171 172 173 174 175 176 177 178 180 181 182 185 186 187 188 191 192 194 195 196 198 200 201 202 204 205 206 207 208 210 
1800 200 5 17 18 164 165 166 167 168 169 170 171 172 173 174 175 176 177 178 179 181 182 183 184 185 186 187 188 189 190 191 192 193 194 195 196 198 199 201 202 203 204 205 206 207 208 210 211 
1800 201 5 17 18 164 165 166 167 168 169 170 171 172 173 174 175 176 177 178 179 180 181 182 183 184 185 187 188 189 190 191 192 193 194 195 196 198 199 200 202 203 204 205 206 207 208 209 210 211 212 
1800 202 5 17 18 164 165 166 167 168 169 170 171 172 173 174 175 176 177 178 179 181 182 183 184 185 187 188 189 190 191 192 193 194 195 196 198 199 200 201 203 204 205 206 207 208 210 211 
1800 203 5 17 18 164 165 166 167 168 169 170 171 172 173 174 175 176 177 178 179 181 182 183 184 185 186 188 189 190 191 192 193 194 195 198 200 201 202 204 205 206 208 210 211 
1800 204 5 17 18 164 165 166 167 168 169 170 171 172 173 174 175 176 177 178 179 181 182 183 184 185 187 188 189 190 191 192 193 194 195 196 198 199 200 201 202 203 205 206 207 208 209 210 211 212 
1800 205 5 17 18 164 165 166 167 168 169 170 171 172 173 174 175 176 177 178 179 181 182 183 184 187 188 189 190 191 192 193 194 195 196 198 199 200 201 202 203 204 206 207 208 209 210 211 212 
1800 206 5 17 18 164 165 166 167 168 169 170 172 173 174 175 176 177 178 179 181 182 183 184 187 188 189 191 192 193 194 195 196 198 199 200 201 202 203 204 205 207 208 209 210 211 212 
1800 207 5 17 18 164 165 166 167 168 169 170 172 173 174 175 176 177 178 179 181 182 183 184 187 188 189 191 192 193 194 195 196 197 198 199 200 201 202 204 205 206 208 209 210 211 212 
1800 208 5 17 18 164 165 166 167 168 169 170 171 172 173 174 175 176 177 178 179 181 182 183 184 185 187 188 189 190 191 192 193 194 195 196 198 199 200 201 202 203 204 205 206 207 209 210 211 212 
1800 209 164 165 166 169 173 175 179 181 183 184 189 191 192 193 196 201 204 205 206 207 208 210 212 
1800 210 5 17 18 164 165 166 167 168 169 170 171 172 173 174 175 176 177 178 179 181 182 183 184 187 188 189 190 191 192 193 194 195 196 198 199 200 201 202 203 204 205 206 207 208 209 211 212 
1800 211 5 17 18 164 165 166 167 169 170 171 172 173 175 176 177 178 179 181 182 183 184 188 189 190 191 192 193 194 195 198 200 201 202 203 204 205 206 207 208 210 
1800 212 5 17 18 164 165 166 169 173 174 175 178 179 181 182 183 187 188 189 191 192 193 194 196 197 201 204 205 206 207 208 209 210 
1800 213 0 2 3 5 
1800 214 0 1 3 4 
1800 215 0 1 2 4 5 
1800 216 0 1 3 5 
1800 217 0 1 2 3 4 5 
1800 218 0 1 2 4 5 
1800 219 0 1 2 3 4 
1800 220 0 1 3 4 5 
1800 221 0 1 2 3 4 5 
1800 222 0 2 4 5 
1800 223 0 1 3 5 
1800 224 0 1 2 3 4 
1800 225 0 1 2 4 5 
1800 226 0 1 5 
1800 227 0 2 3 
1800 228 0 2 3 4 5 
1800 229 0 1 3 4 5 
1800 230 0 2 3 4 5 
1800 231 0 1 4 
1800 232 0 1 2 3 4 5 
