0 10800
1800 0 1 2 3 4 5 211 212 213 214 215 216 217 218 219 220 221 222 223 224 225 226 227 228 229 230 231 232 233 234 235 236 237 238 239 240 
1800 1 0 2 3 4 5 6 7 8 9 16 18 19 20 24 26 27 28 29 32 33 35 36 37 38 39 41 42 45 50 51 52 55 56 57 211 213 214 215 217 218 220 223 225 226 227 228 230 231 233 235 236 237 239 
1800 2 0 1 3 4 5 10 58 59 60 62 63 64 65 66 67 68 69 70 71 72 73 74 75 76 77 78 79 80 82 83 86 87 88 89 91 92 93 94 95 96 97 99 101 104 105 112 117 125 126 130 133 136 212 214 215 216 218 222 225 226 228 229 230 232 233 234 236 237 239 
1800 3 0 1 2 4 5 11 58 63 66 68 73 74 78 79 83 86 89 94 97 99 101 102 103 104 105 106 107 108 109 110 111 112 113 114 115 116 117 118 120 121 122 123 124 126 128 130 131 132 133 135 136 137 138 139 140 141 211 213 215 217 219 221 223 225 226 228 229 230 232 233 236 238 239 240 
1800 4 0 1 2 3 5 144 145 146 147 148 149 151 152 155 157 158 160 161 162 163 164 165 166 167 168 170 173 175 176 177 211 213 214 215 216 217 221 224 225 226 228 229 230 231 233 235 236 237 239 
1800 5 0 1 2 3 4 13 14 178 181 184 185 187 189 190 191 192 193 194 196 197 203 205 206 207 208 210 212 214 216 217 219 220 223 224 226 227 228 229 232 233 234 236 237 238 240 
1800 6 1 7 8 9 16 18 19 20 24 26 27 28 29 32 33 35 36 37 38 39 41 42 45 50 51 52 55 56 57 
1800 7 1 6 9 16 18 24 26 28 29 35 39 45 52 55 56 
1800 8 1 6 9 28 29 45 57 
1800 9 1 6 7 8 16 18 19 20 24 26 27 28 29 32 33 35 36 37 38 39 41 42 45 50 51 52 55 56 57 
1800 10 2 58 59 60 62 63 64 65 66 67 68 69 70 71 72 73 74 75 76 77 78 79 80 82 83 86 87 88 89 91 92 93 94 95 96 97 99 101 104 105 112 117 125 126 130 133 136 
1800 11 3 58 63 66 68 73 74 78 79 83 86 89 94 97 99 101 102 103 104 105 106 107 108 109 110 111 112 113 114 115 116 117 118 120 121 122 123 124 126 128 130 131 132 133 135 136 137 138 139 140 141 
1800 12 144 145 146 147 148 149 151 152 155 157 158 160 161 162 163 164 165 166 167 168 170 173 175 176 177 
1800 13 5 178 181 188 194 
1800 14 5 
1800 15 18 
1800 16 1 6 7 9 17 46 
1800 17 16 
1800 18 1 6 7 9 15 21 40 47 49 53 
1800 19 1 6 9 
1800 20 1 6 9 48 
1800 21 18 
1800 22 39 43 
1800 23 
1800 24 1 6 7 9 
1800 25 47 
1800 26 1 6 7 9 
1800 27 1 6 9 
1800 28 1 6 7 8 9 
1800 29 1 6 7 8 9 
1800 30 49 
1800 31 
1800 32 1 6 9 
1800 33 1 6 9 
1800 34 53 
1800 35 1 6 7 9 
1800 36 1 6 9 
1800 37 1 6 9 
1800 38 1 6 9 
1800 39 1 6 7 9 22 
1800 40 18 
1800 41 1 6 9 47 
1800 42 1 6 9 
1800 43 22 
1800 44 56 
1800 45 1 6 7 8 9 
1800 46 16 54 
1800 47 18 25 41 
1800 48 20 
1800 49 18 30 
1800 50 1 6 9 
1800 51 1 6 9 
1800 52 1 6 7 9 
1800 53 18 34 
1800 54 46 
1800 55 1 6 7 9 
1800 56 1 6 7 9 44 
1800 57 1 6 8 9 
1800 58 2 3 10 11 
1800 59 2 10 61 
1800 60 2 10 81 85 
1800 61 59 
1800 62 2 10 
1800 63 2 3 10 11 
1800 64 2 10 
1800 65 2 10 90 
1800 66 2 3 10 11 
1800 67 2 10 
1800 68 2 3 10 11 
1800 69 2 10 
1800 70 2 10 
1800 71 2 10 
1800 72 2 10 
1800 73 2 3 10 11 
1800 74 2 3 10 11 
1800 75 2 10 
1800 76 2 10 
1800 77 2 10 
1800 78 2 3 10 11 
1800 79 2 3 10 11 
1800 80 2 10 
1800 81 60 
1800 82 2 10 
1800 83 2 3 10 11 
1800 84 130 
1800 85 60 
1800 86 2 3 10 11 
1800 87 2 10 
1800 88 2 10 
1800 89 2 3 10 11 
1800 90 65 
1800 91 2 10 
1800 92 2 10 
1800 93 2 10 
1800 94 2 3 10 11 
1800 95 2 10 
1800 96 2 10 
1800 97 2 3 10 11 
1800 98 133 
1800 99 2 3 10 11 100 
1800 100 99 
1800 101 2 3 10 11 
1800 102 3 11 
1800 103 3 11 
1800 104 2 3 10 11 
1800 105 2 3 10 11 
1800 106 3 11 
1800 107 3 11 
1800 108 3 11 
1800 109 3 11 
1800 110 3 11 
1800 111 3 11 
1800 112 2 3 10 11 
1800 113 3 11 
1800 114 3 11 
1800 115 3 11 
1800 116 3 11 
1800 117 2 3 10 11 
1800 118 3 11 
1800 119 136 
1800 120 3 11 
1800 121 3 11 
1800 122 3 11 
1800 123 3 11 
1800 124 3 11 
1800 125 2 10 
1800 126 2 3 10 11 
1800 127 133 
1800 128 3 11 
1800 129 130 
1800 130 2 3 10 11 84 129 
1800 131 3 11 
1800 132 3 11 
1800 133 2 3 10 11 98 127 
1800 134 136 
1800 135 3 11 
1800 136 2 3 10 11 119 134 
1800 137 3 11 
1800 138 3 11 
1800 139 3 11 
1800 140 3 11 
1800 141 3 11 
1800 142 145 
1800 143 
1800 144 4 12 
1800 145 4 12 142 150 159 
1800 146 4 12 153 
1800 147 4 12 154 
1800 148 4 12 
1800 149 4 12 
1800 150 145 
1800 151 4 12 
1800 152 4 12 
1800 153 146 
1800 154 147 
1800 155 4 12 
1800 156 170 
1800 157 4 12 
1800 158 4 12 
1800 159 145 
1800 160 4 12 
1800 161 4 12 
1800 162 4 12 
1800 163 4 12 169 174 
1800 164 4 12 
1800 165 4 12 
1800 166 4 12 
1800 167 4 12 
1800 168 4 12 
1800 169 163 
1800 170 4 12 156 
1800 171 
1800 172 
1800 173 4 12 
1800 174 163 
1800 175 4 12 
1800 176 4 12 
1800 177 4 12 
1800 178 5 13 200 209 
1800 179 184 204 
1800 180 208 
1800 181 5 13 
1800 182 187 
1800 183 184 
1800 184 5 179 183 202 
1800 185 5 
1800 186 
1800 187 5 182 
1800 188 13 
1800 189 5 199 201 
1800 190 5 
1800 191 5 
1800 192 5 
1800 193 5 
1800 194 5 13 
1800 195 
1800 196 5 
1800 197 5 
1800 198 
1800 199 189 
1800 200 178 
1800 201 189 
1800 202 184 
1800 203 5 
1800 204 179 
1800 205 5 
1800 206 5 
1800 207 5 
1800 208 5 180 
1800 209 178 
1800 210 5 
1800 211 0 1 3 4 
1800 212 0 2 5 
1800 213 0 1 3 4 
1800 214 0 1 2 4 5 
1800 215 0 1 2 3 4 
1800 216 0 2 4 5 
1800 217 0 1 3 4 5 
1800 218 0 1 2 
1800 219 0 3 5 
1800 220 0 1 5 
1800 221 0 3 4 
1800 222 0 2 
1800 223 0 1 3 5 
1800 224 0 4 5 
1800 225 0 1 2 3 4 
1800 226 0 1 2 3 4 5 
1800 227 0 1 5 
1800 228 0 1 2 3 4 5 
1800 229 0 2 3 4 5 
1800 230 0 1 2 3 4 
1800 231 0 1 4 
1800 232 0 2 3 5 
1800 233 0 1 2 3 4 5 
1800 234 0 2 5 
1800 235 0 1 4 
1800 236 0 1 2 3 4 5 
1800 237 0 1 2 4 5 
1800 238 0 3 5 
1800 239 0 1 2 3 4 
1800 240 0 3 5 
