0 10800
1800 0 1 2 3 4 5 168 173 229 230 231 232 233 234 235 236 237 238 239 240 241 242 243 244 245 246 247 248 249 250 251 252 253 254 255 256 257 258 
1800 1 0 2 3 4 5 6 18 19 20 23 24 25 28 29 30 31 32 33 34 36 39 40 42 43 45 46 47 48 49 50 54 55 56 57 58 59 60 61 62 63 64 67 229 231 232 233 236 238 240 241 242 244 246 248 250 253 254 255 257 
1800 2 0 1 3 4 5 7 8 9 68 70 71 72 74 75 77 79 80 82 83 84 86 87 88 90 91 92 93 96 97 99 101 102 103 105 106 107 229 230 231 233 234 235 237 239 240 242 243 244 246 247 249 251 252 255 256 257 258 
1800 3 0 1 2 4 5 10 11 108 109 110 111 112 113 115 116 117 118 119 120 121 122 123 125 126 127 129 131 132 133 134 135 136 137 138 229 231 232 233 234 236 237 239 240 241 243 245 247 248 249 250 252 254 255 258 
1800 4 0 1 2 3 5 12 14 139 140 141 142 143 144 145 146 147 148 149 150 151 152 153 155 156 157 158 159 160 161 162 163 164 165 166 167 169 170 171 172 174 175 176 177 178 179 180 181 182 183 184 185 186 229 230 231 232 235 236 237 238 240 241 242 243 245 246 247 249 251 253 255 257 
1800 5 0 1 2 3 4 15 17 187 190 191 192 193 194 195 196 197 199 200 201 202 203 204 205 209 210 213 214 215 217 218 219 220 221 222 224 225 226 227 228 229 230 231 233 235 238 240 241 242 243 244 245 247 248 249 251 253 254 256 257 
1800 6 1 18 19 20 23 24 25 28 29 30 31 32 33 34 36 39 40 42 43 45 46 47 48 49 50 54 55 56 57 58 59 60 61 62 63 64 67 
1800 7 2 8 9 68 70 71 72 74 75 77 79 80 82 83 84 86 87 88 90 91 92 93 96 97 99 101 102 103 105 106 107 
1800 8 2 7 74 75 80 82 83 84 87 105 
1800 9 2 7 74 75 88 
1800 10 3 11 108 109 110 111 112 113 115 116 117 118 119 120 121 122 123 125 126 127 129 131 132 133 134 135 136 137 138 
1800 11 3 10 115 121 
1800 12 4 13 14 149 181 
1800 13 12 14 139 140 141 142 143 144 145 146 147 148 149 150 151 152 153 155 156 157 158 159 160 161 162 163 164 165 166 167 169 170 171 172 174 175 176 177 178 179 180 181 182 183 184 185 186 
1800 14 4 12 13 139 140 141 142 143 144 145 146 147 148 149 150 151 152 153 155 156 157 158 159 160 161 162 163 164 165 166 167 169 170 171 172 174 175 176 177 178 179 180 181 182 183 184 185 186 
1800 15 5 16 187 190 191 192 193 194 195 196 197 199 200 201 202 203 204 205 209 210 213 214 215 217 218 219 220 221 222 224 225 226 227 228 
1800 16 15 197 222 
1800 17 5 
1800 18 1 6 21 26 27 37 44 53 
1800 19 1 6 35 
1800 20 1 6 
1800 21 18 
1800 22 23 
1800 23 1 6 22 51 
1800 24 1 6 
1800 25 1 6 
1800 26 18 
1800 27 18 
1800 28 1 6 
1800 29 1 6 
1800 30 1 6 
1800 31 1 6 
1800 32 1 6 
1800 33 1 6 
1800 34 1 6 
1800 35 19 
1800 36 1 6 65 
1800 37 18 
1800 38 44 
1800 39 1 6 
1800 40 1 6 
1800 41 67 
1800 42 1 6 
1800 43 1 6 
1800 44 18 38 
1800 45 1 6 
1800 46 1 6 
1800 47 1 6 
1800 48 1 6 
1800 49 1 6 
1800 50 1 6 52 66 
1800 51 23 
1800 52 50 
1800 53 18 
1800 54 1 6 
1800 55 1 6 
1800 56 1 6 
1800 57 1 6 
1800 58 1 6 
1800 59 1 6 
1800 60 1 6 
1800 61 1 6 
1800 62 1 6 
1800 63 1 6 
1800 64 1 6 
1800 65 36 
1800 66 50 
1800 67 1 6 41 
1800 68 2 7 69 
1800 69 68 
1800 70 2 7 76 89 
1800 71 2 7 
1800 72 2 7 78 81 94 98 104 
1800 73 96 
1800 74 2 7 8 9 100 
1800 75 2 7 8 9 
1800 76 70 
1800 77 2 7 
1800 78 72 
1800 79 2 7 
1800 80 2 7 8 
1800 81 72 
1800 82 2 7 8 
1800 83 2 7 8 
1800 84 2 7 8 
1800 85 96 
1800 86 2 7 
1800 87 2 7 8 
1800 88 2 7 9 
1800 89 70 
1800 90 2 7 
1800 91 2 7 
1800 92 2 7 
1800 93 2 7 
1800 94 72 
1800 95 99 
1800 96 2 7 73 85 
1800 97 2 7 
1800 98 72 
1800 99 2 7 95 
1800 100 74 
1800 101 2 7 
1800 102 2 7 
1800 103 2 7 
1800 104 72 
1800 105 2 7 8 
1800 106 2 7 
1800 107 2 7 
1800 108 3 10 
1800 109 3 10 
1800 110 3 10 
1800 111 3 10 
1800 112 3 10 128 130 
1800 113 3 10 
1800 114 132 
1800 115 3 10 11 
1800 116 3 10 
1800 117 3 10 
1800 118 3 10 
1800 119 3 10 
1800 120 3 10 124 
1800 121 3 10 11 
1800 122 3 10 
1800 123 3 10 
1800 124 120 
1800 125 3 10 
1800 126 3 10 
1800 127 3 10 
1800 128 112 
1800 129 3 10 
1800 130 112 
1800 131 3 10 
1800 132 3 10 114 
1800 133 3 10 
1800 134 3 10 
1800 135 3 10 
1800 136 3 10 
1800 137 3 10 
1800 138 3 10 
1800 139 4 13 14 
1800 140 4 13 14 
1800 141 4 13 14 
1800 142 4 13 14 
1800 143 4 13 14 
1800 144 4 13 14 154 
1800 145 4 13 14 
1800 146 4 13 14 
1800 147 4 13 14 
1800 148 4 13 14 
1800 149 4 12 13 14 
1800 150 4 13 14 
1800 151 4 13 14 
1800 152 4 13 14 
1800 153 4 13 14 
1800 154 144 
1800 155 4 13 14 
1800 156 4 13 14 
1800 157 4 13 14 
1800 158 4 13 14 
1800 159 4 13 14 
1800 160 4 13 14 
1800 161 4 13 14 
1800 162 4 13 14 
1800 163 4 13 14 
1800 164 4 13 14 
1800 165 4 13 14 
1800 166 4 13 14 
1800 167 4 13 14 
1800 168 0 
1800 169 4 13 14 
1800 170 4 13 14 
1800 171 4 13 14 
1800 172 4 13 14 
1800 173 0 
1800 174 4 13 14 
1800 175 4 13 14 
1800 176 4 13 14 
1800 177 4 13 14 
1800 178 4 13 14 
1800 179 4 13 14 
1800 180 4 13 14 
1800 181 4 12 13 14 
1800 182 4 13 14 
1800 183 4 13 14 
1800 184 4 13 14 
1800 185 4 13 14 
1800 186 4 13 14 
1800 187 5 15 207 208 
1800 188 193 
1800 189 193 
1800 190 5 15 
1800 191 5 15 
1800 192 5 15 
1800 193 5 15 188 189 206 211 223 
1800 194 5 15 
1800 195 5 15 216 
1800 196 5 15 
1800 197 5 15 16 
1800 198 225 
1800 199 5 15 
1800 200 5 15 
1800 201 5 15 
1800 202 5 15 
1800 203 5 15 
1800 204 5 15 
1800 205 5 15 
1800 206 193 
1800 207 187 
1800 208 187 
1800 209 5 15 
1800 210 5 15 
1800 211 193 
1800 212 227 
1800 213 5 15 
1800 214 5 15 
1800 215 5 15 
1800 216 195 
1800 217 5 15 
1800 218 5 15 
1800 219 5 15 
1800 220 5 15 
1800 221 5 15 
1800 222 5 15 16 
1800 223 193 
1800 224 5 15 
1800 225 5 15 198 
1800 226 5 15 
1800 227 5 15 212 
1800 228 5 15 
1800 229 0 1 2 3 4 5 
1800 230 0 2 4 5 
1800 231 0 1 2 3 4 5 
1800 232 0 1 3 4 
1800 233 0 1 2 3 5 
1800 234 0 2 3 
1800 235 0 2 4 5 
1800 236 0 1 3 4 
1800 237 0 2 3 4 
1800 238 0 1 4 5 
1800 239 0 2 3 
1800 240 0 1 2 3 4 5 
1800 241 0 1 3 4 5 
1800 242 0 1 2 4 5 
1800 243 0 2 3 4 5 
1800 244 0 1 2 5 
1800 245 0 3 4 5 
1800 246 0 1 2 4 
1800 247 0 2 3 4 5 
1800 248 0 1 3 5 
1800 249 0 2 3 4 5 
1800 250 0 1 3 
1800 251 0 2 4 5 
1800 252 0 2 3 
1800 253 0 1 4 5 
1800 254 0 1 3 5 
1800 255 0 1 2 3 4 
1800 256 0 2 5 
1800 257 0 1 2 4 5 
1800 258 0 2 3 
