0 21600
1800 0 1 2 3 4 5 222 223 224 225 226 227 228 229 230 231 232 233 234 235 236 237 238 239 240 241 242 243 244 245 246 247 248 249 250 251 
1800 1 0 2 3 4 5 6 20 21 23 24 25 27 28 30 31 32 33 34 35 36 37 38 39 40 41 42 43 44 45 46 47 48 49 51 52 55 57 58 59 60 61 62 63 64 222 225 226 227 228 230 231 232 233 235 236 237 241 243 245 246 247 251 
1800 2 0 1 3 4 5 7 8 9 10 11 65 66 67 68 70 71 72 73 76 77 80 82 83 84 85 88 89 91 92 94 95 96 97 98 100 101 103 222 224 225 226 227 229 231 232 233 234 235 236 239 241 242 244 246 248 249 251 
1800 3 0 1 2 4 5 12 13 14 15 16 104 105 106 107 108 109 110 111 112 113 115 116 117 118 119 120 121 122 123 124 125 126 127 128 129 130 133 134 135 136 137 139 140 141 142 143 144 145 146 147 148 149 222 224 226 227 228 229 230 231 233 234 235 237 238 240 242 245 247 248 250 251 
1800 4 0 1 2 3 5 17 150 151 154 155 156 157 158 159 160 162 163 166 168 169 171 172 173 174 177 179 181 182 183 185 188 223 224 225 227 229 230 232 233 234 236 238 240 243 244 245 247 250 
1800 5 0 1 2 3 4 19 192 193 194 195 196 199 204 205 207 208 210 212 213 214 215 216 217 219 221 223 225 227 229 230 231 233 234 235 236 239 241 242 243 245 246 247 249 251 
1800 6 1 20 21 23 24 25 27 28 30 31 32 33 34 35 36 37 38 39 40 41 42 43 44 45 46 47 48 49 51 52 55 57 58 59 60 61 62 63 64 
1800 7 2 8 9 10 11 65 66 67 68 70 71 72 73 76 77 80 82 83 84 85 88 89 91 92 94 95 96 97 98 100 101 103 
1800 8 2 7 10 11 65 66 67 76 77 82 83 84 85 89 
1800 9 2 7 10 66 67 68 76 77 100 
1800 10 2 7 8 9 11 65 66 67 68 70 71 72 73 76 77 80 82 83 84 85 88 89 91 92 94 95 96 97 98 100 101 103 
1800 11 2 7 8 10 65 66 67 76 77 82 83 84 85 89 
1800 12 3 13 15 16 118 119 
1800 13 3 12 14 15 104 105 106 107 108 109 110 111 112 113 115 116 117 118 119 120 121 122 123 124 125 126 127 128 129 130 133 134 135 136 137 139 140 141 142 143 144 145 146 147 148 149 
1800 14 3 13 15 16 110 
1800 15 3 12 13 14 16 104 105 106 107 108 109 110 111 112 113 115 116 117 118 119 120 121 122 123 124 125 126 127 128 129 130 133 134 135 136 137 139 140 141 142 143 144 145 146 147 148 149 
1800 16 3 12 14 15 104 105 106 107 108 109 110 111 112 113 115 116 117 118 119 120 121 122 123 124 125 126 127 128 129 130 133 134 135 136 137 139 140 141 142 143 144 145 146 147 148 149 
1800 17 4 154 188 
1800 18 155 156 183 
1800 19 5 
1800 20 1 6 
1800 21 1 6 
1800 22 26 
1800 23 1 6 
1800 24 1 6 26 
1800 25 1 6 50 53 
1800 26 22 24 
1800 27 1 6 
1800 28 1 6 
1800 29 35 
1800 30 1 6 
1800 31 1 6 
1800 32 1 6 
1800 33 1 6 
1800 34 1 6 
1800 35 1 6 29 
1800 36 1 6 
1800 37 1 6 
1800 38 1 6 
1800 39 1 6 
1800 40 1 6 
1800 41 1 6 
1800 42 1 6 
1800 43 1 6 
1800 44 1 6 
1800 45 1 6 
1800 46 1 6 
1800 47 1 6 
1800 48 1 6 54 
1800 49 1 6 
1800 50 25 
1800 51 1 6 
1800 52 1 6 
1800 53 25 
1800 54 48 
1800 55 1 6 
1800 56 59 
1800 57 1 6 
1800 58 1 6 
1800 59 1 6 56 
1800 60 1 6 
1800 61 1 6 
1800 62 1 6 
1800 63 1 6 
1800 64 1 6 
1800 65 2 7 8 10 11 75 81 
1800 66 2 7 8 9 10 11 
1800 67 2 7 8 9 10 11 74 
1800 68 2 7 9 10 69 78 79 
1800 69 68 
1800 70 2 7 10 
1800 71 2 7 10 86 
1800 72 2 7 10 87 
1800 73 2 7 10 90 
1800 74 67 93 
1800 75 65 
1800 76 2 7 8 9 10 11 
1800 77 2 7 8 9 10 11 
1800 78 68 
1800 79 68 
1800 80 2 7 10 
1800 81 65 
1800 82 2 7 8 10 11 
1800 83 2 7 8 10 11 
1800 84 2 7 8 10 11 
1800 85 2 7 8 10 11 
1800 86 71 102 
1800 87 72 
1800 88 2 7 10 
1800 89 2 7 8 10 11 
1800 90 73 
1800 91 2 7 10 
1800 92 2 7 10 
1800 93 74 
1800 94 2 7 10 
1800 95 2 7 10 
1800 96 2 7 10 
1800 97 2 7 10 
1800 98 2 7 10 
1800 99 103 
1800 100 2 7 9 10 
1800 101 2 7 10 
1800 102 86 
1800 103 2 7 10 99 
1800 104 3 13 15 16 
1800 105 3 13 15 16 
1800 106 3 13 15 16 
1800 107 3 13 15 16 
1800 108 3 13 15 16 
1800 109 3 13 15 16 
1800 110 3 13 14 15 16 
1800 111 3 13 15 16 
1800 112 3 13 15 16 
1800 113 3 13 15 16 
1800 114 133 
1800 115 3 13 15 16 
1800 116 3 13 15 16 
1800 117 3 13 15 16 
1800 118 3 12 13 15 16 
1800 119 3 12 13 15 16 
1800 120 3 13 15 16 
1800 121 3 13 15 16 
1800 122 3 13 15 16 
1800 123 3 13 15 16 
1800 124 3 13 15 16 
1800 125 3 13 15 16 
1800 126 3 13 15 16 
1800 127 3 13 15 16 
1800 128 3 13 15 16 131 
1800 129 3 13 15 16 
1800 130 3 13 15 16 132 
1800 131 128 
1800 132 130 
1800 133 3 13 15 16 114 
1800 134 3 13 15 16 138 
1800 135 3 13 15 16 
1800 136 3 13 15 16 
1800 137 3 13 15 16 
1800 138 134 
1800 139 3 13 15 16 
1800 140 3 13 15 16 
1800 141 3 13 15 16 
1800 142 3 13 15 16 
1800 143 3 13 15 16 
1800 144 3 13 15 16 
1800 145 3 13 15 16 
1800 146 3 13 15 16 
1800 147 3 13 15 16 
1800 148 3 13 15 16 
1800 149 3 13 15 16 
1800 150 4 
1800 151 4 152 165 176 
1800 152 151 167 186 
1800 153 177 
1800 154 4 17 170 
1800 155 4 18 
1800 156 4 18 
1800 157 4 
1800 158 4 175 
1800 159 4 
1800 160 4 
1800 161 168 
1800 162 4 
1800 163 4 
1800 164 170 
1800 165 151 
1800 166 4 184 
1800 167 152 
1800 168 4 161 
1800 169 4 
1800 170 154 164 
1800 171 4 178 180 189 
1800 172 4 
1800 173 4 
1800 174 4 
1800 175 158 
1800 176 151 
1800 177 4 153 
1800 178 171 
1800 179 4 
1800 180 171 
1800 181 4 
1800 182 4 
1800 183 4 18 
1800 184 166 
1800 185 4 
1800 186 152 
1800 187 
1800 188 4 17 
1800 189 171 
1800 190 191 
1800 191 190 192 218 
1800 192 5 191 206 
1800 193 5 201 202 
1800 194 5 
1800 195 5 211 
1800 196 5 
1800 197 205 
1800 198 212 
1800 199 5 
1800 200 205 220 
1800 201 193 
1800 202 193 
1800 203 206 
1800 204 5 
1800 205 5 197 200 
1800 206 192 203 
1800 207 5 
1800 208 5 
1800 209 210 
1800 210 5 209 
1800 211 195 
1800 212 5 198 
1800 213 5 
1800 214 5 
1800 215 5 
1800 216 5 
1800 217 5 
1800 218 191 
1800 219 5 
1800 220 200 
1800 221 5 
1800 222 0 1 2 3 
1800 223 0 4 5 
1800 224 0 2 3 4 
1800 225 0 1 2 4 5 
1800 226 0 1 2 3 
1800 227 0 1 2 3 4 5 
1800 228 0 1 3 
1800 229 0 2 3 4 5 
1800 230 0 1 3 4 5 
1800 231 0 1 2 3 5 
1800 232 0 1 2 4 
1800 233 0 1 2 3 4 5 
1800 234 0 2 3 4 5 
1800 235 0 1 2 3 5 
1800 236 0 1 2 4 5 
1800 237 0 1 3 
1800 238 0 3 4 
1800 239 0 2 5 
1800 240 0 3 4 
1800 241 0 1 2 5 
1800 242 0 2 3 5 
1800 243 0 1 4 5 
1800 244 0 2 4 
1800 245 0 1 3 4 5 
1800 246 0 1 2 5 
1800 247 0 1 3 4 5 
1800 248 0 2 3 
1800 249 0 2 5 
1800 250 0 3 4 
1800 251 0 1 2 3 5 
