0 10800
1800 0 3 229 230 231 232 233 234 235 236 237 238 239 240 241 242 243 244 245 246 247 248 249 250 251 252 253 254 255 256 257 258 
1800 1 48 62 
1800 2 96 105 
1800 3 0 126 229 231 232 233 234 236 237 239 240 241 243 245 247 248 249 250 252 254 255 258 
1800 4 5 157 229 230 231 232 235 236 237 238 240 241 242 243 245 246 247 249 251 253 255 257 
1800 5 4 213 229 230 231 233 235 238 240 241 242 243 244 245 247 248 249 251 253 254 256 257 
1800 6 50 67 
1800 7 84 86 
1800 8 90 107 
1800 9 82 107 
1800 10 109 117 
1800 11 110 111 133 
1800 12 14 139 151 163 
1800 13 141 180 
1800 14 12 141 
1800 15 205 214 
1800 16 222 228 
1800 17 196 210 
1800 18 39 45 
1800 19 56 57 
1800 20 46 67 
1800 21 29 
1800 22 29 
1800 23 33 67 
1800 24 53 55 
1800 25 34 
1800 26 60 61 66 
1800 27 
1800 28 58 59 
1800 29 21 22 
1800 30 46 49 
1800 31 46 47 
1800 32 47 62 
1800 33 23 54 
1800 34 25 57 
1800 35 
1800 36 63 
1800 37 57 
1800 38 52 
1800 39 18 64 
1800 40 67 
1800 41 
1800 42 46 50 
1800 43 48 56 
1800 44 52 60 61 
1800 45 18 55 
1800 46 20 30 31 42 
1800 47 31 32 
1800 48 1 43 
1800 49 30 57 
1800 50 6 42 66 
1800 51 
1800 52 38 44 
1800 53 24 56 
1800 54 33 63 
1800 55 24 45 
1800 56 19 43 53 
1800 57 19 34 37 49 
1800 58 28 64 
1800 59 28 64 
1800 60 26 44 
1800 61 26 44 
1800 62 1 32 
1800 63 36 54 
1800 64 39 58 59 
1800 65 
1800 66 26 50 
1800 67 6 20 23 40 
1800 68 88 96 
1800 69 77 
1800 70 89 90 
1800 71 97 
1800 72 81 94 
1800 73 91 
1800 74 80 100 
1800 75 78 87 
1800 76 78 88 
1800 77 69 102 
1800 78 75 76 93 
1800 79 91 107 
1800 80 74 106 
1800 81 72 105 
1800 82 9 92 101 
1800 83 96 99 
1800 84 7 94 
1800 85 
1800 86 7 88 
1800 87 75 103 
1800 88 68 76 86 
1800 89 70 97 
1800 90 8 70 
1800 91 73 79 
1800 92 82 106 
1800 93 78 96 
1800 94 72 84 
1800 95 
1800 96 2 68 83 93 102 
1800 97 71 89 103 
1800 98 105 
1800 99 83 100 
1800 100 74 99 
1800 101 82 106 
1800 102 77 96 
1800 103 87 97 
1800 104 107 
1800 105 2 81 98 
1800 106 80 92 101 
1800 107 8 9 79 104 
1800 108 110 120 
1800 109 10 136 
1800 110 11 108 
1800 111 11 120 
1800 112 123 137 
1800 113 117 127 
1800 114 132 
1800 115 126 127 
1800 116 122 129 
1800 117 10 113 
1800 118 131 137 
1800 119 132 135 
1800 120 108 111 
1800 121 122 134 
1800 122 116 121 133 
1800 123 112 127 
1800 124 
1800 125 131 136 
1800 126 3 115 134 
1800 127 113 115 123 
1800 128 
1800 129 116 135 
1800 130 
1800 131 118 125 
1800 132 114 119 
1800 133 11 122 
1800 134 121 126 
1800 135 119 129 
1800 136 109 125 
1800 137 112 118 
1800 138 
1800 139 12 170 
1800 140 161 181 
1800 141 13 14 170 
1800 142 164 177 
1800 143 145 186 
1800 144 156 168 
1800 145 143 159 
1800 146 161 183 
1800 147 177 186 
1800 148 152 184 
1800 149 154 182 
1800 150 153 156 
1800 151 12 164 
1800 152 148 154 
1800 153 150 181 
1800 154 149 152 
1800 155 176 186 
1800 156 144 150 
1800 157 4 166 
1800 158 167 185 
1800 159 145 182 
1800 160 171 176 
1800 161 140 146 
1800 162 169 178 
1800 163 12 182 
1800 164 142 151 172 
1800 165 179 184 
1800 166 157 177 
1800 167 158 185 
1800 168 144 
1800 169 162 174 
1800 170 139 141 
1800 171 160 179 
1800 172 164 178 
1800 173 180 
1800 174 169 186 
1800 175 182 185 
1800 176 155 160 
1800 177 142 147 166 
1800 178 162 172 
1800 179 165 171 
1800 180 13 173 
1800 181 140 153 
1800 182 149 159 163 175 
1800 183 146 186 
1800 184 148 165 
1800 185 158 167 175 
1800 186 143 147 155 174 183 
1800 187 189 207 213 
1800 188 223 
1800 189 187 
1800 190 224 225 
1800 191 204 221 
1800 192 202 228 
1800 193 217 219 
1800 194 196 210 
1800 195 200 217 
1800 196 17 194 
1800 197 206 215 
1800 198 
1800 199 202 207 
1800 200 195 205 
1800 201 220 222 
1800 202 192 199 
1800 203 222 
1800 204 191 218 
1800 205 15 200 
1800 206 197 223 
1800 207 187 199 
1800 208 
1800 209 
1800 210 17 194 
1800 211 226 
1800 212 
1800 213 5 187 
1800 214 15 217 
1800 215 197 219 
1800 216 217 223 
1800 217 193 195 214 216 
1800 218 204 228 
1800 219 193 215 
1800 220 201 224 
1800 221 191 228 
1800 222 16 201 203 
1800 223 188 206 216 
1800 224 190 220 
1800 225 190 226 
1800 226 211 225 
1800 227 
1800 228 16 192 218 221 
1800 229 0 3 4 5 
1800 230 0 4 5 
1800 231 0 3 4 5 
1800 232 0 3 4 
1800 233 0 3 5 
1800 234 0 3 
1800 235 0 4 5 
1800 236 0 3 4 
1800 237 0 3 4 
1800 238 0 4 5 
1800 239 0 3 
1800 240 0 3 4 5 
1800 241 0 3 4 5 
1800 242 0 4 5 
1800 243 0 3 4 5 
1800 244 0 5 
1800 245 0 3 4 5 
1800 246 0 4 
1800 247 0 3 4 5 
1800 248 0 3 5 
1800 249 0 3 4 5 
1800 250 0 3 
1800 251 0 4 5 
1800 252 0 3 
1800 253 0 4 5 
1800 254 0 3 5 
1800 255 0 3 4 
1800 256 0 5 
1800 257 0 4 5 
1800 258 0 3 
