0 10800
0 0 227 228 229 230 231 232 233 234 235 236 237 238 239 240 241 242 243 244 245 246 247 248 249 250 251 252 253 254 255 256 
0 1 6 7 20 21 23 24 26 27 29 31 33 36 39 42 44 46 47 50 51 52 53 55 56 227 229 230 231 234 236 237 239 240 241 243 245 247 249 250 251 253 254 255 
0 2 8 9 57 58 59 60 61 62 64 65 67 68 69 70 72 74 75 76 77 78 79 80 81 82 84 85 86 87 89 90 92 93 95 96 97 98 99 100 227 228 230 231 234 235 237 238 241 243 246 248 249 250 252 253 254 
0 3 10 11 12 13 104 106 107 108 110 111 112 113 116 118 120 121 123 125 127 128 129 131 132 134 135 228 230 232 233 236 237 239 242 244 247 248 250 251 252 253 255 256 
0 4 14 49 136 137 139 141 142 143 144 145 146 147 148 149 150 151 152 153 154 155 156 157 158 159 160 161 162 163 164 165 166 167 168 169 170 171 172 173 174 175 176 177 178 179 180 181 182 227 228 229 232 233 235 238 240 241 243 244 247 248 251 253 254 255 
0 5 15 16 17 18 19 183 185 187 188 190 191 195 197 198 201 202 205 206 209 210 212 215 218 220 221 223 225 228 229 232 234 236 237 238 240 242 243 245 246 248 250 253 254 255 256 
0 6 1 7 20 21 23 24 26 27 29 31 33 36 39 42 44 46 47 50 51 52 53 55 56 
0 7 1 6 20 21 23 24 26 27 29 31 33 36 39 42 44 46 47 50 51 52 53 55 56 
0 8 2 9 57 58 59 60 61 62 64 65 67 68 69 70 72 74 75 76 77 78 79 80 81 82 84 85 86 87 89 90 92 93 95 96 97 98 99 100 
0 9 2 8 57 58 59 60 61 62 64 65 67 68 69 70 72 74 75 76 77 78 79 80 81 82 84 85 86 87 89 90 92 93 95 96 97 98 99 100 
0 10 3 11 12 13 104 106 107 108 110 111 112 113 116 118 120 121 123 125 127 128 129 131 132 134 135 
0 11 3 10 12 13 104 106 107 108 110 111 112 113 116 118 120 121 123 125 127 128 129 131 132 134 135 
0 12 3 10 11 13 104 106 107 108 110 111 112 113 116 118 120 121 123 125 127 128 129 131 132 134 135 
0 13 3 10 11 12 104 106 107 108 110 111 112 113 116 118 120 121 123 125 127 128 129 131 132 134 135 
0 14 4 49 136 137 139 141 142 143 144 145 146 147 148 149 150 151 152 153 154 155 156 157 158 159 160 161 162 163 164 165 166 167 168 169 170 171 172 173 174 175 176 177 178 179 180 181 182 
0 15 5 16 17 18 19 183 185 187 188 190 191 195 197 198 201 202 205 206 209 210 212 215 218 220 221 223 225 
0 16 5 15 17 18 19 183 185 187 188 190 191 195 197 198 201 202 205 206 209 210 212 215 218 220 221 223 225 
0 17 5 15 16 18 19 183 185 187 188 190 191 195 197 198 201 202 205 206 209 210 212 215 218 220 221 223 225 
0 18 5 15 16 17 19 183 185 187 188 190 191 195 197 198 201 202 205 206 209 210 212 215 218 220 221 223 225 
0 19 5 15 16 17 18 183 185 187 188 190 191 195 197 198 201 202 205 206 209 210 212 215 218 220 221 223 225 
0 20 1 6 7 23 24 27 28 30 31 33 42 44 46 51 53 55 56 
0 21 1 6 7 25 26 29 35 36 39 43 44 45 47 52 54 
0 22 25 43 44 45 54 
0 23 1 6 7 20 24 26 27 29 31 33 36 39 42 44 46 47 50 51 53 55 56 
0 24 1 6 7 20 23 26 27 28 29 30 31 33 36 42 44 46 51 53 55 56 177 
0 25 21 22 26 29 43 44 45 47 54 
0 26 1 6 7 21 23 24 25 27 29 33 36 39 42 43 44 46 47 50 51 52 54 55 56 
0 27 1 6 7 20 23 24 26 29 31 33 36 42 44 46 47 50 51 53 55 56 
0 28 20 24 30 31 33 37 49 53 55 56 136 137 141 143 150 151 154 168 177 181 
0 29 1 6 7 21 23 24 25 26 27 36 38 42 43 44 46 47 50 51 54 55 56 
0 30 20 24 28 31 33 40 42 46 53 55 136 137 154 155 168 177 
0 31 1 6 7 20 23 24 27 28 30 33 36 37 42 46 51 53 55 56 150 168 177 
0 32 34 41 48 
0 33 1 6 7 20 23 24 26 27 28 30 31 36 37 39 42 46 51 53 55 56 150 177 
0 34 32 41 48 
0 35 21 39 52 
0 36 1 6 7 21 23 24 26 27 29 31 33 39 42 43 44 46 47 50 51 52 55 56 
0 37 28 31 33 39 49 55 56 150 177 
0 38 29 47 50 54 
0 39 1 6 7 21 23 26 33 35 36 37 44 47 52 55 56 
0 40 30 53 109 
0 41 32 34 109 
0 42 1 6 7 20 23 24 26 27 29 30 31 33 36 44 46 50 51 53 55 56 
0 43 21 22 25 26 29 36 44 45 47 54 
0 44 1 6 7 20 21 22 23 24 25 26 27 29 36 39 42 43 45 46 47 50 51 54 55 56 
0 45 21 22 25 43 44 47 54 
0 46 1 6 7 20 23 24 26 27 29 30 31 33 36 42 44 50 51 53 55 56 
0 47 1 6 7 21 23 25 26 27 29 36 38 39 43 44 45 50 51 52 54 56 
0 48 32 34 50 
0 49 4 14 28 37 136 137 141 142 143 144 145 147 150 151 153 154 155 156 161 168 173 177 179 181 
0 50 1 6 7 23 26 27 29 36 38 42 44 46 47 48 51 54 
0 51 1 6 7 20 23 24 26 27 29 31 33 36 42 44 46 47 50 53 55 56 
0 52 1 6 7 21 26 35 36 39 47 
0 53 1 6 7 20 23 24 27 28 30 31 33 40 42 46 51 55 56 
0 54 21 22 25 26 29 38 43 44 45 47 50 
0 55 1 6 7 20 23 24 26 27 28 29 30 31 33 36 37 39 42 44 46 51 53 56 
0 56 1 6 7 20 23 24 26 27 28 29 31 33 36 37 39 42 44 46 47 51 53 55 
0 57 2 8 9 58 59 60 61 62 64 65 67 68 69 70 72 73 74 75 76 77 78 79 80 81 82 84 85 86 87 89 90 93 95 96 97 98 99 
0 58 2 8 9 57 59 60 61 62 64 65 67 68 69 70 74 75 76 77 79 80 82 83 85 86 87 89 90 92 93 95 96 97 98 99 100 
0 59 2 8 9 57 58 60 61 62 64 65 67 68 69 70 72 74 75 76 77 78 79 80 81 82 83 84 85 86 87 89 90 92 93 95 96 97 98 99 100 
0 60 2 8 9 57 58 59 61 62 64 65 67 68 69 70 72 74 75 76 77 78 79 80 81 82 84 85 86 87 89 90 92 93 95 96 97 98 99 100 
0 61 2 8 9 57 58 59 60 62 64 65 67 68 69 70 71 74 75 77 79 80 82 83 84 85 86 89 90 93 95 96 97 98 
0 62 2 8 9 57 58 59 60 61 64 65 67 68 69 70 71 74 75 77 79 80 82 83 84 85 86 87 89 90 93 94 95 96 97 98 
0 63 67 73 75 81 84 90 
0 64 2 8 9 57 58 59 60 61 62 65 67 68 69 70 72 74 75 76 77 78 79 80 82 83 84 85 86 87 88 89 90 92 93 95 96 97 98 99 100 
0 65 2 8 9 57 58 59 60 61 62 64 67 68 69 70 72 74 75 76 77 78 79 80 82 83 84 85 86 87 89 90 92 93 95 96 97 98 99 100 
0 66 72 
0 67 2 8 9 57 58 59 60 61 62 63 64 65 69 70 72 73 74 75 76 77 78 79 80 81 82 84 85 87 89 90 92 93 96 97 98 99 
0 68 2 8 9 57 58 59 60 61 62 64 65 69 70 71 74 75 77 79 80 82 83 84 85 86 89 93 94 95 96 98 
0 69 2 8 9 57 58 59 60 61 62 64 65 67 68 70 72 74 75 76 77 78 79 80 81 82 84 85 86 87 89 90 92 93 95 96 97 98 99 100 
0 70 2 8 9 57 58 59 60 61 62 64 65 67 68 69 72 74 75 76 77 78 79 80 82 83 84 85 86 87 89 90 92 93 95 96 97 98 99 100 
0 71 61 62 68 77 79 89 94 95 
0 72 2 8 9 57 59 60 64 65 66 67 69 70 75 76 78 80 81 82 85 87 88 90 92 93 96 97 98 99 100 
0 73 57 63 67 75 81 84 90 
0 74 2 8 9 57 58 59 60 61 62 64 65 67 68 69 70 75 76 77 78 79 80 82 83 84 85 86 87 89 90 92 93 95 96 97 98 99 100 
0 75 2 8 9 57 58 59 60 61 62 63 64 65 67 68 69 70 72 73 74 76 77 78 79 80 81 82 84 85 87 89 90 93 95 96 97 98 
0 76 2 8 9 57 58 59 60 64 65 67 69 70 72 74 75 77 78 80 82 84 85 87 88 89 90 92 93 96 97 98 99 100 
0 77 2 8 9 57 58 59 60 61 62 64 65 67 68 69 70 71 74 75 76 79 80 82 83 84 85 86 87 89 90 93 95 96 97 98 99 
0 78 2 8 9 57 59 60 64 65 67 69 70 72 74 75 76 80 81 82 84 85 87 88 89 90 92 93 96 97 98 99 100 
0 79 2 8 9 57 58 59 60 61 62 64 65 67 68 69 70 71 74 75 77 80 82 83 84 85 86 89 90 93 94 95 96 98 
0 80 2 8 9 57 58 59 60 61 62 64 65 67 68 69 70 72 74 75 76 77 78 79 82 83 84 85 86 87 89 90 92 93 95 96 97 98 99 100 
0 81 2 8 9 57 59 60 63 67 69 72 73 75 78 82 84 85 87 90 96 97 98 
0 82 2 8 9 57 58 59 60 61 62 64 65 67 68 69 70 72 74 75 76 77 78 79 80 81 83 84 85 86 87 88 89 90 91 92 93 95 96 97 98 99 100 
0 83 58 59 61 62 64 65 68 70 74 77 79 80 82 86 89 93 94 95 
0 84 2 8 9 57 59 60 61 62 63 64 65 67 68 69 70 73 74 75 76 77 78 79 80 81 82 85 87 89 90 93 96 97 98 
0 85 2 8 9 57 58 59 60 61 62 64 65 67 68 69 70 72 74 75 76 77 78 79 80 81 82 84 86 87 89 90 92 93 95 96 97 98 99 100 
0 86 2 8 9 57 58 59 60 61 62 64 65 68 69 70 74 77 79 80 82 83 85 87 89 91 93 95 96 98 99 
0 87 2 8 9 57 58 59 60 62 64 65 67 69 70 72 74 75 76 77 78 80 81 82 84 85 86 88 89 90 91 92 93 96 97 98 99 100 
0 88 64 72 76 78 82 87 92 97 98 99 100 
0 89 2 8 9 57 58 59 60 61 62 64 65 67 68 69 70 71 74 75 76 77 78 79 80 82 83 84 85 86 87 90 93 95 96 97 98 99 
0 90 2 8 9 57 58 59 60 61 62 63 64 65 67 69 70 72 73 74 75 76 77 78 79 80 81 82 84 85 87 89 92 93 96 97 98 99 100 
0 91 82 86 87 
0 92 2 8 9 58 59 60 64 65 67 69 70 72 74 76 78 80 82 85 87 88 90 93 96 97 98 99 100 
0 93 2 8 9 57 58 59 60 61 62 64 65 67 68 69 70 72 74 75 76 77 78 79 80 82 83 84 85 86 87 89 90 92 95 96 97 98 99 100 
0 94 62 68 71 79 83 95 
0 95 2 8 9 57 58 59 60 61 62 64 65 68 69 70 71 74 75 77 79 80 82 83 85 86 89 93 94 96 
0 96 2 8 9 57 58 59 60 61 62 64 65 67 68 69 70 72 74 75 76 77 78 79 80 81 82 84 85 86 87 89 90 92 93 95 97 98 99 100 
0 97 2 8 9 57 58 59 60 61 62 64 65 67 69 70 72 74 75 76 77 78 80 81 82 84 85 87 88 89 90 92 93 96 98 99 100 
0 98 2 8 9 57 58 59 60 61 62 64 65 67 68 69 70 72 74 75 76 77 78 79 80 81 82 84 85 86 87 88 89 90 92 93 96 97 99 100 
0 99 2 8 9 57 58 59 60 64 65 67 69 70 72 74 76 77 78 80 82 85 86 87 88 89 90 92 93 96 97 98 100 
0 100 2 8 9 58 59 60 64 65 69 70 72 74 76 78 80 82 85 87 88 90 92 93 96 97 98 99 
0 101 102 115 120 122 124 127 134 
0 102 101 107 108 115 120 124 127 133 134 
0 103 104 114 116 117 123 126 128 131 
0 104 3 10 11 12 13 103 106 108 110 111 112 113 116 117 118 121 123 125 126 128 129 131 132 134 135 
0 105 114 
0 106 3 10 11 12 13 104 108 110 111 112 113 116 118 121 125 128 129 132 134 135 
0 107 3 10 11 12 13 102 108 110 112 116 118 123 127 128 129 131 133 134 135 
0 108 3 10 11 12 13 102 104 106 107 110 112 116 118 121 123 125 127 128 129 131 133 134 135 
0 109 40 41 
0 110 3 10 11 12 13 104 106 107 108 111 112 113 116 118 120 121 125 127 128 129 132 134 135 
0 111 3 10 11 12 13 104 106 110 112 113 116 118 121 123 125 126 128 129 132 134 135 
0 112 3 10 11 12 13 104 106 107 108 110 111 116 118 120 121 125 127 128 129 132 134 135 
0 113 3 10 11 12 13 104 106 110 111 116 118 121 123 125 126 128 132 135 
0 114 103 105 117 128 
0 115 101 102 124 127 133 
0 116 3 10 11 12 13 103 104 106 107 108 110 111 112 113 117 118 121 123 125 126 128 129 131 132 134 135 
0 117 103 104 114 116 123 126 128 131 
0 118 3 10 11 12 13 104 106 107 108 110 111 112 113 116 120 121 125 127 128 129 132 134 135 
0 119 
0 120 3 10 11 12 13 101 102 110 112 118 121 122 124 127 134 
0 121 3 10 11 12 13 104 106 108 110 111 112 113 116 118 120 125 128 129 132 134 135 
0 122 101 120 124 127 
0 123 3 10 11 12 13 103 104 107 108 111 113 116 117 125 126 128 129 131 135 
0 124 101 102 115 120 122 127 
0 125 3 10 11 12 13 104 106 108 110 111 112 113 116 118 121 123 126 128 129 132 134 135 
0 126 103 104 111 113 116 117 123 125 128 129 132 135 
0 127 3 10 11 12 13 101 102 107 108 110 112 115 118 120 122 124 128 129 133 134 
0 128 3 10 11 12 13 103 104 106 107 108 110 111 112 113 114 116 117 118 121 123 125 126 127 129 131 132 134 135 
0 129 3 10 11 12 13 104 106 107 108 110 111 112 116 118 121 123 125 126 127 128 131 132 133 134 135 
0 130 
0 131 3 10 11 12 13 103 104 107 108 116 117 123 128 129 133 135 
0 132 3 10 11 12 13 104 106 110 111 112 113 116 118 121 125 126 128 129 134 135 
0 133 102 107 108 115 127 129 131 
0 134 3 10 11 12 13 101 102 104 106 107 108 110 111 112 116 118 120 121 125 127 128 129 132 135 
0 135 3 10 11 12 13 104 106 107 108 110 111 112 113 116 118 121 123 125 126 128 129 131 132 134 
0 136 4 14 28 30 49 137 141 142 143 144 145 146 147 148 149 150 151 152 153 154 155 156 157 158 161 162 163 165 166 167 168 172 173 175 176 177 178 179 181 182 
0 137 4 14 28 30 49 136 141 142 143 144 145 146 147 148 149 150 151 152 153 154 155 156 157 158 161 162 163 165 166 167 168 172 173 175 176 177 178 179 181 182 
0 138 140 146 149 152 159 160 164 167 169 170 174 175 176 180 181 
0 139 4 14 140 141 142 143 144 145 146 147 148 149 151 152 153 155 156 159 160 161 162 163 164 167 168 170 173 174 175 176 178 179 180 181 182 
0 140 138 139 144 145 149 152 156 159 160 163 164 167 170 174 175 176 180 181 
0 141 4 14 28 49 136 137 139 142 143 144 145 147 148 149 150 151 152 153 154 155 156 158 161 162 163 165 166 167 168 173 175 176 177 178 179 181 182 
0 142 4 14 49 136 137 139 141 143 144 145 146 147 148 149 150 151 152 153 154 155 156 158 159 160 161 162 163 164 165 166 167 168 170 172 173 175 176 177 178 179 181 182 
0 143 4 14 28 49 136 137 139 141 142 144 145 146 147 148 149 150 151 152 153 154 155 156 158 161 162 163 165 166 167 168 172 173 175 176 177 178 179 181 182 
0 144 4 14 49 136 137 139 140 141 142 143 145 146 147 148 149 150 151 152 153 154 155 156 157 158 159 160 161 162 163 164 165 166 167 168 169 170 171 172 173 174 175 176 177 178 179 180 181 182 
0 145 4 14 49 136 137 139 140 141 142 143 144 146 147 148 149 150 151 152 153 154 155 156 158 159 160 161 162 163 164 165 166 167 168 170 172 173 174 175 176 177 178 179 180 181 182 
0 146 4 14 136 137 138 139 142 143 144 145 147 148 149 151 152 153 154 155 156 157 158 159 160 161 162 163 164 165 166 167 168 169 170 171 172 173 174 175 176 178 179 180 181 182 
0 147 4 14 49 136 137 139 141 142 143 144 145 146 148 149 150 151 152 153 154 155 156 157 158 159 160 161 162 163 164 165 166 167 168 169 170 171 172 173 174 175 176 177 178 179 181 182 
0 148 4 14 136 137 139 141 142 143 144 145 146 147 149 150 151 152 153 154 155 156 157 158 159 161 162 163 164 165 166 167 168 169 170 171 172 173 174 175 176 177 178 179 181 182 
0 149 4 14 136 137 138 139 140 141 142 143 144 145 146 147 148 151 152 153 154 155 156 157 158 159 160 161 162 163 164 165 166 167 168 169 170 171 172 173 174 175 176 178 179 180 181 182 
0 150 4 14 28 31 33 37 49 136 137 141 142 143 144 145 147 148 151 153 154 155 156 158 161 163 165 168 173 177 178 179 181 
0 151 4 14 28 49 136 137 139 141 142 143 144 145 146 147 148 149 150 152 153 154 155 156 157 158 161 162 163 165 166 167 168 169 172 173 175 176 177 178 179 181 182 
0 152 4 14 136 137 138 139 140 141 142 143 144 145 146 147 148 149 151 153 154 155 156 157 158 159 160 161 162 163 164 165 166 167 168 169 170 171 172 173 174 175 176 178 179 180 181 182 
0 153 4 14 49 136 137 139 141 142 143 144 145 146 147 148 149 150 151 152 154 155 156 157 158 159 160 161 162 163 164 165 166 167 168 169 170 171 172 173 174 175 176 177 178 179 180 181 182 
0 154 4 14 28 30 49 136 137 141 142 143 144 145 146 147 148 149 150 151 152 153 155 156 157 158 161 162 163 165 166 167 168 172 173 175 176 177 178 179 181 182 
0 155 4 14 30 49 136 137 139 141 142 143 144 145 146 147 148 149 150 151 152 153 154 156 157 158 159 160 161 162 163 164 165 166 167 168 169 170 171 172 173 174 175 176 177 178 179 181 182 
0 156 4 14 49 136 137 139 140 141 142 143 144 145 146 147 148 149 150 151 152 153 154 155 157 158 159 160 161 162 163 164 165 166 167 168 169 170 172 173 174 175 176 178 179 180 181 182 
0 157 4 14 136 137 144 146 147 148 149 151 152 153 154 155 156 158 161 162 163 165 166 167 168 169 171 172 173 174 175 176 178 179 181 182 
0 158 4 14 136 137 141 142 143 144 145 146 147 148 149 150 151 152 153 154 155 156 157 161 162 163 165 166 167 168 169 171 172 173 175 176 177 178 179 181 182 
0 159 4 14 138 139 140 142 144 145 146 147 148 149 152 153 155 156 160 162 163 164 167 168 169 170 173 174 175 176 178 179 180 181 182 
0 160 4 14 138 139 140 142 144 145 146 147 149 152 153 155 156 159 162 163 164 167 168 170 173 174 175 176 178 179 180 181 182 
0 161 4 14 49 136 137 139 141 142 143 144 145 146 147 148 149 150 151 152 153 154 155 156 157 158 162 163 165 166 167 168 169 170 171 172 173 175 176 177 178 179 181 182 
0 162 4 14 136 137 139 141 142 143 144 145 146 147 148 149 151 152 153 154 155 156 157 158 159 160 161 163 164 165 166 167 168 169 170 171 172 173 174 175 176 178 179 180 181 182 
0 163 4 14 136 137 139 140 141 142 143 144 145 146 147 148 149 150 151 152 153 154 155 156 157 158 159 160 161 162 164 165 166 167 168 169 170 171 172 173 174 175 176 178 179 180 181 182 
0 164 4 14 138 139 140 142 144 145 146 147 148 149 152 153 155 156 159 160 162 163 167 168 169 170 173 174 175 176 178 179 180 181 182 
0 165 4 14 136 137 141 142 143 144 145 146 147 148 149 150 151 152 153 154 155 156 157 158 161 162 163 166 167 168 169 171 172 173 175 176 177 178 179 181 182 
0 166 4 14 136 137 141 142 143 144 145 146 147 148 149 151 152 153 154 155 156 157 158 161 162 163 165 167 168 169 171 172 173 175 176 177 178 179 181 182 
0 167 4 14 136 137 138 139 140 141 142 143 144 145 146 147 148 149 151 152 153 154 155 156 157 158 159 160 161 162 163 164 165 166 168 169 170 171 172 173 174 175 176 178 179 180 181 182 
0 168 4 14 28 30 31 49 136 137 139 141 142 143 144 145 146 147 148 149 150 151 152 153 154 155 156 157 158 159 160 161 162 163 164 165 166 167 169 170 171 172 173 174 175 176 177 178 179 181 182 
0 169 4 14 138 144 146 147 148 149 151 152 153 155 156 157 158 159 161 162 163 164 165 166 167 168 170 171 172 174 175 176 178 179 181 182 
0 170 4 14 138 139 140 142 144 145 146 147 148 149 152 153 155 156 159 160 161 162 163 164 167 168 169 171 172 173 174 175 176 178 179 180 181 182 
0 171 4 14 144 146 147 148 149 152 153 155 157 158 161 162 163 165 166 167 168 169 170 172 174 175 176 178 179 181 182 
0 172 4 14 136 137 142 143 144 145 146 147 148 149 151 152 153 154 155 156 157 158 161 162 163 165 166 167 168 169 170 171 173 174 175 176 178 179 181 182 
0 173 4 14 49 136 137 139 141 142 143 144 145 146 147 148 149 150 151 152 153 154 155 156 157 158 159 160 161 162 163 164 165 166 167 168 170 172 175 176 177 178 179 181 182 
0 174 4 14 138 139 140 144 145 146 147 148 149 152 153 155 156 157 159 160 162 163 164 167 168 169 170 171 172 175 176 178 179 180 181 182 
0 175 4 14 136 137 138 139 140 141 142 143 144 145 146 147 148 149 151 152 153 154 155 156 157 158 159 160 161 162 163 164 165 166 167 168 169 170 171 172 173 174 176 178 179 180 181 182 
0 176 4 14 136 137 138 139 140 141 142 143 144 145 146 147 148 149 151 152 153 154 155 156 157 158 159 160 161 162 163 164 165 166 167 168 169 170 171 172 173 174 175 178 179 180 181 182 
0 177 4 14 24 28 30 31 33 37 49 136 137 141 142 143 144 145 147 148 150 151 153 154 155 158 161 165 166 168 173 178 179 181 
0 178 4 14 136 137 139 141 142 143 144 145 146 147 148 149 150 151 152 153 154 155 156 157 158 159 160 161 162 163 164 165 166 167 168 169 170 171 172 173 174 175 176 177 179 181 182 
0 179 4 14 49 136 137 139 141 142 143 144 145 146 147 148 149 150 151 152 153 154 155 156 157 158 159 160 161 162 163 164 165 166 167 168 169 170 171 172 173 174 175 176 177 178 180 181 182 
0 180 4 14 138 139 140 144 145 146 149 152 153 156 159 160 162 163 164 167 170 174 175 176 179 181 182 
0 181 4 14 28 49 136 137 138 139 140 141 142 143 144 145 146 147 148 149 150 151 152 153 154 155 156 157 158 159 160 161 162 163 164 165 166 167 168 169 170 171 172 173 174 175 176 177 178 179 180 182 
0 182 4 14 136 137 139 141 142 143 144 145 146 147 148 149 151 152 153 154 155 156 157 158 159 160 161 162 163 164 165 166 167 168 169 170 171 172 173 174 175 176 178 179 180 181 
0 183 5 15 16 17 18 19 185 187 188 190 191 195 197 198 201 202 205 206 209 210 211 212 215 218 220 221 223 225 226 
0 184 185 187 191 195 197 201 209 210 213 221 226 
0 185 5 15 16 17 18 19 183 184 187 188 191 195 197 198 201 205 209 210 218 221 222 223 226 
0 186 194 197 199 201 210 216 226 
0 187 5 15 16 17 18 19 183 184 185 188 190 191 195 198 202 205 209 215 218 220 221 222 223 
0 188 5 15 16 17 18 19 183 185 187 190 191 195 197 198 201 202 204 205 206 209 210 212 215 218 220 221 223 225 
0 189 193 200 
0 190 5 15 16 17 18 19 183 187 188 191 195 198 202 203 204 205 207 208 209 212 215 218 219 220 221 223 
0 191 5 15 16 17 18 19 183 184 185 187 188 190 195 197 198 201 202 205 206 209 210 212 215 218 220 221 223 225 
0 192 200 
0 193 189 204 208 211 212 214 219 224 225 
0 194 186 197 199 201 206 210 211 216 225 226 
0 195 5 15 16 17 18 19 183 184 185 187 188 190 191 197 198 201 202 205 206 209 210 212 215 218 220 221 223 
0 196 222 
0 197 5 15 16 17 18 19 183 184 185 186 188 191 194 195 198 199 201 202 205 206 209 210 211 212 215 218 220 223 225 226 
0 198 5 15 16 17 18 19 183 185 187 188 190 191 195 197 201 202 205 206 209 210 212 215 218 220 221 223 225 
0 199 186 194 197 201 206 210 216 226 
0 200 189 192 219 
0 201 5 15 16 17 18 19 183 184 185 186 188 191 194 195 197 198 199 205 206 209 210 215 218 220 223 225 226 
0 202 5 15 16 17 18 19 183 187 188 190 191 195 197 198 203 204 205 207 208 209 212 215 218 219 220 221 223 225 
0 203 190 202 204 207 208 219 
0 204 188 190 193 202 203 205 207 208 212 215 218 219 220 223 224 225 
0 205 5 15 16 17 18 19 183 185 187 188 190 191 195 197 198 201 202 204 206 209 212 215 218 220 221 223 225 
0 206 5 15 16 17 18 19 183 188 191 194 195 197 198 199 201 205 210 211 212 215 218 220 223 224 225 226 
0 207 190 202 203 204 219 
0 208 190 193 202 203 204 211 212 215 219 220 224 225 
0 209 5 15 16 17 18 19 183 184 185 187 188 190 191 195 197 198 201 202 205 215 218 220 221 222 223 
0 210 5 15 16 17 18 19 183 184 185 186 188 191 194 195 197 198 199 201 206 213 223 226 
0 211 183 193 194 197 206 208 212 214 215 217 220 224 225 
0 212 5 15 16 17 18 19 183 188 190 191 193 195 197 198 202 204 205 206 208 211 215 218 219 220 223 224 225 
0 213 184 210 
0 214 193 211 217 224 
0 215 5 15 16 17 18 19 183 187 188 190 191 195 197 198 201 202 204 205 206 208 209 211 212 218 219 220 223 224 225 
0 216 186 194 199 
0 217 211 214 224 
0 218 5 15 16 17 18 19 183 185 187 188 190 191 195 197 198 201 202 204 205 206 209 212 215 220 221 223 225 
0 219 190 193 200 202 203 204 207 208 212 215 220 224 
0 220 5 15 16 17 18 19 183 187 188 190 191 195 197 198 201 202 204 205 206 208 209 211 212 215 218 219 223 224 225 
0 221 5 15 16 17 18 19 183 184 185 187 188 190 191 195 198 202 205 209 218 222 223 
0 222 185 187 196 209 221 
0 223 5 15 16 17 18 19 183 185 187 188 190 191 195 197 198 201 202 204 205 206 209 210 212 215 218 220 221 225 
0 224 193 204 206 208 211 212 214 215 217 219 220 225 
0 225 5 15 16 17 18 19 183 188 191 193 194 197 198 201 202 204 205 206 208 211 212 215 218 220 223 224 
0 226 183 184 185 186 194 197 199 201 206 210 
0 227 0 1 2 4 
0 228 0 2 3 4 5 
0 229 0 1 4 5 
0 230 0 1 2 3 
0 231 0 1 2 
0 232 0 3 4 5 
0 233 0 3 4 
0 234 0 1 2 5 
0 235 0 2 4 
0 236 0 1 3 5 
0 237 0 1 2 3 5 
0 238 0 2 4 5 
0 239 0 1 3 
0 240 0 1 4 5 
0 241 0 1 2 4 
0 242 0 3 5 
0 243 0 1 2 4 5 
0 244 0 3 4 
0 245 0 1 5 
0 246 0 2 5 
0 247 0 1 3 4 
0 248 0 2 3 4 5 
0 249 0 1 2 
0 250 0 1 2 3 5 
0 251 0 1 3 4 
0 252 0 2 3 
0 253 0 1 2 3 4 5 
0 254 0 1 2 4 5 
0 255 0 1 3 4 5 
0 256 0 3 5 
