0 10800
0 0 234 235 236 237 238 239 240 241 242 243 244 245 246 247 248 249 250 251 252 253 254 255 256 257 258 259 260 261 262 263 
0 1 6 7 8 9 24 26 30 31 32 33 37 38 40 42 45 47 50 51 53 55 56 60 64 65 67 68 71 235 236 238 241 242 245 246 247 249 250 251 254 255 257 258 259 260 261 263 
0 2 10 11 12 73 74 75 76 77 78 80 83 84 85 88 89 90 91 93 94 97 98 99 100 101 102 103 104 105 107 108 109 110 111 112 114 115 116 236 238 239 241 242 244 246 248 250 251 252 254 256 257 258 259 260 262 
0 3 13 14 15 16 122 124 125 126 129 131 133 139 143 146 147 149 150 152 159 161 162 234 237 240 241 244 245 246 247 249 251 253 255 257 258 259 260 262 263 
0 4 17 169 170 172 174 175 176 177 179 180 182 183 185 187 188 190 192 196 197 198 199 201 235 238 240 241 242 243 244 247 248 250 252 253 255 257 258 259 260 261 263 
0 5 18 19 20 21 22 202 206 212 216 222 224 225 226 229 230 233 234 237 239 240 242 243 246 248 250 252 253 255 256 258 260 261 
0 6 1 7 8 9 24 26 30 31 32 33 37 38 40 42 45 47 50 51 53 55 56 60 64 65 67 68 71 
0 7 1 6 8 9 24 26 30 31 32 33 37 38 40 42 45 47 50 51 53 55 56 60 64 65 67 68 71 
0 8 1 6 7 9 24 26 30 31 32 33 37 38 40 42 45 47 50 51 53 55 56 60 64 65 67 68 71 
0 9 1 6 7 8 24 26 30 31 32 33 37 38 40 42 45 47 50 51 53 55 56 60 64 65 67 68 71 
0 10 2 11 12 73 74 75 76 77 78 80 83 84 85 88 89 90 91 93 94 97 98 99 100 101 102 103 104 105 107 108 109 110 111 112 114 115 116 
0 11 2 10 12 73 74 75 76 77 78 80 83 84 85 88 89 90 91 93 94 97 98 99 100 101 102 103 104 105 107 108 109 110 111 112 114 115 116 
0 12 2 10 11 73 74 75 76 77 78 80 83 84 85 88 89 90 91 93 94 97 98 99 100 101 102 103 104 105 107 108 109 110 111 112 114 115 116 
0 13 3 14 15 16 122 124 125 126 129 131 133 139 143 146 147 149 150 152 159 161 162 
0 14 3 13 15 16 122 124 125 126 129 131 133 139 143 146 147 149 150 152 159 161 162 
0 15 3 13 14 16 122 124 125 126 129 131 133 139 143 146 147 149 150 152 159 161 162 
0 16 3 13 14 15 122 124 125 126 129 131 133 139 143 146 147 149 150 152 159 161 162 
0 17 4 169 170 172 174 175 176 177 179 180 182 183 185 187 188 190 192 196 197 198 199 201 
0 18 5 19 20 21 22 202 206 212 216 222 224 225 226 229 230 233 
0 19 5 18 20 21 22 202 206 212 216 222 224 225 226 229 230 233 
0 20 5 18 19 21 22 202 206 212 216 222 224 225 226 229 230 233 
0 21 5 18 19 20 22 202 206 212 216 222 224 225 226 229 230 233 
0 22 5 18 19 20 21 202 206 212 216 222 224 225 226 229 230 233 
0 23 30 39 62 
0 24 1 6 7 8 9 26 30 31 32 33 37 38 40 42 45 47 50 51 53 54 55 56 60 62 64 65 67 68 71 
0 25 34 37 49 58 64 66 67 71 
0 26 1 6 7 8 9 24 27 31 32 33 34 37 38 40 42 45 47 50 51 53 54 55 56 60 64 65 66 67 68 71 
0 27 26 33 37 38 40 41 54 55 65 
0 28 58 
0 29 48 
0 30 1 6 7 8 9 23 24 31 32 42 47 50 51 53 56 60 62 68 
0 31 1 6 7 8 9 24 26 30 32 37 38 42 45 47 50 51 53 55 56 60 61 64 65 67 68 71 
0 32 1 6 7 8 9 24 26 30 31 33 37 38 40 42 45 47 50 51 53 54 55 56 60 64 65 68 71 
0 33 1 6 7 8 9 24 26 27 32 37 38 40 41 42 45 47 50 51 53 54 55 60 64 65 68 71 
0 34 25 26 37 49 55 64 66 67 71 
0 35 59 62 
0 36 70 
0 37 1 6 7 8 9 24 25 26 27 31 32 33 34 38 40 41 42 45 47 50 51 53 55 56 60 64 65 66 67 68 71 
0 38 1 6 7 8 9 24 26 27 31 32 33 37 40 42 45 47 50 51 53 54 55 56 60 64 65 68 71 
0 39 23 46 52 61 62 
0 40 1 6 7 8 9 24 26 27 32 33 37 38 41 42 45 47 50 51 53 54 55 64 65 68 
0 41 27 33 37 40 54 57 63 
0 42 1 6 7 8 9 24 26 30 31 32 33 37 38 40 45 47 50 51 53 54 56 60 62 64 65 67 68 71 
0 43 52 
0 44 70 
0 45 1 6 7 8 9 24 26 31 32 33 37 38 40 42 47 50 51 53 54 55 56 60 64 65 67 68 71 
0 46 39 49 52 61 
0 47 1 6 7 8 9 24 26 30 31 32 33 37 38 40 42 45 50 51 53 54 55 56 60 64 65 67 68 71 
0 48 29 58 
0 49 25 34 46 61 67 
0 50 1 6 7 8 9 24 26 30 31 32 33 37 38 40 42 45 47 51 53 54 56 60 62 64 65 67 68 71 
0 51 1 6 7 8 9 24 26 30 31 32 33 37 38 40 42 45 47 50 53 54 55 56 60 64 65 67 68 71 
0 52 39 43 46 
0 53 1 6 7 8 9 24 26 30 31 32 33 37 38 40 42 45 47 50 51 54 55 56 60 62 64 65 67 68 71 
0 54 24 26 27 32 33 38 40 41 42 45 47 50 51 53 55 64 65 68 
0 55 1 6 7 8 9 24 26 27 31 32 33 34 37 38 40 45 47 51 53 54 56 60 64 65 66 67 71 
0 56 1 6 7 8 9 24 26 30 31 32 37 38 42 45 47 50 51 53 55 60 61 64 65 67 68 71 
0 57 41 63 
0 58 25 28 48 
0 59 35 62 
0 60 1 6 7 8 9 24 26 30 31 32 33 37 38 42 45 47 50 51 53 55 56 64 65 67 68 71 
0 61 31 39 46 49 56 67 
0 62 23 24 30 35 39 42 50 53 59 68 
0 63 41 57 
0 64 1 6 7 8 9 24 25 26 31 32 33 34 37 38 40 42 45 47 50 51 53 54 55 56 60 65 66 67 68 71 
0 65 1 6 7 8 9 24 26 27 31 32 33 37 38 40 42 45 47 50 51 53 54 55 56 60 64 67 68 71 
0 66 25 26 34 37 55 64 67 71 
0 67 1 6 7 8 9 24 25 26 31 34 37 42 45 47 49 50 51 53 55 56 60 61 64 65 66 71 
0 68 1 6 7 8 9 24 26 30 31 32 33 37 38 40 42 45 47 50 51 53 54 56 60 62 64 65 71 
0 69 
0 70 36 44 
0 71 1 6 7 8 9 24 25 26 31 32 33 34 37 38 42 45 47 50 51 53 55 56 60 64 65 66 67 68 
0 72 87 100 
0 73 2 10 11 12 74 75 76 77 78 79 80 83 84 85 88 89 90 91 93 94 97 98 99 100 101 102 103 104 105 108 109 110 111 112 114 115 116 
0 74 2 10 11 12 73 75 78 80 82 83 84 88 89 91 93 94 97 98 99 100 101 102 103 105 106 107 108 109 110 113 114 115 
0 75 2 10 11 12 73 74 76 77 78 79 80 83 84 85 88 89 90 91 92 93 94 98 99 100 101 102 103 104 105 108 109 110 111 112 114 115 116 
0 76 2 10 11 12 73 75 77 78 80 83 85 88 92 93 94 98 99 101 102 103 104 108 109 110 111 115 116 
0 77 2 10 11 12 73 75 76 78 80 83 85 88 92 93 98 99 101 103 104 108 109 110 111 115 116 
0 78 2 10 11 12 73 74 75 76 77 80 81 83 85 88 92 93 94 98 99 101 102 103 104 108 109 110 111 115 116 
0 79 73 75 83 84 85 86 89 90 92 93 94 98 100 101 102 104 105 109 110 111 112 114 115 
0 80 2 10 11 12 73 74 75 76 77 78 83 84 85 88 89 90 91 93 94 97 98 99 100 101 102 103 104 105 107 108 109 110 111 112 113 114 115 116 
0 81 78 88 96 113 116 
0 82 74 87 91 97 107 
0 83 2 10 11 12 73 74 75 76 77 78 79 80 84 85 88 89 90 91 92 93 94 98 99 100 101 102 103 104 105 108 109 110 111 112 114 115 116 
0 84 2 10 11 12 73 74 75 79 80 83 85 88 89 90 91 93 94 98 99 100 101 102 103 104 105 108 109 110 111 112 114 115 
0 85 2 10 11 12 73 75 76 77 78 79 80 83 84 86 88 89 90 92 93 94 98 99 101 102 103 104 108 109 110 111 112 114 115 116 
0 86 79 85 90 92 93 95 104 111 112 
0 87 72 82 91 97 107 
0 88 2 10 11 12 73 74 75 76 77 78 80 81 83 84 85 89 91 93 94 97 98 99 100 101 102 103 104 105 106 107 108 109 110 111 113 114 115 116 
0 89 2 10 11 12 73 74 75 79 80 83 84 85 88 90 91 93 94 98 99 100 101 102 103 104 105 108 109 110 111 112 114 115 
0 90 2 10 11 12 73 75 79 80 83 84 85 86 89 92 93 94 98 99 100 101 102 103 104 105 108 109 110 111 112 114 115 
0 91 2 10 11 12 73 74 75 80 82 83 84 87 88 89 93 94 97 98 99 100 101 102 103 105 106 107 108 109 110 114 115 
0 92 75 76 77 78 79 83 85 86 90 93 94 95 98 101 104 111 112 115 
0 93 2 10 11 12 73 74 75 76 77 78 79 80 83 84 85 86 88 89 90 91 92 94 97 98 99 100 101 102 103 104 105 107 108 109 110 111 112 114 115 116 
0 94 2 10 11 12 73 74 75 76 78 79 80 83 84 85 88 89 90 91 92 93 98 99 100 101 102 103 104 105 108 109 110 111 112 114 115 
0 95 86 92 112 
0 96 81 113 
0 97 2 10 11 12 73 74 80 82 87 88 91 93 98 99 102 103 105 106 107 108 109 110 113 114 
0 98 2 10 11 12 73 74 75 76 77 78 79 80 83 84 85 88 89 90 91 92 93 94 97 99 100 101 102 103 104 105 108 109 110 111 112 114 115 116 
0 99 2 10 11 12 73 74 75 76 77 78 80 83 84 85 88 89 90 91 93 94 97 98 100 101 102 103 104 105 107 108 109 110 111 112 114 115 116 
0 100 2 10 11 12 72 73 74 75 79 80 83 84 88 89 90 91 93 94 98 99 101 102 103 104 105 108 109 110 111 112 114 115 
0 101 2 10 11 12 73 74 75 76 77 78 79 80 83 84 85 88 89 90 91 92 93 94 98 99 100 102 103 104 105 108 109 110 111 112 114 115 
0 102 2 10 11 12 73 74 75 76 78 79 80 83 84 85 88 89 90 91 93 94 97 98 99 100 101 103 104 105 107 108 109 110 111 112 114 115 
0 103 2 10 11 12 73 74 75 76 77 78 80 83 84 85 88 89 90 91 93 94 97 98 99 100 101 102 104 105 107 108 109 110 111 112 114 115 116 
0 104 2 10 11 12 73 75 76 77 78 79 80 83 84 85 86 88 89 90 92 93 94 98 99 100 101 102 103 105 108 109 110 111 112 114 115 
0 105 2 10 11 12 73 74 75 79 80 83 84 88 89 90 91 93 94 97 98 99 100 101 102 103 104 108 109 110 111 112 114 115 
0 106 74 88 91 97 107 113 
0 107 2 10 11 12 74 80 82 87 88 91 93 97 99 102 103 106 108 110 113 
0 108 2 10 11 12 73 74 75 76 77 78 80 83 84 85 88 89 90 91 93 94 97 98 99 100 101 102 103 104 105 107 109 110 111 112 113 114 115 116 
0 109 2 10 11 12 73 74 75 76 77 78 79 80 83 84 85 88 89 90 91 93 94 97 98 99 100 101 102 103 104 105 108 110 111 112 114 115 116 
0 110 2 10 11 12 73 74 75 76 77 78 79 80 83 84 85 88 89 90 91 93 94 97 98 99 100 101 102 103 104 105 107 108 109 111 112 114 115 116 
0 111 2 10 11 12 73 75 76 77 78 79 80 83 84 85 86 88 89 90 92 93 94 98 99 100 101 102 103 104 105 108 109 110 112 114 115 116 
0 112 2 10 11 12 73 75 79 80 83 84 85 86 89 90 92 93 94 95 98 99 100 101 102 103 104 105 108 109 110 111 114 115 
0 113 74 80 81 88 96 97 106 107 108 
0 114 2 10 11 12 73 74 75 79 80 83 84 85 88 89 90 91 93 94 97 98 99 100 101 102 103 104 105 108 109 110 111 112 115 
0 115 2 10 11 12 73 74 75 76 77 78 79 80 83 84 85 88 89 90 91 92 93 94 98 99 100 101 102 103 104 105 108 109 110 111 112 114 116 
0 116 2 10 11 12 73 75 76 77 78 80 81 83 85 88 93 98 99 103 108 109 110 111 115 
0 117 134 138 154 
0 118 121 122 129 134 139 145 146 149 151 154 162 
0 119 125 133 150 152 159 161 
0 120 125 131 135 143 146 153 
0 121 118 122 129 134 139 145 146 149 151 154 161 162 
0 122 3 13 14 15 16 118 121 124 125 126 129 131 133 139 143 146 147 149 150 152 159 161 162 
0 123 127 130 
0 124 3 13 14 15 16 122 125 126 131 133 139 143 147 149 150 152 159 161 162 
0 125 3 13 14 15 16 119 120 122 124 126 129 131 133 139 143 144 146 147 149 150 152 161 162 
0 126 3 13 14 15 16 122 124 125 129 131 133 139 143 146 147 149 150 152 159 161 162 
0 127 123 130 157 
0 128 
0 129 3 13 14 15 16 118 121 122 125 126 131 133 139 143 145 146 147 149 151 154 161 162 
0 130 123 127 135 157 
0 131 3 13 14 15 16 120 122 124 125 126 129 133 139 143 146 147 149 150 152 159 161 162 
0 132 157 
0 133 3 13 14 15 16 119 122 124 125 126 129 131 139 143 147 149 150 152 159 161 162 
0 134 117 118 121 138 151 154 
0 135 120 130 153 156 
0 136 144 
0 137 141 
0 138 117 134 
0 139 3 13 14 15 16 118 121 122 124 125 126 129 131 133 143 146 147 149 150 152 159 161 162 
0 140 
0 141 137 
0 142 155 
0 143 3 13 14 15 16 120 122 124 125 126 129 131 133 139 146 147 149 150 152 159 161 162 
0 144 125 136 
0 145 118 121 129 161 162 
0 146 3 13 14 15 16 118 120 121 122 125 126 129 131 139 143 149 151 153 162 
0 147 3 13 14 15 16 122 124 125 126 129 131 133 139 143 149 150 152 159 161 162 
0 148 
0 149 3 13 14 15 16 118 121 122 124 125 126 129 131 133 139 143 146 147 150 152 159 161 162 
0 150 3 13 14 15 16 119 122 124 125 126 131 133 139 143 147 149 152 159 161 
0 151 118 121 129 134 146 153 154 
0 152 3 13 14 15 16 119 122 124 125 126 131 133 139 143 147 149 150 159 161 162 
0 153 120 135 146 151 
0 154 117 118 121 129 134 151 
0 155 142 
0 156 135 
0 157 127 130 132 
0 158 
0 159 3 13 14 15 16 119 122 124 126 131 133 139 143 147 149 150 152 161 162 
0 160 
0 161 3 13 14 15 16 119 121 122 124 125 126 129 131 133 139 143 145 147 149 150 152 159 162 
0 162 3 13 14 15 16 118 121 122 124 125 126 129 131 133 139 143 145 146 147 149 152 159 161 
0 163 170 172 173 176 178 180 182 183 185 188 190 194 196 
0 164 169 176 179 192 197 199 201 
0 165 193 
0 166 168 189 200 
0 167 171 191 
0 168 166 189 193 
0 169 4 17 164 170 172 174 175 176 177 179 180 182 183 185 187 188 192 196 197 198 199 201 
0 170 4 17 163 169 172 175 176 177 180 182 183 185 186 187 188 190 192 194 195 196 197 198 
0 171 167 184 191 
0 172 4 17 163 169 170 173 176 177 178 180 182 183 185 187 188 190 192 194 196 198 
0 173 163 172 178 194 
0 174 4 17 169 175 187 192 197 198 199 201 
0 175 4 17 169 170 174 176 177 182 183 184 187 188 192 195 197 198 199 201 
0 176 4 17 163 164 169 170 172 175 177 179 180 182 183 185 187 188 192 196 197 198 199 201 
0 177 4 17 169 170 172 175 176 179 180 182 183 184 185 187 188 190 192 195 196 197 198 199 201 
0 178 163 172 173 180 194 196 
0 179 4 17 164 169 176 177 182 187 192 196 197 198 199 201 
0 180 4 17 163 169 170 172 176 177 178 182 183 185 187 188 190 192 194 196 197 198 
0 181 
0 182 4 17 163 169 170 172 175 176 177 179 180 183 185 187 188 190 192 196 197 198 199 201 
0 183 4 17 163 169 170 172 175 176 177 180 182 185 187 188 190 192 194 195 196 197 198 
0 184 171 175 177 195 
0 185 4 17 163 169 170 172 176 177 180 182 183 186 187 188 190 192 194 195 196 198 
0 186 170 185 190 194 195 
0 187 4 17 169 170 172 174 175 176 177 179 180 182 183 185 188 192 196 197 198 199 201 
0 188 4 17 163 169 170 172 175 176 177 180 182 183 185 187 190 192 194 195 196 197 198 
0 189 166 168 200 
0 190 4 17 163 170 172 177 180 182 183 185 186 188 194 195 196 198 
0 191 167 171 
0 192 4 17 164 169 170 172 174 175 176 177 179 180 182 183 185 187 188 196 197 198 199 201 
0 193 165 168 
0 194 163 170 172 173 178 180 183 185 186 188 190 196 
0 195 170 175 177 183 184 185 186 188 190 
0 196 4 17 163 169 170 172 176 177 178 179 180 182 183 185 187 188 190 192 194 197 198 199 
0 197 4 17 164 169 170 174 175 176 177 179 180 182 183 187 188 192 196 198 199 201 
0 198 4 17 169 170 172 174 175 176 177 179 180 182 183 185 187 188 190 192 196 197 199 201 
0 199 4 17 164 169 174 175 176 177 179 182 187 192 196 197 198 201 
0 200 166 189 
0 201 4 17 164 169 174 175 176 177 179 182 187 192 197 198 199 
0 202 5 18 19 20 21 22 205 206 209 211 212 213 216 222 224 225 226 229 230 233 
0 203 210 
0 204 207 219 220 230 
0 205 202 207 209 211 213 
0 206 5 18 19 20 21 22 202 211 213 216 218 222 225 226 230 232 233 
0 207 204 205 209 219 220 230 
0 208 
0 209 202 205 207 213 
0 210 203 221 
0 211 202 205 206 213 218 232 
0 212 5 18 19 20 21 22 202 216 224 225 226 229 230 233 
0 213 202 205 206 209 211 
0 214 217 227 
0 215 
0 216 5 18 19 20 21 22 202 206 212 222 224 225 226 229 230 233 
0 217 214 227 
0 218 206 211 230 232 
0 219 204 207 220 230 
0 220 204 207 219 230 
0 221 210 
0 222 5 18 19 20 21 22 202 206 216 224 225 226 229 230 233 
0 223 
0 224 5 18 19 20 21 22 202 212 216 222 225 226 229 230 233 
0 225 5 18 19 20 21 22 202 206 212 216 222 224 226 229 230 233 
0 226 5 18 19 20 21 22 202 206 212 216 222 224 225 229 230 233 
0 227 214 217 
0 228 
0 229 5 18 19 20 21 22 202 212 216 222 224 225 226 230 233 
0 230 5 18 19 20 21 22 202 204 206 207 212 216 218 219 220 222 224 225 226 229 233 
0 231 
0 232 206 211 218 
0 233 5 18 19 20 21 22 202 206 212 216 222 224 225 226 229 230 
0 234 0 3 5 
0 235 0 1 4 
0 236 0 1 2 
0 237 0 3 5 
0 238 0 1 2 4 
0 239 0 2 5 
0 240 0 3 4 5 
0 241 0 1 2 3 4 
0 242 0 1 2 4 5 
0 243 0 4 5 
0 244 0 2 3 4 
0 245 0 1 3 
0 246 0 1 2 3 5 
0 247 0 1 3 4 
0 248 0 2 4 5 
0 249 0 1 3 
0 250 0 1 2 4 5 
0 251 0 1 2 3 
0 252 0 2 4 5 
0 253 0 3 4 5 
0 254 0 1 2 
0 255 0 1 3 4 5 
0 256 0 2 5 
0 257 0 1 2 3 4 
0 258 0 1 2 3 4 5 
0 259 0 1 2 3 4 
0 260 0 1 2 3 4 5 
0 261 0 1 4 5 
0 262 0 2 3 
0 263 0 1 3 4 
