0 10800
1800 0 5 211 212 213 214 215 216 217 218 219 220 221 222 223 224 225 226 227 228 229 230 231 232 233 234 235 236 237 238 239 240 
1800 1 2 8 18 32 35 36 38 42 211 213 214 215 217 218 220 223 225 226 227 228 230 231 233 235 236 237 239 
1800 2 1 63 70 75 83 92 95 99 212 214 215 216 218 222 225 226 228 229 230 232 233 234 236 237 239 
1800 3 58 83 94 99 105 109 120 124 133 136 
1800 4 5 147 166 167 177 211 213 214 215 216 217 221 224 225 226 228 229 230 231 233 235 236 237 239 
1800 5 0 4 181 187 190 207 212 214 216 217 219 220 223 224 226 227 228 229 232 233 234 236 237 238 240 
1800 6 8 38 56 57 
1800 7 26 28 36 52 56 
1800 8 1 6 39 41 
1800 9 20 26 45 51 52 
1800 10 60 76 82 87 94 
1800 11 58 86 101 116 121 126 130 132 
1800 12 148 158 161 164 168 173 
1800 13 197 206 
1800 14 178 181 205 206 
1800 15 40 
1800 16 20 27 
1800 17 37 45 
1800 18 1 28 33 41 49 56 
1800 19 38 
1800 20 9 16 21 35 36 
1800 21 20 28 49 
1800 22 43 
1800 23 
1800 24 37 52 57 
1800 25 49 
1800 26 7 9 33 45 57 
1800 27 16 32 48 
1800 28 7 18 21 45 47 48 51 
1800 29 52 
1800 30 49 
1800 31 
1800 32 1 27 36 41 51 56 
1800 33 18 26 36 40 41 45 55 57 
1800 34 53 
1800 35 1 20 38 
1800 36 1 7 20 32 33 
1800 37 17 24 42 
1800 38 1 6 19 35 55 
1800 39 8 52 
1800 40 15 33 
1800 41 8 18 32 33 
1800 42 1 37 45 51 52 57 
1800 43 22 
1800 44 
1800 45 9 17 26 28 33 42 55 
1800 46 
1800 47 28 49 
1800 48 27 28 
1800 49 18 21 25 30 47 
1800 50 
1800 51 9 28 32 42 
1800 52 7 9 24 29 39 42 
1800 53 34 
1800 54 
1800 55 33 38 45 
1800 56 6 7 18 32 57 
1800 57 6 24 26 33 42 56 
1800 58 3 11 78 89 93 96 116 119 130 140 
1800 59 61 135 
1800 60 10 66 83 85 89 101 
1800 61 59 68 106 
1800 62 65 71 89 91 92 105 
1800 63 2 65 68 69 73 75 76 95 117 130 
1800 64 71 
1800 65 62 63 69 83 85 91 
1800 66 60 79 82 83 88 97 104 107 116 130 140 
1800 67 86 92 96 101 117 125 126 
1800 68 61 63 91 93 106 108 111 138 
1800 69 63 65 77 97 125 126 
1800 70 2 76 81 85 93 
1800 71 62 64 82 105 
1800 72 77 78 96 101 104 
1800 73 63 83 89 111 129 136 
1800 74 103 108 112 121 134 
1800 75 2 63 77 82 89 97 104 108 
1800 76 10 63 70 84 88 92 99 
1800 77 69 72 75 86 91 96 99 112 
1800 78 58 72 79 96 119 128 
1800 79 66 78 80 89 92 101 104 125 129 
1800 80 79 81 82 89 93 
1800 81 70 80 82 93 
1800 82 10 66 71 75 80 81 133 
1800 83 2 3 60 65 66 73 84 89 93 101 104 135 
1800 84 76 83 86 104 112 113 141 
1800 85 60 65 70 91 
1800 86 11 67 77 84 91 101 124 129 135 139 
1800 87 10 112 
1800 88 66 76 97 129 
1800 89 58 60 62 73 75 79 80 83 93 94 96 112 
1800 90 
1800 91 62 65 68 77 85 86 95 97 129 
1800 92 2 62 67 76 79 
1800 93 58 68 70 80 81 83 89 97 133 
1800 94 3 10 89 122 130 
1800 95 2 63 91 97 
1800 96 58 67 72 77 78 89 97 112 126 136 140 
1800 97 66 69 75 88 91 93 95 96 126 
1800 98 105 
1800 99 2 3 76 77 100 116 120 121 123 130 
1800 100 99 111 120 137 
1800 101 11 60 67 72 79 83 86 106 107 115 117 135 
1800 102 111 122 140 
1800 103 74 114 115 129 138 139 
1800 104 66 72 75 79 83 84 109 116 138 
1800 105 3 62 71 98 116 122 127 
1800 106 61 68 101 111 139 
1800 107 66 101 139 
1800 108 68 74 75 109 141 
1800 109 3 104 108 116 117 121 124 126 132 
1800 110 114 116 122 
1800 111 68 73 100 102 106 113 126 138 
1800 112 74 77 84 87 89 96 122 139 
1800 113 84 111 116 126 
1800 114 103 110 118 123 
1800 115 101 103 121 
1800 116 11 58 66 99 104 105 109 110 113 122 128 139 
1800 117 63 67 101 109 133 140 
1800 118 114 128 
1800 119 58 78 128 133 
1800 120 3 99 100 128 141 
1800 121 11 74 99 109 115 136 137 138 
1800 122 94 102 105 110 112 116 
1800 123 99 114 141 
1800 124 3 86 109 
1800 125 67 69 79 
1800 126 11 67 69 96 97 109 111 113 141 
1800 127 105 
1800 128 78 116 118 119 120 133 
1800 129 73 79 86 88 91 103 135 
1800 130 11 58 63 66 94 99 133 136 
1800 131 
1800 132 11 109 
1800 133 3 82 93 117 119 128 130 
1800 134 74 140 
1800 135 59 83 86 101 129 141 
1800 136 3 73 96 121 130 
1800 137 100 121 
1800 138 68 103 104 111 121 139 
1800 139 86 103 106 107 112 116 138 141 
1800 140 58 66 96 102 117 134 
1800 141 84 108 120 123 126 135 139 
1800 142 167 170 
1800 143 171 
1800 144 147 166 
1800 145 148 165 166 
1800 146 153 
1800 147 4 144 154 158 
1800 148 12 145 
1800 149 
1800 150 
1800 151 153 163 173 
1800 152 155 168 176 
1800 153 146 151 166 
1800 154 147 
1800 155 152 160 163 164 168 173 
1800 156 170 
1800 157 
1800 158 12 147 173 177 
1800 159 170 
1800 160 155 161 167 177 
1800 161 12 160 167 
1800 162 168 
1800 163 151 155 175 176 
1800 164 12 155 
1800 165 145 173 176 
1800 166 4 144 145 153 177 
1800 167 4 142 160 161 
1800 168 12 152 155 162 
1800 169 174 
1800 170 142 156 159 
1800 171 143 
1800 172 
1800 173 12 151 155 158 165 
1800 174 169 
1800 175 163 176 
1800 176 152 163 165 175 
1800 177 4 158 160 166 
1800 178 14 193 194 206 
1800 179 
1800 180 
1800 181 5 14 187 
1800 182 183 
1800 183 182 201 
1800 184 188 196 203 
1800 185 196 
1800 186 
1800 187 5 181 203 
1800 188 184 197 201 
1800 189 
1800 190 5 197 203 
1800 191 
1800 192 
1800 193 178 
1800 194 178 
1800 195 
1800 196 184 185 
1800 197 13 188 190 203 208 
1800 198 
1800 199 
1800 200 
1800 201 183 188 204 
1800 202 
1800 203 184 187 190 197 
1800 204 201 
1800 205 14 
1800 206 13 14 178 
1800 207 5 
1800 208 197 
1800 209 
1800 210 
1800 211 0 1 4 
1800 212 0 2 5 
1800 213 0 1 4 
1800 214 0 1 2 4 5 
1800 215 0 1 2 4 
1800 216 0 2 4 5 
1800 217 0 1 4 5 
1800 218 0 1 2 
1800 219 0 5 
1800 220 0 1 5 
1800 221 0 4 
1800 222 0 2 
1800 223 0 1 5 
1800 224 0 4 5 
1800 225 0 1 2 4 
1800 226 0 1 2 4 5 
1800 227 0 1 5 
1800 228 0 1 2 4 5 
1800 229 0 2 4 5 
1800 230 0 1 2 4 
1800 231 0 1 4 
1800 232 0 2 5 
1800 233 0 1 2 4 5 
1800 234 0 2 5 
1800 235 0 1 4 
1800 236 0 1 2 4 5 
1800 237 0 1 2 4 5 
1800 238 0 5 
1800 239 0 1 2 4 
1800 240 0 5 
