0 21600
1800 0 1 2 3 4 5 238 239 240 241 242 243 244 245 246 247 248 249 250 251 252 253 254 255 256 257 258 259 260 261 262 263 264 265 266 267 
1800 1 0 2 3 4 5 6 7 8 238 240 241 242 243 245 246 248 249 251 252 253 254 255 257 259 260 262 264 266 267 
1800 2 0 1 3 4 5 9 10 11 12 13 239 241 242 243 245 247 248 250 251 252 253 254 255 257 258 259 261 263 264 266 
1800 3 0 1 2 4 5 14 15 16 17 18 238 240 241 242 244 245 247 248 249 251 252 253 254 255 256 258 260 262 264 265 266 
1800 4 0 1 2 3 5 19 20 238 239 240 242 244 245 246 249 251 253 254 255 256 258 260 261 262 264 266 267 
1800 5 0 1 2 3 4 21 238 240 242 244 245 248 249 250 252 253 254 255 258 259 260 261 263 265 266 
1800 6 1 7 8 
1800 7 1 6 8 
1800 8 1 6 7 
1800 9 2 10 11 12 13 
1800 10 2 9 11 12 13 
1800 11 2 9 10 12 13 
1800 12 2 9 10 11 13 
1800 13 2 9 10 11 12 
1800 14 3 15 16 17 18 
1800 15 3 14 16 17 18 
1800 16 3 14 15 17 18 
1800 17 3 14 15 16 18 
1800 18 3 14 15 16 17 
1800 19 4 20 
1800 20 4 19 
1800 21 5 
1800 22 1 6 7 8 
1800 23 1 6 7 8 
1800 24 1 6 7 8 
1800 25 24 
1800 26 1 6 7 
1800 27 1 6 7 
1800 28 1 6 7 8 
1800 29 1 6 7 8 
1800 30 1 6 7 8 
1800 31 1 6 7 8 
1800 32 1 6 7 8 
1800 33 1 6 7 8 
1800 34 1 6 7 
1800 35 1 6 7 8 
1800 36 1 6 7 8 
1800 37 1 6 7 8 
1800 38 26 
1800 39 1 6 7 
1800 40 1 6 7 
1800 41 1 6 7 
1800 42 1 6 7 8 
1800 43 1 6 7 
1800 44 1 6 7 
1800 45 1 6 7 
1800 46 1 6 7 8 
1800 47 1 6 7 8 
1800 48 1 6 7 
1800 49 1 6 7 
1800 50 1 6 7 
1800 51 22 
1800 52 1 6 7 8 
1800 53 1 6 7 
1800 54 1 6 7 8 
1800 55 1 6 7 
1800 56 1 6 7 8 
1800 57 1 6 7 
1800 58 1 6 7 
1800 59 1 6 7 8 
1800 60 1 6 7 
1800 61 2 10 
1800 62 2 10 11 
1800 63 2 10 11 
1800 64 2 9 10 
1800 65 66 
1800 66 2 10 
1800 67 2 10 11 
1800 68 61 
1800 69 2 9 10 11 
1800 70 64 
1800 71 63 
1800 72 61 
1800 73 2 10 
1800 74 2 10 
1800 75 2 10 
1800 76 2 10 
1800 77 2 10 11 
1800 78 2 9 10 11 
1800 79 2 9 10 11 
1800 80 63 
1800 81 61 
1800 82 2 10 
1800 83 2 10 
1800 84 2 10 11 
1800 85 2 10 11 
1800 86 67 
1800 87 2 10 11 
1800 88 2 10 11 
1800 89 2 10 13 
1800 90 2 10 
1800 91 63 
1800 92 2 9 10 
1800 93 2 10 
1800 94 61 
1800 95 63 
1800 96 61 
1800 97 2 10 
1800 98 2 10 
1800 99 69 
1800 100 76 
1800 101 2 10 
1800 102 2 9 10 
1800 103 2 10 
1800 104 61 
1800 105 2 10 
1800 106 2 10 11 
1800 107 2 10 
1800 108 79 
1800 109 73 
1800 110 3 14 16 17 
1800 111 3 14 16 17 
1800 112 3 14 15 16 17 
1800 113 3 4 14 16 17 
1800 114 3 14 16 17 
1800 115 3 14 16 17 
1800 116 3 14 16 17 
1800 117 3 14 16 17 
1800 118 3 14 16 17 
1800 119 3 14 16 17 
1800 120 3 14 16 17 
1800 121 3 14 16 17 
1800 122 3 14 16 17 18 
1800 123 3 14 16 17 18 
1800 124 3 14 16 17 18 
1800 125 3 14 16 17 
1800 126 3 14 16 17 
1800 127 3 14 16 17 
1800 128 3 14 16 17 
1800 129 3 14 16 17 
1800 130 3 14 16 17 
1800 131 3 14 16 17 
1800 132 3 14 16 17 
1800 133 120 
1800 134 3 14 16 17 18 
1800 135 3 14 16 17 
1800 136 3 14 16 17 
1800 137 3 14 16 17 
1800 138 3 14 16 17 
1800 139 3 14 16 17 
1800 140 134 
1800 141 3 4 14 16 17 
1800 142 4 
1800 143 4 
1800 144 4 
1800 145 4 
1800 146 4 
1800 147 4 
1800 148 4 
1800 149 147 
1800 150 4 
1800 151 4 
1800 152 4 
1800 153 155 
1800 154 4 
1800 155 3 14 16 17 
1800 156 155 
1800 157 4 19 
1800 158 4 19 
1800 159 147 
1800 160 4 
1800 161 4 
1800 162 170 
1800 163 4 
1800 164 4 
1800 165 4 
1800 166 3 4 14 16 17 
1800 167 4 
1800 168 4 
1800 169 4 
1800 170 4 
1800 171 4 
1800 172 4 
1800 173 4 
1800 174 4 
1800 175 4 
1800 176 129 
1800 177 166 
1800 178 4 
1800 179 4 
1800 180 4 
1800 181 4 
1800 182 4 
1800 183 4 
1800 184 146 
1800 185 147 
1800 186 4 
1800 187 4 
1800 188 5 
1800 189 5 
1800 190 5 
1800 191 5 
1800 192 5 
1800 193 5 
1800 194 5 
1800 195 22 
1800 196 5 
1800 197 5 
1800 198 5 
1800 199 53 
1800 200 5 
1800 201 5 
1800 202 5 
1800 203 5 
1800 204 5 
1800 205 190 
1800 206 35 
1800 207 5 
1800 208 22 
1800 209 5 
1800 210 5 
1800 211 5 
1800 212 35 
1800 213 190 
1800 214 5 
1800 215 5 
1800 216 5 
1800 217 178 
1800 218 5 
1800 219 5 
1800 220 5 
1800 221 22 
1800 222 190 
1800 223 5 
1800 224 5 
1800 225 5 
1800 226 5 
1800 227 5 
1800 228 194 
1800 229 5 
1800 230 5 
1800 231 5 
1800 232 5 
1800 233 26 
1800 234 154 
1800 235 5 
1800 236 5 
1800 237 5 
1800 238 0 1 3 4 5 
1800 239 0 2 4 
1800 240 0 1 3 4 5 
1800 241 0 1 2 3 
1800 242 0 1 2 3 4 5 
1800 243 0 1 2 
1800 244 0 3 4 5 
1800 245 0 1 2 3 4 5 
1800 246 0 1 4 
1800 247 0 2 3 
1800 248 0 1 2 3 5 
1800 249 0 1 3 4 5 
1800 250 0 2 5 
1800 251 0 1 2 3 4 
1800 252 0 1 2 3 5 
1800 253 0 1 2 3 4 5 
1800 254 0 1 2 3 4 5 
1800 255 0 1 2 3 4 5 
1800 256 0 3 4 
1800 257 0 1 2 
1800 258 0 2 3 4 5 
1800 259 0 1 2 5 
1800 260 0 1 3 4 5 
1800 261 0 2 4 5 
1800 262 0 1 3 4 
1800 263 0 2 5 
1800 264 0 1 2 3 4 
1800 265 0 3 5 
1800 266 0 1 2 3 4 5 
1800 267 0 1 4 
