0 21600
0 0 1 2 3 4 5 238 239 240 241 242 243 244 245 246 247 248 249 250 251 252 253 254 255 256 257 258 259 260 261 262 263 264 265 266 267 
0 1 0 2 3 4 5 6 7 8 238 240 241 242 243 245 246 248 249 251 252 253 254 255 257 259 260 262 264 266 267 
0 2 0 1 3 4 5 9 10 11 12 13 239 241 242 243 245 247 248 250 251 252 253 254 255 257 258 259 261 263 264 266 
0 3 0 1 2 4 5 14 15 16 17 18 238 240 241 242 244 245 247 248 249 251 252 253 254 255 256 258 260 262 264 265 266 
0 4 0 1 2 3 5 19 20 238 239 240 242 244 245 246 249 251 253 254 255 256 258 260 261 262 264 266 267 
0 5 0 1 2 3 4 21 200 238 240 242 244 245 248 249 250 252 253 254 255 258 259 260 261 263 265 266 
0 6 1 7 8 
0 7 1 6 8 55 
0 8 1 6 7 
0 9 2 10 11 12 13 
0 10 2 9 11 12 13 66 
0 11 2 9 10 12 13 77 
0 12 2 9 10 11 13 
0 13 2 9 10 11 12 
0 14 3 15 16 17 18 130 
0 15 3 14 16 17 18 
0 16 3 14 15 17 18 132 137 139 
0 17 3 14 15 16 18 141 
0 18 3 14 15 16 17 129 
0 19 4 20 152 175 178 
0 20 4 19 142 154 
0 21 5 224 235 
0 22 40 42 
0 23 47 51 
0 24 41 48 
0 25 47 
0 26 40 59 
0 27 48 56 
0 28 54 58 
0 29 35 60 
0 30 41 53 
0 31 33 34 
0 32 52 60 
0 33 31 52 
0 34 31 35 
0 35 29 34 49 
0 36 42 59 
0 37 47 50 
0 38 
0 39 59 60 
0 40 22 26 43 
0 41 24 30 
0 42 22 36 56 
0 43 40 59 
0 44 52 57 
0 45 50 51 
0 46 48 195 
0 47 23 25 37 49 
0 48 24 27 46 
0 49 35 47 
0 50 37 45 
0 51 23 45 
0 52 32 33 44 
0 53 30 233 
0 54 28 58 
0 55 7 57 
0 56 27 42 
0 57 44 55 
0 58 28 54 
0 59 26 36 39 43 
0 60 29 32 39 
0 61 79 85 
0 62 79 88 
0 63 79 89 
0 64 79 98 
0 65 74 
0 66 10 97 
0 67 73 101 
0 68 
0 69 70 71 
0 70 69 83 
0 71 69 98 
0 72 79 103 
0 73 67 109 
0 74 65 84 
0 75 79 83 
0 76 101 102 
0 77 11 89 
0 78 80 99 
0 79 61 62 63 64 72 75 80 
0 80 78 79 
0 81 
0 82 92 107 
0 83 70 75 84 93 
0 84 74 83 
0 85 61 94 
0 86 
0 87 106 107 
0 88 62 96 105 
0 89 63 77 109 
0 90 98 102 
0 91 93 
0 92 82 97 
0 93 83 91 
0 94 85 
0 95 
0 96 88 
0 97 66 92 104 
0 98 64 71 90 108 
0 99 78 
0 100 
0 101 67 76 
0 102 76 90 
0 103 72 
0 104 97 
0 105 88 107 
0 106 87 107 
0 107 82 87 105 106 
0 108 98 
0 109 73 89 
0 110 122 153 
0 111 155 162 184 
0 112 132 137 
0 113 114 133 
0 114 113 121 
0 115 117 140 
0 116 136 138 
0 117 115 127 
0 118 
0 119 125 127 
0 120 
0 121 114 125 
0 122 110 155 
0 123 138 141 166 
0 124 125 139 
0 125 119 121 124 128 131 140 
0 126 130 134 136 
0 127 117 119 135 
0 128 125 135 
0 129 18 176 
0 130 14 126 
0 131 125 134 
0 132 16 112 
0 133 113 
0 134 126 131 
0 135 127 128 
0 136 116 126 
0 137 16 112 
0 138 116 123 
0 139 16 124 
0 140 115 125 
0 141 17 123 
0 142 20 164 
0 143 164 165 
0 144 183 186 
0 145 157 183 
0 146 179 182 
0 147 148 
0 148 147 157 166 174 175 
0 149 160 161 
0 150 168 169 
0 151 180 187 
0 152 19 187 
0 153 110 170 
0 154 20 178 
0 155 111 122 
0 156 163 181 
0 157 145 148 
0 158 172 182 
0 159 
0 160 149 173 
0 161 149 163 
0 162 111 184 
0 163 156 161 
0 164 142 143 174 
0 165 143 173 
0 166 123 148 
0 167 
0 168 150 182 
0 169 150 171 
0 170 153 182 
0 171 169 180 
0 172 158 186 
0 173 160 165 
0 174 148 164 
0 175 19 148 
0 176 129 
0 177 
0 178 19 154 
0 179 146 186 
0 180 151 171 
0 181 156 182 
0 182 146 158 168 170 181 
0 183 144 145 
0 184 111 162 
0 185 
0 186 144 172 179 
0 187 151 152 
0 188 203 223 
0 189 190 207 
0 190 189 200 
0 191 220 224 
0 192 221 223 
0 193 
0 194 196 229 
0 195 46 212 
0 196 194 232 236 237 
0 197 229 235 
0 198 217 230 
0 199 211 233 
0 200 5 190 
0 201 218 231 
0 202 204 205 237 
0 203 188 222 
0 204 202 219 
0 205 202 222 
0 206 208 
0 207 189 214 
0 208 206 209 
0 209 208 215 
0 210 218 229 
0 211 199 229 
0 212 195 
0 213 215 226 228 
0 214 207 229 
0 215 209 213 
0 216 223 230 
0 217 198 230 
0 218 201 210 219 
0 219 204 218 
0 220 191 225 
0 221 192 233 
0 222 203 205 
0 223 188 192 216 
0 224 21 191 
0 225 220 230 
0 226 213 227 
0 227 226 228 
0 228 213 227 
0 229 194 197 210 211 214 
0 230 198 216 217 225 
0 231 201 232 
0 232 196 231 
0 233 53 199 221 
0 234 
0 235 21 197 236 
0 236 196 235 
0 237 196 202 
0 238 0 1 3 4 5 
0 239 0 2 4 
0 240 0 1 3 4 5 
0 241 0 1 2 3 
0 242 0 1 2 3 4 5 
0 243 0 1 2 
0 244 0 3 4 5 
0 245 0 1 2 3 4 5 
0 246 0 1 4 
0 247 0 2 3 
0 248 0 1 2 3 5 
0 249 0 1 3 4 5 
0 250 0 2 5 
0 251 0 1 2 3 4 
0 252 0 1 2 3 5 
0 253 0 1 2 3 4 5 
0 254 0 1 2 3 4 5 
0 255 0 1 2 3 4 5 
0 256 0 3 4 
0 257 0 1 2 
0 258 0 2 3 4 5 
0 259 0 1 2 5 
0 260 0 1 3 4 5 
0 261 0 2 4 5 
0 262 0 1 3 4 
0 263 0 2 5 
0 264 0 1 2 3 4 
0 265 0 3 5 
0 266 0 1 2 3 4 5 
0 267 0 1 4 
