0 21600
0 0 1 2 3 4 5 238 239 240 241 242 243 244 245 246 247 248 249 250 251 252 253 254 255 256 257 258 259 260 261 262 263 264 265 266 267 
0 1 0 2 3 4 5 6 7 8 22 23 28 31 49 54 59 60 238 240 241 242 243 245 246 248 249 251 252 253 254 255 257 259 260 262 264 266 267 
0 2 0 1 3 4 5 9 10 11 12 13 61 66 239 241 242 243 245 247 248 250 251 252 253 254 255 257 258 259 261 263 264 266 
0 3 0 1 2 4 5 14 15 16 17 18 110 115 124 129 130 238 240 241 242 244 245 247 248 249 251 252 253 254 255 256 258 260 262 264 265 266 
0 4 0 1 2 3 5 19 20 142 150 157 160 164 168 238 239 240 242 244 245 246 249 251 253 254 255 256 258 260 261 262 264 266 267 
0 5 0 1 2 3 4 21 194 200 204 224 225 236 237 238 240 242 244 245 248 249 250 252 253 254 255 258 259 260 261 263 265 266 
0 6 1 7 8 24 30 31 49 50 55 
0 7 1 6 8 24 35 43 44 52 55 
0 8 1 6 7 39 41 45 49 58 
0 9 2 10 11 12 13 62 69 73 
0 10 2 9 11 12 13 66 69 74 78 85 101 102 
0 11 2 9 10 12 13 67 77 87 
0 12 2 9 10 11 13 64 77 85 
0 13 2 9 10 11 12 61 62 84 87 105 
0 14 3 15 16 17 18 119 122 130 136 155 
0 15 3 14 16 17 18 114 121 126 139 
0 16 3 14 15 17 18 110 114 116 124 127 132 137 139 155 
0 17 3 14 15 16 18 111 128 141 
0 18 3 14 15 16 17 112 115 119 129 
0 19 4 20 152 154 158 163 175 178 
0 20 4 19 142 154 163 165 168 170 181 186 
0 21 5 188 218 219 220 224 229 235 
0 22 1 40 42 
0 23 1 26 47 51 
0 24 6 7 32 33 36 41 48 55 
0 25 47 
0 26 23 30 35 40 46 48 59 
0 27 48 56 
0 28 1 30 37 42 46 54 56 58 
0 29 35 43 49 56 60 
0 30 6 26 28 41 53 57 
0 31 1 6 33 34 
0 32 24 47 52 60 
0 33 24 31 46 52 
0 34 31 35 
0 35 7 26 29 34 37 39 49 54 56 
0 36 24 42 47 50 59 
0 37 28 35 47 50 233 
0 38 
0 39 8 35 59 60 
0 40 22 26 43 45 46 48 54 55 
0 41 8 24 30 
0 42 22 28 36 44 46 53 56 58 59 
0 43 7 29 40 59 
0 44 7 42 45 48 52 57 
0 45 8 40 44 50 51 53 
0 46 26 28 33 40 42 48 195 
0 47 23 25 32 36 37 49 54 57 
0 48 24 26 27 40 44 46 52 57 58 
0 49 1 6 8 29 35 47 
0 50 6 36 37 45 
0 51 23 45 
0 52 7 32 33 44 48 55 
0 53 30 42 45 233 
0 54 1 28 35 40 47 58 60 
0 55 6 7 24 40 52 57 
0 56 27 28 29 35 42 
0 57 30 44 47 48 55 60 
0 58 8 28 42 48 54 60 221 
0 59 1 26 36 39 42 43 
0 60 1 29 32 39 54 57 58 
0 61 2 13 63 79 85 89 92 
0 62 9 13 67 79 88 98 
0 63 61 67 74 79 89 106 
0 64 12 79 84 90 93 98 102 
0 65 74 
0 66 2 10 97 
0 67 11 62 63 69 73 74 77 84 101 
0 68 
0 69 9 10 67 70 71 87 90 
0 70 69 82 83 
0 71 69 79 98 
0 72 79 103 
0 73 9 67 79 83 102 109 
0 74 10 63 65 67 76 82 84 90 
0 75 79 83 
0 76 74 85 101 102 107 
0 77 11 12 67 89 
0 78 10 80 90 99 105 
0 79 61 62 63 64 71 72 73 75 80 89 106 
0 80 78 79 
0 81 
0 82 70 74 88 92 107 
0 83 70 73 75 84 93 
0 84 13 64 67 74 83 
0 85 10 12 61 76 94 101 
0 86 
0 87 11 13 69 106 107 
0 88 62 82 96 97 105 
0 89 61 63 77 79 107 109 
0 90 64 69 74 78 98 102 
0 91 93 
0 92 61 82 97 
0 93 64 83 91 
0 94 85 
0 95 
0 96 88 
0 97 66 88 92 104 
0 98 62 64 71 90 108 
0 99 78 
0 100 
0 101 10 67 76 85 
0 102 10 64 73 76 90 
0 103 72 
0 104 97 
0 105 13 78 88 107 
0 106 63 79 87 107 
0 107 76 82 87 89 105 106 
0 108 98 
0 109 73 89 
0 110 3 16 117 122 126 153 
0 111 17 124 128 138 155 162 184 
0 112 18 122 132 134 136 137 
0 113 114 123 133 165 
0 114 15 16 113 121 138 
0 115 3 18 117 124 140 
0 116 16 125 136 138 
0 117 110 115 127 
0 118 
0 119 14 18 123 125 127 131 136 
0 120 
0 121 15 114 125 131 
0 122 14 110 112 130 155 
0 123 113 119 138 141 166 
0 124 3 16 111 115 125 139 
0 125 116 119 121 124 126 128 131 140 
0 126 15 110 125 130 134 136 
0 127 16 117 119 135 
0 128 17 111 125 135 137 
0 129 3 18 176 
0 130 3 14 122 126 
0 131 119 121 125 132 134 139 
0 132 16 112 131 134 
0 133 113 
0 134 112 126 131 132 
0 135 127 128 139 
0 136 14 112 116 119 126 
0 137 16 112 128 
0 138 111 114 116 123 
0 139 15 16 124 131 135 
0 140 115 125 
0 141 17 123 
0 142 4 20 143 164 
0 143 142 151 157 160 161 164 165 181 
0 144 164 180 182 183 186 
0 145 157 158 175 183 
0 146 160 161 169 179 182 187 
0 147 148 
0 148 147 153 157 166 174 175 180 187 
0 149 160 161 
0 150 4 168 169 171 175 179 
0 151 143 153 180 187 
0 152 19 154 163 165 171 172 173 180 181 187 
0 153 110 148 151 160 170 182 
0 154 19 20 152 160 178 180 
0 155 14 16 111 122 
0 156 163 181 183 
0 157 4 143 145 148 
0 158 19 145 172 175 179 182 
0 159 
0 160 4 143 146 149 153 154 170 173 
0 161 143 146 149 163 173 
0 162 111 184 
0 163 19 20 152 156 161 164 180 181 
0 164 4 142 143 144 163 174 
0 165 20 113 143 152 172 173 182 
0 166 123 148 
0 167 
0 168 4 20 150 182 
0 169 146 150 171 
0 170 20 153 160 172 182 
0 171 150 152 169 179 180 
0 172 152 158 165 170 175 186 
0 173 152 160 161 165 175 182 
0 174 148 164 
0 175 19 145 148 150 158 172 173 180 183 
0 176 129 
0 177 
0 178 19 154 
0 179 146 150 158 171 181 186 
0 180 144 148 151 152 154 163 171 175 
0 181 20 143 152 156 163 179 182 
0 182 144 146 153 158 165 168 170 173 181 
0 183 144 145 156 175 
0 184 111 162 
0 185 
0 186 20 144 172 179 187 
0 187 146 148 151 152 186 
0 188 21 202 203 223 
0 189 190 207 214 219 
0 190 189 197 200 214 219 223 230 231 
0 191 220 224 225 236 
0 192 221 223 
0 193 
0 194 5 196 197 202 203 209 228 229 
0 195 46 212 
0 196 194 215 216 226 232 236 237 
0 197 190 194 209 229 230 231 235 
0 198 217 230 
0 199 211 233 
0 200 5 190 
0 201 204 210 218 231 
0 202 188 194 204 205 210 222 223 237 
0 203 188 194 222 223 225 228 
0 204 5 201 202 219 
0 205 202 222 
0 206 208 
0 207 189 214 
0 208 206 209 
0 209 194 197 208 211 215 220 223 226 235 
0 210 201 202 218 229 
0 211 199 209 229 
0 212 195 
0 213 215 226 228 
0 214 189 190 207 220 229 230 
0 215 196 209 213 
0 216 196 223 230 
0 217 198 230 
0 218 21 201 210 219 220 226 229 
0 219 21 189 190 204 218 
0 220 21 191 209 214 218 225 231 
0 221 58 192 233 
0 222 202 203 205 
0 223 188 190 192 202 203 209 216 231 
0 224 5 21 191 
0 225 5 191 203 220 230 
0 226 196 209 213 218 227 228 
0 227 226 228 
0 228 194 203 213 226 227 
0 229 21 194 197 210 211 214 218 
0 230 190 197 198 214 216 217 225 
0 231 190 197 201 220 223 232 
0 232 196 231 
0 233 37 53 199 221 
0 234 
0 235 21 197 209 236 
0 236 5 191 196 235 
0 237 5 196 202 
0 238 0 1 3 4 5 
0 239 0 2 4 
0 240 0 1 3 4 5 
0 241 0 1 2 3 
0 242 0 1 2 3 4 5 
0 243 0 1 2 
0 244 0 3 4 5 
0 245 0 1 2 3 4 5 
0 246 0 1 4 
0 247 0 2 3 
0 248 0 1 2 3 5 
0 249 0 1 3 4 5 
0 250 0 2 5 
0 251 0 1 2 3 4 
0 252 0 1 2 3 5 
0 253 0 1 2 3 4 5 
0 254 0 1 2 3 4 5 
0 255 0 1 2 3 4 5 
0 256 0 3 4 
0 257 0 1 2 
0 258 0 2 3 4 5 
0 259 0 1 2 5 
0 260 0 1 3 4 5 
0 261 0 2 4 5 
0 262 0 1 3 4 
0 263 0 2 5 
0 264 0 1 2 3 4 
0 265 0 3 5 
0 266 0 1 2 3 4 5 
0 267 0 1 4 
