0 21600
0 0 1 2 3 4 5 238 239 240 241 242 243 244 245 246 247 248 249 250 251 252 253 254 255 256 257 258 259 260 261 262 263 264 265 266 267 
0 1 0 2 3 4 5 6 7 8 22 23 28 31 35 42 49 54 59 60 238 240 241 242 243 245 246 248 249 251 252 253 254 255 257 259 260 262 264 266 267 
0 2 0 1 3 4 5 9 10 11 12 13 61 66 239 241 242 243 245 247 248 250 251 252 253 254 255 257 258 259 261 263 264 266 
0 3 0 1 2 4 5 14 15 16 17 18 110 115 124 129 130 238 240 241 242 244 245 247 248 249 251 252 253 254 255 256 258 260 262 264 265 266 
0 4 0 1 2 3 5 19 20 142 150 157 160 164 168 238 239 240 242 244 245 246 249 251 253 254 255 256 258 260 261 262 264 266 267 
0 5 0 1 2 3 4 21 194 200 204 224 225 236 237 238 240 242 244 245 248 249 250 252 253 254 255 258 259 260 261 263 265 266 
0 6 1 7 8 24 30 50 55 
0 7 1 6 8 43 44 52 
0 8 1 6 7 39 41 45 58 
0 9 2 10 11 12 13 62 69 73 
0 10 2 9 11 12 13 74 78 85 101 102 
0 11 2 9 10 12 13 67 77 87 
0 12 2 9 10 11 13 64 
0 13 2 9 10 11 12 84 105 
0 14 3 15 16 17 18 136 155 
0 15 3 14 16 17 18 114 
0 16 3 14 15 17 18 127 
0 17 3 14 15 16 18 141 
0 18 3 14 15 16 17 
0 19 4 20 
0 20 4 19 154 163 170 
0 21 5 188 218 219 220 229 235 
0 22 1 40 
0 23 1 26 47 51 
0 24 6 32 33 36 48 
0 25 47 
0 26 23 46 
0 27 48 56 
0 28 1 37 
0 29 43 
0 30 6 53 57 
0 31 1 34 
0 32 24 
0 33 24 
0 34 31 
0 35 1 
0 36 24 
0 37 28 233 
0 38 
0 39 8 
0 40 22 
0 41 8 
0 42 1 
0 43 7 29 
0 44 7 
0 45 8 
0 46 26 195 
0 47 23 25 
0 48 24 27 
0 49 1 
0 50 6 
0 51 23 
0 52 7 
0 53 30 
0 54 1 
0 55 6 
0 56 27 
0 57 30 
0 58 8 221 
0 59 1 
0 60 1 
0 61 2 63 79 89 92 
0 62 9 88 98 
0 63 61 106 
0 64 12 90 93 
0 65 74 
0 66 2 97 
0 67 11 
0 68 
0 69 9 70 71 
0 70 69 
0 71 69 
0 72 79 103 
0 73 9 83 109 
0 74 10 65 76 82 
0 75 83 
0 76 74 107 
0 77 11 
0 78 10 80 99 
0 79 61 72 
0 80 78 
0 81 
0 82 74 
0 83 73 75 
0 84 13 
0 85 10 94 
0 86 
0 87 11 
0 88 62 96 
0 89 61 
0 90 64 
0 91 93 
0 92 61 
0 93 64 91 
0 94 85 
0 95 
0 96 88 
0 97 66 104 
0 98 62 108 
0 99 78 
0 100 
0 101 10 
0 102 10 
0 103 72 
0 104 97 
0 105 13 
0 106 63 
0 107 76 
0 108 98 
0 109 73 
0 110 3 117 153 
0 111 128 138 162 184 
0 112 134 136 137 
0 113 114 133 165 
0 114 15 113 
0 115 3 140 
0 116 136 
0 117 110 
0 118 
0 119 131 
0 120 
0 121 131 
0 122 130 
0 123 138 166 
0 124 3 
0 125 131 
0 126 134 
0 127 16 
0 128 111 135 137 
0 129 3 176 
0 130 3 122 
0 131 119 121 125 132 134 139 
0 132 131 
0 133 113 
0 134 112 126 131 
0 135 128 
0 136 14 112 116 
0 137 112 128 
0 138 111 123 
0 139 131 
0 140 115 
0 141 17 
0 142 4 143 
0 143 142 151 161 181 
0 144 164 180 182 183 186 
0 145 157 158 175 
0 146 161 169 179 187 
0 147 148 
0 148 147 153 
0 149 160 
0 150 4 171 
0 151 143 
0 152 154 172 173 
0 153 110 148 
0 154 20 152 178 
0 155 14 
0 156 163 
0 157 4 145 
0 158 145 
0 159 
0 160 4 149 
0 161 143 146 
0 162 111 
0 163 20 156 
0 164 4 144 174 
0 165 113 
0 166 123 
0 167 
0 168 4 
0 169 146 
0 170 20 
0 171 150 
0 172 152 
0 173 152 
0 174 164 
0 175 145 
0 176 129 
0 177 
0 178 154 
0 179 146 
0 180 144 
0 181 143 
0 182 144 
0 183 144 
0 184 111 
0 185 
0 186 144 
0 187 146 
0 188 21 202 203 223 
0 189 190 207 214 219 
0 190 189 197 230 231 
0 191 224 
0 192 223 
0 193 
0 194 5 196 209 228 
0 195 46 212 
0 196 194 215 216 226 232 
0 197 190 
0 198 230 
0 199 211 
0 200 5 
0 201 204 210 
0 202 188 205 222 
0 203 188 
0 204 5 201 
0 205 202 
0 206 208 
0 207 189 
0 208 206 209 
0 209 194 208 211 
0 210 201 
0 211 199 209 
0 212 195 
0 213 215 
0 214 189 
0 215 196 213 
0 216 196 
0 217 230 
0 218 21 
0 219 21 189 
0 220 21 
0 221 58 
0 222 202 
0 223 188 192 
0 224 5 191 
0 225 5 
0 226 196 227 
0 227 226 
0 228 194 
0 229 21 
0 230 190 198 217 
0 231 190 
0 232 196 
0 233 37 
0 234 
0 235 21 
0 236 5 
0 237 5 
0 238 0 1 3 4 5 
0 239 0 2 4 
0 240 0 1 3 4 5 
0 241 0 1 2 3 
0 242 0 1 2 3 4 5 
0 243 0 1 2 
0 244 0 3 4 5 
0 245 0 1 2 3 4 5 
0 246 0 1 4 
0 247 0 2 3 
0 248 0 1 2 3 5 
0 249 0 1 3 4 5 
0 250 0 2 5 
0 251 0 1 2 3 4 
0 252 0 1 2 3 5 
0 253 0 1 2 3 4 5 
0 254 0 1 2 3 4 5 
0 255 0 1 2 3 4 5 
0 256 0 3 4 
0 257 0 1 2 
0 258 0 2 3 4 5 
0 259 0 1 2 5 
0 260 0 1 3 4 5 
0 261 0 2 4 5 
0 262 0 1 3 4 
0 263 0 2 5 
0 264 0 1 2 3 4 
0 265 0 3 5 
0 266 0 1 2 3 4 5 
0 267 0 1 4 
