0 10800
0 0 177 178 179 180 181 182 183 184 185 186 187 188 189 190 191 192 193 194 195 196 197 198 199 200 201 202 203 204 205 206 
0 1 0 2 3 4 5 6 7 10 13 14 15 178 179 181 182 184 186 189 190 191 194 195 198 201 203 204 206 
0 2 0 1 3 4 5 177 178 180 181 183 187 188 190 192 193 195 197 198 200 201 203 204 205 206 
0 3 0 1 2 4 5 177 179 180 181 182 185 186 189 190 192 194 196 197 199 202 204 206 
0 4 178 179 180 181 183 185 187 188 189 192 193 194 196 197 199 200 203 204 205 
0 5 0 1 2 3 4 177 178 180 181 182 184 187 189 190 191 194 195 196 198 199 201 203 206 
0 6 1 7 10 13 14 15 
0 7 1 6 10 13 14 15 
0 8 1 6 7 10 11 13 14 15 
0 9 1 6 7 10 13 14 15 
0 10 
0 11 1 6 7 10 13 14 15 
0 12 1 6 7 10 13 14 15 
0 13 
0 14 1 6 7 10 13 15 
0 15 10 
0 16 1 10 15 
0 17 
0 18 1 6 7 8 9 10 11 13 14 15 
0 19 1 6 7 8 10 11 13 14 15 
0 20 1 6 7 8 10 11 12 13 14 15 
0 21 1 6 7 8 10 11 13 14 15 
0 22 1 6 7 10 13 14 15 
0 23 1 6 7 10 13 14 15 
0 24 1 6 7 10 13 14 15 
0 25 1 6 7 8 10 11 14 15 
0 26 1 6 7 8 9 10 11 12 13 14 15 
0 27 1 6 7 8 10 11 14 15 
0 28 1 6 7 8 10 11 13 14 15 
0 29 1 6 7 8 10 11 13 14 15 
0 30 1 6 7 10 12 13 14 15 
0 31 1 6 7 8 9 10 11 13 14 15 16 
0 32 1 6 7 8 9 10 14 15 
0 33 1 6 7 8 10 11 13 14 15 
0 34 1 6 7 8 9 10 11 13 14 15 16 
0 35 1 6 7 10 12 13 14 15 
0 36 1 6 7 10 13 14 15 17 
0 37 1 6 7 9 10 13 14 15 
0 38 1 6 7 8 10 11 13 14 15 
0 39 2 
0 40 2 
0 41 2 5 
0 42 2 
0 43 2 
0 44 2 
0 45 2 
0 46 2 
0 47 2 
0 48 2 
0 49 2 
0 50 2 
0 51 2 
0 52 2 
0 53 2 
0 54 2 
0 55 2 
0 56 2 
0 57 2 
0 58 2 
0 59 2 
0 60 2 
0 61 2 
0 62 2 
0 63 2 
0 64 2 
0 65 2 
0 66 2 
0 67 2 
0 68 2 
0 69 2 
0 70 2 
0 71 2 
0 72 2 5 
0 73 2 
0 74 2 
0 75 2 
0 76 2 
0 77 2 
0 78 2 
0 79 2 
0 80 2 
0 81 2 
0 82 2 
0 83 2 
0 84 2 
0 85 2 
0 86 2 
0 87 2 
0 88 2 
0 89 3 
0 90 3 
0 91 3 
0 92 3 
0 93 3 
0 94 3 
0 95 3 
0 96 3 
0 97 3 
0 98 3 
0 99 3 
0 100 3 
0 101 3 
0 102 3 
0 103 3 
0 104 3 
0 105 3 
0 106 3 
0 107 3 
0 108 3 
0 109 3 
0 110 3 
0 111 3 
0 112 3 
0 113 3 
0 114 3 
0 115 3 
0 116 3 
0 117 3 
0 118 3 
0 119 3 
0 120 4 
0 121 4 
0 122 4 
0 123 4 
0 124 4 
0 125 4 
0 126 4 
0 127 4 
0 128 4 
0 129 4 
0 130 4 
0 131 4 
0 132 4 
0 133 4 
0 134 4 
0 135 4 
0 136 4 
0 137 4 
0 138 4 
0 139 4 
0 140 4 
0 141 4 
0 142 4 
0 143 4 
0 144 4 
0 145 4 
0 146 5 
0 147 5 
0 148 5 
0 149 5 
0 150 5 
0 151 5 
0 152 5 
0 153 5 
0 154 5 
0 155 5 
0 156 5 
0 157 5 
0 158 5 
0 159 5 
0 160 5 
0 161 5 
0 162 5 
0 163 5 
0 164 5 
0 165 5 
0 166 5 
0 167 5 
0 168 5 
0 169 5 
0 170 5 
0 171 5 
0 172 10 13 14 
0 173 16 
0 174 95 
0 175 95 
0 176 97 
0 177 0 2 3 5 
0 178 0 1 2 4 5 
0 179 0 1 3 4 
0 180 0 2 3 4 5 
0 181 0 1 2 3 4 5 
0 182 0 1 3 5 
0 183 0 2 4 
0 184 0 1 5 
0 185 0 3 4 
0 186 0 1 3 
0 187 0 2 4 5 
0 188 0 2 4 
0 189 0 1 3 4 5 
0 190 0 1 2 3 5 
0 191 0 1 5 
0 192 0 2 3 4 
0 193 0 2 4 
0 194 0 1 3 4 5 
0 195 0 1 2 5 
0 196 0 3 4 5 
0 197 0 2 3 4 
0 198 0 1 2 5 
0 199 0 3 4 5 
0 200 0 2 4 
0 201 0 1 2 5 
0 202 0 3 
0 203 0 1 2 4 5 
0 204 0 1 2 3 4 
0 205 0 2 4 
0 206 0 1 2 3 5 
1800 0 177 178 179 180 181 182 183 184 185 186 187 188 189 190 191 192 193 194 195 196 197 198 199 200 201 202 203 204 205 206 
1800 1 0 2 3 4 5 6 7 10 13 14 15 178 179 181 182 184 186 189 190 191 194 195 198 201 203 204 206 
1800 2 0 1 3 4 5 177 178 180 181 183 187 188 190 192 193 195 197 198 200 201 203 204 205 206 
1800 3 0 1 2 4 5 177 179 180 181 182 185 186 189 190 192 194 196 197 199 202 204 206 
1800 4 0 178 179 180 181 183 185 187 188 189 192 193 194 196 197 199 200 203 204 205 
1800 5 0 1 2 3 4 177 178 180 181 182 184 187 189 190 191 194 195 196 198 199 201 203 206 
1800 6 1 7 10 13 14 15 
1800 7 1 6 10 13 14 15 
1800 8 1 6 7 10 11 13 14 15 
1800 9 1 6 7 10 13 14 15 
1800 10 
1800 11 1 6 7 10 13 14 15 
1800 12 1 6 7 10 13 14 15 
1800 13 
1800 14 1 6 7 10 13 
1800 15 10 
1800 16 1 10 15 
1800 17 
1800 18 1 6 7 8 9 10 11 15 
1800 19 1 6 7 8 10 11 13 14 15 
1800 20 1 6 7 8 10 11 12 13 14 15 
1800 21 1 6 7 8 10 11 13 14 15 
1800 22 1 6 7 10 13 14 15 
1800 23 1 6 7 10 13 14 15 
1800 24 1 6 7 10 14 15 
1800 25 1 6 7 8 11 13 14 15 
1800 26 1 6 7 8 9 10 11 12 13 14 15 
1800 27 1 6 7 8 11 13 14 15 
1800 28 1 6 7 8 11 13 14 15 
1800 29 1 6 7 8 10 11 13 14 15 
1800 30 1 6 7 10 12 13 14 15 
1800 31 1 6 7 8 9 10 11 13 14 15 16 
1800 32 1 6 7 8 9 10 11 12 14 15 
1800 33 1 6 7 8 10 11 13 14 15 
1800 34 1 6 7 8 9 11 13 14 15 16 
1800 35 1 6 7 10 12 13 14 15 
1800 36 1 6 7 13 14 15 17 
1800 37 1 6 7 9 10 13 14 15 
1800 38 1 6 7 8 11 13 14 15 
1800 39 2 
1800 40 2 
1800 41 2 5 
1800 42 2 5 
1800 43 2 
1800 44 2 
1800 45 2 
1800 46 2 
1800 47 2 
1800 48 2 
1800 49 2 
1800 50 2 
1800 51 2 
1800 52 2 
1800 53 2 
1800 54 2 
1800 55 2 
1800 56 2 
1800 57 2 
1800 58 2 
1800 59 2 
1800 60 2 
1800 61 2 
1800 62 2 
1800 63 2 
1800 64 2 
1800 65 2 
1800 66 2 
1800 67 2 
1800 68 2 
1800 69 2 
1800 70 2 
1800 71 2 5 
1800 72 2 
1800 73 2 
1800 74 2 
1800 75 2 
1800 76 2 
1800 77 2 
1800 78 2 
1800 79 2 
1800 80 2 
1800 81 2 
1800 82 2 
1800 83 2 
1800 84 2 
1800 85 2 
1800 86 2 
1800 87 2 
1800 88 2 
1800 89 3 
1800 90 3 
1800 91 3 
1800 92 3 
1800 93 3 
1800 94 3 
1800 95 3 
1800 96 3 
1800 97 3 
1800 98 3 
1800 99 3 
1800 100 3 
1800 101 3 
1800 102 3 
1800 103 3 
1800 104 3 
1800 105 3 
1800 106 3 
1800 107 3 
1800 108 3 
1800 109 3 
1800 110 3 
1800 111 3 
1800 112 3 
1800 113 3 
1800 114 3 
1800 115 3 
1800 116 3 
1800 117 3 
1800 118 3 
1800 119 3 
1800 120 3 
1800 121 4 
1800 122 4 
1800 123 4 
1800 124 4 
1800 125 4 
1800 126 4 
1800 127 4 
1800 128 4 
1800 129 4 
1800 130 4 
1800 131 4 
1800 132 4 
1800 133 4 
1800 134 4 
1800 135 4 
1800 136 4 
1800 137 4 
1800 138 4 
1800 139 4 
1800 140 4 
1800 141 4 
1800 142 4 
1800 143 4 
1800 144 4 
1800 145 4 
1800 146 5 
1800 147 5 
1800 148 5 
1800 149 5 
1800 150 5 
1800 151 5 
1800 152 5 
1800 153 5 
1800 154 5 
1800 155 5 
1800 156 5 
1800 157 5 
1800 158 5 
1800 159 5 
1800 160 5 
1800 161 5 
1800 162 5 
1800 163 5 
1800 164 5 
1800 165 5 
1800 166 5 
1800 167 5 
1800 168 5 
1800 169 5 
1800 170 5 
1800 171 10 15 
1800 172 16 
1800 173 43 
1800 174 93 
1800 175 94 
1800 176 121 
1800 177 0 2 3 5 
1800 178 0 1 2 4 5 
1800 179 0 1 3 4 
1800 180 0 2 3 4 5 
1800 181 0 1 2 3 4 5 
1800 182 0 1 3 5 
1800 183 0 2 4 
1800 184 0 1 5 
1800 185 0 3 4 
1800 186 0 1 3 
1800 187 0 2 4 5 
1800 188 0 2 4 
1800 189 0 1 3 4 5 
1800 190 0 1 2 3 5 
1800 191 0 1 5 
1800 192 0 2 3 4 
1800 193 0 2 4 
1800 194 0 1 3 4 5 
1800 195 0 1 2 5 
1800 196 0 3 4 5 
1800 197 0 2 3 4 
1800 198 0 1 2 5 
1800 199 0 3 4 5 
1800 200 0 2 4 
1800 201 0 1 2 5 
1800 202 0 3 
1800 203 0 1 2 4 5 
1800 204 0 1 2 3 4 
1800 205 0 2 4 
1800 206 0 1 2 3 5 
3600 0 177 178 179 180 181 182 183 184 185 186 187 188 189 190 191 192 193 194 195 196 197 198 199 200 201 202 203 204 205 206 
3600 1 0 2 3 4 5 6 7 10 13 14 15 178 179 181 182 184 186 189 190 191 194 195 198 201 203 204 206 
3600 2 0 1 3 4 5 177 178 180 181 183 187 188 190 192 193 195 197 198 200 201 203 204 205 206 
3600 3 0 1 2 4 5 177 179 180 181 182 185 186 189 190 192 194 196 197 199 202 204 206 
3600 4 0 178 179 180 181 183 185 187 188 189 192 193 194 196 197 199 200 203 204 205 
3600 5 0 1 2 3 4 177 178 180 181 182 184 187 189 190 191 194 195 196 198 199 201 203 206 
3600 6 1 7 10 13 14 15 
3600 7 1 6 10 13 14 15 
3600 8 1 6 7 10 11 13 14 15 
3600 9 1 6 7 10 13 14 15 
3600 10 
3600 11 1 6 7 10 13 14 
3600 12 1 6 7 10 13 14 15 
3600 13 
3600 14 1 6 7 10 13 15 
3600 15 10 
3600 16 
3600 17 
3600 18 1 6 7 8 9 10 11 13 14 15 
3600 19 1 6 7 8 10 11 13 
3600 20 1 6 7 8 10 11 13 14 15 
3600 21 1 6 7 8 11 13 14 
3600 22 1 6 7 10 13 14 15 
3600 23 1 6 7 13 14 
3600 24 1 6 7 10 13 14 15 
3600 25 1 6 7 8 10 11 13 15 
3600 26 1 6 7 8 9 10 12 13 14 15 
3600 27 1 6 7 8 10 11 13 15 
3600 28 1 6 7 8 10 11 13 14 15 
3600 29 1 6 7 8 11 13 14 
3600 30 1 6 7 12 13 14 
3600 31 1 6 7 8 9 10 11 13 14 15 16 
3600 32 1 6 7 8 9 10 11 13 14 15 
3600 33 1 6 7 8 10 11 13 14 15 
3600 34 1 6 7 8 9 10 11 13 15 16 
3600 35 1 6 7 10 12 13 14 15 
3600 36 1 6 7 10 13 14 15 17 
3600 37 1 6 7 9 10 13 14 
3600 38 1 6 7 8 10 11 13 15 
3600 39 1 6 7 10 13 15 
3600 40 2 
3600 41 2 
3600 42 2 5 
3600 43 2 
3600 44 2 
3600 45 2 
3600 46 2 
3600 47 2 
3600 48 2 
3600 49 2 
3600 50 2 
3600 51 2 
3600 52 2 
3600 53 2 
3600 54 2 
3600 55 2 
3600 56 2 
3600 57 2 
3600 58 2 
3600 59 2 
3600 60 2 
3600 61 2 
3600 62 2 
3600 63 2 
3600 64 2 
3600 65 2 
3600 66 2 
3600 67 2 
3600 68 2 
3600 69 2 
3600 70 2 
3600 71 2 5 
3600 72 2 
3600 73 2 
3600 74 2 
3600 75 2 
3600 76 2 
3600 77 2 
3600 78 2 
3600 79 2 
3600 80 2 
3600 81 2 
3600 82 2 
3600 83 2 
3600 84 2 
3600 85 2 
3600 86 2 
3600 87 2 
3600 88 2 
3600 89 2 
3600 90 3 
3600 91 3 
3600 92 3 
3600 93 3 
3600 94 3 
3600 95 3 
3600 96 3 
3600 97 3 
3600 98 3 
3600 99 3 
3600 100 3 
3600 101 3 
3600 102 3 
3600 103 3 
3600 104 3 
3600 105 3 
3600 106 3 
3600 107 3 
3600 108 3 
3600 109 3 
3600 110 3 
3600 111 3 
3600 112 3 
3600 113 3 
3600 114 3 
3600 115 3 
3600 116 3 
3600 117 3 
3600 118 3 
3600 119 3 
3600 120 3 
3600 121 3 
3600 122 4 
3600 123 4 
3600 124 4 
3600 125 4 
3600 126 4 
3600 127 4 
3600 128 4 
3600 129 4 
3600 130 4 
3600 131 4 
3600 132 4 
3600 133 4 
3600 134 4 
3600 135 4 
3600 136 4 
3600 137 4 
3600 138 4 
3600 139 4 
3600 140 4 
3600 141 4 
3600 142 4 
3600 143 4 
3600 144 4 
3600 145 4 
3600 146 4 
3600 147 5 
3600 148 5 
3600 149 5 
3600 150 5 
3600 151 5 
3600 152 5 
3600 153 5 
3600 154 5 
3600 155 5 
3600 156 5 
3600 157 5 
3600 158 5 
3600 159 5 
3600 160 5 
3600 161 5 
3600 162 5 
3600 163 5 
3600 164 5 
3600 165 5 
3600 166 5 
3600 167 5 
3600 168 5 
3600 169 5 
3600 170 5 
3600 171 5 
3600 172 5 
3600 173 10 13 15 
3600 174 94 
3600 175 117 
3600 176 124 
3600 177 0 2 3 5 
3600 178 0 1 2 4 5 
3600 179 0 1 3 4 
3600 180 0 2 3 4 5 
3600 181 0 1 2 3 4 5 
3600 182 0 1 3 5 
3600 183 0 2 4 
3600 184 0 1 5 
3600 185 0 3 4 
3600 186 0 1 3 
3600 187 0 2 4 5 
3600 188 0 2 4 
3600 189 0 1 3 4 5 
3600 190 0 1 2 3 5 
3600 191 0 1 5 
3600 192 0 2 3 4 
3600 193 0 2 4 
3600 194 0 1 3 4 5 
3600 195 0 1 2 5 
3600 196 0 3 4 5 
3600 197 0 2 3 4 
3600 198 0 1 2 5 
3600 199 0 3 4 5 
3600 200 0 2 4 
3600 201 0 1 2 5 
3600 202 0 3 
3600 203 0 1 2 4 5 
3600 204 0 1 2 3 4 
3600 205 0 2 4 
3600 206 0 1 2 3 5 
5400 0 177 178 179 180 181 182 183 184 185 186 187 188 189 190 191 192 193 194 195 196 197 198 199 200 201 202 203 204 205 206 
5400 1 0 2 3 4 5 6 7 10 13 14 15 178 179 181 182 184 186 189 190 191 194 195 198 201 203 204 206 
5400 2 0 1 3 4 5 177 178 180 181 183 187 188 190 192 193 195 197 198 200 201 203 204 205 206 
5400 3 0 1 2 4 5 177 179 180 181 182 185 186 189 190 192 194 196 197 199 202 204 206 
5400 4 0 178 179 180 181 183 185 187 188 189 192 193 194 196 197 199 200 203 204 205 
5400 5 0 1 2 3 4 177 178 180 181 182 184 187 189 190 191 194 195 196 198 199 201 203 206 
5400 6 1 7 10 13 14 15 
5400 7 1 6 10 13 14 15 
5400 8 1 6 7 10 11 13 14 15 
5400 9 1 6 7 10 13 14 15 
5400 10 
5400 11 1 6 7 10 13 14 15 
5400 12 1 6 7 10 14 15 
5400 13 
5400 14 1 6 7 10 13 15 
5400 15 10 
5400 16 10 15 
5400 17 1 
5400 18 1 6 7 8 9 11 13 14 15 
5400 19 1 6 7 8 11 14 15 
5400 20 1 6 7 8 10 11 13 14 
5400 21 1 6 7 8 10 11 13 14 15 
5400 22 1 6 7 10 13 14 15 
5400 23 1 6 7 10 13 14 15 
5400 24 1 6 7 10 13 14 15 
5400 25 1 6 7 8 10 11 13 14 15 
5400 26 1 6 7 8 9 10 11 12 13 14 15 
5400 27 1 6 7 8 10 11 13 14 15 
5400 28 1 6 7 8 10 11 13 14 15 
5400 29 1 6 7 8 10 13 15 
5400 30 1 6 7 10 13 14 15 
5400 31 1 6 7 8 9 10 11 13 14 15 16 
5400 32 1 6 7 8 9 10 11 12 13 14 15 
5400 33 1 6 7 8 10 11 13 15 
5400 34 1 6 7 8 9 10 11 13 14 15 16 
5400 35 1 6 7 10 12 13 14 15 
5400 36 1 6 7 10 13 14 15 
5400 37 1 6 7 9 10 13 14 15 
5400 38 1 6 7 8 10 11 13 14 15 
5400 39 1 6 7 10 13 14 15 
5400 40 1 6 7 10 13 14 15 
5400 41 2 
5400 42 2 
5400 43 2 
5400 44 2 
5400 45 2 
5400 46 2 
5400 47 2 
5400 48 2 
5400 49 2 
5400 50 2 
5400 51 2 
5400 52 2 
5400 53 2 
5400 54 2 
5400 55 2 
5400 56 2 
5400 57 2 
5400 58 2 
5400 59 2 
5400 60 2 
5400 61 2 
5400 62 2 
5400 63 2 
5400 64 2 
5400 65 2 
5400 66 2 
5400 67 2 
5400 68 2 
5400 69 2 
5400 70 2 
5400 71 2 
5400 72 2 
5400 73 2 
5400 74 2 
5400 75 2 
5400 76 2 
5400 77 2 
5400 78 2 
5400 79 2 
5400 80 2 
5400 81 2 
5400 82 2 
5400 83 2 
5400 84 2 
5400 85 2 
5400 86 2 
5400 87 2 
5400 88 2 
5400 89 3 
5400 90 3 
5400 91 3 
5400 92 3 
5400 93 3 
5400 94 3 
5400 95 3 
5400 96 3 
5400 97 3 
5400 98 3 
5400 99 3 
5400 100 3 
5400 101 3 
5400 102 3 
5400 103 3 
5400 104 3 
5400 105 3 
5400 106 3 
5400 107 3 
5400 108 3 
5400 109 3 
5400 110 3 
5400 111 3 
5400 112 3 
5400 113 3 
5400 114 3 
5400 115 3 
5400 116 3 
5400 117 3 
5400 118 3 
5400 119 3 
5400 120 4 
5400 121 4 
5400 122 4 
5400 123 4 
5400 124 4 
5400 125 4 
5400 126 4 
5400 127 4 
5400 128 4 
5400 129 4 
5400 130 4 
5400 131 4 
5400 132 4 
5400 133 4 
5400 134 4 
5400 135 4 
5400 136 4 
5400 137 4 
5400 138 4 
5400 139 4 
5400 140 4 
5400 141 4 
5400 142 4 
5400 143 4 
5400 144 4 
5400 145 5 
5400 146 5 
5400 147 5 
5400 148 5 
5400 149 5 
5400 150 5 
5400 151 5 
5400 152 5 
5400 153 5 
5400 154 5 
5400 155 5 
5400 156 5 
5400 157 5 
5400 158 5 
5400 159 5 
5400 160 5 
5400 161 5 
5400 162 5 
5400 163 5 
5400 164 5 
5400 165 5 
5400 166 5 
5400 167 5 
5400 168 5 
5400 169 5 
5400 170 5 
5400 171 5 
5400 172 45 
5400 173 93 
5400 174 94 
5400 175 114 
5400 176 120 
5400 177 0 2 3 5 
5400 178 0 1 2 4 5 
5400 179 0 1 3 4 
5400 180 0 2 3 4 5 
5400 181 0 1 2 3 4 5 
5400 182 0 1 3 5 
5400 183 0 2 4 
5400 184 0 1 5 
5400 185 0 3 4 
5400 186 0 1 3 
5400 187 0 2 4 5 
5400 188 0 2 4 
5400 189 0 1 3 4 5 
5400 190 0 1 2 3 5 
5400 191 0 1 5 
5400 192 0 2 3 4 
5400 193 0 2 4 
5400 194 0 1 3 4 5 
5400 195 0 1 2 5 
5400 196 0 3 4 5 
5400 197 0 2 3 4 
5400 198 0 1 2 5 
5400 199 0 3 4 5 
5400 200 0 2 4 
5400 201 0 1 2 5 
5400 202 0 3 
5400 203 0 1 2 4 5 
5400 204 0 1 2 3 4 
5400 205 0 2 4 
5400 206 0 1 2 3 5 
7200 0 177 178 179 180 181 182 183 184 185 186 187 188 189 190 191 192 193 194 195 196 197 198 199 200 201 202 203 204 205 206 
7200 1 0 2 3 4 5 6 7 10 13 14 15 178 179 181 182 184 186 189 190 191 194 195 198 201 203 204 206 
7200 2 0 1 3 4 5 177 178 180 181 183 187 188 190 192 193 195 197 198 200 201 203 204 205 206 
7200 3 0 1 2 4 5 177 179 180 181 182 185 186 189 190 192 194 196 197 199 202 204 206 
7200 4 0 178 179 180 181 183 185 187 188 189 192 193 194 196 197 199 200 203 204 205 
7200 5 0 1 2 3 4 177 178 180 181 182 184 187 189 190 191 194 195 196 198 199 201 203 206 
7200 6 1 7 10 13 14 15 
7200 7 1 6 10 13 14 15 
7200 8 1 6 7 10 11 13 14 15 
7200 9 1 6 7 10 13 14 15 
7200 10 
7200 11 1 6 7 13 14 15 
7200 12 1 6 7 10 13 14 15 
7200 13 
7200 14 1 6 7 10 13 15 
7200 15 10 
7200 16 10 15 
7200 17 
7200 18 1 6 7 8 9 10 11 13 14 15 
7200 19 1 6 7 8 10 11 13 14 15 
7200 20 1 6 7 8 11 12 13 14 15 
7200 21 1 6 7 8 10 11 13 14 15 
7200 22 1 6 7 10 13 14 15 
7200 23 1 6 7 10 13 14 15 
7200 24 1 6 7 10 13 14 15 
7200 25 1 6 7 8 10 11 13 14 15 
7200 26 1 6 7 8 9 10 11 12 13 14 15 
7200 27 1 6 7 8 10 11 13 14 15 
7200 28 1 6 7 8 10 11 13 14 15 
7200 29 1 6 7 8 11 13 
7200 30 1 6 7 10 12 13 14 15 
7200 31 1 6 7 8 9 11 13 14 15 16 
7200 32 1 6 7 8 9 10 11 12 13 15 
7200 33 1 6 7 8 10 13 14 15 
7200 34 1 6 7 8 9 10 11 13 14 15 16 
7200 35 1 6 7 10 12 13 14 15 
7200 36 1 6 7 10 13 14 15 17 
7200 37 1 6 7 9 10 13 15 
7200 38 1 6 7 8 10 11 13 14 15 
7200 39 1 6 7 10 13 14 15 
7200 40 1 6 7 10 13 14 15 
7200 41 2 
7200 42 2 
7200 43 2 5 
7200 44 2 
7200 45 2 
7200 46 2 
7200 47 2 
7200 48 2 
7200 49 2 
7200 50 2 
7200 51 2 
7200 52 2 
7200 53 2 
7200 54 2 
7200 55 2 
7200 56 2 
7200 57 2 
7200 58 2 
7200 59 2 
7200 60 2 
7200 61 2 
7200 62 2 
7200 63 2 
7200 64 2 
7200 65 2 
7200 66 2 
7200 67 2 
7200 68 2 
7200 69 2 
7200 70 2 
7200 71 2 
7200 72 2 
7200 73 2 
7200 74 2 
7200 75 2 
7200 76 2 
7200 77 2 
7200 78 2 
7200 79 2 
7200 80 2 
7200 81 2 
7200 82 2 
7200 83 2 
7200 84 2 
7200 85 2 
7200 86 2 
7200 87 2 
7200 88 2 
7200 89 2 
7200 90 3 
7200 91 3 
7200 92 3 
7200 93 3 
7200 94 3 
7200 95 3 
7200 96 3 
7200 97 3 
7200 98 3 
7200 99 3 
7200 100 3 
7200 101 3 
7200 102 3 
7200 103 3 
7200 104 3 
7200 105 3 
7200 106 3 
7200 107 3 
7200 108 3 
7200 109 3 
7200 110 3 
7200 111 3 
7200 112 3 
7200 113 3 
7200 114 3 
7200 115 3 
7200 116 3 
7200 117 3 
7200 118 3 
7200 119 3 
7200 120 3 
7200 121 3 
7200 122 4 
7200 123 4 
7200 124 4 
7200 125 4 
7200 126 4 
7200 127 4 
7200 128 4 
7200 129 4 
7200 130 4 
7200 131 4 
7200 132 4 
7200 133 4 
7200 134 4 
7200 135 4 
7200 136 4 
7200 137 4 
7200 138 4 
7200 139 4 
7200 140 4 
7200 141 4 
7200 142 4 
7200 143 4 
7200 144 4 
7200 145 5 
7200 146 5 
7200 147 5 
7200 148 5 
7200 149 5 
7200 150 5 
7200 151 5 
7200 152 5 
7200 153 5 
7200 154 5 
7200 155 5 
7200 156 5 
7200 157 5 
7200 158 5 
7200 159 5 
7200 160 5 
7200 161 5 
7200 162 5 
7200 163 5 
7200 164 5 
7200 165 5 
7200 166 5 
7200 167 5 
7200 168 5 
7200 169 5 
7200 170 5 
7200 171 46 
7200 172 94 
7200 173 94 
7200 174 133 
7200 175 124 
7200 176 124 
7200 177 0 2 3 5 
7200 178 0 1 2 4 5 
7200 179 0 1 3 4 
7200 180 0 2 3 4 5 
7200 181 0 1 2 3 4 5 
7200 182 0 1 3 5 
7200 183 0 2 4 
7200 184 0 1 5 
7200 185 0 3 4 
7200 186 0 1 3 
7200 187 0 2 4 5 
7200 188 0 2 4 
7200 189 0 1 3 4 5 
7200 190 0 1 2 3 5 
7200 191 0 1 5 
7200 192 0 2 3 4 
7200 193 0 2 4 
7200 194 0 1 3 4 5 
7200 195 0 1 2 5 
7200 196 0 3 4 5 
7200 197 0 2 3 4 
7200 198 0 1 2 5 
7200 199 0 3 4 5 
7200 200 0 2 4 
7200 201 0 1 2 5 
7200 202 0 3 
7200 203 0 1 2 4 5 
7200 204 0 1 2 3 4 
7200 205 0 2 4 
7200 206 0 1 2 3 5 
9000 0 177 178 179 180 181 182 183 184 185 186 187 188 189 190 191 192 193 194 195 196 197 198 199 200 201 202 203 204 205 206 
9000 1 0 2 3 4 5 6 7 10 13 14 15 178 179 181 182 184 186 189 190 191 194 195 198 201 203 204 206 
9000 2 0 1 3 4 5 177 178 180 181 183 187 188 190 192 193 195 197 198 200 201 203 204 205 206 
9000 3 0 1 2 4 5 177 179 180 181 182 185 186 189 190 192 194 196 197 199 202 204 206 
9000 4 0 178 179 180 181 183 185 187 188 189 192 193 194 196 197 199 200 203 204 205 
9000 5 0 1 2 3 4 177 178 180 181 182 184 187 189 190 191 194 195 196 198 199 201 203 206 
9000 6 1 7 10 13 14 15 
9000 7 1 6 10 13 14 15 
9000 8 1 6 7 10 11 13 14 15 
9000 9 1 6 7 10 13 14 15 
9000 10 
9000 11 1 6 7 10 13 14 15 
9000 12 1 6 7 10 13 14 
9000 13 
9000 14 1 6 7 10 13 
9000 15 
9000 16 10 
9000 17 1 
9000 18 1 6 7 8 9 10 11 13 14 15 
9000 19 1 6 7 8 10 11 13 14 
9000 20 1 6 7 8 10 11 12 13 14 15 
9000 21 1 6 7 8 10 11 13 14 15 
9000 22 1 6 7 10 13 14 15 
9000 23 1 6 7 10 13 14 
9000 24 1 6 7 10 13 14 15 
9000 25 1 6 7 8 10 11 13 14 15 
9000 26 1 6 7 8 9 10 11 12 13 14 15 
9000 27 1 6 7 8 10 11 13 14 15 
9000 28 1 6 7 8 10 11 13 14 15 
9000 29 1 6 7 8 10 11 13 14 15 
9000 30 1 6 7 10 12 13 14 15 
9000 31 1 6 7 8 9 10 11 13 14 15 16 
9000 32 1 6 7 8 9 10 11 12 13 14 15 
9000 33 1 6 7 8 10 11 13 14 15 
9000 34 1 6 7 8 9 10 11 13 14 15 16 
9000 35 1 6 7 10 12 13 14 15 
9000 36 2 
9000 37 2 
9000 38 2 5 
9000 39 2 
9000 40 2 
9000 41 2 
9000 42 2 
9000 43 2 
9000 44 2 
9000 45 2 
9000 46 2 
9000 47 2 
9000 48 2 
9000 49 2 5 
9000 50 2 
9000 51 2 
9000 52 2 
9000 53 2 
9000 54 2 
9000 55 2 
9000 56 2 
9000 57 2 
9000 58 2 
9000 59 2 
9000 60 2 
9000 61 2 
9000 62 2 
9000 63 2 
9000 64 2 
9000 65 2 
9000 66 2 
9000 67 2 
9000 68 2 
9000 69 2 
9000 70 2 
9000 71 2 5 
9000 72 2 
9000 73 2 
9000 74 2 
9000 75 2 
9000 76 2 
9000 77 2 
9000 78 2 
9000 79 2 
9000 80 2 
9000 81 2 
9000 82 2 5 
9000 83 2 
9000 84 2 
9000 85 3 
9000 86 3 
9000 87 3 
9000 88 3 
9000 89 3 
9000 90 3 
9000 91 3 
9000 92 3 
9000 93 3 
9000 94 3 
9000 95 3 
9000 96 3 
9000 97 3 
9000 98 3 
9000 99 3 
9000 100 3 
9000 101 3 
9000 102 3 
9000 103 3 
9000 104 3 
9000 105 3 
9000 106 3 
9000 107 3 
9000 108 3 
9000 109 3 
9000 110 3 
9000 111 3 
9000 112 3 
9000 113 3 
9000 114 3 
9000 115 3 
9000 116 3 
9000 117 3 
9000 118 3 
9000 119 4 
9000 120 4 
9000 121 4 
9000 122 4 
9000 123 4 
9000 124 4 
9000 125 4 
9000 126 4 
9000 127 4 
9000 128 4 
9000 129 4 
9000 130 4 
9000 131 4 
9000 132 4 
9000 133 4 
9000 134 4 
9000 135 4 
9000 136 4 
9000 137 4 
9000 138 4 
9000 139 4 
9000 140 4 
9000 141 4 
9000 142 4 
9000 143 4 
9000 144 5 
9000 145 5 
9000 146 5 
9000 147 5 
9000 148 5 
9000 149 5 
9000 150 5 
9000 151 5 
9000 152 5 
9000 153 5 
9000 154 5 
9000 155 5 
9000 156 5 
9000 157 5 
9000 158 5 
9000 159 5 
9000 160 5 
9000 161 5 
9000 162 5 
9000 163 5 
9000 164 5 
9000 165 5 
9000 166 5 
9000 167 5 
9000 168 5 
9000 169 5 
9000 170 10 15 
9000 171 10 14 
9000 172 10 14 
9000 173 13 
9000 174 15 
9000 175 39 
9000 176 125 
9000 177 0 2 3 5 
9000 178 0 1 2 4 5 
9000 179 0 1 3 4 
9000 180 0 2 3 4 5 
9000 181 0 1 2 3 4 5 
9000 182 0 1 3 5 
9000 183 0 2 4 
9000 184 0 1 5 
9000 185 0 3 4 
9000 186 0 1 3 
9000 187 0 2 4 5 
9000 188 0 2 4 
9000 189 0 1 3 4 5 
9000 190 0 1 2 3 5 
9000 191 0 1 5 
9000 192 0 2 3 4 
9000 193 0 2 4 
9000 194 0 1 3 4 5 
9000 195 0 1 2 5 
9000 196 0 3 4 5 
9000 197 0 2 3 4 
9000 198 0 1 2 5 
9000 199 0 3 4 5 
9000 200 0 2 4 
9000 201 0 1 2 5 
9000 202 0 3 
9000 203 0 1 2 4 5 
9000 204 0 1 2 3 4 
9000 205 0 2 4 
9000 206 0 1 2 3 5 
