0 21600
1800 0 1 224 225 226 227 228 229 230 231 232 233 234 235 236 237 238 239 240 241 242 243 244 245 246 247 248 249 250 251 252 253 
1800 1 0 52 224 226 227 229 230 232 233 235 237 240 242 243 244 247 250 251 253 
1800 2 86 98 
1800 3 109 127 
1800 4 164 165 
1800 5 202 207 
1800 6 25 41 
1800 7 27 56 
1800 8 90 97 
1800 9 77 80 
1800 10 149 185 
1800 11 19 21 
1800 12 25 51 
1800 13 17 39 
1800 14 56 58 
1800 15 17 39 
1800 16 24 34 48 
1800 17 13 15 37 
1800 18 50 58 
1800 19 11 46 
1800 20 31 41 
1800 21 11 59 
1800 22 36 39 
1800 23 55 57 
1800 24 16 29 
1800 25 6 12 47 
1800 26 44 53 
1800 27 7 51 
1800 28 44 55 
1800 29 24 51 
1800 30 32 57 
1800 31 20 41 
1800 32 30 34 
1800 33 42 48 
1800 34 16 32 
1800 35 41 45 
1800 36 22 
1800 37 17 55 
1800 38 47 57 
1800 39 13 15 22 
1800 40 49 55 
1800 41 6 20 31 35 43 
1800 42 33 49 
1800 43 41 46 
1800 44 26 28 
1800 45 35 56 
1800 46 19 43 
1800 47 25 38 
1800 48 16 33 
1800 49 40 42 
1800 50 18 51 
1800 51 12 27 29 50 
1800 52 1 58 
1800 53 26 59 
1800 54 57 58 
1800 55 23 28 37 40 
1800 56 7 14 45 
1800 57 23 30 38 54 
1800 58 14 18 52 54 
1800 59 21 53 
1800 60 67 96 
1800 61 78 92 94 99 
1800 62 65 70 
1800 63 69 93 
1800 64 70 71 
1800 65 62 76 
1800 66 69 91 
1800 67 60 83 
1800 68 75 100 
1800 69 63 66 
1800 70 62 64 81 
1800 71 64 74 
1800 72 86 98 
1800 73 76 96 
1800 74 71 89 
1800 75 68 
1800 76 65 73 
1800 77 9 79 
1800 78 61 93 
1800 79 77 91 
1800 80 9 90 
1800 81 70 88 
1800 82 93 94 
1800 83 67 98 
1800 84 87 88 95 
1800 85 99 
1800 86 2 72 89 
1800 87 84 100 
1800 88 81 84 
1800 89 74 86 
1800 90 8 80 
1800 91 66 79 
1800 92 61 93 
1800 93 63 78 82 92 
1800 94 61 82 
1800 95 84 97 
1800 96 60 73 
1800 97 8 95 
1800 98 2 72 83 
1800 99 61 85 
1800 100 68 87 
1800 101 115 129 
1800 102 114 119 
1800 103 109 110 
1800 104 110 132 
1800 105 124 140 
1800 106 128 146 
1800 107 143 146 
1800 108 144 147 
1800 109 3 103 
1800 110 103 104 
1800 111 114 133 
1800 112 129 146 
1800 113 129 134 
1800 114 102 111 123 139 
1800 115 101 118 
1800 116 122 137 
1800 117 123 135 
1800 118 115 138 
1800 119 102 148 
1800 120 130 138 
1800 121 127 
1800 122 116 134 
1800 123 114 117 
1800 124 105 132 
1800 125 126 135 
1800 126 125 133 
1800 127 3 121 
1800 128 106 143 
1800 129 101 112 113 139 
1800 130 120 131 
1800 131 130 148 
1800 132 104 124 
1800 133 111 126 136 141 
1800 134 113 122 
1800 135 117 125 
1800 136 133 145 
1800 137 116 140 
1800 138 118 120 
1800 139 114 129 
1800 140 105 137 
1800 141 133 142 
1800 142 141 145 
1800 143 107 128 
1800 144 108 147 
1800 145 136 142 
1800 146 106 107 112 
1800 147 108 144 
1800 148 119 131 
1800 149 10 183 
1800 150 153 178 
1800 151 153 155 
1800 152 153 174 
1800 153 150 151 152 168 184 
1800 154 172 182 
1800 155 151 192 
1800 156 170 186 
1800 157 174 181 
1800 158 160 167 
1800 159 181 185 
1800 160 158 191 
1800 161 190 193 
1800 162 163 180 
1800 163 162 172 
1800 164 4 173 
1800 165 4 188 
1800 166 179 183 
1800 167 158 178 
1800 168 153 171 
1800 169 172 189 
1800 170 156 190 
1800 171 168 175 
1800 172 154 163 169 
1800 173 164 182 
1800 174 152 157 
1800 175 171 178 
1800 176 181 
1800 177 182 192 
1800 178 150 167 175 189 
1800 179 166 182 
1800 180 162 185 
1800 181 157 159 176 
1800 182 154 173 177 179 
1800 183 149 166 
1800 184 153 192 
1800 185 10 159 180 191 
1800 186 156 193 
1800 187 192 
1800 188 165 
1800 189 169 178 
1800 190 161 170 
1800 191 160 185 
1800 192 155 177 184 187 
1800 193 161 186 
1800 194 205 207 
1800 195 213 220 
1800 196 201 208 
1800 197 215 216 
1800 198 210 222 
1800 199 213 223 
1800 200 212 213 
1800 201 196 
1800 202 5 217 
1800 203 218 223 
1800 204 220 
1800 205 194 221 
1800 206 209 210 
1800 207 5 194 
1800 208 196 222 
1800 209 206 219 
1800 210 198 206 
1800 211 214 220 
1800 212 200 221 
1800 213 195 199 200 
1800 214 211 217 
1800 215 197 
1800 216 197 
1800 217 202 214 
1800 218 203 
1800 219 209 221 
1800 220 195 204 211 
1800 221 205 212 219 
1800 222 198 208 
1800 223 199 203 
1800 224 0 1 
1800 225 0 
1800 226 0 1 
1800 227 0 1 
1800 228 0 
1800 229 0 1 
1800 230 0 1 
1800 231 0 
1800 232 0 1 
1800 233 0 1 
1800 234 0 
1800 235 0 1 
1800 236 0 
1800 237 0 1 
1800 238 0 
1800 239 0 
1800 240 0 1 
1800 241 0 
1800 242 0 1 
1800 243 0 1 
1800 244 0 1 
1800 245 0 
1800 246 0 
1800 247 0 1 
1800 248 0 
1800 249 0 
1800 250 0 1 
1800 251 0 1 
1800 252 0 
1800 253 0 1 
