0 21600
0 0 1 2 3 4 5 229 230 231 232 233 234 235 236 237 238 239 240 241 242 243 244 245 246 247 248 249 250 251 252 253 254 255 256 257 258 
0 1 0 2 3 4 5 6 16 230 232 235 239 242 244 246 250 253 257 258 
0 2 0 1 3 4 5 7 8 231 234 237 238 240 244 247 248 254 257 258 
0 3 0 1 2 4 5 9 130 232 236 239 241 243 247 248 251 255 
0 4 0 1 2 3 5 10 11 12 229 233 235 238 240 245 248 250 251 256 258 
0 5 0 1 2 3 4 13 14 15 229 234 235 238 240 245 247 249 252 255 257 
0 6 1 30 
0 7 2 8 
0 8 2 7 87 
0 9 3 105 
0 10 4 11 12 
0 11 4 10 12 178 
0 12 4 10 11 
0 13 5 14 15 192 
0 14 5 13 15 215 
0 15 5 13 14 
0 16 1 
0 17 45 52 
0 18 39 41 
0 19 56 61 
0 20 47 49 
0 21 54 
0 22 30 31 
0 23 32 
0 24 51 60 
0 25 40 60 
0 26 27 34 
0 27 26 34 
0 28 57 61 
0 29 53 55 
0 30 6 22 46 
0 31 22 45 
0 32 23 40 
0 33 46 58 
0 34 26 27 38 
0 35 
0 36 
0 37 50 
0 38 34 44 
0 39 18 
0 40 25 32 56 
0 41 18 62 
0 42 
0 43 
0 44 38 52 
0 45 17 31 62 
0 46 30 33 
0 47 20 54 
0 48 57 61 
0 49 20 
0 50 37 51 
0 51 24 50 
0 52 17 44 
0 53 29 
0 54 21 47 
0 55 29 59 
0 56 19 40 
0 57 28 48 
0 58 33 59 
0 59 55 58 
0 60 24 25 
0 61 19 28 48 
0 62 41 45 
0 63 91 
0 64 85 87 
0 65 95 
0 66 80 88 
0 67 99 
0 68 100 
0 69 76 80 
0 70 80 95 
0 71 80 90 
0 72 76 98 
0 73 85 86 
0 74 
0 75 
0 76 69 72 
0 77 85 93 
0 78 83 98 
0 79 100 
0 80 66 69 70 71 
0 81 
0 82 93 101 
0 83 78 94 
0 84 98 
0 85 64 73 77 
0 86 73 96 
0 87 8 64 
0 88 66 
0 89 98 101 
0 90 71 
0 91 63 
0 92 
0 93 77 82 97 
0 94 83 
0 95 65 70 
0 96 86 
0 97 93 
0 98 72 78 84 89 
0 99 67 
0 100 68 79 
0 101 82 89 
0 102 112 116 
0 103 136 
0 104 120 125 
0 105 9 136 
0 106 124 129 
0 107 115 140 
0 108 141 
0 109 115 118 
0 110 144 147 
0 111 
0 112 102 131 135 142 
0 113 126 127 
0 114 127 137 
0 115 107 109 
0 116 102 134 147 
0 117 126 127 
0 118 109 132 137 138 
0 119 123 133 
0 120 104 140 
0 121 131 
0 122 130 143 
0 123 119 128 144 145 
0 124 106 129 133 
0 125 104 128 
0 126 113 117 132 134 
0 127 113 114 117 135 145 
0 128 123 125 
0 129 106 124 
0 130 3 122 
0 131 112 121 
0 132 118 126 
0 133 119 124 
0 134 116 126 
0 135 112 127 
0 136 103 105 
0 137 114 118 
0 138 118 143 
0 139 
0 140 107 120 
0 141 108 142 
0 142 112 141 
0 143 122 138 
0 144 110 123 
0 145 123 127 
0 146 
0 147 110 116 
0 148 
0 149 172 
0 150 179 182 
0 151 166 174 
0 152 165 172 
0 153 155 172 
0 154 171 
0 155 153 165 
0 156 168 180 
0 157 171 182 
0 158 172 175 
0 159 
0 160 171 182 
0 161 165 172 
0 162 175 182 
0 163 164 169 
0 164 163 170 
0 165 152 155 161 
0 166 151 180 
0 167 170 172 
0 168 156 182 
0 169 163 175 
0 170 164 167 
0 171 154 157 160 
0 172 149 152 153 158 161 167 
0 173 177 182 
0 174 151 181 
0 175 158 162 169 
0 176 
0 177 173 178 
0 178 11 177 
0 179 150 181 
0 180 156 166 
0 181 174 179 
0 182 150 157 160 162 168 173 
0 183 219 220 
0 184 196 216 
0 185 213 215 
0 186 216 228 
0 187 
0 188 216 228 
0 189 192 193 
0 190 198 210 
0 191 200 209 
0 192 13 189 
0 193 189 195 
0 194 211 216 
0 195 193 214 
0 196 184 227 
0 197 203 217 
0 198 190 213 
0 199 200 203 
0 200 191 199 
0 201 215 224 
0 202 210 
0 203 197 199 
0 204 208 220 
0 205 210 228 
0 206 214 219 
0 207 216 218 
0 208 204 222 
0 209 191 214 
0 210 190 202 205 
0 211 194 
0 212 218 227 
0 213 185 198 
0 214 195 206 209 
0 215 14 185 201 221 
0 216 184 186 188 194 207 
0 217 197 
0 218 207 212 
0 219 183 206 
0 220 183 204 
0 221 215 
0 222 208 
0 223 225 
0 224 201 226 
0 225 223 226 
0 226 224 225 
0 227 196 212 
0 228 186 188 205 
0 229 0 4 5 
0 230 0 1 
0 231 0 2 
0 232 0 1 3 
0 233 0 4 
0 234 0 2 5 
0 235 0 1 4 5 
0 236 0 3 
0 237 0 2 
0 238 0 2 4 5 
0 239 0 1 3 
0 240 0 2 4 5 
0 241 0 3 
0 242 0 1 
0 243 0 3 
0 244 0 1 2 
0 245 0 4 5 
0 246 0 1 
0 247 0 2 3 5 
0 248 0 2 3 4 
0 249 0 5 
0 250 0 1 4 
0 251 0 3 4 
0 252 0 5 
0 253 0 1 
0 254 0 2 
0 255 0 3 5 
0 256 0 4 
0 257 0 1 2 5 
0 258 0 1 2 4 
1800 0 1 2 3 4 5 229 230 231 232 233 234 235 236 237 238 239 240 241 242 243 244 245 246 247 248 249 250 251 252 253 254 255 256 257 258 
1800 1 0 2 3 4 5 6 230 232 235 239 242 244 246 250 253 257 258 
1800 2 0 1 3 4 5 7 8 231 234 237 238 240 244 247 248 254 257 258 
1800 3 0 1 2 4 5 9 232 236 239 241 243 247 248 251 255 
1800 4 0 1 2 3 5 10 11 12 229 233 235 238 240 245 248 250 251 256 258 
1800 5 0 1 2 3 4 13 14 15 229 234 235 238 240 245 247 249 252 255 257 
1800 6 1 28 
1800 7 2 8 98 
1800 8 2 7 86 
1800 9 3 119 
1800 10 4 11 12 178 
1800 11 4 10 12 168 
1800 12 4 10 11 
1800 13 5 14 15 
1800 14 5 13 15 
1800 15 5 13 14 
1800 16 52 54 
1800 17 
1800 18 25 38 
1800 19 24 34 
1800 20 48 58 
1800 21 24 51 
1800 22 59 62 
1800 23 47 54 
1800 24 19 21 
1800 25 18 56 
1800 26 27 50 
1800 27 26 36 
1800 28 6 52 
1800 29 43 
1800 30 44 52 
1800 31 37 55 
1800 32 59 61 
1800 33 39 46 
1800 34 19 37 
1800 35 41 61 
1800 36 27 56 
1800 37 31 34 
1800 38 18 51 
1800 39 33 60 
1800 40 50 57 
1800 41 35 61 
1800 42 
1800 43 29 54 
1800 44 30 45 
1800 45 44 58 
1800 46 33 58 
1800 47 23 48 
1800 48 20 47 
1800 49 
1800 50 26 40 
1800 51 21 38 
1800 52 16 28 30 
1800 53 
1800 54 16 23 43 
1800 55 31 62 
1800 56 25 36 
1800 57 40 60 
1800 58 20 45 46 
1800 59 22 32 
1800 60 39 57 
1800 61 32 35 41 
1800 62 22 55 
1800 63 70 95 
1800 64 66 
1800 65 
1800 66 64 73 
1800 67 
1800 68 79 
1800 69 85 90 
1800 70 63 72 
1800 71 94 100 
1800 72 70 83 
1800 73 66 76 93 
1800 74 
1800 75 
1800 76 73 95 
1800 77 97 
1800 78 82 92 
1800 79 68 
1800 80 86 98 
1800 81 97 
1800 82 78 94 
1800 83 72 94 
1800 84 89 95 
1800 85 69 88 
1800 86 8 80 
1800 87 101 
1800 88 85 92 
1800 89 84 97 
1800 90 69 
1800 91 96 
1800 92 78 88 
1800 93 73 101 
1800 94 71 82 83 
1800 95 63 76 84 99 
1800 96 91 
1800 97 77 81 89 
1800 98 7 80 
1800 99 95 
1800 100 71 
1800 101 87 93 
1800 102 117 142 
1800 103 116 134 148 
1800 104 105 
1800 105 104 129 
1800 106 126 138 
1800 107 118 121 
1800 108 
1800 109 124 133 
1800 110 122 137 
1800 111 
1800 112 131 148 
1800 113 115 116 123 128 141 
1800 114 119 144 
1800 115 113 
1800 116 103 113 
1800 117 102 147 
1800 118 107 131 140 143 
1800 119 9 114 130 
1800 120 127 141 
1800 121 107 123 132 
1800 122 110 132 136 
1800 123 113 121 
1800 124 109 127 
1800 125 127 143 
1800 126 106 133 135 
1800 127 120 124 125 142 
1800 128 113 147 
1800 129 105 
1800 130 119 135 
1800 131 112 118 
1800 132 121 122 
1800 133 109 126 
1800 134 103 140 
1800 135 126 130 
1800 136 122 138 
1800 137 110 144 
1800 138 106 136 
1800 139 
1800 140 118 134 
1800 141 113 120 
1800 142 102 127 
1800 143 118 125 
1800 144 114 137 
1800 145 
1800 146 
1800 147 117 128 
1800 148 103 112 
1800 149 158 160 
1800 150 156 169 
1800 151 169 180 
1800 152 163 175 
1800 153 162 180 
1800 154 
1800 155 157 175 
1800 156 150 181 
1800 157 155 178 
1800 158 149 169 
1800 159 
1800 160 149 180 
1800 161 171 182 
1800 162 153 177 
1800 163 152 164 182 
1800 164 163 176 
1800 165 166 174 
1800 166 165 179 
1800 167 
1800 168 11 
1800 169 150 151 158 
1800 170 
1800 171 161 174 
1800 172 173 
1800 173 172 
1800 174 165 171 
1800 175 152 155 
1800 176 164 
1800 177 162 178 
1800 178 10 157 177 
1800 179 166 
1800 180 151 153 160 
1800 181 156 
1800 182 161 163 
1800 183 190 226 
1800 184 203 215 
1800 185 217 
1800 186 203 209 
1800 187 188 193 
1800 188 187 205 
1800 189 205 219 
1800 190 183 196 
1800 191 202 224 
1800 192 199 216 
1800 193 187 209 225 
1800 194 214 218 
1800 195 197 218 
1800 196 190 223 
1800 197 195 207 
1800 198 214 216 
1800 199 192 217 
1800 200 206 214 
1800 201 205 212 
1800 202 191 210 
1800 203 184 186 
1800 204 220 226 
1800 205 188 189 201 215 
1800 206 200 222 
1800 207 197 212 
1800 208 224 228 
1800 209 186 193 
1800 210 202 219 
1800 211 228 
1800 212 201 207 
1800 213 218 227 
1800 214 194 198 200 225 
1800 215 184 205 
1800 216 192 198 223 
1800 217 185 199 
1800 218 194 195 213 220 222 
1800 219 189 210 
1800 220 204 218 
1800 221 
1800 222 206 218 
1800 223 196 216 
1800 224 191 208 
1800 225 193 214 
1800 226 183 204 
1800 227 213 228 
1800 228 208 211 227 
1800 229 0 4 5 
1800 230 0 1 
1800 231 0 2 
1800 232 0 1 3 
1800 233 0 4 
1800 234 0 2 5 
1800 235 0 1 4 5 
1800 236 0 3 
1800 237 0 2 
1800 238 0 2 4 5 
1800 239 0 1 3 
1800 240 0 2 4 5 
1800 241 0 3 
1800 242 0 1 
1800 243 0 3 
1800 244 0 1 2 
1800 245 0 4 5 
1800 246 0 1 
1800 247 0 2 3 5 
1800 248 0 2 3 4 
1800 249 0 5 
1800 250 0 1 4 
1800 251 0 3 4 
1800 252 0 5 
1800 253 0 1 
1800 254 0 2 
1800 255 0 3 5 
1800 256 0 4 
1800 257 0 1 2 5 
1800 258 0 1 2 4 
3600 0 1 2 3 4 5 229 230 231 232 233 234 235 236 237 238 239 240 241 242 243 244 245 246 247 248 249 250 251 252 253 254 255 256 257 258 
3600 1 0 2 3 4 5 6 57 230 232 235 239 242 244 246 250 253 257 258 
3600 2 0 1 3 4 5 7 8 231 234 237 238 240 244 247 248 254 257 258 
3600 3 0 1 2 4 5 9 232 236 239 241 243 247 248 251 255 
3600 4 0 1 2 3 5 10 11 12 229 233 235 238 240 245 248 250 251 256 258 
3600 5 0 1 2 3 4 13 14 15 229 234 235 238 240 245 247 249 252 255 257 
3600 6 1 46 
3600 7 2 8 
3600 8 2 7 68 
3600 9 3 119 121 
3600 10 4 11 12 
3600 11 4 10 12 
3600 12 4 10 11 
3600 13 5 14 15 225 
3600 14 5 13 15 199 
3600 15 5 13 14 216 
3600 16 41 57 
3600 17 45 59 
3600 18 33 39 
3600 19 34 59 
3600 20 32 53 
3600 21 32 50 
3600 22 40 58 
3600 23 40 51 
3600 24 45 51 
3600 25 38 41 
3600 26 31 35 
3600 27 33 54 
3600 28 51 61 
3600 29 
3600 30 44 50 
3600 31 26 36 
3600 32 20 21 
3600 33 18 27 
3600 34 19 38 
3600 35 26 46 
3600 36 31 
3600 37 
3600 38 25 34 49 
3600 39 18 
3600 40 22 23 43 
3600 41 16 25 
3600 42 
3600 43 40 59 
3600 44 30 61 
3600 45 17 24 
3600 46 6 35 
3600 47 56 
3600 48 
3600 49 38 62 
3600 50 21 30 
3600 51 23 24 28 
3600 52 
3600 53 20 55 
3600 54 27 56 
3600 55 53 60 
3600 56 47 54 
3600 57 1 16 
3600 58 22 62 
3600 59 17 19 43 
3600 60 55 62 
3600 61 28 44 
3600 62 49 58 60 
3600 63 86 89 
3600 64 73 89 
3600 65 85 101 
3600 66 72 78 81 
3600 67 82 99 
3600 68 8 80 
3600 69 70 74 
3600 70 69 87 
3600 71 76 
3600 72 66 94 
3600 73 64 82 
3600 74 69 
3600 75 93 
3600 76 71 101 
3600 77 78 84 
3600 78 66 77 
3600 79 87 
3600 80 68 84 
3600 81 66 85 
3600 82 67 73 
3600 83 
3600 84 77 80 
3600 85 65 81 
3600 86 63 95 96 
3600 87 70 79 
3600 88 
3600 89 63 64 95 98 
3600 90 98 
3600 91 
3600 92 
3600 93 75 
3600 94 72 
3600 95 86 89 
3600 96 86 
3600 97 
3600 98 89 90 
3600 99 67 
3600 100 
3600 101 65 76 
3600 102 118 119 
3600 103 118 125 
3600 104 117 138 
3600 105 111 120 
3600 106 131 147 
3600 107 127 134 
3600 108 
3600 109 120 136 
3600 110 115 119 
3600 111 105 114 
3600 112 130 140 
3600 113 122 133 
3600 114 111 115 
3600 115 110 114 126 
3600 116 132 137 
3600 117 104 124 128 131 
3600 118 102 103 128 137 
3600 119 9 102 110 140 141 
3600 120 105 109 
3600 121 9 136 143 144 145 
3600 122 113 135 
3600 123 134 142 
3600 124 117 135 
3600 125 103 132 
3600 126 115 141 
3600 127 107 130 142 
3600 128 117 118 
3600 129 146 
3600 130 112 127 
3600 131 106 117 
3600 132 116 125 
3600 133 113 146 
3600 134 107 123 
3600 135 122 124 
3600 136 109 121 
3600 137 116 118 
3600 138 104 147 
3600 139 
3600 140 112 119 
3600 141 119 126 
3600 142 123 127 
3600 143 121 147 
3600 144 121 
3600 145 121 
3600 146 129 133 
3600 147 106 138 143 
3600 148 
3600 149 155 180 
3600 150 169 173 
3600 151 171 176 
3600 152 160 169 
3600 153 180 
3600 154 171 
3600 155 149 162 
3600 156 168 182 
3600 157 163 182 
3600 158 161 180 
3600 159 
3600 160 152 163 174 
3600 161 158 166 
3600 162 155 165 
3600 163 157 160 
3600 164 
3600 165 162 176 
3600 166 161 174 177 
3600 167 172 
3600 168 156 175 
3600 169 150 152 177 
3600 170 171 180 
3600 171 151 154 170 
3600 172 167 
3600 173 150 178 
3600 174 160 166 
3600 175 168 179 
3600 176 151 165 
3600 177 166 169 
3600 178 173 
3600 179 175 181 
3600 180 149 153 158 170 
3600 181 179 
3600 182 156 157 
3600 183 191 216 
3600 184 216 217 
3600 185 215 222 
3600 186 197 215 
3600 187 217 222 
3600 188 209 227 
3600 189 205 207 
3600 190 191 215 
3600 191 183 190 
3600 192 205 206 
3600 193 217 
3600 194 214 223 
3600 195 204 226 
3600 196 212 218 
3600 197 186 221 
3600 198 212 227 
3600 199 14 226 
3600 200 203 228 
3600 201 210 224 
3600 202 209 228 
3600 203 200 222 
3600 204 195 212 
3600 205 189 192 
3600 206 192 210 
3600 207 189 
3600 208 225 228 
3600 209 188 202 
3600 210 201 206 
3600 211 
3600 212 196 198 204 
3600 213 216 226 
3600 214 194 227 
3600 215 185 186 190 
3600 216 15 183 184 213 219 
3600 217 184 187 193 
3600 218 196 221 
3600 219 216 223 
3600 220 226 228 
3600 221 197 218 
3600 222 185 187 203 
3600 223 194 219 
3600 224 201 225 
3600 225 13 208 224 
3600 226 195 199 213 220 
3600 227 188 198 214 
3600 228 200 202 208 220 
3600 229 0 4 5 
3600 230 0 1 
3600 231 0 2 
3600 232 0 1 3 
3600 233 0 4 
3600 234 0 2 5 
3600 235 0 1 4 5 
3600 236 0 3 
3600 237 0 2 
3600 238 0 2 4 5 
3600 239 0 1 3 
3600 240 0 2 4 5 
3600 241 0 3 
3600 242 0 1 
3600 243 0 3 
3600 244 0 1 2 
3600 245 0 4 5 
3600 246 0 1 
3600 247 0 2 3 5 
3600 248 0 2 3 4 
3600 249 0 5 
3600 250 0 1 4 
3600 251 0 3 4 
3600 252 0 5 
3600 253 0 1 
3600 254 0 2 
3600 255 0 3 5 
3600 256 0 4 
3600 257 0 1 2 5 
3600 258 0 1 2 4 
5400 0 1 2 3 4 5 229 230 231 232 233 234 235 236 237 238 239 240 241 242 243 244 245 246 247 248 249 250 251 252 253 254 255 256 257 258 
5400 1 0 2 3 4 5 6 230 232 235 239 242 244 246 250 253 257 258 
5400 2 0 1 3 4 5 7 8 231 234 237 238 240 244 247 248 254 257 258 
5400 3 0 1 2 4 5 9 232 236 239 241 243 247 248 251 255 
5400 4 0 1 2 3 5 10 11 12 153 156 229 233 235 238 240 245 248 250 251 256 258 
5400 5 0 1 2 3 4 13 14 15 208 229 234 235 238 240 245 247 249 252 255 257 
5400 6 1 17 
5400 7 2 8 
5400 8 2 7 67 
5400 9 3 138 
5400 10 4 11 12 
5400 11 4 10 12 
5400 12 4 10 11 
5400 13 5 14 15 
5400 14 5 13 15 
5400 15 5 13 14 
5400 16 17 44 
5400 17 6 16 
5400 18 23 45 
5400 19 46 52 
5400 20 27 62 
5400 21 41 54 
5400 22 29 39 
5400 23 18 60 
5400 24 32 62 
5400 25 41 60 
5400 26 38 48 
5400 27 20 60 
5400 28 44 47 
5400 29 22 53 
5400 30 55 59 
5400 31 34 47 
5400 32 24 59 
5400 33 44 52 
5400 34 31 56 
5400 35 
5400 36 56 
5400 37 
5400 38 26 55 
5400 39 22 44 
5400 40 57 61 
5400 41 21 25 
5400 42 
5400 43 47 52 
5400 44 16 28 33 39 
5400 45 18 51 
5400 46 19 57 
5400 47 28 31 43 
5400 48 26 54 
5400 49 
5400 50 
5400 51 45 60 
5400 52 19 33 43 
5400 53 29 
5400 54 21 48 
5400 55 30 38 58 
5400 56 34 36 
5400 57 40 46 
5400 58 55 61 
5400 59 30 32 
5400 60 23 25 27 51 
5400 61 40 58 
5400 62 20 24 
5400 63 78 82 
5400 64 72 85 
5400 65 82 93 
5400 66 77 88 
5400 67 8 101 
5400 68 79 
5400 69 75 90 
5400 70 
5400 71 84 98 
5400 72 64 80 87 
5400 73 77 98 
5400 74 154 
5400 75 69 79 
5400 76 86 95 
5400 77 66 73 
5400 78 63 83 
5400 79 68 75 
5400 80 72 
5400 81 85 97 
5400 82 63 65 
5400 83 78 89 
5400 84 71 
5400 85 64 81 97 
5400 86 76 95 101 
5400 87 72 
5400 88 66 
5400 89 83 
5400 90 69 
5400 91 
5400 92 
5400 93 65 
5400 94 
5400 95 76 86 
5400 96 
5400 97 81 85 
5400 98 71 73 
5400 99 
5400 100 
5400 101 67 86 
5400 102 118 124 
5400 103 104 118 
5400 104 103 123 
5400 105 106 127 
5400 106 105 126 
5400 107 125 134 
5400 108 143 
5400 109 134 142 145 
5400 110 112 120 
5400 111 
5400 112 110 115 123 
5400 113 119 127 
5400 114 128 141 
5400 115 112 116 
5400 116 115 141 
5400 117 128 129 
5400 118 102 103 
5400 119 113 133 
5400 120 110 130 
5400 121 140 143 147 
5400 122 132 135 
5400 123 104 112 
5400 124 102 131 133 
5400 125 107 132 140 
5400 126 106 135 136 
5400 127 105 113 131 137 138 142 144 
5400 128 114 117 
5400 129 117 
5400 130 120 137 
5400 131 124 127 
5400 132 122 125 
5400 133 119 124 
5400 134 107 109 
5400 135 122 126 
5400 136 126 145 
5400 137 127 130 
5400 138 9 127 
5400 139 
5400 140 121 125 
5400 141 114 116 
5400 142 109 127 
5400 143 108 121 
5400 144 127 146 
5400 145 109 136 
5400 146 144 
5400 147 121 
5400 148 
5400 149 152 165 
5400 150 173 174 
5400 151 168 182 
5400 152 149 161 
5400 153 4 158 
5400 154 74 166 
5400 155 170 171 
5400 156 4 168 
5400 157 168 182 
5400 158 153 180 
5400 159 
5400 160 172 179 
5400 161 152 176 
5400 162 167 177 
5400 163 
5400 164 
5400 165 149 167 
5400 166 154 176 
5400 167 162 165 
5400 168 151 156 157 
5400 169 
5400 170 155 
5400 171 155 180 
5400 172 160 175 
5400 173 150 
5400 174 150 181 
5400 175 172 178 
5400 176 161 166 
5400 177 162 178 
5400 178 175 177 
5400 179 160 
5400 180 158 171 
5400 181 174 
5400 182 151 157 
5400 183 204 205 
5400 184 204 210 
5400 185 190 224 
5400 186 188 218 
5400 187 
5400 188 186 210 
5400 189 193 195 
5400 190 185 200 
5400 191 215 221 
5400 192 222 225 
5400 193 189 224 
5400 194 212 
5400 195 189 227 
5400 196 202 224 
5400 197 212 224 
5400 198 207 225 
5400 199 213 215 
5400 200 190 
5400 201 217 222 
5400 202 196 228 
5400 203 205 214 
5400 204 183 184 219 
5400 205 183 203 
5400 206 213 227 
5400 207 198 227 
5400 208 5 214 
5400 209 218 222 
5400 210 184 188 221 
5400 211 
5400 212 194 197 
5400 213 199 206 
5400 214 203 208 217 
5400 215 191 199 216 
5400 216 215 228 
5400 217 201 214 
5400 218 186 209 
5400 219 204 226 
5400 220 225 226 
5400 221 191 210 
5400 222 192 201 209 
5400 223 
5400 224 185 193 196 197 
5400 225 192 198 220 
5400 226 219 220 
5400 227 195 206 207 
5400 228 202 216 
5400 229 0 4 5 
5400 230 0 1 
5400 231 0 2 
5400 232 0 1 3 
5400 233 0 4 
5400 234 0 2 5 
5400 235 0 1 4 5 
5400 236 0 3 
5400 237 0 2 
5400 238 0 2 4 5 
5400 239 0 1 3 
5400 240 0 2 4 5 
5400 241 0 3 
5400 242 0 1 
5400 243 0 3 
5400 244 0 1 2 
5400 245 0 4 5 
5400 246 0 1 
5400 247 0 2 3 5 
5400 248 0 2 3 4 
5400 249 0 5 
5400 250 0 1 4 
5400 251 0 3 4 
5400 252 0 5 
5400 253 0 1 
5400 254 0 2 
5400 255 0 3 5 
5400 256 0 4 
5400 257 0 1 2 5 
5400 258 0 1 2 4 
7200 0 1 2 3 4 5 229 230 231 232 233 234 235 236 237 238 239 240 241 242 243 244 245 246 247 248 249 250 251 252 253 254 255 256 257 258 
7200 1 0 2 3 4 5 6 230 232 235 239 242 244 246 250 253 257 258 
7200 2 0 1 3 4 5 7 8 71 231 234 237 238 240 244 247 248 254 257 258 
7200 3 0 1 2 4 5 9 109 232 236 239 241 243 247 248 251 255 
7200 4 0 1 2 3 5 10 11 12 166 229 233 235 238 240 245 248 250 251 256 258 
7200 5 0 1 2 3 4 13 14 15 229 234 235 238 240 245 247 249 252 255 257 
7200 6 1 61 
7200 7 2 8 66 
7200 8 2 7 
7200 9 3 106 137 
7200 10 4 11 12 179 
7200 11 4 10 12 180 
7200 12 4 10 11 
7200 13 5 14 15 224 
7200 14 5 13 15 200 
7200 15 5 13 14 
7200 16 28 60 
7200 17 60 62 
7200 18 28 38 
7200 19 41 48 
7200 20 44 57 
7200 21 47 61 
7200 22 27 56 
7200 23 25 44 
7200 24 31 45 
7200 25 23 61 
7200 26 37 38 
7200 27 22 39 
7200 28 16 18 34 
7200 29 
7200 30 43 62 
7200 31 24 45 
7200 32 46 60 
7200 33 45 62 
7200 34 28 41 
7200 35 
7200 36 54 61 
7200 37 26 46 
7200 38 18 26 43 
7200 39 27 40 
7200 40 39 56 
7200 41 19 34 
7200 42 50 
7200 43 30 38 
7200 44 20 23 
7200 45 24 31 33 
7200 46 32 37 
7200 47 21 51 
7200 48 19 
7200 49 59 
7200 50 42 
7200 51 47 60 
7200 52 55 57 
7200 53 59 
7200 54 36 60 
7200 55 52 58 
7200 56 22 40 
7200 57 20 52 
7200 58 55 62 
7200 59 49 53 
7200 60 16 17 32 51 54 
7200 61 6 21 25 36 
7200 62 17 30 33 58 
7200 63 87 89 
7200 64 87 94 
7200 65 73 89 
7200 66 7 85 
7200 67 100 
7200 68 79 
7200 69 78 84 
7200 70 88 97 
7200 71 2 
7200 72 82 93 
7200 73 65 95 
7200 74 
7200 75 101 
7200 76 84 101 
7200 77 
7200 78 69 97 
7200 79 68 100 
7200 80 82 100 
7200 81 
7200 82 72 80 
7200 83 
7200 84 69 76 96 
7200 85 66 92 
7200 86 95 
7200 87 63 64 
7200 88 70 92 
7200 89 63 65 
7200 90 98 
7200 91 
7200 92 85 88 
7200 93 72 98 
7200 94 64 98 
7200 95 73 86 
7200 96 84 
7200 97 70 78 
7200 98 90 93 94 
7200 99 
7200 100 67 79 80 
7200 101 75 76 
7200 102 104 119 147 
7200 103 113 148 
7200 104 102 141 
7200 105 134 
7200 106 9 142 
7200 107 123 124 
7200 108 109 
7200 109 3 108 116 124 
7200 110 113 126 
7200 111 117 
7200 112 121 130 
7200 113 103 110 132 
7200 114 120 146 
7200 115 117 130 
7200 116 109 144 
7200 117 111 115 
7200 118 127 135 138 143 
7200 119 102 144 
7200 120 114 132 136 139 
7200 121 112 123 142 143 
7200 122 140 
7200 123 107 121 
7200 124 107 109 
7200 125 127 133 136 147 
7200 126 110 131 134 137 
7200 127 118 125 
7200 128 129 133 
7200 129 128 135 
7200 130 112 115 
7200 131 126 140 
7200 132 113 120 
7200 133 125 128 
7200 134 105 126 
7200 135 118 129 
7200 136 120 125 
7200 137 9 126 
7200 138 118 139 
7200 139 120 138 
7200 140 122 131 
7200 141 104 145 
7200 142 106 121 
7200 143 118 121 
7200 144 116 119 
7200 145 141 
7200 146 114 
7200 147 102 125 
7200 148 103 
7200 149 
7200 150 174 175 
7200 151 152 163 
7200 152 151 157 
7200 153 
7200 154 176 
7200 155 172 180 
7200 156 161 174 
7200 157 152 180 
7200 158 167 180 
7200 159 
7200 160 169 173 
7200 161 156 177 179 
7200 162 168 176 
7200 163 151 174 
7200 164 
7200 165 177 178 
7200 166 4 180 
7200 167 158 
7200 168 162 182 
7200 169 160 174 
7200 170 174 175 
7200 171 182 
7200 172 155 176 
7200 173 160 
7200 174 150 156 163 169 170 181 
7200 175 150 170 
7200 176 154 162 172 
7200 177 161 165 
7200 178 165 182 
7200 179 10 161 
7200 180 11 155 157 158 166 
7200 181 174 
7200 182 168 171 178 
7200 183 
7200 184 215 220 
7200 185 190 209 
7200 186 195 225 
7200 187 203 209 
7200 188 189 226 
7200 189 188 210 
7200 190 185 220 
7200 191 212 221 
7200 192 214 218 
7200 193 217 224 
7200 194 208 213 
7200 195 186 224 
7200 196 197 225 
7200 197 196 199 
7200 198 212 213 
7200 199 197 212 
7200 200 14 222 
7200 201 202 216 
7200 202 201 227 
7200 203 187 210 
7200 204 210 218 
7200 205 218 226 
7200 206 208 220 
7200 207 211 228 
7200 208 194 206 
7200 209 185 187 
7200 210 189 203 204 219 
7200 211 207 227 
7200 212 191 198 199 
7200 213 194 198 
7200 214 192 219 223 228 
7200 215 184 216 222 
7200 216 201 215 
7200 217 193 221 
7200 218 192 204 205 
7200 219 210 214 
7200 220 184 190 206 
7200 221 191 217 
7200 222 200 215 
7200 223 214 
7200 224 13 193 195 
7200 225 186 196 
7200 226 188 205 
7200 227 202 211 
7200 228 207 214 
7200 229 0 4 5 
7200 230 0 1 
7200 231 0 2 
7200 232 0 1 3 
7200 233 0 4 
7200 234 0 2 5 
7200 235 0 1 4 5 
7200 236 0 3 
7200 237 0 2 
7200 238 0 2 4 5 
7200 239 0 1 3 
7200 240 0 2 4 5 
7200 241 0 3 
7200 242 0 1 
7200 243 0 3 
7200 244 0 1 2 
7200 245 0 4 5 
7200 246 0 1 
7200 247 0 2 3 5 
7200 248 0 2 3 4 
7200 249 0 5 
7200 250 0 1 4 
7200 251 0 3 4 
7200 252 0 5 
7200 253 0 1 
7200 254 0 2 
7200 255 0 3 5 
7200 256 0 4 
7200 257 0 1 2 5 
7200 258 0 1 2 4 
9000 0 1 2 3 4 5 229 230 231 232 233 234 235 236 237 238 239 240 241 242 243 244 245 246 247 248 249 250 251 252 253 254 255 256 257 258 
9000 1 0 2 3 4 5 6 230 232 235 239 242 244 246 250 253 257 258 
9000 2 0 1 3 4 5 7 8 65 93 231 234 237 238 240 244 247 248 254 257 258 
9000 3 0 1 2 4 5 9 232 236 239 241 243 247 248 251 255 
9000 4 0 1 2 3 5 10 11 12 229 233 235 238 240 245 248 250 251 256 258 
9000 5 0 1 2 3 4 13 14 15 229 234 235 238 240 245 247 249 252 255 257 
9000 6 1 55 
9000 7 2 8 98 
9000 8 2 7 84 
9000 9 3 103 111 
9000 10 4 11 12 
9000 11 4 10 12 
9000 12 4 10 11 182 
9000 13 5 14 15 
9000 14 5 13 15 203 
9000 15 5 13 14 203 204 
9000 16 21 26 
9000 17 22 43 
9000 18 56 61 
9000 19 28 50 
9000 20 58 59 
9000 21 16 47 
9000 22 17 30 
9000 23 30 54 
9000 24 38 45 
9000 25 39 57 
9000 26 16 30 
9000 27 30 36 
9000 28 19 39 46 
9000 29 42 
9000 30 22 23 26 27 
9000 31 50 60 
9000 32 55 60 
9000 33 38 59 
9000 34 45 61 
9000 35 
9000 36 27 46 48 
9000 37 52 
9000 38 24 33 
9000 39 25 28 
9000 40 50 59 
9000 41 49 58 
9000 42 29 
9000 43 17 52 
9000 44 59 62 
9000 45 24 34 53 
9000 46 28 36 
9000 47 21 48 56 
9000 48 36 47 
9000 49 41 
9000 50 19 31 40 54 
9000 51 53 
9000 52 37 43 57 
9000 53 45 51 
9000 54 23 50 
9000 55 6 32 
9000 56 18 47 
9000 57 25 52 
9000 58 20 41 
9000 59 20 33 40 44 
9000 60 31 32 62 
9000 61 18 34 
9000 62 44 60 
9000 63 70 94 
9000 64 69 73 86 
9000 65 2 84 
9000 66 77 
9000 67 96 99 
9000 68 79 
9000 69 64 80 
9000 70 63 95 
9000 71 78 
9000 72 89 98 
9000 73 64 85 
9000 74 83 154 
9000 75 89 99 
9000 76 80 85 
9000 77 66 80 
9000 78 71 87 101 
9000 79 68 90 94 100 
9000 80 69 76 77 87 
9000 81 85 
9000 82 97 
9000 83 74 93 
9000 84 8 65 
9000 85 73 76 81 101 
9000 86 64 91 
9000 87 78 80 
9000 88 
9000 89 72 75 97 
9000 90 79 
9000 91 86 
9000 92 
9000 93 2 83 
9000 94 63 79 
9000 95 70 
9000 96 67 
9000 97 82 89 
9000 98 7 72 
9000 99 67 75 
9000 100 79 
9000 101 78 85 
9000 102 119 143 
9000 103 9 116 
9000 104 122 130 
9000 105 124 147 
9000 106 126 135 
9000 107 123 127 
9000 108 117 129 
9000 109 118 130 
9000 110 119 121 
9000 111 9 122 
9000 112 131 138 
9000 113 117 125 
9000 114 117 135 
9000 115 136 145 
9000 116 103 133 
9000 117 108 113 114 128 141 
9000 118 109 123 
9000 119 102 110 
9000 120 128 131 137 
9000 121 110 140 147 
9000 122 104 111 134 136 142 
9000 123 107 118 132 
9000 124 105 142 143 
9000 125 113 129 
9000 126 106 145 
9000 127 107 140 
9000 128 117 120 
9000 129 108 125 
9000 130 104 109 
9000 131 112 120 
9000 132 123 133 
9000 133 116 132 
9000 134 122 137 
9000 135 106 114 
9000 136 115 122 
9000 137 120 134 
9000 138 112 144 
9000 139 
9000 140 121 127 
9000 141 117 144 
9000 142 122 124 
9000 143 102 124 
9000 144 138 141 
9000 145 115 126 
9000 146 
9000 147 105 121 
9000 148 
9000 149 162 166 
9000 150 156 173 
9000 151 172 182 
9000 152 171 178 
9000 153 173 
9000 154 74 
9000 155 160 165 
9000 156 150 160 
9000 157 174 178 
9000 158 169 180 
9000 159 164 
9000 160 155 156 
9000 161 172 180 
9000 162 149 163 171 
9000 163 162 164 
9000 164 159 163 
9000 165 155 177 
9000 166 149 175 
9000 167 168 180 
9000 168 167 177 
9000 169 158 175 
9000 170 176 178 
9000 171 152 162 
9000 172 151 161 
9000 173 150 153 174 
9000 174 157 173 
9000 175 166 169 
9000 176 170 
9000 177 165 168 
9000 178 152 157 170 
9000 179 
9000 180 158 161 167 
9000 181 
9000 182 12 151 
9000 183 191 205 
9000 184 219 
9000 185 199 226 
9000 186 205 221 
9000 187 217 
9000 188 194 217 
9000 189 212 216 
9000 190 195 223 228 
9000 191 183 224 
9000 192 211 219 
9000 193 209 217 
9000 194 188 224 
9000 195 190 
9000 196 210 227 
9000 197 207 213 220 
9000 198 216 218 
9000 199 185 225 
9000 200 201 204 208 
9000 201 200 214 
9000 202 215 222 
9000 203 14 15 
9000 204 15 200 
9000 205 183 186 
9000 206 212 227 
9000 207 197 211 
9000 208 200 225 
9000 209 193 215 
9000 210 196 212 
9000 211 192 207 
9000 212 189 206 210 
9000 213 197 214 
9000 214 201 213 
9000 215 202 209 
9000 216 189 198 222 
9000 217 187 188 193 
9000 218 198 227 
9000 219 184 192 228 
9000 220 197 226 
9000 221 186 
9000 222 202 216 
9000 223 190 
9000 224 191 194 
9000 225 199 208 
9000 226 185 220 
9000 227 196 206 218 
9000 228 190 219 
9000 229 0 4 5 
9000 230 0 1 
9000 231 0 2 
9000 232 0 1 3 
9000 233 0 4 
9000 234 0 2 5 
9000 235 0 1 4 5 
9000 236 0 3 
9000 237 0 2 
9000 238 0 2 4 5 
9000 239 0 1 3 
9000 240 0 2 4 5 
9000 241 0 3 
9000 242 0 1 
9000 243 0 3 
9000 244 0 1 2 
9000 245 0 4 5 
9000 246 0 1 
9000 247 0 2 3 5 
9000 248 0 2 3 4 
9000 249 0 5 
9000 250 0 1 4 
9000 251 0 3 4 
9000 252 0 5 
9000 253 0 1 
9000 254 0 2 
9000 255 0 3 5 
9000 256 0 4 
9000 257 0 1 2 5 
9000 258 0 1 2 4 
10800 0 1 2 3 4 5 229 230 231 232 233 234 235 236 237 238 239 240 241 242 243 244 245 246 247 248 249 250 251 252 253 254 255 256 257 258 
10800 1 0 2 3 4 5 6 230 232 235 239 242 244 246 250 253 257 258 
10800 2 0 1 3 4 5 7 8 231 234 237 238 240 244 247 248 254 257 258 
10800 3 0 1 2 4 5 9 232 236 239 241 243 247 248 251 255 
10800 4 0 1 2 3 5 10 11 12 229 233 235 238 240 245 248 250 251 256 258 
10800 5 0 1 2 3 4 13 14 15 229 234 235 238 240 245 247 249 252 255 257 
10800 6 1 52 
10800 7 2 8 96 
10800 8 2 7 66 76 
10800 9 3 102 
10800 10 4 11 12 
10800 11 4 10 12 
10800 12 4 10 11 
10800 13 5 14 15 228 
10800 14 5 13 15 
10800 15 5 13 14 200 
10800 16 24 57 
10800 17 55 58 
10800 18 34 53 
10800 19 23 59 
10800 20 24 39 
10800 21 34 58 
10800 22 23 59 
10800 23 19 22 
10800 24 16 20 
10800 25 47 56 
10800 26 44 61 
10800 27 34 54 
10800 28 41 52 
10800 29 42 43 
10800 30 56 59 
10800 31 38 51 
10800 32 40 58 
10800 33 
10800 34 18 21 27 
10800 35 
10800 36 40 47 
10800 37 46 54 
10800 38 31 41 
10800 39 20 61 
10800 40 32 36 
10800 41 28 38 
10800 42 29 55 
10800 43 29 55 
10800 44 26 45 60 62 
10800 45 44 
10800 46 37 50 
10800 47 25 36 51 
10800 48 
10800 49 
10800 50 46 57 
10800 51 31 47 
10800 52 6 28 
10800 53 18 59 
10800 54 27 37 
10800 55 17 42 43 
10800 56 25 30 
10800 57 16 50 
10800 58 17 21 32 60 
10800 59 19 22 30 53 62 
10800 60 44 58 
10800 61 26 39 
10800 62 44 59 
10800 63 76 98 
10800 64 71 101 
10800 65 78 82 
10800 66 8 
10800 67 99 
10800 68 
10800 69 93 97 
10800 70 86 89 
10800 71 64 93 
10800 72 84 89 
10800 73 83 101 
10800 74 87 
10800 75 79 94 
10800 76 8 63 
10800 77 83 97 
10800 78 65 85 
10800 79 75 100 
10800 80 83 96 
10800 81 
10800 82 65 
10800 83 73 77 80 94 
10800 84 72 100 
10800 85 78 97 
10800 86 70 98 
10800 87 74 95 
10800 88 
10800 89 70 72 
10800 90 
10800 91 154 
10800 92 
10800 93 69 71 
10800 94 75 83 
10800 95 87 101 
10800 96 7 80 
10800 97 69 77 85 
10800 98 63 86 
10800 99 67 
10800 100 79 84 
10800 101 64 73 95 
10800 102 9 137 138 143 
10800 103 119 132 
10800 104 115 125 
10800 105 109 136 
10800 106 127 128 
10800 107 129 143 
10800 108 144 
10800 109 105 134 
10800 110 113 124 
10800 111 
10800 112 126 127 
10800 113 110 126 
10800 114 116 134 
10800 115 104 145 
10800 116 114 126 
10800 117 132 145 
10800 118 123 138 
10800 119 103 121 
10800 120 128 133 139 
10800 121 119 
10800 122 136 139 141 142 
10800 123 118 140 147 
10800 124 110 137 
10800 125 104 147 
10800 126 112 113 116 
10800 127 106 112 135 141 
10800 128 106 120 
10800 129 107 146 
10800 130 131 
10800 131 130 142 
10800 132 103 117 
10800 133 120 144 
10800 134 109 114 
10800 135 127 140 
10800 136 105 122 
10800 137 102 124 
10800 138 102 118 
10800 139 120 122 
10800 140 123 135 
10800 141 122 127 
10800 142 122 131 
10800 143 102 107 
10800 144 108 133 
10800 145 115 117 146 
10800 146 129 145 
10800 147 123 125 
10800 148 
10800 149 152 155 
10800 150 168 173 
10800 151 176 178 
10800 152 149 182 
10800 153 
10800 154 91 166 
10800 155 149 166 
10800 156 171 177 
10800 157 165 169 
10800 158 172 179 
10800 159 
10800 160 174 175 
10800 161 162 180 
10800 162 161 170 
10800 163 164 172 
10800 164 163 
10800 165 157 182 
10800 166 154 155 
10800 167 172 176 
10800 168 150 180 
10800 169 157 175 
10800 170 162 177 
10800 171 156 173 179 
10800 172 158 163 167 
10800 173 150 171 
10800 174 160 181 
10800 175 160 169 
10800 176 151 167 
10800 177 156 170 178 
10800 178 151 177 
10800 179 158 171 
10800 180 161 168 
10800 181 174 
10800 182 152 165 
10800 183 219 228 
10800 184 205 206 
10800 185 215 218 
10800 186 198 
10800 187 196 214 
10800 188 197 198 
10800 189 201 213 
10800 190 214 216 
10800 191 199 
10800 192 197 
10800 193 
10800 194 211 219 
10800 195 196 
10800 196 187 195 
10800 197 188 192 
10800 198 186 188 
10800 199 191 207 
10800 200 15 222 
10800 201 189 224 
10800 202 226 228 
10800 203 206 218 
10800 204 220 224 
10800 205 184 218 
10800 206 184 203 
10800 207 199 212 
10800 208 212 221 
10800 209 215 217 
10800 210 219 225 
10800 211 194 
10800 212 207 208 
10800 213 189 217 
10800 214 187 190 
10800 215 185 209 
10800 216 190 228 
10800 217 209 213 
10800 218 185 203 205 
10800 219 183 194 210 
10800 220 204 222 
10800 221 208 
10800 222 200 220 
10800 223 
10800 224 201 204 
10800 225 210 226 
10800 226 202 225 227 
10800 227 226 
10800 228 13 183 202 216 
10800 229 0 4 5 
10800 230 0 1 
10800 231 0 2 
10800 232 0 1 3 
10800 233 0 4 
10800 234 0 2 5 
10800 235 0 1 4 5 
10800 236 0 3 
10800 237 0 2 
10800 238 0 2 4 5 
10800 239 0 1 3 
10800 240 0 2 4 5 
10800 241 0 3 
10800 242 0 1 
10800 243 0 3 
10800 244 0 1 2 
10800 245 0 4 5 
10800 246 0 1 
10800 247 0 2 3 5 
10800 248 0 2 3 4 
10800 249 0 5 
10800 250 0 1 4 
10800 251 0 3 4 
10800 252 0 5 
10800 253 0 1 
10800 254 0 2 
10800 255 0 3 5 
10800 256 0 4 
10800 257 0 1 2 5 
10800 258 0 1 2 4 
12600 0 1 2 3 4 5 229 230 231 232 233 234 235 236 237 238 239 240 241 242 243 244 245 246 247 248 249 250 251 252 253 254 255 256 257 258 
12600 1 0 2 3 4 5 6 230 232 235 239 242 244 246 250 253 257 258 
12600 2 0 1 3 4 5 7 8 231 234 237 238 240 244 247 248 254 257 258 
12600 3 0 1 2 4 5 9 232 236 239 241 243 247 248 251 255 
12600 4 0 1 2 3 5 10 11 12 158 229 233 235 238 240 245 248 250 251 256 258 
12600 5 0 1 2 3 4 13 14 15 220 229 234 235 238 240 245 247 249 252 255 257 
12600 6 1 17 46 
12600 7 2 8 101 
12600 8 2 7 77 
12600 9 3 130 
12600 10 4 11 12 
12600 11 4 10 12 176 
12600 12 4 10 11 170 
12600 13 5 14 15 216 
12600 14 5 13 15 213 
12600 15 5 13 14 
12600 16 38 54 
12600 17 6 
12600 18 36 47 
12600 19 30 38 
12600 20 23 48 
12600 21 36 51 
12600 22 49 61 
12600 23 20 45 
12600 24 57 59 
12600 25 33 37 
12600 26 37 44 
12600 27 56 62 
12600 28 34 56 
12600 29 55 
12600 30 19 62 
12600 31 50 53 
12600 32 58 
12600 33 25 51 
12600 34 28 38 
12600 35 
12600 36 18 21 
12600 37 25 26 
12600 38 16 19 34 
12600 39 56 61 
12600 40 45 60 
12600 41 45 61 
12600 42 
12600 43 45 55 
12600 44 26 61 
12600 45 23 40 41 43 
12600 46 6 48 
12600 47 18 59 
12600 48 20 46 
12600 49 22 59 
12600 50 31 
12600 51 21 33 
12600 52 56 58 
12600 53 31 59 
12600 54 16 57 
12600 55 29 43 
12600 56 27 28 39 52 
12600 57 24 54 
12600 58 32 52 
12600 59 24 47 49 53 60 
12600 60 40 59 
12600 61 22 39 41 44 
12600 62 27 30 
12600 63 95 98 
12600 64 66 85 
12600 65 69 87 
12600 66 64 73 
12600 67 100 
12600 68 94 
12600 69 65 78 
12600 70 82 90 
12600 71 85 90 
12600 72 77 84 
12600 73 66 85 
12600 74 77 
12600 75 
12600 76 95 
12600 77 8 72 74 
12600 78 69 98 
12600 79 
12600 80 83 86 
12600 81 88 
12600 82 70 94 
12600 83 80 
12600 84 72 89 93 
12600 85 64 71 73 92 
12600 86 80 
12600 87 65 96 
12600 88 81 
12600 89 84 
12600 90 70 71 
12600 91 
12600 92 85 
12600 93 84 98 
12600 94 68 82 
12600 95 63 76 
12600 96 87 
12600 97 
12600 98 63 78 93 
12600 99 
12600 100 67 
12600 101 7 
12600 102 123 127 
12600 103 109 112 
12600 104 124 127 
12600 105 110 115 
12600 106 110 144 
12600 107 119 132 
12600 108 113 127 
12600 109 103 137 138 
12600 110 105 106 134 141 
12600 111 
12600 112 103 136 
12600 113 108 114 
12600 114 113 119 
12600 115 105 138 143 
12600 116 125 133 
12600 117 142 146 
12600 118 119 130 
12600 119 107 114 118 121 
12600 120 126 132 
12600 121 119 123 
12600 122 128 135 
12600 123 102 121 
12600 124 104 134 135 137 147 
12600 125 116 141 
12600 126 120 142 143 
12600 127 102 104 108 131 
12600 128 122 129 
12600 129 128 
12600 130 9 118 
12600 131 127 136 
12600 132 107 120 
12600 133 116 144 
12600 134 110 124 
12600 135 122 124 
12600 136 112 131 
12600 137 109 124 
12600 138 109 115 
12600 139 
12600 140 145 147 
12600 141 110 125 
12600 142 117 126 
12600 143 115 126 
12600 144 106 133 
12600 145 140 
12600 146 117 
12600 147 124 140 
12600 148 
12600 149 152 165 
12600 150 169 182 
12600 151 157 178 
12600 152 149 175 
12600 153 160 180 
12600 154 
12600 155 172 180 
12600 156 165 179 
12600 157 151 173 
12600 158 4 
12600 159 
12600 160 153 170 
12600 161 177 180 
12600 162 163 175 
12600 163 162 169 
12600 164 
12600 165 149 156 
12600 166 174 175 
12600 167 168 177 
12600 168 167 170 
12600 169 150 163 
12600 170 12 160 168 
12600 171 173 180 
12600 172 155 175 
12600 173 157 171 
12600 174 166 181 
12600 175 152 162 166 172 
12600 176 11 
12600 177 161 167 182 
12600 178 151 181 
12600 179 156 
12600 180 153 155 161 171 
12600 181 174 178 
12600 182 150 177 
12600 183 210 214 
12600 184 217 219 
12600 185 202 224 
12600 186 190 224 
12600 187 
12600 188 197 227 
12600 189 216 226 
12600 190 186 210 
12600 191 203 209 
12600 192 216 219 
12600 193 225 
12600 194 208 226 
12600 195 198 212 
12600 196 216 218 
12600 197 188 212 
12600 198 195 213 
12600 199 217 222 
12600 200 205 216 
12600 201 206 222 
12600 202 185 208 
12600 203 191 204 
12600 204 203 210 
12600 205 200 226 
12600 206 201 223 
12600 207 214 218 
12600 208 194 202 228 
12600 209 191 
12600 210 183 190 204 
12600 211 223 
12600 212 195 197 
12600 213 14 198 
12600 214 183 207 228 
12600 215 224 226 
12600 216 13 189 192 196 200 220 225 
12600 217 184 199 
12600 218 196 207 
12600 219 184 192 
12600 220 5 216 
12600 221 
12600 222 199 201 
12600 223 206 211 
12600 224 185 186 215 
12600 225 193 216 
12600 226 189 194 205 215 
12600 227 188 
12600 228 208 214 
12600 229 0 4 5 
12600 230 0 1 
12600 231 0 2 
12600 232 0 1 3 
12600 233 0 4 
12600 234 0 2 5 
12600 235 0 1 4 5 
12600 236 0 3 
12600 237 0 2 
12600 238 0 2 4 5 
12600 239 0 1 3 
12600 240 0 2 4 5 
12600 241 0 3 
12600 242 0 1 
12600 243 0 3 
12600 244 0 1 2 
12600 245 0 4 5 
12600 246 0 1 
12600 247 0 2 3 5 
12600 248 0 2 3 4 
12600 249 0 5 
12600 250 0 1 4 
12600 251 0 3 4 
12600 252 0 5 
12600 253 0 1 
12600 254 0 2 
12600 255 0 3 5 
12600 256 0 4 
12600 257 0 1 2 5 
12600 258 0 1 2 4 
14400 0 1 2 3 4 5 229 230 231 232 233 234 235 236 237 238 239 240 241 242 243 244 245 246 247 248 249 250 251 252 253 254 255 256 257 258 
14400 1 0 2 3 4 5 6 19 26 40 230 232 235 239 242 244 246 250 253 257 258 
14400 2 0 1 3 4 5 7 8 231 234 237 238 240 244 247 248 254 257 258 
14400 3 0 1 2 4 5 9 118 232 236 239 241 243 247 248 251 255 
14400 4 0 1 2 3 5 10 11 12 229 233 235 238 240 245 248 250 251 256 258 
14400 5 0 1 2 3 4 13 14 15 229 234 235 238 240 245 247 249 252 255 257 
14400 6 1 33 34 
14400 7 2 8 
14400 8 2 7 
14400 9 3 104 
14400 10 4 11 12 177 
14400 11 4 10 12 168 
14400 12 4 10 11 
14400 13 5 14 15 
14400 14 5 13 15 
14400 15 5 13 14 
14400 16 31 34 
14400 17 23 52 
14400 18 22 56 
14400 19 1 59 
14400 20 41 43 
14400 21 52 
14400 22 18 51 
14400 23 17 51 
14400 24 29 42 
14400 25 35 38 
14400 26 1 35 
14400 27 28 33 
14400 28 27 39 
14400 29 24 55 60 
14400 30 31 61 
14400 31 16 30 
14400 32 46 59 
14400 33 6 27 
14400 34 6 16 
14400 35 25 26 
14400 36 38 
14400 37 47 54 
14400 38 25 36 
14400 39 28 
14400 40 1 52 
14400 41 20 45 58 
14400 42 24 50 
14400 43 20 62 
14400 44 47 57 
14400 45 41 53 
14400 46 32 54 
14400 47 37 44 
14400 48 54 
14400 49 52 60 
14400 50 42 
14400 51 22 23 
14400 52 17 21 40 49 
14400 53 45 
14400 54 37 46 48 
14400 55 29 62 
14400 56 18 61 
14400 57 44 58 
14400 58 41 57 
14400 59 19 32 
14400 60 29 49 
14400 61 30 56 
14400 62 43 55 
14400 63 87 93 
14400 64 85 93 
14400 65 72 101 
14400 66 83 84 
14400 67 99 
14400 68 
14400 69 72 92 
14400 70 83 93 
14400 71 90 94 
14400 72 65 69 
14400 73 84 
14400 74 78 
14400 75 93 
14400 76 94 95 
14400 77 87 95 
14400 78 74 89 
14400 79 
14400 80 92 
14400 81 90 
14400 82 93 98 
14400 83 66 70 
14400 84 66 73 
14400 85 64 97 101 
14400 86 
14400 87 63 77 
14400 88 
14400 89 78 95 
14400 90 71 81 
14400 91 
14400 92 69 80 98 
14400 93 63 64 70 75 82 
14400 94 71 76 
14400 95 76 77 89 
14400 96 
14400 97 85 
14400 98 82 92 
14400 99 67 
14400 100 
14400 101 65 85 
14400 102 112 119 
14400 103 116 125 
14400 104 9 142 
14400 105 115 121 
14400 106 127 138 
14400 107 114 127 
14400 108 127 
14400 109 123 124 
14400 110 128 134 
14400 111 
14400 112 102 125 
14400 113 130 137 
14400 114 107 117 138 146 
14400 115 105 132 
14400 116 103 117 130 
14400 117 114 116 
14400 118 3 147 
14400 119 102 128 133 
14400 120 125 144 
14400 121 105 143 
14400 122 126 135 
14400 123 109 124 
14400 124 109 123 
14400 125 103 112 120 131 141 
14400 126 122 129 131 143 
14400 127 106 107 108 141 142 144 
14400 128 110 119 
14400 129 126 147 
14400 130 113 116 
14400 131 125 126 
14400 132 115 135 
14400 133 119 136 
14400 134 110 137 
14400 135 122 132 
14400 136 133 137 
14400 137 113 134 136 
14400 138 106 114 
14400 139 
14400 140 
14400 141 125 127 
14400 142 104 127 
14400 143 121 126 
14400 144 120 127 
14400 145 
14400 146 114 
14400 147 118 129 
14400 148 
14400 149 173 
14400 150 166 171 
14400 151 173 182 
14400 152 164 167 
14400 153 177 
14400 154 171 176 
14400 155 158 161 
14400 156 160 161 
14400 157 167 180 
14400 158 155 178 
14400 159 
14400 160 156 176 
14400 161 155 156 
14400 162 163 166 
14400 163 162 182 
14400 164 152 
14400 165 168 170 
14400 166 150 162 
14400 167 152 157 
14400 168 11 165 
14400 169 174 182 
14400 170 165 180 
14400 171 150 154 
14400 172 174 175 
14400 173 149 151 
14400 174 169 172 181 
14400 175 172 176 
14400 176 154 160 175 
14400 177 10 153 
14400 178 158 182 
14400 179 
14400 180 157 170 
14400 181 174 
14400 182 151 163 169 178 
14400 183 192 201 
14400 184 208 224 
14400 185 216 217 
14400 186 204 214 
14400 187 
14400 188 206 218 
14400 189 206 207 
14400 190 224 228 
14400 191 205 216 
14400 192 183 201 203 
14400 193 212 
14400 194 218 225 
14400 195 214 
14400 196 210 224 
14400 197 198 225 
14400 198 197 216 
14400 199 202 216 
14400 200 210 212 
14400 201 183 192 
14400 202 199 212 
14400 203 192 220 
14400 204 186 208 
14400 205 191 223 
14400 206 188 189 
14400 207 189 210 
14400 208 184 204 
14400 209 217 
14400 210 196 200 207 
14400 211 
14400 212 193 200 202 
14400 213 218 227 
14400 214 186 195 
14400 215 222 226 
14400 216 185 191 198 199 
14400 217 185 209 222 
14400 218 188 194 213 
14400 219 220 226 
14400 220 203 219 
14400 221 
14400 222 215 217 
14400 223 205 
14400 224 184 190 196 227 228 
14400 225 194 197 
14400 226 215 219 
14400 227 213 224 
14400 228 190 224 
14400 229 0 4 5 
14400 230 0 1 
14400 231 0 2 
14400 232 0 1 3 
14400 233 0 4 
14400 234 0 2 5 
14400 235 0 1 4 5 
14400 236 0 3 
14400 237 0 2 
14400 238 0 2 4 5 
14400 239 0 1 3 
14400 240 0 2 4 5 
14400 241 0 3 
14400 242 0 1 
14400 243 0 3 
14400 244 0 1 2 
14400 245 0 4 5 
14400 246 0 1 
14400 247 0 2 3 5 
14400 248 0 2 3 4 
14400 249 0 5 
14400 250 0 1 4 
14400 251 0 3 4 
14400 252 0 5 
14400 253 0 1 
14400 254 0 2 
14400 255 0 3 5 
14400 256 0 4 
14400 257 0 1 2 5 
14400 258 0 1 2 4 
16200 0 1 2 3 4 5 229 230 231 232 233 234 235 236 237 238 239 240 241 242 243 244 245 246 247 248 249 250 251 252 253 254 255 256 257 258 
16200 1 0 2 3 4 5 6 230 232 235 239 242 244 246 250 253 257 258 
16200 2 0 1 3 4 5 7 8 63 231 234 237 238 240 244 247 248 254 257 258 
16200 3 0 1 2 4 5 9 232 236 239 241 243 247 248 251 255 
16200 4 0 1 2 3 5 10 11 12 229 233 235 238 240 245 248 250 251 256 258 
16200 5 0 1 2 3 4 13 14 15 224 229 234 235 238 240 245 247 249 252 255 257 
16200 6 1 34 55 
16200 7 2 8 87 
16200 8 2 7 72 
16200 9 3 114 
16200 10 4 11 12 
16200 11 4 10 12 
16200 12 4 10 11 168 174 
16200 13 5 14 15 
16200 14 5 13 15 227 
16200 15 5 13 14 223 
16200 16 17 29 
16200 17 16 56 
16200 18 44 62 
16200 19 
16200 20 41 45 
16200 21 37 48 
16200 22 29 38 
16200 23 54 62 
16200 24 59 60 
16200 25 44 60 
16200 26 37 53 
16200 27 45 51 
16200 28 33 44 
16200 29 16 22 
16200 30 32 46 
16200 31 39 43 
16200 32 30 57 
16200 33 28 40 
16200 34 6 58 
16200 35 
16200 36 48 
16200 37 21 26 
16200 38 22 60 
16200 39 31 59 
16200 40 33 52 
16200 41 20 61 
16200 42 
16200 43 31 47 
16200 44 18 25 28 
16200 45 20 27 51 
16200 46 30 50 
16200 47 43 50 
16200 48 21 36 
16200 49 
16200 50 46 47 
16200 51 27 45 
16200 52 40 54 
16200 53 26 
16200 54 23 52 
16200 55 6 58 
16200 56 17 57 
16200 57 32 56 
16200 58 34 55 
16200 59 24 39 61 
16200 60 24 25 38 
16200 61 41 59 
16200 62 18 23 
16200 63 2 67 
16200 64 94 101 
16200 65 82 93 
16200 66 85 98 
16200 67 63 70 
16200 68 74 75 
16200 69 71 84 
16200 70 67 89 
16200 71 69 79 
16200 72 8 78 
16200 73 80 83 
16200 74 68 79 
16200 75 68 95 
16200 76 78 83 
16200 77 95 96 
16200 78 72 76 
16200 79 71 74 
16200 80 73 94 
16200 81 
16200 82 65 85 
16200 83 73 76 
16200 84 69 
16200 85 66 82 
16200 86 91 
16200 87 7 
16200 88 92 
16200 89 70 
16200 90 92 97 
16200 91 86 96 154 
16200 92 88 90 
16200 93 65 98 
16200 94 64 80 
16200 95 75 77 101 
16200 96 77 91 
16200 97 90 
16200 98 66 93 
16200 99 
16200 100 
16200 101 64 95 
16200 102 106 114 138 
16200 103 121 127 
16200 104 115 125 
16200 105 107 122 
16200 106 102 137 
16200 107 105 112 113 116 
16200 108 117 126 
16200 109 123 140 
16200 110 126 135 143 144 
16200 111 124 
16200 112 107 141 
16200 113 107 122 
16200 114 9 102 
16200 115 104 130 
16200 116 107 142 
16200 117 108 136 145 
16200 118 127 132 
16200 119 140 144 
16200 120 136 145 
16200 121 103 131 137 
16200 122 105 113 128 132 133 135 143 147 
16200 123 109 125 
16200 124 111 131 
16200 125 104 123 138 
16200 126 108 110 
16200 127 103 118 
16200 128 122 141 
16200 129 134 
16200 130 115 142 
16200 131 121 124 
16200 132 118 122 
16200 133 122 134 
16200 134 129 133 
16200 135 110 122 
16200 136 117 120 
16200 137 106 121 
16200 138 102 125 
16200 139 
16200 140 109 119 
16200 141 112 128 
16200 142 116 130 
16200 143 110 122 
16200 144 110 119 
16200 145 117 120 
16200 146 
16200 147 122 
16200 148 
16200 149 151 162 
16200 150 151 165 
16200 151 149 150 
16200 152 162 172 
16200 153 
16200 154 91 
16200 155 169 172 
16200 156 166 
16200 157 163 172 
16200 158 166 175 
16200 159 
16200 160 171 172 
16200 161 169 170 
16200 162 149 152 
16200 163 157 168 
16200 164 
16200 165 150 176 
16200 166 156 158 173 177 178 
16200 167 175 179 
16200 168 12 163 
16200 169 155 161 
16200 170 161 180 
16200 171 160 178 
16200 172 152 155 157 160 176 177 
16200 173 166 
16200 174 12 182 
16200 175 158 167 182 
16200 176 165 172 
16200 177 166 172 
16200 178 166 171 
16200 179 167 181 
16200 180 170 
16200 181 179 
16200 182 174 175 
16200 183 215 225 
16200 184 220 226 
16200 185 207 219 
16200 186 187 191 
16200 187 186 209 
16200 188 208 226 
16200 189 202 216 
16200 190 213 217 
16200 191 186 210 
16200 192 193 222 
16200 193 192 195 206 
16200 194 206 207 
16200 195 193 213 
16200 196 218 223 
16200 197 210 224 228 
16200 198 207 215 
16200 199 212 218 
16200 200 201 223 
16200 201 200 216 
16200 202 189 204 
16200 203 209 212 
16200 204 202 226 
16200 205 215 219 
16200 206 193 194 
16200 207 185 194 198 220 
16200 208 188 222 
16200 209 187 203 225 
16200 210 191 197 
16200 211 
16200 212 199 203 227 
16200 213 190 195 
16200 214 216 222 
16200 215 183 198 205 
16200 216 189 201 214 
16200 217 190 218 
16200 218 196 199 217 
16200 219 185 205 
16200 220 184 207 
16200 221 
16200 222 192 208 214 
16200 223 15 196 200 228 
16200 224 5 197 
16200 225 183 209 
16200 226 184 188 204 
16200 227 14 212 
16200 228 197 223 
16200 229 0 4 5 
16200 230 0 1 
16200 231 0 2 
16200 232 0 1 3 
16200 233 0 4 
16200 234 0 2 5 
16200 235 0 1 4 5 
16200 236 0 3 
16200 237 0 2 
16200 238 0 2 4 5 
16200 239 0 1 3 
16200 240 0 2 4 5 
16200 241 0 3 
16200 242 0 1 
16200 243 0 3 
16200 244 0 1 2 
16200 245 0 4 5 
16200 246 0 1 
16200 247 0 2 3 5 
16200 248 0 2 3 4 
16200 249 0 5 
16200 250 0 1 4 
16200 251 0 3 4 
16200 252 0 5 
16200 253 0 1 
16200 254 0 2 
16200 255 0 3 5 
16200 256 0 4 
16200 257 0 1 2 5 
16200 258 0 1 2 4 
18000 0 1 2 3 4 5 229 230 231 232 233 234 235 236 237 238 239 240 241 242 243 244 245 246 247 248 249 250 251 252 253 254 255 256 257 258 
18000 1 0 2 3 4 5 6 53 230 232 235 239 242 244 246 250 253 257 258 
18000 2 0 1 3 4 5 7 8 72 231 234 237 238 240 244 247 248 254 257 258 
18000 3 0 1 2 4 5 9 232 236 239 241 243 247 248 251 255 
18000 4 0 1 2 3 5 10 11 12 229 233 235 238 240 245 248 250 251 256 258 
18000 5 0 1 2 3 4 13 14 15 214 229 234 235 238 240 245 247 249 252 255 257 
18000 6 1 34 57 
18000 7 2 8 78 84 
18000 8 2 7 64 73 80 101 
18000 9 3 115 120 
18000 10 4 11 12 
18000 11 4 10 12 
18000 12 4 10 11 168 
18000 13 5 14 15 
18000 14 5 13 15 214 
18000 15 5 13 14 217 
18000 16 26 
18000 17 32 33 
18000 18 22 45 
18000 19 46 47 
18000 20 25 28 
18000 21 36 60 
18000 22 18 25 
18000 23 31 59 
18000 24 28 55 
18000 25 20 22 27 
18000 26 16 59 
18000 27 25 28 
18000 28 20 24 27 
18000 29 55 
18000 30 36 40 
18000 31 23 43 
18000 32 17 56 
18000 33 17 55 
18000 34 6 45 
18000 35 36 61 
18000 36 21 30 35 38 
18000 37 50 
18000 38 36 62 
18000 39 41 
18000 40 30 
18000 41 39 52 62 
18000 42 50 55 
18000 43 31 59 
18000 44 52 55 
18000 45 18 34 
18000 46 19 54 
18000 47 19 48 
18000 48 47 54 
18000 49 
18000 50 37 42 
18000 51 57 60 
18000 52 41 44 
18000 53 1 
18000 54 46 48 
18000 55 24 29 33 42 44 
18000 56 32 60 
18000 57 6 51 
18000 58 59 61 
18000 59 23 26 43 58 
18000 60 21 51 56 
18000 61 35 58 
18000 62 38 41 
18000 63 82 83 87 
18000 64 8 96 
18000 65 89 101 
18000 66 76 78 
18000 67 95 
18000 68 
18000 69 84 90 
18000 70 76 91 
18000 71 90 94 
18000 72 2 
18000 73 8 77 
18000 74 
18000 75 79 93 
18000 76 66 70 
18000 77 73 95 
18000 78 7 66 
18000 79 75 
18000 80 8 86 
18000 81 92 
18000 82 63 
18000 83 63 84 
18000 84 7 69 83 
18000 85 93 
18000 86 80 
18000 87 63 
18000 88 
18000 89 65 98 
18000 90 69 71 
18000 91 70 98 
18000 92 81 
18000 93 75 85 
18000 94 71 
18000 95 67 77 
18000 96 64 
18000 97 
18000 98 89 91 
18000 99 
18000 100 
18000 101 8 65 
18000 102 120 137 
18000 103 122 
18000 104 105 123 
18000 105 104 128 
18000 106 114 121 
18000 107 116 131 
18000 108 127 133 
18000 109 112 143 
18000 110 120 141 
18000 111 
18000 112 109 130 131 135 
18000 113 135 140 
18000 114 106 126 
18000 115 9 143 
18000 116 107 118 
18000 117 133 145 
18000 118 116 121 
18000 119 140 144 
18000 120 9 102 110 136 
18000 121 106 118 
18000 122 103 124 142 144 
18000 123 104 125 128 132 
18000 124 122 134 
18000 125 123 137 
18000 126 114 138 
18000 127 108 136 142 
18000 128 105 123 
18000 129 138 
18000 130 112 147 
18000 131 107 112 
18000 132 123 147 
18000 133 108 117 
18000 134 124 139 
18000 135 112 113 
18000 136 120 127 
18000 137 102 125 
18000 138 126 129 
18000 139 134 141 
18000 140 113 119 
18000 141 110 139 
18000 142 122 127 
18000 143 109 115 
18000 144 119 122 
18000 145 117 
18000 146 
18000 147 130 132 
18000 148 
18000 149 158 182 
18000 150 172 175 
18000 151 165 167 
18000 152 176 
18000 153 
18000 154 171 
18000 155 157 177 
18000 156 170 180 
18000 157 155 174 
18000 158 149 176 
18000 159 
18000 160 169 180 
18000 161 162 175 
18000 162 161 166 
18000 163 169 177 
18000 164 
18000 165 151 174 
18000 166 162 177 
18000 167 151 
18000 168 12 169 
18000 169 160 163 168 
18000 170 156 173 182 
18000 171 154 173 
18000 172 150 180 
18000 173 170 171 
18000 174 157 165 178 
18000 175 150 161 181 
18000 176 152 158 
18000 177 155 163 166 178 
18000 178 174 177 
18000 179 
18000 180 156 160 172 
18000 181 175 
18000 182 149 170 
18000 183 191 201 
18000 184 188 202 
18000 185 195 198 
18000 186 193 227 
18000 187 
18000 188 184 226 
18000 189 198 215 
18000 190 212 228 
18000 191 183 228 
18000 192 205 212 
18000 193 186 
18000 194 204 
18000 195 185 197 
18000 196 201 222 
18000 197 195 199 
18000 198 185 189 
18000 199 197 215 
18000 200 206 216 
18000 201 183 196 217 
18000 202 184 222 
18000 203 208 210 
18000 204 194 213 
18000 205 192 207 
18000 206 200 225 
18000 207 205 213 
18000 208 203 218 227 
18000 209 221 224 
18000 210 203 213 
18000 211 
18000 212 190 192 
18000 213 204 207 210 
18000 214 5 14 
18000 215 189 199 218 
18000 216 200 220 
18000 217 15 201 
18000 218 208 215 
18000 219 220 226 
18000 220 216 219 
18000 221 209 
18000 222 196 202 
18000 223 
18000 224 209 226 
18000 225 206 226 
18000 226 188 219 224 225 
18000 227 186 208 
18000 228 190 191 
18000 229 0 4 5 
18000 230 0 1 
18000 231 0 2 
18000 232 0 1 3 
18000 233 0 4 
18000 234 0 2 5 
18000 235 0 1 4 5 
18000 236 0 3 
18000 237 0 2 
18000 238 0 2 4 5 
18000 239 0 1 3 
18000 240 0 2 4 5 
18000 241 0 3 
18000 242 0 1 
18000 243 0 3 
18000 244 0 1 2 
18000 245 0 4 5 
18000 246 0 1 
18000 247 0 2 3 5 
18000 248 0 2 3 4 
18000 249 0 5 
18000 250 0 1 4 
18000 251 0 3 4 
18000 252 0 5 
18000 253 0 1 
18000 254 0 2 
18000 255 0 3 5 
18000 256 0 4 
18000 257 0 1 2 5 
18000 258 0 1 2 4 
