0 21600
0 0 3 4 5 231 232 233 234 235 236 237 238 239 240 241 242 243 244 245 246 247 248 249 250 251 252 253 254 255 256 257 258 259 260 
0 1 60 61 219 
0 2 63 74 89 
0 3 0 126 127 234 235 239 240 244 247 250 253 257 258 
0 4 0 180 181 232 235 236 242 243 246 251 253 256 260 
0 5 0 229 230 231 236 237 243 245 248 250 253 255 259 
0 6 59 60 61 
0 7 59 60 61 
0 8 63 74 91 
0 9 63 74 91 
0 10 63 91 97 
0 11 125 126 127 
0 12 178 180 181 
0 13 178 180 181 
0 14 188 190 191 
0 15 187 188 229 
0 16 58 60 61 
0 17 60 61 62 
0 18 188 225 229 
0 19 187 225 229 
0 20 59 61 188 
0 21 217 219 229 
0 22 59 60 61 
0 23 58 60 61 
0 24 222 225 229 
0 25 61 188 191 
0 26 59 61 186 
0 27 60 61 219 
0 28 59 60 61 
0 29 55 58 61 
0 30 60 61 62 
0 31 186 187 191 
0 32 60 61 219 
0 33 60 61 62 
0 34 188 219 229 
0 35 188 225 229 
0 36 59 61 188 
0 37 58 60 61 
0 38 51 61 62 
0 39 55 58 61 
0 40 59 60 61 
0 41 188 225 229 
0 42 188 219 229 
0 43 58 60 61 
0 44 46 50 53 
0 45 219 222 229 
0 46 44 53 221 
0 47 53 60 61 
0 48 53 60 61 
0 49 53 60 61 
0 50 44 61 219 
0 51 38 54 58 
0 52 60 61 62 
0 53 44 46 47 48 49 
0 54 51 58 60 
0 55 29 39 61 
0 56 60 61 62 
0 57 60 61 222 
0 58 16 23 29 37 39 43 51 54 
0 59 6 7 20 22 26 28 36 40 
0 60 1 6 7 16 17 22 23 27 28 30 32 33 37 40 43 47 48 49 52 54 56 57 
0 61 1 6 7 16 17 20 22 23 25 26 27 28 29 30 32 33 36 37 38 39 40 43 47 48 49 50 52 55 56 57 
0 62 17 30 33 38 52 56 
0 63 2 8 9 10 
0 64 73 74 97 
0 65 74 91 97 
0 66 91 92 94 
0 67 73 74 97 
0 68 74 91 97 
0 69 72 73 74 
0 70 74 91 97 
0 71 74 91 97 
0 72 69 94 95 
0 73 64 67 69 
0 74 2 8 9 64 65 67 68 69 70 71 
0 75 91 96 97 
0 76 95 96 97 
0 77 94 96 97 
0 78 87 89 93 
0 79 94 96 97 
0 80 82 93 97 
0 81 91 96 97 
0 82 80 93 97 
0 83 91 96 97 
0 84 93 94 95 
0 85 91 96 97 
0 86 94 96 97 
0 87 78 91 97 
0 88 91 94 95 
0 89 2 78 97 
0 90 91 94 95 
0 91 8 9 10 65 66 68 70 71 75 81 83 85 87 88 90 
0 92 66 94 96 
0 93 78 80 82 84 
0 94 66 72 77 79 84 86 88 90 92 
0 95 72 76 84 88 90 
0 96 75 76 77 79 81 83 85 86 92 
0 97 10 64 65 67 68 70 71 75 76 77 79 80 81 82 83 85 86 87 89 
0 98 125 126 127 
0 99 125 126 127 
0 100 125 126 127 
0 101 125 126 127 
0 102 125 126 127 
0 103 122 124 125 
0 104 120 122 123 
0 105 125 126 127 
0 106 125 126 127 
0 107 125 126 127 
0 108 125 126 127 
0 109 125 126 127 
0 110 125 126 127 
0 111 125 126 127 
0 112 124 125 134 
0 113 125 126 127 
0 114 125 126 127 
0 115 125 126 127 
0 116 125 126 127 
0 117 125 126 127 
0 118 125 126 127 
0 119 125 126 127 
0 120 104 122 131 
0 121 125 126 127 
0 122 103 104 120 128 131 
0 123 104 126 127 
0 124 103 112 128 
0 125 11 98 99 100 101 102 103 105 106 107 108 109 110 111 112 113 114 115 116 117 118 119 121 
0 126 3 11 98 99 100 101 102 105 106 107 108 109 110 111 113 114 115 116 117 118 119 121 123 
0 127 3 11 98 99 100 101 102 105 106 107 108 109 110 111 113 114 115 116 117 118 119 121 123 
0 128 122 124 137 
0 129 131 135 136 
0 130 135 136 137 
0 131 120 122 129 
0 132 135 136 137 
0 133 135 136 137 
0 134 112 135 136 
0 135 129 130 132 133 134 
0 136 129 130 132 133 134 
0 137 128 130 132 133 
0 138 179 180 181 
0 139 178 180 181 
0 140 156 157 159 
0 141 155 157 173 
0 142 178 180 181 
0 143 156 
0 144 172 176 180 
0 145 178 180 181 
0 146 176 180 181 
0 147 173 176 180 
0 148 155 156 157 
0 149 163 171 174 
0 150 178 180 181 
0 151 179 180 181 
0 152 178 180 181 
0 153 179 180 181 
0 154 178 180 181 
0 155 141 148 180 
0 156 140 143 148 
0 157 140 141 148 
0 158 179 180 181 
0 159 140 180 181 
0 160 179 180 181 
0 161 173 176 178 
0 162 178 180 181 
0 163 149 180 181 
0 164 178 180 181 
0 165 173 176 180 
0 166 170 177 179 
0 167 170 177 179 
0 168 178 180 181 
0 169 178 180 181 
0 170 166 167 175 
0 171 149 174 178 
0 172 144 180 181 
0 173 141 147 161 165 
0 174 149 171 178 
0 175 170 177 179 
0 176 144 146 147 161 165 
0 177 166 167 175 
0 178 12 13 139 142 145 150 152 154 161 162 164 168 169 171 174 
0 179 138 151 153 158 160 166 167 175 
0 180 4 12 13 138 139 142 144 145 146 147 150 151 152 153 154 155 158 159 160 162 163 164 165 168 169 172 
0 181 4 12 13 138 139 142 145 146 150 151 152 153 154 158 159 160 162 163 164 168 169 172 
0 182 187 190 213 
0 183 187 190 191 
0 184 196 197 215 
0 185 188 190 213 
0 186 26 31 230 
0 187 15 19 31 182 183 
0 188 14 15 18 20 25 34 35 36 41 42 185 
0 189 191 206 226 
0 190 14 182 183 185 
0 191 14 25 31 183 189 
0 192 228 229 230 
0 193 228 229 230 
0 194 228 229 230 
0 195 224 225 229 
0 196 184 197 215 
0 197 184 196 214 
0 198 213 228 230 
0 199 223 229 230 
0 200 213 219 229 
0 201 213 219 230 
0 202 219 225 228 
0 203 210 219 230 
0 204 225 228 230 
0 205 216 220 223 
0 206 189 228 230 
0 207 228 229 230 
0 208 213 219 230 
0 209 221 224 228 
0 210 203 219 230 
0 211 215 216 223 
0 212 221 224 225 
0 213 182 185 198 200 201 208 
0 214 197 219 228 
0 215 184 196 211 227 
0 216 205 211 227 
0 217 21 226 230 
0 218 228 229 230 
0 219 1 21 27 32 34 42 45 50 200 201 202 203 208 210 214 
0 220 205 228 230 
0 221 46 209 212 
0 222 24 45 57 
0 223 199 205 211 227 
0 224 195 209 212 
0 225 18 19 24 35 41 195 202 204 212 
0 226 189 217 230 
0 227 215 216 223 
0 228 192 193 194 198 202 204 206 207 209 214 218 220 
0 229 5 15 18 19 21 24 34 35 41 42 45 192 193 194 195 199 200 207 218 
0 230 5 186 192 193 194 198 199 201 203 204 206 207 208 210 217 218 220 226 
0 231 0 5 
0 232 0 4 
0 233 0 
0 234 0 3 
0 235 0 3 4 
0 236 0 4 5 
0 237 0 5 
0 238 0 
0 239 0 3 
0 240 0 3 
0 241 0 
0 242 0 4 
0 243 0 4 5 
0 244 0 3 
0 245 0 5 
0 246 0 4 
0 247 0 3 
0 248 0 5 
0 249 0 
0 250 0 3 5 
0 251 0 4 
0 252 0 
0 253 0 3 4 5 
0 254 0 
0 255 0 5 
0 256 0 4 
0 257 0 3 
0 258 0 3 
0 259 0 5 
0 260 0 4 
1800 0 3 4 5 231 232 233 234 235 236 237 238 239 240 241 242 243 244 245 246 247 248 249 250 251 252 253 254 255 256 257 258 259 260 
1800 1 188 209 219 
1800 2 63 74 89 
1800 3 0 126 127 234 235 239 240 244 247 250 253 257 258 
1800 4 0 180 181 232 235 236 242 243 246 251 253 256 260 
1800 5 0 229 230 231 236 237 243 245 248 250 253 255 259 
1800 6 188 209 219 
1800 7 188 209 219 
1800 8 63 74 91 
1800 9 63 74 91 
1800 10 63 91 97 
1800 11 125 126 127 
1800 12 178 180 181 
1800 13 178 180 181 
1800 14 188 190 191 
1800 15 60 61 187 
1800 16 60 61 191 
1800 17 61 62 209 
1800 18 60 61 191 
1800 19 187 225 229 
1800 20 39 61 191 
1800 21 60 219 229 
1800 22 61 188 191 
1800 23 60 61 191 
1800 24 60 225 229 
1800 25 61 188 191 
1800 26 60 61 187 
1800 27 191 209 219 
1800 28 55 60 230 
1800 29 217 219 229 
1800 30 60 61 62 
1800 31 186 187 191 
1800 32 188 209 219 
1800 33 60 61 62 
1800 34 188 219 229 
1800 35 60 61 191 
1800 36 39 61 191 
1800 37 60 61 191 
1800 38 60 61 62 
1800 39 20 36 191 
1800 40 188 209 219 
1800 41 51 188 219 
1800 42 188 219 229 
1800 43 187 225 229 
1800 44 51 58 188 
1800 45 59 222 229 
1800 46 188 191 221 
1800 47 60 61 191 
1800 48 187 222 229 
1800 49 209 222 229 
1800 50 188 209 219 
1800 51 41 44 58 
1800 52 60 61 62 
1800 53 58 61 191 
1800 54 56 58 60 
1800 55 28 61 191 
1800 56 54 61 62 
1800 57 60 61 187 
1800 58 44 51 53 54 
1800 59 45 225 229 
1800 60 15 16 18 21 23 24 26 28 30 33 35 37 38 47 52 54 57 
1800 61 15 16 17 18 20 22 23 25 26 30 33 35 36 37 38 47 52 53 55 56 57 
1800 62 17 30 33 38 52 56 
1800 63 2 8 9 10 
1800 64 73 74 97 
1800 65 74 91 97 
1800 66 91 92 93 
1800 67 73 74 97 
1800 68 74 91 97 
1800 69 73 74 97 
1800 70 74 91 97 
1800 71 74 91 97 
1800 72 77 94 95 
1800 73 64 67 69 
1800 74 2 8 9 64 65 67 68 69 70 71 
1800 75 91 96 97 
1800 76 93 96 97 
1800 77 72 81 93 
1800 78 82 83 91 
1800 79 80 96 97 
1800 80 79 82 97 
1800 81 77 91 97 
1800 82 78 80 97 
1800 83 78 91 97 
1800 84 93 94 95 
1800 85 91 96 97 
1800 86 93 96 97 
1800 87 91 96 97 
1800 88 93 94 95 
1800 89 2 95 96 
1800 90 93 94 95 
1800 91 8 9 10 65 66 68 70 71 75 78 81 83 85 87 
1800 92 66 93 96 
1800 93 66 76 77 84 86 88 90 92 
1800 94 72 84 88 90 
1800 95 72 84 88 89 90 
1800 96 75 76 79 85 86 87 89 92 
1800 97 10 64 65 67 68 69 70 71 75 76 79 80 81 82 83 85 86 87 
1800 98 125 126 127 
1800 99 112 126 127 
1800 100 125 126 127 
1800 101 125 126 127 
1800 102 125 126 127 
1800 103 107 110 124 
1800 104 120 122 123 
1800 105 125 126 127 
1800 106 125 126 127 
1800 107 103 126 127 
1800 108 125 126 127 
1800 109 125 126 127 
1800 110 103 126 127 
1800 111 125 126 127 
1800 112 99 114 134 
1800 113 125 126 127 
1800 114 112 125 127 
1800 115 125 126 127 
1800 116 125 126 127 
1800 117 125 126 127 
1800 118 125 126 127 
1800 119 126 127 128 
1800 120 104 122 131 
1800 121 125 126 127 
1800 122 104 120 127 
1800 123 104 126 127 
1800 124 103 127 128 
1800 125 11 98 100 101 102 105 106 108 109 111 113 114 115 116 117 118 121 
1800 126 3 11 98 99 100 101 102 105 106 107 108 109 110 111 113 115 116 117 118 119 121 123 
1800 127 3 11 98 99 100 101 102 105 106 107 108 109 110 111 113 114 115 116 117 118 119 121 122 123 124 
1800 128 119 124 137 
1800 129 131 135 136 
1800 130 131 136 137 
1800 131 120 129 130 
1800 132 135 136 137 
1800 133 135 136 137 
1800 134 112 135 136 
1800 135 129 132 133 134 
1800 136 129 130 132 133 134 
1800 137 128 130 132 133 
1800 138 177 180 181 
1800 139 178 180 181 
1800 140 157 158 159 
1800 141 153 155 157 
1800 142 178 180 181 
1800 143 156 167 177 
1800 144 173 176 180 
1800 145 178 180 181 
1800 146 176 180 181 
1800 147 173 176 180 
1800 148 153 155 157 
1800 149 158 171 174 
1800 150 178 180 181 
1800 151 176 180 181 
1800 152 178 180 181 
1800 153 141 148 181 
1800 154 178 180 181 
1800 155 141 148 180 
1800 156 143 158 170 
1800 157 140 141 148 
1800 158 140 149 156 
1800 159 140 180 181 
1800 160 178 180 181 
1800 161 173 176 178 
1800 162 178 180 181 
1800 163 178 180 181 
1800 164 178 180 181 
1800 165 173 176 180 
1800 166 170 177 179 
1800 167 143 170 175 
1800 168 178 180 181 
1800 169 178 180 181 
1800 170 156 166 167 
1800 171 149 174 178 
1800 172 178 180 181 
1800 173 144 147 161 165 
1800 174 149 171 178 
1800 175 167 177 179 
1800 176 144 146 147 151 161 165 
1800 177 138 143 166 175 179 
1800 178 12 13 139 142 145 150 152 154 160 161 162 163 164 168 169 171 172 174 
1800 179 166 175 177 
1800 180 4 12 13 138 139 142 144 145 146 147 150 151 152 154 155 159 160 162 163 164 165 168 169 172 
1800 181 4 12 13 138 139 142 145 146 150 151 152 153 154 159 160 162 163 164 168 169 172 
1800 182 187 190 213 
1800 183 187 190 213 
1800 184 198 215 221 
1800 185 188 190 213 
1800 186 31 229 230 
1800 187 15 19 26 31 43 48 57 182 183 
1800 188 1 6 7 14 22 25 32 34 40 41 42 44 46 50 185 
1800 189 223 226 230 
1800 190 14 182 183 185 
1800 191 14 16 18 20 22 23 25 27 31 35 36 37 39 46 47 53 55 
1800 192 228 229 230 
1800 193 220 229 230 
1800 194 206 220 230 
1800 195 220 225 228 
1800 196 198 215 221 
1800 197 223 226 228 
1800 198 184 196 213 
1800 199 222 225 229 
1800 200 213 220 229 
1800 201 213 220 230 
1800 202 220 225 228 
1800 203 220 229 230 
1800 204 220 223 230 
1800 205 220 221 223 
1800 206 194 220 230 
1800 207 213 220 230 
1800 208 213 220 230 
1800 209 1 6 7 17 27 32 40 49 50 
1800 210 220 229 230 
1800 211 215 216 223 
1800 212 221 224 225 
1800 213 182 183 185 198 200 201 207 208 
1800 214 220 225 228 
1800 215 184 196 211 
1800 216 211 221 227 
1800 217 29 221 229 
1800 218 228 229 230 
1800 219 1 6 7 21 27 29 32 34 40 41 42 50 
1800 220 193 194 195 200 201 202 203 204 205 206 207 208 210 214 
1800 221 46 184 196 205 212 216 217 227 
1800 222 45 48 49 199 
1800 223 189 197 204 205 211 227 
1800 224 212 225 228 
1800 225 19 24 43 59 195 199 202 212 214 224 
1800 226 189 197 230 
1800 227 216 221 223 
1800 228 192 195 197 202 214 218 224 
1800 229 5 19 21 24 29 34 42 43 45 48 49 59 186 192 193 199 200 203 210 217 218 
1800 230 5 28 186 189 192 193 194 201 203 204 206 207 208 210 218 226 
1800 231 0 5 
1800 232 0 4 
1800 233 0 
1800 234 0 3 
1800 235 0 3 4 
1800 236 0 4 5 
1800 237 0 5 
1800 238 0 
1800 239 0 3 
1800 240 0 3 
1800 241 0 
1800 242 0 4 
1800 243 0 4 5 
1800 244 0 3 
1800 245 0 5 
1800 246 0 4 
1800 247 0 3 
1800 248 0 5 
1800 249 0 
1800 250 0 3 5 
1800 251 0 4 
1800 252 0 
1800 253 0 3 4 5 
1800 254 0 
1800 255 0 5 
1800 256 0 4 
1800 257 0 3 
1800 258 0 3 
1800 259 0 5 
1800 260 0 4 
3600 0 3 4 5 231 232 233 234 235 236 237 238 239 240 241 242 243 244 245 246 247 248 249 250 251 252 253 254 255 256 257 258 259 260 
3600 1 187 188 219 
3600 2 63 74 89 
3600 3 0 126 127 234 235 239 240 244 247 250 253 257 258 
3600 4 0 180 181 232 235 236 242 243 246 251 253 256 260 
3600 5 0 229 230 231 236 237 243 245 248 250 253 255 259 
3600 6 187 188 219 
3600 7 187 188 219 
3600 8 63 74 91 
3600 9 63 74 91 
3600 10 63 91 97 
3600 11 125 126 127 
3600 12 178 180 181 
3600 13 178 180 181 
3600 14 188 190 191 
3600 15 59 60 61 
3600 16 61 188 199 
3600 17 60 61 62 
3600 18 187 188 219 
3600 19 187 203 229 
3600 20 61 187 188 
3600 21 187 219 229 
3600 22 60 61 188 
3600 23 58 60 61 
3600 24 187 225 229 
3600 25 228 229 230 
3600 26 61 188 213 
3600 27 187 188 219 
3600 28 187 188 219 
3600 29 61 187 188 
3600 30 60 61 62 
3600 31 186 187 191 
3600 32 187 188 219 
3600 33 60 61 62 
3600 34 60 187 229 
3600 35 60 61 187 
3600 36 61 187 188 
3600 37 60 61 187 
3600 38 51 61 62 
3600 39 61 187 188 
3600 40 187 188 219 
3600 41 187 188 219 
3600 42 187 188 229 
3600 43 58 60 61 
3600 44 187 188 213 
3600 45 187 222 229 
3600 46 186 188 213 
3600 47 61 188 213 
3600 48 188 222 229 
3600 49 188 222 229 
3600 50 187 188 229 
3600 51 38 58 61 
3600 52 60 61 62 
3600 53 61 187 188 
3600 54 58 60 61 
3600 55 199 203 222 
3600 56 60 61 62 
3600 57 60 61 222 
3600 58 23 43 51 54 
3600 59 15 225 229 
3600 60 15 17 22 23 30 33 34 35 37 43 52 54 56 57 
3600 61 15 16 17 20 22 23 26 29 30 33 35 36 37 38 39 43 47 51 52 53 54 56 57 
3600 62 17 30 33 38 52 56 
3600 63 2 8 9 10 
3600 64 73 74 97 
3600 65 74 91 97 
3600 66 87 91 92 
3600 67 73 74 97 
3600 68 74 91 97 
3600 69 78 79 89 
3600 70 74 91 97 
3600 71 74 91 97 
3600 72 90 94 95 
3600 73 64 67 94 
3600 74 2 8 9 64 65 67 68 70 71 
3600 75 91 96 97 
3600 76 93 96 97 
3600 77 93 96 97 
3600 78 69 93 94 
3600 79 69 96 97 
3600 80 82 93 97 
3600 81 91 96 97 
3600 82 80 91 92 
3600 83 91 96 97 
3600 84 93 94 95 
3600 85 91 96 97 
3600 86 92 96 97 
3600 87 66 91 97 
3600 88 91 94 95 
3600 89 2 69 96 
3600 90 72 94 95 
3600 91 8 9 10 65 66 68 70 71 75 81 82 83 85 87 88 
3600 92 66 82 86 
3600 93 76 77 78 80 84 
3600 94 72 73 78 84 88 90 
3600 95 72 84 88 90 
3600 96 75 76 77 79 81 83 85 86 89 
3600 97 10 64 65 67 68 70 71 75 76 77 79 80 81 83 85 86 87 
3600 98 125 126 127 
3600 99 125 126 127 
3600 100 125 126 127 
3600 101 125 126 127 
3600 102 125 126 127 
3600 103 107 124 137 
3600 104 120 122 123 
3600 105 125 126 127 
3600 106 125 126 127 
3600 107 103 126 127 
3600 108 125 126 127 
3600 109 125 126 127 
3600 110 125 126 127 
3600 111 125 126 127 
3600 112 114 130 134 
3600 113 125 126 127 
3600 114 112 126 127 
3600 115 125 126 127 
3600 116 125 126 127 
3600 117 125 126 127 
3600 118 125 126 127 
3600 119 125 126 127 
3600 120 104 122 123 
3600 121 125 126 127 
3600 122 104 120 131 
3600 123 104 120 131 
3600 124 103 127 128 
3600 125 11 98 99 100 101 102 105 106 108 109 110 111 113 115 116 117 118 119 121 
3600 126 3 11 98 99 100 101 102 105 106 107 108 109 110 111 113 114 115 116 117 118 119 121 
3600 127 3 11 98 99 100 101 102 105 106 107 108 109 110 111 113 114 115 116 117 118 119 121 124 
3600 128 124 130 137 
3600 129 131 135 136 
3600 130 112 128 137 
3600 131 122 123 129 
3600 132 135 136 137 
3600 133 135 136 137 
3600 134 112 135 136 
3600 135 129 132 133 134 
3600 136 129 132 133 134 
3600 137 103 128 130 132 133 
3600 138 177 180 181 
3600 139 178 180 181 
3600 140 152 157 159 
3600 141 155 157 173 
3600 142 178 180 181 
3600 143 156 
3600 144 172 176 180 
3600 145 178 180 181 
3600 146 177 180 181 
3600 147 173 176 180 
3600 148 152 155 157 
3600 149 159 172 174 
3600 150 178 180 181 
3600 151 176 180 181 
3600 152 140 148 181 
3600 153 176 180 181 
3600 154 178 180 181 
3600 155 141 148 180 
3600 156 143 158 175 
3600 157 140 141 148 
3600 158 156 180 181 
3600 159 140 149 181 
3600 160 178 180 181 
3600 161 178 180 181 
3600 162 178 180 181 
3600 163 178 180 181 
3600 164 178 180 181 
3600 165 176 177 180 
3600 166 179 180 181 
3600 167 170 177 179 
3600 168 178 180 181 
3600 169 178 180 181 
3600 170 167 180 181 
3600 171 174 176 178 
3600 172 144 149 181 
3600 173 141 147 181 
3600 174 149 171 178 
3600 175 156 177 179 
3600 176 144 147 151 153 165 171 
3600 177 138 146 165 167 175 
3600 178 12 13 139 142 145 150 154 160 161 162 163 164 168 169 171 174 
3600 179 166 167 175 
3600 180 4 12 13 138 139 142 144 145 146 147 150 151 153 154 155 158 160 161 162 163 164 165 166 168 169 170 
3600 181 4 12 13 138 139 142 145 146 150 151 152 153 154 158 159 160 161 162 163 164 166 168 169 170 172 173 
3600 182 190 191 223 
3600 183 186 190 191 
3600 184 205 212 215 
3600 185 188 190 213 
3600 186 31 46 183 
3600 187 1 6 7 18 19 20 21 24 27 28 29 31 32 34 35 36 37 39 40 41 42 44 45 50 53 
3600 188 1 6 7 14 16 18 20 22 26 27 28 29 32 36 39 40 41 42 44 46 47 48 49 50 53 185 
3600 189 206 221 226 
3600 190 14 182 183 185 
3600 191 14 31 182 183 
3600 192 226 229 230 
3600 193 213 229 230 
3600 194 206 229 230 
3600 195 212 213 229 
3600 196 197 205 215 
3600 197 196 220 221 
3600 198 213 228 230 
3600 199 16 55 230 
3600 200 213 228 229 
3600 201 213 229 230 
3600 202 224 225 228 
3600 203 19 55 230 
3600 204 225 228 230 
3600 205 184 196 221 
3600 206 189 194 230 
3600 207 213 229 230 
3600 208 228 229 230 
3600 209 221 224 228 
3600 210 213 229 230 
3600 211 215 216 223 
3600 212 184 195 227 
3600 213 26 44 46 47 185 193 195 198 200 201 207 210 
3600 214 224 225 228 
3600 215 184 196 211 
3600 216 211 223 227 
3600 217 224 225 229 
3600 218 228 229 230 
3600 219 1 6 7 18 21 27 28 32 40 41 
3600 220 197 228 230 
3600 221 189 197 205 209 
3600 222 45 48 49 55 57 
3600 223 182 211 216 227 
3600 224 202 209 214 217 
3600 225 24 59 202 204 214 217 
3600 226 189 192 230 
3600 227 212 216 223 
3600 228 25 198 200 202 204 208 209 214 218 220 
3600 229 5 19 21 24 25 34 42 45 48 49 50 59 192 193 194 195 200 201 207 208 210 217 218 
3600 230 5 25 192 193 194 198 199 201 203 204 206 207 208 210 218 220 226 
3600 231 0 5 
3600 232 0 4 
3600 233 0 
3600 234 0 3 
3600 235 0 3 4 
3600 236 0 4 5 
3600 237 0 5 
3600 238 0 
3600 239 0 3 
3600 240 0 3 
3600 241 0 
3600 242 0 4 
3600 243 0 4 5 
3600 244 0 3 
3600 245 0 5 
3600 246 0 4 
3600 247 0 3 
3600 248 0 5 
3600 249 0 
3600 250 0 3 5 
3600 251 0 4 
3600 252 0 
3600 253 0 3 4 5 
3600 254 0 
3600 255 0 5 
3600 256 0 4 
3600 257 0 3 
3600 258 0 3 
3600 259 0 5 
3600 260 0 4 
5400 0 3 4 5 231 232 233 234 235 236 237 238 239 240 241 242 243 244 245 246 247 248 249 250 251 252 253 254 255 256 257 258 259 260 
5400 1 60 61 219 
5400 2 63 74 89 
5400 3 0 126 127 234 235 239 240 244 247 250 253 257 258 
5400 4 0 180 181 232 235 236 242 243 246 251 253 256 260 
5400 5 0 229 230 231 236 237 243 245 248 250 253 255 259 
5400 6 60 61 219 
5400 7 60 61 219 
5400 8 63 74 91 
5400 9 63 74 91 
5400 10 63 91 97 
5400 11 125 126 127 
5400 12 178 180 181 
5400 13 178 180 181 
5400 14 228 229 230 
5400 15 53 59 61 
5400 16 58 60 61 
5400 17 60 61 62 
5400 18 59 60 61 
5400 19 187 225 229 
5400 20 59 61 188 
5400 21 217 219 229 
5400 22 59 60 61 
5400 23 58 60 61 
5400 24 222 225 229 
5400 25 61 190 191 
5400 26 59 61 186 
5400 27 60 61 219 
5400 28 59 60 61 
5400 29 57 58 61 
5400 30 60 61 62 
5400 31 186 187 191 
5400 32 60 61 219 
5400 33 60 61 62 
5400 34 60 219 229 
5400 35 58 60 61 
5400 36 59 61 188 
5400 37 57 58 61 
5400 38 60 61 62 
5400 39 57 58 61 
5400 40 60 61 219 
5400 41 59 60 61 
5400 42 60 219 229 
5400 43 58 60 61 
5400 44 50 57 212 
5400 45 55 60 229 
5400 46 59 188 212 
5400 47 53 60 61 
5400 48 53 60 61 
5400 49 61 222 229 
5400 50 44 61 219 
5400 51 56 58 60 
5400 52 60 61 62 
5400 53 15 47 48 
5400 54 56 58 60 
5400 55 45 60 61 
5400 56 51 54 62 
5400 57 29 37 39 44 
5400 58 16 23 29 35 37 39 43 51 54 
5400 59 15 18 20 22 26 28 36 41 46 
5400 60 1 6 7 16 17 18 22 23 27 28 30 32 33 34 35 38 40 41 42 43 45 47 48 51 52 54 55 
5400 61 1 6 7 15 16 17 18 20 22 23 25 26 27 28 29 30 32 33 35 36 37 38 39 40 41 43 47 48 49 50 52 55 
5400 62 17 30 33 38 52 56 
5400 63 2 8 9 10 
5400 64 73 74 97 
5400 65 73 74 91 
5400 66 91 92 94 
5400 67 73 74 97 
5400 68 74 91 97 
5400 69 72 73 74 
5400 70 74 91 97 
5400 71 74 91 97 
5400 72 69 94 95 
5400 73 64 65 67 69 
5400 74 2 8 9 64 65 67 68 69 70 71 
5400 75 91 93 96 
5400 76 94 96 97 
5400 77 94 96 97 
5400 78 83 93 97 
5400 79 94 96 97 
5400 80 82 83 93 
5400 81 91 96 97 
5400 82 80 87 91 
5400 83 78 80 95 
5400 84 93 94 95 
5400 85 91 96 97 
5400 86 92 96 97 
5400 87 82 91 97 
5400 88 91 94 95 
5400 89 2 95 96 
5400 90 94 95 96 
5400 91 8 9 10 65 66 68 70 71 75 81 82 85 87 88 
5400 92 66 86 96 
5400 93 75 78 80 84 
5400 94 66 72 76 77 79 84 88 90 
5400 95 72 83 84 88 89 90 
5400 96 75 76 77 79 81 85 86 89 90 92 
5400 97 10 64 67 68 70 71 76 77 78 79 81 85 86 87 
5400 98 125 126 127 
5400 99 125 126 127 
5400 100 125 126 127 
5400 101 125 126 127 
5400 102 125 126 127 
5400 103 124 125 126 
5400 104 124 125 126 
5400 105 125 126 127 
5400 106 125 126 127 
5400 107 124 125 126 
5400 108 125 126 127 
5400 109 125 126 127 
5400 110 125 126 127 
5400 111 125 126 127 
5400 112 116 130 134 
5400 113 125 126 127 
5400 114 125 126 127 
5400 115 125 126 127 
5400 116 112 125 126 
5400 117 125 126 127 
5400 118 125 126 127 
5400 119 125 126 128 
5400 120 122 123 127 
5400 121 125 126 127 
5400 122 120 126 127 
5400 123 120 126 127 
5400 124 103 104 107 128 
5400 125 11 98 99 100 101 102 103 104 105 106 107 108 109 110 111 113 114 115 116 117 118 119 121 
5400 126 3 11 98 99 100 101 102 103 104 105 106 107 108 109 110 111 113 114 115 116 117 118 119 121 122 123 
5400 127 3 11 98 99 100 101 102 105 106 108 109 110 111 113 114 115 117 118 120 121 122 123 
5400 128 119 124 137 
5400 129 131 135 136 
5400 130 112 136 137 
5400 131 129 132 134 
5400 132 131 136 137 
5400 133 135 136 137 
5400 134 112 131 136 
5400 135 129 133 136 
5400 136 129 130 132 133 134 135 
5400 137 128 130 132 133 
5400 138 177 180 181 
5400 139 178 180 181 
5400 140 157 158 159 
5400 141 156 157 173 
5400 142 178 180 181 
5400 143 156 180 
5400 144 173 176 180 
5400 145 178 180 181 
5400 146 176 180 181 
5400 147 173 176 180 
5400 148 155 156 157 
5400 149 171 174 
5400 150 178 180 181 
5400 151 176 180 181 
5400 152 178 180 181 
5400 153 176 180 181 
5400 154 176 178 181 
5400 155 148 173 176 
5400 156 141 143 148 
5400 157 140 141 148 
5400 158 140 180 181 
5400 159 140 180 181 
5400 160 178 180 181 
5400 161 173 176 178 
5400 162 178 180 181 
5400 163 178 180 181 
5400 164 178 180 181 
5400 165 172 173 176 
5400 166 170 180 181 
5400 167 170 179 181 
5400 168 178 180 181 
5400 169 178 180 181 
5400 170 166 167 181 
5400 171 149 174 178 
5400 172 165 180 181 
5400 173 141 144 147 155 161 165 
5400 174 149 171 178 
5400 175 177 179 181 
5400 176 144 146 147 151 153 154 155 161 165 
5400 177 138 175 179 
5400 178 12 13 139 142 145 150 152 154 160 161 162 163 164 168 169 171 174 
5400 179 167 175 177 
5400 180 4 12 13 138 139 142 143 144 145 146 147 150 151 152 153 158 159 160 162 163 164 166 168 169 172 
5400 181 4 12 13 138 139 142 145 146 150 151 152 153 154 158 159 160 162 163 164 166 167 168 169 170 172 175 
5400 182 188 190 213 
5400 183 188 190 191 
5400 184 196 197 215 
5400 185 228 229 230 
5400 186 26 31 230 
5400 187 19 31 213 
5400 188 20 36 46 182 183 
5400 189 206 219 230 
5400 190 25 182 183 
5400 191 25 31 183 
5400 192 213 226 230 
5400 193 211 223 230 
5400 194 228 229 230 
5400 195 224 225 229 
5400 196 184 197 215 
5400 197 184 196 228 
5400 198 211 213 230 
5400 199 222 225 229 
5400 200 225 228 229 
5400 201 213 223 230 
5400 202 223 225 228 
5400 203 211 229 230 
5400 204 225 228 230 
5400 205 216 220 223 
5400 206 189 228 230 
5400 207 228 229 230 
5400 208 226 229 230 
5400 209 223 224 228 
5400 210 211 223 230 
5400 211 193 198 203 210 227 
5400 212 44 46 225 
5400 213 182 187 192 198 201 
5400 214 223 225 228 
5400 215 184 196 227 
5400 216 205 223 227 
5400 217 21 225 229 
5400 218 228 229 230 
5400 219 1 6 7 21 27 32 34 40 42 50 189 
5400 220 205 223 230 
5400 221 223 228 229 
5400 222 24 49 199 
5400 223 193 201 202 205 209 210 214 216 220 221 
5400 224 195 209 228 
5400 225 19 24 195 199 200 202 204 212 214 217 
5400 226 192 208 230 
5400 227 211 215 216 
5400 228 14 185 194 197 200 202 204 206 207 209 214 218 221 224 
5400 229 5 14 19 21 24 34 42 45 49 185 194 195 199 200 203 207 208 217 218 221 
5400 230 5 14 185 186 189 192 193 194 198 201 203 204 206 207 208 210 218 220 226 
5400 231 0 5 
5400 232 0 4 
5400 233 0 
5400 234 0 3 
5400 235 0 3 4 
5400 236 0 4 5 
5400 237 0 5 
5400 238 0 
5400 239 0 3 
5400 240 0 3 
5400 241 0 
5400 242 0 4 
5400 243 0 4 5 
5400 244 0 3 
5400 245 0 5 
5400 246 0 4 
5400 247 0 3 
5400 248 0 5 
5400 249 0 
5400 250 0 3 5 
5400 251 0 4 
5400 252 0 
5400 253 0 3 4 5 
5400 254 0 
5400 255 0 5 
5400 256 0 4 
5400 257 0 3 
5400 258 0 3 
5400 259 0 5 
5400 260 0 4 
7200 0 3 4 5 231 232 233 234 235 236 237 238 239 240 241 242 243 244 245 246 247 248 249 250 251 252 253 254 255 256 257 258 259 260 
7200 1 187 188 225 
7200 2 63 74 89 
7200 3 0 126 127 234 235 239 240 244 247 250 253 257 258 
7200 4 0 180 181 232 235 236 242 243 246 251 253 256 260 
7200 5 0 229 230 231 236 237 243 245 248 250 253 255 259 
7200 6 187 188 225 
7200 7 187 188 225 
7200 8 63 74 91 
7200 9 63 74 91 
7200 10 63 91 97 
7200 11 125 126 127 
7200 12 178 180 181 
7200 13 178 180 181 
7200 14 187 190 191 
7200 15 59 60 61 
7200 16 187 188 219 
7200 17 60 61 62 
7200 18 187 188 225 
7200 19 224 225 229 
7200 20 61 188 213 
7200 21 187 225 229 
7200 22 61 187 188 
7200 23 61 187 188 
7200 24 187 225 229 
7200 25 61 188 191 
7200 26 59 61 188 
7200 27 187 188 225 
7200 28 187 188 225 
7200 29 61 187 188 
7200 30 61 62 188 
7200 31 59 186 191 
7200 32 187 188 225 
7200 33 60 61 62 
7200 34 187 188 229 
7200 35 61 187 188 
7200 36 222 225 229 
7200 37 61 187 188 
7200 38 51 188 229 
7200 39 61 187 188 
7200 40 188 221 230 
7200 41 187 188 229 
7200 42 187 188 229 
7200 43 187 188 219 
7200 44 53 187 219 
7200 45 187 188 229 
7200 46 212 219 221 
7200 47 60 61 188 
7200 48 59 61 188 
7200 49 187 188 229 
7200 50 187 188 225 
7200 51 38 55 58 
7200 52 61 62 188 
7200 53 44 61 188 
7200 54 56 58 60 
7200 55 51 60 61 
7200 56 54 61 62 
7200 57 59 60 61 
7200 58 51 54 61 
7200 59 15 26 31 48 57 
7200 60 15 17 33 47 54 55 57 
7200 61 15 17 20 22 23 25 26 29 30 33 35 37 39 47 48 52 53 55 56 57 58 
7200 62 17 30 33 52 56 
7200 63 2 8 9 10 
7200 64 73 74 97 
7200 65 74 91 97 
7200 66 91 92 94 
7200 67 73 74 97 
7200 68 74 91 97 
7200 69 72 73 74 
7200 70 74 91 97 
7200 71 74 91 97 
7200 72 69 94 95 
7200 73 64 67 69 
7200 74 2 8 9 64 65 67 68 69 70 71 
7200 75 91 96 97 
7200 76 93 96 97 
7200 77 94 96 97 
7200 78 80 84 97 
7200 79 92 93 97 
7200 80 78 84 93 
7200 81 91 96 97 
7200 82 86 87 91 
7200 83 91 96 97 
7200 84 78 80 95 
7200 85 91 96 97 
7200 86 82 93 97 
7200 87 82 91 97 
7200 88 91 94 95 
7200 89 2 91 96 
7200 90 91 94 95 
7200 91 8 9 10 65 66 68 70 71 75 81 82 83 85 87 88 89 90 
7200 92 66 79 93 
7200 93 76 79 80 86 92 
7200 94 66 72 77 88 90 
7200 95 72 84 88 90 
7200 96 75 76 77 81 83 85 89 
7200 97 10 64 65 67 68 70 71 75 76 77 78 79 81 83 85 86 87 
7200 98 125 126 127 
7200 99 125 126 127 
7200 100 125 126 127 
7200 101 125 126 127 
7200 102 125 126 127 
7200 103 107 124 125 
7200 104 120 122 123 
7200 105 125 126 127 
7200 106 125 126 127 
7200 107 103 126 127 
7200 108 125 126 127 
7200 109 125 126 127 
7200 110 125 126 127 
7200 111 125 126 127 
7200 112 114 123 134 
7200 113 125 126 127 
7200 114 112 126 127 
7200 115 125 126 127 
7200 116 124 126 127 
7200 117 125 126 127 
7200 118 125 126 127 
7200 119 125 126 127 
7200 120 104 122 131 
7200 121 125 126 127 
7200 122 104 120 131 
7200 123 104 112 127 
7200 124 103 116 128 
7200 125 11 98 99 100 101 102 103 105 106 108 109 110 111 113 115 117 118 119 121 128 
7200 126 3 11 98 99 100 101 102 105 106 107 108 109 110 111 113 114 115 116 117 118 119 121 
7200 127 3 11 98 99 100 101 102 105 106 107 108 109 110 111 113 114 115 116 117 118 119 121 123 
7200 128 124 125 137 
7200 129 131 135 136 
7200 130 135 136 137 
7200 131 120 122 129 
7200 132 135 136 137 
7200 133 135 136 137 
7200 134 112 135 136 
7200 135 129 130 132 133 134 
7200 136 129 130 132 133 134 
7200 137 128 130 132 133 
7200 138 177 180 181 
7200 139 178 180 181 
7200 140 152 157 159 
7200 141 155 157 173 
7200 142 178 180 181 
7200 143 154 156 
7200 144 169 176 180 
7200 145 178 180 181 
7200 146 176 180 181 
7200 147 173 176 180 
7200 148 178 180 181 
7200 149 163 171 174 
7200 150 178 180 181 
7200 151 176 180 181 
7200 152 140 180 181 
7200 153 176 180 181 
7200 154 143 180 181 
7200 155 141 176 180 
7200 156 143 158 170 
7200 157 140 141 181 
7200 158 156 180 181 
7200 159 140 180 181 
7200 160 178 180 181 
7200 161 173 176 178 
7200 162 179 180 181 
7200 163 149 180 181 
7200 164 178 180 181 
7200 165 169 173 180 
7200 166 170 180 181 
7200 167 175 177 179 
7200 168 178 180 181 
7200 169 144 165 181 
7200 170 156 166 181 
7200 171 149 176 178 
7200 172 178 180 181 
7200 173 141 147 161 165 
7200 174 149 180 181 
7200 175 167 177 179 
7200 176 144 146 147 151 153 155 161 171 
7200 177 138 167 175 
7200 178 12 13 139 142 145 148 150 160 161 164 168 171 172 
7200 179 162 167 175 
7200 180 4 12 13 138 139 142 144 145 146 147 148 150 151 152 153 154 155 158 159 160 162 163 164 165 166 168 172 174 
7200 181 4 12 13 138 139 142 145 146 148 150 151 152 153 154 157 158 159 160 162 163 164 166 168 169 170 172 174 
7200 182 190 191 223 
7200 183 187 190 191 
7200 184 187 213 221 
7200 185 189 190 191 
7200 186 31 190 191 
7200 187 1 6 7 14 16 18 21 22 23 24 27 28 29 32 34 35 37 39 41 42 43 44 45 49 50 183 184 
7200 188 1 6 7 16 18 20 22 23 25 26 27 28 29 30 32 34 35 37 38 39 40 41 42 43 45 47 48 49 50 52 53 226 
7200 189 185 206 226 
7200 190 14 182 183 185 186 
7200 191 14 25 31 182 183 185 186 
7200 192 213 228 230 
7200 193 228 229 230 
7200 194 206 229 230 
7200 195 228 229 230 
7200 196 197 211 215 
7200 197 196 214 221 
7200 198 224 228 230 
7200 199 205 218 222 
7200 200 213 225 228 
7200 201 213 228 230 
7200 202 224 225 228 
7200 203 225 229 230 
7200 204 227 228 230 
7200 205 199 223 230 
7200 206 189 194 230 
7200 207 213 229 230 
7200 208 213 228 230 
7200 209 224 225 228 
7200 210 228 229 230 
7200 211 196 215 223 
7200 212 46 224 225 
7200 213 20 184 192 200 201 207 208 
7200 214 197 225 228 
7200 215 196 211 227 
7200 216 223 227 228 
7200 217 224 225 229 
7200 218 199 229 230 
7200 219 16 43 44 46 
7200 220 225 228 230 
7200 221 40 46 184 197 
7200 222 36 199 229 
7200 223 182 205 211 216 
7200 224 19 198 202 209 212 217 
7200 225 1 6 7 18 19 21 24 27 28 32 36 50 200 202 203 209 212 214 217 220 
7200 226 188 189 230 
7200 227 204 215 216 
7200 228 192 193 195 198 200 201 202 204 208 209 210 214 216 220 
7200 229 5 19 21 24 34 36 38 41 42 45 49 193 194 195 203 207 210 217 218 222 
7200 230 5 40 192 193 194 195 198 201 203 204 205 206 207 208 210 218 220 226 
7200 231 0 5 
7200 232 0 4 
7200 233 0 
7200 234 0 3 
7200 235 0 3 4 
7200 236 0 4 5 
7200 237 0 5 
7200 238 0 
7200 239 0 3 
7200 240 0 3 
7200 241 0 
7200 242 0 4 
7200 243 0 4 5 
7200 244 0 3 
7200 245 0 5 
7200 246 0 4 
7200 247 0 3 
7200 248 0 5 
7200 249 0 
7200 250 0 3 5 
7200 251 0 4 
7200 252 0 
7200 253 0 3 4 5 
7200 254 0 
7200 255 0 5 
7200 256 0 4 
7200 257 0 3 
7200 258 0 3 
7200 259 0 5 
7200 260 0 4 
9000 0 3 4 5 231 232 233 234 235 236 237 238 239 240 241 242 243 244 245 246 247 248 249 250 251 252 253 254 255 256 257 258 259 260 
9000 1 61 193 219 
9000 2 63 74 89 
9000 3 0 126 127 234 235 239 240 244 247 250 253 257 258 
9000 4 0 180 181 232 235 236 242 243 246 251 253 256 260 
9000 5 0 229 230 231 236 237 243 245 248 250 253 255 259 
9000 6 61 193 219 
9000 7 61 193 219 
9000 8 63 74 91 
9000 9 63 74 91 
9000 10 63 91 97 
9000 11 125 126 127 
9000 12 178 180 181 
9000 13 178 180 181 
9000 14 188 190 191 
9000 15 42 60 62 
9000 16 62 193 222 
9000 17 60 61 62 
9000 18 42 59 60 
9000 19 187 225 229 
9000 20 221 225 229 
9000 21 217 219 229 
9000 22 59 60 61 
9000 23 58 60 61 
9000 24 222 225 229 
9000 25 61 188 191 
9000 26 42 59 191 
9000 27 61 193 219 
9000 28 61 193 219 
9000 29 55 58 61 
9000 30 60 61 62 
9000 31 225 229 230 
9000 32 193 219 222 
9000 33 60 61 62 
9000 34 188 219 229 
9000 35 60 61 62 
9000 36 42 59 188 
9000 37 51 60 61 
9000 38 51 61 62 
9000 39 55 58 61 
9000 40 187 189 230 
9000 41 59 60 61 
9000 42 15 18 26 36 
9000 43 58 60 61 
9000 44 46 50 53 
9000 45 219 222 229 
9000 46 44 191 221 
9000 47 59 60 61 
9000 48 59 60 61 
9000 49 203 222 229 
9000 50 44 193 219 
9000 51 37 38 58 
9000 52 60 61 62 
9000 53 44 58 61 
9000 54 56 58 60 
9000 55 29 39 222 
9000 56 54 61 62 
9000 57 60 61 191 
9000 58 23 29 39 43 51 53 54 
9000 59 18 22 26 36 41 47 48 
9000 60 15 17 18 22 23 30 33 35 37 41 43 47 48 52 54 57 
9000 61 1 6 7 17 22 23 25 27 28 29 30 33 35 37 38 39 41 43 47 48 52 53 56 57 
9000 62 15 16 17 30 33 35 38 52 56 
9000 63 2 8 9 10 
9000 64 73 74 97 
9000 65 74 91 97 
9000 66 74 91 92 
9000 67 73 74 97 
9000 68 74 91 97 
9000 69 72 73 74 
9000 70 74 91 97 
9000 71 74 91 97 
9000 72 69 94 95 
9000 73 64 67 69 
9000 74 2 8 9 64 65 66 67 68 69 70 71 
9000 75 91 96 97 
9000 76 93 96 97 
9000 77 93 96 97 
9000 78 80 93 97 
9000 79 93 96 97 
9000 80 78 82 93 
9000 81 91 96 97 
9000 82 80 93 97 
9000 83 91 96 97 
9000 84 90 93 94 
9000 85 91 96 97 
9000 86 92 96 97 
9000 87 91 96 97 
9000 88 91 94 95 
9000 89 2 91 97 
9000 90 84 94 95 
9000 91 8 9 10 65 66 68 70 71 75 81 83 85 87 88 89 
9000 92 66 86 96 
9000 93 76 77 78 79 80 82 84 
9000 94 72 84 88 90 
9000 95 72 88 90 
9000 96 75 76 77 79 81 83 85 86 87 92 
9000 97 10 64 65 67 68 70 71 75 76 77 78 79 81 82 83 85 86 87 89 
9000 98 125 126 127 
9000 99 125 126 127 
9000 100 125 126 127 
9000 101 125 126 127 
9000 102 125 126 127 
9000 103 109 125 126 
9000 104 122 123 127 
9000 105 125 126 127 
9000 106 125 126 127 
9000 107 125 126 127 
9000 108 125 126 127 
9000 109 103 126 127 
9000 110 125 126 127 
9000 111 125 126 127 
9000 112 114 134 
9000 113 125 126 127 
9000 114 112 126 127 
9000 115 125 126 127 
9000 116 125 126 127 
9000 117 125 126 127 
9000 118 125 126 127 
9000 119 126 127 128 
9000 120 122 127 131 
9000 121 125 126 127 
9000 122 104 120 127 
9000 123 104 126 127 
9000 124 126 127 128 
9000 125 11 98 99 100 101 102 103 105 106 107 108 110 111 113 115 116 117 118 121 
9000 126 3 11 98 99 100 101 102 103 105 106 107 108 109 110 111 113 114 115 116 117 118 119 121 123 124 
9000 127 3 11 98 99 100 101 102 104 105 106 107 108 109 110 111 113 114 115 116 117 118 119 120 121 122 123 124 
9000 128 119 124 137 
9000 129 131 135 136 
9000 130 135 136 137 
9000 131 120 129 132 
9000 132 131 136 137 
9000 133 135 136 137 
9000 134 112 135 136 
9000 135 129 130 133 134 
9000 136 129 130 132 133 134 
9000 137 128 130 132 133 
9000 138 178 180 181 
9000 139 178 180 181 
9000 140 157 159 181 
9000 141 155 157 173 
9000 142 178 180 181 
9000 143 156 
9000 144 172 176 180 
9000 145 178 180 181 
9000 146 178 180 181 
9000 147 173 176 180 
9000 148 152 155 157 
9000 149 178 180 181 
9000 150 178 180 181 
9000 151 176 180 181 
9000 152 148 180 181 
9000 153 176 180 181 
9000 154 178 180 181 
9000 155 141 148 180 
9000 156 143 158 170 
9000 157 140 141 148 
9000 158 156 180 181 
9000 159 140 180 181 
9000 160 178 180 181 
9000 161 170 175 181 
9000 162 178 180 181 
9000 163 178 180 181 
9000 164 178 180 181 
9000 165 173 176 180 
9000 166 170 177 179 
9000 167 175 177 179 
9000 168 178 180 181 
9000 169 178 180 181 
9000 170 156 161 166 
9000 171 173 174 176 
9000 172 144 180 181 
9000 173 141 147 165 171 
9000 174 171 178 181 
9000 175 161 167 177 
9000 176 144 147 151 153 165 171 
9000 177 166 167 175 179 
9000 178 12 13 138 139 142 145 146 149 150 154 160 162 163 164 168 169 174 
9000 179 166 167 177 
9000 180 4 12 13 138 139 142 144 145 146 147 149 150 151 152 153 154 155 158 159 160 162 163 164 165 168 169 172 
9000 181 4 12 13 138 139 140 142 145 146 149 150 151 152 153 154 158 159 160 161 162 163 164 168 169 172 174 
9000 182 187 190 213 
9000 183 187 190 213 
9000 184 196 197 215 
9000 185 188 190 213 
9000 186 228 229 230 
9000 187 19 40 182 183 
9000 188 14 25 34 36 185 
9000 189 40 191 226 
9000 190 14 182 183 185 
9000 191 14 25 26 46 57 189 
9000 192 228 229 230 
9000 193 1 6 7 16 27 28 32 50 
9000 194 206 212 230 
9000 195 213 221 229 
9000 196 184 211 215 
9000 197 184 221 228 
9000 198 206 228 230 
9000 199 208 222 226 
9000 200 212 213 229 
9000 201 213 229 230 
9000 202 224 225 228 
9000 203 49 228 229 
9000 204 213 228 230 
9000 205 216 220 223 
9000 206 194 198 230 
9000 207 213 228 229 
9000 208 199 221 230 
9000 209 221 224 228 
9000 210 213 229 230 
9000 211 196 216 223 
9000 212 194 200 225 
9000 213 182 183 185 195 200 201 204 207 210 
9000 214 224 225 228 
9000 215 184 196 227 
9000 216 205 211 227 
9000 217 21 225 229 
9000 218 228 229 230 
9000 219 1 6 7 21 27 28 32 34 45 50 
9000 220 205 228 230 
9000 221 20 46 195 197 208 209 
9000 222 16 24 32 45 49 55 199 
9000 223 205 211 227 
9000 224 202 209 214 
9000 225 19 20 24 31 202 212 214 217 
9000 226 189 199 230 
9000 227 215 216 223 
9000 228 186 192 197 198 202 203 204 207 209 214 218 220 
9000 229 5 19 20 21 24 31 34 45 49 186 192 195 200 201 203 207 210 217 218 
9000 230 5 31 40 186 192 194 198 201 204 206 208 210 218 220 226 
9000 231 0 5 
9000 232 0 4 
9000 233 0 
9000 234 0 3 
9000 235 0 3 4 
9000 236 0 4 5 
9000 237 0 5 
9000 238 0 
9000 239 0 3 
9000 240 0 3 
9000 241 0 
9000 242 0 4 
9000 243 0 4 5 
9000 244 0 3 
9000 245 0 5 
9000 246 0 4 
9000 247 0 3 
9000 248 0 5 
9000 249 0 
9000 250 0 3 5 
9000 251 0 4 
9000 252 0 
9000 253 0 3 4 5 
9000 254 0 
9000 255 0 5 
9000 256 0 4 
9000 257 0 3 
9000 258 0 3 
9000 259 0 5 
9000 260 0 4 
10800 0 3 4 5 231 232 233 234 235 236 237 238 239 240 241 242 243 244 245 246 247 248 249 250 251 252 253 254 255 256 257 258 259 260 
10800 1 61 192 219 
10800 2 63 74 95 
10800 3 0 126 127 234 235 239 240 244 247 250 253 257 258 
10800 4 0 180 181 232 235 236 242 243 246 251 253 256 260 
10800 5 0 229 230 231 236 237 243 245 248 250 253 255 259 
10800 6 61 192 219 
10800 7 61 192 219 
10800 8 63 74 91 
10800 9 63 74 91 
10800 10 63 91 97 
10800 11 125 126 127 
10800 12 178 180 181 
10800 13 178 180 181 
10800 14 188 190 191 
10800 15 60 61 62 
10800 16 58 60 61 
10800 17 60 61 62 
10800 18 59 60 61 
10800 19 187 225 229 
10800 20 59 61 188 
10800 21 195 217 219 
10800 22 59 60 61 
10800 23 61 188 213 
10800 24 222 225 229 
10800 25 61 188 191 
10800 26 59 61 62 
10800 27 61 192 219 
10800 28 59 60 61 
10800 29 55 58 61 
10800 30 60 61 62 
10800 31 59 186 191 
10800 32 61 192 219 
10800 33 60 61 62 
10800 34 188 217 219 
10800 35 62 199 222 
10800 36 60 222 229 
10800 37 51 60 61 
10800 38 51 61 62 
10800 39 55 58 61 
10800 40 222 225 229 
10800 41 188 221 229 
10800 42 188 217 219 
10800 43 58 60 61 
10800 44 50 53 58 
10800 45 188 219 222 
10800 46 59 188 221 
10800 47 60 61 62 
10800 48 60 61 62 
10800 49 62 192 222 
10800 50 44 192 219 
10800 51 37 38 58 
10800 52 60 61 62 
10800 53 44 58 61 
10800 54 56 60 62 
10800 55 29 39 222 
10800 56 54 61 62 
10800 57 60 61 62 
10800 58 16 29 39 43 44 51 53 
10800 59 18 20 22 26 28 31 46 
10800 60 15 16 17 18 22 28 30 33 36 37 43 47 48 52 54 57 
10800 61 1 6 7 15 16 17 18 20 22 23 25 26 27 28 29 30 32 33 37 38 39 43 47 48 52 53 56 57 
10800 62 15 17 26 30 33 35 38 47 48 49 52 54 56 57 
10800 63 2 8 9 10 
10800 64 73 74 97 
10800 65 74 91 97 
10800 66 91 92 95 
10800 67 73 74 97 
10800 68 74 91 97 
10800 69 72 73 74 
10800 70 74 91 97 
10800 71 74 91 97 
10800 72 69 94 95 
10800 73 64 67 69 
10800 74 2 8 9 64 65 67 68 69 70 71 
10800 75 91 96 97 
10800 76 95 96 97 
10800 77 95 96 97 
10800 78 80 93 97 
10800 79 95 96 97 
10800 80 78 82 93 
10800 81 91 96 97 
10800 82 80 93 97 
10800 83 91 96 97 
10800 84 93 94 95 
10800 85 91 96 97 
10800 86 95 96 97 
10800 87 91 96 97 
10800 88 91 94 95 
10800 89 94 95 96 
10800 90 91 94 95 
10800 91 8 9 10 65 66 68 70 71 75 81 83 85 87 88 90 
10800 92 66 95 96 
10800 93 78 80 82 84 
10800 94 72 84 88 89 90 
10800 95 2 66 72 76 77 79 84 86 88 89 90 92 
10800 96 75 76 77 79 81 83 85 86 87 89 92 
10800 97 10 64 65 67 68 70 71 75 76 77 78 79 81 82 83 85 86 87 
10800 98 125 126 127 
10800 99 125 126 127 
10800 100 125 126 127 
10800 101 125 126 127 
10800 102 125 126 127 
10800 103 107 119 124 
10800 104 120 122 123 
10800 105 125 126 127 
10800 106 125 126 127 
10800 107 103 126 127 
10800 108 125 126 127 
10800 109 125 126 127 
10800 110 112 126 127 
10800 111 125 126 127 
10800 112 110 114 134 
10800 113 125 126 127 
10800 114 112 126 127 
10800 115 125 126 127 
10800 116 125 126 127 
10800 117 125 126 127 
10800 118 123 125 127 
10800 119 103 127 128 
10800 120 104 122 135 
10800 121 125 126 127 
10800 122 104 120 131 
10800 123 104 118 127 
10800 124 103 127 128 
10800 125 11 98 99 100 101 102 105 106 108 109 111 113 115 116 117 118 121 
10800 126 3 11 98 99 100 101 102 105 106 107 108 109 110 111 113 114 115 116 117 121 
10800 127 3 11 98 99 100 101 102 105 106 107 108 109 110 111 113 114 115 116 117 118 119 121 123 124 
10800 128 119 124 137 
10800 129 131 135 136 
10800 130 135 136 137 
10800 131 122 129 135 
10800 132 135 136 137 
10800 133 135 136 137 
10800 134 112 135 136 
10800 135 120 129 130 131 132 133 134 
10800 136 129 130 132 133 134 
10800 137 128 130 132 133 
10800 138 178 180 181 
10800 139 178 180 181 
10800 140 149 157 181 
10800 141 155 157 173 
10800 142 178 180 181 
10800 143 153 154 156 
10800 144 172 176 180 
10800 145 178 180 181 
10800 146 179 180 181 
10800 147 173 176 180 
10800 148 150 155 157 
10800 149 140 171 174 
10800 150 148 180 181 
10800 151 176 180 181 
10800 152 178 180 181 
10800 153 143 180 181 
10800 154 143 180 181 
10800 155 141 148 180 
10800 156 143 158 170 
10800 157 140 141 148 
10800 158 156 180 181 
10800 159 178 180 181 
10800 160 178 180 181 
10800 161 173 176 180 
10800 162 178 180 181 
10800 163 178 180 181 
10800 164 179 180 181 
10800 165 173 176 180 
10800 166 170 177 179 
10800 167 170 177 179 
10800 168 178 180 181 
10800 169 178 180 181 
10800 170 156 166 167 
10800 171 149 174 180 
10800 172 144 180 181 
10800 173 141 147 161 165 174 
10800 174 149 171 173 
10800 175 177 178 179 
10800 176 144 147 151 161 165 
10800 177 166 167 175 
10800 178 12 13 138 139 142 145 152 159 160 162 163 168 169 175 
10800 179 146 164 166 167 175 
10800 180 4 12 13 138 139 142 144 145 146 147 150 151 152 153 154 155 158 159 160 161 162 163 164 165 168 169 171 172 
10800 181 4 12 13 138 139 140 142 145 146 150 151 152 153 154 158 159 160 162 163 164 168 169 172 
10800 182 187 190 191 
10800 183 186 190 191 
10800 184 188 190 191 
10800 185 188 190 213 
10800 186 31 183 230 
10800 187 19 182 213 
10800 188 14 20 23 25 34 41 42 45 46 184 185 
10800 189 205 206 226 
10800 190 14 182 183 184 185 
10800 191 14 25 31 182 183 184 
10800 192 1 6 7 27 32 49 50 
10800 193 225 228 229 
10800 194 206 229 230 
10800 195 21 225 229 
10800 196 197 205 215 
10800 197 196 221 228 
10800 198 228 229 230 
10800 199 35 205 222 
10800 200 213 228 229 
10800 201 213 229 230 
10800 202 225 228 229 
10800 203 228 229 230 
10800 204 228 229 230 
10800 205 189 196 199 
10800 206 189 194 230 
10800 207 213 229 230 
10800 208 213 229 230 
10800 209 221 224 228 
10800 210 228 229 230 
10800 211 215 223 230 
10800 212 224 225 229 
10800 213 23 185 187 200 201 207 208 
10800 214 225 228 229 
10800 215 196 211 227 
10800 216 223 227 228 
10800 217 21 34 42 
10800 218 228 229 230 
10800 219 1 6 7 21 27 32 34 42 45 50 
10800 220 228 229 230 
10800 221 41 46 197 209 
10800 222 24 35 36 40 45 49 55 199 
10800 223 211 216 227 
10800 224 209 212 229 
10800 225 19 24 40 193 195 202 212 214 
10800 226 189 230 
10800 227 215 216 223 
10800 228 193 197 198 200 202 203 204 209 210 214 216 218 220 
10800 229 5 19 24 36 40 41 193 194 195 198 200 201 202 203 204 207 208 210 212 214 218 220 224 
10800 230 5 186 194 198 201 203 204 206 207 208 210 211 218 220 226 
10800 231 0 5 
10800 232 0 4 
10800 233 0 
10800 234 0 3 
10800 235 0 3 4 
10800 236 0 4 5 
10800 237 0 5 
10800 238 0 
10800 239 0 3 
10800 240 0 3 
10800 241 0 
10800 242 0 4 
10800 243 0 4 5 
10800 244 0 3 
10800 245 0 5 
10800 246 0 4 
10800 247 0 3 
10800 248 0 5 
10800 249 0 
10800 250 0 3 5 
10800 251 0 4 
10800 252 0 
10800 253 0 3 4 5 
10800 254 0 
10800 255 0 5 
10800 256 0 4 
10800 257 0 3 
10800 258 0 3 
10800 259 0 5 
10800 260 0 4 
12600 0 3 4 5 231 232 233 234 235 236 237 238 239 240 241 242 243 244 245 246 247 248 249 250 251 252 253 254 255 256 257 258 259 260 
12600 1 188 219 222 
12600 2 63 74 89 
12600 3 0 126 127 234 235 239 240 244 247 250 253 257 258 
12600 4 0 180 181 232 235 236 242 243 246 251 253 256 260 
12600 5 0 229 230 231 236 237 243 245 248 250 253 255 259 
12600 6 188 219 222 
12600 7 188 219 222 
12600 8 63 74 91 
12600 9 63 74 91 
12600 10 63 91 97 
12600 11 125 126 127 
12600 12 178 180 181 
12600 13 178 180 181 
12600 14 188 190 191 
12600 15 217 222 229 
12600 16 61 188 222 
12600 17 60 61 62 
12600 18 53 61 188 
12600 19 55 221 229 
12600 20 59 61 188 
12600 21 219 222 229 
12600 22 188 219 222 
12600 23 58 60 61 
12600 24 60 222 229 
12600 25 61 188 191 
12600 26 59 61 186 
12600 27 60 219 222 
12600 28 188 219 222 
12600 29 58 61 62 
12600 30 60 61 62 
12600 31 59 186 191 
12600 32 55 61 230 
12600 33 60 61 62 
12600 34 217 219 229 
12600 35 60 61 188 
12600 36 59 61 188 
12600 37 51 61 188 
12600 38 51 61 62 
12600 39 58 61 188 
12600 40 53 61 188 
12600 41 188 219 222 
12600 42 188 222 229 
12600 43 61 188 222 
12600 44 59 188 212 
12600 45 188 222 229 
12600 46 59 188 213 
12600 47 59 61 188 
12600 48 59 60 61 
12600 49 188 229 230 
12600 50 188 222 229 
12600 51 37 38 58 
12600 52 60 61 62 
12600 53 18 40 230 
12600 54 57 58 60 
12600 55 19 32 188 
12600 56 60 61 62 
12600 57 54 61 62 
12600 58 23 29 39 51 54 
12600 59 20 26 31 36 44 46 47 48 
12600 60 17 23 24 27 30 33 35 48 52 54 56 
12600 61 16 17 18 20 23 25 26 29 30 32 33 35 36 37 38 39 40 43 47 48 52 56 57 
12600 62 17 29 30 33 38 52 56 57 
12600 63 2 8 9 10 
12600 64 73 74 97 
12600 65 74 91 97 
12600 66 87 91 92 
12600 67 73 74 97 
12600 68 74 91 97 
12600 69 72 73 74 
12600 70 73 74 91 
12600 71 74 91 97 
12600 72 69 94 95 
12600 73 64 67 69 70 
12600 74 2 8 9 64 65 67 68 69 70 71 
12600 75 91 96 97 
12600 76 93 96 97 
12600 77 93 96 97 
12600 78 79 96 97 
12600 79 78 96 97 
12600 80 82 93 97 
12600 81 91 96 97 
12600 82 80 96 97 
12600 83 91 96 97 
12600 84 93 94 95 
12600 85 91 96 97 
12600 86 93 96 97 
12600 87 66 91 97 
12600 88 92 94 95 
12600 89 2 95 96 
12600 90 92 94 95 
12600 91 8 9 10 65 66 68 70 71 75 81 83 85 87 
12600 92 66 88 90 
12600 93 76 77 80 84 86 
12600 94 72 84 88 90 
12600 95 72 84 88 89 90 
12600 96 75 76 77 78 79 81 82 83 85 86 89 
12600 97 10 64 65 67 68 71 75 76 77 78 79 80 81 82 83 85 86 87 
12600 98 125 126 127 
12600 99 125 126 127 
12600 100 125 126 127 
12600 101 125 126 127 
12600 102 125 126 127 
12600 103 107 122 124 
12600 104 124 125 126 
12600 105 125 126 127 
12600 106 125 126 127 
12600 107 103 126 127 
12600 108 125 126 127 
12600 109 125 126 127 
12600 110 125 126 127 
12600 111 125 126 127 
12600 112 118 122 134 
12600 113 125 126 127 
12600 114 125 126 127 
12600 115 125 126 127 
12600 116 125 126 127 
12600 117 125 126 127 
12600 118 112 126 127 
12600 119 125 126 127 
12600 120 122 131 134 
12600 121 125 126 127 
12600 122 103 112 120 128 
12600 123 125 126 127 
12600 124 103 104 128 
12600 125 11 98 99 100 101 102 104 105 106 108 109 110 111 113 114 115 116 117 119 121 123 
12600 126 3 11 98 99 100 101 102 104 105 106 107 108 109 110 111 113 114 115 116 117 118 119 121 123 
12600 127 3 11 98 99 100 101 102 105 106 107 108 109 110 111 113 114 115 116 117 118 119 121 123 
12600 128 122 124 137 
12600 129 131 135 136 
12600 130 135 136 137 
12600 131 120 129 134 
12600 132 135 136 137 
12600 133 135 136 137 
12600 134 112 120 131 
12600 135 129 130 132 133 
12600 136 129 130 132 133 
12600 137 128 130 132 133 
12600 138 177 180 181 
12600 139 178 180 181 
12600 140 178 180 181 
12600 141 178 180 181 
12600 142 178 180 181 
12600 143 156 162 
12600 144 173 176 180 
12600 145 178 180 181 
12600 146 176 180 181 
12600 147 173 176 180 
12600 148 155 156 157 
12600 149 171 174 178 
12600 150 178 180 181 
12600 151 176 180 181 
12600 152 178 180 181 
12600 153 176 180 181 
12600 154 178 180 181 
12600 155 148 176 180 
12600 156 143 148 180 
12600 157 148 180 181 
12600 158 176 180 181 
12600 159 178 180 181 
12600 160 178 180 181 
12600 161 173 176 178 
12600 162 143 180 181 
12600 163 179 180 181 
12600 164 178 180 181 
12600 165 173 176 180 
12600 166 170 177 179 
12600 167 170 177 179 
12600 168 178 180 181 
12600 169 178 180 181 
12600 170 166 167 175 
12600 171 149 174 178 
12600 172 178 180 181 
12600 173 144 147 161 165 
12600 174 149 171 178 
12600 175 170 177 179 
12600 176 144 146 147 151 153 155 158 161 165 
12600 177 138 166 167 175 
12600 178 12 13 139 140 141 142 145 149 150 152 154 159 160 161 164 168 169 171 172 174 
12600 179 163 166 167 175 
12600 180 4 12 13 138 139 140 141 142 144 145 146 147 150 151 152 153 154 155 156 157 158 159 160 162 163 164 165 168 169 172 
12600 181 4 12 13 138 139 140 141 142 145 146 150 151 152 153 154 157 158 159 160 162 163 164 168 169 172 
12600 182 187 190 213 
12600 183 187 190 191 
12600 184 196 197 215 
12600 185 188 190 213 
12600 186 26 31 230 
12600 187 182 183 213 
12600 188 1 6 7 14 16 18 20 22 25 28 35 36 37 39 40 41 42 43 44 45 46 47 49 50 55 185 
12600 189 206 216 230 
12600 190 14 182 183 185 
12600 191 14 25 31 183 
12600 192 228 229 230 
12600 193 213 229 230 
12600 194 206 229 230 
12600 195 222 224 229 
12600 196 184 197 215 
12600 197 184 196 214 
12600 198 213 228 230 
12600 199 200 222 229 
12600 200 199 229 230 
12600 201 213 229 230 
12600 202 221 224 228 
12600 203 206 229 230 
12600 204 213 228 230 
12600 205 218 220 223 
12600 206 189 194 203 
12600 207 213 229 230 
12600 208 213 229 230 
12600 209 221 224 228 
12600 210 211 224 227 
12600 211 210 215 223 
12600 212 44 213 224 
12600 213 46 182 185 187 193 198 201 204 207 208 212 
12600 214 197 224 228 
12600 215 184 196 211 
12600 216 189 223 226 
12600 217 15 34 219 
12600 218 205 229 230 
12600 219 1 6 7 21 22 27 28 34 41 217 
12600 220 205 228 230 
12600 221 19 202 209 
12600 222 1 6 7 15 16 21 22 24 27 28 41 42 43 45 50 195 199 
12600 223 205 211 216 225 227 
12600 224 195 202 209 210 212 214 
12600 225 223 226 230 
12600 226 216 225 230 
12600 227 210 223 228 
12600 228 192 198 202 204 209 214 220 227 
12600 229 5 15 19 21 24 34 42 45 49 50 192 193 194 195 199 200 201 203 207 208 218 
12600 230 5 32 49 53 186 189 192 193 194 198 200 201 203 204 207 208 218 220 225 226 
12600 231 0 5 
12600 232 0 4 
12600 233 0 
12600 234 0 3 
12600 235 0 3 4 
12600 236 0 4 5 
12600 237 0 5 
12600 238 0 
12600 239 0 3 
12600 240 0 3 
12600 241 0 
12600 242 0 4 
12600 243 0 4 5 
12600 244 0 3 
12600 245 0 5 
12600 246 0 4 
12600 247 0 3 
12600 248 0 5 
12600 249 0 
12600 250 0 3 5 
12600 251 0 4 
12600 252 0 
12600 253 0 3 4 5 
12600 254 0 
12600 255 0 5 
12600 256 0 4 
12600 257 0 3 
12600 258 0 3 
12600 259 0 5 
12600 260 0 4 
14400 0 3 4 5 231 232 233 234 235 236 237 238 239 240 241 242 243 244 245 246 247 248 249 250 251 252 253 254 255 256 257 258 259 260 
14400 1 60 61 219 
14400 2 63 74 89 
14400 3 0 126 127 234 235 239 240 244 247 250 253 257 258 
14400 4 0 180 181 232 235 236 242 243 246 251 253 256 260 
14400 5 0 60 230 231 236 237 243 245 248 250 253 255 259 
14400 6 59 60 61 
14400 7 59 60 61 
14400 8 63 74 91 
14400 9 63 74 91 
14400 10 63 91 97 
14400 11 125 126 127 
14400 12 178 180 181 
14400 13 178 180 181 
14400 14 60 190 191 
14400 15 59 60 61 
14400 16 59 60 61 
14400 17 222 225 229 
14400 18 59 60 61 
14400 19 187 188 229 
14400 20 59 61 188 
14400 21 217 219 229 
14400 22 58 59 61 
14400 23 58 60 61 
14400 24 222 225 229 
14400 25 60 61 191 
14400 26 59 60 61 
14400 27 60 61 219 
14400 28 59 60 61 
14400 29 58 59 61 
14400 30 60 61 62 
14400 31 59 60 191 
14400 32 60 61 219 
14400 33 60 61 62 
14400 34 217 219 229 
14400 35 217 219 229 
14400 36 59 61 188 
14400 37 56 58 61 
14400 38 60 61 62 
14400 39 58 61 183 
14400 40 59 60 61 
14400 41 58 59 61 
14400 42 195 219 229 
14400 43 58 60 61 
14400 44 61 188 213 
14400 45 219 222 229 
14400 46 59 188 221 
14400 47 59 61 186 
14400 48 59 60 61 
14400 49 59 60 61 
14400 50 60 61 219 
14400 51 54 58 60 
14400 52 60 61 62 
14400 53 58 61 183 
14400 54 51 58 60 
14400 55 58 60 61 
14400 56 37 61 62 
14400 57 60 61 222 
14400 58 22 23 29 37 39 41 43 51 53 54 55 
14400 59 6 7 15 16 18 20 22 26 28 29 31 36 40 41 46 47 48 49 
14400 60 1 5 6 7 14 15 16 18 23 25 26 27 28 30 31 32 33 38 40 43 48 49 50 51 52 54 55 57 
14400 61 1 6 7 15 16 18 20 22 23 25 26 27 28 29 30 32 33 36 37 38 39 40 41 43 44 47 48 49 50 52 53 55 56 57 
14400 62 30 33 38 52 56 
14400 63 2 8 9 10 
14400 64 73 74 97 
14400 65 72 74 91 
14400 66 87 91 92 
14400 67 73 96 97 
14400 68 74 91 97 
14400 69 72 73 74 
14400 70 74 91 97 
14400 71 74 91 97 
14400 72 65 69 95 
14400 73 64 67 69 
14400 74 2 8 9 64 65 68 69 70 71 
14400 75 91 96 97 
14400 76 93 96 97 
14400 77 93 96 97 
14400 78 90 93 97 
14400 79 93 96 97 
14400 80 82 93 97 
14400 81 91 96 97 
14400 82 80 93 97 
14400 83 91 96 97 
14400 84 93 94 95 
14400 85 91 96 97 
14400 86 92 96 97 
14400 87 66 91 97 
14400 88 91 94 95 
14400 89 2 95 96 
14400 90 78 95 96 
14400 91 8 9 10 65 66 68 70 71 75 81 83 85 87 88 
14400 92 66 86 96 
14400 93 76 77 78 79 80 82 84 
14400 94 84 88 95 
14400 95 72 84 88 89 90 94 
14400 96 67 75 76 77 79 81 83 85 86 89 90 92 
14400 97 10 64 67 68 70 71 75 76 77 78 79 80 81 82 83 85 86 87 
14400 98 125 126 127 
14400 99 125 126 127 
14400 100 125 126 127 
14400 101 125 126 127 
14400 102 125 126 127 
14400 103 107 109 124 
14400 104 122 123 134 
14400 105 125 126 127 
14400 106 125 126 127 
14400 107 103 126 127 
14400 108 125 126 127 
14400 109 103 126 127 
14400 110 125 126 127 
14400 111 125 126 127 
14400 112 124 125 126 
14400 113 125 126 127 
14400 114 125 126 127 
14400 115 125 126 127 
14400 116 125 126 127 
14400 117 125 126 127 
14400 118 125 126 127 
14400 119 125 126 127 
14400 120 122 130 131 
14400 121 125 126 127 
14400 122 104 120 127 
14400 123 104 126 127 
14400 124 103 112 128 
14400 125 11 98 99 100 101 102 105 106 108 110 111 112 113 114 115 116 117 118 119 121 
14400 126 3 11 98 99 100 101 102 105 106 107 108 109 110 111 112 113 114 115 116 117 118 119 121 123 
14400 127 3 11 98 99 100 101 102 105 106 107 108 109 110 111 113 114 115 116 117 118 119 121 122 123 
14400 128 124 132 137 
14400 129 131 134 135 
14400 130 120 131 137 
14400 131 120 129 130 
14400 132 128 136 137 
14400 133 135 136 137 
14400 134 104 129 136 
14400 135 129 133 136 
14400 136 132 133 134 135 
14400 137 128 130 132 133 
14400 138 177 180 181 
14400 139 178 180 181 
14400 140 155 157 159 
14400 141 155 157 173 
14400 142 178 180 181 
14400 143 156 
14400 144 172 176 180 
14400 145 178 180 181 
14400 146 176 180 181 
14400 147 152 157 176 
14400 148 154 155 157 
14400 149 171 174 
14400 150 178 180 181 
14400 151 176 180 181 
14400 152 147 180 181 
14400 153 176 180 181 
14400 154 148 180 181 
14400 155 140 141 148 
14400 156 143 158 170 
14400 157 140 141 147 148 
14400 158 156 180 181 
14400 159 140 180 181 
14400 160 178 180 181 
14400 161 173 176 178 
14400 162 178 180 181 
14400 163 179 180 181 
14400 164 178 180 181 
14400 165 177 179 180 
14400 166 170 177 179 
14400 167 170 177 179 
14400 168 178 180 181 
14400 169 176 180 181 
14400 170 156 166 167 175 
14400 171 149 174 178 
14400 172 144 180 181 
14400 173 141 161 181 
14400 174 149 171 178 
14400 175 170 177 179 
14400 176 144 146 147 151 153 161 169 
14400 177 138 165 166 167 175 
14400 178 12 13 139 142 145 150 160 161 162 164 168 171 174 
14400 179 163 165 166 167 175 
14400 180 4 12 13 138 139 142 144 145 146 150 151 152 153 154 158 159 160 162 163 164 165 168 169 172 
14400 181 4 12 13 138 139 142 145 146 150 151 152 153 154 158 159 160 162 163 164 168 169 172 173 
14400 182 188 229 230 
14400 183 39 53 188 
14400 184 196 197 215 
14400 185 187 190 213 
14400 186 47 188 230 
14400 187 19 185 213 
14400 188 19 20 36 44 46 182 183 186 
14400 189 190 205 226 
14400 190 14 185 189 
14400 191 14 25 31 
14400 192 228 229 230 
14400 193 213 229 230 
14400 194 206 229 230 
14400 195 42 228 229 
14400 196 184 197 215 
14400 197 184 196 214 
14400 198 213 228 230 
14400 199 208 222 229 
14400 200 213 228 229 
14400 201 212 213 221 
14400 202 224 225 228 
14400 203 228 229 230 
14400 204 213 229 230 
14400 205 189 213 230 
14400 206 194 228 230 
14400 207 213 229 230 
14400 208 199 213 226 
14400 209 221 224 228 
14400 210 213 229 230 
14400 211 215 216 223 
14400 212 201 224 225 
14400 213 44 185 187 193 198 200 201 204 205 207 208 210 
14400 214 197 225 228 
14400 215 184 196 211 227 
14400 216 211 223 227 
14400 217 21 34 35 
14400 218 228 229 230 
14400 219 1 21 27 32 34 35 42 45 50 
14400 220 225 228 230 
14400 221 46 201 209 
14400 222 17 24 45 57 199 
14400 223 211 216 227 
14400 224 202 209 212 
14400 225 17 24 202 212 214 220 
14400 226 189 208 230 
14400 227 215 216 223 
14400 228 192 195 198 200 202 203 206 209 214 218 220 
14400 229 17 19 21 24 34 35 42 45 182 192 193 194 195 199 200 203 204 207 210 218 
14400 230 5 182 186 192 193 194 198 203 204 205 206 207 210 218 220 226 
14400 231 0 5 
14400 232 0 4 
14400 233 0 
14400 234 0 3 
14400 235 0 3 4 
14400 236 0 4 5 
14400 237 0 5 
14400 238 0 
14400 239 0 3 
14400 240 0 3 
14400 241 0 
14400 242 0 4 
14400 243 0 4 5 
14400 244 0 3 
14400 245 0 5 
14400 246 0 4 
14400 247 0 3 
14400 248 0 5 
14400 249 0 
14400 250 0 3 5 
14400 251 0 4 
14400 252 0 
14400 253 0 3 4 5 
14400 254 0 
14400 255 0 5 
14400 256 0 4 
14400 257 0 3 
14400 258 0 3 
14400 259 0 5 
14400 260 0 4 
16200 0 3 4 5 231 232 233 234 235 236 237 238 239 240 241 242 243 244 245 246 247 248 249 250 251 252 253 254 255 256 257 258 259 260 
16200 1 60 61 219 
16200 2 63 74 89 
16200 3 0 126 127 234 235 239 240 244 247 250 253 257 258 
16200 4 0 180 181 232 235 236 242 243 246 251 253 256 260 
16200 5 0 59 230 231 236 237 243 245 248 250 253 255 259 
16200 6 59 60 61 
16200 7 59 60 61 
16200 8 63 74 91 
16200 9 63 74 91 
16200 10 63 91 97 
16200 11 125 126 127 
16200 12 178 180 181 
16200 13 178 180 181 
16200 14 187 229 230 
16200 15 60 61 62 
16200 16 58 60 61 
16200 17 60 61 62 
16200 18 59 60 61 
16200 19 55 59 229 
16200 20 59 225 229 
16200 21 217 219 229 
16200 22 59 60 61 
16200 23 188 225 229 
16200 24 224 225 229 
16200 25 59 225 229 
16200 26 224 225 229 
16200 27 59 60 61 
16200 28 59 60 61 
16200 29 61 222 229 
16200 30 60 61 62 
16200 31 59 186 191 
16200 32 60 61 219 
16200 33 60 61 62 
16200 34 217 219 229 
16200 35 58 60 61 
16200 36 59 61 188 
16200 37 51 60 61 
16200 38 51 61 62 
16200 39 55 58 61 
16200 40 59 60 61 
16200 41 59 60 61 
16200 42 188 219 229 
16200 43 53 60 61 
16200 44 46 50 53 
16200 45 219 222 229 
16200 46 44 59 188 
16200 47 188 225 229 
16200 48 59 60 61 
16200 49 59 60 61 
16200 50 44 61 219 
16200 51 37 38 58 
16200 52 60 61 62 
16200 53 43 44 61 
16200 54 56 58 60 
16200 55 19 39 61 
16200 56 54 61 62 
16200 57 60 61 222 
16200 58 16 35 39 51 54 
16200 59 5 6 7 18 19 20 22 25 27 28 31 36 40 41 46 48 49 
16200 60 1 6 7 15 16 17 18 22 27 28 30 32 33 35 37 40 41 43 48 49 52 54 57 
16200 61 1 6 7 15 16 17 18 22 27 28 29 30 32 33 35 36 37 38 39 40 41 43 48 49 50 52 53 55 56 57 
16200 62 15 17 30 33 38 52 56 
16200 63 2 8 9 10 
16200 64 73 74 97 
16200 65 74 91 97 
16200 66 89 91 92 
16200 67 73 74 97 
16200 68 74 91 97 
16200 69 72 73 74 
16200 70 74 91 97 
16200 71 74 91 97 
16200 72 69 94 95 
16200 73 64 67 69 
16200 74 2 8 9 64 65 67 68 69 70 71 
16200 75 91 96 97 
16200 76 93 96 97 
16200 77 93 96 97 
16200 78 93 96 97 
16200 79 93 96 97 
16200 80 82 93 97 
16200 81 91 96 97 
16200 82 80 93 97 
16200 83 91 96 97 
16200 84 93 94 95 
16200 85 91 96 97 
16200 86 92 96 97 
16200 87 91 96 97 
16200 88 91 94 95 
16200 89 2 66 91 
16200 90 91 94 95 
16200 91 8 9 10 65 66 68 70 71 75 81 83 85 87 88 89 90 
16200 92 66 86 96 
16200 93 76 77 78 79 80 82 84 
16200 94 72 84 88 90 
16200 95 72 84 88 90 
16200 96 75 76 77 78 79 81 83 85 86 87 92 
16200 97 10 64 65 67 68 70 71 75 76 77 78 79 80 81 82 83 85 86 87 
16200 98 125 126 127 
16200 99 125 126 127 
16200 100 125 126 127 
16200 101 125 126 127 
16200 102 125 126 127 
16200 103 119 121 137 
16200 104 122 123 124 
16200 105 125 126 127 
16200 106 125 126 127 
16200 107 125 126 127 
16200 108 125 126 127 
16200 109 125 126 127 
16200 110 125 126 127 
16200 111 124 125 127 
16200 112 116 124 134 
16200 113 125 126 127 
16200 114 125 126 127 
16200 115 125 126 127 
16200 116 112 126 127 
16200 117 125 126 127 
16200 118 125 126 127 
16200 119 103 126 127 
16200 120 122 123 127 
16200 121 103 127 128 
16200 122 104 120 131 
16200 123 104 120 127 
16200 124 104 111 112 128 
16200 125 11 98 99 100 101 102 105 106 107 108 109 110 111 113 114 115 117 118 
16200 126 3 11 98 99 100 101 102 105 106 107 108 109 110 113 114 115 116 117 118 119 
16200 127 3 11 98 99 100 101 102 105 106 107 108 109 110 111 113 114 115 116 117 118 119 120 121 123 
16200 128 121 124 137 
16200 129 131 136 137 
16200 130 135 136 137 
16200 131 122 129 137 
16200 132 135 136 137 
16200 133 135 136 137 
16200 134 112 136 137 
16200 135 130 132 133 
16200 136 129 130 132 133 134 
16200 137 103 128 129 130 131 132 133 134 
16200 138 177 180 181 
16200 139 178 180 181 
16200 140 152 157 159 
16200 141 155 157 158 
16200 142 176 180 181 
16200 143 151 156 
16200 144 173 176 180 
16200 145 178 180 181 
16200 146 176 180 181 
16200 147 173 176 180 
16200 148 155 157 158 
16200 149 163 171 174 
16200 150 178 180 181 
16200 151 143 180 181 
16200 152 140 180 181 
16200 153 176 180 181 
16200 154 178 180 181 
16200 155 141 148 180 
16200 156 143 158 170 
16200 157 140 141 148 
16200 158 141 148 156 
16200 159 140 180 181 
16200 160 178 180 181 
16200 161 164 173 178 
16200 162 178 180 181 
16200 163 149 180 181 
16200 164 161 180 181 
16200 165 173 176 180 
16200 166 170 177 179 
16200 167 170 175 179 
16200 168 178 180 181 
16200 169 178 180 181 
16200 170 156 166 167 
16200 171 149 174 178 
16200 172 178 180 181 
16200 173 144 147 161 165 
16200 174 149 171 178 
16200 175 167 177 179 
16200 176 142 144 146 147 153 165 
16200 177 138 166 175 
16200 178 12 13 139 145 150 154 160 161 162 168 169 171 172 174 
16200 179 166 167 175 
16200 180 4 12 13 138 139 142 144 145 146 147 150 151 152 153 154 155 159 160 162 163 164 165 168 169 172 
16200 181 4 12 13 138 139 142 145 146 150 151 152 153 154 159 160 162 163 164 168 169 172 
16200 182 188 190 213 
16200 183 187 190 191 
16200 184 196 213 215 
16200 185 188 190 213 
16200 186 31 229 230 
16200 187 14 183 213 
16200 188 23 36 42 46 47 182 185 
16200 189 200 205 206 
16200 190 182 183 185 
16200 191 31 183 230 
16200 192 228 229 230 
16200 193 228 229 230 
16200 194 228 229 230 
16200 195 224 225 229 
16200 196 184 197 215 
16200 197 196 221 228 
16200 198 213 228 230 
16200 199 212 213 229 
16200 200 189 229 230 
16200 201 228 229 230 
16200 202 212 213 230 
16200 203 228 229 230 
16200 204 227 228 230 
16200 205 189 226 230 
16200 206 189 229 230 
16200 207 228 229 230 
16200 208 228 229 230 
16200 209 212 213 217 
16200 210 228 229 230 
16200 211 215 223 227 
16200 212 199 202 209 
16200 213 182 184 185 187 198 199 202 209 
16200 214 220 221 225 
16200 215 184 196 211 
16200 216 223 227 228 
16200 217 21 34 209 
16200 218 228 229 230 
16200 219 1 21 32 34 42 45 50 
16200 220 214 228 230 
16200 221 197 214 228 
16200 222 29 45 57 
16200 223 211 216 226 
16200 224 24 26 195 
16200 225 20 23 24 25 26 47 195 214 
16200 226 205 223 230 
16200 227 204 211 216 
16200 228 192 193 194 197 198 201 203 204 207 208 210 216 218 220 221 
16200 229 14 19 20 21 23 24 25 26 29 34 42 45 47 186 192 193 194 195 199 200 201 203 206 207 208 210 218 
16200 230 5 14 186 191 192 193 194 198 200 201 202 203 204 205 206 207 208 210 218 220 226 
16200 231 0 5 
16200 232 0 4 
16200 233 0 
16200 234 0 3 
16200 235 0 3 4 
16200 236 0 4 5 
16200 237 0 5 
16200 238 0 
16200 239 0 3 
16200 240 0 3 
16200 241 0 
16200 242 0 4 
16200 243 0 4 5 
16200 244 0 3 
16200 245 0 5 
16200 246 0 4 
16200 247 0 3 
16200 248 0 5 
16200 249 0 
16200 250 0 3 5 
16200 251 0 4 
16200 252 0 
16200 253 0 3 4 5 
16200 254 0 
16200 255 0 5 
16200 256 0 4 
16200 257 0 3 
16200 258 0 3 
16200 259 0 5 
16200 260 0 4 
18000 0 3 4 5 231 232 233 234 235 236 237 238 239 240 241 242 243 244 245 246 247 248 249 250 251 252 253 254 255 256 257 258 259 260 
18000 1 61 219 222 
18000 2 63 74 89 
18000 3 0 126 127 234 235 239 240 244 247 250 253 257 258 
18000 4 0 180 181 232 235 236 242 243 246 251 253 256 260 
18000 5 0 229 230 231 236 237 243 245 248 250 253 255 259 
18000 6 53 60 61 
18000 7 53 60 61 
18000 8 63 74 91 
18000 9 63 74 91 
18000 10 63 91 97 
18000 11 125 126 127 
18000 12 178 180 181 
18000 13 178 180 181 
18000 14 228 229 230 
18000 15 59 61 188 
18000 16 53 60 61 
18000 17 60 61 62 
18000 18 53 60 61 
18000 19 59 225 229 
18000 20 59 61 188 
18000 21 222 225 229 
18000 22 59 60 61 
18000 23 58 60 61 
18000 24 222 225 229 
18000 25 61 188 191 
18000 26 61 229 230 
18000 27 61 219 222 
18000 28 53 60 61 
18000 29 58 59 61 
18000 30 60 61 62 
18000 31 59 188 191 
18000 32 61 219 222 
18000 33 60 61 62 
18000 34 188 222 229 
18000 35 58 60 61 
18000 36 59 61 188 
18000 37 51 188 221 
18000 38 51 61 62 
18000 39 55 58 61 
18000 40 53 60 61 
18000 41 187 221 229 
18000 42 188 222 229 
18000 43 61 222 229 
18000 44 53 59 212 
18000 45 219 222 229 
18000 46 59 188 221 
18000 47 183 188 229 
18000 48 187 188 191 
18000 49 188 222 229 
18000 50 61 219 222 
18000 51 37 38 58 
18000 52 60 61 62 
18000 53 6 7 16 18 28 40 44 
18000 54 56 58 60 
18000 55 39 60 61 
18000 56 54 61 62 
18000 57 60 61 222 
18000 58 23 29 35 39 51 54 
18000 59 15 19 20 22 29 31 36 44 46 
18000 60 6 7 16 17 18 22 23 28 30 33 35 40 52 54 55 57 
18000 61 1 6 7 15 16 17 18 20 22 23 25 26 27 28 29 30 32 33 35 36 38 39 40 43 50 52 55 56 57 
18000 62 17 30 33 38 52 56 
18000 63 2 8 9 10 
18000 64 73 74 97 
18000 65 74 91 97 
18000 66 74 91 92 
18000 67 72 73 74 
18000 68 74 91 97 
18000 69 72 73 74 
18000 70 73 74 91 
18000 71 74 91 97 
18000 72 67 69 95 
18000 73 64 67 69 70 
18000 74 2 8 9 64 65 66 67 68 69 70 71 
18000 75 91 96 97 
18000 76 93 96 97 
18000 77 93 96 97 
18000 78 79 80 93 
18000 79 78 96 97 
18000 80 78 82 93 
18000 81 91 96 97 
18000 82 80 93 97 
18000 83 91 96 97 
18000 84 93 94 95 
18000 85 91 96 97 
18000 86 92 96 97 
18000 87 91 96 97 
18000 88 91 94 95 
18000 89 2 96 97 
18000 90 91 94 95 
18000 91 8 9 10 65 66 68 70 71 75 81 83 85 87 88 90 
18000 92 66 86 96 
18000 93 76 77 78 80 82 84 
18000 94 84 88 90 
18000 95 72 84 88 90 
18000 96 75 76 77 79 81 83 85 86 87 89 92 
18000 97 10 64 65 68 71 75 76 77 79 81 82 83 85 86 87 89 
18000 98 125 126 127 
18000 99 125 126 127 
18000 100 125 126 127 
18000 101 125 126 127 
18000 102 125 126 127 
18000 103 119 124 126 
18000 104 120 122 123 
18000 105 125 126 127 
18000 106 125 126 127 
18000 107 125 126 127 
18000 108 125 126 127 
18000 109 125 126 127 
18000 110 125 126 127 
18000 111 125 126 127 
18000 112 114 126 134 
18000 113 125 126 127 
18000 114 112 126 127 
18000 115 125 126 127 
18000 116 125 126 127 
18000 117 125 126 127 
18000 118 125 126 127 
18000 119 103 126 127 
18000 120 104 122 131 
18000 121 125 126 127 
18000 122 104 120 131 
18000 123 104 126 127 
18000 124 103 127 128 
18000 125 11 98 99 100 101 102 105 106 107 108 109 110 111 113 115 116 117 118 121 
18000 126 3 11 98 99 100 101 102 103 105 106 107 108 109 110 111 112 113 114 115 116 117 118 119 121 123 
18000 127 3 11 98 99 100 101 102 105 106 107 108 109 110 111 113 114 115 116 117 118 119 121 123 124 
18000 128 124 133 137 
18000 129 131 135 136 
18000 130 135 136 137 
18000 131 120 122 129 
18000 132 135 136 137 
18000 133 128 136 137 
18000 134 112 135 136 
18000 135 129 130 132 134 
18000 136 129 130 132 133 134 
18000 137 128 130 132 133 
18000 138 177 180 181 
18000 139 178 180 181 
18000 140 177 178 181 
18000 141 142 157 173 
18000 142 141 180 181 
18000 143 156 175 179 
18000 144 177 180 181 
18000 145 178 180 181 
18000 146 178 180 181 
18000 147 177 180 181 
18000 148 154 155 157 
18000 149 153 171 174 
18000 150 178 180 181 
18000 151 177 180 181 
18000 152 178 180 181 
18000 153 149 180 181 
18000 154 148 180 181 
18000 155 148 180 181 
18000 156 143 158 170 
18000 157 141 148 181 
18000 158 156 180 181 
18000 159 178 180 181 
18000 160 178 180 181 
18000 161 173 176 178 
18000 162 178 180 181 
18000 163 178 180 181 
18000 164 178 180 181 
18000 165 178 180 181 
18000 166 170 179 181 
18000 167 170 175 179 
18000 168 178 180 181 
18000 169 178 180 181 
18000 170 156 166 167 
18000 171 149 174 177 
18000 172 178 180 181 
18000 173 141 161 181 
18000 174 149 171 178 
18000 175 143 167 179 
18000 176 161 180 181 
18000 177 138 140 144 147 151 171 
18000 178 12 13 139 140 145 146 150 152 159 160 161 162 163 164 165 168 169 172 174 
18000 179 143 166 167 175 
18000 180 4 12 13 138 139 142 144 145 146 147 150 151 152 153 154 155 158 159 160 162 163 164 165 168 169 172 176 
18000 181 4 12 13 138 139 140 142 144 145 146 147 150 151 152 153 154 155 157 158 159 160 162 163 164 165 166 168 169 172 173 176 
18000 182 187 190 213 
18000 183 47 190 191 
18000 184 196 197 215 
18000 185 188 190 213 
18000 186 228 229 230 
18000 187 41 48 182 
18000 188 15 20 25 31 34 36 37 42 46 47 48 49 185 
18000 189 190 200 226 
18000 190 182 183 185 189 226 
18000 191 25 31 48 183 
18000 192 228 229 230 
18000 193 221 228 230 
18000 194 228 229 230 
18000 195 228 229 230 
18000 196 184 197 215 
18000 197 184 196 228 
18000 198 213 228 230 
18000 199 200 221 222 
18000 200 189 199 230 
18000 201 228 229 230 
18000 202 224 225 228 
18000 203 225 228 229 
18000 204 223 225 228 
18000 205 216 220 223 
18000 206 221 228 230 
18000 207 228 229 230 
18000 208 228 229 230 
18000 209 221 224 228 
18000 210 221 229 230 
18000 211 215 216 223 
18000 212 44 224 225 
18000 213 182 185 198 
18000 214 224 225 228 
18000 215 184 196 211 227 
18000 216 205 211 227 
18000 217 224 225 229 
18000 218 228 229 230 
18000 219 1 27 32 45 50 
18000 220 205 221 230 
18000 221 37 41 46 193 199 206 209 210 220 
18000 222 1 21 24 27 32 34 42 43 45 49 50 57 199 
18000 223 204 205 211 227 
18000 224 202 209 212 214 217 
18000 225 19 21 24 202 203 204 212 214 217 
18000 226 189 190 230 
18000 227 215 216 223 
18000 228 14 186 192 193 194 195 197 198 201 202 203 204 206 207 208 209 214 218 
18000 229 5 14 19 21 24 26 34 41 42 43 45 47 49 186 192 194 195 201 203 207 208 210 217 218 
18000 230 5 14 26 186 192 193 194 195 198 200 201 206 207 208 210 218 220 226 
18000 231 0 5 
18000 232 0 4 
18000 233 0 
18000 234 0 3 
18000 235 0 3 4 
18000 236 0 4 5 
18000 237 0 5 
18000 238 0 
18000 239 0 3 
18000 240 0 3 
18000 241 0 
18000 242 0 4 
18000 243 0 4 5 
18000 244 0 3 
18000 245 0 5 
18000 246 0 4 
18000 247 0 3 
18000 248 0 5 
18000 249 0 
18000 250 0 3 5 
18000 251 0 4 
18000 252 0 
18000 253 0 3 4 5 
18000 254 0 
18000 255 0 5 
18000 256 0 4 
18000 257 0 3 
18000 258 0 3 
18000 259 0 5 
18000 260 0 4 
