0 21600
0 0 2 3 4 5 231 232 233 234 235 236 237 238 239 240 241 242 243 244 245 246 247 248 249 250 251 252 253 254 255 256 257 258 259 260 
0 1 59 60 61 219 
0 2 0 94 96 97 233 236 238 241 245 246 249 252 257 259 
0 3 0 125 126 127 234 235 239 240 244 247 250 253 257 258 
0 4 0 178 180 181 232 235 236 242 243 246 251 253 256 260 
0 5 0 228 229 230 231 236 237 243 245 248 250 253 255 259 
0 6 59 60 61 219 
0 7 59 60 61 219 
0 8 93 94 96 97 
0 9 93 94 96 97 
0 10 93 94 96 97 
0 11 124 125 126 127 
0 12 139 178 180 181 
0 13 176 178 180 181 
0 14 225 228 229 230 
0 15 187 188 225 229 
0 16 57 58 60 61 
0 17 58 60 61 62 
0 18 188 222 225 229 
0 19 187 224 225 229 
0 20 195 212 217 219 
0 21 195 217 219 229 
0 22 59 60 61 219 
0 23 56 58 60 61 
0 24 219 222 225 229 
0 25 218 222 225 229 
0 26 219 222 225 229 
0 27 59 60 61 219 
0 28 59 60 61 219 
0 29 53 55 58 61 
0 30 58 60 61 62 
0 31 57 222 229 230 
0 32 59 60 61 219 
0 33 58 60 61 62 
0 34 188 217 219 229 
0 35 186 188 225 229 
0 36 61 212 217 219 
0 37 51 58 60 61 
0 38 51 60 61 62 
0 39 53 55 58 61 
0 40 59 60 61 219 
0 41 186 188 225 229 
0 42 188 195 219 229 
0 43 57 58 60 61 
0 44 46 50 53 217 
0 45 61 219 222 229 
0 46 44 214 217 221 
0 47 199 219 222 229 
0 48 199 219 222 229 
0 49 60 61 222 229 
0 50 44 60 61 219 
0 51 37 38 54 58 
0 52 60 61 62 222 
0 53 29 39 44 221 
0 54 51 58 60 62 
0 55 29 39 61 222 
0 56 23 60 61 62 
0 57 16 31 43 222 
0 58 16 17 23 29 30 33 37 39 43 51 54 
0 59 1 6 7 22 27 28 32 40 
0 60 1 6 7 16 17 22 23 27 28 30 32 33 37 38 40 43 49 50 52 54 56 
0 61 1 6 7 16 17 22 23 27 28 29 30 32 33 36 37 38 39 40 43 45 49 50 52 55 56 
0 62 17 30 33 38 52 54 56 
0 63 93 94 96 97 
0 64 93 94 96 97 
0 65 93 94 96 97 
0 66 87 91 92 94 
0 67 93 94 96 97 
0 68 93 94 96 97 
0 69 94 95 96 97 
0 70 93 94 96 97 
0 71 93 94 96 97 
0 72 73 84 88 95 
0 73 72 78 80 84 
0 74 93 94 96 97 
0 75 93 94 96 97 
0 76 93 95 96 97 
0 77 93 94 96 97 
0 78 73 80 93 97 
0 79 93 94 96 97 
0 80 73 78 93 97 
0 81 93 94 96 97 
0 82 87 91 93 97 
0 83 93 94 96 97 
0 84 72 73 88 95 
0 85 93 94 96 97 
0 86 92 94 96 97 
0 87 66 82 96 97 
0 88 72 84 90 95 
0 89 94 95 96 97 
0 90 88 91 94 95 
0 91 66 82 90 97 
0 92 66 86 94 96 
0 93 8 9 10 63 64 65 67 68 70 71 74 75 76 77 78 79 80 81 82 83 85 
0 94 2 8 9 10 63 64 65 66 67 68 69 70 71 74 75 77 79 81 83 85 86 89 90 92 
0 95 69 72 76 84 88 89 90 
0 96 2 8 9 10 63 64 65 67 68 69 70 71 74 75 76 77 79 81 83 85 86 87 89 92 
0 97 2 8 9 10 63 64 65 67 68 69 70 71 74 75 76 77 78 79 80 81 82 83 85 86 87 89 91 
0 98 124 125 126 127 
0 99 123 125 126 127 
0 100 124 125 126 127 
0 101 124 125 126 127 
0 102 124 125 126 127 
0 103 124 125 128 137 
0 104 120 122 123 131 
0 105 124 125 126 127 
0 106 112 125 126 127 
0 107 124 125 126 127 
0 108 123 125 126 127 
0 109 124 125 126 127 
0 110 122 125 126 127 
0 111 123 125 126 127 
0 112 106 114 124 125 
0 113 122 125 126 127 
0 114 112 125 126 127 
0 115 124 125 126 127 
0 116 124 125 126 127 
0 117 124 125 126 127 
0 118 120 126 127 131 
0 119 124 125 126 127 
0 120 104 118 122 131 
0 121 124 125 126 127 
0 122 104 110 113 120 128 129 131 
0 123 99 104 108 111 129 
0 124 11 98 100 101 102 103 105 107 109 112 115 116 117 119 121 128 130 132 133 134 135 136 
0 125 3 11 98 99 100 101 102 103 105 106 107 108 109 110 111 112 113 114 115 116 117 119 121 129 130 132 133 134 135 136 137 
0 126 3 11 98 99 100 101 102 105 106 107 108 109 110 111 113 114 115 116 117 118 119 121 130 132 133 134 135 136 137 
0 127 3 11 98 99 100 101 102 105 106 107 108 109 110 111 113 114 115 116 117 118 119 121 129 130 132 133 134 135 136 
0 128 103 122 124 137 
0 129 122 123 125 127 
0 130 124 125 126 127 
0 131 104 118 120 122 
0 132 124 125 126 127 
0 133 124 125 126 127 
0 134 124 125 126 127 
0 135 124 125 126 127 
0 136 124 125 126 127 
0 137 103 125 126 128 
0 138 177 179 180 181 
0 139 12 141 180 181 
0 140 150 161 163 168 171 172 174 
0 141 139 144 147 148 152 155 157 161 165 173 
0 142 176 178 180 181 
0 143 156 
0 144 141 172 176 180 
0 145 176 178 180 181 
0 146 173 176 180 181 
0 147 141 173 176 180 
0 148 141 157 165 173 
0 149 163 171 174 
0 150 140 178 180 181 
0 151 176 179 180 181 
0 152 141 178 180 181 
0 153 176 179 180 181 
0 154 176 178 180 181 
0 155 141 176 178 180 
0 156 143 179 180 181 
0 157 141 148 180 181 
0 158 176 179 180 181 
0 159 176 178 180 181 
0 160 178 179 180 181 
0 161 140 141 176 178 
0 162 176 178 180 181 
0 163 140 149 180 181 
0 164 176 178 180 181 
0 165 141 148 176 180 
0 166 167 175 177 179 
0 167 166 175 177 179 
0 168 140 178 180 181 
0 169 176 178 180 181 
0 170 177 179 180 181 
0 171 140 149 174 181 
0 172 140 144 180 181 
0 173 141 146 147 148 
0 174 140 149 171 178 
0 175 166 167 177 179 
0 176 13 142 144 145 146 147 151 153 154 155 158 159 161 162 164 165 169 
0 177 138 166 167 170 175 
0 178 4 12 13 142 145 150 152 154 155 159 160 161 162 164 168 169 174 
0 179 138 151 153 156 158 160 166 167 170 175 
0 180 4 12 13 138 139 142 144 145 146 147 150 151 152 153 154 155 156 157 158 159 160 162 163 164 165 168 169 170 172 
0 181 4 12 13 138 139 142 145 146 150 151 152 153 154 156 157 158 159 160 162 163 164 168 169 170 171 172 
0 182 224 225 228 230 
0 183 225 228 229 230 
0 184 196 197 215 
0 185 224 225 228 230 
0 186 35 41 229 230 
0 187 15 19 229 230 
0 188 15 18 34 35 41 42 
0 189 217 218 226 230 
0 190 224 225 228 230 
0 191 225 228 229 230 
0 192 225 228 229 230 
0 193 225 228 229 230 
0 194 225 228 229 230 
0 195 20 21 42 229 
0 196 184 197 215 
0 197 184 196 224 228 
0 198 224 225 228 230 
0 199 47 48 229 230 
0 200 224 225 228 229 
0 201 225 228 229 230 
0 202 221 224 225 228 
0 203 225 228 229 230 
0 204 224 225 228 230 
0 205 211 216 223 227 
0 206 221 225 228 230 
0 207 225 228 229 230 
0 208 225 228 229 230 
0 209 218 221 224 228 
0 210 225 228 229 230 
0 211 205 215 216 223 
0 212 20 36 224 225 
0 213 218 221 224 228 
0 214 46 224 225 228 
0 215 184 196 211 227 
0 216 205 211 223 227 
0 217 20 21 34 36 44 46 189 226 
0 218 25 189 209 213 
0 219 1 6 7 20 21 22 24 26 27 28 32 34 36 40 42 45 47 48 50 
0 220 224 225 228 230 
0 221 46 53 202 206 209 213 
0 222 18 24 25 26 31 45 47 48 49 52 55 57 
0 223 205 211 216 227 
0 224 19 182 185 190 197 198 200 202 204 209 212 213 214 220 
0 225 14 15 18 19 24 25 26 35 41 182 183 185 190 191 192 193 194 198 200 201 202 203 204 206 207 208 210 212 214 220 
0 226 189 217 230 
0 227 205 215 216 223 
0 228 5 14 182 183 185 190 191 192 193 194 197 198 200 201 202 203 204 206 207 208 209 210 213 214 220 
0 229 5 14 15 18 19 21 24 25 26 31 34 35 41 42 45 47 48 49 183 186 187 191 192 193 194 195 199 200 201 203 207 208 210 
0 230 5 14 31 182 183 185 186 187 189 190 191 192 193 194 198 199 201 203 204 206 207 208 210 220 226 
0 231 0 5 
0 232 0 4 
0 233 0 2 
0 234 0 3 
0 235 0 3 4 
0 236 0 2 4 5 
0 237 0 5 
0 238 0 2 
0 239 0 3 
0 240 0 3 
0 241 0 2 
0 242 0 4 
0 243 0 4 5 
0 244 0 3 
0 245 0 2 5 
0 246 0 2 4 
0 247 0 3 
0 248 0 5 
0 249 0 2 
0 250 0 3 5 
0 251 0 4 
0 252 0 2 
0 253 0 3 4 5 
0 254 0 
0 255 0 5 
0 256 0 4 
0 257 0 2 3 
0 258 0 3 
0 259 0 2 5 
0 260 0 4 
1800 0 2 3 4 5 231 232 233 234 235 236 237 238 239 240 241 242 243 244 245 246 247 248 249 250 251 252 253 254 255 256 257 258 259 260 
1800 1 188 191 209 219 
1800 2 0 93 96 97 233 236 238 241 245 246 249 252 257 259 
1800 3 0 125 126 127 234 235 239 240 244 247 250 253 257 258 
1800 4 0 178 180 181 232 235 236 242 243 246 251 253 256 260 
1800 5 0 228 229 230 231 236 237 243 245 248 250 253 255 259 
1800 6 188 191 209 219 
1800 7 188 191 209 219 
1800 8 92 93 96 97 
1800 9 92 93 96 97 
1800 10 92 93 96 97 
1800 11 124 125 126 127 
1800 12 139 178 180 181 
1800 13 176 178 180 181 
1800 14 187 228 229 230 
1800 15 187 209 222 229 
1800 16 60 61 191 209 
1800 17 60 61 62 209 
1800 18 60 61 191 209 
1800 19 187 224 225 229 
1800 20 212 217 219 229 
1800 21 60 217 219 229 
1800 22 188 191 209 219 
1800 23 58 60 61 191 
1800 24 60 222 225 229 
1800 25 218 222 225 229 
1800 26 187 222 225 229 
1800 27 62 191 209 219 
1800 28 55 60 229 230 
1800 29 209 217 219 229 
1800 30 58 60 61 62 
1800 31 57 199 222 230 
1800 32 188 191 209 219 
1800 33 58 60 61 62 
1800 34 188 217 219 229 
1800 35 60 61 191 209 
1800 36 209 212 217 219 
1800 37 60 61 191 209 
1800 38 51 60 61 62 
1800 39 58 61 191 209 
1800 40 188 191 209 219 
1800 41 51 188 209 219 
1800 42 188 209 219 229 
1800 43 187 222 225 229 
1800 44 51 58 188 217 
1800 45 59 219 222 229 
1800 46 213 214 217 221 
1800 47 187 219 222 229 
1800 48 187 219 222 229 
1800 49 191 209 222 229 
1800 50 188 191 209 219 
1800 51 38 41 44 58 
1800 52 61 62 209 222 
1800 53 58 61 191 209 
1800 54 56 58 60 62 
1800 55 28 191 209 222 
1800 56 54 60 61 62 
1800 57 31 187 199 222 
1800 58 23 30 33 39 44 51 53 54 
1800 59 45 221 225 229 
1800 60 16 17 18 21 23 24 28 30 33 35 37 38 54 56 
1800 61 16 17 18 23 30 33 35 37 38 39 52 53 56 
1800 62 17 27 30 33 38 52 54 56 
1800 63 91 93 96 97 
1800 64 93 95 96 97 
1800 65 91 93 96 97 
1800 66 87 91 92 93 
1800 67 91 93 96 97 
1800 68 92 93 96 97 
1800 69 93 94 96 97 
1800 70 91 93 96 97 
1800 71 92 93 96 97 
1800 72 88 90 94 95 
1800 73 78 80 84 97 
1800 74 91 93 96 97 
1800 75 92 93 96 97 
1800 76 91 93 96 97 
1800 77 81 91 92 93 
1800 78 73 82 83 91 
1800 79 80 93 96 97 
1800 80 73 79 82 97 
1800 81 77 93 96 97 
1800 82 78 80 93 97 
1800 83 78 93 96 97 
1800 84 73 88 94 95 
1800 85 92 93 96 97 
1800 86 92 93 96 97 
1800 87 66 93 96 97 
1800 88 72 84 94 95 
1800 89 93 94 95 96 
1800 90 72 93 94 95 
1800 91 63 65 66 67 70 74 76 77 78 
1800 92 8 9 10 66 68 71 75 77 85 86 
1800 93 2 8 9 10 63 64 65 66 67 68 69 70 71 74 75 76 77 79 81 82 83 85 86 87 89 90 
1800 94 69 72 84 88 89 90 
1800 95 64 72 84 88 89 90 
1800 96 2 8 9 10 63 64 65 67 68 69 70 71 74 75 76 79 81 83 85 86 87 89 
1800 97 2 8 9 10 63 64 65 67 68 69 70 71 73 74 75 76 79 80 81 82 83 85 86 87 
1800 98 124 125 126 127 
1800 99 112 125 126 127 
1800 100 124 125 126 127 
1800 101 124 125 126 127 
1800 102 124 125 126 127 
1800 103 119 124 128 137 
1800 104 118 120 122 123 
1800 105 124 125 126 127 
1800 106 124 125 126 127 
1800 107 124 125 126 127 
1800 108 123 125 126 127 
1800 109 124 125 126 127 
1800 110 122 125 126 127 
1800 111 123 125 126 127 
1800 112 99 114 134 
1800 113 122 125 126 127 
1800 114 112 123 125 127 
1800 115 124 125 126 127 
1800 116 124 125 126 127 
1800 117 120 125 126 127 
1800 118 104 120 126 127 
1800 119 103 126 127 128 
1800 120 104 117 118 122 
1800 121 124 125 126 127 
1800 122 104 110 113 120 
1800 123 104 108 111 114 129 131 
1800 124 11 98 100 101 102 103 105 106 107 109 115 116 121 128 130 132 133 135 136 
1800 125 3 11 98 99 100 101 102 105 106 107 108 109 110 111 113 114 115 116 117 121 129 130 131 132 133 134 135 136 137 
1800 126 3 11 98 99 100 101 102 105 106 107 108 109 110 111 113 115 116 117 118 119 121 129 130 131 132 133 134 135 136 137 
1800 127 3 11 98 99 100 101 102 105 106 107 108 109 110 111 113 114 115 116 117 118 119 121 129 130 131 132 133 134 135 136 
1800 128 103 119 124 137 
1800 129 123 125 126 127 
1800 130 124 125 126 127 
1800 131 123 125 126 127 
1800 132 124 125 126 127 
1800 133 124 125 126 127 
1800 134 112 125 126 127 
1800 135 124 125 126 127 
1800 136 124 125 126 127 
1800 137 103 125 126 128 
1800 138 176 177 180 181 
1800 139 12 178 180 181 
1800 140 150 158 163 168 171 172 174 
1800 141 144 145 147 148 152 153 155 157 161 164 
1800 142 176 178 180 181 
1800 143 156 167 177 
1800 144 141 173 176 180 
1800 145 141 178 180 181 
1800 146 173 176 180 181 
1800 147 141 173 176 180 
1800 148 141 160 165 173 
1800 149 158 161 171 174 
1800 150 140 178 180 181 
1800 151 173 176 180 181 
1800 152 141 178 180 181 
1800 153 141 176 180 181 
1800 154 176 178 180 181 
1800 155 141 173 176 180 
1800 156 143 175 177 179 
1800 157 141 178 180 181 
1800 158 140 149 180 181 
1800 159 176 178 180 181 
1800 160 148 178 180 181 
1800 161 141 149 171 174 
1800 162 176 178 180 181 
1800 163 140 178 180 181 
1800 164 141 178 180 181 
1800 165 148 173 176 180 
1800 166 167 175 177 179 
1800 167 143 166 177 179 
1800 168 140 178 180 181 
1800 169 176 178 180 181 
1800 170 176 177 180 181 
1800 171 140 149 161 174 
1800 172 140 178 180 181 
1800 173 144 146 147 148 151 155 165 
1800 174 140 149 161 171 
1800 175 156 166 177 179 
1800 176 13 138 142 144 146 147 151 153 154 155 159 162 165 169 170 
1800 177 138 143 156 166 167 170 175 
1800 178 4 12 13 139 142 145 150 152 154 157 159 160 162 163 164 168 169 172 
1800 179 156 166 167 175 
1800 180 4 12 13 138 139 142 144 145 146 147 150 151 152 153 154 155 157 158 159 160 162 163 164 165 168 169 170 172 
1800 181 4 12 13 138 139 142 145 146 150 151 152 153 154 157 158 159 160 162 163 164 168 169 170 172 
1800 182 224 225 228 230 
1800 183 225 228 229 230 
1800 184 196 197 215 221 
1800 185 224 225 228 230 
1800 186 187 228 229 230 
1800 187 14 15 19 26 43 47 48 57 186 192 194 195 200 201 202 203 207 208 210 212 
1800 188 1 6 7 22 32 34 40 41 42 44 50 
1800 189 197 223 226 230 
1800 190 224 225 228 230 
1800 191 1 6 7 16 18 22 23 27 32 35 37 39 40 49 50 53 55 
1800 192 187 228 229 230 
1800 193 225 228 229 230 
1800 194 187 228 229 230 
1800 195 187 224 225 228 
1800 196 184 197 215 216 
1800 197 184 189 196 226 
1800 198 225 227 228 230 
1800 199 31 57 222 229 
1800 200 187 225 228 229 
1800 201 187 228 229 230 
1800 202 187 224 225 228 
1800 203 187 228 229 230 
1800 204 224 225 228 230 
1800 205 211 215 216 223 
1800 206 221 225 228 230 
1800 207 187 228 229 230 
1800 208 187 228 229 230 
1800 209 1 6 7 15 16 17 18 22 27 29 32 35 36 37 39 40 41 42 49 50 52 53 55 
1800 210 187 228 229 230 
1800 211 205 215 216 223 
1800 212 20 36 187 225 
1800 213 46 221 224 228 
1800 214 46 224 225 228 
1800 215 184 196 205 211 227 
1800 216 196 205 211 227 
1800 217 20 21 29 34 36 44 46 
1800 218 25 228 229 230 
1800 219 1 6 7 20 21 22 27 29 32 34 36 40 41 42 45 47 48 50 
1800 220 224 225 228 230 
1800 221 46 59 184 206 213 
1800 222 15 24 25 26 31 43 45 47 48 49 52 55 57 199 
1800 223 189 205 211 227 
1800 224 19 182 185 190 195 202 204 213 214 220 
1800 225 19 24 25 26 43 59 182 183 185 190 193 195 198 200 202 204 206 212 214 220 
1800 226 189 197 230 
1800 227 198 215 216 223 
1800 228 5 14 182 183 185 186 190 192 193 194 195 198 200 201 202 203 204 206 207 208 210 213 214 218 220 
1800 229 5 14 15 19 20 21 24 25 26 28 29 34 42 43 45 47 48 49 59 183 186 192 193 194 199 200 201 203 207 208 210 218 
1800 230 5 14 28 31 182 183 185 186 189 190 192 193 194 198 201 203 204 206 207 208 210 218 220 226 
1800 231 0 5 
1800 232 0 4 
1800 233 0 2 
1800 234 0 3 
1800 235 0 3 4 
1800 236 0 2 4 5 
1800 237 0 5 
1800 238 0 2 
1800 239 0 3 
1800 240 0 3 
1800 241 0 2 
1800 242 0 4 
1800 243 0 4 5 
1800 244 0 3 
1800 245 0 2 5 
1800 246 0 2 4 
1800 247 0 3 
1800 248 0 5 
1800 249 0 2 
1800 250 0 3 5 
1800 251 0 4 
1800 252 0 2 
1800 253 0 3 4 5 
1800 254 0 
1800 255 0 5 
1800 256 0 4 
1800 257 0 2 3 
1800 258 0 3 
1800 259 0 2 5 
1800 260 0 4 
3600 0 2 3 4 5 231 232 233 234 235 236 237 238 239 240 241 242 243 244 245 246 247 248 249 250 251 252 253 254 255 256 257 258 259 260 
3600 1 187 188 203 219 
3600 2 0 93 96 97 233 236 238 241 245 246 249 252 257 259 
3600 3 0 125 126 127 234 235 239 240 244 247 250 253 257 258 
3600 4 0 178 180 181 232 235 236 242 243 246 251 253 256 260 
3600 5 0 228 229 230 231 236 237 243 245 248 250 253 255 259 
3600 6 187 188 203 219 
3600 7 187 188 203 219 
3600 8 92 93 96 97 
3600 9 92 93 96 97 
3600 10 92 93 96 97 
3600 11 124 125 126 127 
3600 12 139 178 180 181 
3600 13 176 178 180 181 
3600 14 225 228 229 230 
3600 15 199 203 222 229 
3600 16 60 61 188 199 
3600 17 58 60 61 62 
3600 18 187 188 199 219 
3600 19 187 224 225 229 
3600 20 187 212 217 219 
3600 21 187 217 219 229 
3600 22 61 187 188 219 
3600 23 56 58 60 61 
3600 24 187 222 225 229 
3600 25 225 228 229 230 
3600 26 187 222 225 229 
3600 27 187 188 203 219 
3600 28 187 188 203 219 
3600 29 61 187 188 219 
3600 30 58 60 61 62 
3600 31 57 222 229 230 
3600 32 187 188 203 219 
3600 33 58 60 61 62 
3600 34 60 187 219 229 
3600 35 60 61 187 219 
3600 36 187 212 217 219 
3600 37 51 60 61 219 
3600 38 51 60 61 62 
3600 39 61 187 188 219 
3600 40 187 188 199 219 
3600 41 61 187 188 219 
3600 42 186 187 188 229 
3600 43 58 60 61 199 
3600 44 217 219 220 224 
3600 45 187 219 222 229 
3600 46 213 214 217 220 
3600 47 188 219 222 229 
3600 48 188 203 222 229 
3600 49 188 203 222 229 
3600 50 187 188 225 229 
3600 51 37 38 58 61 
3600 52 61 62 199 222 
3600 53 61 187 188 219 
3600 54 58 60 61 62 
3600 55 61 199 203 222 
3600 56 23 60 61 62 
3600 57 31 61 199 222 
3600 58 17 23 30 33 43 51 54 
3600 59 220 221 225 229 
3600 60 16 17 23 30 33 34 35 37 38 43 54 56 
3600 61 16 17 22 23 29 30 33 35 37 38 39 41 43 51 52 53 54 55 56 57 
3600 62 17 30 33 38 52 54 56 
3600 63 91 93 96 97 
3600 64 93 94 96 97 
3600 65 91 93 96 97 
3600 66 85 87 91 92 
3600 67 91 93 96 97 
3600 68 92 93 96 97 
3600 69 73 78 80 84 
3600 70 91 93 96 97 
3600 71 92 93 96 97 
3600 72 88 90 94 95 
3600 73 69 84 88 94 
3600 74 91 93 96 97 
3600 75 92 93 96 97 
3600 76 91 93 96 97 
3600 77 92 93 96 97 
3600 78 69 84 88 94 
3600 79 92 93 96 97 
3600 80 69 82 93 97 
3600 81 92 93 96 97 
3600 82 80 87 91 92 
3600 83 91 93 96 97 
3600 84 69 73 78 95 
3600 85 66 93 96 97 
3600 86 91 92 96 97 
3600 87 66 82 96 97 
3600 88 72 73 78 95 
3600 89 93 94 95 96 
3600 90 72 91 94 95 
3600 91 63 65 66 67 70 74 76 82 83 86 90 
3600 92 8 9 10 66 68 71 75 77 79 81 82 86 
3600 93 2 8 9 10 63 64 65 67 68 70 71 74 75 76 77 79 80 81 83 85 89 
3600 94 64 72 73 78 89 90 
3600 95 72 84 88 89 90 
3600 96 2 8 9 10 63 64 65 67 68 70 71 74 75 76 77 79 81 83 85 86 87 89 
3600 97 2 8 9 10 63 64 65 67 68 70 71 74 75 76 77 79 80 81 83 85 86 87 
3600 98 124 125 126 127 
3600 99 123 125 126 127 
3600 100 124 125 126 127 
3600 101 112 125 126 127 
3600 102 124 125 126 127 
3600 103 119 124 128 137 
3600 104 120 122 123 131 
3600 105 124 125 126 127 
3600 106 124 125 126 127 
3600 107 124 125 126 127 
3600 108 123 125 126 127 
3600 109 124 125 126 127 
3600 110 122 125 126 127 
3600 111 123 125 126 127 
3600 112 101 114 130 134 
3600 113 124 125 126 127 
3600 114 112 125 126 127 
3600 115 124 125 126 127 
3600 116 124 125 126 127 
3600 117 124 125 126 127 
3600 118 123 125 126 127 
3600 119 103 126 127 128 
3600 120 104 122 123 131 
3600 121 124 125 126 127 
3600 122 104 110 120 129 131 
3600 123 99 104 108 111 118 120 129 131 
3600 124 11 98 100 102 103 105 106 107 109 113 115 116 117 121 128 132 133 135 136 
3600 125 3 11 98 99 100 101 102 105 106 107 108 109 110 111 113 114 115 116 117 118 121 129 130 132 133 134 135 136 137 
3600 126 3 11 98 99 100 101 102 105 106 107 108 109 110 111 113 114 115 116 117 118 119 121 130 132 133 134 135 136 137 
3600 127 3 11 98 99 100 101 102 105 106 107 108 109 110 111 113 114 115 116 117 118 119 121 129 130 132 133 134 135 136 
3600 128 103 119 124 137 
3600 129 122 123 125 127 
3600 130 112 125 126 127 
3600 131 104 120 122 123 
3600 132 124 125 126 127 
3600 133 124 125 126 127 
3600 134 112 125 126 127 
3600 135 124 125 126 127 
3600 136 124 125 126 127 
3600 137 103 125 126 128 
3600 138 176 177 180 181 
3600 139 12 178 180 181 
3600 140 150 159 161 163 168 171 174 
3600 141 147 148 152 155 157 165 173 
3600 142 176 178 180 181 
3600 143 156 
3600 144 169 172 176 180 
3600 145 176 178 180 181 
3600 146 176 177 180 181 
3600 147 141 173 176 180 
3600 148 141 161 165 173 
3600 149 159 171 172 174 
3600 150 140 178 180 181 
3600 151 172 176 180 181 
3600 152 141 178 180 181 
3600 153 172 176 180 181 
3600 154 176 178 180 181 
3600 155 141 173 176 180 
3600 156 143 167 175 179 
3600 157 141 179 180 181 
3600 158 172 176 180 181 
3600 159 140 149 180 181 
3600 160 176 178 180 181 
3600 161 140 148 180 181 
3600 162 176 178 180 181 
3600 163 140 178 180 181 
3600 164 176 178 180 181 
3600 165 141 148 177 180 
3600 166 177 179 180 181 
3600 167 156 175 177 179 
3600 168 140 178 180 181 
3600 169 144 178 180 181 
3600 170 176 177 180 181 
3600 171 140 149 174 181 
3600 172 144 149 151 153 158 
3600 173 141 147 148 155 
3600 174 140 149 171 178 
3600 175 156 167 177 179 
3600 176 13 138 142 144 145 146 147 151 153 154 155 158 160 162 164 170 
3600 177 138 146 165 166 167 170 175 
3600 178 4 12 13 139 142 145 150 152 154 160 162 163 164 168 169 174 
3600 179 156 157 166 167 175 
3600 180 4 12 13 138 139 142 144 145 146 147 150 151 152 153 154 155 157 158 159 160 161 162 163 164 165 166 168 169 170 
3600 181 4 12 13 138 139 142 145 146 150 151 152 153 154 157 158 159 160 161 162 163 164 166 168 169 170 171 
3600 182 224 225 228 230 
3600 183 225 228 229 230 
3600 184 196 197 205 215 
3600 185 224 225 228 230 
3600 186 42 228 229 230 
3600 187 1 6 7 18 19 20 21 22 24 26 27 28 29 32 34 35 36 39 40 41 42 45 50 53 
3600 188 1 6 7 16 18 22 27 28 29 32 39 40 41 42 47 48 49 50 53 
3600 189 206 221 226 230 
3600 190 224 225 228 230 
3600 191 225 228 229 230 
3600 192 226 228 229 230 
3600 193 225 228 229 230 
3600 194 225 228 229 230 
3600 195 220 224 225 229 
3600 196 184 197 205 215 
3600 197 184 196 205 228 
3600 198 225 227 228 230 
3600 199 15 16 18 40 43 52 55 57 
3600 200 224 225 228 229 
3600 201 225 228 229 230 
3600 202 221 224 225 228 
3600 203 1 6 7 15 27 28 32 48 49 55 
3600 204 224 225 228 230 
3600 205 184 196 197 216 
3600 206 189 225 228 230 
3600 207 225 228 229 230 
3600 208 225 228 229 230 
3600 209 220 221 224 228 
3600 210 225 228 229 230 
3600 211 215 216 223 227 
3600 212 20 36 225 227 
3600 213 46 228 229 230 
3600 214 46 224 225 228 
3600 215 184 196 211 216 
3600 216 205 211 215 223 
3600 217 20 21 36 44 46 
3600 218 225 228 229 230 
3600 219 1 6 7 18 20 21 22 27 28 29 32 34 35 36 37 39 40 41 44 45 47 53 
3600 220 44 46 59 195 209 
3600 221 59 189 202 209 
3600 222 15 24 26 31 45 47 48 49 52 55 57 
3600 223 211 216 227 228 
3600 224 19 44 182 185 190 195 200 202 204 209 214 
3600 225 14 19 24 25 26 50 59 182 183 185 190 191 193 194 195 198 200 201 202 204 206 207 208 210 212 214 218 
3600 226 189 192 230 
3600 227 198 211 212 223 
3600 228 5 14 25 182 183 185 186 190 191 192 193 194 197 198 200 201 202 204 206 207 208 209 210 213 214 218 223 
3600 229 5 14 15 19 21 24 25 26 31 34 42 45 47 48 49 50 59 183 186 191 192 193 194 195 200 201 207 208 210 213 218 
3600 230 5 14 25 31 182 183 185 186 189 190 191 192 193 194 198 201 204 206 207 208 210 213 218 226 
3600 231 0 5 
3600 232 0 4 
3600 233 0 2 
3600 234 0 3 
3600 235 0 3 4 
3600 236 0 2 4 5 
3600 237 0 5 
3600 238 0 2 
3600 239 0 3 
3600 240 0 3 
3600 241 0 2 
3600 242 0 4 
3600 243 0 4 5 
3600 244 0 3 
3600 245 0 2 5 
3600 246 0 2 4 
3600 247 0 3 
3600 248 0 5 
3600 249 0 2 
3600 250 0 3 5 
3600 251 0 4 
3600 252 0 2 
3600 253 0 3 4 5 
3600 254 0 
3600 255 0 5 
3600 256 0 4 
3600 257 0 2 3 
3600 258 0 3 
3600 259 0 2 5 
3600 260 0 4 
5400 0 2 3 4 5 231 232 233 234 235 236 237 238 239 240 241 242 243 244 245 246 247 248 249 250 251 252 253 254 255 256 257 258 259 260 
5400 1 59 60 61 219 
5400 2 0 94 96 97 233 236 238 241 245 246 249 252 257 259 
5400 3 0 125 126 127 234 235 239 240 244 247 250 253 257 258 
5400 4 0 178 180 181 232 235 236 242 243 246 251 253 256 260 
5400 5 0 228 229 230 231 236 237 243 245 248 250 253 255 259 
5400 6 59 60 61 219 
5400 7 59 60 61 219 
5400 8 93 94 96 97 
5400 9 93 94 96 97 
5400 10 93 94 96 97 
5400 11 124 125 126 127 
5400 12 139 178 180 181 
5400 13 176 178 180 181 
5400 14 187 228 229 230 
5400 15 185 199 222 229 
5400 16 57 58 60 61 
5400 17 58 60 61 62 
5400 18 58 59 60 61 
5400 19 187 224 225 229 
5400 20 195 212 217 219 
5400 21 195 217 219 229 
5400 22 58 59 60 61 
5400 23 57 58 60 61 
5400 24 219 222 225 229 
5400 25 187 222 225 229 
5400 26 219 222 225 229 
5400 27 59 60 61 219 
5400 28 59 60 61 219 
5400 29 55 57 58 61 
5400 30 58 60 61 62 
5400 31 199 222 229 230 
5400 32 59 60 61 219 
5400 33 58 60 61 62 
5400 34 60 217 219 229 
5400 35 57 58 60 61 
5400 36 61 212 217 219 
5400 37 55 57 58 61 
5400 38 58 60 61 62 
5400 39 55 57 58 61 
5400 40 59 60 61 219 
5400 41 59 60 61 219 
5400 42 60 195 219 229 
5400 43 57 58 60 61 
5400 44 50 57 212 217 
5400 45 55 60 225 229 
5400 46 214 217 218 221 
5400 47 185 219 222 229 
5400 48 185 199 222 229 
5400 49 60 61 222 229 
5400 50 44 60 61 219 
5400 51 54 56 58 60 
5400 52 60 61 62 222 
5400 53 221 224 225 229 
5400 54 51 58 60 62 
5400 55 29 37 39 45 
5400 56 51 60 61 62 
5400 57 16 23 29 35 37 39 43 44 
5400 58 16 17 18 22 23 29 30 33 35 37 38 39 43 51 54 
5400 59 1 6 7 18 22 27 28 32 40 41 
5400 60 1 6 7 16 17 18 22 23 27 28 30 32 33 34 35 38 40 41 42 43 45 49 50 51 52 54 56 
5400 61 1 6 7 16 17 18 22 23 27 28 29 30 32 33 35 36 37 38 39 40 41 43 49 50 52 56 
5400 62 17 30 33 38 52 54 56 
5400 63 91 93 96 97 
5400 64 91 93 96 97 
5400 65 91 93 96 97 
5400 66 87 91 92 94 
5400 67 91 93 96 97 
5400 68 93 94 96 97 
5400 69 94 95 96 97 
5400 70 93 94 96 97 
5400 71 93 94 96 97 
5400 72 83 88 94 95 
5400 73 78 80 83 84 
5400 74 93 94 96 97 
5400 75 91 92 93 96 
5400 76 93 94 96 97 
5400 77 93 94 96 97 
5400 78 73 80 83 97 
5400 79 93 94 96 97 
5400 80 73 78 83 97 
5400 81 92 93 96 97 
5400 82 86 87 91 97 
5400 83 72 73 78 80 84 88 
5400 84 73 83 88 95 
5400 85 93 94 96 97 
5400 86 82 92 96 97 
5400 87 66 82 96 97 
5400 88 72 83 84 95 
5400 89 93 94 95 96 
5400 90 93 94 95 96 
5400 91 63 64 65 66 67 75 82 
5400 92 66 75 81 86 
5400 93 8 9 10 63 64 65 67 68 70 71 74 75 76 77 79 81 85 89 90 
5400 94 2 8 9 10 66 68 69 70 71 72 74 76 77 79 85 89 90 
5400 95 69 72 84 88 89 90 
5400 96 2 8 9 10 63 64 65 67 68 69 70 71 74 75 76 77 79 81 85 86 87 89 90 
5400 97 2 8 9 10 63 64 65 67 68 69 70 71 74 76 77 78 79 80 81 82 85 86 87 
5400 98 124 125 126 127 
5400 99 123 125 126 127 
5400 100 124 125 126 127 
5400 101 124 125 126 127 
5400 102 124 125 126 127 
5400 103 123 124 125 126 
5400 104 112 125 126 128 
5400 105 124 125 126 127 
5400 106 124 125 126 127 
5400 107 123 124 125 126 
5400 108 123 125 126 127 
5400 109 124 125 126 127 
5400 110 122 125 126 127 
5400 111 123 125 126 127 
5400 112 104 114 116 130 
5400 113 122 125 126 127 
5400 114 112 125 126 127 
5400 115 124 125 126 127 
5400 116 112 124 125 126 
5400 117 124 125 126 127 
5400 118 125 126 127 131 
5400 119 124 125 126 128 
5400 120 122 123 127 131 
5400 121 125 126 127 131 
5400 122 110 113 120 129 131 
5400 123 99 103 107 108 111 120 129 132 
5400 124 11 98 100 101 102 103 105 106 107 109 115 116 117 119 128 132 133 134 135 136 137 
5400 125 3 11 98 99 100 101 102 103 104 105 106 107 108 109 110 111 113 114 115 116 117 118 119 121 129 130 132 133 134 135 136 137 
5400 126 3 11 98 99 100 101 102 103 104 105 106 107 108 109 110 111 113 114 115 116 117 118 119 121 130 132 133 134 135 136 137 
5400 127 3 11 98 99 100 101 102 105 106 108 109 110 111 113 114 115 117 118 120 121 129 130 133 134 135 136 
5400 128 104 119 124 137 
5400 129 122 123 125 127 
5400 130 112 125 126 127 
5400 131 118 120 121 122 
5400 132 123 124 125 126 
5400 133 124 125 126 127 
5400 134 124 125 126 127 
5400 135 124 125 126 127 
5400 136 124 125 126 127 
5400 137 124 125 126 128 
5400 138 176 177 180 181 
5400 139 12 178 180 181 
5400 140 150 154 158 161 163 168 171 172 174 
5400 141 144 147 148 150 152 155 156 157 161 165 
5400 142 176 178 180 181 
5400 143 156 180 
5400 144 141 173 176 180 
5400 145 176 178 180 181 
5400 146 173 176 180 181 
5400 147 141 173 176 180 
5400 148 141 161 165 173 
5400 149 171 174 
5400 150 140 141 180 181 
5400 151 173 176 180 181 
5400 152 141 178 180 181 
5400 153 173 176 180 181 
5400 154 140 176 178 181 
5400 155 141 172 173 176 
5400 156 141 143 179 181 
5400 157 141 178 180 181 
5400 158 140 178 180 181 
5400 159 176 178 180 181 
5400 160 176 178 180 181 
5400 161 140 141 148 178 
5400 162 176 178 180 181 
5400 163 140 178 180 181 
5400 164 176 178 180 181 
5400 165 141 148 173 176 
5400 166 167 175 177 179 
5400 167 166 175 177 179 
5400 168 140 178 180 181 
5400 169 176 178 180 181 
5400 170 176 177 180 181 
5400 171 140 149 174 181 
5400 172 140 155 180 181 
5400 173 144 146 147 148 151 153 155 165 
5400 174 140 149 171 178 
5400 175 166 167 177 179 
5400 176 13 138 142 144 145 146 147 151 153 154 155 159 160 162 164 165 169 170 
5400 177 138 166 167 170 175 
5400 178 4 12 13 139 142 145 152 154 157 158 159 160 161 162 163 164 168 169 174 
5400 179 156 166 167 175 
5400 180 4 12 13 138 139 142 143 144 145 146 147 150 151 152 153 157 158 159 160 162 163 164 168 169 170 172 
5400 181 4 12 13 138 139 142 145 146 150 151 152 153 154 156 157 158 159 160 162 163 164 168 169 170 171 172 
5400 182 224 225 228 230 
5400 183 225 228 229 230 
5400 184 196 202 209 215 
5400 185 15 47 48 230 
5400 186 187 228 229 230 
5400 187 14 19 25 186 188 189 190 191 194 200 203 207 210 226 
5400 188 187 225 228 229 
5400 189 187 208 226 230 
5400 190 187 228 229 230 
5400 191 187 228 229 230 
5400 192 226 228 229 230 
5400 193 225 228 229 230 
5400 194 187 228 229 230 
5400 195 20 21 42 229 
5400 196 184 202 209 215 
5400 197 221 224 225 228 
5400 198 224 225 228 230 
5400 199 15 31 48 222 
5400 200 187 225 228 229 
5400 201 225 228 229 230 
5400 202 184 196 225 228 
5400 203 187 228 229 230 
5400 204 224 225 228 230 
5400 205 216 227 228 230 
5400 206 223 225 228 230 
5400 207 187 228 229 230 
5400 208 189 228 229 230 
5400 209 184 196 224 228 
5400 210 187 228 229 230 
5400 211 227 228 229 230 
5400 212 20 36 44 225 
5400 213 218 221 224 228 
5400 214 46 224 225 228 
5400 215 184 196 216 227 
5400 216 205 215 223 227 
5400 217 20 21 34 36 44 46 
5400 218 46 213 229 230 
5400 219 1 6 7 20 21 24 26 27 28 32 34 36 40 41 42 47 50 
5400 220 224 225 228 230 
5400 221 46 53 197 213 
5400 222 15 24 25 26 31 47 48 49 52 199 
5400 223 206 216 224 228 
5400 224 19 53 182 197 198 204 209 213 214 220 223 
5400 225 19 24 25 26 45 53 182 183 188 193 197 198 200 201 202 204 206 212 214 220 
5400 226 187 189 192 230 
5400 227 205 211 215 216 
5400 228 5 14 182 183 186 188 190 191 192 193 194 197 198 200 201 202 203 204 205 206 207 208 209 210 211 213 214 220 223 
5400 229 5 14 15 19 21 24 25 26 31 34 42 45 47 48 49 53 183 186 188 190 191 192 193 194 195 200 201 203 207 208 210 211 218 
5400 230 5 14 31 182 183 185 186 189 190 191 192 193 194 198 201 203 204 205 206 207 208 210 211 218 220 226 
5400 231 0 5 
5400 232 0 4 
5400 233 0 2 
5400 234 0 3 
5400 235 0 3 4 
5400 236 0 2 4 5 
5400 237 0 5 
5400 238 0 2 
5400 239 0 3 
5400 240 0 3 
5400 241 0 2 
5400 242 0 4 
5400 243 0 4 5 
5400 244 0 3 
5400 245 0 2 5 
5400 246 0 2 4 
5400 247 0 3 
5400 248 0 5 
5400 249 0 2 
5400 250 0 3 5 
5400 251 0 4 
5400 252 0 2 
5400 253 0 3 4 5 
5400 254 0 
5400 255 0 5 
5400 256 0 4 
5400 257 0 2 3 
5400 258 0 3 
5400 259 0 2 5 
5400 260 0 4 
7200 0 2 3 4 5 231 232 233 234 235 236 237 238 239 240 241 242 243 244 245 246 247 248 249 250 251 252 253 254 255 256 257 258 259 260 
7200 1 187 188 219 225 
7200 2 0 94 96 97 233 236 238 241 245 246 249 252 257 259 
7200 3 0 125 126 127 234 235 239 240 244 247 250 253 257 258 
7200 4 0 178 180 181 232 235 236 242 243 246 251 253 256 260 
7200 5 0 228 229 230 231 236 237 243 245 248 250 253 255 259 
7200 6 187 188 219 225 
7200 7 187 188 219 225 
7200 8 93 94 96 97 
7200 9 93 94 96 97 
7200 10 93 94 96 97 
7200 11 124 125 126 127 
7200 12 139 178 180 181 
7200 13 176 178 180 181 
7200 14 224 228 229 230 
7200 15 60 61 229 230 
7200 16 61 187 188 219 
7200 17 61 62 187 188 
7200 18 187 188 219 225 
7200 19 220 221 224 229 
7200 20 187 218 219 225 
7200 21 187 219 225 229 
7200 22 187 188 219 225 
7200 23 61 187 188 219 
7200 24 187 222 225 229 
7200 25 210 218 222 229 
7200 26 219 222 225 229 
7200 27 187 188 219 225 
7200 28 187 188 219 225 
7200 29 61 187 219 225 
7200 30 60 61 62 188 
7200 31 57 199 222 230 
7200 32 187 188 219 225 
7200 33 61 62 187 188 
7200 34 187 188 225 229 
7200 35 61 187 188 219 
7200 36 219 222 225 229 
7200 37 51 60 61 188 
7200 38 51 187 188 229 
7200 39 61 187 219 225 
7200 40 59 188 229 230 
7200 41 187 188 225 229 
7200 42 187 188 225 229 
7200 43 61 187 188 219 
7200 44 187 217 219 225 
7200 45 187 188 222 229 
7200 46 213 214 217 221 
7200 47 188 219 222 229 
7200 48 188 219 222 229 
7200 49 187 188 222 229 
7200 50 187 188 219 225 
7200 51 37 38 55 58 
7200 52 61 62 188 222 
7200 53 61 187 219 225 
7200 54 56 58 60 62 
7200 55 51 61 219 222 
7200 56 54 61 62 188 
7200 57 31 61 199 222 
7200 58 51 54 187 188 
7200 59 40 188 222 229 
7200 60 15 30 37 54 
7200 61 15 16 17 23 29 30 33 35 37 39 43 52 53 55 56 57 
7200 62 17 30 33 52 54 56 
7200 63 91 93 96 97 
7200 64 91 93 96 97 
7200 65 91 93 96 97 
7200 66 89 91 92 94 
7200 67 91 93 96 97 
7200 68 92 93 96 97 
7200 69 94 95 96 97 
7200 70 91 93 96 97 
7200 71 93 94 96 97 
7200 72 84 88 95 96 
7200 73 78 80 84 97 
7200 74 91 93 96 97 
7200 75 94 95 96 97 
7200 76 91 93 96 97 
7200 77 93 94 96 97 
7200 78 73 80 84 97 
7200 79 91 92 93 97 
7200 80 73 78 84 97 
7200 81 92 93 96 97 
7200 82 83 86 87 91 
7200 83 82 93 96 97 
7200 84 72 73 78 80 88 
7200 85 93 94 96 97 
7200 86 82 91 92 93 
7200 87 82 93 96 97 
7200 88 72 84 90 95 
7200 89 66 94 95 96 
7200 90 88 91 94 95 
7200 91 63 64 65 66 67 70 74 76 79 82 86 90 
7200 92 66 68 79 81 86 
7200 93 8 9 10 63 64 65 67 68 70 71 74 76 77 79 81 83 85 86 87 
7200 94 2 8 9 10 66 69 71 75 77 85 89 90 
7200 95 69 72 75 88 89 90 
7200 96 2 8 9 10 63 64 65 67 68 69 70 71 72 74 75 76 77 81 83 85 87 89 
7200 97 2 8 9 10 63 64 65 67 68 69 70 71 73 74 75 76 77 78 79 80 81 83 85 87 
7200 98 124 125 126 127 
7200 99 124 125 126 127 
7200 100 124 125 126 127 
7200 101 124 125 126 127 
7200 102 124 125 126 127 
7200 103 124 125 128 137 
7200 104 112 120 123 131 
7200 105 124 125 126 127 
7200 106 112 125 126 127 
7200 107 124 125 126 127 
7200 108 124 125 126 127 
7200 109 124 125 126 127 
7200 110 122 125 126 127 
7200 111 124 125 126 127 
7200 112 104 106 114 123 
7200 113 124 125 126 127 
7200 114 112 125 126 127 
7200 115 124 125 126 127 
7200 116 123 124 126 127 
7200 117 124 125 126 127 
7200 118 120 126 127 131 
7200 119 124 125 126 127 
7200 120 104 118 122 131 
7200 121 124 125 126 127 
7200 122 110 120 127 131 
7200 123 104 112 116 129 
7200 124 11 98 99 100 101 102 103 105 107 108 109 111 113 115 116 117 119 121 128 130 132 133 134 135 136 
7200 125 3 11 98 99 100 101 102 103 105 106 107 108 109 110 111 113 114 115 117 119 121 128 129 130 132 133 134 135 136 137 
7200 126 3 11 98 99 100 101 102 105 106 107 108 109 110 111 113 114 115 116 117 118 119 121 129 130 132 133 134 135 136 137 
7200 127 3 11 98 99 100 101 102 105 106 107 108 109 110 111 113 114 115 116 117 118 119 121 122 129 130 132 133 134 135 136 
7200 128 103 124 125 137 
7200 129 123 125 126 127 
7200 130 124 125 126 127 
7200 131 104 118 120 122 
7200 132 124 125 126 127 
7200 133 124 125 126 127 
7200 134 124 125 126 127 
7200 135 124 125 126 127 
7200 136 124 125 126 127 
7200 137 103 125 126 128 
7200 138 176 177 180 181 
7200 139 12 178 180 181 
7200 140 145 150 159 161 163 168 171 172 
7200 141 144 147 148 152 155 157 161 165 
7200 142 176 178 180 181 
7200 143 154 156 
7200 144 141 169 176 180 
7200 145 140 178 180 181 
7200 146 172 176 180 181 
7200 147 141 173 176 180 
7200 148 141 178 180 181 
7200 149 163 171 174 
7200 150 140 178 180 181 
7200 151 172 176 180 181 
7200 152 141 178 180 181 
7200 153 172 176 180 181 
7200 154 143 176 180 181 
7200 155 141 173 176 180 
7200 156 143 167 175 179 
7200 157 141 178 180 181 
7200 158 173 176 180 181 
7200 159 140 178 180 181 
7200 160 176 178 180 181 
7200 161 140 141 176 178 
7200 162 178 179 180 181 
7200 163 140 149 180 181 
7200 164 176 178 180 181 
7200 165 141 169 173 180 
7200 166 167 175 177 179 
7200 167 156 166 177 179 
7200 168 140 178 180 181 
7200 169 144 165 180 181 
7200 170 176 177 180 181 
7200 171 140 149 178 181 
7200 172 140 146 151 153 
7200 173 147 155 158 165 
7200 174 149 178 180 181 
7200 175 156 166 177 179 
7200 176 13 138 142 144 146 147 151 153 154 155 158 160 161 164 170 
7200 177 138 166 167 170 175 
7200 178 4 12 13 139 142 145 148 150 152 157 159 160 161 162 164 168 171 174 
7200 179 156 162 166 167 175 
7200 180 4 12 13 138 139 142 144 145 146 147 148 150 151 152 153 154 155 157 158 159 160 162 163 164 165 168 169 170 174 
7200 181 4 12 13 138 139 142 145 146 148 150 151 152 153 154 157 158 159 160 162 163 164 168 169 170 171 174 
7200 182 223 224 228 230 
7200 183 224 228 229 230 
7200 184 197 215 217 221 
7200 185 224 226 228 230 
7200 186 224 228 229 230 
7200 187 1 6 7 16 17 18 20 21 22 23 24 27 28 29 32 33 34 35 38 39 41 42 43 44 45 49 50 53 58 
7200 188 1 6 7 16 17 18 22 23 27 28 30 32 33 34 35 37 38 40 41 42 43 45 47 48 49 50 52 56 58 59 226 
7200 189 205 206 226 230 
7200 190 223 224 228 230 
7200 191 224 228 229 230 
7200 192 224 228 229 230 
7200 193 224 228 229 230 
7200 194 224 228 229 230 
7200 195 224 228 229 230 
7200 196 197 211 215 216 
7200 197 184 196 224 228 
7200 198 223 224 228 230 
7200 199 31 57 222 229 
7200 200 221 224 228 229 
7200 201 224 228 229 230 
7200 202 220 221 224 228 
7200 203 224 228 229 230 
7200 204 224 227 228 230 
7200 205 189 228 229 230 
7200 206 189 221 228 230 
7200 207 224 228 229 230 
7200 208 224 228 229 230 
7200 209 218 221 224 228 
7200 210 25 228 229 230 
7200 211 196 215 216 227 
7200 212 217 218 221 224 
7200 213 46 221 224 228 
7200 214 46 221 224 228 
7200 215 184 196 211 227 
7200 216 196 211 223 227 
7200 217 44 46 184 212 
7200 218 20 25 209 212 
7200 219 1 6 7 16 18 20 21 22 23 26 27 28 29 32 35 36 39 43 44 47 48 50 53 55 
7200 220 19 202 228 230 
7200 221 19 46 184 200 202 206 209 212 213 214 
7200 222 24 25 26 31 36 45 47 48 49 52 55 57 59 199 
7200 223 182 190 198 216 
7200 224 14 19 182 183 185 186 190 191 192 193 194 195 197 198 200 201 202 203 204 207 208 209 212 213 214 
7200 225 1 6 7 18 20 21 22 24 26 27 28 29 32 34 36 39 41 42 44 50 53 
7200 226 185 188 189 230 
7200 227 204 211 215 216 
7200 228 5 14 182 183 185 186 190 191 192 193 194 195 197 198 200 201 202 203 204 205 206 207 208 209 210 213 214 220 
7200 229 5 14 15 19 21 24 25 26 34 36 38 40 41 42 45 47 48 49 59 183 186 191 192 193 194 195 199 200 201 203 205 207 208 210 
7200 230 5 14 15 31 40 182 183 185 186 189 190 191 192 193 194 195 198 201 203 204 205 206 207 208 210 220 226 
7200 231 0 5 
7200 232 0 4 
7200 233 0 2 
7200 234 0 3 
7200 235 0 3 4 
7200 236 0 2 4 5 
7200 237 0 5 
7200 238 0 2 
7200 239 0 3 
7200 240 0 3 
7200 241 0 2 
7200 242 0 4 
7200 243 0 4 5 
7200 244 0 3 
7200 245 0 2 5 
7200 246 0 2 4 
7200 247 0 3 
7200 248 0 5 
7200 249 0 2 
7200 250 0 3 5 
7200 251 0 4 
7200 252 0 2 
7200 253 0 3 4 5 
7200 254 0 
7200 255 0 5 
7200 256 0 4 
7200 257 0 2 3 
7200 258 0 3 
7200 259 0 2 5 
7200 260 0 4 
9000 0 2 3 4 5 231 232 233 234 235 236 237 238 239 240 241 242 243 244 245 246 247 248 249 250 251 252 253 254 255 256 257 258 259 260 
9000 1 60 61 193 219 
9000 2 0 93 96 97 233 236 238 241 245 246 249 252 257 259 
9000 3 0 125 126 127 234 235 239 240 244 247 250 253 257 258 
9000 4 0 178 180 181 232 235 236 242 243 246 251 253 256 260 
9000 5 0 228 229 230 231 236 237 243 245 248 250 253 255 259 
9000 6 60 61 193 219 
9000 7 60 61 193 219 
9000 8 92 93 96 97 
9000 9 92 93 96 97 
9000 10 92 93 96 97 
9000 11 124 125 126 127 
9000 12 139 178 180 181 
9000 13 176 178 180 181 
9000 14 225 228 229 230 
9000 15 199 203 222 229 
9000 16 61 62 193 222 
9000 17 58 60 61 62 
9000 18 59 60 61 193 
9000 19 187 224 225 229 
9000 20 219 221 225 229 
9000 21 195 217 219 229 
9000 22 60 61 193 219 
9000 23 56 58 60 61 
9000 24 219 222 225 229 
9000 25 218 222 225 229 
9000 26 219 222 225 229 
9000 27 60 61 193 219 
9000 28 60 61 193 219 
9000 29 53 55 58 61 
9000 30 58 60 61 62 
9000 31 222 225 229 230 
9000 32 62 193 219 222 
9000 33 58 60 61 62 
9000 34 188 217 219 229 
9000 35 51 60 61 62 
9000 36 193 212 217 219 
9000 37 51 60 61 219 
9000 38 51 60 61 62 
9000 39 53 55 58 61 
9000 40 187 189 226 230 
9000 41 59 60 61 219 
9000 42 188 195 219 229 
9000 43 58 60 61 193 
9000 44 46 50 53 217 
9000 45 203 219 222 229 
9000 46 44 214 217 221 
9000 47 203 219 222 229 
9000 48 203 219 222 229 
9000 49 193 203 222 229 
9000 50 44 61 193 219 
9000 51 35 37 38 58 
9000 52 60 61 62 222 
9000 53 29 39 44 61 
9000 54 56 58 60 62 
9000 55 29 39 203 222 
9000 56 23 54 61 62 
9000 57 189 199 222 226 
9000 58 17 23 29 30 33 39 43 51 54 
9000 59 18 41 225 229 
9000 60 1 6 7 17 18 22 23 27 28 30 33 35 37 38 41 43 52 54 
9000 61 1 6 7 16 17 18 22 23 27 28 29 30 33 35 37 38 39 41 43 50 52 53 56 
9000 62 16 17 30 32 33 35 38 52 54 56 
9000 63 91 93 96 97 
9000 64 91 93 96 97 
9000 65 91 93 96 97 
9000 66 74 89 91 92 
9000 67 91 93 96 97 
9000 68 92 93 96 97 
9000 69 94 95 96 97 
9000 70 91 93 96 97 
9000 71 92 93 96 97 
9000 72 88 90 94 95 
9000 73 78 80 84 94 
9000 74 66 93 96 97 
9000 75 92 93 96 97 
9000 76 91 93 96 97 
9000 77 92 93 96 97 
9000 78 73 80 93 97 
9000 79 92 93 96 97 
9000 80 73 78 93 97 
9000 81 92 93 96 97 
9000 82 87 91 93 97 
9000 83 91 93 96 97 
9000 84 73 88 94 95 
9000 85 92 93 96 97 
9000 86 91 92 96 97 
9000 87 82 93 96 97 
9000 88 72 84 94 95 
9000 89 66 95 96 97 
9000 90 72 91 94 95 
9000 91 63 64 65 66 67 70 76 82 83 86 90 
9000 92 8 9 10 66 68 71 75 77 79 81 85 86 
9000 93 2 8 9 10 63 64 65 67 68 70 71 74 75 76 77 78 79 80 81 82 83 85 87 
9000 94 69 72 73 84 88 90 
9000 95 69 72 84 88 89 90 
9000 96 2 8 9 10 63 64 65 67 68 69 70 71 74 75 76 77 79 81 83 85 86 87 89 
9000 97 2 8 9 10 63 64 65 67 68 69 70 71 74 75 76 77 78 79 80 81 82 83 85 86 87 89 
9000 98 124 125 126 127 
9000 99 123 125 126 127 
9000 100 124 125 126 127 
9000 101 124 125 126 127 
9000 102 124 125 126 127 
9000 103 124 125 126 128 
9000 104 120 123 127 131 
9000 105 124 125 126 127 
9000 106 124 125 126 127 
9000 107 125 126 127 128 
9000 108 123 125 126 127 
9000 109 124 125 126 127 
9000 110 123 125 126 127 
9000 111 123 125 126 127 
9000 112 114 134 
9000 113 123 125 126 127 
9000 114 112 125 126 127 
9000 115 124 125 126 127 
9000 116 124 125 126 127 
9000 117 123 125 126 127 
9000 118 123 125 126 127 
9000 119 125 126 127 128 
9000 120 104 122 127 131 
9000 121 125 126 127 137 
9000 122 120 127 129 131 
9000 123 99 104 108 110 111 113 117 118 129 132 
9000 124 11 98 100 101 102 103 105 106 109 115 116 128 130 133 135 136 137 
9000 125 3 11 98 99 100 101 102 103 105 106 107 108 109 110 111 113 114 115 116 117 118 119 121 129 130 132 133 134 135 136 137 
9000 126 3 11 98 99 100 101 102 103 105 106 107 108 109 110 111 113 114 115 116 117 118 119 121 130 132 133 134 135 136 137 
9000 127 3 11 98 99 100 101 102 104 105 106 107 108 109 110 111 113 114 115 116 117 118 119 120 121 122 129 130 131 132 133 134 135 136 
9000 128 103 107 119 124 
9000 129 122 123 125 127 
9000 130 124 125 126 127 
9000 131 104 120 122 127 
9000 132 123 125 126 127 
9000 133 124 125 126 127 
9000 134 112 125 126 127 
9000 135 124 125 126 127 
9000 136 124 125 126 127 
9000 137 121 124 125 126 
9000 138 177 178 180 181 
9000 139 12 178 180 181 
9000 140 146 161 163 168 171 174 
9000 141 144 147 148 152 155 157 161 165 173 
9000 142 176 178 180 181 
9000 143 156 
9000 144 141 172 176 180 
9000 145 176 178 180 181 
9000 146 140 178 180 181 
9000 147 141 173 176 180 
9000 148 141 157 165 173 
9000 149 176 178 180 181 
9000 150 176 178 180 181 
9000 151 172 176 180 181 
9000 152 141 178 180 181 
9000 153 172 176 180 181 
9000 154 177 178 180 181 
9000 155 141 173 176 180 
9000 156 143 167 175 179 
9000 157 141 148 180 181 
9000 158 172 176 180 181 
9000 159 176 178 180 181 
9000 160 176 178 180 181 
9000 161 140 141 175 177 
9000 162 176 178 180 181 
9000 163 140 178 180 181 
9000 164 176 178 180 181 
9000 165 141 148 176 180 
9000 166 167 175 177 179 
9000 167 156 166 177 179 
9000 168 140 178 180 181 
9000 169 176 178 180 181 
9000 170 177 178 180 181 
9000 171 140 174 178 181 
9000 172 144 151 153 158 
9000 173 141 147 148 155 
9000 174 140 171 178 181 
9000 175 156 161 166 179 
9000 176 13 142 144 145 147 149 150 151 153 155 158 159 160 162 164 165 169 
9000 177 138 154 161 166 167 170 
9000 178 4 12 13 138 139 142 145 146 149 150 152 154 159 160 162 163 164 168 169 170 171 174 
9000 179 156 166 167 175 
9000 180 4 12 13 138 139 142 144 145 146 147 149 150 151 152 153 154 155 157 158 159 160 162 163 164 165 168 169 170 
9000 181 4 12 13 138 139 142 145 146 149 150 151 152 153 154 157 158 159 160 162 163 164 168 169 170 171 174 
9000 182 224 225 228 230 
9000 183 225 228 229 230 
9000 184 196 197 215 
9000 185 224 225 228 230 
9000 186 225 228 229 230 
9000 187 19 40 229 230 
9000 188 34 42 225 229 
9000 189 40 57 199 226 
9000 190 224 225 228 230 
9000 191 225 228 229 230 
9000 192 225 228 229 230 
9000 193 1 6 7 16 18 22 27 28 32 36 43 49 50 
9000 194 225 228 229 230 
9000 195 21 42 225 229 
9000 196 184 197 215 227 
9000 197 184 196 224 228 
9000 198 225 227 228 230 
9000 199 15 57 189 226 
9000 200 224 225 228 229 
9000 201 225 228 229 230 
9000 202 221 224 225 228 
9000 203 15 45 47 48 49 55 
9000 204 224 225 228 230 
9000 205 211 216 223 227 
9000 206 221 225 228 230 
9000 207 224 225 228 229 
9000 208 225 228 229 230 
9000 209 218 221 224 228 
9000 210 225 228 229 230 
9000 211 205 215 216 223 
9000 212 36 224 225 228 
9000 213 223 224 228 230 
9000 214 46 224 225 228 
9000 215 184 196 211 216 227 
9000 216 205 211 215 223 
9000 217 21 34 36 44 46 
9000 218 25 209 229 230 
9000 219 1 6 7 20 21 22 24 26 27 28 32 34 36 37 41 42 45 47 48 50 
9000 220 224 225 228 230 
9000 221 20 46 202 206 209 
9000 222 15 16 24 25 26 31 32 45 47 48 49 52 55 57 
9000 223 205 211 213 216 
9000 224 19 182 185 190 197 200 202 204 207 209 212 213 214 220 
9000 225 14 19 20 24 25 26 31 59 182 183 185 186 188 190 191 192 194 195 198 200 201 202 204 206 207 208 210 212 214 220 
9000 226 40 57 189 199 
9000 227 196 198 205 215 
9000 228 5 14 182 183 185 186 190 191 192 194 197 198 200 201 202 204 206 207 208 209 210 212 213 214 220 
9000 229 5 14 15 19 20 21 24 25 26 31 34 42 45 47 48 49 59 183 186 187 188 191 192 194 195 200 201 207 208 210 218 
9000 230 5 14 31 40 182 183 185 186 187 190 191 192 194 198 201 204 206 208 210 213 218 220 
9000 231 0 5 
9000 232 0 4 
9000 233 0 2 
9000 234 0 3 
9000 235 0 3 4 
9000 236 0 2 4 5 
9000 237 0 5 
9000 238 0 2 
9000 239 0 3 
9000 240 0 3 
9000 241 0 2 
9000 242 0 4 
9000 243 0 4 5 
9000 244 0 3 
9000 245 0 2 5 
9000 246 0 2 4 
9000 247 0 3 
9000 248 0 5 
9000 249 0 2 
9000 250 0 3 5 
9000 251 0 4 
9000 252 0 2 
9000 253 0 3 4 5 
9000 254 0 
9000 255 0 5 
9000 256 0 4 
9000 257 0 2 3 
9000 258 0 3 
9000 259 0 2 5 
9000 260 0 4 
10800 0 2 3 4 5 231 232 233 234 235 236 237 238 239 240 241 242 243 244 245 246 247 248 249 250 251 252 253 254 255 256 257 258 259 260 
10800 1 60 61 192 219 
10800 2 0 95 96 97 233 236 238 241 245 246 249 252 257 259 
10800 3 0 125 126 127 234 235 239 240 244 247 250 253 257 258 
10800 4 0 178 180 181 232 235 236 242 243 246 251 253 256 260 
10800 5 0 228 229 230 231 236 237 243 245 248 250 253 255 259 
10800 6 60 61 192 219 
10800 7 60 61 192 219 
10800 8 93 95 96 97 
10800 9 93 95 96 97 
10800 10 93 95 96 97 
10800 11 124 125 126 127 
10800 12 139 178 180 181 
10800 13 176 178 180 181 
10800 14 225 228 229 230 
10800 15 62 192 199 222 
10800 16 58 60 61 192 
10800 17 62 192 199 222 
10800 18 59 60 61 192 
10800 19 187 224 225 229 
10800 20 195 212 217 219 
10800 21 192 195 217 219 
10800 22 60 61 192 219 
10800 23 51 188 217 219 
10800 24 58 222 225 229 
10800 25 218 222 225 229 
10800 26 58 222 225 229 
10800 27 60 61 192 219 
10800 28 60 61 192 219 
10800 29 53 55 58 61 
10800 30 60 61 62 192 
10800 31 57 199 222 230 
10800 32 60 61 192 219 
10800 33 60 61 62 192 
10800 34 188 195 217 219 
10800 35 61 62 199 222 
10800 36 60 219 222 229 
10800 37 51 60 61 192 
10800 38 51 60 61 62 
10800 39 55 58 61 192 
10800 40 186 222 225 229 
10800 41 187 188 221 229 
10800 42 188 195 217 219 
10800 43 58 60 61 192 
10800 44 50 53 58 217 
10800 45 188 195 219 222 
10800 46 214 217 221 229 
10800 47 195 199 219 222 
10800 48 192 199 219 222 
10800 49 61 62 192 222 
10800 50 44 61 192 219 
10800 51 23 37 38 58 
10800 52 54 62 192 222 
10800 53 29 44 58 61 
10800 54 52 56 60 62 
10800 55 29 39 192 222 
10800 56 54 61 62 192 
10800 57 31 62 199 222 
10800 58 16 24 26 29 39 43 44 51 53 
10800 59 18 225 228 229 
10800 60 1 6 7 16 18 22 27 28 30 32 33 36 37 38 43 54 
10800 61 1 6 7 16 18 22 27 28 29 30 32 33 35 37 38 39 43 49 50 53 56 
10800 62 15 17 30 33 35 38 49 52 54 56 57 
10800 63 92 93 96 97 
10800 64 93 95 96 97 
10800 65 93 95 96 97 
10800 66 87 91 92 95 
10800 67 91 93 96 97 
10800 68 93 95 96 97 
10800 69 94 95 96 97 
10800 70 93 95 96 97 
10800 71 93 95 96 97 
10800 72 89 90 94 95 
10800 73 78 80 84 97 
10800 74 93 95 96 97 
10800 75 93 95 96 97 
10800 76 93 95 96 97 
10800 77 93 95 96 97 
10800 78 73 80 93 97 
10800 79 93 95 96 97 
10800 80 73 78 93 97 
10800 81 93 95 96 97 
10800 82 87 91 93 97 
10800 83 93 95 96 97 
10800 84 73 93 94 95 
10800 85 93 95 96 97 
10800 86 92 95 96 97 
10800 87 66 82 96 97 
10800 88 90 91 94 95 
10800 89 72 94 95 96 
10800 90 72 88 94 95 
10800 91 66 67 82 88 
10800 92 63 66 86 96 
10800 93 8 9 10 63 64 65 67 68 70 71 74 75 76 77 78 79 80 81 82 83 84 85 
10800 94 69 72 84 88 89 90 
10800 95 2 8 9 10 64 65 66 68 69 70 71 72 74 75 76 77 79 81 83 84 85 86 88 89 90 
10800 96 2 8 9 10 63 64 65 67 68 69 70 71 74 75 76 77 79 81 83 85 86 87 89 92 
10800 97 2 8 9 10 63 64 65 67 68 69 70 71 73 74 75 76 77 78 79 80 81 82 83 85 86 87 
10800 98 124 125 126 127 
10800 99 123 125 126 127 
10800 100 124 125 126 127 
10800 101 124 125 126 127 
10800 102 124 125 126 127 
10800 103 119 124 128 137 
10800 104 120 122 123 131 
10800 105 124 125 126 127 
10800 106 124 125 126 127 
10800 107 124 125 126 127 
10800 108 123 125 126 127 
10800 109 124 125 126 127 
10800 110 112 125 126 127 
10800 111 124 125 126 127 
10800 112 110 114 134 
10800 113 122 125 126 127 
10800 114 112 125 126 127 
10800 115 124 125 126 127 
10800 116 124 125 126 127 
10800 117 124 125 126 127 
10800 118 122 123 125 127 
10800 119 103 120 128 131 
10800 120 104 119 122 131 
10800 121 124 125 126 127 
10800 122 104 113 118 120 129 131 
10800 123 99 104 108 118 129 
10800 124 11 98 100 101 102 103 105 106 107 109 111 115 116 117 121 128 130 132 133 135 136 
10800 125 3 11 98 99 100 101 102 105 106 107 108 109 110 111 113 114 115 116 117 118 121 129 130 132 133 134 135 136 137 
10800 126 3 11 98 99 100 101 102 105 106 107 108 109 110 111 113 114 115 116 117 121 130 132 133 134 135 136 137 
10800 127 3 11 98 99 100 101 102 105 106 107 108 109 110 111 113 114 115 116 117 118 121 129 130 132 133 134 135 136 
10800 128 103 119 124 137 
10800 129 122 123 125 127 
10800 130 124 125 126 127 
10800 131 104 119 120 122 
10800 132 124 125 126 127 
10800 133 124 125 126 127 
10800 134 112 125 126 127 
10800 135 124 125 126 127 
10800 136 124 125 126 127 
10800 137 103 125 126 128 
10800 138 177 178 180 181 
10800 139 12 178 180 181 
10800 140 149 150 154 161 163 164 168 171 174 
10800 141 144 150 152 155 157 160 161 165 173 
10800 142 176 178 180 181 
10800 143 153 154 156 
10800 144 141 172 176 180 
10800 145 176 178 180 181 
10800 146 177 179 180 181 
10800 147 172 173 176 180 
10800 148 150 152 155 157 
10800 149 140 171 174 
10800 150 140 141 148 181 
10800 151 172 176 180 181 
10800 152 141 148 180 181 
10800 153 143 176 180 181 
10800 154 140 143 180 181 
10800 155 141 148 176 180 
10800 156 143 167 175 179 
10800 157 141 148 180 181 
10800 158 172 176 180 181 
10800 159 176 178 180 181 
10800 160 141 178 180 181 
10800 161 140 141 176 180 
10800 162 176 178 180 181 
10800 163 140 178 180 181 
10800 164 140 179 180 181 
10800 165 141 173 176 180 
10800 166 167 175 177 179 
10800 167 156 166 177 179 
10800 168 140 178 180 181 
10800 169 176 178 180 181 
10800 170 177 178 180 181 
10800 171 140 149 174 181 
10800 172 144 147 151 158 
10800 173 141 147 165 174 
10800 174 140 149 171 173 
10800 175 156 166 177 179 
10800 176 13 142 144 145 147 151 153 155 158 159 161 162 165 169 
10800 177 138 146 166 167 170 175 
10800 178 4 12 13 138 139 142 145 159 160 162 163 168 169 170 
10800 179 146 156 164 166 167 175 
10800 180 4 12 13 138 139 142 144 145 146 147 151 152 153 154 155 157 158 159 160 161 162 163 164 165 168 169 170 
10800 181 4 12 13 138 139 142 145 146 150 151 152 153 154 157 158 159 160 162 163 164 168 169 170 171 
10800 182 225 228 229 230 
10800 183 225 228 229 230 
10800 184 224 225 228 229 
10800 185 225 228 229 230 
10800 186 40 228 229 230 
10800 187 19 41 229 230 
10800 188 23 34 41 42 45 
10800 189 205 206 226 230 
10800 190 225 228 229 230 
10800 191 225 228 229 230 
10800 192 1 6 7 15 16 17 18 21 22 27 28 30 32 33 37 39 43 48 49 50 52 55 56 
10800 193 224 225 228 229 
10800 194 225 228 229 230 
10800 195 20 21 34 42 45 47 
10800 196 197 214 215 224 
10800 197 196 221 224 228 
10800 198 225 228 229 230 
10800 199 15 17 31 35 47 48 57 
10800 200 224 225 228 229 
10800 201 225 228 229 230 
10800 202 224 225 228 229 
10800 203 225 228 229 230 
10800 204 225 228 229 230 
10800 205 189 228 229 230 
10800 206 189 228 229 230 
10800 207 225 228 229 230 
10800 208 225 228 229 230 
10800 209 218 221 224 228 
10800 210 225 228 229 230 
10800 211 215 216 223 227 
10800 212 20 224 225 229 
10800 213 218 221 224 228 
10800 214 46 196 228 229 
10800 215 196 211 216 223 227 
10800 216 211 215 223 227 
10800 217 20 21 23 34 42 44 46 
10800 218 25 209 213 230 
10800 219 1 6 7 20 21 22 23 27 28 32 34 36 42 45 47 48 50 
10800 220 225 228 229 230 
10800 221 41 46 197 209 213 
10800 222 15 17 24 25 26 31 35 36 40 45 47 48 49 52 55 57 
10800 223 211 215 216 227 
10800 224 19 184 193 196 197 200 202 209 212 213 
10800 225 14 19 24 25 26 40 59 182 183 184 185 190 191 193 194 198 200 201 202 203 204 207 208 210 212 220 
10800 226 189 230 
10800 227 211 215 216 223 
10800 228 5 14 59 182 183 184 185 186 190 191 193 194 197 198 200 201 202 203 204 205 206 207 208 209 210 213 214 220 
10800 229 5 14 19 24 25 26 36 40 41 46 59 182 183 184 185 186 187 190 191 193 194 198 200 201 202 203 204 205 206 207 208 210 212 214 220 
10800 230 5 14 31 182 183 185 186 187 189 190 191 194 198 201 203 204 205 206 207 208 210 218 220 226 
10800 231 0 5 
10800 232 0 4 
10800 233 0 2 
10800 234 0 3 
10800 235 0 3 4 
10800 236 0 2 4 5 
10800 237 0 5 
10800 238 0 2 
10800 239 0 3 
10800 240 0 3 
10800 241 0 2 
10800 242 0 4 
10800 243 0 4 5 
10800 244 0 3 
10800 245 0 2 5 
10800 246 0 2 4 
10800 247 0 3 
10800 248 0 5 
10800 249 0 2 
10800 250 0 3 5 
10800 251 0 4 
10800 252 0 2 
10800 253 0 3 4 5 
10800 254 0 
10800 255 0 5 
10800 256 0 4 
10800 257 0 2 3 
10800 258 0 3 
10800 259 0 2 5 
10800 260 0 4 
12600 0 2 3 4 5 231 232 233 234 235 236 237 238 239 240 241 242 243 244 245 246 247 248 249 250 251 252 253 254 255 256 257 258 259 260 
12600 1 61 188 219 222 
12600 2 0 93 96 97 233 236 238 241 245 246 249 252 257 259 
12600 3 0 125 126 127 234 235 239 240 244 247 250 253 257 258 
12600 4 0 140 141 181 232 235 236 242 243 246 251 253 256 260 
12600 5 0 228 229 230 231 236 237 243 245 248 250 253 255 259 
12600 6 61 188 219 222 
12600 7 61 188 219 222 
12600 8 92 93 96 97 
12600 9 92 93 96 97 
12600 10 92 93 96 97 
12600 11 124 125 126 127 
12600 12 139 141 180 181 
12600 13 140 178 180 181 
12600 14 224 228 229 230 
12600 15 199 217 222 229 
12600 16 60 61 188 222 
12600 17 58 60 61 62 
12600 18 60 61 188 222 
12600 19 55 187 224 229 
12600 20 212 217 219 222 
12600 21 218 219 222 229 
12600 22 61 188 219 222 
12600 23 56 58 60 61 
12600 24 58 60 222 229 
12600 25 208 210 218 229 
12600 26 218 219 222 229 
12600 27 60 217 219 222 
12600 28 61 188 219 222 
12600 29 55 58 61 62 
12600 30 58 60 61 62 
12600 31 57 199 229 230 
12600 32 55 61 229 230 
12600 33 58 60 61 62 
12600 34 212 217 219 229 
12600 35 51 61 188 222 
12600 36 212 217 219 222 
12600 37 51 60 61 188 
12600 38 51 62 212 217 
12600 39 58 61 188 222 
12600 40 188 199 219 222 
12600 41 61 188 219 222 
12600 42 188 219 222 229 
12600 43 60 61 188 222 
12600 44 188 212 217 219 
12600 45 188 219 222 229 
12600 46 213 214 217 221 
12600 47 188 219 222 229 
12600 48 200 219 222 229 
12600 49 188 228 229 230 
12600 50 188 219 222 229 
12600 51 35 37 38 58 
12600 52 60 61 62 222 
12600 53 186 187 229 230 
12600 54 57 58 60 62 
12600 55 19 29 32 188 
12600 56 23 60 61 62 
12600 57 31 54 62 199 
12600 58 17 23 24 29 30 33 39 51 54 
12600 59 219 221 222 229 
12600 60 16 17 18 23 24 27 30 33 37 43 52 54 56 
12600 61 1 6 7 16 17 18 22 23 28 29 30 32 33 35 37 39 41 43 52 56 
12600 62 17 29 30 33 38 52 54 56 57 
12600 63 91 93 96 97 
12600 64 91 93 96 97 
12600 65 91 93 96 97 
12600 66 85 87 91 92 
12600 67 91 93 96 97 
12600 68 92 93 96 97 
12600 69 94 95 96 97 
12600 70 93 94 96 97 
12600 71 92 93 96 97 
12600 72 88 90 94 95 
12600 73 80 84 93 97 
12600 74 91 93 96 97 
12600 75 92 93 96 97 
12600 76 91 93 96 97 
12600 77 92 93 96 97 
12600 78 91 92 96 97 
12600 79 92 93 96 97 
12600 80 73 82 93 97 
12600 81 92 93 96 97 
12600 82 80 93 96 97 
12600 83 91 93 96 97 
12600 84 73 88 94 95 
12600 85 66 93 96 97 
12600 86 92 93 96 97 
12600 87 66 93 96 97 
12600 88 72 84 94 95 
12600 89 93 94 95 96 
12600 90 72 92 94 95 
12600 91 63 64 65 66 67 74 76 78 83 
12600 92 8 9 10 66 68 71 75 77 78 79 81 86 90 
12600 93 2 8 9 10 63 64 65 67 68 70 71 73 74 75 76 77 79 80 81 82 83 85 86 87 89 
12600 94 69 70 72 84 88 89 90 
12600 95 69 72 84 88 89 90 
12600 96 2 8 9 10 63 64 65 67 68 69 70 71 74 75 76 77 78 79 81 82 83 85 86 87 89 
12600 97 2 8 9 10 63 64 65 67 68 69 70 71 73 74 75 76 77 78 79 80 81 82 83 85 86 87 
12600 98 124 125 126 127 
12600 99 123 125 126 127 
12600 100 124 125 126 127 
12600 101 124 125 126 127 
12600 102 124 125 126 127 
12600 103 122 124 128 137 
12600 104 123 124 125 126 
12600 105 124 125 126 127 
12600 106 124 125 126 127 
12600 107 124 125 126 127 
12600 108 123 125 126 127 
12600 109 124 125 126 127 
12600 110 121 125 126 127 
12600 111 125 126 127 131 
12600 112 114 118 122 128 
12600 113 122 125 126 127 
12600 114 112 125 126 127 
12600 115 124 125 126 127 
12600 116 124 125 126 127 
12600 117 120 126 127 131 
12600 118 112 120 126 127 
12600 119 124 125 126 127 
12600 120 117 118 122 131 
12600 121 110 125 126 127 
12600 122 103 112 113 120 129 131 
12600 123 99 104 108 129 
12600 124 11 98 100 101 102 103 104 105 106 107 109 115 116 119 128 130 132 133 134 135 136 
12600 125 3 11 98 99 100 101 102 104 105 106 107 108 109 110 111 113 114 115 116 119 121 129 130 132 133 134 135 136 137 
12600 126 3 11 98 99 100 101 102 104 105 106 107 108 109 110 111 113 114 115 116 117 118 119 121 130 132 133 134 135 136 137 
12600 127 3 11 98 99 100 101 102 105 106 107 108 109 110 111 113 114 115 116 117 118 119 121 129 130 132 133 134 135 136 
12600 128 103 112 124 137 
12600 129 122 123 125 127 
12600 130 124 125 126 127 
12600 131 111 117 120 122 
12600 132 124 125 126 127 
12600 133 124 125 126 127 
12600 134 124 125 126 127 
12600 135 124 125 126 127 
12600 136 124 125 126 127 
12600 137 103 125 126 128 
12600 138 140 177 180 181 
12600 139 12 141 180 181 
12600 140 4 13 138 150 151 153 154 156 158 159 160 161 168 169 170 171 172 174 
12600 141 4 12 139 142 144 145 146 147 148 150 152 154 157 159 160 161 164 165 168 169 172 
12600 142 141 178 180 181 
12600 143 156 162 
12600 144 141 173 176 180 
12600 145 141 178 180 181 
12600 146 141 176 180 181 
12600 147 141 173 176 180 
12600 148 141 157 165 173 
12600 149 171 174 178 
12600 150 140 141 180 181 
12600 151 140 176 180 181 
12600 152 141 178 180 181 
12600 153 140 176 180 181 
12600 154 140 141 180 181 
12600 155 172 173 176 180 
12600 156 140 143 179 180 
12600 157 141 148 180 181 
12600 158 140 176 180 181 
12600 159 140 141 180 181 
12600 160 140 141 180 181 
12600 161 140 141 176 178 
12600 162 143 176 180 181 
12600 163 178 179 180 181 
12600 164 141 178 180 181 
12600 165 141 148 176 180 
12600 166 167 175 177 179 
12600 167 166 175 177 179 
12600 168 140 141 180 181 
12600 169 140 141 180 181 
12600 170 140 177 180 181 
12600 171 140 149 174 181 
12600 172 140 141 155 181 
12600 173 144 147 148 155 
12600 174 140 149 171 178 
12600 175 166 167 177 179 
12600 176 144 146 147 151 153 155 158 161 162 165 
12600 177 138 166 167 170 175 
12600 178 13 142 145 149 152 161 163 164 174 
12600 179 156 163 166 167 175 
12600 180 12 13 138 139 142 144 145 146 147 150 151 152 153 154 155 156 157 158 159 160 162 163 164 165 168 169 170 
12600 181 4 12 13 138 139 142 145 146 150 151 152 153 154 157 158 159 160 162 163 164 168 169 170 171 172 
12600 182 221 224 228 230 
12600 183 224 228 229 230 
12600 184 196 197 215 216 
12600 185 221 224 228 230 
12600 186 53 228 229 230 
12600 187 19 53 229 230 
12600 188 1 6 7 16 18 22 28 35 37 39 40 41 42 43 44 45 47 49 50 55 
12600 189 216 225 226 230 
12600 190 223 224 228 230 
12600 191 224 228 229 230 
12600 192 224 228 229 230 
12600 193 224 228 229 230 
12600 194 224 228 229 230 
12600 195 220 221 224 229 
12600 196 184 197 215 216 
12600 197 184 196 216 228 
12600 198 221 224 228 230 
12600 199 15 31 40 57 
12600 200 48 228 229 230 
12600 201 224 228 229 230 
12600 202 220 221 224 228 
12600 203 224 228 229 230 
12600 204 223 224 228 230 
12600 205 211 223 225 227 
12600 206 221 225 228 230 
12600 207 224 228 229 230 
12600 208 25 228 229 230 
12600 209 218 221 224 228 
12600 210 25 228 229 230 
12600 211 205 215 223 227 
12600 212 20 34 36 38 44 
12600 213 46 224 227 228 
12600 214 46 221 224 228 
12600 215 184 196 211 227 
12600 216 184 189 196 197 226 
12600 217 15 20 27 34 36 38 44 46 
12600 218 21 25 26 209 
12600 219 1 6 7 20 21 22 26 27 28 34 36 40 41 42 44 45 47 48 50 59 
12600 220 195 202 228 230 
12600 221 46 59 182 185 195 198 202 206 209 214 
12600 222 1 6 7 15 16 18 20 21 22 24 26 27 28 35 36 39 40 41 42 43 45 47 48 50 52 59 
12600 223 190 204 205 211 
12600 224 14 19 182 183 185 190 191 192 193 194 195 198 201 202 203 204 207 209 213 214 
12600 225 189 205 206 226 
12600 226 189 216 225 230 
12600 227 205 211 213 215 
12600 228 5 14 49 182 183 185 186 190 191 192 193 194 197 198 200 201 202 203 204 206 207 208 209 210 213 214 220 
12600 229 5 14 15 19 21 24 25 26 31 32 34 42 45 47 48 49 50 53 59 183 186 187 191 192 193 194 195 200 201 203 207 208 210 
12600 230 5 14 31 32 49 53 182 183 185 186 187 189 190 191 192 193 194 198 200 201 203 204 206 207 208 210 220 226 
12600 231 0 5 
12600 232 0 4 
12600 233 0 2 
12600 234 0 3 
12600 235 0 3 4 
12600 236 0 2 4 5 
12600 237 0 5 
12600 238 0 2 
12600 239 0 3 
12600 240 0 3 
12600 241 0 2 
12600 242 0 4 
12600 243 0 4 5 
12600 244 0 3 
12600 245 0 2 5 
12600 246 0 2 4 
12600 247 0 3 
12600 248 0 5 
12600 249 0 2 
12600 250 0 3 5 
12600 251 0 4 
12600 252 0 2 
12600 253 0 3 4 5 
12600 254 0 
12600 255 0 5 
12600 256 0 4 
12600 257 0 2 3 
12600 258 0 3 
12600 259 0 2 5 
12600 260 0 4 
14400 0 2 3 4 5 231 232 233 234 235 236 237 238 239 240 241 242 243 244 245 246 247 248 249 250 251 252 253 254 255 256 257 258 259 260 
14400 1 59 60 61 219 
14400 2 0 93 96 97 233 236 238 241 245 246 249 252 257 259 
14400 3 0 125 126 127 234 235 239 240 244 247 250 253 257 258 
14400 4 0 178 180 181 232 235 236 242 243 246 251 253 256 260 
14400 5 0 60 229 230 231 236 237 243 245 248 250 253 255 259 
14400 6 59 60 61 219 
14400 7 59 60 61 219 
14400 8 92 93 96 97 
14400 9 92 93 96 97 
14400 10 92 93 96 97 
14400 11 124 125 126 127 
14400 12 139 178 180 181 
14400 13 176 178 180 181 
14400 14 225 228 229 230 
14400 15 61 199 222 229 
14400 16 58 59 60 61 
14400 17 58 222 225 229 
14400 18 58 59 60 61 
14400 19 187 188 225 229 
14400 20 183 201 212 217 
14400 21 183 217 219 229 
14400 22 59 61 183 219 
14400 23 56 58 60 61 
14400 24 219 222 225 229 
14400 25 218 222 225 229 
14400 26 219 222 225 229 
14400 27 59 60 61 219 
14400 28 59 60 61 219 
14400 29 59 61 183 201 
14400 30 58 60 61 62 
14400 31 57 199 222 230 
14400 32 59 60 61 219 
14400 33 58 60 61 62 
14400 34 195 217 219 229 
14400 35 183 217 219 229 
14400 36 201 212 217 219 
14400 37 55 56 58 61 
14400 38 58 60 61 62 
14400 39 55 58 61 183 
14400 40 59 60 61 219 
14400 41 56 58 59 61 
14400 42 61 195 219 229 
14400 43 57 58 60 61 
14400 44 212 213 217 219 
14400 45 61 219 222 229 
14400 46 213 214 217 221 
14400 47 199 219 222 229 
14400 48 199 219 222 229 
14400 49 60 61 222 229 
14400 50 59 60 61 219 
14400 51 54 58 60 62 
14400 52 60 61 62 222 
14400 53 58 61 183 201 
14400 54 51 58 60 62 
14400 55 37 39 61 222 
14400 56 23 37 41 62 
14400 57 31 43 199 222 
14400 58 16 17 18 23 30 33 37 38 39 41 43 51 53 54 
14400 59 1 6 7 16 18 22 27 28 29 32 40 41 50 
14400 60 1 5 6 7 16 18 23 27 28 30 32 33 38 40 43 49 50 51 52 54 
14400 61 1 6 7 15 16 18 22 23 27 28 29 30 32 33 37 38 39 40 41 42 43 45 49 50 52 53 55 
14400 62 30 33 38 51 52 54 56 
14400 63 91 93 96 97 
14400 64 91 93 96 97 
14400 65 94 95 96 97 
14400 66 85 87 91 92 
14400 67 91 93 96 97 
14400 68 92 93 96 97 
14400 69 94 95 96 97 
14400 70 91 93 96 97 
14400 71 92 93 96 97 
14400 72 88 91 94 95 
14400 73 78 80 84 97 
14400 74 92 93 96 97 
14400 75 92 93 96 97 
14400 76 91 93 96 97 
14400 77 92 93 96 97 
14400 78 73 80 93 97 
14400 79 92 93 96 97 
14400 80 73 78 93 97 
14400 81 92 93 96 97 
14400 82 87 91 93 97 
14400 83 91 93 96 97 
14400 84 73 88 94 95 
14400 85 66 93 96 97 
14400 86 91 92 96 97 
14400 87 66 82 96 97 
14400 88 72 84 94 95 
14400 89 93 94 95 96 
14400 90 93 94 95 96 
14400 91 63 64 66 67 70 72 76 82 83 86 
14400 92 8 9 10 66 68 71 74 75 77 79 81 86 
14400 93 2 8 9 10 63 64 67 68 70 71 74 75 76 77 78 79 80 81 82 83 85 89 90 
14400 94 65 69 72 84 88 89 90 
14400 95 65 69 72 84 88 89 90 
14400 96 2 8 9 10 63 64 65 67 68 69 70 71 74 75 76 77 79 81 83 85 86 87 89 90 
14400 97 2 8 9 10 63 64 65 67 68 69 70 71 73 74 75 76 77 78 79 80 81 82 83 85 86 87 
14400 98 124 125 126 127 
14400 99 124 125 126 127 
14400 100 124 125 126 127 
14400 101 124 125 126 127 
14400 102 124 125 126 127 
14400 103 119 124 128 137 
14400 104 120 123 129 131 
14400 105 124 125 126 127 
14400 106 124 125 126 127 
14400 107 124 125 126 127 
14400 108 123 125 126 127 
14400 109 124 125 126 127 
14400 110 122 125 126 127 
14400 111 123 125 126 127 
14400 112 123 124 125 126 
14400 113 122 125 126 127 
14400 114 123 125 126 127 
14400 115 124 125 126 127 
14400 116 124 125 126 127 
14400 117 124 125 126 127 
14400 118 120 125 126 127 
14400 119 103 126 127 128 
14400 120 104 118 122 131 
14400 121 124 125 126 127 
14400 122 110 113 120 129 
14400 123 104 108 111 112 114 129 131 
14400 124 11 98 99 100 101 102 103 105 106 107 109 112 115 116 117 121 128 130 132 133 134 135 136 
14400 125 3 11 98 99 100 101 102 105 106 107 108 109 110 111 112 113 114 115 116 117 118 121 130 132 133 134 135 136 137 
14400 126 3 11 98 99 100 101 102 105 106 107 108 109 110 111 112 113 114 115 116 117 118 119 121 130 132 133 134 135 136 137 
14400 127 3 11 98 99 100 101 102 105 106 107 108 109 110 111 113 114 115 116 117 118 119 121 130 132 133 134 135 136 
14400 128 103 119 124 137 
14400 129 104 122 123 131 
14400 130 124 125 126 127 
14400 131 104 120 123 129 
14400 132 124 125 126 127 
14400 133 124 125 126 127 
14400 134 124 125 126 127 
14400 135 124 125 126 127 
14400 136 124 125 126 127 
14400 137 103 125 126 128 
14400 138 176 177 180 181 
14400 139 12 178 180 181 
14400 140 145 147 150 155 160 161 168 171 174 
14400 141 144 147 148 152 155 157 160 161 165 173 
14400 142 176 178 180 181 
14400 143 156 
14400 144 141 172 176 180 
14400 145 140 178 180 181 
14400 146 172 176 180 181 
14400 147 140 141 148 161 
14400 148 141 147 172 173 
14400 149 171 174 
14400 150 140 178 180 181 
14400 151 172 176 180 181 
14400 152 141 178 180 181 
14400 153 172 176 180 181 
14400 154 176 178 180 181 
14400 155 140 141 180 181 
14400 156 143 167 175 179 
14400 157 141 178 180 181 
14400 158 172 176 180 181 
14400 159 176 178 180 181 
14400 160 140 141 180 181 
14400 161 140 141 147 178 
14400 162 176 178 180 181 
14400 163 178 179 180 181 
14400 164 176 178 180 181 
14400 165 141 177 179 180 
14400 166 167 175 177 179 
14400 167 156 166 177 179 
14400 168 140 178 180 181 
14400 169 172 176 180 181 
14400 170 176 177 180 181 
14400 171 140 149 174 181 
14400 172 144 146 148 151 153 158 169 
14400 173 141 148 180 181 
14400 174 140 149 171 178 
14400 175 156 166 177 179 
14400 176 13 138 142 144 146 151 153 154 158 159 162 164 169 170 
14400 177 138 165 166 167 170 175 
14400 178 4 12 13 139 142 145 150 152 154 157 159 161 162 163 164 168 174 
14400 179 156 163 165 166 167 175 
14400 180 4 12 13 138 139 142 144 145 146 150 151 152 153 154 155 157 158 159 160 162 163 164 165 168 169 170 173 
14400 181 4 12 13 138 139 142 145 146 150 151 152 153 154 155 157 158 159 160 162 163 164 168 169 170 171 173 
14400 182 188 228 229 230 
14400 183 20 21 22 29 35 39 53 
14400 184 196 197 215 216 
14400 185 224 225 228 230 
14400 186 188 228 229 230 
14400 187 19 228 229 230 
14400 188 19 182 186 229 
14400 189 206 208 226 230 
14400 190 225 227 228 230 
14400 191 225 228 229 230 
14400 192 225 228 229 230 
14400 193 225 228 229 230 
14400 194 225 228 229 230 
14400 195 34 42 228 229 
14400 196 184 197 215 
14400 197 184 196 224 228 
14400 198 224 225 228 230 
14400 199 15 31 47 48 57 
14400 200 224 225 228 229 
14400 201 20 29 36 53 
14400 202 221 224 225 228 
14400 203 225 228 229 230 
14400 204 225 228 229 230 
14400 205 225 227 228 230 
14400 206 189 225 228 230 
14400 207 225 228 229 230 
14400 208 189 226 229 230 
14400 209 218 221 224 228 
14400 210 225 228 229 230 
14400 211 215 216 223 227 
14400 212 20 36 44 225 
14400 213 44 46 223 228 
14400 214 46 224 225 228 
14400 215 184 196 211 216 
14400 216 184 211 215 223 
14400 217 20 21 34 35 36 44 46 
14400 218 25 209 229 230 
14400 219 1 6 7 21 22 24 26 27 28 32 34 35 36 40 42 44 45 47 48 50 
14400 220 224 225 228 230 
14400 221 46 202 209 229 
14400 222 15 17 24 25 26 31 45 47 48 49 52 55 57 
14400 223 211 213 216 227 
14400 224 185 197 198 200 202 209 214 220 
14400 225 14 17 19 24 25 26 185 190 191 192 193 194 198 200 202 203 204 205 206 207 210 212 214 220 
14400 226 189 208 230 
14400 227 190 205 211 223 
14400 228 14 182 185 186 187 190 191 192 193 194 195 197 198 200 202 203 204 205 206 207 209 210 213 214 220 
14400 229 5 14 15 17 19 21 24 25 26 34 35 42 45 47 48 49 182 186 187 188 191 192 193 194 195 200 203 204 207 208 210 218 221 
14400 230 5 14 31 182 185 186 187 189 190 191 192 193 194 198 203 204 205 206 207 208 210 218 220 226 
14400 231 0 5 
14400 232 0 4 
14400 233 0 2 
14400 234 0 3 
14400 235 0 3 4 
14400 236 0 2 4 5 
14400 237 0 5 
14400 238 0 2 
14400 239 0 3 
14400 240 0 3 
14400 241 0 2 
14400 242 0 4 
14400 243 0 4 5 
14400 244 0 3 
14400 245 0 2 5 
14400 246 0 2 4 
14400 247 0 3 
14400 248 0 5 
14400 249 0 2 
14400 250 0 3 5 
14400 251 0 4 
14400 252 0 2 
14400 253 0 3 4 5 
14400 254 0 
14400 255 0 5 
14400 256 0 4 
14400 257 0 2 3 
14400 258 0 3 
14400 259 0 2 5 
14400 260 0 4 
16200 0 2 3 4 5 231 232 233 234 235 236 237 238 239 240 241 242 243 244 245 246 247 248 249 250 251 252 253 254 255 256 257 258 259 260 
16200 1 59 60 61 219 
16200 2 0 93 96 97 233 236 238 241 245 246 249 252 257 259 
16200 3 0 125 126 127 234 235 239 240 244 247 250 253 257 258 
16200 4 0 178 180 181 232 235 236 242 243 246 251 253 256 260 
16200 5 0 228 229 230 231 236 237 243 245 248 250 253 255 259 
16200 6 59 60 61 219 
16200 7 59 60 61 219 
16200 8 92 93 96 97 
16200 9 92 93 96 97 
16200 10 92 93 96 97 
16200 11 124 125 126 127 
16200 12 139 178 180 181 
16200 13 176 178 180 181 
16200 14 225 228 229 230 
16200 15 61 62 222 229 
16200 16 57 58 60 61 
16200 17 60 61 62 222 
16200 18 58 59 60 61 
16200 19 57 224 225 229 
16200 20 59 221 225 229 
16200 21 210 217 219 229 
16200 22 59 60 61 219 
16200 23 188 222 225 229 
16200 24 222 224 225 229 
16200 25 222 224 225 229 
16200 26 222 224 225 229 
16200 27 59 60 61 219 
16200 28 59 60 61 219 
16200 29 60 61 222 229 
16200 30 60 61 62 222 
16200 31 57 222 229 230 
16200 32 59 60 61 219 
16200 33 58 60 61 62 
16200 34 51 217 219 229 
16200 35 56 58 60 61 
16200 36 210 212 217 219 
16200 37 51 58 60 61 
16200 38 51 60 61 62 
16200 39 53 55 58 61 
16200 40 59 60 61 219 
16200 41 59 60 61 219 
16200 42 188 210 219 229 
16200 43 58 60 61 222 
16200 44 50 53 203 217 
16200 45 61 219 222 229 
16200 46 196 221 224 228 
16200 47 188 224 225 229 
16200 48 219 222 224 229 
16200 49 60 61 222 229 
16200 50 44 60 61 219 
16200 51 34 37 38 58 
16200 52 60 61 62 222 
16200 53 39 44 58 61 
16200 54 56 58 60 62 
16200 55 39 60 61 222 
16200 56 35 54 61 62 
16200 57 16 19 31 222 
16200 58 16 18 33 35 37 39 43 51 53 54 
16200 59 1 6 7 18 20 22 27 28 32 40 41 
16200 60 1 6 7 16 17 18 22 27 28 29 30 32 33 35 37 38 40 41 43 49 50 52 54 55 
16200 61 1 6 7 15 16 17 18 22 27 28 29 30 32 33 35 37 38 39 40 41 43 45 49 50 52 53 55 56 
16200 62 15 17 30 33 38 52 54 56 
16200 63 91 93 96 97 
16200 64 91 93 96 97 
16200 65 91 93 96 97 
16200 66 87 89 91 92 
16200 67 91 93 96 97 
16200 68 92 93 96 97 
16200 69 94 95 96 97 
16200 70 91 93 96 97 
16200 71 92 93 96 97 
16200 72 73 88 94 95 
16200 73 72 80 84 97 
16200 74 91 93 96 97 
16200 75 92 93 96 97 
16200 76 91 93 96 97 
16200 77 92 93 96 97 
16200 78 91 93 96 97 
16200 79 92 93 96 97 
16200 80 73 82 93 97 
16200 81 92 93 96 97 
16200 82 80 91 93 97 
16200 83 91 93 96 97 
16200 84 73 88 94 95 
16200 85 92 93 96 97 
16200 86 91 92 96 97 
16200 87 66 93 96 97 
16200 88 72 84 90 95 
16200 89 66 94 95 96 
16200 90 88 91 94 95 
16200 91 63 64 65 66 67 70 74 76 78 82 83 86 90 
16200 92 8 9 10 66 68 71 75 77 79 81 85 86 
16200 93 2 8 9 10 63 64 65 67 68 70 71 74 75 76 77 78 79 80 81 82 83 85 87 
16200 94 69 72 84 89 90 
16200 95 69 72 84 88 89 90 
16200 96 2 8 9 10 63 64 65 67 68 69 70 71 74 75 76 77 78 79 81 83 85 86 87 89 
16200 97 2 8 9 10 63 64 65 67 68 69 70 71 73 74 75 76 77 78 79 80 81 82 83 85 86 87 
16200 98 124 125 126 127 
16200 99 124 125 126 127 
16200 100 124 125 126 127 
16200 101 124 125 126 127 
16200 102 124 125 126 127 
16200 103 107 119 121 128 
16200 104 120 123 124 131 
16200 105 124 125 126 127 
16200 106 124 125 126 127 
16200 107 103 125 126 127 
16200 108 124 125 126 127 
16200 109 124 125 126 127 
16200 110 112 125 126 127 
16200 111 123 124 125 127 
16200 112 110 114 116 124 
16200 113 122 125 126 127 
16200 114 112 125 126 127 
16200 115 124 125 126 127 
16200 116 112 125 126 127 
16200 117 124 125 126 127 
16200 118 125 126 127 131 
16200 119 103 126 127 128 
16200 120 104 123 127 131 
16200 121 103 126 127 128 
16200 122 113 127 131 133 
16200 123 104 111 120 127 
16200 124 11 98 99 100 101 102 104 105 106 108 109 111 112 115 117 128 129 130 132 134 135 136 137 
16200 125 3 11 98 99 100 101 102 105 106 107 108 109 110 111 113 114 115 116 117 118 129 130 132 133 134 135 136 137 
16200 126 3 11 98 99 100 101 102 105 106 107 108 109 110 113 114 115 116 117 118 119 121 129 130 132 133 134 135 136 137 
16200 127 3 11 98 99 100 101 102 105 106 107 108 109 110 111 113 114 115 116 117 118 119 120 121 122 123 129 130 132 133 134 135 136 137 
16200 128 103 119 121 124 
16200 129 124 125 126 127 
16200 130 124 125 126 127 
16200 131 104 118 120 122 
16200 132 124 125 126 127 
16200 133 122 125 126 127 
16200 134 124 125 126 127 
16200 135 124 125 126 127 
16200 136 124 125 126 127 
16200 137 124 125 126 127 
16200 138 176 177 180 181 
16200 139 12 141 180 181 
16200 140 150 161 163 168 171 172 174 
16200 141 139 144 147 148 152 155 157 158 161 165 
16200 142 173 176 180 181 
16200 143 151 156 
16200 144 141 173 176 180 
16200 145 149 178 180 181 
16200 146 173 176 180 181 
16200 147 141 173 176 180 
16200 148 141 158 165 173 
16200 149 145 163 171 174 
16200 150 140 178 180 181 
16200 151 143 176 180 181 
16200 152 141 178 180 181 
16200 153 172 176 180 181 
16200 154 176 178 180 181 
16200 155 141 173 176 180 
16200 156 143 167 175 179 
16200 157 141 178 180 181 
16200 158 141 148 180 181 
16200 159 176 178 180 181 
16200 160 176 178 180 181 
16200 161 140 141 176 178 
16200 162 176 178 180 181 
16200 163 140 149 180 181 
16200 164 177 178 180 181 
16200 165 141 148 176 180 
16200 166 167 175 177 179 
16200 167 156 166 177 179 
16200 168 140 178 180 181 
16200 169 176 178 180 181 
16200 170 176 177 180 181 
16200 171 140 149 174 181 
16200 172 140 153 180 181 
16200 173 142 144 146 147 148 155 
16200 174 140 149 171 178 
16200 175 156 166 177 179 
16200 176 13 138 142 144 146 147 151 153 154 155 159 160 161 162 165 169 170 
16200 177 138 164 166 167 170 175 
16200 178 4 12 13 145 150 152 154 157 159 160 161 162 164 168 169 174 
16200 179 156 166 167 175 
16200 180 4 12 13 138 139 142 144 145 146 147 150 151 152 153 154 155 157 158 159 160 162 163 164 165 168 169 170 172 
16200 181 4 12 13 138 139 142 145 146 150 151 152 153 154 157 158 159 160 162 163 164 168 169 170 171 172 
16200 182 225 227 228 230 
16200 183 227 228 229 230 
16200 184 196 197 215 224 
16200 185 225 227 228 230 
16200 186 225 228 229 230 
16200 187 227 228 229 230 
16200 188 23 42 47 229 
16200 189 206 214 226 230 
16200 190 225 227 228 230 
16200 191 225 228 229 230 
16200 192 225 228 229 230 
16200 193 227 228 229 230 
16200 194 225 228 229 230 
16200 195 221 224 225 229 
16200 196 46 184 197 215 
16200 197 184 196 215 228 
16200 198 225 227 228 230 
16200 199 221 225 228 229 
16200 200 226 228 229 230 
16200 201 225 228 229 230 
16200 202 225 228 229 230 
16200 203 44 228 229 230 
16200 204 225 227 228 230 
16200 205 226 227 228 230 
16200 206 189 228 229 230 
16200 207 225 228 229 230 
16200 208 225 228 229 230 
16200 209 218 221 224 228 
16200 210 21 36 42 230 
16200 211 215 216 223 227 
16200 212 36 221 224 225 
16200 213 218 221 224 228 
16200 214 189 221 225 228 
16200 215 184 196 197 211 216 
16200 216 211 215 223 228 
16200 217 21 34 36 44 
16200 218 209 213 229 230 
16200 219 1 6 7 21 22 27 28 32 34 36 40 41 42 45 48 50 
16200 220 224 225 228 230 
16200 221 20 46 195 199 209 212 213 214 
16200 222 15 17 23 24 25 26 29 30 31 43 45 48 49 52 55 57 
16200 223 211 216 226 227 
16200 224 19 24 25 26 46 47 48 184 195 209 212 213 220 
16200 225 14 19 20 23 24 25 26 47 182 185 186 190 191 192 194 195 198 199 201 202 204 207 208 212 214 220 
16200 226 189 200 205 223 
16200 227 182 183 185 187 190 193 198 204 205 211 223 
16200 228 5 14 46 182 183 185 186 187 190 191 192 193 194 197 198 199 200 201 202 203 204 205 206 207 208 209 213 214 216 220 
16200 229 5 14 15 19 20 21 23 24 25 26 29 31 34 42 45 47 48 49 183 186 187 188 191 192 193 194 195 199 200 201 202 203 206 207 208 218 
16200 230 5 14 31 182 183 185 186 187 189 190 191 192 193 194 198 200 201 202 203 204 205 206 207 208 210 218 220 
16200 231 0 5 
16200 232 0 4 
16200 233 0 2 
16200 234 0 3 
16200 235 0 3 4 
16200 236 0 2 4 5 
16200 237 0 5 
16200 238 0 2 
16200 239 0 3 
16200 240 0 3 
16200 241 0 2 
16200 242 0 4 
16200 243 0 4 5 
16200 244 0 3 
16200 245 0 2 5 
16200 246 0 2 4 
16200 247 0 3 
16200 248 0 5 
16200 249 0 2 
16200 250 0 3 5 
16200 251 0 4 
16200 252 0 2 
16200 253 0 3 4 5 
16200 254 0 
16200 255 0 5 
16200 256 0 4 
16200 257 0 2 3 
16200 258 0 3 
16200 259 0 2 5 
16200 260 0 4 
18000 0 2 3 4 5 231 232 233 234 235 236 237 238 239 240 241 242 243 244 245 246 247 248 249 250 251 252 253 254 255 256 257 258 259 260 
18000 1 60 61 219 222 
18000 2 0 93 96 97 233 236 238 241 245 246 249 252 257 259 
18000 3 0 125 126 127 234 235 239 240 244 247 250 253 257 258 
18000 4 0 178 180 181 232 235 236 242 243 246 251 253 256 260 
18000 5 0 228 229 230 231 236 237 243 245 248 250 253 255 259 
18000 6 60 61 219 222 
18000 7 60 61 219 222 
18000 8 92 93 96 97 
18000 9 92 93 96 97 
18000 10 92 93 96 97 
18000 11 124 125 126 127 
18000 12 139 178 180 181 
18000 13 177 178 180 181 
18000 14 225 228 229 230 
18000 15 188 199 222 229 
18000 16 58 60 61 222 
18000 17 60 61 62 222 
18000 18 59 60 61 222 
18000 19 221 224 225 229 
18000 20 195 212 217 219 
18000 21 219 222 225 229 
18000 22 59 60 61 219 
18000 23 51 58 60 61 
18000 24 221 222 225 229 
18000 25 218 221 225 229 
18000 26 59 61 229 230 
18000 27 60 61 219 222 
18000 28 60 61 219 222 
18000 29 55 58 59 61 
18000 30 60 61 62 222 
18000 31 57 199 229 230 
18000 32 60 61 219 222 
18000 33 60 61 62 222 
18000 34 188 219 222 229 
18000 35 56 58 60 61 
18000 36 61 212 217 219 
18000 37 51 188 221 229 
18000 38 51 60 61 62 
18000 39 53 55 58 61 
18000 40 60 61 219 222 
18000 41 187 221 225 229 
18000 42 188 219 222 229 
18000 43 60 61 222 229 
18000 44 53 59 212 217 
18000 45 61 219 222 229 
18000 46 214 216 217 221 
18000 47 187 188 228 229 
18000 48 187 218 225 229 
18000 49 188 221 222 229 
18000 50 60 61 219 222 
18000 51 23 37 38 58 
18000 52 61 62 199 222 
18000 53 39 44 59 61 
18000 54 56 58 60 62 
18000 55 29 39 61 222 
18000 56 35 54 61 62 
18000 57 31 61 199 222 
18000 58 16 23 29 35 39 51 54 
18000 59 18 22 26 29 44 53 
18000 60 1 6 7 16 17 18 22 23 27 28 30 32 33 35 38 40 43 50 54 
18000 61 1 6 7 16 17 18 22 23 26 27 28 29 30 32 33 35 36 38 39 40 43 45 50 52 53 55 56 57 
18000 62 17 30 33 38 52 54 56 
18000 63 91 93 96 97 
18000 64 89 91 93 97 
18000 65 91 93 96 97 
18000 66 74 87 91 92 
18000 67 94 95 96 97 
18000 68 92 93 96 97 
18000 69 93 94 96 97 
18000 70 91 93 96 97 
18000 71 92 93 96 97 
18000 72 88 90 94 95 
18000 73 78 80 84 97 
18000 74 66 93 96 97 
18000 75 92 93 96 97 
18000 76 91 93 96 97 
18000 77 92 93 96 97 
18000 78 73 80 93 97 
18000 79 92 93 96 97 
18000 80 73 78 93 97 
18000 81 92 93 96 97 
18000 82 89 91 93 97 
18000 83 92 93 96 97 
18000 84 73 88 94 95 
18000 85 92 93 96 97 
18000 86 91 92 96 97 
18000 87 66 93 96 97 
18000 88 72 84 94 95 
18000 89 64 82 96 97 
18000 90 72 91 94 95 
18000 91 63 64 65 66 70 76 82 86 90 
18000 92 8 9 10 66 68 71 75 77 79 81 83 85 86 
18000 93 2 8 9 10 63 64 65 68 69 70 71 74 75 76 77 78 79 80 81 82 83 85 87 
18000 94 67 69 72 84 88 90 
18000 95 67 72 84 88 90 
18000 96 2 8 9 10 63 65 67 68 69 70 71 74 75 76 77 79 81 83 85 86 87 89 
18000 97 2 8 9 10 63 64 65 67 68 69 70 71 73 74 75 76 77 78 79 80 81 82 83 85 86 87 89 
18000 98 124 125 126 127 
18000 99 123 125 126 127 
18000 100 124 125 126 127 
18000 101 124 125 126 127 
18000 102 124 125 126 127 
18000 103 124 126 128 137 
18000 104 120 122 123 131 
18000 105 124 125 126 127 
18000 106 124 125 126 127 
18000 107 124 125 126 127 
18000 108 123 125 126 127 
18000 109 124 125 126 127 
18000 110 122 125 126 127 
18000 111 123 125 126 127 
18000 112 114 126 129 134 
18000 113 122 125 126 127 
18000 114 112 125 126 127 
18000 115 124 125 126 127 
18000 116 124 125 126 127 
18000 117 124 125 126 127 
18000 118 120 126 127 131 
18000 119 125 126 127 128 
18000 120 104 118 122 131 
18000 121 124 125 126 127 
18000 122 104 110 113 120 131 
18000 123 99 104 108 111 
18000 124 11 98 100 101 102 103 105 106 107 109 115 116 117 121 128 130 132 133 135 136 
18000 125 3 11 98 99 100 101 102 105 106 107 108 109 110 111 113 114 115 116 117 119 121 129 130 132 133 134 135 136 137 
18000 126 3 11 98 99 100 101 102 103 105 106 107 108 109 110 111 112 113 114 115 116 117 118 119 121 129 130 132 133 134 135 136 137 
18000 127 3 11 98 99 100 101 102 105 106 107 108 109 110 111 113 114 115 116 117 118 119 121 129 130 132 133 134 135 136 
18000 128 103 119 124 137 
18000 129 112 125 126 127 
18000 130 124 125 126 127 
18000 131 104 118 120 122 
18000 132 124 125 126 127 
18000 133 124 125 126 127 
18000 134 112 125 126 127 
18000 135 124 125 126 127 
18000 136 124 125 126 127 
18000 137 103 125 126 128 
18000 138 176 177 180 181 
18000 139 12 178 180 181 
18000 140 146 150 153 160 161 163 168 171 172 174 
18000 141 142 144 147 148 152 155 157 161 165 173 
18000 142 141 178 180 181 
18000 143 156 175 177 179 
18000 144 141 177 180 181 
18000 145 177 178 180 181 
18000 146 140 149 180 181 
18000 147 141 177 180 181 
18000 148 141 162 165 173 
18000 149 146 153 171 174 
18000 150 140 178 180 181 
18000 151 176 177 180 181 
18000 152 141 178 180 181 
18000 153 140 149 180 181 
18000 154 177 178 180 181 
18000 155 141 177 180 181 
18000 156 143 166 167 175 
18000 157 141 178 180 181 
18000 158 176 177 180 181 
18000 159 177 178 180 181 
18000 160 140 178 180 181 
18000 161 140 141 176 178 
18000 162 148 178 180 181 
18000 163 140 178 180 181 
18000 164 177 178 180 181 
18000 165 141 148 180 181 
18000 166 156 167 175 179 
18000 167 156 166 175 179 
18000 168 140 178 180 181 
18000 169 177 178 180 181 
18000 170 176 177 180 181 
18000 171 140 149 174 181 
18000 172 140 178 180 181 
18000 173 141 148 180 181 
18000 174 140 149 171 178 
18000 175 143 156 166 167 179 
18000 176 138 151 158 161 170 
18000 177 13 138 143 144 145 147 151 154 155 158 159 164 169 170 
18000 178 4 12 13 139 142 145 150 152 154 157 159 160 161 162 163 164 168 169 172 174 
18000 179 143 166 167 175 
18000 180 4 12 13 138 139 142 144 145 146 147 150 151 152 153 154 155 157 158 159 160 162 163 164 165 168 169 170 172 173 
18000 181 4 12 13 138 139 142 144 145 146 147 150 151 152 153 154 155 157 158 159 160 162 163 164 165 168 169 170 171 172 173 
18000 182 224 225 228 230 
18000 183 225 228 229 230 
18000 184 196 204 213 215 
18000 185 224 225 228 230 
18000 186 225 228 229 230 
18000 187 41 47 48 230 
18000 188 15 34 37 42 47 49 
18000 189 200 206 226 230 
18000 190 225 226 228 230 
18000 191 225 228 229 230 
18000 192 225 228 229 230 
18000 193 225 228 229 230 
18000 194 225 228 229 230 
18000 195 20 228 229 230 
18000 196 184 203 204 215 
18000 197 220 221 224 228 
18000 198 224 225 228 230 
18000 199 15 31 52 57 
18000 200 189 228 229 230 
18000 201 225 228 229 230 
18000 202 221 224 225 228 
18000 203 196 227 228 229 
18000 204 184 196 225 228 
18000 205 211 223 227 230 
18000 206 189 225 228 230 
18000 207 225 228 229 230 
18000 208 225 228 229 230 
18000 209 218 221 224 228 
18000 210 225 228 229 230 
18000 211 205 215 223 227 
18000 212 20 36 44 225 
18000 213 184 218 224 228 
18000 214 46 224 225 228 
18000 215 184 196 211 227 
18000 216 46 223 227 228 
18000 217 20 36 44 46 
18000 218 25 48 209 213 
18000 219 1 6 7 20 21 22 27 28 32 34 36 40 42 45 50 
18000 220 197 225 228 230 
18000 221 19 24 25 37 41 46 49 197 202 209 
18000 222 1 6 7 15 16 17 18 21 24 27 28 30 32 33 34 40 42 43 45 49 50 52 55 57 
18000 223 205 211 216 227 
18000 224 19 182 185 197 198 202 209 213 214 
18000 225 14 19 21 24 25 41 48 182 183 185 186 190 191 192 193 194 198 201 202 204 206 207 208 210 212 214 220 
18000 226 189 190 230 
18000 227 203 205 211 215 216 223 
18000 228 5 14 47 182 183 185 186 190 191 192 193 194 195 197 198 200 201 202 203 204 206 207 208 209 210 213 214 216 220 
18000 229 5 14 15 19 21 24 25 26 31 34 37 41 42 43 45 47 48 49 183 186 191 192 193 194 195 200 201 203 207 208 210 
18000 230 5 14 26 31 182 183 185 186 187 189 190 191 192 193 194 195 198 200 201 205 206 207 208 210 220 226 
18000 231 0 5 
18000 232 0 4 
18000 233 0 2 
18000 234 0 3 
18000 235 0 3 4 
18000 236 0 2 4 5 
18000 237 0 5 
18000 238 0 2 
18000 239 0 3 
18000 240 0 3 
18000 241 0 2 
18000 242 0 4 
18000 243 0 4 5 
18000 244 0 3 
18000 245 0 2 5 
18000 246 0 2 4 
18000 247 0 3 
18000 248 0 5 
18000 249 0 2 
18000 250 0 3 5 
18000 251 0 4 
18000 252 0 2 
18000 253 0 3 4 5 
18000 254 0 
18000 255 0 5 
18000 256 0 4 
18000 257 0 2 3 
18000 258 0 3 
18000 259 0 2 5 
18000 260 0 4 
