0 21600
0 0 224 225 226 227 228 229 230 231 232 233 234 235 236 237 238 239 240 241 242 243 244 245 246 247 248 249 250 251 252 253 
0 1 6 7 11 12 13 14 15 16 17 18 19 20 21 22 23 24 25 27 28 29 30 31 33 34 35 37 38 39 40 41 42 43 44 45 46 47 48 49 50 51 52 53 54 55 56 57 58 59 224 226 227 229 230 232 233 235 237 240 242 243 244 247 250 251 253 
0 2 8 9 60 62 63 64 65 66 67 68 70 71 72 73 74 76 77 79 80 81 82 83 84 86 88 89 90 91 93 95 96 97 98 225 226 227 228 231 232 234 236 238 240 241 244 245 246 248 250 251 252 
0 3 102 103 104 106 107 108 109 110 111 112 113 114 115 116 117 118 119 120 122 123 124 125 127 128 129 130 131 132 133 134 136 137 138 139 140 142 143 144 145 146 147 148 225 226 227 229 230 232 233 235 236 237 239 240 242 243 244 247 248 250 252 
0 4 10 149 151 152 153 154 155 156 157 158 159 161 162 163 164 165 167 168 169 170 171 172 173 174 177 179 180 181 182 183 184 185 186 190 191 192 224 227 228 229 230 232 234 236 238 240 242 243 245 246 247 249 252 253 
0 5 194 195 196 197 198 199 200 202 203 205 206 207 208 209 210 211 212 213 214 217 218 219 220 221 222 223 225 226 227 228 229 231 233 234 236 238 239 241 242 244 245 246 249 250 252 253 
0 6 1 7 11 12 13 14 15 16 17 18 19 20 21 22 23 24 25 27 28 29 30 31 33 34 35 37 38 39 40 41 42 43 44 45 46 47 48 49 50 51 52 53 54 55 56 57 58 59 
0 7 1 6 11 12 13 14 15 16 17 18 19 20 21 22 23 24 25 27 28 29 30 31 33 34 35 37 38 39 40 41 42 43 44 45 46 47 48 49 50 51 52 53 54 55 56 57 58 59 
0 8 2 9 60 62 63 64 65 66 67 68 70 71 72 73 74 76 77 79 80 81 82 83 84 86 88 89 90 91 93 95 96 97 98 
0 9 2 8 60 62 63 64 65 66 67 68 70 71 72 73 74 76 77 79 80 81 82 83 84 86 88 89 90 91 93 95 96 97 98 
0 10 4 149 151 152 153 154 155 156 157 158 159 161 162 163 164 165 167 168 169 170 171 172 173 174 177 179 180 181 182 183 184 185 186 190 191 192 
0 11 1 6 7 12 13 14 15 16 17 18 19 20 21 22 23 25 26 27 28 29 30 31 32 33 34 35 37 38 39 40 41 43 44 45 46 47 48 49 50 51 52 53 54 55 56 57 58 59 
0 12 1 6 7 11 13 14 15 16 17 18 19 20 21 22 23 24 25 27 28 29 30 31 33 34 35 37 38 39 40 41 42 43 44 45 46 47 48 49 50 51 52 53 54 55 56 57 58 59 
0 13 1 6 7 11 12 14 15 16 17 18 19 20 21 22 23 25 27 28 29 30 31 33 34 35 37 38 39 40 41 42 43 44 45 46 47 48 49 50 51 52 53 54 55 56 57 58 59 
0 14 1 6 7 11 12 13 15 16 18 20 23 24 25 26 27 28 30 31 33 37 38 39 40 41 43 44 46 48 50 51 52 53 55 56 57 58 
0 15 1 6 7 11 12 13 14 16 17 18 19 20 21 22 23 25 26 27 28 29 30 31 33 34 35 37 38 39 40 41 42 43 44 45 46 47 48 49 50 51 52 53 54 55 56 57 58 59 
0 16 1 6 7 11 12 13 14 15 17 19 20 21 22 23 24 25 27 28 29 30 31 32 33 34 35 37 38 39 41 43 44 45 46 47 48 49 50 51 52 54 58 59 
0 17 1 6 7 11 12 13 15 16 18 19 20 21 22 23 25 27 28 29 30 31 32 33 34 35 37 38 39 40 41 43 44 46 47 48 50 51 52 53 54 57 58 59 
0 18 1 6 7 11 12 13 14 15 17 19 20 21 22 23 24 25 26 27 28 29 30 31 33 35 37 38 39 40 41 42 43 44 45 46 47 48 49 50 51 52 53 54 55 56 57 58 59 
0 19 1 6 7 11 12 13 15 16 17 18 20 21 22 23 24 25 27 28 29 30 31 32 33 34 35 37 38 39 40 41 42 43 44 45 46 47 48 49 50 51 52 53 54 55 56 57 59 
0 20 1 6 7 11 12 13 14 15 16 17 18 19 21 22 23 24 25 27 28 29 30 31 33 34 35 37 38 39 40 41 42 43 44 45 46 47 48 49 50 51 52 53 54 55 56 57 58 
0 21 1 6 7 11 12 13 15 16 17 18 19 20 22 23 24 25 27 28 29 30 31 32 33 34 35 37 38 39 40 41 42 43 44 45 46 47 48 49 50 51 52 53 54 55 57 58 59 
0 22 1 6 7 11 12 13 15 16 17 18 19 20 21 23 24 25 27 28 29 30 31 32 33 34 35 36 37 38 39 41 42 43 44 45 46 47 48 50 51 52 53 54 55 56 57 58 59 
0 23 1 6 7 11 12 13 14 15 16 17 18 19 20 21 22 25 27 28 29 30 31 33 34 35 37 38 39 40 41 42 43 44 45 46 47 48 49 50 51 52 53 54 55 56 57 58 59 
0 24 1 6 7 12 14 16 18 19 20 21 22 27 29 31 35 37 39 41 42 43 44 45 47 49 50 52 54 56 57 58 
0 25 1 6 7 11 12 13 14 15 16 17 18 19 20 21 22 23 27 28 29 30 31 33 34 35 37 38 39 40 41 43 44 45 46 47 48 50 51 52 53 54 55 56 57 58 
0 26 11 14 15 18 27 28 37 39 40 41 44 45 49 50 51 53 54 55 56 57 58 
0 27 1 6 7 11 12 13 14 15 16 17 18 19 20 21 22 23 24 25 26 28 29 30 31 33 34 35 37 38 39 40 41 43 44 45 46 47 48 49 50 51 52 53 54 55 56 57 58 
0 28 1 6 7 11 12 13 14 15 16 17 18 19 20 21 22 23 25 26 27 29 30 31 33 34 35 37 38 39 40 41 42 43 44 45 46 47 48 49 50 51 52 53 54 55 56 57 58 59 
0 29 1 6 7 11 12 13 15 16 17 18 19 20 21 22 23 24 25 27 28 30 31 32 33 34 35 37 38 39 40 41 42 43 44 45 46 47 48 49 50 51 52 53 54 55 56 57 59 
0 30 1 6 7 11 12 13 14 15 16 17 18 19 20 21 22 23 25 27 28 29 31 32 33 34 35 36 37 38 39 40 41 42 43 44 45 46 47 48 50 51 52 53 54 55 56 57 58 59 
0 31 1 6 7 11 12 13 14 15 16 17 18 19 20 21 22 23 24 25 27 28 29 30 33 34 35 37 38 39 40 41 42 43 44 45 46 47 48 49 50 51 52 53 54 55 56 57 58 
0 32 11 16 17 19 21 22 29 30 34 35 36 39 47 50 54 56 57 59 
0 33 1 6 7 11 12 13 14 15 16 17 18 19 20 21 22 23 25 27 28 29 30 31 34 35 37 38 39 40 41 42 43 44 45 46 47 48 49 50 51 52 53 54 55 56 57 58 59 
0 34 1 6 7 11 12 13 15 16 17 19 20 21 22 23 25 27 28 29 30 31 32 33 35 36 37 38 39 41 43 46 47 48 50 52 54 56 59 
0 35 1 6 7 11 12 13 15 16 17 18 19 20 21 22 23 24 25 27 28 29 30 31 32 33 34 37 38 39 40 41 43 44 45 46 47 48 50 51 52 53 54 55 56 57 58 59 
0 36 22 30 32 34 42 59 
0 37 1 6 7 11 12 13 14 15 16 17 18 19 20 21 22 23 24 25 26 27 28 29 30 31 33 34 35 38 39 40 41 42 43 44 45 46 47 48 49 50 51 52 53 54 55 56 57 58 
0 38 1 6 7 11 12 13 14 15 16 17 18 19 20 21 22 23 25 27 28 29 30 31 33 34 35 37 39 40 41 42 43 44 45 46 47 48 49 50 51 52 53 54 55 56 57 58 59 
0 39 1 6 7 11 12 13 14 15 16 17 18 19 20 21 22 23 24 25 26 27 28 29 30 31 32 33 34 35 37 38 40 41 43 44 45 46 47 48 49 50 51 52 53 54 55 57 58 59 
0 40 1 6 7 11 12 13 14 15 17 18 19 20 21 23 25 26 27 28 29 30 31 33 35 37 38 39 41 42 43 44 45 46 48 49 50 51 52 53 54 55 56 57 58 
0 41 1 6 7 11 12 13 14 15 16 17 18 19 20 21 22 23 24 25 26 27 28 29 30 31 33 34 35 37 38 39 40 43 44 45 46 47 48 49 50 51 52 53 54 55 56 57 58 
0 42 1 6 7 12 13 15 18 19 20 21 22 23 24 28 29 30 31 33 36 37 38 40 43 44 45 47 48 49 50 52 53 54 55 57 59 
0 43 1 6 7 11 12 13 14 15 16 17 18 19 20 21 22 23 24 25 27 28 29 30 31 33 34 35 37 38 39 40 41 42 44 45 46 47 48 49 50 51 52 53 54 55 56 57 58 59 
0 44 1 6 7 11 12 13 14 15 16 17 18 19 20 21 22 23 24 25 26 27 28 29 30 31 33 35 37 38 39 40 41 42 43 45 46 47 48 49 50 51 52 53 54 55 56 57 58 59 
0 45 1 6 7 11 12 13 15 16 18 19 20 21 22 23 24 25 26 27 28 29 30 31 33 35 37 38 39 40 41 42 43 44 46 47 48 49 50 51 52 53 54 55 56 59 
0 46 1 6 7 11 12 13 14 15 16 17 18 19 20 21 22 23 25 27 28 29 30 31 33 34 35 37 38 39 40 41 43 44 45 47 48 50 51 52 53 54 55 56 57 58 59 
0 47 1 6 7 11 12 13 15 16 17 18 19 20 21 22 23 24 25 27 28 29 30 31 32 33 34 35 37 38 39 41 42 43 44 45 46 48 49 50 51 52 53 54 55 56 57 58 59 
0 48 1 6 7 11 12 13 14 15 16 17 18 19 20 21 22 23 25 27 28 29 30 31 33 34 35 37 38 39 40 41 42 43 44 45 46 47 49 50 51 52 53 54 55 56 57 58 59 
0 49 1 6 7 11 12 13 15 16 18 19 20 21 23 24 26 27 28 29 31 33 37 38 39 40 41 42 43 44 45 47 48 50 51 52 54 55 
0 50 1 6 7 11 12 13 14 15 16 17 18 19 20 21 22 23 24 25 26 27 28 29 30 31 32 33 34 35 37 38 39 40 41 42 43 44 45 46 47 48 49 51 52 53 54 55 56 57 58 59 
0 51 1 6 7 11 12 13 14 15 16 17 18 19 20 21 22 23 25 26 27 28 29 30 31 33 35 37 38 39 40 41 43 44 45 46 47 48 49 50 52 53 54 55 56 57 58 
0 52 1 6 7 11 12 13 14 15 16 17 18 19 20 21 22 23 24 25 27 28 29 30 31 33 34 35 37 38 39 40 41 42 43 44 45 46 47 48 49 50 51 53 54 55 56 57 58 
0 53 1 6 7 11 12 13 14 15 17 18 19 20 21 22 23 25 26 27 28 29 30 31 33 35 37 38 39 40 41 42 43 44 45 46 47 48 50 51 52 54 55 56 57 58 59 
0 54 1 6 7 11 12 13 15 16 17 18 19 20 21 22 23 24 25 26 27 28 29 30 31 32 33 34 35 37 38 39 40 41 42 43 44 45 46 47 48 49 50 51 52 53 55 57 58 59 
0 55 1 6 7 11 12 13 14 15 18 19 20 21 22 23 25 26 27 28 29 30 31 33 35 37 38 39 40 41 42 43 44 45 46 47 48 49 50 51 52 53 54 56 57 58 59 
0 56 1 6 7 11 12 13 14 15 18 19 20 22 23 24 25 26 27 28 29 30 31 32 33 34 35 37 38 40 41 43 44 45 46 47 48 50 51 52 53 55 57 58 
0 57 1 6 7 11 12 13 14 15 17 18 19 20 21 22 23 24 25 26 27 28 29 30 31 32 33 35 37 38 39 40 41 42 43 44 46 47 48 50 51 52 53 54 55 56 58 59 
0 58 1 6 7 11 12 13 14 15 16 17 18 20 21 22 23 24 25 26 27 28 30 31 33 35 37 38 39 40 41 43 44 46 47 48 50 51 52 53 54 55 56 57 
0 59 1 6 7 11 12 13 15 16 17 18 19 21 22 23 28 29 30 32 33 34 35 36 38 39 42 43 44 45 46 47 48 50 53 54 55 57 
0 60 2 8 9 63 64 65 66 67 69 70 71 72 73 74 76 77 80 81 82 83 84 86 89 90 93 96 98 99 100 
0 61 64 78 82 85 88 92 94 96 99 
0 62 2 8 9 63 65 66 67 69 70 71 76 77 79 81 82 83 84 91 93 95 
0 63 2 8 9 60 62 64 65 66 67 69 70 71 72 73 74 76 77 79 80 81 82 83 84 86 88 89 90 91 93 95 96 98 
0 64 2 8 9 60 61 63 70 71 72 73 76 78 79 80 81 82 84 85 88 89 90 92 93 96 98 
0 65 2 8 9 60 62 63 66 67 68 69 70 71 72 74 76 77 79 80 81 82 83 84 85 86 89 90 91 93 95 97 98 
0 66 2 8 9 60 62 63 65 67 68 69 70 71 72 73 74 76 77 79 80 81 82 83 84 86 89 90 91 93 95 97 98 
0 67 2 8 9 60 62 63 65 66 68 70 71 72 73 74 76 77 79 80 81 82 83 84 86 87 90 91 93 95 97 98 
0 68 2 8 9 65 66 67 71 72 74 75 76 79 80 81 83 84 85 86 90 91 94 95 97 98 100 
0 69 60 62 63 65 66 70 78 80 81 84 86 89 92 93 99 
0 70 2 8 9 60 62 63 64 65 66 67 69 73 76 77 78 81 82 83 84 87 89 93 94 95 96 97 99 
0 71 2 8 9 60 62 63 64 65 66 67 68 72 73 74 76 77 79 80 81 82 83 84 86 88 89 90 91 95 96 97 98 
0 72 2 8 9 60 63 64 65 66 67 68 71 73 74 76 79 80 81 83 84 86 88 89 90 91 95 96 97 98 
0 73 2 8 9 60 63 64 66 67 70 71 72 74 75 76 80 81 83 84 86 87 89 90 94 96 97 98 99 
0 74 2 8 9 60 63 65 66 67 68 71 72 73 76 79 80 81 83 84 86 89 90 91 94 95 96 97 98 100 
0 75 68 73 87 92 94 100 
0 76 2 8 9 60 62 63 64 65 66 67 68 70 71 72 73 74 77 79 80 81 82 83 84 85 86 88 89 90 91 93 95 96 97 98 
0 77 2 8 9 60 62 63 65 66 67 70 71 76 79 80 81 82 83 84 91 93 95 
0 78 61 64 69 70 92 93 98 99 
0 79 2 8 9 62 63 64 65 66 67 68 71 72 74 76 77 80 81 82 83 84 85 86 90 91 93 95 97 98 
0 80 2 8 9 60 63 64 65 66 67 68 69 71 72 73 74 76 77 79 81 82 83 84 85 86 88 89 90 91 93 95 96 97 98 
0 81 2 8 9 60 62 63 64 65 66 67 68 69 70 71 72 73 74 76 77 79 80 82 83 84 86 88 89 90 91 93 95 96 97 98 
0 82 2 8 9 60 61 62 63 64 65 66 67 70 71 76 77 79 80 81 83 84 88 91 93 94 95 96 
0 83 2 8 9 60 62 63 65 66 67 68 70 71 72 73 74 76 77 79 80 81 82 84 86 90 91 95 97 98 
0 84 2 8 9 60 62 63 64 65 66 67 68 69 70 71 72 73 74 76 77 79 80 81 82 83 85 86 87 88 89 90 91 93 95 96 97 98 
0 85 61 64 65 68 76 79 80 84 86 91 92 95 97 99 
0 86 2 8 9 60 63 65 66 67 68 69 71 72 73 74 76 79 80 81 83 84 85 89 90 91 93 95 98 
0 87 67 70 73 75 84 89 94 97 100 
0 88 2 8 9 61 63 64 71 72 76 80 81 82 84 89 90 94 96 98 
0 89 2 8 9 60 63 64 65 66 69 70 71 72 73 74 76 80 81 84 86 87 88 90 94 96 98 100 
0 90 2 8 9 60 63 64 65 66 67 68 71 72 73 74 76 79 80 81 83 84 86 88 89 91 95 96 97 98 
0 91 2 8 9 62 63 65 66 67 68 71 72 74 76 77 79 80 81 82 83 84 85 86 90 95 97 98 
0 92 61 64 69 75 78 85 93 98 99 
0 93 2 8 9 60 62 63 64 65 66 67 69 70 76 77 78 79 80 81 82 84 86 92 95 99 
0 94 61 68 70 73 74 75 82 87 88 89 96 100 
0 95 2 8 9 62 63 65 66 67 68 70 71 72 74 76 77 79 80 81 82 83 84 85 86 90 91 93 97 98 
0 96 2 8 9 60 61 63 64 70 71 72 73 74 76 80 81 82 84 88 89 90 94 98 
0 97 2 8 9 65 66 67 68 70 71 72 73 74 76 79 80 81 83 84 85 87 90 91 95 98 
0 98 2 8 9 60 63 64 65 66 67 68 71 72 73 74 76 78 79 80 81 83 84 86 88 89 90 91 92 95 96 97 
0 99 60 61 69 70 73 78 85 92 93 
0 100 60 68 74 75 87 89 94 
0 101 103 113 115 117 118 123 129 143 145 148 
0 102 3 103 104 105 106 108 109 110 111 113 114 116 119 120 124 125 128 130 131 132 133 136 137 138 139 140 141 142 143 144 145 147 148 
0 103 3 101 102 104 106 107 108 109 110 111 113 114 115 117 118 119 120 123 124 125 127 128 129 130 131 132 133 134 136 137 138 139 140 142 143 144 145 146 147 148 
0 104 3 102 103 107 108 109 110 111 112 113 114 115 116 117 120 121 122 123 124 125 126 127 128 130 131 132 133 135 136 138 139 141 144 145 146 147 148 
0 105 102 109 114 124 130 132 136 137 140 144 147 
0 106 3 102 103 107 109 110 111 112 114 115 118 119 120 125 126 128 129 130 132 134 135 136 137 138 139 140 143 145 146 147 148 
0 107 3 103 104 106 109 110 111 112 114 115 116 117 118 119 120 121 122 125 127 128 130 132 134 135 136 137 138 139 143 145 146 147 148 
0 108 3 102 103 104 109 110 111 112 113 114 115 116 118 120 122 123 124 125 127 128 130 131 132 133 134 135 136 138 139 140 142 144 145 146 147 148 
0 109 3 102 103 104 105 106 107 108 110 111 113 114 115 116 117 118 119 120 123 124 125 127 128 129 130 131 132 133 134 136 137 138 139 140 142 143 144 145 146 147 148 
0 110 3 102 103 104 106 107 108 109 111 112 113 114 115 116 117 118 119 120 122 123 124 125 127 128 129 130 131 132 133 134 136 137 138 139 140 142 143 144 145 146 147 148 
0 111 3 102 103 104 106 107 108 109 110 112 113 114 115 116 118 120 122 123 124 125 127 128 130 131 132 133 134 135 136 138 139 140 142 143 144 145 146 147 148 
0 112 3 104 106 107 108 110 111 114 115 118 120 122 125 126 127 128 129 133 134 135 138 139 143 146 147 
0 113 3 101 102 103 104 108 109 110 111 118 120 125 127 128 129 130 131 132 133 134 136 138 139 140 142 144 145 148 
0 114 3 102 103 104 105 106 107 108 109 110 111 112 115 116 118 119 120 122 123 124 125 127 128 130 131 132 133 134 136 137 138 139 143 145 146 147 148 
0 115 3 101 103 104 106 107 108 109 110 111 112 114 118 119 120 122 125 127 128 130 132 134 137 138 139 140 143 145 146 147 148 
0 116 3 102 104 107 108 109 110 111 114 117 120 121 122 123 124 125 127 130 131 132 135 136 137 138 139 144 145 147 148 
0 117 3 101 103 104 107 109 110 116 118 119 120 121 122 123 124 127 129 130 131 134 135 138 145 147 148 
0 118 3 101 103 106 107 108 109 110 111 112 113 114 115 117 119 120 125 126 128 129 131 132 134 137 138 139 143 145 146 147 148 
0 119 3 102 103 106 107 109 110 114 115 117 118 120 125 128 129 130 132 134 136 137 138 139 140 141 142 143 145 146 147 148 
0 120 3 102 103 104 106 107 108 109 110 111 112 113 114 115 116 117 118 119 121 122 123 124 125 127 128 129 130 131 132 133 134 135 136 138 139 142 143 144 145 146 147 148 
0 121 104 107 116 117 120 122 123 127 135 147 
0 122 3 104 107 108 110 111 112 114 115 116 117 120 121 123 124 125 127 128 131 134 135 138 139 142 145 146 147 148 
0 123 3 101 103 104 108 109 110 111 114 116 117 120 121 122 124 125 127 129 130 131 133 135 138 139 144 145 147 148 
0 124 3 102 103 104 105 108 109 110 111 114 116 117 120 122 123 125 127 130 131 132 133 136 137 138 139 140 144 145 147 148 
0 125 3 102 103 104 106 107 108 109 110 111 112 113 114 115 116 118 119 120 122 123 124 126 127 128 130 131 132 133 134 135 136 137 138 139 140 142 143 144 145 146 147 148 
0 126 104 106 112 118 125 127 129 133 135 141 
0 127 3 103 104 107 108 109 110 111 112 113 114 115 116 117 120 121 122 123 124 125 126 128 130 131 132 133 135 136 138 139 142 144 145 146 147 148 
0 128 3 102 103 104 106 107 108 109 110 111 112 113 114 115 118 119 120 122 125 127 129 130 131 132 133 134 136 137 138 139 140 143 144 145 146 147 148 
0 129 3 101 103 106 109 110 112 113 117 118 119 120 123 126 128 131 134 138 139 143 145 148 
0 130 3 102 103 104 105 106 107 108 109 110 111 113 114 115 116 117 119 120 123 124 125 127 128 131 132 133 136 137 138 139 140 142 143 144 145 146 147 148 
0 131 3 102 103 104 108 109 110 111 113 114 116 117 118 120 122 123 124 125 127 128 129 130 132 133 134 136 138 139 142 144 145 147 148 
0 132 3 102 103 104 105 106 107 108 109 110 111 113 114 115 116 118 119 120 124 125 127 128 130 131 133 136 137 138 139 140 143 144 145 146 147 148 
0 133 3 102 103 104 108 109 110 111 112 113 114 120 123 124 125 126 127 128 130 131 132 135 136 138 139 140 141 142 144 145 147 148 
0 134 3 103 106 107 108 109 110 111 112 113 114 115 117 118 119 120 122 125 128 129 131 138 139 142 143 145 146 147 148 
0 135 104 106 107 108 111 112 116 117 120 121 122 123 125 126 127 133 138 139 148 
0 136 3 102 103 104 105 106 107 108 109 110 111 113 114 116 119 120 124 125 127 128 130 131 132 133 137 138 139 140 142 143 144 145 147 148 
0 137 3 102 103 105 106 107 109 110 114 115 116 118 119 124 125 128 130 132 136 139 140 143 145 146 147 148 
0 138 3 102 103 104 106 107 108 109 110 111 112 113 114 115 116 117 118 119 120 122 123 124 125 127 128 129 130 131 132 133 134 135 136 139 142 143 144 145 146 147 148 
0 139 3 102 103 104 106 107 108 109 110 111 112 113 114 115 116 118 119 120 122 123 124 125 127 128 129 130 131 132 133 134 135 136 137 138 140 143 144 145 146 147 148 
0 140 3 102 103 105 106 108 109 110 111 113 115 119 124 125 128 130 132 133 136 137 139 142 143 144 145 147 148 
0 141 102 104 119 126 133 142 146 
0 142 3 102 103 108 109 110 111 113 119 120 122 125 127 130 131 133 134 136 138 140 141 144 145 
0 143 3 101 102 103 106 107 109 110 111 112 114 115 118 119 120 125 128 129 130 132 134 136 137 138 139 140 145 146 147 148 
0 144 3 102 103 104 105 108 109 110 111 113 116 120 123 124 125 127 128 130 131 132 133 136 138 139 140 142 145 147 148 
0 145 3 101 102 103 104 106 107 108 109 110 111 113 114 115 116 117 118 119 120 122 123 124 125 127 128 129 130 131 132 133 134 136 137 138 139 140 142 143 144 146 147 148 
0 146 3 103 104 106 107 108 109 110 111 112 114 115 118 119 120 122 125 127 128 130 132 134 137 138 139 141 143 145 147 148 
0 147 3 102 103 104 105 106 107 108 109 110 111 112 114 115 116 117 118 119 120 121 122 123 124 125 127 128 130 131 132 133 134 136 137 138 139 140 143 144 145 146 148 
0 148 3 101 102 103 104 106 107 108 109 110 111 113 114 115 116 117 118 119 120 122 123 124 125 127 128 129 130 131 132 133 134 135 136 137 138 139 140 143 144 145 146 147 
0 149 4 10 151 152 154 155 156 157 158 159 160 161 162 163 164 165 167 169 170 171 172 173 179 180 181 182 183 185 188 190 191 192 193 
0 150 152 153 155 158 161 164 167 169 172 173 178 180 186 188 189 193 
0 151 4 10 149 152 153 154 155 156 157 158 159 161 162 163 164 165 167 168 169 170 171 172 173 177 179 180 181 182 183 184 185 186 190 191 192 
0 152 4 10 149 150 151 153 154 155 156 157 158 159 161 162 163 164 165 167 168 169 170 171 172 173 174 175 177 178 179 180 181 182 183 184 185 186 189 190 192 
0 153 4 10 150 151 152 154 156 157 158 159 161 162 164 165 166 167 168 169 170 172 173 174 175 178 181 182 183 184 185 187 189 190 191 
0 154 4 10 149 151 152 153 156 157 158 159 161 162 163 164 165 167 168 169 170 171 172 173 174 175 177 179 180 181 182 183 184 185 186 189 190 191 192 
0 155 4 10 149 150 151 152 157 159 162 163 167 169 172 173 177 179 180 182 186 188 189 192 193 
0 156 4 10 149 151 152 153 154 157 159 162 163 164 165 166 167 168 169 170 172 173 174 175 176 177 181 182 183 184 185 186 187 190 192 
0 157 4 10 149 151 152 153 154 155 156 158 159 161 162 163 164 165 167 168 169 170 171 172 173 174 175 177 179 180 181 182 183 184 185 186 190 191 192 193 
0 158 4 10 149 150 151 152 153 154 157 159 160 164 165 166 167 168 169 170 172 173 177 180 181 182 183 185 186 190 191 193 
0 159 4 10 149 151 152 153 154 155 156 157 158 160 162 163 164 165 167 168 169 170 172 173 174 177 179 180 181 182 183 184 185 186 190 191 192 193 
0 160 149 158 159 164 166 168 172 177 179 182 191 
0 161 4 10 149 150 151 152 153 154 157 162 163 165 167 168 169 171 173 178 180 185 188 189 190 193 
0 162 4 10 149 151 152 153 154 155 156 157 159 161 163 164 165 167 168 169 170 171 173 174 175 176 177 179 180 181 182 183 184 185 186 190 192 
0 163 4 10 149 151 152 154 155 156 157 159 161 162 164 165 168 169 170 171 172 173 175 177 179 180 181 182 183 184 185 186 187 190 191 192 193 
0 164 4 10 149 150 151 152 153 154 156 157 158 159 160 162 163 165 167 168 169 170 172 173 174 177 180 181 182 183 185 186 187 190 191 
0 165 4 10 149 151 152 153 154 156 157 158 159 161 162 163 164 167 168 169 170 171 172 173 175 180 181 182 183 185 186 188 189 190 191 193 
0 166 153 156 158 160 167 170 174 177 179 181 183 184 186 187 190 191 
0 167 4 10 149 150 151 152 153 154 155 156 157 158 159 161 162 164 165 166 168 169 170 172 173 174 177 178 179 180 181 182 183 184 185 186 187 189 190 191 192 193 
0 168 4 10 151 152 153 154 156 157 158 159 160 161 162 163 164 165 167 169 171 173 174 175 176 177 178 180 181 182 183 184 185 186 189 190 192 
0 169 4 10 149 150 151 152 153 154 155 156 157 158 159 161 162 163 164 165 167 168 170 171 172 173 174 175 177 178 179 180 181 182 183 184 185 186 189 190 192 193 
0 170 4 10 149 151 152 153 154 156 157 158 159 162 163 164 165 166 167 169 172 173 174 176 181 182 183 184 185 190 191 192 
0 171 4 10 149 151 152 154 157 161 162 163 165 168 169 173 174 175 176 177 179 180 186 188 189 192 193 
0 172 4 10 149 150 151 152 153 154 155 156 157 158 159 160 163 164 165 167 169 170 173 174 179 181 182 183 185 187 190 191 192 
0 173 4 10 149 150 151 152 153 154 155 156 157 158 159 161 162 163 164 165 167 168 169 170 171 172 177 178 179 180 181 182 183 184 185 186 189 190 191 192 193 
0 174 4 10 152 153 154 156 157 159 162 164 166 167 168 169 170 171 172 175 176 181 182 183 184 185 186 187 190 191 
0 175 152 153 154 156 157 162 163 165 168 169 171 174 176 178 180 189 190 193 
0 176 156 162 168 170 171 174 175 181 183 184 185 
0 177 4 10 151 152 154 155 156 157 158 159 160 162 163 164 166 167 168 169 171 173 179 180 181 182 183 184 185 186 192 193 
0 178 150 152 153 161 167 168 169 173 175 180 188 189 193 
0 179 4 10 149 151 152 154 155 157 159 160 162 163 166 167 169 171 172 173 177 180 182 183 184 185 186 192 
0 180 4 10 149 150 151 152 154 155 157 158 159 161 162 163 164 165 167 168 169 171 173 175 177 178 179 182 185 186 188 189 190 192 193 
0 181 4 10 149 151 152 153 154 156 157 158 159 162 163 164 165 166 167 168 169 170 172 173 174 176 177 182 183 184 185 186 187 190 191 
0 182 4 10 149 151 152 153 154 155 156 157 158 159 160 162 163 164 165 167 168 169 170 172 173 174 177 179 180 181 183 184 185 186 187 190 191 192 
0 183 4 10 149 151 152 153 154 156 157 158 159 162 163 164 165 166 167 168 169 170 172 173 174 176 177 179 181 182 184 185 186 187 190 191 192 
0 184 4 10 151 152 153 154 156 157 159 162 163 166 167 168 169 170 173 174 176 177 179 181 182 183 185 186 187 192 
0 185 4 10 149 151 152 153 154 156 157 158 159 161 162 163 164 165 167 168 169 170 172 173 174 176 177 179 180 181 182 183 184 186 190 191 192 
0 186 4 10 150 151 152 154 155 156 157 158 159 162 163 164 165 166 167 168 169 171 173 174 177 179 180 181 182 183 184 185 190 192 193 
0 187 153 156 163 164 166 167 172 174 181 182 183 184 190 191 192 
0 188 149 150 155 161 165 171 178 180 189 193 
0 189 150 152 153 154 155 161 165 167 168 169 171 173 175 178 180 188 190 193 
0 190 4 10 149 151 152 153 154 156 157 158 159 161 162 163 164 165 166 167 168 169 170 172 173 174 175 180 181 182 183 185 186 187 189 191 
0 191 4 10 149 151 153 154 157 158 159 160 163 164 165 166 167 170 172 173 174 181 182 183 185 187 190 
0 192 4 10 149 151 152 154 155 156 157 159 162 163 167 168 169 170 171 172 173 177 179 180 182 183 184 185 186 187 
0 193 149 150 155 157 158 159 161 163 165 167 169 171 173 175 177 178 180 186 188 189 
0 194 5 195 196 197 198 199 200 201 202 203 205 206 207 208 210 211 212 213 214 216 217 218 219 220 221 222 223 
0 195 5 194 196 198 199 200 201 202 203 204 205 206 208 210 211 212 213 215 218 219 220 222 
0 196 5 194 195 197 198 199 200 201 202 203 205 206 207 208 209 210 211 212 213 214 217 218 219 220 221 222 223 
0 197 5 194 196 198 199 200 201 203 205 206 207 208 209 210 211 212 213 214 215 216 217 218 219 220 221 222 223 
0 198 5 194 195 196 197 199 200 201 203 205 206 207 208 209 210 211 212 213 214 217 218 219 220 221 222 223 
0 199 5 194 195 196 197 198 200 202 203 205 206 207 208 209 210 211 212 213 214 217 218 219 220 221 222 223 
0 200 5 194 195 196 197 198 199 202 203 204 205 206 208 210 211 212 213 214 215 217 218 219 220 221 222 223 
0 201 194 195 196 197 198 202 207 212 215 221 222 223 
0 202 5 194 195 196 199 200 201 203 205 206 208 209 210 211 212 214 217 218 219 220 223 
0 203 5 194 195 196 197 198 199 200 202 205 206 207 208 209 210 211 212 213 214 217 218 219 220 221 222 223 
0 204 195 200 205 210 220 
0 205 5 194 195 196 197 198 199 200 202 203 204 206 207 208 209 210 211 212 213 214 217 218 219 220 221 222 223 
0 206 5 194 195 196 197 198 199 200 202 203 205 207 208 209 210 211 212 214 217 218 219 220 221 222 223 
0 207 5 194 196 197 198 199 201 203 205 206 208 209 210 211 212 214 217 218 219 221 222 223 
0 208 5 194 195 196 197 198 199 200 202 203 205 206 207 209 210 211 212 213 214 217 218 219 220 221 222 223 
0 209 5 196 197 198 199 202 203 205 206 207 208 210 214 217 218 219 221 
0 210 5 194 195 196 197 198 199 200 202 203 204 205 206 207 208 209 211 212 213 214 217 218 219 220 221 222 223 
0 211 5 194 195 196 197 198 199 200 202 203 205 206 207 208 210 212 213 214 217 218 219 220 221 222 223 
0 212 5 194 195 196 197 198 199 200 201 202 203 205 206 207 208 210 211 213 214 215 216 217 218 219 220 221 222 223 
0 213 5 194 195 196 197 198 199 200 203 205 208 210 211 212 215 219 220 222 
0 214 5 194 196 197 198 199 200 202 203 205 206 207 208 209 210 211 212 217 218 219 220 221 222 223 
0 215 195 197 200 201 212 213 222 
0 216 194 197 212 220 
0 217 5 194 196 197 198 199 200 202 203 205 206 207 208 209 210 211 212 214 218 219 220 221 222 223 
0 218 5 194 195 196 197 198 199 200 202 203 205 206 207 208 209 210 211 212 214 217 219 220 221 222 223 
0 219 5 194 195 196 197 198 199 200 202 203 205 206 207 208 209 210 211 212 213 214 217 218 220 221 222 223 
0 220 5 194 195 196 197 198 199 200 202 203 204 205 206 208 210 211 212 213 214 216 217 218 219 221 222 223 
0 221 5 194 196 197 198 199 200 201 203 205 206 207 208 209 210 211 212 214 217 218 219 220 222 223 
0 222 5 194 195 196 197 198 199 200 201 203 205 206 207 208 210 211 212 213 214 215 217 218 219 220 221 223 
0 223 5 194 196 197 198 199 200 201 202 203 205 206 207 208 210 211 212 214 217 218 219 220 221 222 
0 224 0 1 4 
0 225 0 2 3 5 
0 226 0 1 2 3 5 
0 227 0 1 2 3 4 5 
0 228 0 2 4 5 
0 229 0 1 3 4 5 
0 230 0 1 3 4 
0 231 0 2 5 
0 232 0 1 2 3 4 
0 233 0 1 3 5 
0 234 0 2 4 5 
0 235 0 1 3 
0 236 0 2 3 4 5 
0 237 0 1 3 
0 238 0 2 4 5 
0 239 0 3 5 
0 240 0 1 2 3 4 
0 241 0 2 5 
0 242 0 1 3 4 5 
0 243 0 1 3 4 
0 244 0 1 2 3 5 
0 245 0 2 4 5 
0 246 0 2 4 5 
0 247 0 1 3 4 
0 248 0 2 3 
0 249 0 4 5 
0 250 0 1 2 3 5 
0 251 0 1 2 
0 252 0 2 3 4 5 
0 253 0 1 4 5 
1800 0 224 225 226 227 228 229 230 231 232 233 234 235 236 237 238 239 240 241 242 243 244 245 246 247 248 249 250 251 252 253 
1800 1 6 7 11 12 13 14 15 16 17 18 19 20 21 22 23 24 25 26 27 28 29 30 31 32 33 34 35 36 37 38 39 40 41 42 43 44 45 46 47 48 49 50 51 52 53 54 55 56 57 58 59 224 226 227 229 230 232 233 235 237 240 242 243 244 247 250 251 253 
1800 2 8 9 60 61 62 63 64 65 66 67 69 70 71 72 73 75 77 79 80 81 82 84 86 87 88 89 90 91 92 93 94 95 96 100 225 226 227 228 231 232 234 236 238 240 241 244 245 246 248 250 251 252 
1800 3 101 103 104 105 106 107 108 110 111 112 113 114 115 116 117 119 120 121 122 125 126 127 129 130 131 132 133 135 136 137 138 139 141 142 143 144 145 146 147 148 225 226 227 229 230 232 233 235 236 237 239 240 242 243 244 247 248 250 252 
1800 4 10 150 151 152 153 154 155 156 157 158 159 160 161 162 163 164 165 166 167 168 169 170 171 172 173 176 177 180 181 182 183 184 185 186 188 189 190 191 192 193 224 227 228 229 230 232 234 236 238 240 242 243 245 246 247 249 252 253 
1800 5 194 195 196 197 198 200 201 202 203 204 205 206 207 208 209 210 212 213 214 215 216 217 218 219 220 221 222 223 225 226 227 228 229 231 233 234 236 238 239 241 242 244 245 246 249 250 252 253 
1800 6 1 7 11 12 13 14 15 16 17 18 19 20 21 22 23 24 25 26 27 28 29 30 31 32 33 34 35 36 37 38 39 40 41 42 43 44 45 46 47 48 49 50 51 52 53 54 55 56 57 58 59 
1800 7 1 6 11 12 13 14 15 16 17 18 19 20 21 22 23 24 25 26 27 28 29 30 31 32 33 34 35 36 37 38 39 40 41 42 43 44 45 46 47 48 49 50 51 52 53 54 55 56 57 58 59 
1800 8 2 9 60 61 62 63 64 65 66 67 69 70 71 72 73 75 77 79 80 81 82 84 86 87 88 89 90 91 92 93 94 95 96 100 
1800 9 2 8 60 61 62 63 64 65 66 67 69 70 71 72 73 75 77 79 80 81 82 84 86 87 88 89 90 91 92 93 94 95 96 100 
1800 10 4 150 151 152 153 154 155 156 157 158 159 160 161 162 163 164 165 166 167 168 169 170 171 172 173 176 177 180 181 182 183 184 185 186 188 189 190 191 192 193 
1800 11 1 6 7 12 13 14 15 16 17 18 19 20 21 22 23 25 27 28 29 30 31 32 33 34 35 36 37 38 39 40 42 43 45 47 48 49 52 53 54 55 56 57 58 59 
1800 12 1 6 7 11 13 14 15 17 18 20 21 22 23 25 27 28 29 30 31 33 34 35 36 37 38 41 42 43 45 47 52 54 55 57 58 
1800 13 1 6 7 11 12 15 16 17 18 19 20 21 22 23 24 25 26 27 28 29 30 31 32 33 34 35 36 37 38 39 40 41 42 43 44 45 46 47 48 49 50 51 52 54 55 56 57 58 59 
1800 14 1 6 7 11 12 15 16 17 18 19 20 21 22 23 24 25 27 28 29 30 31 32 33 34 35 36 37 38 39 40 42 43 45 46 47 48 49 50 52 53 54 55 56 57 59 
1800 15 1 6 7 11 12 13 14 16 17 19 20 21 22 23 24 25 26 27 28 29 30 31 32 33 34 35 37 38 40 41 42 43 45 46 47 48 49 50 51 52 54 55 56 57 58 59 
1800 16 1 6 7 11 13 14 15 17 18 19 20 21 22 23 24 25 26 27 28 29 30 31 32 33 34 35 36 37 38 39 40 42 43 44 45 46 47 48 49 50 51 52 53 54 55 56 57 58 59 
1800 17 1 6 7 11 12 13 14 15 16 18 19 20 21 22 23 25 27 28 29 30 31 32 33 34 35 36 37 38 39 40 41 42 43 45 46 47 48 49 50 52 53 54 55 56 57 58 59 
1800 18 1 6 7 11 12 13 14 16 17 19 20 21 22 23 24 25 27 28 29 30 31 32 33 34 36 37 38 39 40 42 43 45 46 48 52 53 54 55 56 57 58 59 
1800 19 1 6 7 11 13 14 15 16 17 18 20 21 22 23 24 25 26 27 28 29 30 31 32 33 34 35 37 38 40 41 42 45 46 47 48 49 50 51 52 53 54 55 56 57 59 
1800 20 1 6 7 11 12 13 14 15 16 17 18 19 21 22 23 24 25 27 28 29 30 31 32 33 34 35 36 37 38 39 40 41 42 43 45 46 47 48 49 50 52 53 54 55 56 57 58 59 
1800 21 1 6 7 11 12 13 14 15 16 17 18 19 20 22 25 27 28 29 30 31 32 33 34 35 36 37 38 40 42 43 45 47 48 52 53 54 55 56 57 58 59 
1800 22 1 6 7 11 12 13 14 15 16 17 18 19 20 21 23 24 25 27 28 29 30 31 32 33 34 35 36 37 38 39 40 41 42 43 45 46 47 48 49 50 52 53 54 55 56 57 58 59 
1800 23 1 6 7 11 12 13 14 15 16 17 18 19 20 22 24 25 26 27 28 29 30 31 32 33 34 35 36 37 38 39 40 42 43 44 45 46 47 48 49 50 52 54 55 57 58 59 
1800 24 1 6 7 13 14 15 16 18 19 20 22 23 25 26 27 29 30 31 32 40 42 44 45 46 47 48 49 50 51 52 53 54 55 56 57 58 59 
1800 25 1 6 7 11 12 13 14 15 16 17 18 19 20 21 22 23 24 26 27 28 29 30 31 32 33 34 35 36 37 38 39 40 41 42 43 44 45 46 47 48 49 50 51 52 54 55 56 57 58 59 
1800 26 1 6 7 13 15 16 19 23 24 25 27 29 30 31 32 35 40 42 44 45 46 47 48 49 50 51 52 54 55 56 58 59 
1800 27 1 6 7 11 12 13 14 15 16 17 18 19 20 21 22 23 24 25 26 28 29 30 31 32 33 34 35 36 37 38 39 40 42 43 44 45 46 47 48 49 50 51 52 53 54 55 56 57 58 59 
1800 28 1 6 7 11 12 13 14 15 16 17 18 19 20 21 22 23 25 27 29 30 31 32 33 34 35 36 37 38 39 40 42 43 45 47 48 49 52 53 54 55 56 57 58 59 
1800 29 1 6 7 11 12 13 14 15 16 17 18 19 20 21 22 23 24 25 26 27 28 30 31 32 33 34 35 36 37 38 40 41 42 43 44 45 46 47 48 49 50 51 52 54 55 56 57 58 59 
1800 30 1 6 7 11 12 13 14 15 16 17 18 19 20 21 22 23 24 25 26 27 28 29 31 32 33 34 35 36 37 38 39 40 42 43 44 45 46 47 48 49 50 51 52 54 55 56 57 58 59 
1800 31 1 6 7 11 12 13 14 15 16 17 18 19 20 21 22 23 24 25 26 27 28 29 30 32 33 34 35 36 37 38 39 40 42 43 44 45 46 47 48 49 50 52 54 55 57 58 59 
1800 32 1 6 7 11 13 14 15 16 17 18 19 20 21 22 23 24 25 26 27 28 29 30 31 33 34 35 36 37 38 39 40 41 42 43 44 45 46 47 48 49 50 51 52 53 54 55 56 57 58 59 
1800 33 1 6 7 11 12 13 14 15 16 17 18 19 20 21 22 23 25 27 28 29 30 31 32 34 35 36 37 38 39 40 42 43 45 47 48 49 50 52 53 54 55 56 57 58 59 
1800 34 1 6 7 11 12 13 14 15 16 17 18 19 20 21 22 23 25 27 28 29 30 31 32 33 35 36 37 38 39 40 41 42 43 45 46 47 48 49 52 53 54 55 56 57 58 59 
1800 35 1 6 7 11 12 13 14 15 16 17 19 20 21 22 23 25 26 27 28 29 30 31 32 33 34 36 37 38 39 40 41 42 43 44 45 46 47 48 49 50 52 54 55 57 58 59 
1800 36 1 6 7 11 12 13 14 16 17 18 20 21 22 23 25 27 28 29 30 31 32 33 34 35 37 38 39 40 41 42 43 44 45 47 48 49 50 52 54 55 57 58 
1800 37 1 6 7 11 12 13 14 15 16 17 18 19 20 21 22 23 25 27 28 29 30 31 32 33 34 35 36 38 39 40 42 43 45 47 48 49 52 53 54 55 56 57 58 59 
1800 38 1 6 7 11 12 13 14 15 16 17 18 19 20 21 22 23 25 27 28 29 30 31 32 33 34 35 36 37 39 40 41 42 43 45 46 47 48 49 50 52 54 55 56 57 58 59 
1800 39 1 6 7 11 13 14 16 17 18 20 22 23 25 27 28 30 31 32 33 34 35 36 37 38 40 42 43 45 46 48 49 50 52 54 55 57 58 
1800 40 1 6 7 11 13 14 15 16 17 18 19 20 21 22 23 24 25 26 27 28 29 30 31 32 33 34 35 36 37 38 39 42 43 44 45 46 47 48 49 50 51 52 53 54 55 56 57 58 59 
1800 41 1 6 7 12 13 15 17 19 20 22 25 29 32 34 35 36 38 45 46 47 50 52 54 57 59 
1800 42 1 6 7 11 12 13 14 15 16 17 18 19 20 21 22 23 24 25 26 27 28 29 30 31 32 33 34 35 36 37 38 39 40 43 45 46 47 48 49 50 51 52 54 55 56 57 58 59 
1800 43 1 6 7 11 12 13 14 15 16 17 18 20 21 22 23 25 27 28 29 30 31 32 33 34 35 36 37 38 39 40 42 44 45 47 48 49 52 54 55 56 57 58 59 
1800 44 1 6 7 13 16 23 24 25 26 27 29 30 31 32 35 36 40 43 45 47 48 49 50 51 54 55 56 58 
1800 45 1 6 7 11 12 13 14 15 16 17 18 19 20 21 22 23 24 25 26 27 28 29 30 31 32 33 34 35 36 37 38 39 40 41 42 43 44 46 47 48 49 50 51 52 53 54 55 56 57 58 59 
1800 46 1 6 7 13 14 15 16 17 18 19 20 22 23 24 25 26 27 29 30 31 32 34 35 38 39 40 41 42 45 47 48 49 50 51 52 53 54 56 57 59 
1800 47 1 6 7 11 12 13 14 15 16 17 19 20 21 22 23 24 25 26 27 28 29 30 31 32 33 34 35 36 37 38 40 41 42 43 44 45 46 48 49 50 51 52 54 55 56 57 58 59 
1800 48 1 6 7 11 13 14 15 16 17 18 19 20 21 22 23 24 25 26 27 28 29 30 31 32 33 34 35 36 37 38 39 40 42 43 44 45 46 47 49 50 51 52 53 54 55 56 57 58 59 
1800 49 1 6 7 11 13 14 15 16 17 19 20 22 23 24 25 26 27 28 29 30 31 32 33 34 35 36 37 38 39 40 42 43 44 45 46 47 48 50 51 52 54 55 56 57 58 59 
1800 50 1 6 7 13 14 15 16 17 19 20 22 23 24 25 26 27 29 30 31 32 33 35 36 38 39 40 41 42 44 45 46 47 48 49 51 52 54 55 56 57 59 
1800 51 1 6 7 13 15 16 19 24 25 26 27 29 30 32 40 42 44 45 46 47 48 49 50 52 54 55 56 58 59 
1800 52 1 6 7 11 12 13 14 15 16 17 18 19 20 21 22 23 24 25 26 27 28 29 30 31 32 33 34 35 36 37 38 39 40 41 42 43 45 46 47 48 49 50 51 53 54 55 56 57 58 59 
1800 53 1 6 7 11 14 16 17 18 19 20 21 22 24 27 28 32 33 34 37 40 45 46 48 52 55 56 57 58 59 
1800 54 1 6 7 11 12 13 14 15 16 17 18 19 20 21 22 23 24 25 26 27 28 29 30 31 32 33 34 35 36 37 38 39 40 41 42 43 44 45 46 47 48 49 50 51 52 55 56 57 58 59 
1800 55 1 6 7 11 12 13 14 15 16 17 18 19 20 21 22 23 24 25 26 27 28 29 30 31 32 33 34 35 36 37 38 39 40 42 43 44 45 47 48 49 50 51 52 53 54 56 57 58 59 
1800 56 1 6 7 11 13 14 15 16 17 18 19 20 21 22 24 25 26 27 28 29 30 32 33 34 37 38 40 42 43 44 45 46 47 48 49 50 51 52 53 54 55 57 59 
1800 57 1 6 7 11 12 13 14 15 16 17 18 19 20 21 22 23 24 25 27 28 29 30 31 32 33 34 35 36 37 38 39 40 41 42 43 45 46 47 48 49 50 52 53 54 55 56 59 
1800 58 1 6 7 11 12 13 15 16 17 18 20 21 22 23 24 25 26 27 28 29 30 31 32 33 34 35 36 37 38 39 40 42 43 44 45 47 48 49 51 52 53 54 55 59 
1800 59 1 6 7 11 13 14 15 16 17 18 19 20 21 22 23 24 25 26 27 28 29 30 31 32 33 34 35 37 38 40 41 42 43 45 46 47 48 49 50 51 52 53 54 55 56 57 58 
1800 60 2 8 9 61 62 63 65 66 70 72 75 77 79 80 81 82 85 87 88 92 93 94 96 98 99 100 
1800 61 2 8 9 60 62 63 64 66 67 69 70 71 72 73 75 77 79 80 81 82 83 84 86 88 89 90 91 92 93 94 95 96 100 
1800 62 2 8 9 60 61 63 64 66 67 69 70 71 72 75 77 78 79 80 81 82 83 88 90 92 93 94 96 100 
1800 63 2 8 9 60 61 62 64 66 67 70 72 75 77 79 80 81 82 85 88 92 93 94 96 97 100 
1800 64 2 8 9 61 62 63 65 66 67 69 70 71 73 75 76 77 79 80 81 82 84 86 87 88 89 90 91 92 93 94 95 96 100 
1800 65 2 8 9 60 64 66 67 69 70 71 73 76 77 84 87 88 89 90 91 92 93 94 96 99 100 
1800 66 2 8 9 60 61 62 63 64 65 67 69 70 71 72 73 75 77 81 82 83 84 85 86 88 89 90 91 92 93 94 95 96 100 
1800 67 2 8 9 61 62 63 64 65 66 69 70 71 72 73 74 75 76 77 79 81 82 83 86 88 89 90 91 92 93 94 95 96 98 100 
1800 68 76 91 99 
1800 69 2 8 9 61 62 64 65 66 67 70 71 72 73 77 81 83 84 85 86 87 88 89 90 91 92 93 94 95 96 97 100 
1800 70 2 8 9 60 61 62 63 64 65 66 67 69 71 72 73 75 77 79 80 81 82 84 85 86 88 89 90 91 92 93 94 95 96 98 100 
1800 71 2 8 9 61 62 64 65 66 67 69 70 73 76 77 81 83 84 86 88 89 90 91 92 93 94 95 96 100 
1800 72 2 8 9 60 61 62 63 66 67 69 70 74 75 77 79 82 83 85 88 92 93 94 96 
1800 73 2 8 9 61 64 65 66 67 69 70 71 75 81 84 86 88 89 90 91 92 93 94 95 96 100 
1800 74 67 72 78 80 81 82 83 86 93 95 98 
1800 75 2 8 9 60 61 62 63 64 66 67 70 72 73 77 79 80 81 82 84 85 86 88 89 91 92 93 94 95 96 98 100 
1800 76 64 65 67 68 71 80 90 93 98 
1800 77 2 8 9 60 61 62 63 64 65 66 67 69 70 71 72 75 79 82 83 87 88 92 93 94 96 99 100 
1800 78 62 74 83 86 95 99 
1800 79 2 8 9 60 61 62 63 64 67 70 72 75 77 80 81 82 88 92 93 94 96 98 100 
1800 80 2 8 9 60 61 62 63 64 70 74 75 76 79 81 82 86 88 92 94 95 96 98 100 
1800 81 2 8 9 60 61 62 63 64 66 67 69 70 71 73 74 75 79 80 82 84 86 88 89 90 91 92 93 94 95 96 98 100 
1800 82 2 8 9 60 61 62 63 64 66 67 70 72 74 75 77 79 80 81 85 88 92 93 94 96 98 100 
1800 83 61 62 66 67 69 71 72 74 77 78 88 89 90 93 95 96 97 100 
1800 84 2 8 9 61 64 65 66 69 70 71 73 75 81 85 86 87 88 89 90 91 92 94 95 96 100 
1800 85 60 63 66 69 70 72 75 82 84 88 94 97 
1800 86 2 8 9 61 64 66 67 69 70 71 73 74 75 78 80 81 84 88 89 90 91 92 93 94 95 96 98 99 100 
1800 87 2 8 9 60 64 65 69 77 84 91 92 94 99 
1800 88 2 8 9 60 61 62 63 64 65 66 67 69 70 71 72 73 75 77 79 80 81 82 83 84 85 86 89 90 91 92 93 94 95 96 98 100 
1800 89 2 8 9 61 64 65 66 67 69 70 71 73 75 81 83 84 86 88 90 91 92 93 94 95 96 97 100 
1800 90 2 8 9 61 62 64 65 66 67 69 70 71 73 76 81 83 84 86 88 89 91 92 93 94 95 96 100 
1800 91 2 8 9 61 64 65 66 67 68 69 70 71 73 75 81 84 86 87 88 89 90 92 93 94 95 96 100 
1800 92 2 8 9 60 61 62 63 64 65 66 67 69 70 71 72 73 75 77 79 80 81 82 84 86 87 88 89 90 91 93 94 95 96 99 100 
1800 93 2 8 9 60 61 62 63 64 65 66 67 69 70 71 72 73 74 75 76 77 79 81 82 83 86 88 89 90 91 92 94 95 96 98 100 
1800 94 2 8 9 60 61 62 63 64 65 66 67 69 70 71 72 73 75 77 79 80 81 82 84 85 86 87 88 89 90 91 92 93 95 96 98 100 
1800 95 2 8 9 61 64 66 67 69 70 71 73 74 75 78 80 81 83 84 86 88 89 90 91 92 93 94 96 98 100 
1800 96 2 8 9 60 61 62 63 64 65 66 67 69 70 71 72 73 75 77 79 80 81 82 83 84 86 88 89 90 91 92 93 94 95 100 
1800 97 63 69 83 85 89 
1800 98 60 67 70 74 75 76 79 80 81 82 86 88 93 94 95 
1800 99 60 65 68 77 78 86 87 92 
1800 100 2 8 9 60 61 62 63 64 65 66 67 69 70 71 73 75 77 79 80 81 82 83 84 86 88 89 90 91 92 93 94 95 96 
1800 101 3 103 104 105 106 107 108 109 110 111 112 113 114 115 116 117 120 121 122 125 127 129 130 131 132 133 135 136 139 141 142 143 145 146 147 148 
1800 102 106 108 114 123 124 137 139 143 147 
1800 103 3 101 104 105 106 107 109 110 111 113 114 116 117 119 121 124 125 126 127 129 130 132 133 135 136 139 142 145 146 148 
1800 104 3 101 103 105 106 107 108 110 111 112 113 114 115 116 117 119 120 121 122 124 125 126 127 129 130 131 132 133 135 136 137 138 139 141 142 143 145 146 147 148 
1800 105 3 101 103 104 106 107 108 110 111 112 113 114 115 116 117 119 120 121 122 126 128 131 132 135 136 137 138 139 141 142 143 144 145 146 147 148 
1800 106 3 101 102 103 104 105 107 108 109 110 111 112 113 114 116 117 119 121 122 126 129 132 133 135 136 139 141 142 143 145 146 147 148 
1800 107 3 101 103 104 105 106 109 110 111 113 114 115 116 117 119 120 121 122 123 124 127 130 132 135 139 145 146 148 
1800 108 3 101 102 104 105 106 109 110 111 112 113 115 116 120 121 122 124 125 129 130 131 133 135 136 137 141 142 143 144 145 146 147 
1800 109 101 103 106 107 108 110 112 113 116 118 121 125 127 129 133 139 141 142 143 145 147 148 
1800 110 3 101 103 104 105 106 107 108 109 111 113 114 115 116 117 118 119 120 121 122 127 131 132 133 135 136 139 141 142 143 144 145 146 147 148 
1800 111 3 101 103 104 105 106 107 108 110 112 113 114 115 116 117 119 120 121 122 124 125 126 127 129 130 131 132 133 135 136 137 138 139 141 142 143 144 145 146 147 148 
1800 112 3 101 104 105 106 108 109 111 113 115 120 121 122 123 125 129 131 133 134 135 139 141 142 143 145 146 147 
1800 113 3 101 103 104 105 106 107 108 109 110 111 112 114 115 116 117 119 120 121 122 125 126 129 131 132 133 135 136 138 139 141 142 143 145 146 147 148 
1800 114 3 101 102 103 104 105 106 107 110 111 113 116 117 119 121 123 126 128 129 132 135 136 138 139 142 143 145 146 147 148 
1800 115 3 101 104 105 107 108 110 111 112 113 116 120 121 122 123 127 130 131 132 135 136 137 138 141 142 143 144 145 146 147 
1800 116 3 101 103 104 105 106 107 108 109 110 111 113 114 115 117 119 120 121 122 126 127 129 131 132 133 135 136 137 138 139 141 142 143 144 145 146 148 
1800 117 3 101 103 104 105 106 107 110 111 113 114 116 119 121 124 126 129 130 132 133 135 136 138 139 142 143 145 146 147 148 
1800 118 109 110 122 125 133 136 144 146 
1800 119 3 103 104 105 106 107 110 111 113 114 116 117 124 126 128 129 132 135 136 138 139 142 143 145 146 147 148 
1800 120 3 101 104 105 107 108 110 111 112 113 115 116 121 122 123 127 129 130 131 133 135 136 137 138 141 142 143 144 145 146 147 148 
1800 121 3 101 103 104 105 106 107 108 109 110 111 112 113 114 115 116 117 120 122 124 125 127 129 130 131 132 133 134 135 137 138 139 141 142 143 145 146 147 148 
1800 122 3 101 104 105 106 107 108 110 111 112 113 115 116 118 120 121 123 130 131 134 135 136 138 141 142 143 144 145 146 147 
1800 123 102 107 112 114 115 120 122 130 134 141 
1800 124 102 103 104 107 108 111 117 119 121 127 130 134 137 138 148 
1800 125 3 101 103 104 108 109 111 112 113 118 121 127 129 130 131 133 135 141 142 143 145 147 
1800 126 3 103 104 105 106 111 113 114 116 117 119 128 132 134 135 136 138 139 142 143 144 145 146 147 
1800 127 3 101 103 104 107 109 110 111 115 116 120 121 124 125 130 131 134 135 137 138 142 148 
1800 128 105 114 119 126 135 136 138 142 145 
1800 129 3 101 103 104 106 108 109 111 112 113 114 116 117 119 120 121 125 130 131 132 133 135 137 139 141 142 143 145 147 148 
1800 130 3 101 103 104 107 108 111 115 117 120 121 122 123 124 125 127 129 131 134 135 137 138 142 143 148 
1800 131 3 101 104 105 108 110 111 112 113 115 116 120 121 122 125 127 129 130 133 134 135 136 137 138 141 142 143 144 145 146 147 148 
1800 132 3 101 103 104 105 106 107 110 111 113 114 115 116 117 119 121 126 129 135 136 138 139 142 143 144 145 146 147 148 
1800 133 3 101 103 104 106 108 109 110 111 112 113 116 117 118 120 121 125 129 131 135 137 139 141 142 143 145 147 148 
1800 134 112 121 122 123 124 126 127 130 131 137 138 141 148 
1800 135 3 101 103 104 105 106 107 108 110 111 112 113 114 115 116 117 119 120 121 122 125 126 127 128 129 130 131 132 133 136 137 138 139 141 142 143 144 145 146 147 148 
1800 136 3 101 103 104 105 106 108 110 111 113 114 115 116 117 118 119 120 122 126 128 131 132 135 138 139 141 142 143 144 145 146 147 
1800 137 3 102 104 105 108 111 115 116 120 121 124 127 129 130 131 133 134 135 138 141 142 143 145 147 148 
1800 138 3 104 105 111 113 114 115 116 117 119 120 121 122 124 126 127 128 130 131 132 134 135 136 137 139 142 144 145 146 148 
1800 139 3 101 102 103 104 105 106 107 109 110 111 112 113 114 116 117 119 121 126 129 132 133 135 136 138 142 143 145 146 147 148 
1800 140 
1800 141 3 101 104 105 106 108 109 110 111 112 113 115 116 120 121 122 123 125 129 131 133 134 135 136 137 142 143 144 145 146 147 
1800 142 3 101 103 104 105 106 108 109 110 111 112 113 114 115 116 117 119 120 121 122 125 126 127 128 129 130 131 132 133 135 136 137 138 139 141 143 144 145 146 147 148 
1800 143 3 101 102 104 105 106 108 109 110 111 112 113 114 115 116 117 119 120 121 122 125 126 129 130 131 132 133 135 136 137 139 141 142 144 145 146 147 148 
1800 144 3 105 108 110 111 115 116 118 120 122 126 131 132 135 136 138 141 142 143 145 146 
1800 145 3 101 103 104 105 106 107 108 109 110 111 112 113 114 115 116 117 119 120 121 122 125 126 128 129 131 132 133 135 136 137 138 139 141 142 143 144 146 147 148 
1800 146 3 101 103 104 105 106 107 108 110 111 112 113 114 115 116 117 118 119 120 121 122 126 131 132 135 136 138 139 141 142 143 144 145 147 
1800 147 3 101 102 104 105 106 108 109 110 111 112 113 114 115 117 119 120 121 122 125 126 129 131 132 133 135 136 137 139 141 142 143 145 146 148 
1800 148 3 101 103 104 105 106 107 109 110 111 113 114 116 117 119 120 121 124 127 129 130 131 132 133 134 135 137 138 139 142 143 145 147 
1800 149 157 158 159 162 169 175 186 187 188 189 
1800 150 4 10 152 154 155 157 158 160 162 166 167 169 170 171 172 173 177 180 181 183 185 187 189 190 191 192 193 
1800 151 4 10 152 153 155 156 157 158 159 160 161 162 163 164 165 166 167 168 169 170 171 172 173 175 176 177 180 181 182 183 184 185 186 188 189 190 191 192 193 
1800 152 4 10 150 151 154 155 156 157 159 160 161 162 166 167 168 169 170 171 173 174 175 177 179 180 181 182 183 185 186 188 189 191 192 193 
1800 153 4 10 151 155 156 157 158 161 162 163 164 167 168 170 172 173 176 177 179 180 181 182 183 184 185 186 189 192 193 
1800 154 4 10 150 152 155 157 158 160 161 162 163 166 167 169 170 171 172 173 180 183 185 188 189 190 191 192 193 
1800 155 4 10 150 151 152 153 154 156 157 158 159 160 161 162 163 164 165 166 167 168 169 170 171 172 173 175 176 177 178 180 181 182 183 184 185 186 188 189 190 191 192 193 
1800 156 4 10 151 152 153 155 157 158 159 160 161 162 163 164 167 168 170 171 172 173 174 176 177 179 180 181 182 183 184 185 186 188 189 190 191 192 193 
1800 157 4 10 149 150 151 152 153 154 155 156 158 159 160 161 162 163 164 165 166 167 168 169 170 171 172 173 175 176 177 180 181 182 183 184 185 186 188 189 190 191 192 193 
1800 158 4 10 149 150 151 153 154 155 156 157 161 162 163 164 166 167 168 169 170 172 173 176 177 180 181 182 183 184 185 186 189 190 191 192 193 
1800 159 4 10 149 151 152 155 156 157 160 161 165 168 169 170 173 176 181 182 183 186 188 189 191 192 193 
1800 160 4 10 150 151 152 154 155 156 157 159 161 162 165 166 167 168 169 170 171 173 174 177 178 180 181 182 183 185 186 188 189 191 192 193 
1800 161 4 10 151 152 153 154 155 156 157 158 159 160 162 163 164 165 166 167 168 169 170 171 172 173 176 177 179 180 181 182 183 184 186 188 189 191 192 193 
1800 162 4 10 149 150 151 152 153 154 155 156 157 158 160 161 163 164 166 167 168 169 170 171 172 173 176 177 180 181 182 183 184 186 187 188 189 190 191 192 193 
1800 163 4 10 151 153 154 155 156 157 158 161 162 164 166 167 168 170 171 172 173 176 177 180 181 182 183 184 185 186 189 190 191 192 193 
1800 164 4 10 151 153 155 156 157 158 161 162 163 167 168 170 171 172 173 174 176 177 178 180 181 182 183 184 186 189 190 191 192 193 
1800 165 4 10 151 155 157 159 160 161 168 169 170 173 175 176 177 181 182 183 186 188 189 191 192 193 
1800 166 4 10 150 151 152 154 155 157 158 160 161 162 163 167 168 169 170 171 172 173 174 178 180 181 182 183 185 186 188 189 190 191 192 193 
1800 167 4 10 150 151 152 153 154 155 156 157 158 160 161 162 163 164 166 168 169 170 171 172 173 175 176 177 178 179 180 181 182 183 184 185 186 188 189 190 191 192 193 
1800 168 4 10 151 152 153 155 156 157 158 159 160 161 162 163 164 165 166 167 169 170 171 172 173 175 176 177 179 180 181 182 183 184 185 186 188 189 191 192 193 
1800 169 4 10 149 150 151 152 154 155 157 158 159 160 161 162 165 166 167 168 170 171 173 175 177 180 181 182 183 185 186 187 188 189 191 192 193 
1800 170 4 10 150 151 152 153 154 155 156 157 158 159 160 161 162 163 164 165 166 167 168 169 171 172 173 176 177 180 181 182 183 184 186 188 189 190 191 192 193 
1800 171 4 10 150 151 152 154 155 156 157 160 161 162 163 164 166 167 168 169 170 172 173 174 177 178 180 181 182 183 184 188 189 190 191 192 193 
1800 172 4 10 150 151 153 154 155 156 157 158 161 162 163 164 166 167 168 170 171 173 174 176 177 178 180 181 182 183 184 186 189 190 191 192 193 
1800 173 4 10 150 151 152 153 154 155 156 157 158 159 160 161 162 163 164 165 166 167 168 169 170 171 172 175 176 177 180 181 182 183 184 185 186 188 189 190 191 192 193 
1800 174 152 156 160 164 166 171 172 177 178 184 185 190 
1800 175 149 151 152 155 157 165 167 168 169 173 176 179 182 185 186 
1800 176 4 10 151 153 155 156 157 158 159 161 162 163 164 165 167 168 170 172 173 175 177 179 180 181 182 183 184 185 186 189 191 192 193 
1800 177 4 10 150 151 152 153 155 156 157 158 160 161 162 163 164 165 167 168 169 170 171 172 173 174 176 178 179 180 181 182 183 184 186 188 189 190 191 192 193 
1800 178 155 160 164 166 167 171 172 174 177 184 185 190 193 
1800 179 152 153 156 161 167 168 175 176 177 185 186 192 
1800 180 4 10 150 151 152 153 154 155 156 157 158 160 161 162 163 164 166 167 168 169 170 171 172 173 176 177 181 182 183 184 185 186 188 189 190 191 192 193 
1800 181 4 10 150 151 152 153 155 156 157 158 159 160 161 162 163 164 165 166 167 168 169 170 171 172 173 176 177 180 182 183 184 186 188 189 190 191 192 193 
1800 182 4 10 151 152 153 155 156 157 158 159 160 161 162 163 164 165 166 167 168 169 170 171 172 173 175 176 177 180 181 183 184 186 188 189 190 191 192 193 
1800 183 4 10 150 151 152 153 154 155 156 157 158 159 160 161 162 163 164 165 166 167 168 169 170 171 172 173 176 177 180 181 182 184 186 188 189 190 191 192 193 
1800 184 4 10 151 153 155 156 157 158 161 162 163 164 167 168 170 171 172 173 174 176 177 178 180 181 182 183 186 189 190 191 192 193 
1800 185 4 10 150 151 152 153 154 155 156 157 158 160 163 166 167 168 169 173 174 175 176 178 179 180 186 193 
1800 186 4 10 149 151 152 153 155 156 157 158 159 160 161 162 163 164 165 166 167 168 169 170 172 173 175 176 177 179 180 181 182 183 184 185 188 189 190 191 192 193 
1800 187 149 150 162 169 188 
1800 188 4 10 149 151 152 154 155 156 157 159 160 161 162 165 166 167 168 169 170 171 173 177 180 181 182 183 186 187 189 191 192 193 
1800 189 4 10 149 150 151 152 153 154 155 156 157 158 159 160 161 162 163 164 165 166 167 168 169 170 171 172 173 176 177 180 181 182 183 184 186 188 191 192 193 
1800 190 4 10 150 151 154 155 156 157 158 162 163 164 166 167 170 171 172 173 174 177 178 180 181 182 183 184 186 191 193 
1800 191 4 10 150 151 152 154 155 156 157 158 159 160 161 162 163 164 165 166 167 168 169 170 171 172 173 176 177 180 181 182 183 184 186 188 189 190 192 193 
1800 192 4 10 150 151 152 153 154 155 156 157 158 159 160 161 162 163 164 165 166 167 168 169 170 171 172 173 176 177 179 180 181 182 183 184 186 188 189 191 193 
1800 193 4 10 150 151 152 153 154 155 156 157 158 159 160 161 162 163 164 165 166 167 168 169 170 171 172 173 176 177 178 180 181 182 183 184 185 186 188 189 190 191 192 
1800 194 5 197 198 199 201 202 203 204 205 206 207 210 212 215 216 217 218 219 221 222 223 
1800 195 5 196 197 198 199 201 203 207 208 209 210 211 213 214 216 217 218 219 220 221 
1800 196 5 195 197 198 199 200 201 204 206 207 208 209 211 212 213 214 215 216 217 218 219 220 221 222 223 
1800 197 5 194 195 196 198 200 201 202 203 204 205 206 207 208 209 210 212 213 214 215 216 217 218 221 222 223 
1800 198 5 194 195 196 197 199 200 201 202 203 204 206 207 208 209 210 212 213 214 215 216 217 218 220 221 222 223 
1800 199 194 195 196 198 200 205 209 210 212 213 216 219 220 223 
1800 200 5 196 197 198 199 201 204 206 207 209 212 213 214 215 216 217 218 219 220 221 222 223 
1800 201 5 194 195 196 197 198 200 202 203 204 205 206 207 208 209 210 212 213 215 216 217 218 220 221 222 223 
1800 202 5 194 197 198 201 204 205 207 210 212 215 217 218 221 222 223 
1800 203 5 194 195 197 198 201 205 206 207 208 209 210 211 212 213 216 217 218 221 222 223 
1800 204 5 194 196 197 198 200 201 202 206 207 210 212 213 215 216 217 218 220 221 222 223 
1800 205 5 194 197 199 201 202 203 207 208 210 212 217 218 221 222 223 
1800 206 5 194 196 197 198 200 201 203 204 207 211 212 213 215 216 217 218 220 221 222 223 
1800 207 5 194 195 196 197 198 200 201 202 203 204 205 206 208 209 210 211 212 213 214 215 216 217 218 220 221 222 223 
1800 208 5 195 196 197 198 201 203 205 207 209 210 211 213 214 216 217 218 221 
1800 209 5 195 196 197 198 199 200 201 203 207 208 210 213 214 216 217 218 219 220 221 
1800 210 5 194 195 197 198 199 201 202 203 204 205 207 208 209 212 213 216 217 218 221 222 223 
1800 211 195 196 203 206 207 208 213 
1800 212 5 194 196 197 198 199 200 201 202 203 204 205 206 207 210 213 215 216 217 218 220 221 222 223 
1800 213 5 195 196 197 198 199 200 201 203 204 206 207 208 209 210 211 212 214 215 216 217 218 219 220 221 222 223 
1800 214 5 195 196 197 198 200 207 208 209 213 215 216 218 221 
1800 215 5 194 196 197 198 200 201 202 204 206 207 212 213 214 216 217 218 221 222 223 
1800 216 5 194 195 196 197 198 199 200 201 203 204 206 207 208 209 210 212 213 214 215 217 218 219 220 221 222 223 
1800 217 5 194 195 196 197 198 200 201 202 203 204 205 206 207 208 209 210 212 213 215 216 218 220 221 222 223 
1800 218 5 194 195 196 197 198 200 201 202 203 204 205 206 207 208 209 210 212 213 214 215 216 217 220 221 222 223 
1800 219 5 194 195 196 199 200 209 213 216 220 222 
1800 220 5 195 196 198 199 200 201 204 206 207 209 212 213 216 217 218 219 223 
1800 221 5 194 195 196 197 198 200 201 202 203 204 205 206 207 208 209 210 212 213 214 215 216 217 218 222 223 
1800 222 5 194 196 197 198 200 201 202 203 204 205 206 207 210 212 213 215 216 217 218 219 221 223 
1800 223 5 194 196 197 198 199 200 201 202 203 204 205 206 207 210 212 213 215 216 217 218 220 221 222 
1800 224 0 1 4 
1800 225 0 2 3 5 
1800 226 0 1 2 3 5 
1800 227 0 1 2 3 4 5 
1800 228 0 2 4 5 
1800 229 0 1 3 4 5 
1800 230 0 1 3 4 
1800 231 0 2 5 
1800 232 0 1 2 3 4 
1800 233 0 1 3 5 
1800 234 0 2 4 5 
1800 235 0 1 3 
1800 236 0 2 3 4 5 
1800 237 0 1 3 
1800 238 0 2 4 5 
1800 239 0 3 5 
1800 240 0 1 2 3 4 
1800 241 0 2 5 
1800 242 0 1 3 4 5 
1800 243 0 1 3 4 
1800 244 0 1 2 3 5 
1800 245 0 2 4 5 
1800 246 0 2 4 5 
1800 247 0 1 3 4 
1800 248 0 2 3 
1800 249 0 4 5 
1800 250 0 1 2 3 5 
1800 251 0 1 2 
1800 252 0 2 3 4 5 
1800 253 0 1 4 5 
