0 21600
0 0 1 2 3 4 5 229 230 231 232 233 234 235 236 237 238 239 240 241 242 243 244 245 246 247 248 249 250 251 252 253 254 255 256 257 258 
0 1 0 2 3 4 5 6 16 41 54 59 62 230 232 235 239 242 244 246 250 253 257 258 
0 2 0 1 3 4 5 7 8 64 72 85 93 101 231 234 237 238 240 244 247 248 254 257 258 
0 3 0 1 2 4 5 9 104 118 130 232 236 239 241 243 247 248 251 255 
0 4 0 1 2 3 5 10 11 12 150 164 165 171 172 175 182 229 233 235 238 240 245 248 250 251 256 258 
0 5 0 1 2 3 4 13 14 15 188 189 197 198 206 224 229 234 235 238 240 245 247 249 252 255 257 
0 6 1 19 26 30 32 
0 7 2 8 66 71 80 85 95 
0 8 2 7 64 71 76 77 87 101 
0 9 3 105 140 143 144 
0 10 4 11 12 152 158 160 165 166 
0 11 4 10 12 150 158 163 177 178 
0 12 4 10 11 151 171 173 178 
0 13 5 14 15 188 192 198 
0 14 5 13 15 198 215 
0 15 5 13 14 188 198 208 213 219 
0 16 1 
0 17 22 32 45 52 
0 18 28 30 38 39 41 
0 19 6 24 44 52 56 61 
0 20 38 41 44 47 49 
0 21 54 
0 22 17 30 31 
0 23 32 
0 24 19 30 41 51 60 
0 25 30 32 38 40 60 62 
0 26 6 27 34 
0 27 26 34 
0 28 18 57 60 61 
0 29 53 55 
0 30 6 18 22 24 25 34 41 46 50 58 
0 31 22 32 34 45 
0 32 6 17 23 25 31 40 
0 33 45 46 47 58 
0 34 26 27 30 31 38 60 
0 35 
0 36 
0 37 50 
0 38 18 20 25 34 44 
0 39 18 
0 40 25 32 56 59 
0 41 1 18 20 24 30 47 62 
0 42 
0 43 
0 44 19 20 38 50 52 61 
0 45 17 31 33 47 62 
0 46 30 33 
0 47 20 33 41 45 54 58 60 
0 48 57 61 
0 49 20 
0 50 30 37 44 51 
0 51 24 50 
0 52 17 19 44 
0 53 29 
0 54 1 21 47 58 60 
0 55 29 59 
0 56 19 40 
0 57 28 48 
0 58 30 33 47 54 59 61 
0 59 1 40 55 58 
0 60 24 25 28 34 47 54 
0 61 19 28 44 48 58 
0 62 1 25 41 45 
0 63 91 
0 64 2 8 73 82 85 87 
0 65 95 
0 66 7 80 88 
0 67 99 
0 68 100 
0 69 76 80 
0 70 80 95 
0 71 7 8 72 80 90 
0 72 2 71 73 76 98 
0 73 64 72 78 85 86 
0 74 
0 75 
0 76 8 69 72 82 89 
0 77 8 85 93 
0 78 73 83 98 
0 79 100 
0 80 7 66 69 70 71 89 
0 81 
0 82 64 76 93 101 
0 83 78 94 
0 84 98 
0 85 2 7 64 73 77 
0 86 73 96 
0 87 8 64 
0 88 66 
0 89 76 80 98 101 
0 90 71 
0 91 63 
0 92 
0 93 2 77 82 97 
0 94 83 
0 95 7 65 70 
0 96 86 
0 97 93 
0 98 72 78 84 89 
0 99 67 
0 100 68 79 
0 101 2 8 82 89 
0 102 112 116 138 141 
0 103 136 
0 104 3 112 120 125 
0 105 9 107 109 110 125 129 136 144 
0 106 109 120 124 128 129 133 138 143 144 
0 107 105 109 115 118 134 140 
0 108 141 
0 109 105 106 107 115 118 120 
0 110 105 119 134 144 147 
0 111 
0 112 102 104 117 131 135 142 
0 113 117 126 127 
0 114 127 137 
0 115 107 109 128 
0 116 102 128 134 142 147 
0 117 112 113 120 126 127 132 
0 118 3 107 109 123 132 137 138 
0 119 110 123 128 133 135 141 
0 120 104 106 109 117 124 126 133 140 
0 121 131 
0 122 130 143 
0 123 118 119 128 144 145 
0 124 106 120 126 129 133 136 137 143 
0 125 104 105 128 142 
0 126 113 117 120 124 132 134 138 147 
0 127 113 114 117 135 145 
0 128 106 115 116 119 123 125 135 144 
0 129 105 106 124 
0 130 3 122 
0 131 112 121 140 
0 132 117 118 126 134 140 147 
0 133 106 119 120 124 135 147 
0 134 107 110 116 126 132 136 
0 135 112 119 127 128 133 143 
0 136 103 105 124 134 137 141 
0 137 114 118 124 136 
0 138 102 106 118 126 143 
0 139 
0 140 9 107 120 131 132 
0 141 102 108 119 136 142 145 
0 142 112 116 125 141 144 147 
0 143 9 106 122 124 135 138 147 
0 144 9 105 106 110 123 128 142 
0 145 123 127 141 
0 146 
0 147 110 116 126 132 133 142 143 
0 148 
0 149 172 
0 150 4 11 161 162 164 165 171 179 182 
0 151 12 157 164 166 174 
0 152 10 165 172 
0 153 155 172 
0 154 171 
0 155 153 165 170 173 174 
0 156 168 180 182 
0 157 151 160 169 171 172 177 182 
0 158 10 11 162 172 175 
0 159 
0 160 10 157 162 166 169 171 182 
0 161 150 165 172 
0 162 150 158 160 163 175 182 
0 163 11 162 164 169 
0 164 4 150 151 163 170 177 
0 165 4 10 150 152 155 161 
0 166 10 151 160 171 174 180 
0 167 170 172 
0 168 156 182 
0 169 157 160 163 175 
0 170 155 164 167 171 180 
0 171 4 12 150 154 157 160 166 170 
0 172 4 149 152 153 157 158 161 167 178 180 
0 173 12 155 177 182 
0 174 151 155 166 181 
0 175 4 158 162 169 177 178 
0 176 
0 177 11 157 164 173 175 178 
0 178 11 12 172 175 177 182 
0 179 150 181 
0 180 156 166 170 172 
0 181 174 179 
0 182 4 150 156 157 160 162 168 173 178 
0 183 205 219 220 
0 184 196 216 
0 185 188 199 209 213 215 
0 186 190 197 201 207 210 213 216 218 219 228 
0 187 
0 188 5 13 15 185 201 203 208 216 228 
0 189 5 192 193 203 
0 190 186 194 195 198 203 210 
0 191 200 206 209 219 
0 192 13 189 
0 193 189 195 214 
0 194 190 207 211 216 
0 195 190 193 214 
0 196 184 214 226 227 228 
0 197 5 186 200 203 210 217 
0 198 5 13 14 15 190 204 213 215 
0 199 185 200 203 210 
0 200 191 197 199 
0 201 186 188 215 224 
0 202 210 
0 203 188 189 190 197 199 
0 204 198 208 220 
0 205 183 210 228 
0 206 5 191 214 215 219 
0 207 186 194 216 218 226 
0 208 15 188 204 222 
0 209 185 191 214 
0 210 186 190 197 199 202 205 214 
0 211 194 
0 212 215 218 227 228 
0 213 15 185 186 198 
0 214 193 195 196 206 209 210 220 
0 215 14 185 198 201 206 212 221 224 
0 216 184 186 188 194 207 228 
0 217 197 
0 218 186 207 212 
0 219 15 183 186 191 206 220 
0 220 183 204 214 219 
0 221 215 
0 222 208 
0 223 225 
0 224 5 201 215 226 
0 225 223 226 
0 226 196 207 224 225 
0 227 196 212 
0 228 186 188 196 205 212 216 
0 229 0 4 5 
0 230 0 1 
0 231 0 2 
0 232 0 1 3 
0 233 0 4 
0 234 0 2 5 
0 235 0 1 4 5 
0 236 0 3 
0 237 0 2 
0 238 0 2 4 5 
0 239 0 1 3 
0 240 0 2 4 5 
0 241 0 3 
0 242 0 1 
0 243 0 3 
0 244 0 1 2 
0 245 0 4 5 
0 246 0 1 
0 247 0 2 3 5 
0 248 0 2 3 4 
0 249 0 5 
0 250 0 1 4 
0 251 0 3 4 
0 252 0 5 
0 253 0 1 
0 254 0 2 
0 255 0 3 5 
0 256 0 4 
0 257 0 1 2 5 
0 258 0 1 2 4 
1800 0 1 2 3 4 5 229 230 231 232 233 234 235 236 237 238 239 240 241 242 243 244 245 246 247 248 249 250 251 252 253 254 255 256 257 258 
1800 1 0 2 3 4 5 6 26 38 40 52 230 232 235 239 242 244 246 250 253 257 258 
1800 2 0 1 3 4 5 7 8 80 231 234 237 238 240 244 247 248 254 257 258 
1800 3 0 1 2 4 5 9 103 127 140 144 147 232 236 239 241 243 247 248 251 255 
1800 4 0 1 2 3 5 10 11 12 229 233 235 238 240 245 248 250 251 256 258 
1800 5 0 1 2 3 4 13 14 15 189 192 194 196 213 220 222 225 229 234 235 238 240 245 247 249 252 255 257 
1800 6 1 19 24 28 36 41 
1800 7 2 8 73 98 
1800 8 2 7 70 85 86 89 
1800 9 3 112 119 144 
1800 10 4 11 12 161 178 180 
1800 11 4 10 12 152 155 158 161 168 169 180 182 
1800 12 4 10 11 175 
1800 13 5 14 15 205 207 
1800 14 5 13 15 202 218 
1800 15 5 13 14 189 210 225 227 
1800 16 22 30 47 52 54 56 
1800 17 
1800 18 22 25 30 38 60 
1800 19 6 23 24 34 56 
1800 20 24 48 51 55 58 
1800 21 24 51 
1800 22 16 18 33 56 59 60 61 62 
1800 23 19 24 31 32 40 47 54 
1800 24 6 19 20 21 23 31 41 
1800 25 18 47 56 57 
1800 26 1 27 50 
1800 27 26 33 36 41 51 58 
1800 28 6 52 
1800 29 43 
1800 30 16 18 38 40 44 47 52 59 
1800 31 23 24 37 40 41 55 59 
1800 32 23 56 59 61 
1800 33 22 27 39 46 
1800 34 19 37 40 48 
1800 35 39 41 61 
1800 36 6 27 56 
1800 37 31 34 
1800 38 1 18 30 51 
1800 39 33 35 57 60 
1800 40 1 23 30 31 34 50 51 57 60 
1800 41 6 24 27 31 35 61 
1800 42 
1800 43 29 47 51 54 
1800 44 30 45 51 57 
1800 45 44 58 
1800 46 33 57 58 
1800 47 16 23 25 30 43 48 58 59 61 
1800 48 20 34 47 61 
1800 49 
1800 50 26 40 
1800 51 20 21 27 38 40 43 44 
1800 52 1 16 28 30 56 57 58 62 
1800 53 
1800 54 16 23 43 60 61 
1800 55 20 31 62 
1800 56 16 19 22 25 32 36 52 
1800 57 25 39 40 44 46 52 60 
1800 58 20 27 45 46 47 52 
1800 59 22 30 31 32 47 61 62 
1800 60 18 22 39 40 54 57 
1800 61 22 32 35 41 47 48 54 59 
1800 62 22 52 55 59 
1800 63 70 72 82 95 
1800 64 66 
1800 65 
1800 66 64 72 73 85 
1800 67 
1800 68 79 
1800 69 72 83 85 90 
1800 70 8 63 72 73 98 
1800 71 94 100 
1800 72 63 66 69 70 80 83 
1800 73 7 66 70 76 84 93 
1800 74 
1800 75 
1800 76 73 95 
1800 77 97 
1800 78 82 92 95 
1800 79 68 
1800 80 2 72 86 98 
1800 81 97 
1800 82 63 78 94 
1800 83 69 72 85 94 
1800 84 73 89 95 
1800 85 8 66 69 83 88 
1800 86 8 80 
1800 87 101 
1800 88 85 92 
1800 89 8 84 97 
1800 90 69 
1800 91 96 
1800 92 78 88 
1800 93 73 101 
1800 94 71 82 83 
1800 95 63 76 78 84 98 99 
1800 96 91 
1800 97 77 81 89 
1800 98 7 70 80 95 101 
1800 99 95 
1800 100 71 
1800 101 87 93 98 
1800 102 107 113 117 120 121 122 124 132 142 
1800 103 3 116 125 134 137 148 
1800 104 105 
1800 105 104 113 129 133 136 142 
1800 106 126 138 
1800 107 102 109 118 119 121 141 143 147 
1800 108 
1800 109 107 118 124 133 
1800 110 122 137 147 
1800 111 
1800 112 9 119 122 123 125 127 131 137 148 
1800 113 102 105 115 116 121 123 128 134 141 
1800 114 119 143 144 
1800 115 113 
1800 116 103 113 132 141 147 
1800 117 102 147 
1800 118 107 109 126 131 140 142 143 
1800 119 9 107 112 114 130 
1800 120 102 127 141 
1800 121 102 107 113 122 123 130 132 
1800 122 102 110 112 121 132 136 
1800 123 112 113 121 133 135 
1800 124 102 109 127 
1800 125 103 112 127 143 
1800 126 106 118 133 135 142 
1800 127 3 112 120 124 125 142 147 
1800 128 113 147 
1800 129 105 
1800 130 119 121 135 137 140 
1800 131 112 118 132 137 
1800 132 102 116 121 122 131 
1800 133 105 109 123 126 134 142 144 
1800 134 103 113 133 140 142 
1800 135 123 126 130 
1800 136 105 122 138 141 
1800 137 103 110 112 130 131 144 
1800 138 106 136 
1800 139 
1800 140 3 118 130 134 147 
1800 141 107 113 116 120 136 143 
1800 142 102 105 118 126 127 133 134 
1800 143 107 114 118 125 141 
1800 144 3 9 114 133 137 
1800 145 
1800 146 
1800 147 3 107 110 116 117 127 128 140 
1800 148 103 112 
1800 149 158 160 163 
1800 150 156 169 178 
1800 151 155 162 169 180 
1800 152 11 163 175 
1800 153 162 166 180 
1800 154 
1800 155 11 151 157 175 
1800 156 150 171 175 181 
1800 157 155 162 174 178 182 
1800 158 11 149 161 169 
1800 159 
1800 160 149 171 177 180 
1800 161 10 11 158 171 177 182 
1800 162 151 153 157 165 177 
1800 163 149 152 164 182 
1800 164 163 176 
1800 165 162 166 174 175 
1800 166 153 165 179 
1800 167 
1800 168 11 
1800 169 11 150 151 158 178 
1800 170 
1800 171 156 160 161 174 
1800 172 173 
1800 173 172 
1800 174 157 165 171 
1800 175 12 152 155 156 165 
1800 176 164 
1800 177 160 161 162 178 
1800 178 10 150 157 169 177 
1800 179 166 
1800 180 10 11 151 153 160 
1800 181 156 
1800 182 11 157 161 163 
1800 183 190 226 
1800 184 194 197 198 203 206 215 
1800 185 217 
1800 186 188 189 194 198 203 209 214 227 
1800 187 188 193 
1800 188 186 187 198 199 203 205 210 219 
1800 189 5 15 186 197 205 208 219 
1800 190 183 191 196 203 
1800 191 190 197 201 202 205 220 224 
1800 192 5 196 199 216 
1800 193 187 197 209 225 
1800 194 5 184 186 204 205 212 214 218 228 
1800 195 197 218 
1800 196 5 190 192 201 223 
1800 197 184 189 191 193 195 207 
1800 198 184 186 188 204 213 214 216 
1800 199 188 192 208 217 226 
1800 200 206 214 
1800 201 191 196 203 205 212 218 
1800 202 14 191 210 228 
1800 203 184 186 188 190 201 209 210 220 224 
1800 204 194 198 206 216 219 220 225 226 
1800 205 13 188 189 191 194 201 206 215 
1800 206 184 200 204 205 214 222 
1800 207 13 197 210 212 214 216 219 
1800 208 189 199 224 228 
1800 209 186 193 203 
1800 210 15 188 202 203 207 219 
1800 211 228 
1800 212 194 201 207 219 
1800 213 5 198 217 218 227 
1800 214 186 194 198 200 206 207 225 
1800 215 184 205 
1800 216 192 198 204 207 220 223 224 
1800 217 185 199 213 
1800 218 14 194 195 201 213 220 222 
1800 219 188 189 204 207 210 212 228 
1800 220 5 191 203 204 216 218 
1800 221 
1800 222 5 206 218 
1800 223 196 216 
1800 224 191 203 208 216 
1800 225 5 15 193 204 214 
1800 226 183 199 204 
1800 227 15 186 213 228 
1800 228 194 202 208 211 219 227 
1800 229 0 4 5 
1800 230 0 1 
1800 231 0 2 
1800 232 0 1 3 
1800 233 0 4 
1800 234 0 2 5 
1800 235 0 1 4 5 
1800 236 0 3 
1800 237 0 2 
1800 238 0 2 4 5 
1800 239 0 1 3 
1800 240 0 2 4 5 
1800 241 0 3 
1800 242 0 1 
1800 243 0 3 
1800 244 0 1 2 
1800 245 0 4 5 
1800 246 0 1 
1800 247 0 2 3 5 
1800 248 0 2 3 4 
1800 249 0 5 
1800 250 0 1 4 
1800 251 0 3 4 
1800 252 0 5 
1800 253 0 1 
1800 254 0 2 
1800 255 0 3 5 
1800 256 0 4 
1800 257 0 1 2 5 
1800 258 0 1 2 4 
3600 0 1 2 3 4 5 229 230 231 232 233 234 235 236 237 238 239 240 241 242 243 244 245 246 247 248 249 250 251 252 253 254 255 256 257 258 
3600 1 0 2 3 4 5 6 44 57 60 230 232 235 239 242 244 246 250 253 257 258 
3600 2 0 1 3 4 5 7 8 64 76 82 84 231 234 237 238 240 244 247 248 254 257 258 
3600 3 0 1 2 4 5 9 115 124 134 135 136 138 232 236 239 241 243 247 248 251 255 
3600 4 0 1 2 3 5 10 11 12 150 177 180 229 233 235 238 240 245 248 250 251 256 258 
3600 5 0 1 2 3 4 13 14 15 184 191 196 197 208 212 228 229 234 235 238 240 245 247 249 252 255 257 
3600 6 1 18 26 34 40 46 56 
3600 7 2 8 69 70 77 
3600 8 2 7 64 68 80 89 98 
3600 9 3 113 115 119 121 133 134 
3600 10 4 11 12 149 158 168 182 
3600 11 4 10 12 168 169 171 
3600 12 4 10 11 151 162 165 166 
3600 13 5 14 15 184 185 189 198 200 203 208 225 
3600 14 5 13 15 183 199 
3600 15 5 13 14 185 198 209 215 216 
3600 16 25 41 57 
3600 17 30 45 59 
3600 18 6 19 25 33 39 60 62 
3600 19 18 25 31 34 51 59 
3600 20 32 53 62 
3600 21 26 32 44 50 51 
3600 22 23 40 58 61 
3600 23 22 26 27 40 51 
3600 24 27 45 51 
3600 25 16 18 19 38 41 49 
3600 26 6 21 23 28 31 35 46 58 60 
3600 27 23 24 33 38 51 54 
3600 28 26 41 51 61 
3600 29 
3600 30 17 44 45 50 56 
3600 31 19 26 36 60 
3600 32 20 21 
3600 33 18 27 
3600 34 6 19 38 
3600 35 26 44 46 
3600 36 31 
3600 37 
3600 38 25 27 34 49 60 
3600 39 18 
3600 40 6 22 23 43 
3600 41 16 25 28 54 58 
3600 42 
3600 43 40 59 
3600 44 1 21 30 35 61 
3600 45 17 24 30 
3600 46 6 26 35 
3600 47 56 
3600 48 
3600 49 25 38 62 
3600 50 21 30 
3600 51 19 21 23 24 27 28 
3600 52 
3600 53 20 55 
3600 54 27 41 56 60 
3600 55 53 59 60 62 
3600 56 6 30 47 54 
3600 57 1 16 
3600 58 22 26 41 62 
3600 59 17 19 43 55 
3600 60 1 18 26 31 38 54 55 62 
3600 61 22 28 44 
3600 62 18 20 49 55 58 60 
3600 63 84 86 89 
3600 64 2 8 65 69 70 73 87 89 98 
3600 65 64 85 101 
3600 66 70 72 78 81 98 
3600 67 82 99 
3600 68 8 80 
3600 69 7 64 70 74 
3600 70 7 64 66 69 87 
3600 71 76 
3600 72 66 94 
3600 73 64 82 
3600 74 69 
3600 75 93 
3600 76 2 71 87 101 
3600 77 7 78 84 101 
3600 78 66 77 
3600 79 87 
3600 80 8 68 82 84 101 
3600 81 66 85 
3600 82 2 67 73 80 
3600 83 
3600 84 2 63 77 80 
3600 85 65 81 
3600 86 63 95 96 
3600 87 64 70 76 79 101 
3600 88 
3600 89 8 63 64 95 98 
3600 90 98 
3600 91 
3600 92 
3600 93 75 
3600 94 72 
3600 95 86 89 
3600 96 86 
3600 97 
3600 98 8 64 66 89 90 
3600 99 67 
3600 100 
3600 101 65 76 77 80 87 
3600 102 107 118 119 137 
3600 103 107 118 125 132 
3600 104 107 109 117 135 138 140 
3600 105 111 120 
3600 106 128 131 147 
3600 107 102 103 104 127 134 135 140 141 142 
3600 108 
3600 109 104 113 117 118 120 136 
3600 110 115 119 130 142 
3600 111 105 114 116 131 
3600 112 130 135 140 
3600 113 9 109 122 133 141 
3600 114 111 115 
3600 115 3 9 110 114 117 123 126 127 128 134 
3600 116 111 132 137 142 
3600 117 104 109 115 121 124 128 131 141 146 
3600 118 102 103 109 128 134 137 141 
3600 119 9 102 110 140 141 142 
3600 120 105 109 142 
3600 121 9 117 123 136 143 144 145 
3600 122 113 135 
3600 123 115 121 125 134 142 147 
3600 124 3 117 135 143 147 
3600 125 103 123 132 147 
3600 126 115 130 134 141 
3600 127 107 115 130 132 142 
3600 128 106 115 117 118 
3600 129 146 
3600 130 110 112 126 127 140 143 
3600 131 106 111 117 
3600 132 103 116 125 127 147 
3600 133 9 113 134 135 146 
3600 134 3 9 107 115 118 123 126 133 137 
3600 135 3 104 107 112 122 124 133 146 
3600 136 3 109 121 137 143 
3600 137 102 116 118 134 136 146 
3600 138 3 104 143 147 
3600 139 
3600 140 104 107 112 119 130 
3600 141 107 113 117 118 119 126 
3600 142 107 110 116 119 120 123 127 
3600 143 121 124 130 136 138 147 
3600 144 121 
3600 145 121 
3600 146 117 129 133 135 137 
3600 147 106 123 124 125 132 138 143 
3600 148 
3600 149 10 155 158 171 180 
3600 150 4 151 152 169 173 
3600 151 12 150 171 176 177 
3600 152 150 158 160 169 
3600 153 180 
3600 154 171 
3600 155 149 158 162 
3600 156 161 168 182 
3600 157 163 173 182 
3600 158 10 149 152 155 161 162 170 180 
3600 159 
3600 160 152 163 174 
3600 161 156 158 166 
3600 162 12 155 158 165 
3600 163 157 160 
3600 164 
3600 165 12 162 176 182 
3600 166 12 161 174 177 179 
3600 167 172 
3600 168 10 11 156 175 
3600 169 11 150 152 177 
3600 170 158 171 180 
3600 171 11 149 151 154 170 173 180 
3600 172 167 
3600 173 150 157 171 178 180 
3600 174 160 166 
3600 175 168 179 
3600 176 151 165 
3600 177 4 151 166 169 
3600 178 173 
3600 179 166 175 181 
3600 180 4 149 153 158 170 171 173 
3600 181 179 
3600 182 10 156 157 165 
3600 183 14 191 216 
3600 184 5 13 188 202 208 216 217 227 
3600 185 13 15 189 192 201 212 215 216 222 
3600 186 187 197 215 
3600 187 186 217 222 
3600 188 184 199 205 209 227 228 
3600 189 13 185 190 191 200 205 207 215 226 227 
3600 190 189 191 192 212 214 215 
3600 191 5 183 189 190 203 212 
3600 192 185 190 205 206 
3600 193 217 
3600 194 214 223 227 
3600 195 204 210 212 217 226 
3600 196 5 212 218 
3600 197 5 186 202 208 212 215 217 221 
3600 198 13 15 210 212 225 227 
3600 199 14 188 226 
3600 200 13 189 203 208 228 
3600 201 185 210 224 
3600 202 184 197 209 228 
3600 203 13 191 200 212 221 222 
3600 204 195 212 
3600 205 188 189 192 
3600 206 192 210 216 
3600 207 189 
3600 208 5 13 184 197 200 210 218 225 228 
3600 209 15 188 202 218 226 
3600 210 195 198 201 206 208 225 227 
3600 211 
3600 212 5 185 190 191 195 196 197 198 203 204 213 
3600 213 212 216 226 
3600 214 190 194 222 227 
3600 215 15 185 186 189 190 197 216 220 
3600 216 15 183 184 185 206 213 215 219 
3600 217 184 187 193 195 197 
3600 218 196 208 209 221 
3600 219 216 223 
3600 220 215 222 226 228 
3600 221 197 203 218 225 
3600 222 185 187 203 214 220 
3600 223 194 219 
3600 224 201 225 
3600 225 13 198 208 210 221 224 
3600 226 189 195 199 209 213 220 
3600 227 184 188 189 194 198 210 214 
3600 228 5 188 200 202 208 220 
3600 229 0 4 5 
3600 230 0 1 
3600 231 0 2 
3600 232 0 1 3 
3600 233 0 4 
3600 234 0 2 5 
3600 235 0 1 4 5 
3600 236 0 3 
3600 237 0 2 
3600 238 0 2 4 5 
3600 239 0 1 3 
3600 240 0 2 4 5 
3600 241 0 3 
3600 242 0 1 
3600 243 0 3 
3600 244 0 1 2 
3600 245 0 4 5 
3600 246 0 1 
3600 247 0 2 3 5 
3600 248 0 2 3 4 
3600 249 0 5 
3600 250 0 1 4 
3600 251 0 3 4 
3600 252 0 5 
3600 253 0 1 
3600 254 0 2 
3600 255 0 3 5 
3600 256 0 4 
3600 257 0 1 2 5 
3600 258 0 1 2 4 
5400 0 1 2 3 4 5 229 230 231 232 233 234 235 236 237 238 239 240 241 242 243 244 245 246 247 248 249 250 251 252 253 254 255 256 257 258 
5400 1 0 2 3 4 5 6 19 23 30 33 51 57 59 62 230 232 235 239 242 244 246 250 253 257 258 
5400 2 0 1 3 4 5 7 8 64 71 76 82 231 234 237 238 240 244 247 248 254 257 258 
5400 3 0 1 2 4 5 9 105 106 107 134 140 232 236 239 241 243 247 248 251 255 
5400 4 0 1 2 3 5 10 11 12 153 156 165 177 178 182 229 233 235 238 240 245 248 250 251 256 258 
5400 5 0 1 2 3 4 13 14 15 190 196 208 216 225 229 234 235 238 240 245 247 249 252 255 257 
5400 6 1 17 28 40 55 
5400 7 2 8 65 85 98 
5400 8 2 7 63 64 67 71 78 83 95 101 
5400 9 3 138 
5400 10 4 11 12 149 155 167 175 
5400 11 4 10 12 160 161 168 171 
5400 12 4 10 11 157 168 180 
5400 13 5 14 15 189 196 201 202 
5400 14 5 13 15 189 203 205 218 219 220 226 227 
5400 15 5 13 14 201 203 212 214 215 218 219 224 
5400 16 17 20 23 28 44 
5400 17 6 16 
5400 18 23 45 
5400 19 1 24 30 33 40 46 52 56 
5400 20 16 27 62 
5400 21 30 34 41 54 57 
5400 22 29 31 39 41 55 57 59 60 
5400 23 1 16 18 28 60 
5400 24 19 32 51 52 59 62 
5400 25 41 60 
5400 26 27 38 44 48 56 
5400 27 20 26 28 34 56 60 
5400 28 6 16 23 27 44 47 
5400 29 22 53 55 
5400 30 1 19 21 32 41 44 55 59 
5400 31 22 34 47 
5400 32 24 30 54 55 59 
5400 33 1 19 44 46 52 
5400 34 21 27 31 56 
5400 35 
5400 36 56 
5400 37 
5400 38 26 55 62 
5400 39 22 44 
5400 40 6 19 57 61 
5400 41 21 22 25 30 43 51 54 
5400 42 
5400 43 41 47 52 
5400 44 16 26 28 30 33 39 56 60 
5400 45 18 47 51 
5400 46 19 33 56 57 58 
5400 47 28 31 43 45 52 57 
5400 48 26 54 
5400 49 
5400 50 
5400 51 1 24 41 45 60 
5400 52 19 24 33 43 47 56 58 62 
5400 53 29 
5400 54 21 32 41 48 
5400 55 6 22 29 30 32 38 58 
5400 56 19 26 27 34 36 44 46 52 
5400 57 1 21 22 40 46 47 
5400 58 46 52 55 61 
5400 59 1 22 24 30 32 60 62 
5400 60 22 23 25 27 44 51 59 
5400 61 40 58 
5400 62 1 20 24 38 52 59 
5400 63 8 71 78 82 83 101 
5400 64 2 8 72 85 
5400 65 7 73 82 86 93 
5400 66 77 86 88 
5400 67 8 101 
5400 68 79 
5400 69 75 90 
5400 70 
5400 71 2 8 63 84 85 98 
5400 72 64 78 80 83 87 
5400 73 65 75 77 85 98 
5400 74 154 
5400 75 69 73 79 
5400 76 2 78 86 95 
5400 77 66 73 
5400 78 8 63 72 76 83 86 
5400 79 68 75 
5400 80 72 
5400 81 85 97 
5400 82 2 63 65 
5400 83 8 63 72 78 89 
5400 84 71 
5400 85 7 64 71 73 81 97 101 
5400 86 65 66 76 78 95 101 
5400 87 72 
5400 88 66 
5400 89 83 
5400 90 69 
5400 91 
5400 92 
5400 93 65 
5400 94 
5400 95 8 76 86 
5400 96 
5400 97 81 85 
5400 98 7 71 73 
5400 99 
5400 100 
5400 101 8 63 67 85 86 
5400 102 118 124 130 133 
5400 103 104 118 
5400 104 103 106 110 117 123 124 127 132 142 
5400 105 3 106 126 127 128 
5400 106 3 104 105 110 116 126 
5400 107 3 115 125 134 
5400 108 143 
5400 109 121 126 128 134 135 142 143 144 145 
5400 110 104 106 112 120 
5400 111 
5400 112 110 115 123 135 137 
5400 113 116 119 127 131 135 140 
5400 114 128 141 
5400 115 107 112 116 
5400 116 106 113 115 120 122 127 141 
5400 117 104 128 129 137 142 
5400 118 102 103 121 122 140 
5400 119 113 120 133 
5400 120 110 116 119 124 126 128 130 143 
5400 121 109 118 122 124 125 135 140 143 147 
5400 122 116 118 121 127 130 132 135 142 
5400 123 104 112 132 
5400 124 102 104 120 121 131 133 137 138 
5400 125 107 121 132 140 143 
5400 126 105 106 109 120 135 136 
5400 127 104 105 113 116 122 131 137 138 142 144 
5400 128 105 109 114 117 120 138 
5400 129 117 
5400 130 102 120 122 137 
5400 131 113 124 127 140 
5400 132 104 122 123 125 
5400 133 102 119 124 134 137 
5400 134 3 107 109 133 137 
5400 135 109 112 113 121 122 126 136 140 
5400 136 126 135 138 145 
5400 137 112 117 124 127 130 133 134 
5400 138 9 124 127 128 136 
5400 139 
5400 140 3 113 118 121 125 131 135 142 
5400 141 114 116 
5400 142 104 109 117 122 127 140 
5400 143 108 109 120 121 125 
5400 144 109 127 146 
5400 145 109 136 
5400 146 144 
5400 147 121 
5400 148 
5400 149 10 152 165 182 
5400 150 151 161 173 174 
5400 151 150 168 182 
5400 152 149 161 
5400 153 4 158 
5400 154 74 166 167 
5400 155 10 161 170 171 
5400 156 4 168 
5400 157 12 168 182 
5400 158 153 180 
5400 159 
5400 160 11 166 172 179 
5400 161 11 150 152 155 176 
5400 162 167 177 
5400 163 
5400 164 
5400 165 4 149 167 
5400 166 154 160 176 
5400 167 10 154 162 165 
5400 168 11 12 151 156 157 178 
5400 169 
5400 170 155 
5400 171 11 155 177 180 
5400 172 160 175 
5400 173 150 
5400 174 150 181 
5400 175 10 172 178 
5400 176 161 166 180 
5400 177 4 162 171 178 
5400 178 4 168 175 177 
5400 179 160 
5400 180 12 158 171 176 
5400 181 174 
5400 182 4 149 151 157 
5400 183 204 205 
5400 184 190 204 210 
5400 185 190 207 218 224 
5400 186 188 196 201 209 215 218 220 226 
5400 187 
5400 188 186 210 
5400 189 13 14 191 193 195 205 226 228 
5400 190 5 184 185 191 200 203 207 209 214 222 
5400 191 189 190 214 215 221 
5400 192 199 203 219 222 225 
5400 193 189 224 
5400 194 212 
5400 195 189 227 
5400 196 5 13 186 198 202 203 224 
5400 197 198 203 207 212 216 224 
5400 198 196 197 207 225 
5400 199 192 213 215 
5400 200 190 
5400 201 13 15 186 217 218 220 222 
5400 202 13 196 205 228 
5400 203 14 15 190 192 196 197 205 214 
5400 204 183 184 210 219 222 
5400 205 14 183 189 202 203 210 
5400 206 213 227 
5400 207 185 190 197 198 227 
5400 208 5 214 
5400 209 186 190 214 218 222 
5400 210 184 188 204 205 221 
5400 211 
5400 212 15 194 197 216 222 224 
5400 213 199 206 218 225 
5400 214 15 190 191 203 208 209 217 227 
5400 215 15 186 191 199 216 220 
5400 216 5 197 212 215 228 
5400 217 201 214 
5400 218 14 15 185 186 201 209 213 
5400 219 14 15 192 204 226 
5400 220 14 186 201 215 225 226 228 
5400 221 191 210 
5400 222 190 192 201 204 209 212 
5400 223 
5400 224 15 185 193 196 197 212 225 
5400 225 5 192 198 213 220 224 227 
5400 226 14 186 189 219 220 
5400 227 14 195 206 207 214 225 
5400 228 189 202 216 220 
5400 229 0 4 5 
5400 230 0 1 
5400 231 0 2 
5400 232 0 1 3 
5400 233 0 4 
5400 234 0 2 5 
5400 235 0 1 4 5 
5400 236 0 3 
5400 237 0 2 
5400 238 0 2 4 5 
5400 239 0 1 3 
5400 240 0 2 4 5 
5400 241 0 3 
5400 242 0 1 
5400 243 0 3 
5400 244 0 1 2 
5400 245 0 4 5 
5400 246 0 1 
5400 247 0 2 3 5 
5400 248 0 2 3 4 
5400 249 0 5 
5400 250 0 1 4 
5400 251 0 3 4 
5400 252 0 5 
5400 253 0 1 
5400 254 0 2 
5400 255 0 3 5 
5400 256 0 4 
5400 257 0 1 2 5 
5400 258 0 1 2 4 
7200 0 1 2 3 4 5 229 230 231 232 233 234 235 236 237 238 239 240 241 242 243 244 245 246 247 248 249 250 251 252 253 254 255 256 257 258 
7200 1 0 2 3 4 5 6 21 33 34 54 62 230 232 235 239 242 244 246 250 253 257 258 
7200 2 0 1 3 4 5 7 8 69 71 76 80 101 231 234 237 238 240 244 247 248 254 257 258 
7200 3 0 1 2 4 5 9 104 109 123 142 144 232 236 239 241 243 247 248 251 255 
7200 4 0 1 2 3 5 10 11 12 151 166 178 229 233 235 238 240 245 248 250 251 256 258 
7200 5 0 1 2 3 4 13 14 15 190 200 210 216 227 229 234 235 238 240 245 247 249 252 255 257 
7200 6 1 20 28 38 47 61 
7200 7 2 8 64 66 
7200 8 2 7 72 73 76 
7200 9 3 103 106 121 125 126 134 137 142 147 
7200 10 4 11 12 150 156 157 161 163 179 180 
7200 11 4 10 12 163 175 178 180 
7200 12 4 10 11 157 160 
7200 13 5 14 15 198 201 205 214 220 222 224 
7200 14 5 13 15 200 217 
7200 15 5 13 14 184 210 214 
7200 16 25 28 40 60 62 
7200 17 31 47 58 60 62 
7200 18 20 28 32 38 
7200 19 23 38 41 48 
7200 20 6 18 44 57 
7200 21 1 33 47 56 61 
7200 22 27 56 
7200 23 19 25 44 
7200 24 31 45 
7200 25 16 23 31 32 46 58 61 
7200 26 37 38 
7200 27 22 28 30 39 44 54 
7200 28 6 16 18 27 34 39 
7200 29 
7200 30 27 41 43 57 61 62 
7200 31 17 24 25 45 52 
7200 32 18 25 36 44 46 47 51 59 60 
7200 33 1 21 38 41 45 62 
7200 34 1 28 41 
7200 35 
7200 36 32 54 57 61 
7200 37 26 46 
7200 38 6 18 19 26 33 43 59 62 
7200 39 27 28 40 56 
7200 40 16 39 56 
7200 41 19 30 33 34 45 
7200 42 50 
7200 43 30 38 
7200 44 20 23 27 32 
7200 45 24 31 33 41 59 
7200 46 25 32 37 
7200 47 6 17 21 32 51 56 60 
7200 48 19 
7200 49 59 
7200 50 42 
7200 51 32 47 59 60 
7200 52 31 55 56 57 58 
7200 53 59 
7200 54 1 27 36 60 
7200 55 52 58 
7200 56 21 22 39 40 47 52 60 
7200 57 20 30 36 52 60 
7200 58 17 25 52 55 62 
7200 59 32 38 45 49 51 53 61 
7200 60 16 17 32 47 51 54 56 57 
7200 61 6 21 25 30 36 59 
7200 62 1 16 17 30 33 38 58 
7200 63 69 87 89 
7200 64 7 69 87 93 94 
7200 65 73 89 
7200 66 7 85 88 
7200 67 100 
7200 68 79 
7200 69 2 63 64 78 84 
7200 70 88 97 100 
7200 71 2 
7200 72 8 82 89 93 95 
7200 73 8 65 95 
7200 74 
7200 75 101 
7200 76 2 8 84 101 
7200 77 
7200 78 69 95 97 
7200 79 68 100 
7200 80 2 82 89 100 101 
7200 81 
7200 82 72 80 
7200 83 
7200 84 69 76 96 
7200 85 66 92 97 
7200 86 95 
7200 87 63 64 
7200 88 66 70 92 
7200 89 63 65 72 80 98 
7200 90 98 
7200 91 
7200 92 85 88 
7200 93 64 72 98 
7200 94 64 98 
7200 95 72 73 78 86 
7200 96 84 
7200 97 70 78 85 
7200 98 89 90 93 94 101 
7200 99 
7200 100 67 70 79 80 
7200 101 2 75 76 80 98 
7200 102 103 104 112 119 135 142 147 
7200 103 9 102 113 120 121 136 148 
7200 104 3 102 128 130 141 142 
7200 105 134 
7200 106 9 142 
7200 107 123 124 141 
7200 108 109 
7200 109 3 108 116 124 126 132 138 
7200 110 113 126 
7200 111 117 
7200 112 102 121 128 130 143 
7200 113 103 110 132 138 
7200 114 117 120 146 
7200 115 117 130 
7200 116 109 143 144 
7200 117 111 114 115 132 141 
7200 118 127 135 138 143 
7200 119 102 141 144 
7200 120 103 114 121 130 132 136 139 
7200 121 9 103 112 120 123 134 136 139 142 143 
7200 122 140 
7200 123 3 107 121 
7200 124 107 109 133 135 
7200 125 9 126 127 128 133 136 147 
7200 126 9 109 110 125 131 134 137 
7200 127 118 125 
7200 128 104 112 125 129 133 
7200 129 128 135 
7200 130 104 112 115 120 136 
7200 131 126 140 147 
7200 132 109 113 117 120 142 147 
7200 133 124 125 128 
7200 134 9 105 121 126 139 147 
7200 135 102 118 124 129 139 142 147 
7200 136 103 120 121 125 130 143 144 
7200 137 9 126 
7200 138 109 113 118 139 
7200 139 120 121 134 135 138 
7200 140 122 131 
7200 141 104 107 117 119 145 
7200 142 3 9 102 104 106 121 132 135 
7200 143 112 116 118 121 136 
7200 144 3 116 119 136 
7200 145 141 
7200 146 114 
7200 147 9 102 125 131 132 134 135 
7200 148 103 
7200 149 
7200 150 10 165 174 175 
7200 151 4 152 158 163 
7200 152 151 157 
7200 153 
7200 154 176 
7200 155 156 172 180 
7200 156 10 155 161 174 
7200 157 10 12 152 176 180 182 
7200 158 151 167 170 172 180 182 
7200 159 
7200 160 12 169 173 
7200 161 10 156 170 176 177 179 
7200 162 168 176 
7200 163 10 11 151 169 174 
7200 164 
7200 165 150 175 177 178 
7200 166 4 180 
7200 167 158 
7200 168 162 178 182 
7200 169 160 163 170 174 
7200 170 158 161 169 174 175 
7200 171 182 
7200 172 155 158 176 
7200 173 160 
7200 174 150 156 163 169 170 181 
7200 175 11 150 165 170 
7200 176 154 157 161 162 172 
7200 177 161 165 
7200 178 4 11 165 168 182 
7200 179 10 161 
7200 180 10 11 155 157 158 166 
7200 181 174 
7200 182 157 158 168 171 178 
7200 183 
7200 184 15 189 201 215 220 
7200 185 190 198 202 203 204 209 218 225 
7200 186 195 206 225 
7200 187 203 209 217 
7200 188 189 199 206 210 213 214 215 219 222 226 227 
7200 189 184 188 210 
7200 190 5 185 220 
7200 191 199 201 205 206 207 212 221 226 
7200 192 199 210 214 218 
7200 193 217 224 
7200 194 206 208 213 
7200 195 186 197 210 213 224 
7200 196 197 225 
7200 197 195 196 199 204 213 225 
7200 198 13 185 212 213 
7200 199 188 191 192 197 212 
7200 200 5 14 206 212 222 
7200 201 13 184 191 202 216 
7200 202 185 201 227 228 
7200 203 185 187 210 
7200 204 185 197 210 218 226 
7200 205 13 191 206 207 208 218 219 226 
7200 206 186 188 191 194 200 205 208 220 
7200 207 191 205 208 211 226 228 
7200 208 194 205 206 207 212 
7200 209 185 187 
7200 210 5 15 188 189 192 195 203 204 214 215 219 228 
7200 211 207 218 227 
7200 212 191 198 199 200 208 228 
7200 213 188 194 195 197 198 214 217 
7200 214 13 15 188 192 210 213 216 219 223 226 228 
7200 215 184 188 210 216 220 222 224 
7200 216 5 201 214 215 
7200 217 14 187 193 213 218 221 
7200 218 185 192 204 205 211 217 226 
7200 219 188 205 210 214 
7200 220 13 184 190 206 215 
7200 221 191 217 
7200 222 13 188 200 215 
7200 223 214 
7200 224 13 193 195 215 
7200 225 185 186 196 197 
7200 226 188 191 204 205 207 214 218 
7200 227 5 188 202 211 
7200 228 202 207 210 212 214 
7200 229 0 4 5 
7200 230 0 1 
7200 231 0 2 
7200 232 0 1 3 
7200 233 0 4 
7200 234 0 2 5 
7200 235 0 1 4 5 
7200 236 0 3 
7200 237 0 2 
7200 238 0 2 4 5 
7200 239 0 1 3 
7200 240 0 2 4 5 
7200 241 0 3 
7200 242 0 1 
7200 243 0 3 
7200 244 0 1 2 
7200 245 0 4 5 
7200 246 0 1 
7200 247 0 2 3 5 
7200 248 0 2 3 4 
7200 249 0 5 
7200 250 0 1 4 
7200 251 0 3 4 
7200 252 0 5 
7200 253 0 1 
7200 254 0 2 
7200 255 0 3 5 
7200 256 0 4 
7200 257 0 1 2 5 
7200 258 0 1 2 4 
9000 0 1 2 3 4 5 229 230 231 232 233 234 235 236 237 238 239 240 241 242 243 244 245 246 247 248 249 250 251 252 253 254 255 256 257 258 
9000 1 0 2 3 4 5 6 17 21 27 32 230 232 235 239 242 244 246 250 253 257 258 
9000 2 0 1 3 4 5 7 8 65 74 75 76 86 89 93 231 234 237 238 240 244 247 248 254 257 258 
9000 3 0 1 2 4 5 9 104 112 116 121 126 132 134 135 142 143 147 232 236 239 241 243 247 248 251 255 
9000 4 0 1 2 3 5 10 11 12 162 169 229 233 235 238 240 245 248 250 251 256 258 
9000 5 0 1 2 3 4 13 14 15 194 197 198 204 205 210 217 229 234 235 238 240 245 247 249 252 255 257 
9000 6 1 55 
9000 7 2 8 75 98 
9000 8 2 7 84 
9000 9 3 102 103 111 113 119 128 144 
9000 10 4 11 12 
9000 11 4 10 12 152 165 175 
9000 12 4 10 11 151 172 180 182 
9000 13 5 14 15 200 210 211 222 224 
9000 14 5 13 15 203 212 224 
9000 15 5 13 14 183 185 186 190 191 197 203 204 205 211 213 226 
9000 16 21 26 28 40 58 
9000 17 1 22 23 43 56 62 
9000 18 19 28 44 52 56 61 62 
9000 19 18 28 33 46 50 
9000 20 31 47 58 59 62 
9000 21 1 16 26 47 
9000 22 17 24 28 30 60 
9000 23 17 30 46 54 
9000 24 22 38 41 45 
9000 25 39 57 
9000 26 16 21 30 31 
9000 27 1 30 33 36 58 59 
9000 28 16 18 19 22 39 46 54 58 60 62 
9000 29 42 
9000 30 22 23 26 27 36 38 56 
9000 31 20 26 50 60 
9000 32 1 41 55 56 60 62 
9000 33 19 27 38 59 
9000 34 38 41 45 61 
9000 35 
9000 36 27 30 46 48 
9000 37 52 
9000 38 24 30 33 34 44 45 53 58 60 
9000 39 25 28 
9000 40 16 50 59 
9000 41 24 32 34 45 49 57 58 
9000 42 29 
9000 43 17 52 
9000 44 18 38 45 59 62 
9000 45 24 34 38 41 44 53 
9000 46 19 23 28 36 
9000 47 20 21 48 56 57 
9000 48 36 47 
9000 49 41 
9000 50 19 31 40 52 54 
9000 51 53 
9000 52 18 37 43 50 54 57 
9000 53 38 45 51 
9000 54 23 28 50 52 
9000 55 6 32 60 
9000 56 17 18 30 32 47 
9000 57 25 41 47 52 
9000 58 16 20 27 28 38 41 
9000 59 20 27 33 40 44 60 
9000 60 22 28 31 32 38 55 59 62 
9000 61 18 34 
9000 62 17 18 20 28 32 44 60 
9000 63 70 94 
9000 64 69 70 73 78 79 80 86 89 94 97 
9000 65 2 84 
9000 66 77 
9000 67 96 99 
9000 68 79 
9000 69 64 80 
9000 70 63 64 77 89 95 
9000 71 78 
9000 72 77 89 98 
9000 73 64 85 
9000 74 2 83 154 
9000 75 2 7 89 99 
9000 76 2 80 85 
9000 77 66 70 72 78 80 
9000 78 64 71 77 87 101 
9000 79 64 68 90 94 100 
9000 80 64 69 76 77 87 
9000 81 85 
9000 82 97 
9000 83 74 93 
9000 84 8 65 
9000 85 73 76 81 101 
9000 86 2 64 91 
9000 87 78 80 
9000 88 
9000 89 2 64 70 72 75 97 
9000 90 79 
9000 91 86 
9000 92 
9000 93 2 83 
9000 94 63 64 79 
9000 95 70 
9000 96 67 
9000 97 64 82 89 
9000 98 7 72 
9000 99 67 75 
9000 100 79 
9000 101 78 85 
9000 102 9 104 110 119 126 134 135 137 143 
9000 103 9 116 136 
9000 104 3 102 109 122 130 137 147 
9000 105 114 118 121 124 133 137 147 
9000 106 107 126 135 
9000 107 106 123 127 133 
9000 108 117 129 132 
9000 109 104 114 116 118 119 130 
9000 110 102 119 121 
9000 111 9 122 
9000 112 3 131 138 147 
9000 113 9 117 125 134 
9000 114 105 109 117 128 135 137 
9000 115 126 136 141 145 
9000 116 3 103 109 117 132 133 134 138 
9000 117 108 113 114 116 120 126 128 133 141 
9000 118 105 109 123 
9000 119 9 102 109 110 123 125 127 134 
9000 120 117 128 131 137 
9000 121 3 105 110 123 125 140 147 
9000 122 104 111 125 134 136 142 
9000 123 107 118 119 121 132 
9000 124 105 129 142 143 
9000 125 113 119 121 122 129 133 
9000 126 3 102 106 115 117 145 
9000 127 107 119 140 145 
9000 128 9 114 117 120 137 142 
9000 129 108 124 125 
9000 130 104 109 142 
9000 131 112 120 
9000 132 3 108 116 123 133 134 142 
9000 133 105 107 116 117 125 132 142 
9000 134 3 102 113 116 119 122 132 135 136 137 143 147 
9000 135 3 102 106 114 134 
9000 136 103 115 122 134 144 
9000 137 102 104 105 114 120 128 134 
9000 138 112 116 144 
9000 139 
9000 140 121 127 
9000 141 115 117 144 
9000 142 3 122 124 128 130 132 133 
9000 143 3 102 124 134 
9000 144 9 136 138 141 
9000 145 115 126 127 
9000 146 
9000 147 3 104 105 112 121 134 
9000 148 
9000 149 162 166 174 
9000 150 151 156 158 160 173 
9000 151 12 150 172 182 
9000 152 11 160 170 171 175 178 
9000 153 173 
9000 154 74 
9000 155 160 165 
9000 156 150 158 160 174 
9000 157 172 174 178 
9000 158 150 156 169 180 
9000 159 164 
9000 160 150 152 155 156 166 170 177 
9000 161 172 180 
9000 162 4 149 163 170 171 175 177 180 
9000 163 162 164 
9000 164 159 163 
9000 165 11 155 177 
9000 166 149 160 170 172 175 180 
9000 167 168 180 
9000 168 167 177 
9000 169 4 158 175 
9000 170 152 160 162 166 176 178 
9000 171 152 162 
9000 172 12 151 157 161 166 180 
9000 173 150 153 174 
9000 174 149 156 157 173 
9000 175 11 152 162 166 169 
9000 176 170 
9000 177 160 162 165 168 182 
9000 178 152 157 170 
9000 179 
9000 180 12 158 161 162 166 167 172 
9000 181 
9000 182 12 151 177 
9000 183 15 191 205 228 
9000 184 219 
9000 185 15 198 199 200 215 219 226 
9000 186 15 196 205 216 221 227 
9000 187 217 
9000 188 194 196 215 217 
9000 189 198 201 212 216 
9000 190 15 195 210 215 220 222 223 224 228 
9000 191 15 183 202 209 216 218 224 
9000 192 210 211 219 
9000 193 209 217 
9000 194 5 188 212 215 219 224 
9000 195 190 
9000 196 186 188 202 210 227 
9000 197 5 15 202 207 208 213 220 
9000 198 5 185 189 216 217 218 
9000 199 185 225 
9000 200 13 185 201 204 208 216 
9000 201 189 200 214 
9000 202 191 196 197 215 222 
9000 203 14 15 
9000 204 5 15 200 
9000 205 5 15 183 186 
9000 206 212 222 227 
9000 207 197 211 
9000 208 197 200 225 
9000 209 191 193 215 
9000 210 5 13 190 192 196 212 
9000 211 13 15 192 207 226 
9000 212 14 189 194 206 210 219 
9000 213 15 197 214 
9000 214 201 213 
9000 215 185 188 190 194 202 209 224 
9000 216 186 189 191 198 200 222 
9000 217 5 187 188 193 198 
9000 218 191 198 227 
9000 219 184 185 192 194 212 226 228 
9000 220 190 197 226 
9000 221 186 
9000 222 13 190 202 206 216 
9000 223 190 
9000 224 13 14 190 191 194 215 225 
9000 225 199 208 224 
9000 226 15 185 211 219 220 
9000 227 186 196 206 218 
9000 228 183 190 219 
9000 229 0 4 5 
9000 230 0 1 
9000 231 0 2 
9000 232 0 1 3 
9000 233 0 4 
9000 234 0 2 5 
9000 235 0 1 4 5 
9000 236 0 3 
9000 237 0 2 
9000 238 0 2 4 5 
9000 239 0 1 3 
9000 240 0 2 4 5 
9000 241 0 3 
9000 242 0 1 
9000 243 0 3 
9000 244 0 1 2 
9000 245 0 4 5 
9000 246 0 1 
9000 247 0 2 3 5 
9000 248 0 2 3 4 
9000 249 0 5 
9000 250 0 1 4 
9000 251 0 3 4 
9000 252 0 5 
9000 253 0 1 
9000 254 0 2 
9000 255 0 3 5 
9000 256 0 4 
9000 257 0 1 2 5 
9000 258 0 1 2 4 
10800 0 1 2 3 4 5 229 230 231 232 233 234 235 236 237 238 239 240 241 242 243 244 245 246 247 248 249 250 251 252 253 254 255 256 257 258 
10800 1 0 2 3 4 5 6 27 47 57 230 232 235 239 242 244 246 250 253 257 258 
10800 2 0 1 3 4 5 7 8 231 234 237 238 240 244 247 248 254 257 258 
10800 3 0 1 2 4 5 9 106 119 120 134 135 136 232 236 239 241 243 247 248 251 255 
10800 4 0 1 2 3 5 10 11 12 172 175 229 233 235 238 240 245 248 250 251 256 258 
10800 5 0 1 2 3 4 13 14 15 204 207 216 228 229 234 235 238 240 245 247 249 252 255 257 
10800 6 1 16 22 24 25 52 
10800 7 2 8 84 96 97 
10800 8 2 7 66 76 84 98 
10800 9 3 102 137 147 
10800 10 4 11 12 156 161 163 168 
10800 11 4 10 12 158 165 177 
10800 12 4 10 11 
10800 13 5 14 15 188 199 201 206 207 216 228 
10800 14 5 13 15 196 200 202 206 216 
10800 15 5 13 14 200 214 
10800 16 6 24 36 54 57 
10800 17 55 58 
10800 18 28 32 34 44 53 
10800 19 23 59 
10800 20 24 39 40 52 
10800 21 34 37 47 51 58 
10800 22 6 23 59 
10800 23 19 22 46 51 
10800 24 6 16 20 
10800 25 6 30 44 47 56 
10800 26 34 44 61 
10800 27 1 32 34 54 
10800 28 18 31 41 52 
10800 29 42 43 55 
10800 30 25 46 51 56 59 
10800 31 28 38 51 52 
10800 32 18 27 38 40 58 61 
10800 33 
10800 34 18 21 26 27 
10800 35 
10800 36 16 38 40 44 47 
10800 37 21 46 50 54 
10800 38 31 32 36 40 41 46 61 62 
10800 39 20 56 61 
10800 40 20 32 36 38 47 57 60 61 
10800 41 28 38 
10800 42 29 55 
10800 43 29 55 
10800 44 18 25 26 36 45 60 62 
10800 45 44 
10800 46 23 30 37 38 47 50 
10800 47 1 21 25 36 40 46 50 51 58 
10800 48 
10800 49 
10800 50 37 46 47 57 
10800 51 21 23 30 31 47 
10800 52 6 20 28 31 53 57 
10800 53 18 52 55 59 
10800 54 16 27 37 
10800 55 17 29 42 43 53 
10800 56 25 30 39 59 
10800 57 1 16 40 50 52 
10800 58 17 21 32 47 60 61 
10800 59 19 22 30 53 56 62 
10800 60 40 44 58 
10800 61 26 32 38 39 40 58 
10800 62 38 44 59 
10800 63 73 76 97 98 
10800 64 69 71 80 89 101 
10800 65 69 78 82 
10800 66 8 
10800 67 99 
10800 68 
10800 69 64 65 73 89 93 97 
10800 70 86 89 
10800 71 64 93 
10800 72 84 89 95 100 
10800 73 63 69 83 101 
10800 74 87 
10800 75 79 94 
10800 76 8 63 
10800 77 83 86 87 97 
10800 78 65 85 98 
10800 79 75 100 
10800 80 64 83 96 
10800 81 
10800 82 65 
10800 83 73 77 80 94 
10800 84 7 8 72 100 
10800 85 78 97 
10800 86 70 77 98 
10800 87 74 77 95 
10800 88 
10800 89 64 69 70 72 
10800 90 
10800 91 154 
10800 92 
10800 93 69 71 
10800 94 75 83 
10800 95 72 87 101 
10800 96 7 80 
10800 97 7 63 69 77 85 
10800 98 8 63 78 86 
10800 99 67 
10800 100 72 79 84 
10800 101 64 73 95 
10800 102 9 119 132 134 135 137 138 142 143 
10800 103 119 132 136 
10800 104 115 125 
10800 105 109 115 128 136 141 142 
10800 106 3 127 128 138 144 
10800 107 109 122 124 129 141 143 
10800 108 144 
10800 109 105 107 115 126 134 
10800 110 113 124 132 144 
10800 111 
10800 112 122 126 127 132 135 
10800 113 110 119 122 126 
10800 114 116 120 122 127 134 146 
10800 115 104 105 109 139 142 145 
10800 116 114 126 128 134 142 147 
10800 117 124 132 145 
10800 118 123 138 142 
10800 119 3 102 103 113 121 124 128 
10800 120 3 114 128 133 135 139 
10800 121 119 
10800 122 107 112 113 114 123 131 136 139 141 142 
10800 123 118 122 126 127 140 142 145 147 
10800 124 107 110 117 119 125 126 129 134 137 139 147 
10800 125 104 124 138 147 
10800 126 109 112 113 116 123 124 
10800 127 106 112 114 123 128 134 135 141 
10800 128 105 106 116 119 120 127 133 134 136 
10800 129 107 124 146 
10800 130 131 
10800 131 122 130 139 141 142 143 
10800 132 102 103 110 112 117 139 
10800 133 120 128 134 144 
10800 134 3 102 109 114 116 124 127 128 133 144 
10800 135 3 102 112 120 127 137 140 143 147 
10800 136 3 103 105 122 128 137 144 145 
10800 137 9 102 124 135 136 147 
10800 138 102 106 118 125 139 141 
10800 139 115 120 122 124 131 132 138 
10800 140 123 135 
10800 141 105 107 122 127 131 138 
10800 142 102 105 115 116 118 122 123 131 
10800 143 102 107 131 135 
10800 144 106 108 110 133 134 136 
10800 145 115 117 123 136 146 
10800 146 114 129 145 
10800 147 9 116 123 124 125 135 137 
10800 148 
10800 149 150 152 155 
10800 150 149 151 160 161 163 168 173 
10800 151 150 152 170 176 178 
10800 152 149 151 156 158 177 179 182 
10800 153 
10800 154 91 166 
10800 155 149 162 166 170 
10800 156 10 152 157 170 171 177 
10800 157 156 165 169 
10800 158 11 152 172 176 179 
10800 159 
10800 160 150 162 169 174 175 
10800 161 10 150 162 168 180 
10800 162 155 160 161 170 
10800 163 10 150 164 172 
10800 164 163 
10800 165 11 157 172 175 182 
10800 166 154 155 
10800 167 172 176 
10800 168 10 150 161 171 180 182 
10800 169 157 160 175 177 
10800 170 151 155 156 162 177 
10800 171 156 168 173 179 
10800 172 4 158 163 165 167 174 
10800 173 150 171 
10800 174 160 172 176 178 181 
10800 175 4 160 165 169 182 
10800 176 151 158 167 174 
10800 177 11 152 156 169 170 178 
10800 178 151 174 177 
10800 179 152 158 171 
10800 180 161 168 
10800 181 174 
10800 182 152 165 168 175 
10800 183 185 202 219 228 
10800 184 196 197 202 204 205 206 
10800 185 183 215 218 
10800 186 198 
10800 187 196 214 
10800 188 13 194 197 198 
10800 189 201 205 213 218 224 
10800 190 210 214 216 
10800 191 199 
10800 192 197 
10800 193 
10800 194 188 211 219 
10800 195 196 
10800 196 14 184 187 195 198 207 
10800 197 184 188 192 199 207 209 214 220 222 225 
10800 198 186 188 196 205 
10800 199 13 191 197 201 207 210 
10800 200 14 15 201 220 222 
10800 201 13 189 199 200 209 224 
10800 202 14 183 184 204 210 220 226 228 
10800 203 206 217 218 224 
10800 204 5 184 202 205 220 224 225 
10800 205 184 189 198 204 208 216 218 228 
10800 206 13 14 184 203 212 214 
10800 207 5 13 196 197 199 208 212 228 
10800 208 205 207 212 221 225 
10800 209 197 201 215 217 
10800 210 190 199 202 219 225 
10800 211 194 
10800 212 206 207 208 
10800 213 189 214 216 217 
10800 214 15 187 190 197 206 213 224 
10800 215 185 209 
10800 216 5 13 14 190 205 213 225 228 
10800 217 203 209 213 
10800 218 185 189 203 205 
10800 219 183 194 210 
10800 220 197 200 202 204 222 
10800 221 208 
10800 222 197 200 220 
10800 223 
10800 224 189 201 203 204 214 
10800 225 197 204 208 210 216 226 
10800 226 202 225 227 
10800 227 226 
10800 228 5 13 183 202 205 207 216 
10800 229 0 4 5 
10800 230 0 1 
10800 231 0 2 
10800 232 0 1 3 
10800 233 0 4 
10800 234 0 2 5 
10800 235 0 1 4 5 
10800 236 0 3 
10800 237 0 2 
10800 238 0 2 4 5 
10800 239 0 1 3 
10800 240 0 2 4 5 
10800 241 0 3 
10800 242 0 1 
10800 243 0 3 
10800 244 0 1 2 
10800 245 0 4 5 
10800 246 0 1 
10800 247 0 2 3 5 
10800 248 0 2 3 4 
10800 249 0 5 
10800 250 0 1 4 
10800 251 0 3 4 
10800 252 0 5 
10800 253 0 1 
10800 254 0 2 
10800 255 0 3 5 
10800 256 0 4 
10800 257 0 1 2 5 
10800 258 0 1 2 4 
12600 0 1 2 3 4 5 229 230 231 232 233 234 235 236 237 238 239 240 241 242 243 244 245 246 247 248 249 250 251 252 253 254 255 256 257 258 
12600 1 0 2 3 4 5 6 19 36 40 230 232 235 239 242 244 246 250 253 257 258 
12600 2 0 1 3 4 5 7 8 231 234 237 238 240 244 247 248 254 257 258 
12600 3 0 1 2 4 5 9 120 126 140 147 232 236 239 241 243 247 248 251 255 
12600 4 0 1 2 3 5 10 11 12 156 158 161 165 167 229 233 235 238 240 245 248 250 251 256 258 
12600 5 0 1 2 3 4 13 14 15 206 216 220 224 229 234 235 238 240 245 247 249 252 255 257 
12600 6 1 17 36 44 46 58 
12600 7 2 8 69 71 101 
12600 8 2 7 64 72 77 85 95 
12600 9 3 122 124 130 132 143 
12600 10 4 11 12 152 156 161 162 174 175 
12600 11 4 10 12 173 174 176 180 
12600 12 4 10 11 149 170 
12600 13 5 14 15 189 198 212 216 
12600 14 5 13 15 200 204 205 213 216 
12600 15 5 13 14 184 191 194 198 204 213 218 226 
12600 16 25 38 54 
12600 17 6 
12600 18 24 25 36 47 
12600 19 1 30 38 
12600 20 22 23 31 39 48 57 59 
12600 21 24 36 41 51 
12600 22 20 28 41 49 61 
12600 23 20 45 
12600 24 18 21 25 41 47 54 55 57 59 62 
12600 25 16 18 24 33 37 38 60 
12600 26 27 37 44 
12600 27 26 47 56 59 62 
12600 28 22 34 56 
12600 29 55 
12600 30 19 33 34 62 
12600 31 20 33 40 50 52 53 55 56 60 
12600 32 58 
12600 33 25 30 31 34 38 44 51 
12600 34 28 30 33 38 41 47 
12600 35 
12600 36 1 6 18 21 
12600 37 25 26 
12600 38 16 19 25 33 34 59 
12600 39 20 56 61 
12600 40 1 31 45 60 
12600 41 21 22 24 34 45 61 
12600 42 
12600 43 45 55 
12600 44 6 26 33 61 
12600 45 23 40 41 43 61 
12600 46 6 48 
12600 47 18 24 27 34 59 
12600 48 20 46 
12600 49 22 59 
12600 50 31 
12600 51 21 33 53 
12600 52 31 56 58 
12600 53 31 51 59 
12600 54 16 24 57 
12600 55 24 29 31 43 
12600 56 27 28 31 39 52 60 
12600 57 20 24 54 
12600 58 6 32 52 
12600 59 20 24 27 38 47 49 53 60 
12600 60 25 31 40 56 59 
12600 61 22 39 41 44 45 
12600 62 24 27 30 
12600 63 71 72 95 98 
12600 64 8 66 72 73 77 85 
12600 65 69 87 
12600 66 64 73 
12600 67 100 
12600 68 94 
12600 69 7 65 70 78 85 
12600 70 69 71 72 82 85 90 98 
12600 71 7 63 70 85 90 
12600 72 8 63 64 70 73 77 84 87 
12600 73 64 66 72 85 
12600 74 77 
12600 75 
12600 76 95 
12600 77 8 64 72 74 
12600 78 69 98 
12600 79 
12600 80 83 85 86 93 
12600 81 88 
12600 82 70 84 94 
12600 83 80 
12600 84 72 82 89 93 
12600 85 8 64 69 70 71 73 80 92 
12600 86 80 
12600 87 65 72 96 
12600 88 81 
12600 89 84 
12600 90 70 71 
12600 91 
12600 92 85 
12600 93 80 84 98 
12600 94 68 82 
12600 95 8 63 76 
12600 96 87 
12600 97 
12600 98 63 70 78 93 
12600 99 
12600 100 67 
12600 101 7 
12600 102 123 125 127 137 142 
12600 103 104 109 112 137 
12600 104 103 122 124 127 143 147 
12600 105 110 115 143 
12600 106 110 116 131 144 
12600 107 112 116 117 119 132 137 
12600 108 113 123 127 140 
12600 109 103 110 112 113 137 138 147 
12600 110 105 106 109 116 124 134 141 
12600 111 
12600 112 103 107 109 115 120 136 
12600 113 108 109 114 121 123 125 133 138 143 
12600 114 113 119 133 
12600 115 105 112 118 122 127 138 142 143 
12600 116 106 107 110 125 133 142 147 
12600 117 107 125 142 146 
12600 118 115 119 126 130 142 
12600 119 107 114 118 121 122 128 
12600 120 3 112 123 126 132 
12600 121 113 119 123 134 143 
12600 122 9 104 115 119 128 135 
12600 123 102 108 113 120 121 133 
12600 124 9 104 110 134 135 137 147 
12600 125 102 113 116 117 127 141 
12600 126 3 118 120 142 143 
12600 127 102 104 108 115 125 131 133 
12600 128 119 122 129 
12600 129 128 
12600 130 9 118 
12600 131 106 127 136 
12600 132 9 107 120 137 
12600 133 113 114 116 123 127 144 147 
12600 134 110 121 124 140 
12600 135 122 124 142 
12600 136 112 131 142 
12600 137 102 103 107 109 124 132 142 
12600 138 109 113 115 142 147 
12600 139 
12600 140 3 108 134 145 147 
12600 141 110 125 147 
12600 142 102 115 116 117 118 126 135 136 137 138 143 147 
12600 143 9 104 105 113 115 121 126 142 
12600 144 106 133 
12600 145 140 
12600 146 117 
12600 147 3 104 109 116 124 133 138 140 141 142 
12600 148 
12600 149 12 152 160 165 170 
12600 150 157 169 182 
12600 151 155 157 161 170 178 180 
12600 152 10 149 160 167 175 177 
12600 153 160 180 
12600 154 
12600 155 151 172 175 180 
12600 156 4 10 165 166 179 
12600 157 150 151 173 
12600 158 4 
12600 159 
12600 160 149 152 153 170 173 
12600 161 4 10 151 162 163 167 177 180 
12600 162 10 161 163 175 
12600 163 161 162 169 
12600 164 
12600 165 4 149 156 167 
12600 166 156 174 175 
12600 167 4 152 161 165 168 172 177 178 
12600 168 167 170 
12600 169 150 163 172 177 
12600 170 12 149 151 160 168 
12600 171 173 174 180 
12600 172 155 167 169 175 
12600 173 11 157 160 171 
12600 174 10 11 166 171 181 
12600 175 10 152 155 162 166 172 
12600 176 11 
12600 177 152 161 167 169 182 
12600 178 151 167 180 181 
12600 179 156 
12600 180 11 151 153 155 161 171 178 
12600 181 174 178 
12600 182 150 177 
12600 183 210 214 
12600 184 15 203 214 217 219 
12600 185 198 202 205 224 228 
12600 186 190 198 224 
12600 187 
12600 188 197 198 206 208 224 225 227 
12600 189 13 203 216 226 
12600 190 186 210 
12600 191 15 203 207 208 209 228 
12600 192 214 216 219 
12600 193 225 
12600 194 15 208 212 226 
12600 195 198 199 212 
12600 196 200 216 218 
12600 197 188 212 
12600 198 13 15 185 186 188 195 213 
12600 199 195 208 212 217 222 226 
12600 200 14 196 205 216 
12600 201 206 222 224 
12600 202 185 207 208 216 
12600 203 184 189 191 204 
12600 204 14 15 203 206 210 213 
12600 205 14 185 200 207 212 225 226 
12600 206 5 188 201 204 214 216 223 225 228 
12600 207 191 202 205 208 210 214 218 
12600 208 188 191 194 199 202 207 218 228 
12600 209 191 
12600 210 183 190 204 207 212 
12600 211 223 
12600 212 13 194 195 197 199 205 210 
12600 213 14 15 198 204 215 
12600 214 183 184 192 206 207 228 
12600 215 213 224 226 
12600 216 5 13 14 189 192 196 200 202 206 220 225 
12600 217 184 199 
12600 218 15 196 207 208 
12600 219 184 192 
12600 220 5 216 
12600 221 
12600 222 199 201 
12600 223 206 211 
12600 224 5 185 186 188 201 215 226 
12600 225 188 193 205 206 216 
12600 226 15 189 194 199 205 215 224 
12600 227 188 
12600 228 185 191 206 208 214 
12600 229 0 4 5 
12600 230 0 1 
12600 231 0 2 
12600 232 0 1 3 
12600 233 0 4 
12600 234 0 2 5 
12600 235 0 1 4 5 
12600 236 0 3 
12600 237 0 2 
12600 238 0 2 4 5 
12600 239 0 1 3 
12600 240 0 2 4 5 
12600 241 0 3 
12600 242 0 1 
12600 243 0 3 
12600 244 0 1 2 
12600 245 0 4 5 
12600 246 0 1 
12600 247 0 2 3 5 
12600 248 0 2 3 4 
12600 249 0 5 
12600 250 0 1 4 
12600 251 0 3 4 
12600 252 0 5 
12600 253 0 1 
12600 254 0 2 
12600 255 0 3 5 
12600 256 0 4 
12600 257 0 1 2 5 
12600 258 0 1 2 4 
14400 0 1 2 3 4 5 229 230 231 232 233 234 235 236 237 238 239 240 241 242 243 244 245 246 247 248 249 250 251 252 253 254 255 256 257 258 
14400 1 0 2 3 4 5 6 19 26 30 40 47 230 232 235 239 242 244 246 250 253 257 258 
14400 2 0 1 3 4 5 7 8 63 64 69 93 94 231 234 237 238 240 244 247 248 254 257 258 
14400 3 0 1 2 4 5 9 109 116 118 119 122 124 130 132 136 232 236 239 241 243 247 248 251 255 
14400 4 0 1 2 3 5 10 11 12 151 156 162 168 176 229 233 235 238 240 245 248 250 251 256 258 
14400 5 0 1 2 3 4 13 14 15 192 216 222 227 229 234 235 238 240 245 247 249 252 255 257 
14400 6 1 30 31 33 34 44 
14400 7 2 8 65 66 85 94 
14400 8 2 7 92 93 
14400 9 3 104 131 142 
14400 10 4 11 12 152 156 167 177 
14400 11 4 10 12 163 166 168 176 180 
14400 12 4 10 11 157 166 167 169 170 178 
14400 13 5 14 15 191 192 197 
14400 14 5 13 15 185 188 190 196 200 213 225 228 
14400 15 5 13 14 191 194 200 215 218 224 228 
14400 16 24 25 31 34 61 
14400 17 23 43 52 
14400 18 22 23 24 25 30 56 59 
14400 19 1 59 
14400 20 41 43 45 60 
14400 21 52 
14400 22 18 51 
14400 23 17 18 51 55 
14400 24 16 18 27 29 42 43 55 59 
14400 25 16 18 28 35 38 
14400 26 1 35 
14400 27 24 28 32 33 44 47 
14400 28 25 27 39 
14400 29 24 55 60 
14400 30 1 6 18 31 49 58 61 
14400 31 6 16 30 38 
14400 32 27 38 45 46 52 59 
14400 33 6 27 
14400 34 6 16 
14400 35 25 26 
14400 36 38 
14400 37 47 54 
14400 38 25 31 32 36 54 
14400 39 28 
14400 40 1 52 
14400 41 20 45 49 58 
14400 42 24 50 
14400 43 17 20 24 62 
14400 44 6 27 47 57 
14400 45 20 32 41 53 
14400 46 32 54 
14400 47 1 27 37 44 52 
14400 48 54 
14400 49 30 41 52 60 
14400 50 42 
14400 51 22 23 
14400 52 17 21 32 40 47 49 
14400 53 45 
14400 54 37 38 46 48 55 57 
14400 55 23 24 29 54 62 
14400 56 18 61 
14400 57 44 54 58 
14400 58 30 41 57 
14400 59 18 19 24 32 
14400 60 20 29 49 
14400 61 16 30 56 
14400 62 43 55 
14400 63 2 64 71 87 89 93 
14400 64 2 63 66 85 93 
14400 65 7 72 78 93 94 101 
14400 66 7 64 83 84 
14400 67 99 
14400 68 
14400 69 2 72 76 78 89 92 98 
14400 70 83 93 
14400 71 63 76 83 90 94 98 
14400 72 65 69 
14400 73 84 
14400 74 78 
14400 75 93 
14400 76 69 71 83 84 87 94 95 
14400 77 87 95 
14400 78 65 69 74 89 
14400 79 
14400 80 92 
14400 81 90 
14400 82 93 98 
14400 83 66 70 71 76 93 
14400 84 66 73 76 85 
14400 85 7 64 84 97 101 
14400 86 
14400 87 63 76 77 
14400 88 
14400 89 63 69 78 95 
14400 90 71 81 
14400 91 
14400 92 8 69 80 98 
14400 93 2 8 63 64 65 70 75 82 83 
14400 94 2 7 65 71 76 
14400 95 76 77 89 
14400 96 
14400 97 85 
14400 98 69 71 82 92 
14400 99 67 
14400 100 
14400 101 65 85 
14400 102 103 112 119 123 132 141 
14400 103 102 116 125 132 136 142 147 
14400 104 9 107 126 136 141 142 
14400 105 109 115 121 124 138 143 
14400 106 127 135 137 138 
14400 107 104 109 114 127 
14400 108 127 
14400 109 3 105 107 123 124 134 
14400 110 116 120 128 134 135 
14400 111 
14400 112 102 125 130 137 
14400 113 130 137 
14400 114 107 117 129 138 146 
14400 115 105 120 123 125 132 
14400 116 3 103 110 117 130 135 138 
14400 117 114 116 138 
14400 118 3 147 
14400 119 3 102 123 125 128 133 135 
14400 120 110 115 122 124 125 131 143 144 
14400 121 105 143 
14400 122 3 120 124 126 131 135 138 142 
14400 123 102 109 115 119 124 
14400 124 3 105 109 120 122 123 141 147 
14400 125 103 112 115 119 120 131 132 141 144 
14400 126 104 122 129 131 143 144 
14400 127 106 107 108 138 141 142 144 
14400 128 110 119 134 
14400 129 114 126 147 
14400 130 3 112 113 116 141 
14400 131 9 120 122 125 126 147 
14400 132 3 102 103 115 125 134 135 141 
14400 133 119 136 141 
14400 134 109 110 128 132 137 144 
14400 135 106 110 116 119 122 132 144 
14400 136 3 103 104 133 137 138 143 
14400 137 106 112 113 134 136 141 
14400 138 105 106 114 116 117 122 127 136 
14400 139 
14400 140 
14400 141 102 104 124 125 127 130 132 133 137 
14400 142 9 103 104 122 127 143 144 
14400 143 105 120 121 126 136 142 
14400 144 120 125 126 127 134 135 142 147 
14400 145 
14400 146 114 
14400 147 103 118 124 129 131 144 
14400 148 
14400 149 173 
14400 150 152 166 171 176 
14400 151 4 165 173 176 178 182 
14400 152 10 150 164 167 177 
14400 153 177 
14400 154 166 171 176 
14400 155 158 161 
14400 156 4 10 160 161 
14400 157 12 158 165 166 167 180 
14400 158 155 157 172 176 178 
14400 159 
14400 160 156 176 182 
14400 161 155 156 172 
14400 162 4 163 166 
14400 163 11 162 172 177 182 
14400 164 152 
14400 165 151 157 168 170 172 175 176 
14400 166 11 12 150 154 157 162 167 182 
14400 167 10 12 152 157 166 
14400 168 4 11 165 
14400 169 12 174 182 
14400 170 12 165 180 
14400 171 150 154 
14400 172 158 161 163 165 174 175 
14400 173 149 151 
14400 174 169 172 181 
14400 175 165 172 176 
14400 176 4 11 150 151 154 158 160 165 175 180 
14400 177 10 152 153 163 
14400 178 12 151 158 182 
14400 179 
14400 180 11 157 170 176 
14400 181 174 
14400 182 151 160 163 166 169 178 
14400 183 192 197 201 
14400 184 186 200 208 224 
14400 185 14 191 216 217 
14400 186 184 189 196 204 214 222 224 225 226 
14400 187 
14400 188 14 206 218 
14400 189 186 196 206 207 225 
14400 190 14 199 212 224 228 
14400 191 13 15 185 194 198 203 205 216 
14400 192 5 13 183 201 203 205 
14400 193 212 
14400 194 15 191 198 218 225 
14400 195 214 
14400 196 14 186 189 210 224 
14400 197 13 183 198 202 208 225 
14400 198 191 194 197 216 
14400 199 190 202 208 216 
14400 200 14 15 184 205 210 212 
14400 201 183 192 
14400 202 197 199 212 
14400 203 191 192 220 
14400 204 186 208 
14400 205 191 192 200 223 224 
14400 206 188 189 
14400 207 189 210 
14400 208 184 197 199 204 212 216 219 
14400 209 217 
14400 210 196 200 207 220 226 228 
14400 211 
14400 212 190 193 200 202 208 217 226 
14400 213 14 218 227 
14400 214 186 195 
14400 215 15 217 220 222 226 
14400 216 5 185 191 198 199 208 
14400 217 185 209 212 215 222 
14400 218 15 188 194 213 226 
14400 219 208 220 226 228 
14400 220 203 210 215 219 
14400 221 
14400 222 5 186 215 217 
14400 223 205 
14400 224 15 184 186 190 196 205 227 228 
14400 225 14 186 189 194 197 
14400 226 186 210 212 215 218 219 
14400 227 5 213 224 
14400 228 14 15 190 210 219 224 
14400 229 0 4 5 
14400 230 0 1 
14400 231 0 2 
14400 232 0 1 3 
14400 233 0 4 
14400 234 0 2 5 
14400 235 0 1 4 5 
14400 236 0 3 
14400 237 0 2 
14400 238 0 2 4 5 
14400 239 0 1 3 
14400 240 0 2 4 5 
14400 241 0 3 
14400 242 0 1 
14400 243 0 3 
14400 244 0 1 2 
14400 245 0 4 5 
14400 246 0 1 
14400 247 0 2 3 5 
14400 248 0 2 3 4 
14400 249 0 5 
14400 250 0 1 4 
14400 251 0 3 4 
14400 252 0 5 
14400 253 0 1 
14400 254 0 2 
14400 255 0 3 5 
14400 256 0 4 
14400 257 0 1 2 5 
14400 258 0 1 2 4 
16200 0 1 2 3 4 5 229 230 231 232 233 234 235 236 237 238 239 240 241 242 243 244 245 246 247 248 249 250 251 252 253 254 255 256 257 258 
16200 1 0 2 3 4 5 6 26 27 33 45 230 232 235 239 242 244 246 250 253 257 258 
16200 2 0 1 3 4 5 7 8 63 66 76 77 78 82 231 234 237 238 240 244 247 248 254 257 258 
16200 3 0 1 2 4 5 9 110 116 122 142 232 236 239 241 243 247 248 251 255 
16200 4 0 1 2 3 5 10 11 12 151 167 169 175 177 229 233 235 238 240 245 248 250 251 256 258 
16200 5 0 1 2 3 4 13 14 15 200 212 223 224 229 234 235 238 240 245 247 249 252 255 257 
16200 6 1 18 24 29 34 46 51 55 57 
16200 7 2 8 71 78 87 94 
16200 8 2 7 70 72 74 98 
16200 9 3 105 110 114 115 116 118 124 137 144 
16200 10 4 11 12 170 
16200 11 4 10 12 166 171 
16200 12 4 10 11 149 152 161 168 174 
16200 13 5 14 15 192 198 199 212 223 226 228 
16200 14 5 13 15 202 213 218 227 
16200 15 5 13 14 199 223 
16200 16 17 29 56 
16200 17 16 51 56 
16200 18 6 20 27 39 44 62 
16200 19 
16200 20 18 41 45 
16200 21 37 41 48 60 
16200 22 29 38 44 52 
16200 23 24 26 33 41 54 62 
16200 24 6 23 44 54 59 60 
16200 25 29 44 60 
16200 26 1 23 30 32 37 53 54 59 
16200 27 1 18 45 51 57 
16200 28 33 44 
16200 29 6 16 22 25 
16200 30 26 31 32 46 51 
16200 31 30 39 43 
16200 32 26 30 44 45 57 
16200 33 1 23 28 40 44 46 
16200 34 6 58 
16200 35 
16200 36 48 
16200 37 21 26 
16200 38 22 43 59 60 
16200 39 18 31 50 54 59 
16200 40 33 52 
16200 41 20 21 23 45 46 47 50 59 61 
16200 42 
16200 43 31 38 47 
16200 44 18 22 24 25 28 32 33 56 
16200 45 1 20 27 32 41 51 52 61 
16200 46 6 30 33 41 50 
16200 47 41 43 50 
16200 48 21 36 
16200 49 
16200 50 39 41 46 47 
16200 51 6 17 27 30 45 
16200 52 22 40 45 54 57 61 
16200 53 26 
16200 54 23 24 26 39 52 
16200 55 6 58 
16200 56 16 17 44 57 
16200 57 6 27 32 52 56 61 
16200 58 34 55 60 
16200 59 24 26 38 39 41 61 
16200 60 21 24 25 38 58 
16200 61 41 45 52 57 59 
16200 62 18 23 
16200 63 2 67 
16200 64 74 77 85 94 101 
16200 65 66 82 93 
16200 66 2 65 85 98 
16200 67 63 70 
16200 68 74 75 
16200 69 71 78 84 
16200 70 8 67 71 75 82 89 
16200 71 7 69 70 73 79 
16200 72 8 78 
16200 73 71 78 80 83 
16200 74 8 64 68 79 94 
16200 75 68 70 80 95 
16200 76 2 78 83 
16200 77 2 64 95 96 
16200 78 2 7 69 72 73 76 
16200 79 71 74 
16200 80 73 75 82 94 
16200 81 
16200 82 2 65 70 80 85 
16200 83 73 76 93 94 101 
16200 84 69 
16200 85 64 66 82 93 
16200 86 91 
16200 87 7 
16200 88 92 
16200 89 70 
16200 90 92 97 
16200 91 86 96 154 
16200 92 88 90 
16200 93 65 83 85 98 
16200 94 7 64 74 80 83 
16200 95 75 77 101 
16200 96 77 91 
16200 97 90 
16200 98 8 66 93 
16200 99 
16200 100 
16200 101 64 83 95 
16200 102 106 114 124 125 138 142 144 
16200 103 109 121 127 140 
16200 104 115 121 125 143 
16200 105 9 107 122 143 
16200 106 102 137 142 
16200 107 105 112 113 116 117 122 123 
16200 108 117 126 
16200 109 103 123 130 133 140 
16200 110 3 9 115 126 135 143 144 
16200 111 124 
16200 112 107 131 136 141 
16200 113 107 122 138 145 
16200 114 9 102 
16200 115 9 104 110 122 125 130 142 
16200 116 3 9 107 142 
16200 117 107 108 120 125 127 136 145 
16200 118 9 127 131 132 
16200 119 140 144 
16200 120 117 136 145 
16200 121 103 104 123 125 130 131 137 142 
16200 122 3 105 107 113 115 123 128 132 133 135 143 147 
16200 123 107 109 121 122 125 130 142 143 144 
16200 124 9 102 111 131 138 142 
16200 125 102 104 115 117 121 123 138 
16200 126 108 110 
16200 127 103 117 118 140 143 
16200 128 122 137 141 
16200 129 134 
16200 130 109 115 121 123 132 137 142 
16200 131 112 118 121 124 
16200 132 118 122 130 
16200 133 109 122 134 
16200 134 129 133 136 143 
16200 135 110 122 
16200 136 112 117 120 134 137 142 143 
16200 137 9 106 121 128 130 136 
16200 138 102 113 124 125 144 
16200 139 
16200 140 103 109 119 127 141 
16200 141 112 128 140 142 
16200 142 3 102 106 115 116 121 123 124 130 136 141 145 
16200 143 104 105 110 122 123 127 134 136 
16200 144 9 102 110 119 123 138 
16200 145 113 117 120 142 
16200 146 
16200 147 122 
16200 148 
16200 149 12 151 162 
16200 150 151 165 
16200 151 4 149 150 157 
16200 152 12 162 172 
16200 153 
16200 154 91 
16200 155 160 169 172 
16200 156 166 
16200 157 151 163 172 
16200 158 166 169 175 
16200 159 
16200 160 155 171 172 
16200 161 12 169 170 178 
16200 162 149 152 171 172 177 
16200 163 157 168 172 
16200 164 
16200 165 150 176 177 179 
16200 166 11 156 158 173 177 178 182 
16200 167 4 175 179 
16200 168 12 163 
16200 169 4 155 158 161 
16200 170 10 161 171 180 
16200 171 11 160 162 170 178 
16200 172 152 155 157 160 162 163 176 177 
16200 173 166 
16200 174 12 182 
16200 175 4 158 167 179 182 
16200 176 165 172 
16200 177 4 162 165 166 172 
16200 178 161 166 171 
16200 179 165 167 175 181 
16200 180 170 
16200 181 179 
16200 182 166 174 175 
16200 183 190 205 215 225 
16200 184 189 192 218 220 226 
16200 185 193 194 196 202 207 210 219 
16200 186 187 191 209 212 225 226 
16200 187 186 209 
16200 188 201 206 208 210 220 226 228 
16200 189 184 194 196 202 213 216 
16200 190 183 194 197 204 207 213 217 
16200 191 186 192 210 217 218 219 226 228 
16200 192 13 184 191 193 215 222 
16200 193 185 192 195 206 
16200 194 185 189 190 197 204 205 206 207 
16200 195 193 213 216 
16200 196 185 189 218 223 
16200 197 190 194 210 216 224 228 
16200 198 13 204 206 207 212 215 
16200 199 13 15 212 218 
16200 200 5 201 223 
16200 201 188 200 204 214 215 216 225 
16200 202 14 185 189 204 216 
16200 203 206 209 212 
16200 204 190 194 198 201 202 226 
16200 205 183 194 215 219 
16200 206 188 193 194 198 203 215 218 220 
16200 207 185 190 194 198 214 220 
16200 208 188 222 
16200 209 186 187 203 225 
16200 210 185 188 191 197 
16200 211 
16200 212 5 13 186 198 199 203 226 227 
16200 213 14 189 190 195 
16200 214 201 207 216 222 
16200 215 183 192 198 201 205 206 218 
16200 216 189 195 197 201 202 214 217 
16200 217 190 191 216 218 
16200 218 14 184 191 196 199 206 215 217 
16200 219 185 191 205 225 
16200 220 184 188 206 207 
16200 221 
16200 222 192 208 214 
16200 223 5 13 15 196 200 228 
16200 224 5 197 
16200 225 183 186 201 209 219 
16200 226 13 184 186 188 191 204 212 
16200 227 14 212 
16200 228 13 188 191 197 223 
16200 229 0 4 5 
16200 230 0 1 
16200 231 0 2 
16200 232 0 1 3 
16200 233 0 4 
16200 234 0 2 5 
16200 235 0 1 4 5 
16200 236 0 3 
16200 237 0 2 
16200 238 0 2 4 5 
16200 239 0 1 3 
16200 240 0 2 4 5 
16200 241 0 3 
16200 242 0 1 
16200 243 0 3 
16200 244 0 1 2 
16200 245 0 4 5 
16200 246 0 1 
16200 247 0 2 3 5 
16200 248 0 2 3 4 
16200 249 0 5 
16200 250 0 1 4 
16200 251 0 3 4 
16200 252 0 5 
16200 253 0 1 
16200 254 0 2 
16200 255 0 3 5 
16200 256 0 4 
16200 257 0 1 2 5 
16200 258 0 1 2 4 
18000 0 1 2 3 4 5 229 230 231 232 233 234 235 236 237 238 239 240 241 242 243 244 245 246 247 248 249 250 251 252 253 254 255 256 257 258 
18000 1 0 2 3 4 5 6 31 45 53 58 60 230 232 235 239 242 244 246 250 253 257 258 
18000 2 0 1 3 4 5 7 8 72 231 234 237 238 240 244 247 248 254 257 258 
18000 3 0 1 2 4 5 9 130 133 134 142 232 236 239 241 243 247 248 251 255 
18000 4 0 1 2 3 5 10 11 12 149 171 173 175 176 229 233 235 238 240 245 248 250 251 256 258 
18000 5 0 1 2 3 4 13 14 15 203 206 207 214 220 229 234 235 238 240 245 247 249 252 255 257 
18000 6 1 20 33 34 44 57 
18000 7 2 8 63 70 77 78 84 
18000 8 2 7 64 69 73 76 80 91 101 
18000 9 3 115 120 127 144 
18000 10 4 11 12 150 157 165 168 174 
18000 11 4 10 12 155 182 
18000 12 4 10 11 156 168 180 
18000 13 5 14 15 190 
18000 14 5 13 15 184 186 189 213 214 
18000 15 5 13 14 217 
18000 16 26 
18000 17 31 32 33 62 
18000 18 22 32 33 45 59 61 
18000 19 23 25 38 46 47 
18000 20 6 25 28 62 
18000 21 27 36 60 
18000 22 18 25 
18000 23 19 31 59 
18000 24 26 28 55 
18000 25 19 20 22 27 36 45 57 
18000 26 16 24 30 42 43 52 59 
18000 27 21 25 28 
18000 28 20 24 27 31 45 52 54 57 
18000 29 55 
18000 30 26 34 36 38 40 57 58 59 
18000 31 1 17 23 28 33 43 60 
18000 32 17 18 56 
18000 33 6 17 18 31 46 51 55 
18000 34 6 30 36 45 46 54 
18000 35 36 61 
18000 36 21 25 30 34 35 38 
18000 37 50 
18000 38 19 30 36 62 
18000 39 41 
18000 40 30 
18000 41 39 52 54 61 62 
18000 42 26 50 51 55 
18000 43 26 31 59 
18000 44 6 52 55 
18000 45 1 18 25 28 34 
18000 46 19 33 34 54 
18000 47 19 48 58 
18000 48 47 54 
18000 49 
18000 50 37 42 54 
18000 51 33 42 57 60 
18000 52 26 28 41 44 
18000 53 1 
18000 54 28 34 41 46 48 50 58 60 
18000 55 24 29 33 42 44 58 60 
18000 56 32 60 
18000 57 6 25 28 30 51 
18000 58 1 30 47 54 55 59 61 
18000 59 18 23 26 30 43 58 60 
18000 60 1 21 31 51 54 55 56 59 
18000 61 18 35 41 58 
18000 62 17 20 38 41 
18000 63 7 65 70 82 83 87 
18000 64 8 96 
18000 65 63 89 101 
18000 66 76 78 
18000 67 95 
18000 68 
18000 69 8 70 71 84 90 
18000 70 7 63 69 76 77 84 91 
18000 71 69 90 94 98 
18000 72 2 
18000 73 8 77 
18000 74 
18000 75 79 89 93 
18000 76 8 66 70 
18000 77 7 70 73 78 95 
18000 78 7 66 77 
18000 79 75 
18000 80 8 86 
18000 81 92 
18000 82 63 
18000 83 63 84 
18000 84 7 69 70 83 
18000 85 93 
18000 86 80 
18000 87 63 
18000 88 
18000 89 65 75 95 98 
18000 90 69 71 
18000 91 8 70 98 
18000 92 81 
18000 93 75 85 
18000 94 71 
18000 95 67 77 89 
18000 96 64 
18000 97 
18000 98 71 89 91 
18000 99 
18000 100 
18000 101 8 65 
18000 102 120 137 
18000 103 122 
18000 104 105 120 123 142 
18000 105 104 113 122 128 
18000 106 109 114 117 121 128 
18000 107 116 123 131 
18000 108 127 133 
18000 109 106 112 131 143 144 
18000 110 120 134 136 141 
18000 111 
18000 112 109 121 124 130 131 135 
18000 113 105 118 119 127 135 140 
18000 114 106 116 126 128 135 141 
18000 115 9 141 143 
18000 116 107 114 118 125 134 
18000 117 106 119 133 138 141 145 
18000 118 113 116 121 
18000 119 113 117 122 140 141 144 
18000 120 9 102 104 110 136 138 
18000 121 106 112 118 124 137 138 
18000 122 103 105 119 124 127 141 142 144 
18000 123 104 107 125 128 132 134 136 147 
18000 124 112 121 122 134 135 
18000 125 116 123 137 
18000 126 114 138 
18000 127 9 108 113 122 136 142 
18000 128 105 106 114 123 
18000 129 138 
18000 130 3 112 140 147 
18000 131 107 109 112 144 
18000 132 123 135 147 
18000 133 3 108 117 
18000 134 3 110 116 123 124 139 143 144 
18000 135 112 113 114 124 132 137 147 
18000 136 110 120 123 127 
18000 137 102 121 125 135 138 141 142 
18000 138 117 120 121 126 129 137 
18000 139 134 141 
18000 140 113 119 130 144 
18000 141 110 114 115 117 119 122 137 139 
18000 142 3 104 122 127 137 
18000 143 109 115 134 
18000 144 9 109 119 122 131 134 140 
18000 145 117 
18000 146 
18000 147 123 130 132 135 
18000 148 
18000 149 4 150 156 158 160 182 
18000 150 10 149 165 166 172 173 175 
18000 151 156 165 167 170 
18000 152 176 
18000 153 
18000 154 171 
18000 155 11 157 173 177 
18000 156 12 149 151 158 162 170 172 180 
18000 157 10 155 161 162 165 174 
18000 158 149 156 161 163 165 176 
18000 159 
18000 160 149 166 169 180 
18000 161 157 158 162 166 170 175 
18000 162 156 157 161 166 169 178 
18000 163 158 169 177 182 
18000 164 
18000 165 10 150 151 157 158 170 172 174 176 
18000 166 150 160 161 162 177 
18000 167 151 
18000 168 10 12 169 
18000 169 160 162 163 168 170 180 
18000 170 151 156 161 165 169 172 173 182 
18000 171 4 154 173 176 
18000 172 150 156 165 170 180 
18000 173 4 150 155 170 171 
18000 174 10 157 165 178 
18000 175 4 150 161 181 
18000 176 4 152 158 165 171 
18000 177 155 163 166 178 180 
18000 178 162 174 177 
18000 179 
18000 180 12 156 160 169 172 177 
18000 181 175 
18000 182 11 149 163 170 
18000 183 184 185 188 191 201 216 
18000 184 14 183 185 188 190 196 200 202 215 
18000 185 183 184 188 195 198 207 222 
18000 186 14 188 193 197 208 222 227 
18000 187 
18000 188 183 184 185 186 189 207 208 210 224 226 
18000 189 14 188 196 198 206 212 215 218 
18000 190 13 184 208 212 228 
18000 191 183 200 208 228 
18000 192 204 205 212 217 
18000 193 186 
18000 194 204 
18000 195 185 197 
18000 196 184 189 201 222 
18000 197 186 195 199 206 215 218 225 228 
18000 198 185 189 
18000 199 197 215 
18000 200 184 191 206 216 
18000 201 183 196 206 208 210 217 
18000 202 184 208 216 222 
18000 203 5 205 208 210 220 
18000 204 192 194 213 218 
18000 205 192 203 207 208 
18000 206 5 189 197 200 201 220 225 
18000 207 5 185 188 205 213 
18000 208 186 188 190 191 201 202 203 205 218 227 
18000 209 221 224 
18000 210 188 201 203 213 
18000 211 
18000 212 189 190 192 216 220 
18000 213 14 204 207 210 
18000 214 5 14 
18000 215 184 189 197 199 218 220 224 225 
18000 216 183 200 202 212 219 220 
18000 217 15 192 201 
18000 218 189 197 204 208 215 
18000 219 216 220 226 
18000 220 5 203 206 212 215 216 219 
18000 221 209 
18000 222 185 186 196 202 
18000 223 
18000 224 188 209 215 226 
18000 225 197 206 215 226 
18000 226 188 219 224 225 
18000 227 186 208 
18000 228 190 191 197 
18000 229 0 4 5 
18000 230 0 1 
18000 231 0 2 
18000 232 0 1 3 
18000 233 0 4 
18000 234 0 2 5 
18000 235 0 1 4 5 
18000 236 0 3 
18000 237 0 2 
18000 238 0 2 4 5 
18000 239 0 1 3 
18000 240 0 2 4 5 
18000 241 0 3 
18000 242 0 1 
18000 243 0 3 
18000 244 0 1 2 
18000 245 0 4 5 
18000 246 0 1 
18000 247 0 2 3 5 
18000 248 0 2 3 4 
18000 249 0 5 
18000 250 0 1 4 
18000 251 0 3 4 
18000 252 0 5 
18000 253 0 1 
18000 254 0 2 
18000 255 0 3 5 
18000 256 0 4 
18000 257 0 1 2 5 
18000 258 0 1 2 4 
