0 0 1 177 178 179 180 181 182 183 184 185 186 187 188 189 190 191 192 193 194 195 196 197 198 199 200 201 202 203 204 205 206 
0 1 24 27 30 178 179 181 182 184 186 189 190 191 194 195 198 201 203 204 206 
0 2 0 3 61 64 70 71 75 81 177 178 180 181 183 187 188 190 192 193 195 197 198 200 201 203 204 205 206 
0 3 101 108 116 123 124 177 179 180 181 182 185 186 189 190 192 194 196 197 199 202 204 206 
0 4 0 126 141 143 178 179 180 181 183 185 187 188 189 192 193 194 196 197 199 200 203 204 205 
0 5 168 169 175 
0 6 36 47 
0 7 1 37 
0 8 18 21 24 25 31 48 
0 9 1 45 
0 10 11 53 60 63 
0 11 83 91 
0 12 106 111 118 
0 13 99 121 
0 14 109 122 
0 15 13 100 115 
0 16 4 134 138 
0 17 132 
0 18 23 
0 19 9 
0 20 8 
0 21 28 39 
0 22 1 
0 23 
0 24 6 29 43 
0 25 
0 26 6 
0 27 
0 28 
0 29 
0 30 
0 31 
0 32 
0 33 19 
0 34 9 
0 35 7 
0 36 
0 37 
0 38 35 
0 39 
0 40 1 
0 41 19 
0 42 18 
0 43 
0 44 1 
0 45 
0 46 23 32 
0 47 
0 48 
0 49 55 56 92 
0 50 10 54 
0 51 
0 52 157 
0 53 85 
0 54 93 
0 55 
0 56 87 88 
0 57 51 
0 58 52 
0 59 11 
0 60 
0 61 
0 62 60 
0 63 2 
0 64 
0 65 10 
0 66 10 
0 67 51 
0 68 10 51 
0 69 11 
0 70 
0 71 
0 72 58 
0 73 51 
0 74 10 
0 75 
0 76 2 
0 77 2 
0 78 49 
0 79 56 
0 80 10 
0 81 
0 82 2 
0 83 
0 84 
0 85 
0 86 2 
0 87 
0 88 
0 89 157 
0 90 10 
0 91 
0 92 
0 93 
0 94 52 
0 95 11 
0 96 98 102 
0 97 99 110 
0 98 107 
0 99 3 125 
0 100 
0 101 103 
0 102 
0 103 
0 104 13 105 
0 105 
0 106 
0 107 
0 108 
0 109 97 
0 110 
0 111 3 
0 112 3 
0 113 104 
0 114 14 
0 115 
0 116 
0 117 105 
0 118 
0 119 13 
0 120 112 
0 121 96 
0 122 
0 123 
0 124 
0 125 
0 126 142 
0 127 132 
0 128 135 146 
0 129 
0 130 147 
0 131 
0 132 
0 133 128 
0 134 139 140 147 
0 135 132 149 
0 136 131 147 
0 137 4 129 
0 138 
0 139 135 
0 140 
0 141 
0 142 
0 143 
0 144 4 
0 145 142 
0 146 
0 147 
0 148 130 
0 149 
0 150 151 152 153 
0 151 161 162 
0 152 5 
0 153 
0 154 156 165 
0 155 150 
0 156 166 
0 157 55 66 84 158 165 176 
0 158 
0 159 168 174 
0 160 157 
0 161 
0 162 
0 163 154 
0 164 158 
0 165 
0 166 
0 167 150 
0 168 
0 169 157 
0 170 156 
0 171 79 
0 172 151 
0 173 151 
0 174 
0 175 
0 176 
0 177 0 2 3 
0 178 0 1 2 4 
0 179 0 1 3 4 
0 180 0 2 3 4 
0 181 0 1 2 3 4 
0 182 0 1 3 
0 183 0 2 4 
0 184 0 1 
0 185 0 3 4 
0 186 0 1 3 
0 187 0 2 4 
0 188 0 2 4 
0 189 0 1 3 4 
0 190 0 1 2 3 
0 191 0 1 
0 192 0 2 3 4 
0 193 0 2 4 
0 194 0 1 3 4 
0 195 0 1 2 
0 196 0 3 4 
0 197 0 2 3 4 
0 198 0 1 2 
0 199 0 3 4 
0 200 0 2 4 
0 201 0 1 2 
0 202 0 3 
0 203 0 1 2 4 
0 204 0 1 2 3 4 
0 205 0 2 4 
0 206 0 1 2 3 
1800 0 1 177 178 179 180 181 182 183 184 185 186 187 188 189 190 191 192 193 194 195 196 197 198 199 200 201 202 203 204 205 206 
1800 1 2 4 6 28 33 42 43 45 178 179 181 182 184 186 189 190 191 194 195 198 201 203 204 206 
1800 2 49 66 75 81 84 177 178 180 181 183 187 188 190 192 193 195 197 198 200 201 203 204 205 206 
1800 3 14 97 102 108 125 177 179 180 181 182 185 186 189 190 192 194 196 197 199 202 204 206 
1800 4 135 138 145 178 179 180 181 183 185 187 188 189 192 193 194 196 197 199 200 203 204 205 
1800 5 1 3 157 177 178 180 181 182 184 187 189 190 191 194 195 196 198 199 201 203 206 
1800 6 25 27 36 
1800 7 28 46 
1800 8 19 29 
1800 9 1 38 48 
1800 10 50 62 84 
1800 11 50 51 55 65 68 92 
1800 12 14 98 115 116 
1800 13 111 123 
1800 14 101 106 111 121 
1800 15 3 
1800 16 129 
1800 17 
1800 18 6 
1800 19 24 
1800 20 1 8 47 
1800 21 45 
1800 22 
1800 23 18 
1800 24 
1800 25 
1800 26 45 
1800 27 
1800 28 
1800 29 
1800 30 6 31 
1800 31 
1800 32 1 
1800 33 
1800 34 6 
1800 35 18 
1800 36 
1800 37 24 
1800 38 
1800 39 7 
1800 40 7 
1800 41 38 
1800 42 22 
1800 43 
1800 44 7 
1800 45 
1800 46 
1800 47 
1800 48 
1800 49 90 
1800 50 61 74 
1800 51 80 83 
1800 52 2 78 
1800 53 58 72 76 
1800 54 94 154 
1800 55 87 89 
1800 56 2 
1800 57 61 
1800 58 
1800 59 61 
1800 60 50 
1800 61 
1800 62 150 
1800 63 2 
1800 64 50 
1800 65 
1800 66 
1800 67 11 
1800 68 
1800 69 
1800 70 50 
1800 71 73 
1800 72 
1800 73 54 
1800 74 
1800 75 
1800 76 
1800 77 51 
1800 78 
1800 79 52 
1800 80 
1800 81 
1800 82 
1800 83 
1800 84 
1800 85 10 
1800 86 11 
1800 87 
1800 88 65 
1800 89 
1800 90 
1800 91 10 
1800 92 
1800 93 11 53 
1800 94 173 
1800 95 2 
1800 96 105 109 
1800 97 107 
1800 98 113 119 
1800 99 110 
1800 100 96 112 
1800 101 104 
1800 102 117 
1800 103 3 
1800 104 
1800 105 13 
1800 106 120 
1800 107 
1800 108 
1800 109 
1800 110 14 
1800 111 
1800 112 
1800 113 
1800 114 116 
1800 115 
1800 116 
1800 117 
1800 118 14 
1800 119 
1800 120 
1800 121 
1800 122 99 
1800 123 
1800 124 113 
1800 125 
1800 126 128 
1800 127 
1800 128 17 
1800 129 136 149 
1800 130 134 147 
1800 131 127 130 143 
1800 132 146 
1800 133 
1800 134 4 133 141 
1800 135 
1800 136 128 134 140 
1800 137 133 
1800 138 
1800 139 4 
1800 140 
1800 141 
1800 142 129 
1800 143 
1800 144 130 
1800 145 
1800 146 4 
1800 147 
1800 148 145 
1800 149 
1800 150 159 163 165 174 
1800 151 161 165 
1800 152 5 
1800 153 5 169 
1800 154 62 82 168 175 
1800 155 162 167 
1800 156 158 
1800 157 
1800 158 
1800 159 172 
1800 160 55 
1800 161 
1800 162 2 69 158 164 171 
1800 163 
1800 164 
1800 165 
1800 166 5 
1800 167 
1800 168 
1800 169 
1800 170 5 
1800 171 
1800 172 
1800 173 
1800 174 
1800 175 
1800 176 78 
1800 177 0 2 3 5 
1800 178 0 1 2 4 5 
1800 179 0 1 3 4 
1800 180 0 2 3 4 5 
1800 181 0 1 2 3 4 5 
1800 182 0 1 3 5 
1800 183 0 2 4 
1800 184 0 1 5 
1800 185 0 3 4 
1800 186 0 1 3 
1800 187 0 2 4 5 
1800 188 0 2 4 
1800 189 0 1 3 4 5 
1800 190 0 1 2 3 5 
1800 191 0 1 5 
1800 192 0 2 3 4 
1800 193 0 2 4 
1800 194 0 1 3 4 5 
1800 195 0 1 2 5 
1800 196 0 3 4 5 
1800 197 0 2 3 4 
1800 198 0 1 2 5 
1800 199 0 3 4 5 
1800 200 0 2 4 
1800 201 0 1 2 5 
1800 202 0 3 
1800 203 0 1 2 4 5 
1800 204 0 1 2 3 4 
1800 205 0 2 4 
1800 206 0 1 2 3 5 
3600 0 5 177 178 179 180 181 182 183 184 185 186 187 188 189 190 191 192 193 194 195 196 197 198 199 200 201 202 203 204 205 206 
3600 1 33 39 41 43 178 179 181 182 184 186 189 190 191 194 195 198 201 203 204 206 
3600 2 68 71 76 93 
3600 3 13 111 115 177 179 180 181 182 185 186 189 190 192 194 196 197 199 202 204 206 
3600 4 1 5 148 178 179 180 181 183 185 187 188 189 192 193 194 196 197 199 200 203 204 205 
3600 5 3 10 77 150 177 178 180 181 182 184 187 189 190 191 194 195 196 198 199 201 203 206 
3600 6 28 31 36 
3600 7 21 23 25 26 27 30 
3600 8 35 48 
3600 9 7 
3600 10 55 83 84 
3600 11 51 58 69 79 
3600 12 105 113 118 125 
3600 13 102 106 107 
3600 14 3 120 123 
3600 15 96 117 
3600 16 136 
3600 17 4 
3600 18 
3600 19 21 
3600 20 9 18 46 
3600 21 
3600 22 7 45 
3600 23 
3600 24 1 
3600 25 
3600 26 6 
3600 27 
3600 28 
3600 29 1 
3600 30 
3600 31 
3600 32 22 
3600 33 
3600 34 28 
3600 35 
3600 36 
3600 37 8 
3600 38 8 
3600 39 7 
3600 40 1 
3600 41 
3600 42 6 
3600 43 8 
3600 44 8 
3600 45 
3600 46 
3600 47 7 
3600 48 
3600 49 72 87 93 
3600 50 60 91 171 
3600 51 52 70 81 
3600 52 54 89 
3600 53 51 57 
3600 54 62 63 64 
3600 55 
3600 56 50 175 
3600 57 
3600 58 80 
3600 59 49 
3600 60 
3600 61 51 
3600 62 
3600 63 
3600 64 
3600 65 51 
3600 66 2 
3600 67 50 162 
3600 68 
3600 69 
3600 70 
3600 71 
3600 72 90 
3600 73 49 
3600 74 2 
3600 75 55 
3600 76 
3600 77 2 157 
3600 78 56 
3600 79 2 
3600 80 
3600 81 
3600 82 10 
3600 83 
3600 84 
3600 85 50 
3600 86 
3600 87 
3600 88 53 
3600 89 
3600 90 
3600 91 
3600 92 62 
3600 93 
3600 94 2 167 
3600 95 
3600 96 100 114 
3600 97 3 
3600 98 103 
3600 99 111 
3600 100 
3600 101 12 
3600 102 108 
3600 103 97 
3600 104 102 
3600 105 
3600 106 
3600 107 
3600 108 
3600 109 96 
3600 110 3 15 
3600 111 
3600 112 
3600 113 
3600 114 
3600 115 
3600 116 100 
3600 117 
3600 118 3 
3600 119 15 
3600 120 
3600 121 98 112 
3600 122 14 
3600 123 
3600 124 98 
3600 125 
3600 126 
3600 127 4 
3600 128 140 
3600 129 
3600 130 
3600 131 137 
3600 132 4 144 
3600 133 145 
3600 134 126 128 129 142 
3600 135 
3600 136 135 149 
3600 137 134 146 
3600 138 4 
3600 139 16 
3600 140 
3600 141 17 
3600 142 132 136 
3600 143 130 131 
3600 144 133 
3600 145 
3600 146 
3600 147 17 
3600 148 
3600 149 
3600 150 158 161 
3600 151 176 
3600 152 50 156 
3600 153 168 
3600 154 164 
3600 155 77 
3600 156 
3600 157 166 
3600 158 151 
3600 159 152 
3600 160 5 
3600 161 
3600 162 
3600 163 77 
3600 164 5 
3600 165 5 
3600 166 
3600 167 86 95 171 172 174 
3600 168 50 
3600 169 77 
3600 170 150 
3600 171 
3600 172 
3600 173 167 
3600 174 
3600 175 
3600 176 
3600 177 0 3 5 
3600 178 0 1 4 5 
3600 179 0 1 3 4 
3600 180 0 3 4 5 
3600 181 0 1 3 4 5 
3600 182 0 1 3 5 
3600 183 0 4 
3600 184 0 1 5 
3600 185 0 3 4 
3600 186 0 1 3 
3600 187 0 4 5 
3600 188 0 4 
3600 189 0 1 3 4 5 
3600 190 0 1 3 5 
3600 191 0 1 5 
3600 192 0 3 4 
3600 193 0 4 
3600 194 0 1 3 4 5 
3600 195 0 1 5 
3600 196 0 3 4 5 
3600 197 0 3 4 
3600 198 0 1 5 
3600 199 0 3 4 5 
3600 200 0 4 
3600 201 0 1 5 
3600 202 0 3 
3600 203 0 1 4 5 
3600 204 0 1 3 4 
3600 205 0 4 
3600 206 0 1 3 5 
5400 0 1 177 178 179 180 181 182 183 184 185 186 187 188 189 190 191 192 193 194 195 196 197 198 199 200 201 202 203 204 205 206 
5400 1 2 24 45 178 179 181 182 184 186 189 190 191 194 195 198 201 203 204 206 
5400 2 63 77 80 81 84 177 178 180 181 183 187 188 190 192 193 195 197 198 200 201 203 204 205 206 
5400 3 97 98 115 122 177 179 180 181 182 185 186 189 190 192 194 196 197 199 202 204 206 
5400 4 1 16 178 179 180 181 183 185 187 188 189 192 193 194 196 197 199 200 203 204 205 
5400 5 1 3 150 173 176 177 178 180 181 182 184 187 189 190 191 194 195 196 198 199 201 203 206 
5400 6 8 
5400 7 29 40 42 47 
5400 8 18 28 30 35 
5400 9 29 
5400 10 2 49 56 61 70 92 94 95 
5400 11 50 51 75 82 88 90 
5400 12 3 100 101 112 118 
5400 13 108 116 117 120 
5400 14 13 107 113 
5400 15 96 
5400 16 
5400 17 132 
5400 18 
5400 19 24 25 27 48 
5400 20 9 26 
5400 21 8 37 
5400 22 6 
5400 23 6 
5400 24 39 
5400 25 
5400 26 
5400 27 
5400 28 
5400 29 1 
5400 30 1 
5400 31 23 
5400 32 1 
5400 33 18 
5400 34 1 
5400 35 
5400 36 19 
5400 37 
5400 38 6 
5400 39 
5400 40 
5400 41 21 
5400 42 
5400 43 1 
5400 44 7 
5400 45 
5400 46 23 
5400 47 
5400 48 
5400 49 74 
5400 50 87 
5400 51 10 72 91 
5400 52 11 58 
5400 53 52 55 71 
5400 54 2 65 
5400 55 168 
5400 56 
5400 57 67 
5400 58 
5400 59 49 
5400 60 2 79 
5400 61 
5400 62 56 157 
5400 63 
5400 64 2 
5400 65 
5400 66 161 
5400 67 10 
5400 68 10 
5400 69 10 
5400 70 
5400 71 
5400 72 
5400 73 2 164 
5400 74 
5400 75 
5400 76 54 
5400 77 
5400 78 51 
5400 79 
5400 80 
5400 81 
5400 82 
5400 83 2 
5400 84 
5400 85 10 66 
5400 86 60 155 
5400 87 
5400 88 
5400 89 2 
5400 90 
5400 91 
5400 92 
5400 93 50 
5400 94 
5400 95 
5400 96 12 
5400 97 110 
5400 98 
5400 99 113 
5400 100 102 124 
5400 101 
5400 102 
5400 103 102 
5400 104 106 
5400 105 14 
5400 106 
5400 107 104 
5400 108 
5400 109 105 
5400 110 
5400 111 13 
5400 112 
5400 113 
5400 114 
5400 115 13 
5400 116 
5400 117 
5400 118 
5400 119 12 
5400 120 114 
5400 121 96 
5400 122 
5400 123 14 
5400 124 
5400 125 96 
5400 126 
5400 127 132 
5400 128 
5400 129 144 148 
5400 130 139 
5400 131 147 
5400 132 143 
5400 133 
5400 134 
5400 135 129 
5400 136 148 
5400 137 128 138 146 
5400 138 126 
5400 139 141 
5400 140 17 
5400 141 132 
5400 142 129 
5400 143 4 134 
5400 144 4 131 
5400 145 4 
5400 146 4 133 
5400 147 
5400 148 
5400 149 4 
5400 150 160 169 175 
5400 151 153 159 170 
5400 152 73 
5400 153 156 
5400 154 160 
5400 155 
5400 156 
5400 157 
5400 158 152 163 
5400 159 5 
5400 160 
5400 161 
5400 162 157 
5400 163 
5400 164 
5400 165 150 
5400 166 87 
5400 167 5 
5400 168 
5400 169 
5400 170 
5400 171 154 
5400 172 86 
5400 173 
5400 174 153 
5400 175 
5400 176 
5400 177 0 2 3 5 
5400 178 0 1 2 4 5 
5400 179 0 1 3 4 
5400 180 0 2 3 4 5 
5400 181 0 1 2 3 4 5 
5400 182 0 1 3 5 
5400 183 0 2 4 
5400 184 0 1 5 
5400 185 0 3 4 
5400 186 0 1 3 
5400 187 0 2 4 5 
5400 188 0 2 4 
5400 189 0 1 3 4 5 
5400 190 0 1 2 3 5 
5400 191 0 1 5 
5400 192 0 2 3 4 
5400 193 0 2 4 
5400 194 0 1 3 4 5 
5400 195 0 1 2 5 
5400 196 0 3 4 5 
5400 197 0 2 3 4 
5400 198 0 1 2 5 
5400 199 0 3 4 5 
5400 200 0 2 4 
5400 201 0 1 2 5 
5400 202 0 3 
5400 203 0 1 2 4 5 
5400 204 0 1 2 3 4 
5400 205 0 2 4 
5400 206 0 1 2 3 5 
7200 0 4 177 178 179 180 181 182 183 184 185 186 187 188 189 190 191 192 193 194 195 196 197 198 199 200 201 202 203 204 205 206 
7200 1 5 34 178 179 181 182 184 186 189 190 191 194 195 198 201 203 204 206 
7200 2 0 5 52 70 83 177 178 180 181 183 187 188 190 192 193 195 197 198 200 201 203 204 205 206 
7200 3 5 13 108 122 177 179 180 181 182 185 186 189 190 192 194 196 197 199 202 204 206 
7200 4 129 132 133 178 179 180 181 183 185 187 188 189 192 193 194 196 197 199 200 203 204 205 
7200 5 10 158 166 170 177 178 180 181 182 184 187 189 190 191 194 195 196 198 199 201 203 206 
7200 6 34 43 45 
7200 7 27 28 29 30 31 41 
7200 8 20 
7200 9 44 
7200 10 94 169 
7200 11 57 59 75 84 88 
7200 12 98 102 115 124 
7200 13 103 115 
7200 14 98 
7200 15 12 101 118 
7200 16 4 
7200 17 142 
7200 18 1 
7200 19 28 
7200 20 6 7 21 25 
7200 21 
7200 22 28 
7200 23 1 38 48 
7200 24 32 
7200 25 46 
7200 26 7 
7200 27 
7200 28 33 
7200 29 
7200 30 
7200 31 
7200 32 8 
7200 33 
7200 34 
7200 35 1 
7200 36 7 
7200 37 25 
7200 38 
7200 39 8 
7200 40 1 
7200 41 
7200 42 6 
7200 43 
7200 44 1 
7200 45 
7200 46 
7200 47 24 
7200 48 
7200 49 11 68 
7200 50 11 85 
7200 51 58 153 
7200 52 71 
7200 53 2 78 
7200 54 11 
7200 55 59 
7200 56 2 80 
7200 57 
7200 58 10 
7200 59 
7200 60 91 169 
7200 61 53 
7200 62 11 
7200 63 2 
7200 64 51 
7200 65 11 157 
7200 66 49 
7200 67 51 
7200 68 
7200 69 10 
7200 70 
7200 71 
7200 72 53 
7200 73 2 165 
7200 74 49 
7200 75 
7200 76 50 
7200 77 2 
7200 78 
7200 79 55 
7200 80 
7200 81 10 
7200 82 10 
7200 83 
7200 84 
7200 85 
7200 86 11 
7200 87 2 
7200 88 
7200 89 10 
7200 90 11 
7200 91 
7200 92 51 
7200 93 2 
7200 94 
7200 95 11 
7200 96 15 109 
7200 97 
7200 98 
7200 99 112 
7200 100 3 104 113 
7200 101 97 
7200 102 107 121 
7200 103 
7200 104 
7200 105 15 
7200 106 13 117 
7200 107 
7200 108 
7200 109 
7200 110 12 
7200 111 100 
7200 112 12 
7200 113 
7200 114 13 
7200 115 
7200 116 107 
7200 117 
7200 118 
7200 119 102 
7200 120 13 
7200 121 
7200 122 
7200 123 14 
7200 124 
7200 125 3 
7200 126 4 
7200 127 
7200 128 4 147 
7200 129 139 
7200 130 134 141 
7200 131 4 
7200 132 142 146 
7200 133 
7200 134 133 
7200 135 146 
7200 136 
7200 137 127 
7200 138 142 
7200 139 137 148 
7200 140 137 
7200 141 
7200 142 
7200 143 128 
7200 144 128 145 
7200 145 
7200 146 136 
7200 147 
7200 148 
7200 149 130 
7200 150 156 161 
7200 151 162 168 169 
7200 152 161 175 
7200 153 
7200 154 169 171 
7200 155 71 
7200 156 164 169 
7200 157 
7200 158 
7200 159 5 
7200 160 150 
7200 161 
7200 162 
7200 163 153 
7200 164 
7200 165 
7200 166 
7200 167 5 
7200 168 
7200 169 11 
7200 170 
7200 171 
7200 172 160 
7200 173 168 
7200 174 150 
7200 175 
7200 176 5 
7200 177 0 2 3 5 
7200 178 0 1 2 4 5 
7200 179 0 1 3 4 
7200 180 0 2 3 4 5 
7200 181 0 1 2 3 4 5 
7200 182 0 1 3 5 
7200 183 0 2 4 
7200 184 0 1 5 
7200 185 0 3 4 
7200 186 0 1 3 
7200 187 0 2 4 5 
7200 188 0 2 4 
7200 189 0 1 3 4 5 
7200 190 0 1 2 3 5 
7200 191 0 1 5 
7200 192 0 2 3 4 
7200 193 0 2 4 
7200 194 0 1 3 4 5 
7200 195 0 1 2 5 
7200 196 0 3 4 5 
7200 197 0 2 3 4 
7200 198 0 1 2 5 
7200 199 0 3 4 5 
7200 200 0 2 4 
7200 201 0 1 2 5 
7200 202 0 3 
7200 203 0 1 2 4 5 
7200 204 0 1 2 3 4 
7200 205 0 2 4 
7200 206 0 1 2 3 5 
9000 0 3 4 5 177 178 179 180 181 182 183 184 185 186 187 188 189 190 191 192 193 194 195 196 197 198 199 200 201 202 203 204 205 206 
9000 1 0 39 44 46 178 179 181 182 184 186 189 190 191 194 195 198 201 203 204 206 
9000 2 62 63 65 67 71 177 178 180 181 183 187 188 190 192 193 195 197 198 200 201 203 204 205 206 
9000 3 96 97 100 103 104 107 115 116 123 177 179 180 181 182 185 186 189 190 192 194 196 197 199 202 204 206 
9000 4 2 126 137 149 178 179 180 181 183 185 187 188 189 192 193 194 196 197 199 200 203 204 205 
9000 5 11 152 169 172 177 178 180 181 182 184 187 189 190 191 194 195 196 198 199 201 203 206 
9000 6 
9000 7 23 27 38 43 48 
9000 8 21 46 
9000 9 1 33 
9000 10 11 50 64 93 
9000 11 77 85 88 
9000 12 101 108 112 
9000 13 120 121 
9000 14 108 
9000 15 110 115 
9000 16 
9000 17 
9000 18 28 43 
9000 19 
9000 20 19 29 36 47 
9000 21 
9000 22 
9000 23 22 
9000 24 
9000 25 9 
9000 26 
9000 27 
9000 28 
9000 29 7 
9000 30 
9000 31 8 35 
9000 32 45 
9000 33 26 
9000 34 23 
9000 35 
9000 36 24 
9000 37 9 30 
9000 38 1 
9000 39 
9000 40 21 
9000 41 8 
9000 42 6 25 
9000 43 
9000 44 
9000 45 1 
9000 46 
9000 47 
9000 48 
9000 49 2 52 60 
9000 50 86 
9000 51 56 81 91 95 
9000 52 90 
9000 53 69 
9000 54 63 73 
9000 55 2 
9000 56 72 89 174 
9000 57 52 66 
9000 58 2 
9000 59 
9000 60 
9000 61 10 
9000 62 
9000 63 
9000 64 165 
9000 65 
9000 66 
9000 67 
9000 68 51 
9000 69 
9000 70 10 
9000 71 
9000 72 
9000 73 
9000 74 49 
9000 75 57 
9000 76 10 
9000 77 
9000 78 52 
9000 79 50 
9000 80 11 
9000 81 
9000 82 11 157 
9000 83 10 
9000 84 11 
9000 85 
9000 86 
9000 87 10 
9000 88 
9000 89 
9000 90 
9000 91 
9000 92 10 
9000 93 175 
9000 94 72 
9000 95 
9000 96 118 124 
9000 97 
9000 98 109 
9000 99 12 13 117 
9000 100 
9000 101 
9000 102 97 
9000 103 
9000 104 
9000 105 13 113 
9000 106 115 
9000 107 12 
9000 108 
9000 109 13 
9000 110 
9000 111 12 
9000 112 
9000 113 
9000 114 13 
9000 115 
9000 116 
9000 117 
9000 118 
9000 119 115 
9000 120 
9000 121 
9000 122 102 
9000 123 
9000 124 
9000 125 15 
9000 126 132 
9000 127 
9000 128 129 131 
9000 129 133 
9000 130 4 
9000 131 
9000 132 17 127 144 146 147 
9000 133 
9000 134 139 
9000 135 139 
9000 136 133 
9000 137 16 138 141 
9000 138 
9000 139 132 142 
9000 140 128 
9000 141 
9000 142 
9000 143 129 
9000 144 
9000 145 134 
9000 146 
9000 147 
9000 148 129 
9000 149 129 
9000 150 156 168 175 
9000 151 153 167 176 
9000 152 151 161 170 
9000 153 
9000 154 86 
9000 155 150 
9000 156 
9000 157 
9000 158 59 162 
9000 159 156 
9000 160 174 
9000 161 
9000 162 
9000 163 5 
9000 164 
9000 165 
9000 166 156 164 
9000 167 
9000 168 
9000 169 
9000 170 
9000 171 174 
9000 172 
9000 173 93 
9000 174 11 53 59 
9000 175 
9000 176 
9000 177 0 2 3 5 
9000 178 0 1 2 4 5 
9000 179 0 1 3 4 
9000 180 0 2 3 4 5 
9000 181 0 1 2 3 4 5 
9000 182 0 1 3 5 
9000 183 0 2 4 
9000 184 0 1 5 
9000 185 0 3 4 
9000 186 0 1 3 
9000 187 0 2 4 5 
9000 188 0 2 4 
9000 189 0 1 3 4 5 
9000 190 0 1 2 3 5 
9000 191 0 1 5 
9000 192 0 2 3 4 
9000 193 0 2 4 
9000 194 0 1 3 4 5 
9000 195 0 1 2 5 
9000 196 0 3 4 5 
9000 197 0 2 3 4 
9000 198 0 1 2 5 
9000 199 0 3 4 5 
9000 200 0 2 4 
9000 201 0 1 2 5 
9000 202 0 3 
9000 203 0 1 2 4 5 
9000 204 0 1 2 3 4 
9000 205 0 2 4 
9000 206 0 1 2 3 5 
