0 21600
1800 0 1 224 225 226 227 228 229 230 231 232 233 234 235 236 237 238 239 240 241 242 243 244 245 246 247 248 249 250 251 252 253 
1800 1 0 3 5 6 15 27 28 30 34 35 38 52 224 226 227 229 230 232 233 235 237 240 242 243 244 247 250 251 253 
1800 2 3 60 65 74 76 79 86 98 225 226 227 228 231 232 234 236 238 240 241 244 245 246 248 250 251 252 
1800 3 1 2 104 108 109 110 127 129 136 140 143 225 226 227 229 230 232 233 235 236 237 239 240 242 243 244 247 248 250 252 
1800 4 5 151 163 164 165 224 227 228 229 230 232 234 236 238 240 242 243 245 246 247 249 252 253 
1800 5 1 4 195 197 198 202 207 219 223 225 226 227 228 229 231 233 234 236 238 239 241 242 244 245 246 249 250 252 253 
1800 6 1 14 24 25 29 41 42 44 45 49 
1800 7 12 14 33 48 51 56 57 59 
1800 8 62 66 83 84 89 90 97 
1800 9 64 65 70 71 72 77 80 93 
1800 10 149 159 161 173 183 185 
1800 11 13 
1800 12 7 21 31 37 46 53 
1800 13 11 16 17 18 19 22 39 41 43 54 
1800 14 6 7 
1800 15 1 
1800 16 13 
1800 17 13 
1800 18 13 40 50 58 
1800 19 13 
1800 20 23 37 
1800 21 12 
1800 22 13 36 55 
1800 23 20 
1800 24 6 
1800 25 6 
1800 26 40 
1800 27 1 
1800 28 1 47 
1800 29 6 
1800 30 1 32 
1800 31 12 
1800 32 30 
1800 33 7 
1800 34 1 
1800 35 1 
1800 36 22 
1800 37 12 20 
1800 38 1 
1800 39 13 
1800 40 18 26 
1800 41 6 13 
1800 42 6 
1800 43 13 
1800 44 6 
1800 45 6 
1800 46 12 
1800 47 28 
1800 48 7 
1800 49 6 
1800 50 18 
1800 51 7 
1800 52 1 
1800 53 12 
1800 54 13 
1800 55 22 
1800 56 7 
1800 57 7 
1800 58 18 
1800 59 7 
1800 60 2 67 96 99 
1800 61 99 
1800 62 8 
1800 63 69 80 
1800 64 9 82 84 
1800 65 2 9 95 
1800 66 8 73 91 
1800 67 60 
1800 68 71 75 100 
1800 69 63 
1800 70 9 
1800 71 9 68 88 
1800 72 9 
1800 73 66 
1800 74 2 
1800 75 68 
1800 76 2 
1800 77 9 
1800 78 98 
1800 79 2 
1800 80 9 63 
1800 81 97 
1800 82 64 94 
1800 83 8 
1800 84 8 64 87 
1800 85 99 
1800 86 2 
1800 87 84 
1800 88 71 
1800 89 8 
1800 90 8 
1800 91 66 
1800 92 93 
1800 93 9 92 
1800 94 82 
1800 95 65 
1800 96 60 
1800 97 8 81 
1800 98 2 78 
1800 99 60 61 85 
1800 100 68 
1800 101 123 
1800 102 103 111 114 119 128 145 148 
1800 103 102 124 143 147 
1800 104 3 107 132 
1800 105 124 
1800 106 109 
1800 107 104 
1800 108 3 116 118 139 142 144 
1800 109 3 106 113 134 137 
1800 110 3 125 130 
1800 111 102 120 123 131 133 
1800 112 134 
1800 113 109 
1800 114 102 
1800 115 128 
1800 116 108 122 
1800 117 123 
1800 118 108 
1800 119 102 
1800 120 111 138 
1800 121 127 
1800 122 116 
1800 123 101 111 117 
1800 124 103 105 
1800 125 110 126 135 
1800 126 125 
1800 127 3 121 146 
1800 128 102 115 
1800 129 3 
1800 130 110 
1800 131 111 
1800 132 104 
1800 133 111 141 
1800 134 109 112 
1800 135 125 
1800 136 3 
1800 137 109 
1800 138 120 
1800 139 108 
1800 140 3 
1800 141 133 
1800 142 108 
1800 143 3 103 
1800 144 108 
1800 145 102 
1800 146 127 
1800 147 103 
1800 148 102 
1800 149 10 
1800 150 169 
1800 151 4 153 155 156 159 172 
1800 152 162 174 183 184 
1800 153 151 169 
1800 154 172 182 
1800 155 151 167 186 192 
1800 156 151 166 170 
1800 157 165 181 
1800 158 167 
1800 159 10 151 160 177 
1800 160 159 
1800 161 10 
1800 162 152 180 
1800 163 4 168 175 
1800 164 4 
1800 165 4 157 188 
1800 166 156 179 
1800 167 155 158 178 190 
1800 168 163 171 
1800 169 150 153 189 
1800 170 156 
1800 171 168 
1800 172 151 154 
1800 173 10 
1800 174 152 191 
1800 175 163 
1800 176 181 
1800 177 159 
1800 178 167 
1800 179 166 
1800 180 162 
1800 181 157 176 
1800 182 154 
1800 183 10 152 
1800 184 152 
1800 185 10 
1800 186 155 193 
1800 187 192 
1800 188 165 
1800 189 169 
1800 190 167 
1800 191 174 
1800 192 155 187 
1800 193 186 
1800 194 196 203 205 207 214 
1800 195 5 213 220 
1800 196 194 201 208 
1800 197 5 215 216 
1800 198 5 210 222 
1800 199 200 203 
1800 200 199 212 
1800 201 196 
1800 202 5 217 
1800 203 194 199 218 
1800 204 220 
1800 205 194 209 221 
1800 206 207 
1800 207 5 194 206 211 
1800 208 196 
1800 209 205 
1800 210 198 
1800 211 207 
1800 212 200 
1800 213 195 
1800 214 194 
1800 215 197 
1800 216 197 
1800 217 202 
1800 218 203 
1800 219 5 
1800 220 195 204 
1800 221 205 
1800 222 198 
1800 223 5 
1800 224 0 1 4 
1800 225 0 2 3 5 
1800 226 0 1 2 3 5 
1800 227 0 1 2 3 4 5 
1800 228 0 2 4 5 
1800 229 0 1 3 4 5 
1800 230 0 1 3 4 
1800 231 0 2 5 
1800 232 0 1 2 3 4 
1800 233 0 1 3 5 
1800 234 0 2 4 5 
1800 235 0 1 3 
1800 236 0 2 3 4 5 
1800 237 0 1 3 
1800 238 0 2 4 5 
1800 239 0 3 5 
1800 240 0 1 2 3 4 
1800 241 0 2 5 
1800 242 0 1 3 4 5 
1800 243 0 1 3 4 
1800 244 0 1 2 3 5 
1800 245 0 2 4 5 
1800 246 0 2 4 5 
1800 247 0 1 3 4 
1800 248 0 2 3 
1800 249 0 4 5 
1800 250 0 1 2 3 5 
1800 251 0 1 2 
1800 252 0 2 3 4 5 
1800 253 0 1 4 5 
