0 21600
0 0 3 4 5 231 232 233 234 235 236 237 238 239 240 241 242 243 244 245 246 247 248 249 250 251 252 253 254 255 256 257 258 259 260 
0 1 60 61 219 
0 2 94 96 97 
0 3 0 126 127 234 235 239 240 244 247 250 253 257 258 
0 4 0 180 181 232 235 236 242 243 246 251 253 256 260 
0 5 0 229 230 231 236 237 243 245 248 250 253 255 259 
0 6 60 
0 7 60 
0 8 94 
0 9 94 
0 10 94 
0 11 125 
0 12 139 
0 13 178 180 
0 14 228 229 
0 15 187 188 229 
0 16 58 60 
0 17 60 62 
0 18 225 229 
0 19 225 
0 20 212 217 219 
0 21 217 229 
0 22 60 
0 23 58 
0 24 222 225 
0 25 222 
0 26 222 
0 27 60 
0 28 60 
0 29 55 58 
0 30 60 
0 31 230 
0 32 60 
0 33 60 
0 34 219 
0 35 225 
0 36 212 
0 37 58 
0 38 51 61 
0 39 55 
0 40 60 
0 41 225 
0 42 219 
0 43 58 
0 44 50 53 217 
0 45 219 
0 46 214 
0 47 219 
0 48 219 
0 49 61 
0 50 44 
0 51 38 
0 52 61 
0 53 44 221 
0 54 60 
0 55 29 39 
0 56 60 
0 57 199 
0 58 16 23 29 37 43 
0 59 225 
0 60 1 6 7 16 17 22 27 28 30 32 33 40 54 56 
0 61 1 38 49 52 
0 62 17 
0 63 94 
0 64 94 
0 65 94 
0 66 91 92 94 
0 67 94 
0 68 94 
0 69 95 96 
0 70 94 
0 71 94 
0 72 84 88 
0 73 80 84 
0 74 94 
0 75 94 
0 76 95 
0 77 94 
0 78 97 
0 79 94 
0 80 73 97 
0 81 94 
0 82 91 93 
0 83 94 
0 84 72 73 
0 85 94 
0 86 94 
0 87 93 
0 88 72 
0 89 95 
0 90 91 
0 91 66 82 90 
0 92 66 
0 93 82 87 
0 94 2 8 9 10 63 64 65 66 67 68 70 71 74 75 77 79 81 83 85 86 
0 95 69 76 89 
0 96 2 69 
0 97 2 78 80 
0 98 125 
0 99 125 
0 100 125 
0 101 125 
0 102 125 
0 103 125 
0 104 123 
0 105 125 
0 106 125 
0 107 125 
0 108 125 
0 109 125 
0 110 125 
0 111 125 
0 112 114 124 
0 113 125 
0 114 112 126 
0 115 125 
0 116 125 
0 117 125 
0 118 125 
0 119 125 
0 120 122 
0 121 125 
0 122 120 127 131 
0 123 104 129 
0 124 112 128 
0 125 11 98 99 100 101 102 103 105 106 107 108 109 110 111 113 115 116 117 118 119 121 129 130 132 133 134 135 136 
0 126 3 114 134 137 
0 127 3 122 
0 128 124 
0 129 123 125 
0 130 125 
0 131 122 
0 132 125 
0 133 125 
0 134 125 126 
0 135 125 
0 136 125 
0 137 126 
0 138 179 180 
0 139 12 141 181 
0 140 150 171 174 
0 141 139 
0 142 178 
0 143 156 
0 144 176 180 
0 145 178 
0 146 176 
0 147 176 
0 148 165 173 
0 149 163 
0 150 140 180 
0 151 179 
0 152 180 
0 153 179 
0 154 178 
0 155 178 
0 156 143 180 
0 157 180 
0 158 179 
0 159 178 
0 160 179 
0 161 178 
0 162 178 
0 163 149 181 
0 164 178 
0 165 148 180 
0 166 175 177 179 
0 167 175 
0 168 180 
0 169 178 
0 170 179 
0 171 140 
0 172 180 
0 173 148 
0 174 140 
0 175 166 167 
0 176 144 146 147 
0 177 166 
0 178 13 142 145 154 155 159 161 162 164 169 
0 179 138 151 153 158 160 166 170 
0 180 4 13 138 144 150 152 156 157 165 168 172 
0 181 4 139 163 
0 182 225 
0 183 228 
0 184 197 
0 185 225 
0 186 228 
0 187 15 
0 188 15 
0 189 218 
0 190 225 
0 191 228 
0 192 228 
0 193 228 
0 194 228 
0 195 224 225 
0 196 197 215 
0 197 184 196 228 
0 198 225 
0 199 57 229 
0 200 225 
0 201 228 
0 202 224 
0 203 228 
0 204 225 
0 205 211 216 223 
0 206 225 
0 207 228 
0 208 228 
0 209 221 
0 210 228 
0 211 205 227 
0 212 20 36 
0 213 221 
0 214 46 225 
0 215 196 227 
0 216 205 
0 217 20 21 44 226 
0 218 189 229 
0 219 1 20 34 42 45 47 48 
0 220 225 
0 221 53 209 213 
0 222 24 25 26 
0 223 205 
0 224 195 202 
0 225 18 19 24 35 41 59 182 185 190 195 198 200 204 206 214 220 
0 226 217 
0 227 211 215 
0 228 14 183 186 191 192 193 194 197 201 203 207 208 210 
0 229 5 14 15 18 21 199 218 
0 230 5 31 
0 231 0 5 
0 232 0 4 
0 233 0 
0 234 0 3 
0 235 0 3 4 
0 236 0 4 5 
0 237 0 5 
0 238 0 
0 239 0 3 
0 240 0 3 
0 241 0 
0 242 0 4 
0 243 0 4 5 
0 244 0 3 
0 245 0 5 
0 246 0 4 
0 247 0 3 
0 248 0 5 
0 249 0 
0 250 0 3 5 
0 251 0 4 
0 252 0 
0 253 0 3 4 5 
0 254 0 
0 255 0 5 
0 256 0 4 
0 257 0 3 
0 258 0 3 
0 259 0 5 
0 260 0 4 
1800 0 3 4 5 231 232 233 234 235 236 237 238 239 240 241 242 243 244 245 246 247 248 249 250 251 252 253 254 255 256 257 258 259 260 
1800 1 188 209 219 
1800 2 93 96 97 
1800 3 0 126 127 234 235 239 240 244 247 250 253 257 258 
1800 4 0 180 181 232 235 236 242 243 246 251 253 256 260 
1800 5 0 229 230 231 236 237 243 245 248 250 253 255 259 
1800 6 209 
1800 7 209 
1800 8 93 
1800 9 93 
1800 10 93 
1800 11 125 
1800 12 139 
1800 13 178 180 
1800 14 228 229 
1800 15 187 222 229 
1800 16 61 191 209 
1800 17 61 62 
1800 18 61 
1800 19 225 
1800 20 217 219 229 
1800 21 60 219 
1800 22 209 
1800 23 60 
1800 24 225 229 
1800 25 222 
1800 26 225 
1800 27 191 
1800 28 55 230 
1800 29 217 
1800 30 60 
1800 31 57 199 222 
1800 32 209 
1800 33 60 
1800 34 219 
1800 35 61 
1800 36 212 217 
1800 37 61 
1800 38 60 
1800 39 61 
1800 40 209 
1800 41 51 219 
1800 42 219 
1800 43 225 
1800 44 51 
1800 45 59 222 
1800 46 214 
1800 47 222 
1800 48 222 
1800 49 209 
1800 50 209 
1800 51 41 44 58 
1800 52 62 
1800 53 61 
1800 54 58 
1800 55 28 
1800 56 60 
1800 57 31 
1800 58 51 54 
1800 59 45 
1800 60 21 23 30 33 38 56 
1800 61 16 17 18 35 37 39 53 
1800 62 17 52 
1800 63 93 
1800 64 95 96 
1800 65 93 
1800 66 91 92 93 
1800 67 93 
1800 68 93 
1800 69 94 96 
1800 70 93 
1800 71 93 
1800 72 95 
1800 73 78 84 
1800 74 93 
1800 75 93 
1800 76 93 
1800 77 81 92 
1800 78 73 83 91 
1800 79 93 
1800 80 82 
1800 81 77 
1800 82 80 93 
1800 83 78 
1800 84 73 88 
1800 85 93 
1800 86 93 
1800 87 93 
1800 88 84 
1800 89 94 
1800 90 93 
1800 91 66 78 
1800 92 66 77 
1800 93 2 8 9 10 63 65 66 67 68 70 71 74 75 76 79 82 85 86 87 90 
1800 94 69 89 
1800 95 64 72 
1800 96 2 64 69 
1800 97 2 
1800 98 125 
1800 99 112 
1800 100 125 
1800 101 125 
1800 102 125 
1800 103 124 
1800 104 122 123 
1800 105 125 
1800 106 125 
1800 107 125 
1800 108 125 
1800 109 125 
1800 110 125 
1800 111 125 
1800 112 99 114 134 
1800 113 125 
1800 114 112 
1800 115 125 
1800 116 125 
1800 117 125 
1800 118 120 126 
1800 119 125 
1800 120 118 122 
1800 121 125 
1800 122 104 120 
1800 123 104 
1800 124 103 127 128 
1800 125 11 98 100 101 102 105 106 107 108 109 110 111 113 115 116 117 119 121 129 130 131 132 133 135 136 
1800 126 3 118 131 134 137 
1800 127 3 124 
1800 128 124 
1800 129 125 
1800 130 125 
1800 131 125 126 
1800 132 125 
1800 133 125 
1800 134 112 126 
1800 135 125 
1800 136 125 
1800 137 126 
1800 138 177 180 
1800 139 12 180 
1800 140 150 
1800 141 144 
1800 142 178 
1800 143 156 
1800 144 141 176 180 
1800 145 180 
1800 146 176 
1800 147 176 
1800 148 165 173 
1800 149 161 
1800 150 140 180 
1800 151 176 
1800 152 180 
1800 153 180 
1800 154 178 
1800 155 176 
1800 156 143 175 179 
1800 157 180 
1800 158 180 
1800 159 178 
1800 160 178 
1800 161 149 171 174 
1800 162 178 
1800 163 180 
1800 164 180 
1800 165 148 176 
1800 166 175 177 
1800 167 177 
1800 168 180 
1800 169 178 
1800 170 177 
1800 171 161 
1800 172 180 
1800 173 148 
1800 174 161 
1800 175 156 166 
1800 176 144 146 147 151 155 165 
1800 177 138 166 167 170 
1800 178 13 142 154 159 160 162 169 
1800 179 156 
1800 180 4 13 138 139 144 145 150 152 153 157 158 163 164 168 172 
1800 181 4 
1800 182 225 
1800 183 228 
1800 184 196 197 215 
1800 185 225 
1800 186 228 
1800 187 15 200 
1800 188 1 
1800 189 197 223 
1800 190 225 
1800 191 16 27 
1800 192 228 
1800 193 228 
1800 194 228 
1800 195 225 
1800 196 184 
1800 197 184 189 226 
1800 198 227 228 
1800 199 31 
1800 200 187 
1800 201 228 
1800 202 225 
1800 203 228 
1800 204 225 
1800 205 211 216 223 
1800 206 225 
1800 207 228 
1800 208 228 
1800 209 1 6 7 16 22 32 40 49 50 
1800 210 228 
1800 211 205 
1800 212 36 
1800 213 221 224 228 
1800 214 46 225 
1800 215 184 
1800 216 205 
1800 217 20 29 36 
1800 218 228 
1800 219 1 20 21 34 41 42 
1800 220 225 
1800 221 213 
1800 222 15 25 31 45 47 48 
1800 223 189 205 
1800 224 213 
1800 225 19 24 26 43 182 185 190 195 202 204 206 214 220 
1800 226 197 230 
1800 227 198 
1800 228 14 183 186 192 193 194 198 201 203 207 208 210 213 218 
1800 229 5 14 15 20 24 
1800 230 5 28 226 
1800 231 0 5 
1800 232 0 4 
1800 233 0 
1800 234 0 3 
1800 235 0 3 4 
1800 236 0 4 5 
1800 237 0 5 
1800 238 0 
1800 239 0 3 
1800 240 0 3 
1800 241 0 
1800 242 0 4 
1800 243 0 4 5 
1800 244 0 3 
1800 245 0 5 
1800 246 0 4 
1800 247 0 3 
1800 248 0 5 
1800 249 0 
1800 250 0 3 5 
1800 251 0 4 
1800 252 0 
1800 253 0 3 4 5 
1800 254 0 
1800 255 0 5 
1800 256 0 4 
1800 257 0 3 
1800 258 0 3 
1800 259 0 5 
1800 260 0 4 
3600 0 3 4 5 231 232 233 234 235 236 237 238 239 240 241 242 243 244 245 246 247 248 249 250 251 252 253 254 255 256 257 258 259 260 
3600 1 187 188 219 
3600 2 93 96 97 
3600 3 0 126 127 234 235 239 240 244 247 250 253 257 258 
3600 4 0 180 181 232 235 236 242 243 246 251 253 256 260 
3600 5 0 229 230 231 236 237 243 245 248 250 253 255 259 
3600 6 219 
3600 7 219 
3600 8 93 
3600 9 93 
3600 10 93 
3600 11 125 
3600 12 139 
3600 13 178 180 
3600 14 228 229 
3600 15 203 222 229 
3600 16 61 188 199 
3600 17 60 61 62 
3600 18 219 
3600 19 187 225 229 
3600 20 217 219 
3600 21 219 
3600 22 219 
3600 23 58 60 
3600 24 225 
3600 25 228 
3600 26 225 
3600 27 219 
3600 28 219 
3600 29 188 
3600 30 60 
3600 31 230 
3600 32 219 
3600 33 60 
3600 34 187 
3600 35 60 
3600 36 217 
3600 37 60 
3600 38 51 61 
3600 39 188 
3600 40 219 
3600 41 219 
3600 42 187 
3600 43 60 
3600 44 219 220 224 
3600 45 222 
3600 46 214 
3600 47 222 
3600 48 222 
3600 49 222 
3600 50 187 
3600 51 38 
3600 52 62 
3600 53 188 
3600 54 60 
3600 55 199 
3600 56 60 
3600 57 199 
3600 58 23 
3600 59 221 225 
3600 60 17 23 30 33 35 37 43 54 56 
3600 61 16 17 38 
3600 62 17 52 
3600 63 93 
3600 64 94 96 
3600 65 93 
3600 66 87 91 92 
3600 67 93 
3600 68 93 
3600 69 78 80 84 
3600 70 93 
3600 71 93 
3600 72 88 
3600 73 84 88 
3600 74 93 
3600 75 93 
3600 76 93 
3600 77 93 
3600 78 69 
3600 79 93 
3600 80 69 93 
3600 81 93 
3600 82 87 
3600 83 93 
3600 84 69 73 
3600 85 93 
3600 86 92 96 
3600 87 66 82 
3600 88 72 73 
3600 89 94 95 
3600 90 91 
3600 91 66 90 
3600 92 66 86 
3600 93 2 8 9 10 63 65 67 68 70 71 74 75 76 77 79 80 81 83 85 
3600 94 64 89 
3600 95 89 
3600 96 2 64 86 
3600 97 2 
3600 98 125 
3600 99 125 
3600 100 125 
3600 101 112 
3600 102 125 
3600 103 124 
3600 104 123 
3600 105 125 
3600 106 125 
3600 107 125 
3600 108 125 
3600 109 125 
3600 110 125 
3600 111 125 
3600 112 101 114 130 
3600 113 125 
3600 114 112 
3600 115 125 
3600 116 125 
3600 117 125 
3600 118 125 
3600 119 125 
3600 120 123 
3600 121 125 
3600 122 125 
3600 123 104 120 129 131 
3600 124 103 127 128 
3600 125 11 98 99 100 102 105 106 107 108 109 110 111 113 115 116 117 118 119 121 122 129 132 133 134 135 136 
3600 126 3 130 134 137 
3600 127 3 124 
3600 128 124 
3600 129 123 125 
3600 130 112 126 
3600 131 123 
3600 132 125 
3600 133 125 
3600 134 125 126 
3600 135 125 
3600 136 125 
3600 137 126 
3600 138 177 180 
3600 139 12 180 
3600 140 150 171 174 
3600 141 147 
3600 142 178 
3600 143 156 
3600 144 172 176 180 
3600 145 178 
3600 146 177 
3600 147 141 176 
3600 148 165 173 
3600 149 172 
3600 150 140 180 
3600 151 176 
3600 152 180 
3600 153 176 
3600 154 178 
3600 155 176 
3600 156 143 175 179 
3600 157 180 
3600 158 176 
3600 159 180 
3600 160 178 
3600 161 180 
3600 162 178 
3600 163 180 
3600 164 178 
3600 165 148 180 
3600 166 179 180 
3600 167 175 
3600 168 180 
3600 169 178 
3600 170 177 
3600 171 140 
3600 172 144 149 
3600 173 148 
3600 174 140 
3600 175 156 167 
3600 176 144 147 151 153 155 158 
3600 177 138 146 170 
3600 178 13 142 145 154 160 162 164 169 
3600 179 156 166 
3600 180 4 13 138 139 144 150 152 157 159 161 163 165 166 168 
3600 181 4 
3600 182 225 
3600 183 228 
3600 184 197 215 
3600 185 225 
3600 186 228 
3600 187 1 19 34 42 50 
3600 188 1 16 29 39 53 
3600 189 221 
3600 190 225 
3600 191 228 
3600 192 226 229 
3600 193 228 
3600 194 228 
3600 195 224 
3600 196 197 
3600 197 184 196 205 
3600 198 227 228 
3600 199 16 55 57 
3600 200 225 
3600 201 228 
3600 202 224 
3600 203 15 
3600 204 225 
3600 205 197 
3600 206 225 
3600 207 228 
3600 208 228 
3600 209 221 
3600 210 228 
3600 211 223 
3600 212 224 
3600 213 228 
3600 214 46 225 
3600 215 184 216 
3600 216 215 223 
3600 217 20 36 
3600 218 228 
3600 219 1 6 7 18 20 21 22 27 28 32 40 41 44 
3600 220 44 
3600 221 59 189 209 
3600 222 15 45 47 48 49 
3600 223 211 216 227 
3600 224 44 195 202 212 
3600 225 19 24 26 59 182 185 190 200 204 206 214 
3600 226 192 
3600 227 198 223 
3600 228 14 25 183 186 191 193 194 198 201 207 208 210 213 218 
3600 229 5 14 15 19 192 
3600 230 5 31 
3600 231 0 5 
3600 232 0 4 
3600 233 0 
3600 234 0 3 
3600 235 0 3 4 
3600 236 0 4 5 
3600 237 0 5 
3600 238 0 
3600 239 0 3 
3600 240 0 3 
3600 241 0 
3600 242 0 4 
3600 243 0 4 5 
3600 244 0 3 
3600 245 0 5 
3600 246 0 4 
3600 247 0 3 
3600 248 0 5 
3600 249 0 
3600 250 0 3 5 
3600 251 0 4 
3600 252 0 
3600 253 0 3 4 5 
3600 254 0 
3600 255 0 5 
3600 256 0 4 
3600 257 0 3 
3600 258 0 3 
3600 259 0 5 
3600 260 0 4 
5400 0 3 4 5 231 232 233 234 235 236 237 238 239 240 241 242 243 244 245 246 247 248 249 250 251 252 253 254 255 256 257 258 259 260 
5400 1 60 61 219 
5400 2 94 96 97 
5400 3 0 126 127 234 235 239 240 244 247 250 253 257 258 
5400 4 0 180 181 232 235 236 242 243 246 251 253 256 260 
5400 5 0 229 230 231 236 237 243 245 248 250 253 255 259 
5400 6 60 
5400 7 60 
5400 8 94 
5400 9 94 
5400 10 94 
5400 11 125 
5400 12 139 
5400 13 178 180 
5400 14 228 229 
5400 15 185 222 229 
5400 16 58 60 
5400 17 60 62 
5400 18 59 60 
5400 19 187 225 
5400 20 212 217 219 
5400 21 217 229 
5400 22 59 
5400 23 58 
5400 24 222 225 
5400 25 225 
5400 26 222 
5400 27 60 
5400 28 60 
5400 29 57 58 
5400 30 60 
5400 31 230 
5400 32 60 
5400 33 60 
5400 34 219 
5400 35 58 
5400 36 212 
5400 37 57 
5400 38 60 
5400 39 57 
5400 40 60 
5400 41 60 
5400 42 219 
5400 43 58 
5400 44 57 
5400 45 55 229 
5400 46 217 218 
5400 47 219 
5400 48 185 
5400 49 61 
5400 50 60 
5400 51 58 
5400 52 61 
5400 53 224 225 
5400 54 60 
5400 55 45 
5400 56 60 
5400 57 29 37 39 44 
5400 58 16 23 29 35 43 51 
5400 59 18 22 
5400 60 1 6 7 16 17 18 27 28 30 32 33 38 40 41 50 54 56 
5400 61 1 49 52 
5400 62 17 
5400 63 93 96 
5400 64 93 
5400 65 93 
5400 66 91 92 94 
5400 67 93 
5400 68 94 
5400 69 95 96 
5400 70 94 
5400 71 94 
5400 72 83 88 95 
5400 73 80 84 
5400 74 94 
5400 75 92 
5400 76 94 
5400 77 94 
5400 78 80 
5400 79 94 
5400 80 73 78 83 
5400 81 93 
5400 82 86 87 91 
5400 83 72 80 
5400 84 73 
5400 85 94 
5400 86 82 
5400 87 82 
5400 88 72 
5400 89 94 
5400 90 94 
5400 91 66 82 
5400 92 66 75 
5400 93 63 64 65 67 81 
5400 94 2 8 9 10 66 68 70 71 74 76 77 79 85 89 90 
5400 95 69 72 
5400 96 2 63 69 
5400 97 2 
5400 98 125 
5400 99 125 
5400 100 125 
5400 101 125 
5400 102 125 
5400 103 124 
5400 104 112 125 
5400 105 125 
5400 106 125 
5400 107 124 
5400 108 125 
5400 109 125 
5400 110 125 
5400 111 125 
5400 112 104 114 116 
5400 113 125 
5400 114 112 
5400 115 125 
5400 116 112 
5400 117 125 
5400 118 125 
5400 119 125 128 
5400 120 123 131 
5400 121 131 
5400 122 131 
5400 123 120 129 
5400 124 103 107 132 
5400 125 11 98 99 100 101 102 104 105 106 108 109 110 111 113 115 117 118 119 129 130 132 133 134 135 136 137 
5400 126 3 134 
5400 127 3 
5400 128 119 
5400 129 123 125 
5400 130 125 
5400 131 120 121 122 
5400 132 124 125 
5400 133 125 
5400 134 125 126 
5400 135 125 
5400 136 125 
5400 137 125 
5400 138 177 180 
5400 139 12 180 
5400 140 150 161 171 174 
5400 141 144 
5400 142 178 
5400 143 156 
5400 144 141 176 180 
5400 145 178 
5400 146 176 
5400 147 176 
5400 148 173 
5400 149 171 
5400 150 140 181 
5400 151 176 
5400 152 180 
5400 153 176 
5400 154 178 
5400 155 173 176 
5400 156 143 181 
5400 157 180 
5400 158 180 
5400 159 178 
5400 160 178 
5400 161 140 
5400 162 178 
5400 163 180 
5400 164 178 
5400 165 173 
5400 166 175 177 179 
5400 167 175 
5400 168 180 
5400 169 178 
5400 170 177 
5400 171 140 149 
5400 172 180 
5400 173 148 155 165 
5400 174 140 
5400 175 166 167 
5400 176 144 146 147 151 153 155 
5400 177 138 166 170 
5400 178 13 142 145 154 159 160 162 164 169 
5400 179 166 
5400 180 4 13 138 139 144 152 157 158 163 168 172 
5400 181 4 150 156 
5400 182 225 
5400 183 228 
5400 184 209 215 
5400 185 15 48 
5400 186 228 
5400 187 19 188 189 200 226 
5400 188 187 
5400 189 187 
5400 190 228 
5400 191 228 
5400 192 228 
5400 193 228 
5400 194 228 
5400 195 225 
5400 196 209 
5400 197 224 
5400 198 225 
5400 199 229 
5400 200 187 
5400 201 228 
5400 202 224 
5400 203 228 
5400 204 225 
5400 205 227 230 
5400 206 225 
5400 207 228 
5400 208 228 
5400 209 184 196 228 
5400 210 228 
5400 211 228 
5400 212 20 36 
5400 213 221 224 
5400 214 224 
5400 215 184 
5400 216 223 
5400 217 20 21 46 
5400 218 46 
5400 219 1 20 34 42 47 
5400 220 225 
5400 221 213 
5400 222 15 24 26 
5400 223 216 224 
5400 224 53 197 202 213 214 223 
5400 225 19 24 25 53 182 195 198 204 206 220 
5400 226 187 
5400 227 205 
5400 228 14 183 186 190 191 192 193 194 201 203 207 208 209 210 211 
5400 229 5 14 15 21 45 199 
5400 230 5 31 205 
5400 231 0 5 
5400 232 0 4 
5400 233 0 
5400 234 0 3 
5400 235 0 3 4 
5400 236 0 4 5 
5400 237 0 5 
5400 238 0 
5400 239 0 3 
5400 240 0 3 
5400 241 0 
5400 242 0 4 
5400 243 0 4 5 
5400 244 0 3 
5400 245 0 5 
5400 246 0 4 
5400 247 0 3 
5400 248 0 5 
5400 249 0 
5400 250 0 3 5 
5400 251 0 4 
5400 252 0 
5400 253 0 3 4 5 
5400 254 0 
5400 255 0 5 
5400 256 0 4 
5400 257 0 3 
5400 258 0 3 
5400 259 0 5 
5400 260 0 4 
7200 0 3 4 5 231 232 233 234 235 236 237 238 239 240 241 242 243 244 245 246 247 248 249 250 251 252 253 254 255 256 257 258 259 260 
7200 1 187 188 225 
7200 2 94 96 97 
7200 3 0 126 127 234 235 239 240 244 247 250 253 257 258 
7200 4 0 180 181 232 235 236 242 243 246 251 253 256 260 
7200 5 0 229 230 231 236 237 243 245 248 250 253 255 259 
7200 6 225 
7200 7 225 
7200 8 94 
7200 9 94 
7200 10 94 
7200 11 125 
7200 12 139 
7200 13 178 180 
7200 14 228 229 
7200 15 60 61 230 
7200 16 187 219 
7200 17 62 187 
7200 18 225 
7200 19 221 224 229 
7200 20 219 
7200 21 225 229 
7200 22 225 
7200 23 219 
7200 24 225 
7200 25 218 222 
7200 26 222 225 
7200 27 225 
7200 28 225 
7200 29 219 
7200 30 61 
7200 31 57 199 222 
7200 32 225 
7200 33 62 
7200 34 187 
7200 35 219 
7200 36 222 
7200 37 60 
7200 38 51 229 
7200 39 219 
7200 40 229 
7200 41 187 
7200 42 187 
7200 43 219 
7200 44 219 
7200 45 187 
7200 46 214 
7200 47 222 
7200 48 222 
7200 49 187 
7200 50 225 
7200 51 38 55 58 
7200 52 62 
7200 53 219 
7200 54 58 
7200 55 51 
7200 56 61 
7200 57 31 
7200 58 51 54 
7200 59 222 
7200 60 15 37 
7200 61 15 30 56 
7200 62 17 33 52 
7200 63 93 96 
7200 64 93 
7200 65 93 
7200 66 91 92 94 
7200 67 93 
7200 68 93 
7200 69 95 96 
7200 70 93 
7200 71 94 
7200 72 84 95 
7200 73 80 
7200 74 93 
7200 75 95 
7200 76 93 
7200 77 94 
7200 78 80 
7200 79 92 
7200 80 73 78 84 
7200 81 93 
7200 82 86 87 91 
7200 83 93 
7200 84 72 80 88 
7200 85 94 
7200 86 82 
7200 87 82 
7200 88 84 
7200 89 94 
7200 90 91 
7200 91 66 82 90 
7200 92 66 79 
7200 93 63 64 65 67 68 70 74 76 81 83 
7200 94 2 8 9 10 66 71 77 85 89 
7200 95 69 72 75 
7200 96 2 63 69 
7200 97 2 
7200 98 125 
7200 99 125 
7200 100 125 
7200 101 125 
7200 102 125 
7200 103 125 
7200 104 112 
7200 105 125 
7200 106 125 
7200 107 125 
7200 108 125 
7200 109 125 
7200 110 125 
7200 111 125 
7200 112 104 114 123 
7200 113 125 
7200 114 112 126 
7200 115 125 
7200 116 124 126 
7200 117 125 
7200 118 125 
7200 119 125 
7200 120 122 
7200 121 125 
7200 122 120 127 131 
7200 123 112 
7200 124 116 
7200 125 11 98 99 100 101 102 103 105 106 107 108 109 110 111 113 115 117 118 119 121 128 129 130 132 133 134 135 136 
7200 126 3 114 116 134 137 
7200 127 3 122 
7200 128 125 
7200 129 125 
7200 130 125 
7200 131 122 
7200 132 125 
7200 133 125 
7200 134 125 126 
7200 135 125 
7200 136 125 
7200 137 126 
7200 138 177 180 
7200 139 12 180 
7200 140 145 
7200 141 144 165 
7200 142 178 
7200 143 154 156 
7200 144 141 176 180 
7200 145 140 180 
7200 146 176 
7200 147 176 
7200 148 180 
7200 149 163 174 
7200 150 180 
7200 151 176 
7200 152 180 
7200 153 176 
7200 154 143 180 
7200 155 176 
7200 156 143 175 
7200 157 180 
7200 158 176 
7200 159 180 
7200 160 178 
7200 161 178 
7200 162 179 180 
7200 163 149 181 
7200 164 178 
7200 165 141 173 
7200 166 175 
7200 167 175 
7200 168 180 
7200 169 178 
7200 170 177 
7200 171 181 
7200 172 180 
7200 173 165 
7200 174 149 
7200 175 156 166 167 
7200 176 144 146 147 151 153 155 158 
7200 177 138 170 
7200 178 13 142 160 161 164 169 
7200 179 162 
7200 180 4 13 138 139 144 145 148 150 152 154 157 159 162 168 172 
7200 181 4 163 171 
7200 182 224 
7200 183 228 
7200 184 197 217 221 
7200 185 226 228 
7200 186 228 
7200 187 1 16 17 34 41 42 45 49 
7200 188 1 
7200 189 206 
7200 190 224 
7200 191 228 
7200 192 228 
7200 193 228 
7200 194 228 
7200 195 228 
7200 196 197 
7200 197 184 196 
7200 198 224 
7200 199 31 
7200 200 224 
7200 201 228 
7200 202 221 
7200 203 228 
7200 204 227 228 
7200 205 228 
7200 206 189 228 
7200 207 228 
7200 208 228 
7200 209 221 
7200 210 228 
7200 211 215 223 
7200 212 218 
7200 213 221 
7200 214 46 224 
7200 215 211 
7200 216 223 
7200 217 184 
7200 218 25 212 
7200 219 16 20 23 29 35 39 43 44 53 
7200 220 224 
7200 221 19 184 202 209 213 
7200 222 25 26 31 36 47 48 59 
7200 223 211 216 227 
7200 224 19 182 190 198 200 214 220 
7200 225 1 6 7 18 21 22 24 26 27 28 32 50 
7200 226 185 
7200 227 204 223 
7200 228 14 183 185 186 191 192 193 194 195 201 203 204 205 206 207 208 210 
7200 229 5 14 19 21 38 40 
7200 230 5 15 
7200 231 0 5 
7200 232 0 4 
7200 233 0 
7200 234 0 3 
7200 235 0 3 4 
7200 236 0 4 5 
7200 237 0 5 
7200 238 0 
7200 239 0 3 
7200 240 0 3 
7200 241 0 
7200 242 0 4 
7200 243 0 4 5 
7200 244 0 3 
7200 245 0 5 
7200 246 0 4 
7200 247 0 3 
7200 248 0 5 
7200 249 0 
7200 250 0 3 5 
7200 251 0 4 
7200 252 0 
7200 253 0 3 4 5 
7200 254 0 
7200 255 0 5 
7200 256 0 4 
7200 257 0 3 
7200 258 0 3 
7200 259 0 5 
7200 260 0 4 
9000 0 3 4 5 231 232 233 234 235 236 237 238 239 240 241 242 243 244 245 246 247 248 249 250 251 252 253 254 255 256 257 258 259 260 
9000 1 61 193 219 
9000 2 93 96 97 
9000 3 0 126 127 234 235 239 240 244 247 250 253 257 258 
9000 4 0 180 181 232 235 236 242 243 246 251 253 256 260 
9000 5 0 229 230 231 236 237 243 245 248 250 253 255 259 
9000 6 61 
9000 7 61 
9000 8 93 
9000 9 93 
9000 10 93 
9000 11 125 
9000 12 139 
9000 13 178 
9000 14 228 229 
9000 15 203 222 229 
9000 16 62 193 222 
9000 17 60 61 
9000 18 60 
9000 19 225 
9000 20 221 225 229 
9000 21 217 219 
9000 22 61 
9000 23 58 60 
9000 24 222 
9000 25 222 
9000 26 222 
9000 27 61 
9000 28 61 
9000 29 55 58 
9000 30 60 
9000 31 225 
9000 32 193 
9000 33 60 
9000 34 188 219 
9000 35 60 
9000 36 212 217 
9000 37 51 61 
9000 38 51 
9000 39 55 
9000 40 187 189 230 
9000 41 60 
9000 42 219 
9000 43 60 
9000 44 50 53 217 
9000 45 219 
9000 46 214 
9000 47 219 
9000 48 219 
9000 49 203 
9000 50 44 
9000 51 37 38 
9000 52 61 
9000 53 44 
9000 54 58 
9000 55 29 39 
9000 56 60 
9000 57 199 222 226 
9000 58 23 29 54 
9000 59 221 
9000 60 17 18 23 30 33 35 41 43 56 
9000 61 1 6 7 17 22 27 28 37 52 
9000 62 16 
9000 63 93 
9000 64 93 
9000 65 93 
9000 66 74 91 92 
9000 67 93 
9000 68 93 
9000 69 95 96 
9000 70 93 
9000 71 93 
9000 72 88 94 
9000 73 80 
9000 74 66 96 
9000 75 93 
9000 76 93 
9000 77 93 
9000 78 97 
9000 79 93 
9000 80 73 97 
9000 81 93 
9000 82 91 
9000 83 93 
9000 84 88 
9000 85 93 
9000 86 92 
9000 87 93 
9000 88 72 84 
9000 89 95 
9000 90 91 94 
9000 91 66 82 90 
9000 92 66 86 
9000 93 2 8 9 10 63 64 65 67 68 70 71 75 76 77 79 81 83 85 87 
9000 94 72 90 
9000 95 69 89 
9000 96 2 69 74 
9000 97 2 78 80 
9000 98 125 
9000 99 125 
9000 100 125 
9000 101 125 
9000 102 125 
9000 103 125 
9000 104 127 
9000 105 125 
9000 106 125 
9000 107 125 
9000 108 125 
9000 109 125 
9000 110 125 
9000 111 125 
9000 112 114 134 
9000 113 125 
9000 114 112 
9000 115 125 
9000 116 125 
9000 117 125 
9000 118 125 
9000 119 126 128 
9000 120 127 
9000 121 125 
9000 122 125 
9000 123 129 
9000 124 137 
9000 125 11 98 99 100 101 102 103 105 106 107 108 109 110 111 113 115 116 117 118 121 122 129 130 132 133 135 136 137 
9000 126 3 119 134 
9000 127 3 104 120 129 131 
9000 128 119 
9000 129 123 125 127 
9000 130 125 
9000 131 127 
9000 132 125 
9000 133 125 
9000 134 112 126 
9000 135 125 
9000 136 125 
9000 137 124 125 
9000 138 178 180 
9000 139 12 180 
9000 140 146 161 
9000 141 144 
9000 142 178 
9000 143 156 
9000 144 141 176 180 
9000 145 178 
9000 146 140 180 
9000 147 176 
9000 148 165 173 
9000 149 178 
9000 150 178 
9000 151 176 
9000 152 180 
9000 153 176 
9000 154 178 
9000 155 176 
9000 156 143 175 179 
9000 157 180 
9000 158 176 
9000 159 178 
9000 160 178 
9000 161 140 175 
9000 162 178 
9000 163 180 
9000 164 178 
9000 165 148 180 
9000 166 175 177 
9000 167 175 
9000 168 180 
9000 169 178 
9000 170 178 
9000 171 181 
9000 172 180 
9000 173 148 
9000 174 181 
9000 175 156 161 166 167 
9000 176 144 147 151 153 155 158 
9000 177 166 
9000 178 13 138 142 145 149 150 154 159 160 162 164 169 170 
9000 179 156 
9000 180 4 138 139 144 146 152 157 163 165 168 172 
9000 181 4 171 174 
9000 182 225 
9000 183 228 
9000 184 197 
9000 185 225 
9000 186 228 
9000 187 40 
9000 188 34 
9000 189 40 
9000 190 225 
9000 191 228 
9000 192 228 
9000 193 1 16 32 
9000 194 228 
9000 195 224 225 
9000 196 197 215 
9000 197 184 196 228 
9000 198 227 228 
9000 199 57 
9000 200 225 
9000 201 228 
9000 202 224 
9000 203 15 49 
9000 204 225 
9000 205 211 216 223 
9000 206 225 
9000 207 225 
9000 208 228 
9000 209 221 
9000 210 228 
9000 211 205 
9000 212 36 
9000 213 224 
9000 214 46 225 
9000 215 196 
9000 216 205 
9000 217 21 36 44 
9000 218 228 
9000 219 1 21 34 42 45 47 48 
9000 220 225 
9000 221 20 59 209 
9000 222 15 16 24 25 26 57 
9000 223 205 
9000 224 195 202 213 
9000 225 19 20 31 182 185 190 195 200 204 206 207 214 220 
9000 226 57 
9000 227 198 
9000 228 14 183 186 191 192 194 197 198 201 208 210 218 
9000 229 5 14 15 20 
9000 230 5 40 
9000 231 0 5 
9000 232 0 4 
9000 233 0 
9000 234 0 3 
9000 235 0 3 4 
9000 236 0 4 5 
9000 237 0 5 
9000 238 0 
9000 239 0 3 
9000 240 0 3 
9000 241 0 
9000 242 0 4 
9000 243 0 4 5 
9000 244 0 3 
9000 245 0 5 
9000 246 0 4 
9000 247 0 3 
9000 248 0 5 
9000 249 0 
9000 250 0 3 5 
9000 251 0 4 
9000 252 0 
9000 253 0 3 4 5 
9000 254 0 
9000 255 0 5 
9000 256 0 4 
9000 257 0 3 
9000 258 0 3 
9000 259 0 5 
9000 260 0 4 
10800 0 3 4 5 231 232 233 234 235 236 237 238 239 240 241 242 243 244 245 246 247 248 249 250 251 252 253 254 255 256 257 258 259 260 
10800 1 61 192 219 
10800 2 95 96 97 
10800 3 0 126 127 234 235 239 240 244 247 250 253 257 258 
10800 4 0 180 181 232 235 236 242 243 246 251 253 256 260 
10800 5 0 229 230 231 236 237 243 245 248 250 253 255 259 
10800 6 61 
10800 7 61 
10800 8 95 
10800 9 95 
10800 10 95 
10800 11 125 
10800 12 139 
10800 13 178 
10800 14 228 
10800 15 192 199 222 
10800 16 60 61 
10800 17 192 
10800 18 60 
10800 19 187 225 
10800 20 212 217 219 
10800 21 195 217 
10800 22 61 
10800 23 188 217 
10800 24 222 225 229 
10800 25 222 
10800 26 222 
10800 27 61 
10800 28 61 
10800 29 55 58 61 
10800 30 61 62 
10800 31 57 199 
10800 32 61 
10800 33 61 
10800 34 217 
10800 35 62 
10800 36 222 
10800 37 51 61 
10800 38 51 
10800 39 58 
10800 40 222 
10800 41 221 229 
10800 42 217 
10800 43 60 
10800 44 53 58 
10800 45 219 
10800 46 217 
10800 47 199 
10800 48 199 
10800 49 62 
10800 50 61 
10800 51 37 38 
10800 52 62 
10800 53 44 
10800 54 56 
10800 55 29 
10800 56 54 62 
10800 57 31 
10800 58 29 39 44 
10800 59 225 228 
10800 60 16 18 43 
10800 61 1 6 7 16 22 27 28 29 30 32 33 37 50 
10800 62 30 35 49 52 56 
10800 63 93 96 
10800 64 95 
10800 65 95 
10800 66 91 92 95 
10800 67 93 
10800 68 95 
10800 69 95 
10800 70 95 
10800 71 95 
10800 72 90 
10800 73 80 
10800 74 95 
10800 75 95 
10800 76 95 
10800 77 95 
10800 78 97 
10800 79 95 
10800 80 73 97 
10800 81 95 
10800 82 91 
10800 83 95 
10800 84 95 
10800 85 95 
10800 86 95 
10800 87 95 
10800 88 91 94 
10800 89 94 
10800 90 72 94 
10800 91 66 82 88 
10800 92 66 
10800 93 63 67 
10800 94 88 89 90 
10800 95 2 8 9 10 64 65 66 68 69 70 71 74 75 76 77 79 81 83 84 85 86 87 
10800 96 2 63 
10800 97 2 78 80 
10800 98 125 
10800 99 125 
10800 100 125 
10800 101 125 
10800 102 125 
10800 103 124 
10800 104 123 
10800 105 125 
10800 106 125 
10800 107 125 
10800 108 125 
10800 109 125 
10800 110 112 
10800 111 125 
10800 112 110 114 134 
10800 113 125 
10800 114 112 
10800 115 125 
10800 116 125 
10800 117 125 
10800 118 123 
10800 119 125 
10800 120 122 
10800 121 125 
10800 122 120 127 131 
10800 123 104 118 129 
10800 124 103 127 128 
10800 125 11 98 99 100 101 102 105 106 107 108 109 111 113 115 116 117 119 121 129 130 132 133 135 136 
10800 126 3 134 137 
10800 127 3 122 124 129 
10800 128 124 
10800 129 123 125 127 
10800 130 125 
10800 131 122 
10800 132 125 
10800 133 125 
10800 134 112 126 
10800 135 125 
10800 136 125 
10800 137 126 
10800 138 178 180 
10800 139 12 180 
10800 140 149 150 171 174 
10800 141 144 
10800 142 178 
10800 143 153 154 156 
10800 144 141 176 180 
10800 145 178 
10800 146 179 180 
10800 147 173 176 
10800 148 152 155 157 
10800 149 140 
10800 150 140 181 
10800 151 176 
10800 152 148 181 
10800 153 143 180 
10800 154 143 
10800 155 148 
10800 156 143 175 
10800 157 148 
10800 158 176 
10800 159 178 
10800 160 180 
10800 161 180 
10800 162 178 
10800 163 180 
10800 164 180 
10800 165 176 
10800 166 175 177 
10800 167 175 
10800 168 180 
10800 169 178 
10800 170 178 
10800 171 140 
10800 172 180 
10800 173 147 
10800 174 140 
10800 175 156 166 167 
10800 176 144 147 151 158 165 
10800 177 166 
10800 178 13 138 142 145 159 162 169 170 
10800 179 146 
10800 180 4 138 139 144 146 153 160 161 163 164 168 172 
10800 181 4 150 152 
10800 182 228 
10800 183 228 
10800 184 225 
10800 185 228 
10800 186 228 
10800 187 19 
10800 188 23 
10800 189 206 
10800 190 228 
10800 191 228 
10800 192 1 15 17 
10800 193 225 
10800 194 228 
10800 195 21 
10800 196 215 224 
10800 197 224 
10800 198 228 
10800 199 15 31 47 48 
10800 200 225 
10800 201 228 
10800 202 225 
10800 203 228 
10800 204 228 
10800 205 228 
10800 206 189 229 
10800 207 228 
10800 208 228 
10800 209 221 224 
10800 210 228 
10800 211 223 
10800 212 20 
10800 213 221 
10800 214 225 
10800 215 196 223 227 
10800 216 223 
10800 217 20 21 23 34 42 46 
10800 218 228 
10800 219 1 20 45 
10800 220 228 
10800 221 41 209 213 
10800 222 15 24 25 26 36 40 
10800 223 211 215 216 
10800 224 196 197 209 
10800 225 19 24 59 184 193 200 202 214 
10800 226 230 
10800 227 215 
10800 228 14 59 182 183 185 186 190 191 194 198 201 203 204 205 207 208 210 218 220 
10800 229 5 24 41 206 
10800 230 5 226 
10800 231 0 5 
10800 232 0 4 
10800 233 0 
10800 234 0 3 
10800 235 0 3 4 
10800 236 0 4 5 
10800 237 0 5 
10800 238 0 
10800 239 0 3 
10800 240 0 3 
10800 241 0 
10800 242 0 4 
10800 243 0 4 5 
10800 244 0 3 
10800 245 0 5 
10800 246 0 4 
10800 247 0 3 
10800 248 0 5 
10800 249 0 
10800 250 0 3 5 
10800 251 0 4 
10800 252 0 
10800 253 0 3 4 5 
10800 254 0 
10800 255 0 5 
10800 256 0 4 
10800 257 0 3 
10800 258 0 3 
10800 259 0 5 
10800 260 0 4 
12600 0 3 4 5 231 232 233 234 235 236 237 238 239 240 241 242 243 244 245 246 247 248 249 250 251 252 253 254 255 256 257 258 259 260 
12600 1 188 219 222 
12600 2 93 96 97 
12600 3 0 126 127 234 235 239 240 244 247 250 253 257 258 
12600 4 0 140 141 232 235 236 242 243 246 251 253 256 260 
12600 5 0 229 230 231 236 237 243 245 248 250 253 255 259 
12600 6 219 
12600 7 219 
12600 8 93 
12600 9 93 
12600 10 93 
12600 11 125 
12600 12 139 
12600 13 180 
12600 14 228 229 
12600 15 217 222 229 
12600 16 61 222 
12600 17 60 61 62 
12600 18 61 
12600 19 55 187 229 
12600 20 217 
12600 21 219 
12600 22 219 
12600 23 58 60 
12600 24 222 
12600 25 210 218 229 
12600 26 219 
12600 27 219 
12600 28 219 
12600 29 58 
12600 30 60 
12600 31 57 230 
12600 32 230 
12600 33 60 
12600 34 217 
12600 35 61 
12600 36 217 
12600 37 51 61 
12600 38 51 212 
12600 39 188 
12600 40 219 
12600 41 219 
12600 42 222 
12600 43 61 
12600 44 212 
12600 45 222 
12600 46 214 
12600 47 222 
12600 48 219 
12600 49 229 
12600 50 222 
12600 51 37 38 
12600 52 61 
12600 53 187 
12600 54 60 
12600 55 19 
12600 56 60 
12600 57 31 
12600 58 23 29 
12600 59 221 222 
12600 60 17 23 30 33 54 56 
12600 61 16 17 18 35 37 43 52 
12600 62 17 
12600 63 93 
12600 64 93 
12600 65 93 
12600 66 87 91 92 
12600 67 93 
12600 68 93 
12600 69 95 96 
12600 70 94 96 
12600 71 93 
12600 72 88 94 
12600 73 84 97 
12600 74 93 
12600 75 93 
12600 76 93 
12600 77 93 
12600 78 92 96 
12600 79 93 
12600 80 93 
12600 81 93 
12600 82 93 
12600 83 93 
12600 84 73 
12600 85 93 
12600 86 93 
12600 87 66 
12600 88 72 
12600 89 94 
12600 90 92 
12600 91 66 
12600 92 66 78 90 
12600 93 2 8 9 10 63 64 65 67 68 71 74 75 76 77 79 80 81 82 83 85 86 
12600 94 70 72 89 
12600 95 69 
12600 96 2 69 70 78 
12600 97 2 73 
12600 98 125 
12600 99 125 
12600 100 125 
12600 101 125 
12600 102 125 
12600 103 124 
12600 104 124 125 
12600 105 125 
12600 106 125 
12600 107 125 
12600 108 125 
12600 109 125 
12600 110 125 
12600 111 125 
12600 112 118 128 
12600 113 125 
12600 114 125 
12600 115 125 
12600 116 125 
12600 117 126 131 
12600 118 112 120 127 
12600 119 125 
12600 120 118 
12600 121 125 
12600 122 131 
12600 123 129 
12600 124 103 104 
12600 125 11 98 99 100 101 102 104 105 106 107 108 109 110 111 113 114 115 116 119 121 129 130 132 133 134 135 136 
12600 126 3 117 134 137 
12600 127 3 118 
12600 128 112 
12600 129 123 125 
12600 130 125 
12600 131 117 122 
12600 132 125 
12600 133 125 
12600 134 125 126 
12600 135 125 
12600 136 125 
12600 137 126 
12600 138 140 180 181 
12600 139 12 181 
12600 140 4 138 171 174 
12600 141 4 178 
12600 142 180 
12600 143 156 162 
12600 144 176 180 
12600 145 180 
12600 146 180 
12600 147 176 
12600 148 165 
12600 149 178 
12600 150 181 
12600 151 180 
12600 152 180 
12600 153 180 
12600 154 181 
12600 155 173 176 
12600 156 143 180 
12600 157 180 
12600 158 180 
12600 159 181 
12600 160 181 
12600 161 178 
12600 162 143 
12600 163 179 180 
12600 164 180 
12600 165 148 180 
12600 166 175 177 179 
12600 167 175 
12600 168 181 
12600 169 181 
12600 170 180 
12600 171 140 
12600 172 181 
12600 173 155 
12600 174 140 
12600 175 166 167 
12600 176 144 147 155 
12600 177 166 
12600 178 141 149 161 
12600 179 163 166 
12600 180 13 138 142 144 145 146 151 152 153 156 157 158 163 164 165 170 
12600 181 138 139 150 154 159 160 168 169 172 
12600 182 224 228 
12600 183 228 
12600 184 197 
12600 185 224 
12600 186 228 
12600 187 19 53 
12600 188 1 39 
12600 189 216 225 226 
12600 190 224 
12600 191 228 
12600 192 228 
12600 193 228 
12600 194 228 
12600 195 221 
12600 196 197 
12600 197 184 196 216 
12600 198 224 
12600 199 229 
12600 200 228 
12600 201 228 
12600 202 221 
12600 203 228 
12600 204 224 
12600 205 211 223 225 
12600 206 225 228 
12600 207 228 
12600 208 228 
12600 209 221 
12600 210 25 
12600 211 205 215 
12600 212 38 44 
12600 213 224 227 
12600 214 46 224 
12600 215 211 
12600 216 189 197 
12600 217 15 20 34 36 
12600 218 25 
12600 219 1 6 7 21 22 26 27 28 40 41 48 
12600 220 224 
12600 221 59 195 202 209 
12600 222 1 15 16 24 42 45 47 50 59 
12600 223 205 
12600 224 182 185 190 198 204 213 214 220 
12600 225 189 205 206 
12600 226 189 
12600 227 213 
12600 228 14 182 183 186 191 192 193 194 200 201 203 206 207 208 
12600 229 5 14 15 19 25 49 199 
12600 230 5 31 32 
12600 231 0 5 
12600 232 0 4 
12600 233 0 
12600 234 0 3 
12600 235 0 3 4 
12600 236 0 4 5 
12600 237 0 5 
12600 238 0 
12600 239 0 3 
12600 240 0 3 
12600 241 0 
12600 242 0 4 
12600 243 0 4 5 
12600 244 0 3 
12600 245 0 5 
12600 246 0 4 
12600 247 0 3 
12600 248 0 5 
12600 249 0 
12600 250 0 3 5 
12600 251 0 4 
12600 252 0 
12600 253 0 3 4 5 
12600 254 0 
12600 255 0 5 
12600 256 0 4 
12600 257 0 3 
12600 258 0 3 
12600 259 0 5 
12600 260 0 4 
14400 0 3 4 5 231 232 233 234 235 236 237 238 239 240 241 242 243 244 245 246 247 248 249 250 251 252 253 254 255 256 257 258 259 260 
14400 1 60 61 219 
14400 2 93 96 97 
14400 3 0 126 127 234 235 239 240 244 247 250 253 257 258 
14400 4 0 180 181 232 235 236 242 243 246 251 253 256 260 
14400 5 0 60 230 231 236 237 243 245 248 250 253 255 259 
14400 6 60 
14400 7 60 
14400 8 93 
14400 9 93 
14400 10 93 
14400 11 125 
14400 12 139 
14400 13 178 180 
14400 14 228 229 
14400 15 199 222 229 
14400 16 59 60 
14400 17 222 225 
14400 18 59 
14400 19 187 188 229 
14400 20 183 212 217 
14400 21 217 219 229 
14400 22 61 
14400 23 58 60 
14400 24 222 
14400 25 222 
14400 26 222 
14400 27 60 
14400 28 60 
14400 29 61 201 
14400 30 60 62 
14400 31 57 199 
14400 32 60 
14400 33 60 
14400 34 217 
14400 35 217 
14400 36 212 
14400 37 56 58 
14400 38 60 
14400 39 58 
14400 40 60 
14400 41 58 
14400 42 195 219 
14400 43 58 
14400 44 213 217 
14400 45 219 
14400 46 214 
14400 47 219 
14400 48 219 
14400 49 61 
14400 50 60 
14400 51 60 
14400 52 61 
14400 53 61 
14400 54 60 
14400 55 60 
14400 56 37 
14400 57 31 
14400 58 23 37 39 41 43 
14400 59 16 18 
14400 60 1 5 6 7 16 23 27 28 30 32 33 38 40 50 51 54 55 
14400 61 1 22 29 49 52 53 
14400 62 30 
14400 63 93 
14400 64 93 
14400 65 95 96 
14400 66 87 91 92 
14400 67 93 
14400 68 93 
14400 69 95 
14400 70 93 
14400 71 93 
14400 72 88 94 
14400 73 80 84 
14400 74 93 
14400 75 93 
14400 76 93 
14400 77 93 
14400 78 97 
14400 79 93 
14400 80 73 97 
14400 81 93 
14400 82 91 93 
14400 83 93 
14400 84 73 
14400 85 93 
14400 86 92 
14400 87 66 
14400 88 72 
14400 89 94 95 
14400 90 94 
14400 91 66 82 
14400 92 66 86 
14400 93 2 8 9 10 63 64 67 68 70 71 74 75 76 77 79 81 82 83 85 
14400 94 72 89 90 
14400 95 65 69 89 
14400 96 2 65 
14400 97 2 78 80 
14400 98 125 
14400 99 125 
14400 100 125 
14400 101 125 
14400 102 125 
14400 103 124 
14400 104 129 
14400 105 125 
14400 106 125 
14400 107 125 
14400 108 125 
14400 109 125 
14400 110 125 
14400 111 125 
14400 112 124 125 
14400 113 125 
14400 114 125 
14400 115 125 
14400 116 125 
14400 117 125 
14400 118 125 
14400 119 125 
14400 120 122 
14400 121 125 
14400 122 120 126 
14400 123 126 129 
14400 124 103 112 128 
14400 125 11 98 99 100 101 102 105 106 107 108 109 110 111 112 113 114 115 116 117 118 119 121 130 132 133 134 135 136 
14400 126 3 122 123 134 137 
14400 127 3 
14400 128 124 
14400 129 104 123 131 
14400 130 125 
14400 131 129 
14400 132 125 
14400 133 125 
14400 134 125 126 
14400 135 125 
14400 136 125 
14400 137 126 
14400 138 177 180 
14400 139 12 180 
14400 140 145 161 171 174 
14400 141 144 
14400 142 178 
14400 143 156 
14400 144 141 176 180 
14400 145 140 180 
14400 146 176 
14400 147 161 
14400 148 173 
14400 149 171 
14400 150 180 
14400 151 176 
14400 152 180 
14400 153 176 
14400 154 178 
14400 155 181 
14400 156 143 175 179 
14400 157 180 
14400 158 176 
14400 159 178 
14400 160 181 
14400 161 140 147 
14400 162 178 
14400 163 179 180 
14400 164 178 
14400 165 179 
14400 166 175 
14400 167 175 
14400 168 180 
14400 169 176 
14400 170 177 
14400 171 140 149 
14400 172 180 
14400 173 148 181 
14400 174 140 
14400 175 156 166 167 
14400 176 144 146 151 153 158 169 
14400 177 138 170 
14400 178 13 142 154 159 162 164 
14400 179 156 163 165 
14400 180 4 13 138 139 144 145 150 152 157 163 168 172 
14400 181 4 155 160 173 
14400 182 229 
14400 183 20 
14400 184 197 
14400 185 225 
14400 186 229 
14400 187 19 
14400 188 19 
14400 189 208 
14400 190 227 228 
14400 191 228 
14400 192 228 
14400 193 228 
14400 194 228 
14400 195 42 
14400 196 197 
14400 197 184 196 228 
14400 198 225 
14400 199 15 31 
14400 200 225 
14400 201 29 
14400 202 224 225 
14400 203 228 
14400 204 228 
14400 205 227 
14400 206 225 
14400 207 228 
14400 208 189 226 230 
14400 209 221 224 
14400 210 228 
14400 211 215 216 223 
14400 212 20 36 
14400 213 44 
14400 214 46 225 
14400 215 211 
14400 216 211 
14400 217 20 21 34 35 44 
14400 218 228 
14400 219 1 21 42 45 47 48 
14400 220 225 
14400 221 209 
14400 222 15 17 24 25 26 
14400 223 211 227 
14400 224 202 209 
14400 225 17 185 198 200 202 206 214 220 
14400 226 208 
14400 227 190 205 223 
14400 228 14 190 191 192 193 194 197 203 204 207 210 218 
14400 229 14 15 19 21 182 186 
14400 230 5 208 
14400 231 0 5 
14400 232 0 4 
14400 233 0 
14400 234 0 3 
14400 235 0 3 4 
14400 236 0 4 5 
14400 237 0 5 
14400 238 0 
14400 239 0 3 
14400 240 0 3 
14400 241 0 
14400 242 0 4 
14400 243 0 4 5 
14400 244 0 3 
14400 245 0 5 
14400 246 0 4 
14400 247 0 3 
14400 248 0 5 
14400 249 0 
14400 250 0 3 5 
14400 251 0 4 
14400 252 0 
14400 253 0 3 4 5 
14400 254 0 
14400 255 0 5 
14400 256 0 4 
14400 257 0 3 
14400 258 0 3 
14400 259 0 5 
14400 260 0 4 
16200 0 3 4 5 231 232 233 234 235 236 237 238 239 240 241 242 243 244 245 246 247 248 249 250 251 252 253 254 255 256 257 258 259 260 
16200 1 60 61 219 
16200 2 93 96 97 
16200 3 0 126 127 234 235 239 240 244 247 250 253 257 258 
16200 4 0 180 181 232 235 236 242 243 246 251 253 256 260 
16200 5 0 229 230 231 236 237 243 245 248 250 253 255 259 
16200 6 60 
16200 7 60 
16200 8 93 
16200 9 93 
16200 10 93 
16200 11 125 
16200 12 139 
16200 13 178 180 
16200 14 228 229 
16200 15 62 222 229 
16200 16 58 60 
16200 17 61 62 
16200 18 59 60 
16200 19 57 225 
16200 20 59 225 
16200 21 217 219 
16200 22 60 
16200 23 188 225 
16200 24 224 225 
16200 25 224 
16200 26 224 
16200 27 60 
16200 28 60 
16200 29 61 
16200 30 61 
16200 31 230 
16200 32 60 
16200 33 60 
16200 34 217 
16200 35 58 
16200 36 212 217 
16200 37 51 60 
16200 38 51 
16200 39 55 58 
16200 40 60 
16200 41 60 
16200 42 219 
16200 43 60 
16200 44 53 203 217 
16200 45 219 
16200 46 221 224 
16200 47 225 
16200 48 222 
16200 49 61 
16200 50 60 
16200 51 37 38 
16200 52 61 
16200 53 44 
16200 54 58 
16200 55 39 
16200 56 60 
16200 57 19 
16200 58 16 35 39 54 
16200 59 18 20 
16200 60 1 6 7 16 18 22 27 28 32 33 37 40 41 43 50 56 
16200 61 1 17 29 30 49 52 
16200 62 15 17 
16200 63 93 
16200 64 93 
16200 65 93 
16200 66 89 91 92 
16200 67 93 
16200 68 93 
16200 69 95 96 
16200 70 93 
16200 71 93 
16200 72 73 
16200 73 72 80 84 
16200 74 93 
16200 75 93 
16200 76 93 
16200 77 93 
16200 78 93 
16200 79 93 
16200 80 73 93 
16200 81 93 
16200 82 91 93 
16200 83 93 
16200 84 73 88 
16200 85 93 
16200 86 92 
16200 87 93 
16200 88 84 
16200 89 66 
16200 90 91 94 
16200 91 66 82 90 
16200 92 66 86 
16200 93 2 8 9 10 63 64 65 67 68 70 71 74 75 76 77 78 79 80 81 82 83 85 87 
16200 94 90 
16200 95 69 
16200 96 2 69 
16200 97 2 
16200 98 125 
16200 99 125 
16200 100 125 
16200 101 125 
16200 102 125 
16200 103 119 121 
16200 104 124 
16200 105 125 
16200 106 125 
16200 107 125 
16200 108 125 
16200 109 125 
16200 110 125 
16200 111 124 125 
16200 112 114 116 
16200 113 125 
16200 114 112 126 
16200 115 125 
16200 116 112 
16200 117 125 
16200 118 125 
16200 119 103 126 
16200 120 127 
16200 121 103 128 
16200 122 126 131 
16200 123 125 
16200 124 104 111 
16200 125 11 98 99 100 101 102 105 106 107 108 109 110 111 113 115 117 118 123 129 130 132 133 134 135 136 137 
16200 126 3 114 119 122 134 
16200 127 3 120 
16200 128 121 
16200 129 125 
16200 130 125 
16200 131 122 
16200 132 125 
16200 133 125 
16200 134 125 126 
16200 135 125 
16200 136 125 
16200 137 125 
16200 138 177 180 
16200 139 12 141 181 
16200 140 150 171 174 
16200 141 139 
16200 142 176 180 
16200 143 151 156 
16200 144 176 
16200 145 178 
16200 146 176 
16200 147 176 
16200 148 165 173 
16200 149 163 
16200 150 140 180 
16200 151 143 180 
16200 152 180 
16200 153 176 
16200 154 178 
16200 155 176 
16200 156 143 175 179 
16200 157 180 
16200 158 180 
16200 159 178 
16200 160 178 
16200 161 178 
16200 162 178 
16200 163 149 181 
16200 164 178 
16200 165 148 180 
16200 166 175 
16200 167 175 
16200 168 180 
16200 169 178 
16200 170 177 
16200 171 140 
16200 172 180 
16200 173 148 
16200 174 140 
16200 175 156 166 167 
16200 176 142 144 146 147 153 155 
16200 177 138 170 
16200 178 13 145 154 159 160 161 162 164 169 
16200 179 156 
16200 180 4 13 138 142 150 151 152 157 158 165 168 172 
16200 181 4 139 163 
16200 182 227 228 
16200 183 228 
16200 184 197 
16200 185 227 
16200 186 228 
16200 187 228 
16200 188 23 
16200 189 214 
16200 190 227 
16200 191 228 
16200 192 228 
16200 193 228 
16200 194 228 
16200 195 224 
16200 196 197 
16200 197 184 196 215 
16200 198 227 
16200 199 225 
16200 200 228 
16200 201 228 
16200 202 228 
16200 203 44 
16200 204 227 
16200 205 227 
16200 206 228 
16200 207 228 
16200 208 228 
16200 209 221 
16200 210 228 
16200 211 215 
16200 212 36 
16200 213 221 
16200 214 189 225 
16200 215 197 211 216 
16200 216 215 223 
16200 217 21 34 36 44 
16200 218 228 
16200 219 1 21 42 45 
16200 220 225 
16200 221 46 209 213 
16200 222 15 48 
16200 223 216 226 
16200 224 24 25 26 46 195 
16200 225 19 20 23 24 47 199 214 220 
16200 226 223 230 
16200 227 182 185 190 198 204 205 
16200 228 14 182 183 186 187 191 192 193 194 200 201 202 206 207 208 210 218 
16200 229 5 14 15 
16200 230 5 31 226 
16200 231 0 5 
16200 232 0 4 
16200 233 0 
16200 234 0 3 
16200 235 0 3 4 
16200 236 0 4 5 
16200 237 0 5 
16200 238 0 
16200 239 0 3 
16200 240 0 3 
16200 241 0 
16200 242 0 4 
16200 243 0 4 5 
16200 244 0 3 
16200 245 0 5 
16200 246 0 4 
16200 247 0 3 
16200 248 0 5 
16200 249 0 
16200 250 0 3 5 
16200 251 0 4 
16200 252 0 
16200 253 0 3 4 5 
16200 254 0 
16200 255 0 5 
16200 256 0 4 
16200 257 0 3 
16200 258 0 3 
16200 259 0 5 
16200 260 0 4 
18000 0 3 4 5 231 232 233 234 235 236 237 238 239 240 241 242 243 244 245 246 247 248 249 250 251 252 253 254 255 256 257 258 259 260 
18000 1 61 219 222 
18000 2 93 96 97 
18000 3 0 126 127 234 235 239 240 244 247 250 253 257 258 
18000 4 0 180 181 232 235 236 242 243 246 251 253 256 260 
18000 5 0 229 230 231 236 237 243 245 248 250 253 255 259 
18000 6 61 
18000 7 61 
18000 8 93 
18000 9 93 
18000 10 93 
18000 11 125 
18000 12 139 
18000 13 178 180 
18000 14 228 
18000 15 188 222 229 
18000 16 60 61 
18000 17 61 62 
18000 18 60 
18000 19 224 225 
18000 20 212 217 219 
18000 21 222 225 
18000 22 60 
18000 23 58 60 
18000 24 222 
18000 25 221 
18000 26 229 
18000 27 61 
18000 28 61 
18000 29 58 59 
18000 30 61 
18000 31 230 
18000 32 61 
18000 33 61 
18000 34 222 
18000 35 58 
18000 36 212 
18000 37 51 188 221 
18000 38 51 
18000 39 55 58 
18000 40 61 
18000 41 187 229 
18000 42 222 
18000 43 61 
18000 44 59 
18000 45 219 
18000 46 216 
18000 47 228 229 
18000 48 225 
18000 49 222 
18000 50 61 
18000 51 37 38 
18000 52 62 199 
18000 53 58 
18000 54 58 
18000 55 39 
18000 56 60 
18000 57 222 
18000 58 23 29 35 39 53 54 
18000 59 29 44 
18000 60 16 18 22 23 56 
18000 61 1 6 7 16 17 27 28 30 32 33 40 43 50 
18000 62 17 52 
18000 63 93 
18000 64 91 93 
18000 65 93 
18000 66 74 91 92 
18000 67 95 96 
18000 68 93 
18000 69 94 96 
18000 70 93 
18000 71 93 
18000 72 88 94 
18000 73 80 84 
18000 74 66 
18000 75 93 
18000 76 93 
18000 77 93 
18000 78 97 
18000 79 93 
18000 80 73 97 
18000 81 93 
18000 82 91 
18000 83 93 
18000 84 73 
18000 85 93 
18000 86 92 
18000 87 93 
18000 88 72 
18000 89 95 
18000 90 91 
18000 91 64 66 82 90 
18000 92 66 86 
18000 93 2 8 9 10 63 64 65 68 70 71 75 76 77 79 81 83 85 87 
18000 94 69 72 
18000 95 67 89 
18000 96 2 67 69 
18000 97 2 78 80 
18000 98 125 
18000 99 125 
18000 100 125 
18000 101 125 
18000 102 125 
18000 103 126 
18000 104 123 
18000 105 125 
18000 106 125 
18000 107 125 
18000 108 125 
18000 109 125 
18000 110 125 
18000 111 125 
18000 112 114 129 
18000 113 125 
18000 114 112 
18000 115 125 
18000 116 125 
18000 117 125 
18000 118 125 
18000 119 125 
18000 120 122 
18000 121 125 
18000 122 120 127 131 
18000 123 104 126 
18000 124 126 128 
18000 125 11 98 99 100 101 102 105 106 107 108 109 110 111 113 115 116 117 118 119 121 130 132 133 134 135 136 
18000 126 3 103 123 124 129 134 137 
18000 127 3 122 
18000 128 124 
18000 129 112 126 
18000 130 125 
18000 131 122 
18000 132 125 
18000 133 125 
18000 134 125 126 
18000 135 125 
18000 136 125 
18000 137 126 
18000 138 177 180 
18000 139 12 180 
18000 140 146 171 174 
18000 141 142 
18000 142 141 180 
18000 143 156 
18000 144 180 
18000 145 178 
18000 146 140 180 
18000 147 180 
18000 148 165 173 
18000 149 153 
18000 150 180 
18000 151 177 
18000 152 180 
18000 153 149 181 
18000 154 178 
18000 155 180 
18000 156 143 175 179 
18000 157 180 
18000 158 177 
18000 159 178 
18000 160 180 
18000 161 178 
18000 162 178 
18000 163 180 
18000 164 178 
18000 165 148 181 
18000 166 167 175 
18000 167 166 
18000 168 180 
18000 169 178 
18000 170 177 
18000 171 140 
18000 172 180 
18000 173 148 
18000 174 140 
18000 175 156 166 
18000 176 180 
18000 177 138 151 158 170 
18000 178 13 145 154 159 161 162 164 169 
18000 179 156 
18000 180 4 13 138 139 142 144 146 147 150 152 155 157 160 163 168 172 176 
18000 181 4 153 165 
18000 182 225 
18000 183 228 
18000 184 213 
18000 185 225 
18000 186 228 
18000 187 41 
18000 188 15 37 
18000 189 206 
18000 190 226 228 
18000 191 228 
18000 192 228 
18000 193 228 
18000 194 228 
18000 195 228 
18000 196 204 215 
18000 197 221 
18000 198 225 
18000 199 52 
18000 200 228 
18000 201 228 
18000 202 224 
18000 203 227 228 
18000 204 196 225 
18000 205 211 223 227 
18000 206 189 228 
18000 207 228 
18000 208 228 
18000 209 221 
18000 210 228 
18000 211 205 
18000 212 20 36 
18000 213 184 224 
18000 214 224 
18000 215 196 
18000 216 46 227 
18000 217 20 
18000 218 228 
18000 219 1 20 45 
18000 220 225 
18000 221 25 37 197 209 
18000 222 1 15 21 24 34 42 49 57 
18000 223 205 
18000 224 19 202 213 214 
18000 225 19 21 48 182 185 198 204 220 
18000 226 190 
18000 227 203 205 216 
18000 228 14 47 183 186 190 191 192 193 194 195 200 201 203 206 207 208 210 218 
18000 229 5 15 26 41 47 
18000 230 5 31 
18000 231 0 5 
18000 232 0 4 
18000 233 0 
18000 234 0 3 
18000 235 0 3 4 
18000 236 0 4 5 
18000 237 0 5 
18000 238 0 
18000 239 0 3 
18000 240 0 3 
18000 241 0 
18000 242 0 4 
18000 243 0 4 5 
18000 244 0 3 
18000 245 0 5 
18000 246 0 4 
18000 247 0 3 
18000 248 0 5 
18000 249 0 
18000 250 0 3 5 
18000 251 0 4 
18000 252 0 
18000 253 0 3 4 5 
18000 254 0 
18000 255 0 5 
18000 256 0 4 
18000 257 0 3 
18000 258 0 3 
18000 259 0 5 
18000 260 0 4 
