0 4200 0 10000 0 10000
0 0 1526 5848
0 1 1914 5400
0 2 1480 3802
0 3 2744 5229
0 4 1439 5889
0 5 2438 4038
0 6 1914 5400
0 7 1914 5400
0 8 1914 5400
0 9 1480 3802
0 10 1480 3802
0 11 2744 5229
0 12 2744 5229
0 13 2744 5229
0 14 1439 5889
0 15 1439 5889
0 16 2438 4038
0 17 1810 5329
0 18 1964 5537
0 19 1805 5512
0 20 2055 5307
0 21 1950 5416
0 22 1855 5344
0 23 1808 5398
0 24 1878 5343
0 25 2056 5510
0 26 1960 5379
0 27 1969 5447
0 28 1767 5448
0 29 1787 5594
0 30 2155 5427
0 31 1884 5632
0 32 1834 5616
0 33 2084 5489
0 34 1946 5564
0 35 1688 5435
0 36 2127 5316
0 37 1526 3843
0 38 1465 3741
0 39 1575 3612
0 40 1503 4048
0 41 1481 4055
0 42 1550 4036
0 43 1364 4019
0 44 1320 3818
0 45 1638 3693
0 46 1367 3808
0 47 1647 3614
0 48 1583 3867
0 49 1355 3960
0 50 1294 3848
0 51 1381 3768
0 52 1647 4018
0 53 1275 3952
0 54 1617 3636
0 55 1266 3670
0 56 1436 3935
0 57 1515 3723
0 58 1455 3728
0 59 2619 5221
0 60 2865 5257
0 61 2659 5270
0 62 2631 5270
0 63 2828 5200
0 64 2684 5306
0 65 2781 5240
0 66 2767 5130
0 67 2663 5285
0 68 2862 5199
0 69 2706 5324
0 70 2776 5113
0 71 2649 5232
0 72 2695 5246
0 73 2706 5305
0 74 2763 5330
0 75 2785 5317
0 76 2693 5248
0 77 1574 5982
0 78 1330 5855
0 79 1320 5852
0 80 1469 6006
0 81 1323 6013
0 82 1373 5960
0 83 1386 6024
0 84 1598 5858
0 85 1503 5773
0 86 1478 5783
0 87 1469 5786
0 88 1535 5968
0 89 1356 5831
0 90 1461 6042
0 91 1363 5800
0 92 1509 5812
0 93 1368 6018
0 94 1420 5741
0 95 1415 5853
0 96 1441 6004
0 97 1492 6032
0 98 2513 3954
0 99 2524 4160
0 100 2382 3980
0 101 2449 3851
0 102 2447 3862
0 103 2445 3977
0 104 2627 4018
0 105 2430 4076
0 106 2230 3963
0 107 2642 4124
0 108 2380 3848
0 109 2465 3861
0 110 2245 4109
0 111 2474 4025
0 112 2461 4202
0 113 2310 3957
0 114 2615 4183
0 115 2540 4051
300 0 1526 5848
300 1 1914 5400
300 2 1480 3802
300 3 2744 5229
300 4 1439 5889
300 5 2438 4038
300 6 1914 5400
300 7 1914 5400
300 8 1914 5400
300 9 1480 3802
300 10 1480 3802
300 11 2744 5229
300 12 2744 5229
300 13 2744 5229
300 14 1439 5889
300 15 1439 5889
300 16 2438 4038
300 17 1859 5608
300 18 1722 5487
300 19 2078 5521
300 20 2056 5261
300 21 1864 5464
300 22 1816 5578
300 23 1971 5427
300 24 2052 5201
300 25 1974 5316
300 26 1936 5459
300 27 2019 5466
300 28 1755 5288
300 29 2046 5559
300 30 1997 5452
300 31 2060 5563
300 32 1700 5336
300 33 1820 5448
300 34 2035 5585
300 35 1927 5536
300 36 1907 5275
300 37 1454 3587
300 38 1422 3994
300 39 1457 3956
300 40 1541 3630
300 41 1423 3738
300 42 1482 3845
300 43 1619 3782
300 44 1451 3690
300 45 1633 3825
300 46 1663 3635
300 47 1512 4042
300 48 1321 3835
300 49 1454 4050
300 50 1389 3760
300 51 1539 3956
300 52 1425 3980
300 53 1510 3708
300 54 1358 3870
300 55 1418 3701
300 56 1692 3766
300 57 1224 3699
300 58 1354 3710
300 59 2861 5229
300 60 2727 5140
300 61 2791 5207
300 62 2803 5132
300 63 2663 5318
300 64 2638 5224
300 65 2714 5149
300 66 2793 5210
300 67 2848 5168
300 68 2673 5206
300 69 2850 5179
300 70 2706 5294
300 71 2700 5163
300 72 2845 5210
300 73 2679 5220
300 74 2695 5321
300 75 2714 5236
300 76 2693 5191
300 77 1510 6019
300 78 1360 5960
300 79 1402 5885
300 80 1507 5916
300 81 1552 5902
300 82 1482 6031
300 83 1389 5768
300 84 1574 5949
300 85 1326 5769
300 86 1565 5892
300 87 1331 5779
300 88 1456 5984
300 89 1536 5931
300 90 1338 5954
300 91 1552 5793
300 92 1295 5971
300 93 1408 5883
300 94 1434 5896
300 95 1513 5793
300 96 1409 5770
300 97 1418 5879
300 98 2629 4045
300 99 2357 3965
300 100 2383 3910
300 101 2596 4162
300 102 2340 4034
300 103 2600 4032
300 104 2459 3837
300 105 2476 4173
300 106 2492 4188
300 107 2362 3955
300 108 2619 4146
300 109 2270 4080
300 110 2305 3897
300 111 2490 3897
300 112 2585 3859
300 113 2451 4037
300 114 2614 4132
300 115 2563 3920
600 0 1526 5848
600 1 1914 5400
600 2 1480 3802
600 3 2744 5229
600 4 1439 5889
600 5 2438 4038
600 6 1914 5400
600 7 1914 5400
600 8 1914 5400
600 9 1480 3802
600 10 1480 3802
600 11 2744 5229
600 12 2744 5229
600 13 2744 5229
600 14 1439 5889
600 15 1439 5889
600 16 2438 4038
600 17 2136 5329
600 18 1988 5230
600 19 1682 5405
600 20 1887 5400
600 21 2062 5450
600 22 1901 5607
600 23 1977 5310
600 24 1811 5431
600 25 1777 5280
600 26 2081 5458
600 27 2108 5422
600 28 1819 5479
600 29 1934 5469
600 30 1848 5261
600 31 2059 5445
600 32 1817 5284
600 33 2034 5332
600 34 1978 5340
600 35 1673 5378
600 36 1784 5301
600 37 1232 3872
600 38 1471 3670
600 39 1643 3585
600 40 1609 3652
600 41 1679 3615
600 42 1439 3657
600 43 1548 3871
600 44 1418 4037
600 45 1636 3757
600 46 1474 3896
600 47 1572 3579
600 48 1690 3914
600 49 1404 3986
600 50 1349 3917
600 51 1228 3764
600 52 1275 3975
600 53 1315 3873
600 54 1317 3614
600 55 1317 3754
600 56 1554 4067
600 57 1556 3988
600 58 1519 3811
600 59 2794 5272
600 60 2833 5238
600 61 2778 5254
600 62 2715 5293
600 63 2648 5224
600 64 2835 5303
600 65 2818 5315
600 66 2794 5242
600 67 2787 5246
600 68 2739 5215
600 69 2859 5256
600 70 2714 5331
600 71 2771 5207
600 72 2759 5149
600 73 2783 5343
600 74 2725 5220
600 75 2744 5347
600 76 2717 5189
600 77 1573 5929
600 78 1365 5953
600 79 1474 6029
600 80 1555 6003
600 81 1537 5839
600 82 1541 5812
600 83 1540 6029
600 84 1347 5761
600 85 1329 5948
600 86 1430 5834
600 87 1451 5891
600 88 1356 5920
600 89 1369 6012
600 90 1455 5815
600 91 1389 5755
600 92 1448 6025
600 93 1321 5912
600 94 1270 5894
600 95 1288 5891
600 96 1278 5853
600 97 1516 5870
600 98 2457 4162
600 99 2636 4011
600 100 2272 4040
600 101 2515 3924
600 102 2396 3843
600 103 2353 3946
600 104 2521 4071
600 105 2607 4026
600 106 2567 3992
600 107 2391 4010
600 108 2607 3889
600 109 2429 4198
600 110 2392 3992
600 111 2434 4184
600 112 2561 3961
600 113 2534 3934
600 114 2306 4112
600 115 2348 4175
900 0 1526 5848
900 1 1914 5400
900 2 1480 3802
900 3 2744 5229
900 4 1439 5889
900 5 2438 4038
900 6 1914 5400
900 7 1914 5400
900 8 1914 5400
900 9 1480 3802
900 10 1480 3802
900 11 2744 5229
900 12 2744 5229
900 13 2744 5229
900 14 1439 5889
900 15 1439 5889
900 16 2438 4038
900 17 1978 5610
900 18 1920 5504
900 19 2043 5367
900 20 1938 5538
900 21 2110 5490
900 22 1896 5219
900 23 1801 5464
900 24 1788 5263
900 25 1902 5197
900 26 1875 5294
900 27 1822 5603
900 28 1829 5596
900 29 1796 5507
900 30 1865 5634
900 31 2032 5238
900 32 1993 5261
900 33 1857 5199
900 34 2136 5353
900 35 2129 5324
900 36 1795 5309
900 37 1307 3933
900 38 1470 3963
900 39 1331 3987
900 40 1430 3886
900 41 1706 3656
900 42 1557 3966
900 43 1572 3822
900 44 1437 4067
900 45 1343 3648
900 46 1320 3928
900 47 1238 3874
900 48 1706 3774
900 49 1409 4062
900 50 1539 3982
900 51 1654 3863
900 52 1520 3679
900 53 1540 3707
900 54 1397 3993
900 55 1517 3547
900 56 1422 3806
900 57 1314 3777
900 58 1598 3636
900 59 2848 5176
900 60 2723 5104
900 61 2625 5194
900 62 2709 5170
900 63 2745 5151
900 64 2732 5216
900 65 2676 5226
900 66 2702 5345
900 67 2827 5204
900 68 2832 5295
900 69 2805 5209
900 70 2767 5308
900 71 2647 5222
900 72 2708 5205
900 73 2744 5173
900 74 2652 5172
900 75 2859 5217
900 76 2743 5138
900 77 1525 5949
900 78 1441 5766
900 79 1459 5848
900 80 1429 5965
900 81 1317 5995
900 82 1319 5890
900 83 1388 6051
900 84 1527 5800
900 85 1428 5733
900 86 1555 5919
900 87 1346 6032
900 88 1442 6020
900 89 1549 5883
900 90 1430 5785
900 91 1551 5836
900 92 1438 6040
900 93 1533 5785
900 94 1384 5835
900 95 1362 5854
900 96 1323 5817
900 97 1526 5991
900 98 2394 3908
900 99 2606 3972
900 100 2350 4151
900 101 2443 4153
900 102 2532 4211
900 103 2410 3850
900 104 2567 3862
900 105 2457 4100
900 106 2501 3984
900 107 2303 3938
900 108 2499 4241
900 109 2642 4098
900 110 2566 4108
900 111 2344 4083
900 112 2212 4091
900 113 2557 4064
900 114 2375 3957
900 115 2585 4170
1200 0 1526 5848
1200 1 1914 5400
1200 2 1480 3802
1200 3 2744 5229
1200 4 1439 5889
1200 5 2438 4038
1200 6 1914 5400
1200 7 1914 5400
1200 8 1914 5400
1200 9 1480 3802
1200 10 1480 3802
1200 11 2744 5229
1200 12 2744 5229
1200 13 2744 5229
1200 14 1439 5889
1200 15 1439 5889
1200 16 2438 4038
1200 17 1736 5481
1200 18 1979 5517
1200 19 1855 5403
1200 20 1837 5432
1200 21 1883 5215
1200 22 1949 5415
1200 23 1947 5191
1200 24 1940 5484
1200 25 1789 5210
1200 26 1886 5239
1200 27 2127 5356
1200 28 1822 5369
1200 29 1905 5504
1200 30 2047 5378
1200 31 2108 5473
1200 32 2043 5568
1200 33 2026 5447
1200 34 1814 5275
1200 35 2002 5293
1200 36 1796 5229
1200 37 1346 3947
1200 38 1352 4043
1200 39 1610 3915
1200 40 1294 3625
1200 41 1493 3689
1200 42 1634 3882
1200 43 1449 4031
1200 44 1363 3578
1200 45 1598 3817
1200 46 1576 3932
1200 47 1334 3980
1200 48 1340 3857
1200 49 1296 3862
1200 50 1539 3863
1200 51 1616 3631
1200 52 1314 3849
1200 53 1699 3874
1200 54 1235 3852
1200 55 1625 3866
1200 56 1506 3559
1200 57 1234 3854
1200 58 1306 3958
1200 59 2852 5192
1200 60 2653 5243
1200 61 2733 5292
1200 62 2720 5280
1200 63 2751 5182
1200 64 2800 5260
1200 65 2717 5152
1200 66 2762 5178
1200 67 2838 5163
1200 68 2684 5170
1200 69 2790 5130
1200 70 2678 5140
1200 71 2816 5206
1200 72 2797 5141
1200 73 2760 5146
1200 74 2764 5149
1200 75 2735 5125
1200 76 2687 5295
1200 77 1543 5828
1200 78 1391 5984
1200 79 1478 5880
1200 80 1384 6001
1200 81 1312 5999
1200 82 1397 5830
1200 83 1300 5823
1200 84 1470 6027
1200 85 1365 5806
1200 86 1397 6008
1200 87 1369 5838
1200 88 1492 6046
1200 89 1410 5988
1200 90 1541 5899
1200 91 1487 5972
1200 92 1550 5906
1200 93 1395 5749
1200 94 1423 5813
1200 95 1435 6012
1200 96 1475 5740
1200 97 1505 5989
1200 98 2467 4192
1200 99 2433 4023
1200 100 2334 3906
1200 101 2609 4129
1200 102 2363 4200
1200 103 2536 3934
1200 104 2471 4094
1200 105 2588 3941
1200 106 2405 4000
1200 107 2543 4024
1200 108 2569 3945
1200 109 2508 4065
1200 110 2275 3916
1200 111 2594 4066
1200 112 2581 4045
1200 113 2273 4097
1200 114 2454 4231
1200 115 2420 3997
1500 0 1526 5848
1500 1 1914 5400
1500 2 1480 3802
1500 3 2744 5229
1500 4 1439 5889
1500 5 2438 4038
1500 6 1914 5400
1500 7 1914 5400
1500 8 1914 5400
1500 9 1480 3802
1500 10 1480 3802
1500 11 2744 5229
1500 12 2744 5229
1500 13 2744 5229
1500 14 1439 5889
1500 15 1439 5889
1500 16 2438 4038
1500 17 2036 5196
1500 18 1841 5517
1500 19 2079 5350
1500 20 1744 5470
1500 21 1973 5462
1500 22 2009 5319
1500 23 1838 5584
1500 24 2094 5504
1500 25 1824 5442
1500 26 1903 5641
1500 27 1795 5598
1500 28 1793 5573
1500 29 2089 5566
1500 30 2076 5446
1500 31 1842 5313
1500 32 1758 5212
1500 33 1675 5440
1500 34 1931 5505
1500 35 1819 5301
1500 36 1993 5254
1500 37 1301 3974
1500 38 1268 3781
1500 39 1264 3777
1500 40 1277 3755
1500 41 1640 4018
1500 42 1719 3666
1500 43 1493 3804
1500 44 1537 3580
1500 45 1334 3908
1500 46 1519 3807
1500 47 1373 3988
1500 48 1283 3862
1500 49 1220 3861
1500 50 1607 3884
1500 51 1428 3733
1500 52 1599 4026
1500 53 1627 3998
1500 54 1747 3839
1500 55 1471 3583
1500 56 1619 3860
1500 57 1344 3882
1500 58 1662 3896
1500 59 2697 5309
1500 60 2675 5314
1500 61 2744 5329
1500 62 2686 5146
1500 63 2686 5224
1500 64 2741 5117
1500 65 2769 5316
1500 66 2769 5107
1500 67 2695 5266
1500 68 2848 5197
1500 69 2735 5134
1500 70 2766 5309
1500 71 2786 5249
1500 72 2790 5322
1500 73 2692 5210
1500 74 2823 5252
1500 75 2773 5255
1500 76 2809 5254
1500 77 1362 5895
1500 78 1397 5844
1500 79 1406 5780
1500 80 1506 6034
1500 81 1412 5895
1500 82 1398 6054
1500 83 1362 5873
1500 84 1519 5785
1500 85 1538 5797
1500 86 1485 5831
1500 87 1464 5944
1500 88 1336 6011
1500 89 1496 5801
1500 90 1301 5801
1500 91 1388 5940
1500 92 1433 5946
1500 93 1561 5870
1500 94 1410 5882
1500 95 1557 5886
1500 96 1562 5800
1500 97 1312 5863
1500 98 2529 3915
1500 99 2326 3940
1500 100 2361 4069
1500 101 2547 3920
1500 102 2447 4008
1500 103 2561 4038
1500 104 2664 4027
1500 105 2460 3990
1500 106 2410 4207
1500 107 2540 4116
1500 108 2263 3927
1500 109 2455 3924
1500 110 2480 4191
1500 111 2388 4076
1500 112 2288 3889
1500 113 2413 4153
1500 114 2384 4041
1500 115 2660 4052
1800 0 1526 5848
1800 1 1914 5400
1800 2 1480 3802
1800 3 2744 5229
1800 4 1439 5889
1800 5 2438 4038
1800 6 1914 5400
1800 7 1914 5400
1800 8 1914 5400
1800 9 1480 3802
1800 10 1480 3802
1800 11 2744 5229
1800 12 2744 5229
1800 13 2744 5229
1800 14 1439 5889
1800 15 1439 5889
1800 16 2438 4038
1800 17 2029 5211
1800 18 1931 5180
1800 19 1797 5327
1800 20 1766 5561
1800 21 2016 5600
1800 22 1878 5611
1800 23 1895 5168
1800 24 1680 5384
1800 25 1853 5332
1800 26 1890 5321
1800 27 1966 5601
1800 28 2036 5304
1800 29 1984 5263
1800 30 1951 5270
1800 31 1992 5614
1800 32 1995 5503
1800 33 2030 5207
1800 34 1792 5480
1800 35 1743 5269
1800 36 1682 5326
1800 37 1587 3938
1800 38 1461 3969
1800 39 1693 3665
1800 40 1720 3871
1800 41 1650 3808
1800 42 1362 3562
1800 43 1406 3852
1800 44 1360 3640
1800 45 1415 3612
1800 46 1504 3759
1800 47 1499 3786
1800 48 1686 3979
1800 49 1640 3957
1800 50 1362 3788
1800 51 1411 3575
1800 52 1219 3771
1800 53 1443 3775
1800 54 1699 3751
1800 55 1422 3803
1800 56 1248 3899
1800 57 1429 3603
1800 58 1536 3950
1800 59 2830 5161
1800 60 2734 5294
1800 61 2686 5300
1800 62 2791 5288
1800 63 2813 5275
1800 64 2812 5202
1800 65 2692 5228
1800 66 2707 5153
1800 67 2671 5328
1800 68 2742 5356
1800 69 2757 5327
1800 70 2719 5207
1800 71 2773 5156
1800 72 2647 5177
1800 73 2837 5172
1800 74 2741 5345
1800 75 2711 5315
1800 76 2683 5268
1800 77 1601 5876
1800 78 1468 5756
1800 79 1420 6026
1800 80 1507 5981
1800 81 1386 5859
1800 82 1382 5831
1800 83 1393 5899
1800 84 1378 5839
1800 85 1352 5870
1800 86 1333 5813
1800 87 1432 5785
1800 88 1442 6039
1800 89 1496 5953
1800 90 1344 6022
1800 91 1500 5781
1800 92 1503 5925
1800 93 1472 5844
1800 94 1604 5918
1800 95 1345 5854
1800 96 1415 5938
1800 97 1341 5966
1800 98 2627 4031
1800 99 2249 4060
1800 100 2301 4179
1800 101 2297 3958
1800 102 2614 3998
1800 103 2302 3885
1800 104 2400 4260
1800 105 2527 3941
1800 106 2499 3988
1800 107 2408 3815
1800 108 2505 4065
1800 109 2593 4055
1800 110 2343 3873
1800 111 2507 4197
1800 112 2531 4049
1800 113 2378 4223
1800 114 2432 4024
1800 115 2332 4182
2100 0 1526 5848
2100 1 1914 5400
2100 2 1480 3802
2100 3 2744 5229
2100 4 1439 5889
2100 5 2438 4038
2100 6 1914 5400
2100 7 1914 5400
2100 8 1914 5400
2100 9 1480 3802
2100 10 1480 3802
2100 11 2744 5229
2100 12 2744 5229
2100 13 2744 5229
2100 14 1439 5889
2100 15 1439 5889
2100 16 2438 4038
2100 17 1814 5452
2100 18 1933 5504
2100 19 1912 5632
2100 20 1752 5409
2100 21 1962 5497
2100 22 1898 5211
2100 23 1715 5262
2100 24 2079 5571
2100 25 2015 5491
2100 26 2003 5575
2100 27 1907 5353
2100 28 2089 5370
2100 29 2018 5505
2100 30 2155 5405
2100 31 1974 5315
2100 32 2066 5460
2100 33 1845 5213
2100 34 1942 5500
2100 35 1970 5178
2100 36 1971 5472
2100 37 1455 3652
2100 38 1391 3864
2100 39 1726 3871
2100 40 1526 3966
2100 41 1409 4045
2100 42 1597 3951
2100 43 1388 3645
2100 44 1676 3619
2100 45 1637 3631
2100 46 1274 3888
2100 47 1443 3570
2100 48 1646 3639
2100 49 1430 3639
2100 50 1516 3831
2100 51 1450 3728
2100 52 1509 3825
2100 53 1481 3965
2100 54 1403 3598
2100 55 1503 3668
2100 56 1615 3673
2100 57 1441 3800
2100 58 1615 3661
2100 59 2787 5286
2100 60 2800 5206
2100 61 2680 5294
2100 62 2679 5265
2100 63 2865 5191
2100 64 2691 5314
2100 65 2770 5301
2100 66 2849 5190
2100 67 2810 5270
2100 68 2660 5155
2100 69 2690 5150
2100 70 2738 5104
2100 71 2819 5278
2100 72 2645 5306
2100 73 2802 5282
2100 74 2821 5162
2100 75 2742 5274
2100 76 2733 5244
2100 77 1506 5728
2100 78 1521 5918
2100 79 1450 6004
2100 80 1352 5949
2100 81 1411 5828
2100 82 1502 5849
2100 83 1526 5929
2100 84 1447 5938
2100 85 1366 6037
2100 86 1373 5843
2100 87 1440 5833
2100 88 1511 5991
2100 89 1500 5750
2100 90 1307 5776
2100 91 1562 5965
2100 92 1475 6012
2100 93 1526 5988
2100 94 1305 5978
2100 95 1307 5998
2100 96 1540 5845
2100 97 1340 5930
2100 98 2563 3973
2100 99 2403 4229
2100 100 2356 4141
2100 101 2225 3941
2100 102 2364 4096
2100 103 2338 3926
2100 104 2300 3903
2100 105 2298 4011
2100 106 2339 3869
2100 107 2312 4192
2100 108 2415 3834
2100 109 2256 4156
2100 110 2613 3986
2100 111 2412 4115
2100 112 2402 3838
2100 113 2403 4227
2100 114 2411 4189
2100 115 2601 4025
2400 0 1526 5848
2400 1 1914 5400
2400 2 1480 3802
2400 3 2744 5229
2400 4 1439 5889
2400 5 2438 4038
2400 6 1914 5400
2400 7 1914 5400
2400 8 1914 5400
2400 9 1480 3802
2400 10 1480 3802
2400 11 2744 5229
2400 12 2744 5229
2400 13 2744 5229
2400 14 1439 5889
2400 15 1439 5889
2400 16 2438 4038
2400 17 1929 5279
2400 18 1755 5456
2400 19 1909 5588
2400 20 1932 5383
2400 21 1872 5289
2400 22 1875 5513
2400 23 1932 5538
2400 24 1972 5193
2400 25 1920 5172
2400 26 1747 5320
2400 27 1972 5400
2400 28 1732 5275
2400 29 1940 5360
2400 30 2024 5513
2400 31 2049 5199
2400 32 2084 5282
2400 33 1801 5504
2400 34 1827 5339
2400 35 1785 5299
2400 36 1938 5208
2400 37 1559 3996
2400 38 1234 3690
2400 39 1669 3746
2400 40 1476 3911
2400 41 1682 3810
2400 42 1443 3848
2400 43 1615 3695
2400 44 1652 3758
2400 45 1417 3551
2400 46 1383 3649
2400 47 1620 3765
2400 48 1586 3769
2400 49 1332 3864
2400 50 1522 3792
2400 51 1613 3799
2400 52 1314 3679
2400 53 1303 3768
2400 54 1697 3638
2400 55 1719 3809
2400 56 1356 3796
2400 57 1362 3944
2400 58 1649 3766
2400 59 2632 5206
2400 60 2759 5246
2400 61 2645 5211
2400 62 2769 5114
2400 63 2857 5172
2400 64 2718 5183
2400 65 2715 5198
2400 66 2739 5354
2400 67 2744 5276
2400 68 2745 5214
2400 69 2735 5187
2400 70 2710 5335
2400 71 2668 5151
2400 72 2828 5265
2400 73 2696 5283
2400 74 2838 5280
2400 75 2697 5282
2400 76 2714 5323
2400 77 1304 5813
2400 78 1512 5835
2400 79 1421 5978
2400 80 1552 5891
2400 81 1440 5829
2400 82 1545 5983
2400 83 1398 5949
2400 84 1497 5957
2400 85 1413 5865
2400 86 1314 5933
2400 87 1401 6020
2400 88 1365 6031
2400 89 1457 5997
2400 90 1546 5959
2400 91 1488 5878
2400 92 1377 5866
2400 93 1441 5810
2400 94 1455 5986
2400 95 1359 5803
2400 96 1327 5869
2400 97 1364 5807
2400 98 2580 3967
2400 99 2530 4094
2400 100 2604 4143
2400 101 2207 4080
2400 102 2356 4201
2400 103 2512 4162
2400 104 2427 4117
2400 105 2440 3806
2400 106 2365 4203
2400 107 2258 4149
2400 108 2395 3994
2400 109 2412 3899
2400 110 2627 4104
2400 111 2458 4270
2400 112 2606 3976
2400 113 2279 4181
2400 114 2450 4009
2400 115 2532 3897
2700 0 1526 5848
2700 1 1914 5400
2700 2 1480 3802
2700 3 2744 5229
2700 4 1439 5889
2700 5 2438 4038
2700 6 1914 5400
2700 7 1914 5400
2700 8 1914 5400
2700 9 1480 3802
2700 10 1480 3802
2700 11 2744 5229
2700 12 2744 5229
2700 13 2744 5229
2700 14 1439 5889
2700 15 1439 5889
2700 16 2438 4038
2700 17 2043 5387
2700 18 1829 5281
2700 19 1830 5567
2700 20 2149 5456
2700 21 1975 5546
2700 22 1887 5366
2700 23 1834 5403
2700 24 1823 5496
2700 25 1807 5403
2700 26 2106 5418
2700 27 1966 5510
2700 28 1876 5544
2700 29 1892 5611
2700 30 1769 5256
2700 31 1945 5180
2700 32 1901 5198
2700 33 1932 5438
2700 34 1795 5520
2700 35 1892 5501
2700 36 1986 5232
2700 37 1371 3758
2700 38 1630 3720
2700 39 1403 3778
2700 40 1237 3797
2700 41 1584 3726
2700 42 1291 3995
2700 43 1677 3942
2700 44 1571 3854
2700 45 1336 4013
2700 46 1656 3784
2700 47 1494 3692
2700 48 1257 3957
2700 49 1583 4034
2700 50 1289 3890
2700 51 1336 3714
2700 52 1307 3691
2700 53 1689 3945
2700 54 1325 3713
2700 55 1416 3946
2700 56 1430 3957
2700 57 1606 3795
2700 58 1449 4028
2700 59 2761 5206
2700 60 2740 5187
2700 61 2856 5245
2700 62 2703 5214
2700 63 2697 5235
2700 64 2648 5207
2700 65 2634 5205
2700 66 2697 5236
2700 67 2760 5237
2700 68 2654 5262
2700 69 2699 5267
2700 70 2699 5255
2700 71 2686 5292
2700 72 2775 5158
2700 73 2793 5129
2700 74 2754 5153
2700 75 2625 5265
2700 76 2625 5193
2700 77 1559 5903
2700 78 1485 5918
2700 79 1391 5823
2700 80 1519 5740
2700 81 1410 5983
2700 82 1410 5733
2700 83 1544 5902
2700 84 1538 5769
2700 85 1489 5746
2700 86 1412 5828
2700 87 1313 5857
2700 88 1326 5914
2700 89 1458 5845
2700 90 1365 5888
2700 91 1454 5954
2700 92 1533 5992
2700 93 1481 5926
2700 94 1282 5837
2700 95 1286 5840
2700 96 1426 5856
2700 97 1358 5991
2700 98 2230 4003
2700 99 2584 3971
2700 100 2379 4031
2700 101 2533 3990
2700 102 2567 4034
2700 103 2273 4011
2700 104 2455 3853
2700 105 2377 4139
2700 106 2367 4126
2700 107 2483 4102
2700 108 2327 4033
2700 109 2368 4052
2700 110 2532 3842
2700 111 2518 4210
2700 112 2404 4167
2700 113 2266 4023
2700 114 2432 4245
2700 115 2506 4132
3000 0 1526 5848
3000 1 1914 5400
3000 2 1480 3802
3000 3 2744 5229
3000 4 1439 5889
3000 5 2438 4038
3000 6 1914 5400
3000 7 1914 5400
3000 8 1914 5400
3000 9 1480 3802
3000 10 1480 3802
3000 11 2744 5229
3000 12 2744 5229
3000 13 2744 5229
3000 14 1439 5889
3000 15 1439 5889
3000 16 2438 4038
3000 17 1918 5634
3000 18 1835 5206
3000 19 1731 5422
3000 20 1890 5368
3000 21 1953 5414
3000 22 2064 5321
3000 23 1958 5570
3000 24 1947 5311
3000 25 1858 5486
3000 26 2019 5522
3000 27 1828 5343
3000 28 1928 5534
3000 29 1865 5163
3000 30 2104 5534
3000 31 1984 5246
3000 32 2064 5226
3000 33 2002 5209
3000 34 1954 5562
3000 35 1920 5626
3000 36 1987 5343
3000 37 1736 3752
3000 38 1636 3612
3000 39 1605 3675
3000 40 1466 4004
3000 41 1624 3950
3000 42 1430 3530
3000 43 1357 3563
3000 44 1513 3764
3000 45 1717 3683
3000 46 1464 4008
3000 47 1399 3928
3000 48 1445 3822
3000 49 1393 3904
3000 50 1362 3552
3000 51 1566 3829
3000 52 1655 3955
3000 53 1564 3994
3000 54 1462 3741
3000 55 1363 3862
3000 56 1367 3896
3000 57 1398 3669
3000 58 1401 3986
3000 59 2757 5297
3000 60 2751 5118
3000 61 2680 5161
3000 62 2737 5309
3000 63 2673 5283
3000 64 2701 5153
3000 65 2666 5209
3000 66 2785 5310
3000 67 2720 5277
3000 68 2753 5106
3000 69 2766 5291
3000 70 2775 5328
3000 71 2721 5237
3000 72 2718 5158
3000 73 2691 5235
3000 74 2762 5175
3000 75 2711 5309
3000 76 2657 5232
3000 77 1436 5911
3000 78 1315 5795
3000 79 1526 5784
3000 80 1446 5848
3000 81 1499 5992
3000 82 1522 5958
3000 83 1420 5813
3000 84 1530 5967
3000 85 1392 5738
3000 86 1543 5818
3000 87 1452 5971
3000 88 1439 5932
3000 89 1348 5932
3000 90 1267 5874
3000 91 1549 5858
3000 92 1489 5953
3000 93 1426 5831
3000 94 1421 5987
3000 95 1326 5977
3000 96 1486 5928
3000 97 1546 5962
3000 98 2367 4112
3000 99 2469 4065
3000 100 2304 3914
3000 101 2580 3895
3000 102 2246 4164
3000 103 2342 4046
3000 104 2603 3943
3000 105 2576 3857
3000 106 2621 4162
3000 107 2570 4185
3000 108 2467 4171
3000 109 2337 3934
3000 110 2562 4100
3000 111 2258 4146
3000 112 2374 4165
3000 113 2390 3981
3000 114 2446 4150
3000 115 2420 3982
3300 0 1526 5848
3300 1 1914 5400
3300 2 1480 3802
3300 3 2744 5229
3300 4 1439 5889
3300 5 2438 4038
3300 6 1914 5400
3300 7 1914 5400
3300 8 1914 5400
3300 9 1480 3802
3300 10 1480 3802
3300 11 2744 5229
3300 12 2744 5229
3300 13 2744 5229
3300 14 1439 5889
3300 15 1439 5889
3300 16 2438 4038
3300 17 1760 5449
3300 18 1885 5448
3300 19 1806 5484
3300 20 1983 5308
3300 21 1934 5582
3300 22 2034 5485
3300 23 1934 5218
3300 24 2111 5278
3300 25 2013 5499
3300 26 1893 5628
3300 27 1967 5434
3300 28 1929 5256
3300 29 1939 5325
3300 30 1896 5346
3300 31 1892 5232
3300 32 2007 5560
3300 33 1787 5410
3300 34 1952 5530
3300 35 2041 5459
3300 36 1852 5539
3300 37 1617 3751
3300 38 1347 3982
3300 39 1617 3914
3300 40 1589 4035
3300 41 1331 3857
3300 42 1457 3702
3300 43 1402 3999
3300 44 1440 3738
3300 45 1455 3595
3300 46 1247 3939
3300 47 1332 3624
3300 48 1242 3812
3300 49 1382 3791
3300 50 1270 3906
3300 51 1340 3860
3300 52 1306 3649
3300 53 1637 3782
3300 54 1473 3964
3300 55 1315 3955
3300 56 1469 3554
3300 57 1481 3608
3300 58 1540 3777
3300 59 2842 5183
3300 60 2733 5271
3300 61 2844 5259
3300 62 2728 5205
3300 63 2812 5162
3300 64 2813 5201
3300 65 2654 5267
3300 66 2780 5145
3300 67 2632 5234
3300 68 2778 5322
3300 69 2699 5221
3300 70 2782 5277
3300 71 2665 5227
3300 72 2774 5301
3300 73 2815 5140
3300 74 2770 5128
3300 75 2819 5225
3300 76 2812 5322
3300 77 1567 5782
3300 78 1402 5805
3300 79 1350 6002
3300 80 1418 6049
3300 81 1330 5865
3300 82 1595 5962
3300 83 1528 5801
3300 84 1474 5989
3300 85 1441 5877
3300 86 1482 5999
3300 87 1534 5786
3300 88 1430 5886
3300 89 1524 5826
3300 90 1384 5875
3300 91 1576 5805
3300 92 1466 5930
3300 93 1302 5954
3300 94 1449 5845
3300 95 1448 5945
3300 96 1442 5853
3300 97 1564 6002
3300 98 2566 4167
3300 99 2444 4201
3300 100 2333 3908
3300 101 2265 4095
3300 102 2430 4256
3300 103 2451 3984
3300 104 2391 3996
3300 105 2482 3890
3300 106 2244 4037
3300 107 2263 3985
3300 108 2470 4234
3300 109 2503 3929
3300 110 2309 4188
3300 111 2295 3907
3300 112 2252 4078
3300 113 2372 4029
3300 114 2606 4076
3300 115 2339 3859
3600 0 1526 5848
3600 1 1914 5400
3600 2 1480 3802
3600 3 2744 5229
3600 4 1439 5889
3600 5 2438 4038
3600 6 1914 5400
3600 7 1914 5400
3600 8 1914 5400
3600 9 1480 3802
3600 10 1480 3802
3600 11 2744 5229
3600 12 2744 5229
3600 13 2744 5229
3600 14 1439 5889
3600 15 1439 5889
3600 16 2438 4038
3600 17 1937 5538
3600 18 1866 5567
3600 19 1775 5594
3600 20 1829 5499
3600 21 1984 5213
3600 22 1713 5465
3600 23 2075 5260
3600 24 2069 5490
3600 25 1864 5512
3600 26 1963 5462
3600 27 2048 5532
3600 28 1677 5442
3600 29 1953 5605
3600 30 1895 5253
3600 31 1965 5459
3600 32 1896 5310
3600 33 1735 5297
3600 34 1817 5301
3600 35 1830 5486
3600 36 1809 5414
3600 37 1482 3745
3600 38 1460 3679
3600 39 1414 3604
3600 40 1398 3561
3600 41 1499 3959
3600 42 1711 3656
3600 43 1537 3868
3600 44 1705 3932
3600 45 1254 3697
3600 46 1444 3993
3600 47 1662 3686
3600 48 1316 3628
3600 49 1583 3610
3600 50 1402 3688
3600 51 1363 3696
3600 52 1470 3911
3600 53 1278 3657
3600 54 1228 3873
3600 55 1591 3831
3600 56 1220 3796
3600 57 1704 3811
3600 58 1420 3591
3600 59 2678 5292
3600 60 2850 5264
3600 61 2820 5232
3600 62 2750 5329
3600 63 2689 5268
3600 64 2665 5275
3600 65 2760 5258
3600 66 2757 5338
3600 67 2705 5271
3600 68 2715 5257
3600 69 2634 5174
3600 70 2769 5208
3600 71 2711 5198
3600 72 2783 5138
3600 73 2688 5135
3600 74 2729 5261
3600 75 2633 5263
3600 76 2692 5163
3600 77 1516 5858
3600 78 1553 5823
3600 79 1550 5930
3600 80 1348 5861
3600 81 1524 5910
3600 82 1501 5980
3600 83 1404 5984
3600 84 1485 5855
3600 85 1434 5973
3600 86 1600 5912
3600 87 1546 5953
3600 88 1456 6055
3600 89 1480 5874
3600 90 1429 5739
3600 91 1283 5845
3600 92 1522 5816
3600 93 1430 5994
3600 94 1467 5726
3600 95 1382 5783
3600 96 1397 5896
3600 97 1297 5852
3600 98 2576 3931
3600 99 2275 4067
3600 100 2476 4033
3600 101 2329 4087
3600 102 2547 3899
3600 103 2340 3979
3600 104 2531 4149
3600 105 2446 3910
3600 106 2399 4256
3600 107 2644 3958
3600 108 2225 4001
3600 109 2237 4007
3600 110 2368 4147
3600 111 2449 4130
3600 112 2300 3933
3600 113 2206 4065
3600 114 2471 3924
3600 115 2468 4055
