0 4200 0 10000 0 10000
0 0 3672 4675
0 1 1015 3547
0 2 1062 3560
0 3 2090 5061
0 4 2046 4209
0 5 3928 4288
0 6 1015 3547
0 7 1015 3547
0 8 1062 3560
0 9 1062 3560
0 10 2090 5061
0 11 2090 5061
0 12 2090 5061
0 13 2046 4209
0 14 2046 4209
0 15 2046 4209
0 16 2046 4209
0 17 3928 4288
0 18 3928 4288
0 19 3928 4288
0 20 951 3359
0 21 801 3554
0 22 1202 3599
0 23 1115 3454
0 24 1113 3724
0 25 977 3503
0 26 935 3378
0 27 949 3537
0 28 900 3394
0 29 1060 3639
0 30 1153 3456
0 31 1113 3404
0 32 1124 3452
0 33 1173 3459
0 34 1136 3656
0 35 961 3534
0 36 1151 3406
0 37 941 3452
0 38 1135 3430
0 39 1140 3580
0 40 955 3743
0 41 929 3402
0 42 833 3611
0 43 1046 3397
0 44 1081 3739
0 45 1091 3590
0 46 987 3474
0 47 980 3553
0 48 976 3675
0 49 926 3457
0 50 882 3588
0 51 1020 3723
0 52 1017 3538
0 53 1212 3453
0 54 1031 3700
0 55 1010 3402
0 56 935 3539
0 57 1191 3519
0 58 1002 3363
0 59 1071 3717
0 60 1079 3727
0 61 1008 3541
0 62 1018 3446
0 63 1083 3644
0 64 1002 3502
0 65 1980 4908
0 66 1873 5126
0 67 2320 4949
0 68 1896 5030
0 69 2100 5036
0 70 2221 4990
0 71 2094 4940
0 72 2145 4960
0 73 2197 4994
0 74 2204 4956
0 75 2228 5094
0 76 2081 4962
0 77 2194 5301
0 78 2039 4930
0 79 2027 5306
0 80 2042 4884
0 81 2112 5303
0 82 2127 4938
0 83 2168 5138
0 84 2103 5000
0 85 2336 5124
0 86 2030 4810
0 87 2011 4053
0 88 1980 4249
0 89 2010 4084
0 90 2031 4208
0 91 2008 4303
0 92 2115 4339
0 93 2001 4183
0 94 1967 4335
0 95 1995 4072
0 96 2078 4334
0 97 2055 4095
0 98 2030 4148
0 99 1968 4243
0 100 1915 4150
0 101 2019 4350
0 102 2005 4330
0 103 2149 4087
0 104 1996 4110
0 105 2044 4073
0 106 1971 4276
0 107 1991 4319
0 108 4016 4248
0 109 3942 4356
0 110 3940 4203
0 111 3980 4386
0 112 3857 4297
0 113 3905 4230
0 114 3952 4355
0 115 3978 4338
0 116 3923 4302
0 117 3975 4346
0 118 3892 4320
0 119 3929 4292
0 120 3905 4203
0 121 3873 4329
0 122 3933 4178
0 123 4027 4339
0 124 3997 4356
0 125 3869 4293
0 126 3949 4349
0 127 3951 4354
0 128 3882 4354
0 129 3895 4395
0 130 3866 4364
0 131 3924 4239
0 132 3887 4193
300 0 3672 4675
300 1 1015 3547
300 2 1062 3560
300 3 2090 5061
300 4 2046 4209
300 5 3928 4288
300 6 1015 3547
300 7 1015 3547
300 8 1062 3560
300 9 1062 3560
300 10 2090 5061
300 11 2090 5061
300 12 2090 5061
300 13 2046 4209
300 14 2046 4209
300 15 2046 4209
300 16 2046 4209
300 17 3928 4288
300 18 3928 4288
300 19 3928 4288
300 20 923 3557
300 21 1135 3609
300 22 1118 3472
300 23 1185 3581
300 24 850 3500
300 25 1175 3618
300 26 1085 3595
300 27 1163 3574
300 28 834 3601
300 29 857 3491
300 30 1139 3717
300 31 1111 3663
300 32 999 3367
300 33 955 3677
300 34 1124 3522
300 35 1115 3736
300 36 965 3368
300 37 976 3551
300 38 1047 3423
300 39 1144 3385
300 40 858 3602
300 41 832 3631
300 42 875 3412
300 43 1057 3543
300 44 895 3446
300 45 1157 3606
300 46 1006 3433
300 47 951 3709
300 48 1144 3690
300 49 1163 3656
300 50 1020 3461
300 51 1201 3632
300 52 1101 3550
300 53 937 3561
300 54 1170 3406
300 55 1157 3400
300 56 1029 3376
300 57 1210 3581
300 58 1054 3458
300 59 1012 3463
300 60 1041 3362
300 61 939 3664
300 62 1184 3414
300 63 1046 3372
300 64 1019 3466
300 65 2058 5031
300 66 2344 5084
300 67 2304 5032
300 68 2269 5145
300 69 2000 5060
300 70 1967 5070
300 71 2169 5294
300 72 2016 5116
300 73 2198 5096
300 74 1919 5069
300 75 2313 5014
300 76 2326 5087
300 77 1999 5134
300 78 1891 5113
300 79 1947 5238
300 80 2174 5192
300 81 2228 5096
300 82 2089 5211
300 83 1890 5206
300 84 1953 5209
300 85 1988 5159
300 86 1921 5243
300 87 1939 4190
300 88 2017 4166
300 89 2123 4184
300 90 2070 4217
300 91 1997 4285
300 92 2025 4256
300 93 2149 4272
300 94 1935 4128
300 95 2036 4294
300 96 2119 4133
300 97 1998 4146
300 98 2046 4318
300 99 2156 4194
300 100 2100 4086
300 101 2099 4067
300 102 1931 4282
300 103 1935 4293
300 104 1896 4200
300 105 2041 4265
300 106 1940 4277
300 107 1927 4296
300 108 3969 4230
300 109 3923 4211
300 110 3895 4264
300 111 3896 4315
300 112 3914 4370
300 113 4017 4240
300 114 3902 4186
300 115 3934 4373
300 116 3929 4398
300 117 4026 4331
300 118 3947 4270
300 119 3873 4359
300 120 3850 4331
300 121 4031 4320
300 122 3885 4365
300 123 3825 4253
300 124 3913 4317
300 125 3919 4365
300 126 3876 4243
300 127 4027 4263
300 128 3942 4351
300 129 3862 4215
300 130 3951 4237
300 131 3886 4288
300 132 3888 4259
600 0 3672 4675
600 1 1015 3547
600 2 1062 3560
600 3 2090 5061
600 4 2046 4209
600 5 3928 4288
600 6 1015 3547
600 7 1015 3547
600 8 1062 3560
600 9 1062 3560
600 10 2090 5061
600 11 2090 5061
600 12 2090 5061
600 13 2046 4209
600 14 2046 4209
600 15 2046 4209
600 16 2046 4209
600 17 3928 4288
600 18 3928 4288
600 19 3928 4288
600 20 1024 3647
600 21 939 3383
600 22 938 3736
600 23 1037 3707
600 24 1098 3454
600 25 1067 3558
600 26 1070 3586
600 27 1191 3522
600 28 1157 3636
600 29 957 3347
600 30 931 3501
600 31 1184 3616
600 32 961 3364
600 33 1124 3586
600 34 1066 3496
600 35 996 3379
600 36 1047 3719
600 37 933 3431
600 38 1198 3622
600 39 1215 3587
600 40 943 3465
600 41 1036 3687
600 42 908 3535
600 43 909 3390
600 44 1000 3509
600 45 1102 3571
600 46 1096 3446
600 47 1011 3687
600 48 1055 3574
600 49 971 3666
600 50 941 3679
600 51 1111 3568
600 52 1130 3741
600 53 1148 3373
600 54 928 3517
600 55 1130 3751
600 56 1033 3690
600 57 973 3714
600 58 1033 3690
600 59 1064 3587
600 60 1032 3747
600 61 1148 3714
600 62 1122 3740
600 63 1121 3680
600 64 913 3498
600 65 2320 5051
600 66 1953 5020
600 67 2044 5128
600 68 2272 4962
600 69 2087 5047
600 70 2181 4958
600 71 2180 5184
600 72 2000 5191
600 73 2281 4954
600 74 1874 5096
600 75 1955 5164
600 76 2177 4904
600 77 2128 4950
600 78 2118 5301
600 79 2094 5208
600 80 2222 5101
600 81 2045 4910
600 82 2212 4839
600 83 2257 4997
600 84 2178 4816
600 85 2258 5124
600 86 2059 5254
600 87 2127 4155
600 88 2109 4103
600 89 2057 4284
600 90 2025 4075
600 91 2187 4180
600 92 2023 4092
600 93 2188 4277
600 94 1931 4191
600 95 1929 4249
600 96 1997 4156
600 97 1991 4192
600 98 1902 4225
600 99 1942 4226
600 100 1949 4240
600 101 2072 4291
600 102 2065 4340
600 103 2065 4144
600 104 2116 4340
600 105 2096 4303
600 106 1917 4195
600 107 1974 4175
600 108 3953 4323
600 109 3949 4383
600 110 3868 4281
600 111 3948 4246
600 112 4033 4266
600 113 3999 4260
600 114 3915 4371
600 115 3953 4358
600 116 3938 4267
600 117 3931 4209
600 118 3971 4258
600 119 3938 4263
600 120 3996 4248
600 121 3908 4332
600 122 3860 4263
600 123 3972 4208
600 124 4023 4271
600 125 3836 4238
600 126 3827 4316
600 127 3897 4207
600 128 3826 4311
600 129 3991 4307
600 130 4011 4217
600 131 3886 4332
600 132 3972 4352
900 0 3672 4675
900 1 1015 3547
900 2 1062 3560
900 3 2090 5061
900 4 2046 4209
900 5 3928 4288
900 6 1015 3547
900 7 1015 3547
900 8 1062 3560
900 9 1062 3560
900 10 2090 5061
900 11 2090 5061
900 12 2090 5061
900 13 2046 4209
900 14 2046 4209
900 15 2046 4209
900 16 2046 4209
900 17 3928 4288
900 18 3928 4288
900 19 3928 4288
900 20 1129 3689
900 21 1158 3590
900 22 974 3730
900 23 990 3449
900 24 1108 3499
900 25 889 3429
900 26 1007 3700
900 27 1018 3718
900 28 971 3669
900 29 1130 3378
900 30 1178 3459
900 31 818 3531
900 32 1129 3522
900 33 1063 3463
900 34 1100 3382
900 35 1073 3466
900 36 1143 3618
900 37 1075 3417
900 38 1093 3489
900 39 1190 3453
900 40 1002 3667
900 41 1015 3566
900 42 865 3630
900 43 894 3419
900 44 1086 3598
900 45 1085 3535
900 46 1067 3493
900 47 947 3393
900 48 1080 3439
900 49 990 3724
900 50 1048 3512
900 51 861 3606
900 52 897 3671
900 53 960 3590
900 54 954 3726
900 55 968 3657
900 56 935 3658
900 57 1051 3735
900 58 1174 3585
900 59 1146 3475
900 60 1091 3563
900 61 1254 3507
900 62 905 3656
900 63 1243 3497
900 64 1171 3554
900 65 2024 5022
900 66 2057 4888
900 67 2240 4848
900 68 2257 5171
900 69 2083 4874
900 70 1992 4826
900 71 2170 5208
900 72 1906 4922
900 73 2259 5248
900 74 2349 5092
900 75 2202 4944
900 76 2327 5109
900 77 2142 4846
900 78 2085 5308
900 79 2076 4880
900 80 2153 4869
900 81 2295 5084
900 82 2029 5304
900 83 1896 5047
900 84 1959 5218
900 85 2023 5179
900 86 2231 4952
900 87 2072 4169
900 88 2060 4367
900 89 1962 4212
900 90 2025 4291
900 91 1950 4202
900 92 2067 4311
900 93 1971 4135
900 94 2196 4240
900 95 2028 4112
900 96 2028 4252
900 97 2110 4313
900 98 2163 4153
900 99 2088 4059
900 100 1936 4238
900 101 2131 4094
900 102 1989 4285
900 103 1981 4283
900 104 2149 4238
900 105 2082 4232
900 106 1991 4285
900 107 2097 4295
900 108 4002 4232
900 109 3906 4338
900 110 4011 4292
900 111 3993 4318
900 112 3892 4275
900 113 4027 4291
900 114 3997 4270
900 115 3981 4297
900 116 3915 4351
900 117 3821 4290
900 118 3874 4261
900 119 3904 4310
900 120 3830 4332
900 121 3985 4256
900 122 3915 4195
900 123 3882 4266
900 124 3960 4182
900 125 3908 4344
900 126 3866 4291
900 127 3959 4373
900 128 3957 4395
900 129 3895 4294
900 130 3974 4338
900 131 3954 4216
900 132 3880 4372
1200 0 3672 4675
1200 1 1015 3547
1200 2 1062 3560
1200 3 2090 5061
1200 4 2046 4209
1200 5 3928 4288
1200 6 1015 3547
1200 7 1015 3547
1200 8 1062 3560
1200 9 1062 3560
1200 10 2090 5061
1200 11 2090 5061
1200 12 2090 5061
1200 13 2046 4209
1200 14 2046 4209
1200 15 2046 4209
1200 16 2046 4209
1200 17 3928 4288
1200 18 3928 4288
1200 19 3928 4288
1200 20 938 3736
1200 21 1200 3568
1200 22 853 3469
1200 23 1106 3699
1200 24 1068 3709
1200 25 908 3599
1200 26 873 3464
1200 27 1184 3635
1200 28 991 3746
1200 29 1074 3710
1200 30 1118 3620
1200 31 1083 3555
1200 32 957 3496
1200 33 1034 3629
1200 34 1167 3597
1200 35 965 3394
1200 36 808 3495
1200 37 1189 3518
1200 38 1018 3412
1200 39 892 3443
1200 40 904 3487
1200 41 1149 3512
1200 42 1208 3478
1200 43 1066 3644
1200 44 823 3559
1200 45 1155 3712
1200 46 1102 3528
1200 47 1033 3568
1200 48 1096 3615
1200 49 934 3409
1200 50 878 3479
1200 51 1028 3393
1200 52 1174 3710
1200 53 1085 3742
1200 54 865 3603
1200 55 1173 3661
1200 56 1119 3637
1200 57 1187 3674
1200 58 1003 3558
1200 59 1084 3745
1200 60 1059 3450
1200 61 1184 3652
1200 62 888 3577
1200 63 1041 3631
1200 64 941 3439
1200 65 1961 5100
1200 66 2027 5221
1200 67 1977 4966
1200 68 1956 4893
1200 69 2304 5149
1200 70 2026 4868
1200 71 1851 4968
1200 72 2144 5118
1200 73 2142 5233
1200 74 2059 5034
1200 75 2223 5104
1200 76 2017 4916
1200 77 2066 5276
1200 78 2268 4883
1200 79 2241 5088
1200 80 1983 4982
1200 81 2154 4920
1200 82 2146 5043
1200 83 2021 5109
1200 84 2249 5144
1200 85 1928 5085
1200 86 1900 5069
1200 87 1917 4215
1200 88 1977 4167
1200 89 1965 4108
1200 90 1974 4130
1200 91 2029 4257
1200 92 2079 4100
1200 93 1898 4270
1200 94 1917 4285
1200 95 2081 4308
1200 96 1994 4162
1200 97 2100 4240
1200 98 2175 4151
1200 99 2107 4335
1200 100 2010 4136
1200 101 2065 4314
1200 102 1991 4115
1200 103 1951 4259
1200 104 1894 4228
1200 105 2019 4244
1200 106 2070 4142
1200 107 2029 4125
1200 108 3888 4264
1200 109 3936 4286
1200 110 3823 4314
1200 111 3985 4341
1200 112 3880 4245
1200 113 4000 4360
1200 114 3862 4325
1200 115 3969 4327
1200 116 3924 4260
1200 117 4010 4364
1200 118 3992 4283
1200 119 3909 4214
1200 120 3982 4384
1200 121 3993 4226
1200 122 4021 4337
1200 123 3948 4243
1200 124 3930 4248
1200 125 3840 4316
1200 126 3939 4393
1200 127 3967 4349
1200 128 3970 4336
1200 129 3942 4273
1200 130 3872 4338
1200 131 3823 4252
1200 132 4003 4276
1500 0 3672 4675
1500 1 1015 3547
1500 2 1062 3560
1500 3 2090 5061
1500 4 2046 4209
1500 5 3928 4288
1500 6 1015 3547
1500 7 1015 3547
1500 8 1062 3560
1500 9 1062 3560
1500 10 2090 5061
1500 11 2090 5061
1500 12 2090 5061
1500 13 2046 4209
1500 14 2046 4209
1500 15 2046 4209
1500 16 2046 4209
1500 17 3928 4288
1500 18 3928 4288
1500 19 3928 4288
1500 20 1081 3503
1500 21 1202 3580
1500 22 1148 3444
1500 23 1147 3576
1500 24 1104 3491
1500 25 875 3690
1500 26 1000 3545
1500 27 898 3712
1500 28 1115 3466
1500 29 904 3471
1500 30 1174 3457
1500 31 936 3600
1500 32 1080 3517
1500 33 927 3381
1500 34 1031 3475
1500 35 968 3463
1500 36 928 3724
1500 37 1154 3609
1500 38 1112 3539
1500 39 1012 3594
1500 40 1027 3592
1500 41 1023 3592
1500 42 1026 3424
1500 43 914 3535
1500 44 1088 3432
1500 45 1050 3755
1500 46 1199 3628
1500 47 1200 3593
1500 48 1114 3556
1500 49 1139 3504
1500 50 1254 3551
1500 51 1151 3469
1500 52 1183 3432
1500 53 1206 3664
1500 54 896 3552
1500 55 948 3663
1500 56 1054 3374
1500 57 1183 3503
1500 58 1018 3526
1500 59 1101 3549
1500 60 999 3449
1500 61 1137 3532
1500 62 1196 3424
1500 63 1198 3511
1500 64 1090 3669
1500 65 1848 5059
1500 66 1945 4845
1500 67 1905 5182
1500 68 2249 5185
1500 69 1992 4936
1500 70 2082 5235
1500 71 2211 5202
1500 72 2267 4939
1500 73 2071 5136
1500 74 1997 5159
1500 75 2127 4833
1500 76 1908 4922
1500 77 2129 5237
1500 78 2012 5096
1500 79 2240 5256
1500 80 2022 4825
1500 81 1882 5021
1500 82 2223 5214
1500 83 2127 5293
1500 84 2213 4991
1500 85 1886 5081
1500 86 2108 5230
1500 87 2182 4243
1500 88 1998 4234
1500 89 2076 4074
1500 90 2013 4210
1500 91 2049 4150
1500 92 1911 4232
1500 93 2071 4311
1500 94 2081 4188
1500 95 2059 4282
1500 96 1919 4207
1500 97 1928 4197
1500 98 2169 4242
1500 99 2071 4276
1500 100 2126 4297
1500 101 2137 4323
1500 102 1901 4266
1500 103 2157 4259
1500 104 2030 4053
1500 105 2150 4207
1500 106 2027 4350
1500 107 2132 4241
1500 108 3879 4385
1500 109 3834 4348
1500 110 3954 4191
1500 111 3952 4364
1500 112 3970 4200
1500 113 3965 4374
1500 114 3895 4361
1500 115 3863 4379
1500 116 3848 4218
1500 117 3849 4245
1500 118 3824 4272
1500 119 3944 4300
1500 120 4020 4277
1500 121 3975 4210
1500 122 3849 4360
1500 123 3831 4254
1500 124 3921 4270
1500 125 3900 4256
1500 126 3998 4327
1500 127 4037 4304
1500 128 4034 4256
1500 129 3882 4235
1500 130 3839 4266
1500 131 3939 4187
1500 132 3895 4188
1800 0 3672 4675
1800 1 1015 3547
1800 2 1062 3560
1800 3 2090 5061
1800 4 2046 4209
1800 5 3928 4288
1800 6 1015 3547
1800 7 1015 3547
1800 8 1062 3560
1800 9 1062 3560
1800 10 2090 5061
1800 11 2090 5061
1800 12 2090 5061
1800 13 2046 4209
1800 14 2046 4209
1800 15 2046 4209
1800 16 2046 4209
1800 17 3928 4288
1800 18 3928 4288
1800 19 3928 4288
1800 20 946 3464
1800 21 1214 3494
1800 22 949 3642
1800 23 850 3655
1800 24 967 3539
1800 25 990 3349
1800 26 827 3615
1800 27 928 3640
1800 28 810 3597
1800 29 1171 3609
1800 30 825 3452
1800 31 1008 3619
1800 32 813 3508
1800 33 1120 3654
1800 34 885 3567
1800 35 1131 3376
1800 36 1068 3723
1800 37 1108 3672
1800 38 1050 3398
1800 39 893 3512
1800 40 1184 3618
1800 41 1021 3568
1800 42 1139 3617
1800 43 1165 3515
1800 44 1109 3563
1800 45 1137 3669
1800 46 1102 3578
1800 47 1157 3587
1800 48 1057 3450
1800 49 929 3407
1800 50 1123 3618
1800 51 1191 3569
1800 52 1126 3445
1800 53 967 3540
1800 54 1178 3509
1800 55 920 3661
1800 56 1120 3447
1800 57 1091 3456
1800 58 1243 3622
1800 59 1215 3427
1800 60 1032 3608
1800 61 872 3525
1800 62 1087 3656
1800 63 989 3579
1800 64 1211 3687
1800 65 2196 4911
1800 66 2163 5155
1800 67 1920 5000
1800 68 2130 5232
1800 69 2223 4988
1800 70 2217 4969
1800 71 2054 5040
1800 72 2102 5207
1800 73 1988 4824
1800 74 1937 5015
1800 75 2200 5036
1800 76 2061 5196
1800 77 2195 5126
1800 78 2128 5146
1800 79 2034 4896
1800 80 1921 5116
1800 81 1997 5289
1800 82 2093 5111
1800 83 1878 5121
1800 84 2055 4901
1800 85 1933 5082
1800 86 1865 5062
1800 87 2117 4095
1800 88 2157 4141
1800 89 2176 4191
1800 90 1969 4212
1800 91 2196 4215
1800 92 1929 4265
1800 93 2194 4193
1800 94 2137 4286
1800 95 2102 4074
1800 96 2040 4304
1800 97 1989 4071
1800 98 1908 4161
1800 99 1928 4102
1800 100 2037 4273
1800 101 2063 4146
1800 102 2134 4138
1800 103 2169 4224
1800 104 2110 4144
1800 105 2076 4268
1800 106 2026 4189
1800 107 2155 4255
1800 108 3850 4209
1800 109 3907 4296
1800 110 3902 4329
1800 111 3843 4283
1800 112 3936 4348
1800 113 3947 4339
1800 114 3944 4199
1800 115 3862 4220
1800 116 3998 4310
1800 117 4002 4260
1800 118 3824 4313
1800 119 3874 4324
1800 120 3842 4261
1800 121 3923 4339
1800 122 3988 4273
1800 123 3953 4251
1800 124 3860 4354
1800 125 3840 4336
1800 126 3992 4324
1800 127 3893 4355
1800 128 3837 4270
1800 129 3887 4257
1800 130 3863 4327
1800 131 4009 4329
1800 132 3958 4250
2100 0 3672 4675
2100 1 1015 3547
2100 2 1062 3560
2100 3 2090 5061
2100 4 2046 4209
2100 5 3928 4288
2100 6 1015 3547
2100 7 1015 3547
2100 8 1062 3560
2100 9 1062 3560
2100 10 2090 5061
2100 11 2090 5061
2100 12 2090 5061
2100 13 2046 4209
2100 14 2046 4209
2100 15 2046 4209
2100 16 2046 4209
2100 17 3928 4288
2100 18 3928 4288
2100 19 3928 4288
2100 20 953 3592
2100 21 1014 3395
2100 22 972 3546
2100 23 884 3578
2100 24 896 3716
2100 25 959 3415
2100 26 836 3530
2100 27 913 3424
2100 28 980 3727
2100 29 1072 3505
2100 30 1115 3530
2100 31 922 3657
2100 32 827 3590
2100 33 1220 3597
2100 34 959 3753
2100 35 1061 3424
2100 36 986 3474
2100 37 1041 3340
2100 38 948 3564
2100 39 1062 3736
2100 40 1190 3510
2100 41 959 3740
2100 42 943 3432
2100 43 964 3706
2100 44 1041 3560
2100 45 972 3637
2100 46 1215 3432
2100 47 1003 3444
2100 48 1175 3602
2100 49 1057 3357
2100 50 1241 3577
2100 51 1061 3459
2100 52 994 3521
2100 53 1117 3702
2100 54 929 3671
2100 55 980 3627
2100 56 1078 3420
2100 57 1058 3571
2100 58 1138 3712
2100 59 1129 3615
2100 60 1145 3655
2100 61 1026 3739
2100 62 1019 3510
2100 63 903 3506
2100 64 966 3544
2100 65 2280 4966
2100 66 2126 5233
2100 67 2037 5133
2100 68 1989 5113
2100 69 2310 4961
2100 70 2307 5103
2100 71 2092 5076
2100 72 2205 4970
2100 73 1922 5100
2100 74 1916 4910
2100 75 2100 5194
2100 76 1920 5243
2100 77 2103 5183
2100 78 2238 5027
2100 79 2193 5161
2100 80 2236 4882
2100 81 2220 5231
2100 82 1927 5011
2100 83 2122 5058
2100 84 2153 5146
2100 85 1997 4899
2100 86 2171 4885
2100 87 2020 4142
2100 88 2112 4280
2100 89 2103 4339
2100 90 2149 4277
2100 91 2074 4106
2100 92 2018 4068
2100 93 1991 4099
2100 94 2139 4298
2100 95 2019 4314
2100 96 1958 4318
2100 97 2128 4338
2100 98 2121 4188
2100 99 2117 4289
2100 100 2021 4133
2100 101 2170 4249
2100 102 2059 4328
2100 103 2061 4146
2100 104 2075 4349
2100 105 1934 4228
2100 106 2025 4117
2100 107 1978 4301
2100 108 3894 4223
2100 109 4006 4336
2100 110 3883 4387
2100 111 3994 4218
2100 112 3858 4223
2100 113 3864 4278
2100 114 4002 4349
2100 115 3970 4383
2100 116 3885 4193
2100 117 3955 4371
2100 118 3896 4277
2100 119 4017 4286
2100 120 3905 4290
2100 121 3936 4264
2100 122 3922 4338
2100 123 3944 4264
2100 124 4040 4277
2100 125 3973 4376
2100 126 4012 4282
2100 127 3953 4348
2100 128 3857 4317
2100 129 3836 4237
2100 130 3971 4237
2100 131 4003 4338
2100 132 3964 4220
2400 0 3672 4675
2400 1 1015 3547
2400 2 1062 3560
2400 3 2090 5061
2400 4 2046 4209
2400 5 3928 4288
2400 6 1015 3547
2400 7 1015 3547
2400 8 1062 3560
2400 9 1062 3560
2400 10 2090 5061
2400 11 2090 5061
2400 12 2090 5061
2400 13 2046 4209
2400 14 2046 4209
2400 15 2046 4209
2400 16 2046 4209
2400 17 3928 4288
2400 18 3928 4288
2400 19 3928 4288
2400 20 1132 3607
2400 21 833 3582
2400 22 946 3486
2400 23 1100 3744
2400 24 1016 3352
2400 25 1081 3427
2400 26 1029 3582
2400 27 1024 3603
2400 28 1113 3368
2400 29 1076 3456
2400 30 1105 3652
2400 31 1038 3408
2400 32 1137 3417
2400 33 841 3575
2400 34 1087 3449
2400 35 993 3502
2400 36 1078 3730
2400 37 1014 3565
2400 38 1104 3463
2400 39 833 3553
2400 40 894 3680
2400 41 1034 3547
2400 42 1066 3377
2400 43 989 3699
2400 44 833 3620
2400 45 904 3435
2400 46 1007 3363
2400 47 926 3549
2400 48 1193 3649
2400 49 1094 3556
2400 50 1097 3676
2400 51 1152 3660
2400 52 1217 3605
2400 53 992 3391
2400 54 958 3457
2400 55 1052 3458
2400 56 1223 3552
2400 57 922 3478
2400 58 903 3558
2400 59 1180 3687
2400 60 1172 3518
2400 61 954 3454
2400 62 981 3703
2400 63 1235 3619
2400 64 1113 3648
2400 65 2061 5054
2400 66 1999 5153
2400 67 2283 5137
2400 68 2005 4956
2400 69 2129 5097
2400 70 1838 5096
2400 71 2128 4892
2400 72 2004 5282
2400 73 2184 4957
2400 74 2188 5059
2400 75 2156 5243
2400 76 2191 5278
2400 77 2208 5075
2400 78 2028 4841
2400 79 2181 5015
2400 80 2052 4881
2400 81 2053 5306
2400 82 1929 4914
2400 83 2109 5213
2400 84 2126 5277
2400 85 1873 5178
2400 86 2328 5040
2400 87 2079 4078
2400 88 2106 4149
2400 89 2102 4205
2400 90 2115 4277
2400 91 2038 4215
2400 92 1989 4264
2400 93 2163 4274
2400 94 1981 4118
2400 95 1972 4124
2400 96 2160 4253
2400 97 2004 4177
2400 98 2077 4224
2400 99 1943 4175
2400 100 1945 4327
2400 101 2117 4262
2400 102 2076 4192
2400 103 2001 4277
2400 104 2081 4331
2400 105 1932 4263
2400 106 2058 4359
2400 107 2024 4253
2400 108 3876 4384
2400 109 3865 4206
2400 110 3908 4372
2400 111 3913 4388
2400 112 4011 4217
2400 113 3900 4256
2400 114 3901 4331
2400 115 3864 4311
2400 116 3849 4328
2400 117 3843 4329
2400 118 3964 4209
2400 119 3849 4317
2400 120 3894 4377
2400 121 3941 4233
2400 122 3856 4220
2400 123 3858 4348
2400 124 4022 4347
2400 125 3916 4335
2400 126 3970 4368
2400 127 3942 4279
2400 128 3993 4221
2400 129 3899 4242
2400 130 3959 4278
2400 131 3864 4351
2400 132 3949 4312
2700 0 3672 4675
2700 1 1015 3547
2700 2 1062 3560
2700 3 2090 5061
2700 4 2046 4209
2700 5 3928 4288
2700 6 1015 3547
2700 7 1015 3547
2700 8 1062 3560
2700 9 1062 3560
2700 10 2090 5061
2700 11 2090 5061
2700 12 2090 5061
2700 13 2046 4209
2700 14 2046 4209
2700 15 2046 4209
2700 16 2046 4209
2700 17 3928 4288
2700 18 3928 4288
2700 19 3928 4288
2700 20 977 3690
2700 21 855 3465
2700 22 1055 3541
2700 23 919 3400
2700 24 1082 3641
2700 25 1202 3587
2700 26 993 3508
2700 27 987 3376
2700 28 1005 3421
2700 29 1004 3413
2700 30 899 3444
2700 31 1221 3519
2700 32 1103 3414
2700 33 1007 3397
2700 34 828 3594
2700 35 1107 3409
2700 36 1008 3710
2700 37 1003 3562
2700 38 1117 3370
2700 39 1072 3456
2700 40 836 3483
2700 41 1180 3553
2700 42 1004 3674
2700 43 870 3657
2700 44 1170 3536
2700 45 1188 3429
2700 46 1183 3570
2700 47 1112 3370
2700 48 968 3458
2700 49 981 3373
2700 50 1049 3487
2700 51 1130 3516
2700 52 939 3632
2700 53 1023 3731
2700 54 1001 3683
2700 55 1165 3509
2700 56 1162 3721
2700 57 1006 3709
2700 58 1102 3620
2700 59 1075 3695
2700 60 1059 3467
2700 61 1123 3594
2700 62 923 3597
2700 63 1161 3416
2700 64 1126 3533
2700 65 1967 4892
2700 66 2251 5127
2700 67 2243 5102
2700 68 1967 4904
2700 69 2297 5056
2700 70 2316 5094
2700 71 1906 5015
2700 72 2037 5196
2700 73 2135 5202
2700 74 2020 4861
2700 75 2161 4999
2700 76 2088 5158
2700 77 2312 5123
2700 78 1907 5083
2700 79 1857 4979
2700 80 2008 5112
2700 81 2010 5197
2700 82 2252 4957
2700 83 1984 5198
2700 84 1937 5046
2700 85 2233 5054
2700 86 2314 5167
2700 87 2183 4230
2700 88 2057 4252
2700 89 2031 4210
2700 90 1934 4221
2700 91 1997 4164
2700 92 2104 4204
2700 93 2078 4153
2700 94 1913 4236
2700 95 2075 4341
2700 96 2164 4252
2700 97 1978 4351
2700 98 1903 4245
2700 99 2139 4140
2700 100 1893 4229
2700 101 2120 4330
2700 102 2165 4247
2700 103 1956 4206
2700 104 2069 4246
2700 105 1913 4117
2700 106 2079 4152
2700 107 1946 4085
2700 108 3972 4309
2700 109 3818 4294
2700 110 3911 4305
2700 111 3965 4199
2700 112 3874 4303
2700 113 3957 4194
2700 114 3858 4200
2700 115 3966 4301
2700 116 3944 4183
2700 117 3862 4241
2700 118 3915 4222
2700 119 3860 4368
2700 120 3859 4303
2700 121 4014 4268
2700 122 3823 4268
2700 123 3895 4282
2700 124 3996 4335
2700 125 3893 4256
2700 126 3965 4331
2700 127 3845 4257
2700 128 3868 4252
2700 129 3952 4383
2700 130 3953 4268
2700 131 3842 4360
2700 132 3952 4389
3000 0 3672 4675
3000 1 1015 3547
3000 2 1062 3560
3000 3 2090 5061
3000 4 2046 4209
3000 5 3928 4288
3000 6 1015 3547
3000 7 1015 3547
3000 8 1062 3560
3000 9 1062 3560
3000 10 2090 5061
3000 11 2090 5061
3000 12 2090 5061
3000 13 2046 4209
3000 14 2046 4209
3000 15 2046 4209
3000 16 2046 4209
3000 17 3928 4288
3000 18 3928 4288
3000 19 3928 4288
3000 20 1013 3502
3000 21 858 3612
3000 22 1018 3648
3000 23 944 3481
3000 24 969 3725
3000 25 1038 3576
3000 26 1037 3601
3000 27 1117 3458
3000 28 820 3483
3000 29 1045 3708
3000 30 1021 3757
3000 31 1206 3511
3000 32 1136 3503
3000 33 968 3529
3000 34 1206 3546
3000 35 1112 3458
3000 36 1166 3526
3000 37 918 3588
3000 38 847 3430
3000 39 874 3588
3000 40 1176 3674
3000 41 996 3757
3000 42 882 3513
3000 43 966 3464
3000 44 1174 3652
3000 45 1016 3370
3000 46 988 3519
3000 47 927 3632
3000 48 899 3445
3000 49 1059 3465
3000 50 1050 3708
3000 51 935 3670
3000 52 1132 3552
3000 53 901 3607
3000 54 1216 3466
3000 55 1102 3620
3000 56 974 3512
3000 57 1147 3710
3000 58 1072 3723
3000 59 946 3614
3000 60 1055 3529
3000 61 896 3440
3000 62 864 3568
3000 63 973 3465
3000 64 1220 3569
3000 65 2135 5055
3000 66 2071 4900
3000 67 2175 4938
3000 68 1895 4928
3000 69 2079 4851
3000 70 2194 5074
3000 71 1885 4955
3000 72 2078 4987
3000 73 2200 4973
3000 74 2171 5211
3000 75 1970 5139
3000 76 2022 4960
3000 77 2144 5224
3000 78 2297 5071
3000 79 2238 5155
3000 80 1929 4982
3000 81 2073 4841
3000 82 1995 4948
3000 83 2198 5241
3000 84 2283 5030
3000 85 1970 4912
3000 86 2164 4966
3000 87 1961 4087
3000 88 1913 4172
3000 89 2150 4284
3000 90 2006 4189
3000 91 2004 4344
3000 92 1980 4181
3000 93 2151 4263
3000 94 2046 4212
3000 95 2081 4254
3000 96 2054 4319
3000 97 2152 4286
3000 98 2070 4239
3000 99 2011 4138
3000 100 2144 4095
3000 101 2202 4227
3000 102 2077 4354
3000 103 1952 4271
3000 104 1973 4326
3000 105 1979 4273
3000 106 2058 4109
3000 107 1932 4207
3000 108 3834 4318
3000 109 4023 4232
3000 110 3965 4186
3000 111 3876 4328
3000 112 3943 4271
3000 113 3862 4260
3000 114 3901 4352
3000 115 3975 4206
3000 116 3859 4229
3000 117 3977 4322
3000 118 3978 4275
3000 119 3946 4353
3000 120 3967 4307
3000 121 3852 4342
3000 122 3881 4214
3000 123 3974 4212
3000 124 3863 4257
3000 125 3991 4283
3000 126 3866 4193
3000 127 3890 4276
3000 128 3839 4284
3000 129 3923 4395
3000 130 3934 4213
3000 131 4020 4245
3000 132 4025 4267
3300 0 3672 4675
3300 1 1015 3547
3300 2 1062 3560
3300 3 2090 5061
3300 4 2046 4209
3300 5 3928 4288
3300 6 1015 3547
3300 7 1015 3547
3300 8 1062 3560
3300 9 1062 3560
3300 10 2090 5061
3300 11 2090 5061
3300 12 2090 5061
3300 13 2046 4209
3300 14 2046 4209
3300 15 2046 4209
3300 16 2046 4209
3300 17 3928 4288
3300 18 3928 4288
3300 19 3928 4288
3300 20 997 3642
3300 21 832 3446
3300 22 1079 3731
3300 23 1200 3446
3300 24 1166 3485
3300 25 1096 3362
3300 26 1137 3524
3300 27 945 3431
3300 28 883 3542
3300 29 1086 3582
3300 30 834 3567
3300 31 1145 3387
3300 32 973 3746
3300 33 836 3529
3300 34 981 3487
3300 35 935 3547
3300 36 926 3368
3300 37 1138 3505
3300 38 998 3402
3300 39 847 3542
3300 40 971 3581
3300 41 843 3658
3300 42 856 3686
3300 43 899 3387
3300 44 947 3625
3300 45 1028 3408
3300 46 1078 3675
3300 47 998 3745
3300 48 1085 3432
3300 49 976 3550
3300 50 1167 3538
3300 51 1098 3499
3300 52 1059 3761
3300 53 1002 3679
3300 54 1002 3433
3300 55 901 3488
3300 56 1126 3396
3300 57 1168 3596
3300 58 929 3452
3300 59 1011 3670
3300 60 1182 3508
3300 61 1185 3621
3300 62 1037 3479
3300 63 1214 3553
3300 64 980 3606
3300 65 2184 4862
3300 66 2308 5158
3300 67 2198 5042
3300 68 2061 5272
3300 69 2295 5213
3300 70 2013 4884
3300 71 2045 4946
3300 72 2197 5276
3300 73 2143 5246
3300 74 2140 4996
3300 75 1842 5104
3300 76 2171 4992
3300 77 2145 5041
3300 78 2076 5151
3300 79 2172 4969
3300 80 2247 5201
3300 81 2018 5091
3300 82 1917 4933
3300 83 1976 4957
3300 84 2302 5059
3300 85 2132 4815
3300 86 1951 4892
3300 87 2120 4162
3300 88 2140 4146
3300 89 2000 4286
3300 90 1990 4253
3300 91 2111 4095
3300 92 2139 4251
3300 93 2119 4349
3300 94 1997 4202
3300 95 2081 4236
3300 96 1995 4076
3300 97 2081 4120
3300 98 2092 4074
3300 99 2151 4191
3300 100 2117 4068
3300 101 2036 4049
3300 102 1937 4199
3300 103 1954 4251
3300 104 1945 4183
3300 105 2145 4184
3300 106 2026 4305
3300 107 2007 4296
3300 108 3993 4255
3300 109 3851 4251
3300 110 3962 4231
3300 111 3994 4200
3300 112 3858 4300
3300 113 3918 4224
3300 114 3986 4258
3300 115 3994 4227
3300 116 3992 4233
3300 117 3906 4226
3300 118 3891 4366
3300 119 3851 4228
3300 120 3994 4339
3300 121 3907 4222
3300 122 4018 4264
3300 123 3863 4286
3300 124 3871 4300
3300 125 4028 4268
3300 126 3995 4267
3300 127 4010 4246
3300 128 4029 4282
3300 129 3917 4239
3300 130 3863 4356
3300 131 3962 4388
3300 132 3883 4380
3600 0 3672 4675
3600 1 1015 3547
3600 2 1062 3560
3600 3 2090 5061
3600 4 2046 4209
3600 5 3928 4288
3600 6 1015 3547
3600 7 1015 3547
3600 8 1062 3560
3600 9 1062 3560
3600 10 2090 5061
3600 11 2090 5061
3600 12 2090 5061
3600 13 2046 4209
3600 14 2046 4209
3600 15 2046 4209
3600 16 2046 4209
3600 17 3928 4288
3600 18 3928 4288
3600 19 3928 4288
3600 20 990 3476
3600 21 1097 3608
3600 22 1105 3651
3600 23 1205 3470
3600 24 1073 3637
3600 25 986 3531
3600 26 1094 3375
3600 27 874 3670
3600 28 1097 3422
3600 29 956 3575
3600 30 879 3495
3600 31 1021 3368
3600 32 863 3535
3600 33 935 3731
3600 34 1188 3606
3600 35 1139 3374
3600 36 1171 3564
3600 37 1012 3650
3600 38 1100 3402
3600 39 1123 3497
3600 40 1190 3649
3600 41 860 3677
3600 42 1049 3687
3600 43 992 3502
3600 44 942 3645
3600 45 937 3678
3600 46 1232 3660
3600 47 1195 3417
3600 48 901 3586
3600 49 1122 3637
3600 50 1001 3630
3600 51 994 3573
3600 52 1033 3718
3600 53 1111 3640
3600 54 1083 3380
3600 55 1129 3447
3600 56 923 3681
3600 57 891 3507
3600 58 1122 3676
3600 59 1214 3690
3600 60 1076 3743
3600 61 989 3377
3600 62 944 3553
3600 63 1218 3497
3600 64 1101 3496
3600 65 1969 5080
3600 66 2019 5079
3600 67 2171 4990
3600 68 2201 5257
3600 69 2316 5101
3600 70 2113 5007
3600 71 2135 5150
3600 72 1919 5026
3600 73 2040 5015
3600 74 2319 4963
3600 75 1927 5064
3600 76 1910 5145
3600 77 2016 5084
3600 78 2062 4962
3600 79 1976 5060
3600 80 2224 5021
3600 81 1949 5165
3600 82 1851 5049
3600 83 1974 5078
3600 84 1982 5086
3600 85 2165 5017
3600 86 2136 5174
3600 87 2138 4306
3600 88 2122 4176
3600 89 1998 4232
3600 90 2032 4054
3600 91 2125 4139
3600 92 2082 4201
3600 93 1946 4308
3600 94 2111 4289
3600 95 1900 4231
3600 96 2068 4097
3600 97 2125 4180
3600 98 1919 4288
3600 99 1978 4236
3600 100 2098 4065
3600 101 2014 4233
3600 102 1926 4295
3600 103 2072 4316
3600 104 2154 4181
3600 105 2025 4322
3600 106 2125 4308
3600 107 2135 4229
3600 108 3899 4345
3600 109 3868 4251
3600 110 3991 4320
3600 111 3924 4310
3600 112 3962 4196
3600 113 3922 4310
3600 114 4002 4284
3600 115 4017 4348
3600 116 3935 4280
3600 117 3839 4339
3600 118 3852 4287
3600 119 3985 4249
3600 120 3974 4218
3600 121 3903 4273
3600 122 3978 4312
3600 123 3948 4268
3600 124 3973 4336
3600 125 3871 4247
3600 126 3953 4279
3600 127 3936 4309
3600 128 4010 4347
3600 129 3937 4233
3600 130 3916 4176
3600 131 3955 4239
3600 132 3909 4382
