0 4200 0 10000 0 10000
0 0 4439 4734
0 1 2896 5503
0 2 1337 4853
0 3 2112 4359
0 4 4851 4446
0 5 3981 3945
0 6 2827 4216
0 7 3854 4407
0 8 4209 5035
0 9 1232 3441
0 10 3284 3052
0 11 2896 5503
0 12 1337 4853
0 13 2112 4359
0 14 4851 4446
0 15 3981 3945
0 16 2827 4216
0 17 3854 4407
0 18 4209 5035
0 19 1232 3441
0 20 3284 3052
0 21 2902 5465
0 22 2899 5524
0 23 2825 5452
0 24 2821 5488
0 25 2883 5596
0 26 2894 5602
0 27 2816 5450
0 28 2866 5484
0 29 2949 5417
0 30 2850 5482
0 31 2969 5492
0 32 2893 5442
0 33 2974 5529
0 34 2847 5531
0 35 2968 5466
0 36 2972 5543
0 37 2984 5474
0 38 2944 5461
0 39 2821 5512
0 40 2856 5499
0 41 2847 5563
0 42 2938 5445
0 43 1604 4761
0 44 1527 5003
0 45 1318 4687
0 46 1071 4816
0 47 1578 4791
0 48 1377 4803
0 49 1277 4597
0 50 1312 5099
0 51 1556 4731
0 52 1156 4917
0 53 1528 4997
0 54 1406 4650
0 55 1310 4849
0 56 1381 4629
0 57 1165 5055
0 58 1150 4927
0 59 1102 4862
0 60 1286 4742
0 61 1561 4964
0 62 1299 5100
0 63 1189 4850
0 64 1407 4694
0 65 1353 4574
0 66 1241 4933
0 67 1609 4806
0 68 1137 4910
0 69 1523 4706
0 70 1561 4729
0 71 1353 4824
0 72 1357 4754
0 73 2252 4429
0 74 2163 4274
0 75 2070 4533
0 76 2002 4304
0 77 1979 4354
0 78 1966 4306
0 79 2266 4432
0 80 2169 4418
0 81 2041 4490
0 82 1979 4246
0 83 2223 4302
0 84 2143 4430
0 85 2175 4374
0 86 1954 4345
0 87 2189 4211
0 88 2209 4246
0 89 1976 4478
0 90 2107 4270
0 91 2286 4303
0 92 1951 4307
0 93 2089 4455
0 94 2065 4515
0 95 2153 4236
0 96 2202 4311
0 97 2016 4487
0 98 4814 4333
0 99 4888 4326
0 100 4799 4583
0 101 4798 4417
0 102 4698 4472
0 103 4785 4397
0 104 4829 4345
0 105 4930 4362
0 106 4955 4381
0 107 4913 4397
0 108 4877 4600
0 109 4821 4544
0 110 4762 4437
0 111 4892 4475
0 112 4951 4557
0 113 4961 4533
0 114 4918 4567
0 115 4724 4376
0 116 4859 4307
0 117 4730 4395
0 118 4720 4387
0 119 4831 4538
0 120 4788 4433
0 121 4816 4554
0 122 4701 4412
0 123 4861 4475
0 124 4968 4392
0 125 4739 4484
0 126 4092 3898
0 127 3813 3859
0 128 3776 3984
0 129 3921 3749
0 130 3826 3813
0 131 4021 3744
0 132 3802 3846
0 133 3838 3828
0 134 3939 3860
0 135 4029 3918
0 136 3853 3777
0 137 4041 3752
0 138 4175 4013
0 139 4066 3760
0 140 4142 3928
0 141 4098 3947
0 142 4135 3836
0 143 3832 3994
0 144 4066 3894
0 145 4025 3979
0 146 4041 3938
0 147 4157 3849
0 148 4080 3923
0 149 4116 4041
0 150 4170 3971
0 151 4119 3851
0 152 3983 4050
0 153 4036 4116
0 154 4021 4065
0 155 2810 4281
0 156 2876 4311
0 157 2886 4354
0 158 2709 4127
0 159 2901 4131
0 160 2791 4363
0 161 2895 4303
0 162 2806 4091
0 163 2884 4088
0 164 2876 4172
0 165 2920 4131
0 166 2789 4376
0 167 2774 4097
0 168 2900 4236
0 169 2981 4273
0 170 2922 4168
0 171 2818 4294
0 172 2786 4128
0 173 2877 4214
0 174 2832 4320
0 175 2806 4253
0 176 2965 4257
0 177 2822 4151
0 178 2865 4299
0 179 2786 4381
0 180 2872 4186
0 181 3740 4459
0 182 3831 4274
0 183 3894 4569
0 184 3868 4385
0 185 3986 4359
0 186 3860 4376
0 187 3886 4263
0 188 3887 4543
0 189 3896 4383
0 190 3843 4342
0 191 3963 4508
0 192 3988 4411
0 193 3966 4363
0 194 3997 4316
0 195 3968 4284
0 196 3800 4250
0 197 3974 4503
0 198 3953 4433
0 199 3964 4339
0 200 3976 4407
0 201 3875 4238
0 202 3868 4384
0 203 3785 4499
0 204 3996 4360
0 205 3968 4429
0 206 3718 4472
0 207 3842 4473
0 208 3898 4446
0 209 3841 4437
0 210 3861 4249
0 211 4041 4902
0 212 4205 5177
0 213 4074 4890
0 214 4339 4898
0 215 4149 5117
0 216 4386 5010
0 217 4396 4907
0 218 4176 4911
0 219 4351 4849
0 220 4170 5251
0 221 4384 4920
0 222 4302 5128
0 223 4049 4846
0 224 4184 4794
0 225 4412 5132
0 226 4242 4970
0 227 4307 5013
0 228 4261 5197
0 229 4082 4964
0 230 4211 4868
0 231 1182 3347
0 232 1277 3595
0 233 1081 3370
0 234 1292 3289
0 235 1285 3526
0 236 1159 3505
0 237 1349 3443
0 238 1134 3461
0 239 1226 3307
0 240 1164 3531
0 241 1133 3335
0 242 1367 3426
0 243 1308 3358
0 244 1138 3452
0 245 1260 3380
0 246 1331 3531
0 247 1153 3431
0 248 1178 3562
0 249 1077 3483
0 250 1205 3358
0 251 1239 3302
0 252 1317 3435
0 253 1211 3311
0 254 1175 3314
0 255 1094 3360
0 256 1231 3389
0 257 1137 3538
0 258 1230 3453
0 259 1114 3489
0 260 1282 3458
0 261 3313 2958
0 262 3323 2892
0 263 3189 3155
0 264 3365 3107
0 265 3336 3155
0 266 3351 3044
0 267 3314 3174
0 268 3409 2902
0 269 3431 3026
0 270 3088 3128
0 271 3333 3047
0 272 3447 2959
0 273 3212 3029
0 274 3411 3207
0 275 3185 3055
0 276 3221 2870
0 277 3318 3026
0 278 3186 3090
0 279 3215 3133
0 280 3308 3023
