0 8100 0 10000 0 10000
0 0 3785 4128
0 1 4477 4561
0 2 4125 4682
0 3 3130 3967
0 4 4088 5880
0 5 4202 3699
0 6 4477 4561
0 7 4477 4561
0 8 4477 4561
0 9 4125 4682
0 10 4125 4682
0 11 4125 4682
0 12 3130 3967
0 13 3130 3967
0 14 4088 5880
0 15 4088 5880
0 16 4088 5880
0 17 4202 3699
0 18 4202 3699
0 19 4202 3699
0 20 4664 4583
0 21 4598 4631
0 22 4316 4573
0 23 4554 4534
0 24 4439 4451
0 25 4463 4506
0 26 4378 4703
0 27 4541 4649
0 28 4440 4505
0 29 4435 4589
0 30 4614 4622
0 31 4552 4526
0 32 4591 4582
0 33 4352 4379
0 34 4595 4684
0 35 4292 4674
0 36 4590 4626
0 37 4505 4424
0 38 4299 4450
0 39 4562 4427
0 40 3982 4919
0 41 3884 4528
0 42 4265 4550
0 43 3989 4615
0 44 4051 4752
0 45 4159 4662
0 46 4225 4833
0 47 4355 4734
0 48 3930 4499
0 49 4094 4417
0 50 4172 4870
0 51 4206 4774
0 52 4382 4625
0 53 4373 4727
0 54 4164 4672
0 55 4379 4530
0 56 4144 4535
0 57 4082 4883
0 58 4087 4559
0 59 4340 4712
0 60 4322 4510
0 61 3221 3960
0 62 3108 3938
0 63 3099 4095
0 64 3050 4096
0 65 3235 3760
0 66 3058 3793
0 67 3141 3946
0 68 2941 3857
0 69 3282 3996
0 70 3308 4114
0 71 3283 4128
0 72 3098 3863
0 73 3162 3757
0 74 3008 3759
0 75 3162 4003
0 76 2923 3962
0 77 3136 3743
0 78 3204 3976
0 79 2992 4146
0 80 3045 4126
0 81 2929 4008
0 82 3021 3973
0 83 3244 3871
0 84 3119 3839
0 85 3018 3807
0 86 4164 6014
0 87 3948 5823
0 88 4005 5844
0 89 3991 5708
0 90 4197 5943
0 91 4144 6085
0 92 4210 6017
0 93 4160 5986
0 94 4185 5996
0 95 3967 5908
0 96 4227 5823
0 97 4035 5671
0 98 3878 5892
0 99 4309 5841
0 100 3918 5854
0 101 4044 5776
0 102 4269 5893
0 103 3952 5843
0 104 4004 6073
0 105 4264 5847
0 106 4217 5758
0 107 4150 3699
0 108 4003 3700
0 109 4165 3721
0 110 4286 3722
0 111 4001 3670
0 112 4263 3554
0 113 4245 3649
0 114 4129 3651
0 115 4167 3889
0 116 4368 3626
0 117 4120 3506
0 118 4238 3773
0 119 4152 3740
0 120 4054 3609
0 121 4006 3740
0 122 4122 3669
0 123 4271 3630
0 124 4151 3681
0 125 4348 3777
0 126 4123 3515
0 127 4327 3756
0 128 4232 3850
300 0 3785 4128
300 1 4477 4561
300 2 4125 4682
300 3 3130 3967
300 4 4088 5880
300 5 4202 3699
300 6 4477 4561
300 7 4477 4561
300 8 4477 4561
300 9 4125 4682
300 10 4125 4682
300 11 4125 4682
300 12 3130 3967
300 13 3130 3967
300 14 4088 5880
300 15 4088 5880
300 16 4088 5880
300 17 4202 3699
300 18 4202 3699
300 19 4202 3699
300 20 4252 4582
300 21 4514 4689
300 22 4380 4364
300 23 4314 4534
300 24 4612 4398
300 25 4694 4467
300 26 4550 4737
300 27 4434 4574
300 28 4609 4395
300 29 4509 4754
300 30 4537 4681
300 31 4396 4563
300 32 4602 4664
300 33 4471 4338
300 34 4575 4733
300 35 4471 4710
300 36 4608 4582
300 37 4299 4519
300 38 4577 4770
300 39 4385 4635
300 40 4195 4484
300 41 4302 4551
300 42 4344 4725
300 43 4077 4660
300 44 4297 4779
300 45 3988 4804
300 46 3993 4949
300 47 4109 4936
300 48 4310 4650
300 49 4196 4645
300 50 4154 4848
300 51 4005 4716
300 52 4062 4781
300 53 4126 4386
300 54 4318 4467
300 55 4072 4670
300 56 4344 4836
300 57 4149 4401
300 58 4012 4682
300 59 4223 4667
300 60 4316 4853
300 61 3221 3923
300 62 2973 3949
300 63 3246 4072
300 64 2994 3806
300 65 3166 3845
300 66 3000 4109
300 67 3024 4108
300 68 3257 3989
300 69 2978 3905
300 70 3066 4056
300 71 3254 4047
300 72 3024 4088
300 73 3179 3956
300 74 3229 3956
300 75 3278 3905
300 76 3208 3767
300 77 3097 4007
300 78 2918 3907
300 79 3261 4151
300 80 3353 3982
300 81 3338 4014
300 82 2921 3955
300 83 3097 3809
300 84 3173 4100
300 85 3023 3989
300 86 4278 5882
300 87 4062 5960
300 88 4260 5736
300 89 3931 5704
300 90 4067 5897
300 91 4233 5741
300 92 4281 5943
300 93 4253 5990
300 94 4039 5980
300 95 4073 5973
300 96 4137 5963
300 97 4181 5718
300 98 3973 6063
300 99 4241 5990
300 100 4223 5894
300 101 4009 5842
300 102 4309 5960
300 103 4115 5742
300 104 4140 5683
300 105 4161 5948
300 106 4019 5851
300 107 4399 3656
300 108 4372 3760
300 109 4263 3894
300 110 4233 3578
300 111 4232 3505
300 112 4119 3632
300 113 4364 3687
300 114 3992 3673
300 115 4218 3682
300 116 4250 3896
300 117 4137 3722
300 118 4322 3813
300 119 4008 3766
300 120 4321 3565
300 121 4275 3867
300 122 4269 3512
300 123 4106 3627
300 124 4160 3785
300 125 4235 3572
300 126 4155 3755
300 127 4302 3875
300 128 4192 3792
600 0 3785 4128
600 1 4477 4561
600 2 4125 4682
600 3 3130 3967
600 4 4088 5880
600 5 4202 3699
600 6 4477 4561
600 7 4477 4561
600 8 4477 4561
600 9 4125 4682
600 10 4125 4682
600 11 4125 4682
600 12 3130 3967
600 13 3130 3967
600 14 4088 5880
600 15 4088 5880
600 16 4088 5880
600 17 4202 3699
600 18 4202 3699
600 19 4202 3699
600 20 4675 4563
600 21 4398 4403
600 22 4684 4561
600 23 4472 4493
600 24 4664 4686
600 25 4249 4638
600 26 4280 4586
600 27 4548 4346
600 28 4658 4446
600 29 4326 4456
600 30 4389 4533
600 31 4479 4769
600 32 4476 4345
600 33 4374 4666
600 34 4370 4752
600 35 4374 4725
600 36 4652 4478
600 37 4549 4415
600 38 4520 4559
600 39 4638 4435
600 40 4128 4802
600 41 4072 4796
600 42 3927 4832
600 43 4180 4962
600 44 4346 4510
600 45 4251 4757
600 46 4172 4528
600 47 4020 4601
600 48 4350 4716
600 49 4033 4707
600 50 4212 4870
600 51 4023 4465
600 52 4303 4853
600 53 4184 4898
600 54 4093 4690
600 55 4293 4742
600 56 4147 4838
600 57 4043 4848
600 58 4393 4549
600 59 3913 4821
600 60 4096 4733
600 61 3034 4006
600 62 3263 3797
600 63 3089 3936
600 64 2944 3811
600 65 3344 3904
600 66 3366 4037
600 67 3060 4034
600 68 3123 4033
600 69 3201 4012
600 70 3094 4038
600 71 2961 3845
600 72 3241 4161
600 73 3294 3919
600 74 3003 4173
600 75 3313 4087
600 76 3216 3755
600 77 3307 3983
600 78 3237 3854
600 79 2936 3807
600 80 3249 4046
600 81 3092 4010
600 82 2941 4024
600 83 3025 4090
600 84 3048 3856
600 85 3203 4011
600 86 3999 5773
600 87 3945 5950
600 88 4141 5730
600 89 3926 5975
600 90 4052 5745
600 91 4060 5650
600 92 4155 5698
600 93 4143 5953
600 94 4166 6061
600 95 4219 5975
600 96 4167 6064
600 97 4293 5794
600 98 4211 6032
600 99 4044 5800
600 100 4087 5984
600 101 4012 5695
600 102 3996 5755
600 103 4278 5830
600 104 4080 6011
600 105 4014 5828
600 106 4091 5934
600 107 4156 3768
600 108 4288 3746
600 109 4117 3663
600 110 4286 3781
600 111 4269 3851
600 112 4314 3535
600 113 4130 3802
600 114 4110 3673
600 115 4279 3623
600 116 4140 3821
600 117 4048 3790
600 118 4080 3646
600 119 4407 3680
600 120 4063 3605
600 121 4293 3845
600 122 4280 3754
600 123 4300 3859
600 124 4107 3547
600 125 4320 3869
600 126 4350 3615
600 127 4145 3788
600 128 4206 3655
900 0 3785 4128
900 1 4477 4561
900 2 4125 4682
900 3 3130 3967
900 4 4088 5880
900 5 4202 3699
900 6 4477 4561
900 7 4477 4561
900 8 4477 4561
900 9 4125 4682
900 10 4125 4682
900 11 4125 4682
900 12 3130 3967
900 13 3130 3967
900 14 4088 5880
900 15 4088 5880
900 16 4088 5880
900 17 4202 3699
900 18 4202 3699
900 19 4202 3699
900 20 4681 4586
900 21 4268 4451
900 22 4406 4339
900 23 4424 4451
900 24 4438 4617
900 25 4673 4659
900 26 4633 4382
900 27 4295 4485
900 28 4596 4763
900 29 4378 4454
900 30 4298 4515
900 31 4478 4509
900 32 4453 4537
900 33 4501 4743
900 34 4664 4615
900 35 4256 4537
900 36 4413 4435
900 37 4668 4590
900 38 4704 4499
900 39 4243 4582
900 40 4010 4607
900 41 4071 4974
900 42 4124 4795
900 43 4313 4585
900 44 3903 4628
900 45 4067 4619
900 46 4139 4780
900 47 4242 4717
900 48 3959 4702
900 49 4029 4595
900 50 3960 4604
900 51 4299 4597
900 52 4359 4573
900 53 3949 4797
900 54 4190 4850
900 55 4280 4482
900 56 4003 4755
900 57 4038 4432
900 58 4167 4871
900 59 3905 4831
900 60 4039 4812
900 61 3194 3756
900 62 2973 4150
900 63 2923 3882
900 64 3060 3772
900 65 3264 3797
900 66 3301 4025
900 67 2943 4006
900 68 3297 3967
900 69 3051 4003
900 70 3129 3892
900 71 3198 4029
900 72 2885 3952
900 73 3107 3836
900 74 3033 3863
900 75 3211 3924
900 76 3089 4050
900 77 3177 3960
900 78 3207 3791
900 79 3324 3893
900 80 2944 3894
900 81 3102 4215
900 82 3148 3847
900 83 3274 3807
900 84 2943 3953
900 85 3087 4130
900 86 4292 5807
900 87 4148 5894
900 88 4022 6041
900 89 4038 6079
900 90 4057 6011
900 91 4134 5724
900 92 3877 5832
900 93 3872 5786
900 94 4293 5994
900 95 4059 5954
900 96 4018 5769
900 97 4079 5892
900 98 4088 5843
900 99 4178 6029
900 100 3998 5870
900 101 3963 5873
900 102 4268 6026
900 103 4029 5882
900 104 3915 5961
900 105 3859 5941
900 106 4075 5860
900 107 4199 3850
900 108 4221 3606
900 109 4292 3819
900 110 3993 3699
900 111 4359 3793
900 112 4215 3704
900 113 4055 3724
900 114 4368 3736
900 115 4094 3647
900 116 4109 3512
900 117 4110 3627
900 118 4206 3781
900 119 4208 3890
900 120 4129 3798
900 121 4106 3762
900 122 4275 3713
900 123 4382 3753
900 124 4109 3701
900 125 4342 3710
900 126 4256 3826
900 127 4125 3574
900 128 4122 3544
1200 0 3785 4128
1200 1 4477 4561
1200 2 4125 4682
1200 3 3130 3967
1200 4 4088 5880
1200 5 4202 3699
1200 6 4477 4561
1200 7 4477 4561
1200 8 4477 4561
1200 9 4125 4682
1200 10 4125 4682
1200 11 4125 4682
1200 12 3130 3967
1200 13 3130 3967
1200 14 4088 5880
1200 15 4088 5880
1200 16 4088 5880
1200 17 4202 3699
1200 18 4202 3699
1200 19 4202 3699
1200 20 4419 4402
1200 21 4253 4550
1200 22 4492 4364
1200 23 4606 4698
1200 24 4413 4350
1200 25 4662 4519
1200 26 4537 4348
1200 27 4376 4487
1200 28 4553 4408
1200 29 4307 4388
1200 30 4489 4778
1200 31 4592 4721
1200 32 4462 4477
1200 33 4458 4332
1200 34 4665 4598
1200 35 4516 4361
1200 36 4701 4613
1200 37 4666 4606
1200 38 4650 4651
1200 39 4625 4625
1200 40 4253 4875
1200 41 3843 4651
1200 42 4343 4730
1200 43 3900 4862
1200 44 4131 4779
1200 45 4387 4611
1200 46 4326 4768
1200 47 4152 4855
1200 48 3855 4589
1200 49 4238 4939
1200 50 4002 4753
1200 51 4028 4573
1200 52 4418 4679
1200 53 4316 4526
1200 54 4062 4917
1200 55 4065 4648
1200 56 4098 4926
1200 57 3919 4878
1200 58 4394 4646
1200 59 3945 4807
1200 60 4251 4564
1200 61 2978 4098
1200 62 3167 3997
1200 63 3294 3948
1200 64 3239 4159
1200 65 3210 3948
1200 66 3236 3906
1200 67 3087 3723
1200 68 3143 4130
1200 69 3057 4037
1200 70 2980 4050
1200 71 2936 3861
1200 72 3138 3825
1200 73 3154 4180
1200 74 3200 3964
1200 75 3171 3724
1200 76 3268 3961
1200 77 3036 3944
1200 78 3265 3845
1200 79 3110 3978
1200 80 3318 3928
1200 81 3219 4089
1200 82 3293 3810
1200 83 3215 4080
1200 84 3299 4074
1200 85 3046 3804
1200 86 4226 5707
1200 87 3964 5976
1200 88 3907 5892
1200 89 3930 5792
1200 90 4202 5747
1200 91 3964 5920
1200 92 4237 6018
1200 93 4207 5932
1200 94 3905 5737
1200 95 3971 6058
1200 96 3910 5972
1200 97 4174 5695
1200 98 4211 6052
1200 99 4084 5805
1200 100 4002 5709
1200 101 3926 5797
1200 102 4111 5967
1200 103 4113 5709
1200 104 3944 5862
1200 105 4078 5695
1200 106 4008 5824
1200 107 4386 3599
1200 108 4074 3745
1200 109 4310 3703
1200 110 4261 3869
1200 111 4254 3778
1200 112 4138 3715
1200 113 4065 3554
1200 114 4105 3860
1200 115 4022 3711
1200 116 4260 3598
1200 117 4071 3789
1200 118 4211 3542
1200 119 4243 3729
1200 120 4165 3548
1200 121 4345 3786
1200 122 4242 3596
1200 123 4080 3801
1200 124 4331 3835
1200 125 4319 3565
1200 126 4285 3512
1200 127 4224 3697
1200 128 4181 3645
1500 0 3785 4128
1500 1 4477 4561
1500 2 4125 4682
1500 3 3130 3967
1500 4 4088 5880
1500 5 4202 3699
1500 6 4477 4561
1500 7 4477 4561
1500 8 4477 4561
1500 9 4125 4682
1500 10 4125 4682
1500 11 4125 4682
1500 12 3130 3967
1500 13 3130 3967
1500 14 4088 5880
1500 15 4088 5880
1500 16 4088 5880
1500 17 4202 3699
1500 18 4202 3699
1500 19 4202 3699
1500 20 4262 4667
1500 21 4626 4579
1500 22 4602 4711
1500 23 4667 4642
1500 24 4432 4384
1500 25 4580 4676
1500 26 4585 4426
1500 27 4391 4707
1500 28 4270 4577
1500 29 4262 4486
1500 30 4535 4617
1500 31 4283 4601
1500 32 4423 4434
1500 33 4429 4453
1500 34 4583 4431
1500 35 4578 4620
1500 36 4243 4546
1500 37 4581 4380
1500 38 4526 4392
1500 39 4454 4354
1500 40 4324 4609
1500 41 4373 4632
1500 42 4006 4902
1500 43 4418 4650
1500 44 4079 4704
1500 45 4213 4733
1500 46 4061 4756
1500 47 4318 4511
1500 48 4042 4840
1500 49 4348 4613
1500 50 3996 4488
1500 51 4213 4505
1500 52 3982 4510
1500 53 3910 4807
1500 54 4169 4699
1500 55 4266 4690
1500 56 3957 4689
1500 57 4057 4585
1500 58 3884 4514
1500 59 3920 4801
1500 60 4222 4839
1500 61 3107 4043
1500 62 3223 4148
1500 63 3040 4201
1500 64 3025 4195
1500 65 3322 3850
1500 66 3261 3962
1500 67 3236 3953
1500 68 3130 3716
1500 69 3142 3994
1500 70 3332 4112
1500 71 2976 4103
1500 72 3228 4128
1500 73 3191 4200
1500 74 3125 4043
1500 75 3105 3870
1500 76 3031 3784
1500 77 3169 3952
1500 78 2985 3899
1500 79 3268 4043
1500 80 2926 4046
1500 81 3138 4145
1500 82 3156 3807
1500 83 3228 4116
1500 84 3042 3884
1500 85 3277 4040
1500 86 4040 5712
1500 87 4174 5753
1500 88 3988 5674
1500 89 4094 5877
1500 90 4302 5821
1500 91 4148 5766
1500 92 4084 6055
1500 93 4046 5817
1500 94 4036 6105
1500 95 4103 5675
1500 96 4106 6013
1500 97 4220 5873
1500 98 3911 5741
1500 99 3872 5938
1500 100 3970 5747
1500 101 4059 5818
1500 102 3911 5874
1500 103 4022 5902
1500 104 4186 5831
1500 105 4149 5866
1500 106 3918 5791
1500 107 4154 3549
1500 108 4039 3641
1500 109 4302 3530
1500 110 4178 3846
1500 111 4259 3762
1500 112 4127 3648
1500 113 4236 3815
1500 114 4349 3655
1500 115 4299 3883
1500 116 4145 3543
1500 117 4047 3827
1500 118 4026 3590
1500 119 4099 3863
1500 120 4399 3721
1500 121 4166 3807
1500 122 4189 3826
1500 123 4117 3857
1500 124 4266 3585
1500 125 4354 3786
1500 126 4035 3717
1500 127 4106 3714
1500 128 4341 3718
1800 0 3785 4128
1800 1 4477 4561
1800 2 4125 4682
1800 3 3130 3967
1800 4 4088 5880
1800 5 4202 3699
1800 6 4477 4561
1800 7 4477 4561
1800 8 4477 4561
1800 9 4125 4682
1800 10 4125 4682
1800 11 4125 4682
1800 12 3130 3967
1800 13 3130 3967
1800 14 4088 5880
1800 15 4088 5880
1800 16 4088 5880
1800 17 4202 3699
1800 18 4202 3699
1800 19 4202 3699
1800 20 4495 4434
1800 21 4493 4706
1800 22 4593 4745
1800 23 4300 4530
1800 24 4650 4640
1800 25 4551 4428
1800 26 4294 4702
1800 27 4472 4607
1800 28 4664 4662
1800 29 4342 4561
1800 30 4546 4578
1800 31 4596 4760
1800 32 4527 4792
1800 33 4531 4640
1800 34 4309 4456
1800 35 4301 4622
1800 36 4693 4498
1800 37 4400 4433
1800 38 4651 4522
1800 39 4440 4676
1800 40 4334 4891
1800 41 4152 4467
1800 42 4303 4686
1800 43 4224 4611
1800 44 4159 4397
1800 45 3930 4674
1800 46 3969 4708
1800 47 4065 4808
1800 48 4254 4911
1800 49 3933 4758
1800 50 4179 4863
1800 51 4067 4696
1800 52 4205 4841
1800 53 4281 4866
1800 54 4191 4728
1800 55 4126 4969
1800 56 3860 4675
1800 57 4156 4775
1800 58 4332 4879
1800 59 3923 4641
1800 60 3936 4774
1800 61 2988 3858
1800 62 2911 3898
1800 63 3186 3985
1800 64 2987 4016
1800 65 3303 3952
1800 66 2955 3969
1800 67 3322 4117
1800 68 3250 4118
1800 69 3141 3923
1800 70 3311 3903
1800 71 3097 3780
1800 72 3009 3920
1800 73 3211 3867
1800 74 3312 3987
1800 75 3328 3881
1800 76 3169 4209
1800 77 3092 4042
1800 78 3275 3998
1800 79 3080 4197
1800 80 2895 4057
1800 81 3110 3927
1800 82 3272 4103
1800 83 3074 3956
1800 84 3274 4118
1800 85 3213 3967
1800 86 3960 5876
1800 87 3970 5982
1800 88 4028 5906
1800 89 3940 5952
1800 90 3903 5853
1800 91 4159 5902
1800 92 4044 5830
1800 93 4139 5837
1800 94 3981 6020
1800 95 4181 5992
1800 96 3940 6061
1800 97 3963 5951
1800 98 3930 5855
1800 99 4284 5874
1800 100 3976 5838
1800 101 3946 5912
1800 102 3876 5810
1800 103 4022 5777
1800 104 3929 5708
1800 105 3884 5959
1800 106 4239 5710
1800 107 4101 3584
1800 108 4195 3683
1800 109 4120 3535
1800 110 4298 3825
1800 111 4375 3699
1800 112 4136 3570
1800 113 4274 3605
1800 114 4382 3679
1800 115 4314 3874
1800 116 4260 3597
1800 117 4336 3773
1800 118 4189 3711
1800 119 4141 3508
1800 120 4056 3662
1800 121 4190 3901
1800 122 4110 3608
1800 123 4093 3692
1800 124 4205 3689
1800 125 4278 3511
1800 126 4249 3492
1800 127 4282 3867
1800 128 4379 3779
2100 0 3785 4128
2100 1 4477 4561
2100 2 4125 4682
2100 3 3130 3967
2100 4 4088 5880
2100 5 4202 3699
2100 6 4477 4561
2100 7 4477 4561
2100 8 4477 4561
2100 9 4125 4682
2100 10 4125 4682
2100 11 4125 4682
2100 12 3130 3967
2100 13 3130 3967
2100 14 4088 5880
2100 15 4088 5880
2100 16 4088 5880
2100 17 4202 3699
2100 18 4202 3699
2100 19 4202 3699
2100 20 4449 4544
2100 21 4512 4378
2100 22 4694 4592
2100 23 4377 4465
2100 24 4456 4693
2100 25 4534 4600
2100 26 4277 4434
2100 27 4667 4468
2100 28 4438 4648
2100 29 4415 4558
2100 30 4599 4740
2100 31 4450 4522
2100 32 4419 4363
2100 33 4509 4600
2100 34 4398 4345
2100 35 4432 4798
2100 36 4578 4651
2100 37 4525 4649
2100 38 4565 4732
2100 39 4476 4325
2100 40 3999 4766
2100 41 4019 4896
2100 42 4081 4717
2100 43 4290 4480
2100 44 4202 4761
2100 45 4054 4840
2100 46 3883 4590
2100 47 3859 4792
2100 48 4063 4580
2100 49 4009 4834
2100 50 4146 4557
2100 51 4409 4747
2100 52 4302 4750
2100 53 4047 4625
2100 54 4354 4829
2100 55 4122 4549
2100 56 4089 4675
2100 57 4059 4855
2100 58 4309 4822
2100 59 4009 4435
2100 60 4272 4798
2100 61 3326 3894
2100 62 3064 3909
2100 63 2978 3984
2100 64 3191 3924
2100 65 3064 3868
2100 66 3281 3953
2100 67 3005 4054
2100 68 3255 3886
2100 69 3006 3877
2100 70 3226 3953
2100 71 2943 3815
2100 72 3124 3863
2100 73 3325 3984
2100 74 3153 3967
2100 75 3129 3893
2100 76 3180 3919
2100 77 3309 4070
2100 78 3310 3912
2100 79 2948 3816
2100 80 2885 3959
2100 81 3165 4167
2100 82 3003 4122
2100 83 3297 3802
2100 84 3101 3848
2100 85 2970 3774
2100 86 3883 5959
2100 87 4104 5966
2100 88 4227 5693
2100 89 4282 5802
2100 90 4115 5993
2100 91 4084 5942
2100 92 4210 6005
2100 93 4078 5804
2100 94 4226 5903
2100 95 4231 5727
2100 96 3919 5966
2100 97 3988 5668
2100 98 3951 5775
2100 99 4207 5821
2100 100 4036 5965
2100 101 4075 5999
2100 102 4045 5927
2100 103 4089 5896
2100 104 3972 5821
2100 105 4180 5903
2100 106 4133 6081
2100 107 4052 3842
2100 108 4240 3761
2100 109 4258 3854
2100 110 4142 3532
2100 111 4108 3631
2100 112 4128 3629
2100 113 4121 3763
2100 114 4167 3539
2100 115 4172 3519
2100 116 4075 3677
2100 117 4206 3714
2100 118 4143 3880
2100 119 4113 3756
2100 120 4247 3791
2100 121 4089 3653
2100 122 4195 3858
2100 123 4098 3763
2100 124 4250 3903
2100 125 4261 3842
2100 126 4002 3744
2100 127 4330 3734
2100 128 4183 3520
2400 0 3785 4128
2400 1 4477 4561
2400 2 4125 4682
2400 3 3130 3967
2400 4 4088 5880
2400 5 4202 3699
2400 6 4477 4561
2400 7 4477 4561
2400 8 4477 4561
2400 9 4125 4682
2400 10 4125 4682
2400 11 4125 4682
2400 12 3130 3967
2400 13 3130 3967
2400 14 4088 5880
2400 15 4088 5880
2400 16 4088 5880
2400 17 4202 3699
2400 18 4202 3699
2400 19 4202 3699
2400 20 4601 4733
2400 21 4456 4369
2400 22 4458 4610
2400 23 4397 4699
2400 24 4437 4389
2400 25 4483 4400
2400 26 4570 4357
2400 27 4521 4509
2400 28 4552 4640
2400 29 4675 4590
2400 30 4376 4489
2400 31 4525 4589
2400 32 4419 4791
2400 33 4314 4404
2400 34 4497 4636
2400 35 4448 4551
2400 36 4635 4388
2400 37 4268 4506
2400 38 4558 4353
2400 39 4428 4573
2400 40 4395 4675
2400 41 4100 4544
2400 42 3919 4750
2400 43 4095 4935
2400 44 4018 4422
2400 45 4086 4899
2400 46 4118 4980
2400 47 4273 4656
2400 48 4178 4505
2400 49 4306 4864
2400 50 4339 4544
2400 51 4302 4916
2400 52 4150 4784
2400 53 4205 4706
2400 54 4059 4747
2400 55 3950 4560
2400 56 4154 4440
2400 57 4350 4623
2400 58 3865 4606
2400 59 4241 4835
2400 60 4254 4621
2400 61 3160 3951
2400 62 2942 3968
2400 63 3182 4002
2400 64 3316 3831
2400 65 3079 3932
2400 66 2976 3853
2400 67 3357 4066
2400 68 3006 4162
2400 69 3181 3765
2400 70 3163 3768
2400 71 2936 3899
2400 72 3174 4075
2400 73 3236 4183
2400 74 2902 3874
2400 75 3196 4143
2400 76 3127 4113
2400 77 3364 3921
2400 78 2932 3909
2400 79 3172 3760
2400 80 3273 4080
2400 81 3072 3814
2400 82 3329 3869
2400 83 3217 3860
2400 84 3248 3788
2400 85 3059 4058
2400 86 4058 5972
2400 87 4138 5897
2400 88 4203 5835
2400 89 3960 5999
2400 90 4236 5819
2400 91 4258 6029
2400 92 3988 5895
2400 93 3982 5917
2400 94 4025 5678
2400 95 4010 5800
2400 96 3852 5847
2400 97 4156 5912
2400 98 4216 5741
2400 99 4261 5723
2400 100 3894 5971
2400 101 4129 6109
2400 102 4059 5773
2400 103 4002 6100
2400 104 3998 5687
2400 105 4113 5902
2400 106 4080 6083
2400 107 4069 3822
2400 108 4178 3768
2400 109 4053 3567
2400 110 4233 3506
2400 111 4216 3618
2400 112 4209 3521
2400 113 4068 3692
2400 114 4298 3571
2400 115 4296 3807
2400 116 4213 3872
2400 117 4046 3657
2400 118 4403 3752
2400 119 4403 3682
2400 120 4054 3678
2400 121 4280 3575
2400 122 4238 3696
2400 123 4071 3719
2400 124 4044 3742
2400 125 4215 3654
2400 126 4235 3790
2400 127 4028 3647
2400 128 4074 3624
2700 0 3785 4128
2700 1 4477 4561
2700 2 4125 4682
2700 3 3130 3967
2700 4 4088 5880
2700 5 4202 3699
2700 6 4477 4561
2700 7 4477 4561
2700 8 4477 4561
2700 9 4125 4682
2700 10 4125 4682
2700 11 4125 4682
2700 12 3130 3967
2700 13 3130 3967
2700 14 4088 5880
2700 15 4088 5880
2700 16 4088 5880
2700 17 4202 3699
2700 18 4202 3699
2700 19 4202 3699
2700 20 4574 4438
2700 21 4351 4608
2700 22 4543 4474
2700 23 4446 4666
2700 24 4577 4563
2700 25 4621 4515
2700 26 4322 4622
2700 27 4411 4710
2700 28 4380 4772
2700 29 4505 4796
2700 30 4562 4773
2700 31 4491 4490
2700 32 4340 4516
2700 33 4510 4728
2700 34 4465 4345
2700 35 4332 4743
2700 36 4616 4424
2700 37 4476 4332
2700 38 4622 4731
2700 39 4458 4354
2700 40 3826 4665
2700 41 4385 4592
2700 42 3989 4723
2700 43 4293 4462
2700 44 4130 4934
2700 45 4376 4615
2700 46 4002 4777
2700 47 3946 4672
2700 48 4129 4970
2700 49 4148 4662
2700 50 3923 4888
2700 51 4016 4569
2700 52 3995 4806
2700 53 4187 4852
2700 54 3921 4669
2700 55 4203 4886
2700 56 4144 4740
2700 57 4290 4749
2700 58 4267 4442
2700 59 3869 4670
2700 60 3963 4715
2700 61 3009 4177
2700 62 3285 4163
2700 63 3206 4168
2700 64 3170 3755
2700 65 3148 3962
2700 66 3187 3803
2700 67 3088 4177
2700 68 3136 4176
2700 69 3207 4082
2700 70 3161 4118
2700 71 3139 3888
2700 72 3274 4130
2700 73 3087 4085
2700 74 2935 3878
2700 75 3369 3900
2700 76 3010 4093
2700 77 3050 3939
2700 78 3237 3917
2700 79 3338 4067
2700 80 3253 4059
2700 81 2898 3936
2700 82 3053 4181
2700 83 3016 3815
2700 84 3254 4071
2700 85 2996 4001
2700 86 3982 5710
2700 87 3937 5708
2700 88 4154 5800
2700 89 4267 5898
2700 90 3961 5789
2700 91 4237 5822
2700 92 4143 5766
2700 93 3972 6040
2700 94 4246 5973
2700 95 4011 5914
2700 96 3982 5927
2700 97 4200 5897
2700 98 4136 6061
2700 99 4080 5668
2700 100 3901 5948
2700 101 4048 5779
2700 102 3897 6009
2700 103 4111 6092
2700 104 3930 5727
2700 105 4134 5943
2700 106 3987 6052
2700 107 4149 3871
2700 108 4133 3882
2700 109 4167 3904
2700 110 4284 3674
2700 111 4229 3509
2700 112 4307 3628
2700 113 4338 3817
2700 114 4228 3685
2700 115 4150 3803
2700 116 4404 3681
2700 117 4234 3561
2700 118 4050 3569
2700 119 4077 3718
2700 120 4264 3529
2700 121 4017 3748
2700 122 4234 3573
2700 123 4294 3566
2700 124 4124 3840
2700 125 4244 3888
2700 126 4271 3859
2700 127 4053 3815
2700 128 4351 3808
3000 0 3785 4128
3000 1 4477 4561
3000 2 4125 4682
3000 3 3130 3967
3000 4 4088 5880
3000 5 4202 3699
3000 6 4477 4561
3000 7 4477 4561
3000 8 4477 4561
3000 9 4125 4682
3000 10 4125 4682
3000 11 4125 4682
3000 12 3130 3967
3000 13 3130 3967
3000 14 4088 5880
3000 15 4088 5880
3000 16 4088 5880
3000 17 4202 3699
3000 18 4202 3699
3000 19 4202 3699
3000 20 4503 4320
3000 21 4444 4788
3000 22 4403 4574
3000 23 4446 4691
3000 24 4322 4501
3000 25 4619 4691
3000 26 4332 4407
3000 27 4287 4701
3000 28 4344 4678
3000 29 4432 4518
3000 30 4322 4688
3000 31 4427 4501
3000 32 4660 4463
3000 33 4626 4586
3000 34 4329 4393
3000 35 4464 4472
3000 36 4505 4433
3000 37 4629 4672
3000 38 4564 4648
3000 39 4608 4702
3000 40 4270 4911
3000 41 4234 4659
3000 42 3993 4777
3000 43 4377 4770
3000 44 3976 4825
3000 45 4117 4960
3000 46 4325 4771
3000 47 4257 4590
3000 48 4129 4731
3000 49 4345 4825
3000 50 3978 4598
3000 51 4287 4483
3000 52 3954 4619
3000 53 4169 4928
3000 54 4104 4791
3000 55 4138 4948
3000 56 4229 4799
3000 57 4074 4395
3000 58 4341 4883
3000 59 3902 4725
3000 60 3943 4768
3000 61 3170 3889
3000 62 3315 4043
3000 63 3033 4054
3000 64 2911 3844
3000 65 3269 4102
3000 66 3163 3999
3000 67 3224 4058
3000 68 3193 4064
3000 69 3082 4055
3000 70 3328 3904
3000 71 3289 3777
3000 72 3066 3908
3000 73 3221 4064
3000 74 3335 3871
3000 75 3186 4015
3000 76 3230 4124
3000 77 3105 3942
3000 78 3342 3951
3000 79 3104 3758
3000 80 2996 4021
3000 81 3123 3775
3000 82 3212 4193
3000 83 3168 3844
3000 84 3037 4085
3000 85 3309 3800
3000 86 3994 5974
3000 87 3991 5892
3000 88 4032 5832
3000 89 4184 6050
3000 90 4076 6022
3000 91 4159 5931
3000 92 4218 5984
3000 93 4037 5921
3000 94 3966 5710
3000 95 4057 5759
3000 96 4019 5976
3000 97 4130 5835
3000 98 4172 5729
3000 99 4169 5845
3000 100 4221 5932
3000 101 4055 5890
3000 102 4232 5834
3000 103 4032 5864
3000 104 4010 5959
3000 105 4192 6042
3000 106 4068 5848
3000 107 4184 3708
3000 108 4144 3748
3000 109 4153 3855
3000 110 4172 3531
3000 111 4090 3784
3000 112 4142 3834
3000 113 4146 3830
3000 114 4093 3542
3000 115 4255 3675
3000 116 4306 3796
3000 117 4228 3644
3000 118 4128 3586
3000 119 4279 3717
3000 120 4194 3755
3000 121 4371 3715
3000 122 4339 3601
3000 123 4266 3857
3000 124 4019 3688
3000 125 4060 3658
3000 126 4355 3830
3000 127 4360 3679
3000 128 4379 3613
3300 0 3785 4128
3300 1 4477 4561
3300 2 4125 4682
3300 3 3130 3967
3300 4 4088 5880
3300 5 4202 3699
3300 6 4477 4561
3300 7 4477 4561
3300 8 4477 4561
3300 9 4125 4682
3300 10 4125 4682
3300 11 4125 4682
3300 12 3130 3967
3300 13 3130 3967
3300 14 4088 5880
3300 15 4088 5880
3300 16 4088 5880
3300 17 4202 3699
3300 18 4202 3699
3300 19 4202 3699
3300 20 4305 4631
3300 21 4309 4709
3300 22 4598 4554
3300 23 4464 4555
3300 24 4309 4517
3300 25 4274 4537
3300 26 4467 4497
3300 27 4412 4424
3300 28 4319 4465
3300 29 4393 4437
3300 30 4357 4613
3300 31 4245 4503
3300 32 4662 4692
3300 33 4261 4537
3300 34 4533 4326
3300 35 4666 4695
3300 36 4442 4665
3300 37 4367 4649
3300 38 4648 4547
3300 39 4314 4525
3300 40 4206 4435
3300 41 3889 4850
3300 42 4010 4638
3300 43 3972 4478
3300 44 4230 4710
3300 45 4031 4617
3300 46 4158 4732
3300 47 4390 4664
3300 48 3994 4649
3300 49 4233 4900
3300 50 4384 4701
3300 51 4222 4685
3300 52 4143 4623
3300 53 4157 4647
3300 54 4188 4623
3300 55 3887 4525
3300 56 3924 4729
3300 57 3911 4891
3300 58 4342 4678
3300 59 4045 4443
3300 60 3939 4525
3300 61 3033 4150
3300 62 3029 4179
3300 63 3028 3985
3300 64 3020 4013
3300 65 3026 3858
3300 66 3045 4126
3300 67 3286 4055
3300 68 3042 3768
3300 69 3250 3967
3300 70 3005 4129
3300 71 3279 3807
3300 72 3267 3937
3300 73 3295 3884
3300 74 3007 4030
3300 75 2987 4058
3300 76 3182 4052
3300 77 3003 4070
3300 78 3099 3826
3300 79 3333 4082
3300 80 3352 4053
3300 81 3193 4079
3300 82 3162 4178
3300 83 3204 3766
3300 84 2935 4099
3300 85 3060 4098
3300 86 4083 6071
3300 87 4066 5739
3300 88 3895 5765
3300 89 4015 5719
3300 90 4083 5971
3300 91 4065 5925
3300 92 4244 5756
3300 93 3905 5928
3300 94 4178 6094
3300 95 4012 5879
3300 96 3983 5838
3300 97 3994 6075
3300 98 4196 6029
3300 99 4135 5853
3300 100 3956 6015
3300 101 3928 5998
3300 102 4253 5881
3300 103 4028 5655
3300 104 4252 5736
3300 105 4066 6065
3300 106 3990 5808
3300 107 4306 3590
3300 108 4322 3596
3300 109 4224 3848
3300 110 4005 3733
3300 111 4112 3786
3300 112 4298 3646
3300 113 4020 3694
3300 114 4117 3542
3300 115 4320 3555
3300 116 4201 3664
3300 117 4107 3658
3300 118 4161 3706
3300 119 4311 3809
3300 120 4102 3766
3300 121 4346 3650
3300 122 4149 3688
3300 123 4042 3583
3300 124 4010 3640
3300 125 4328 3590
3300 126 4365 3722
3300 127 4300 3624
3300 128 4211 3690
3600 0 3785 4128
3600 1 4477 4561
3600 2 4125 4682
3600 3 3130 3967
3600 4 4088 5880
3600 5 4202 3699
3600 6 4477 4561
3600 7 4477 4561
3600 8 4477 4561
3600 9 4125 4682
3600 10 4125 4682
3600 11 4125 4682
3600 12 3130 3967
3600 13 3130 3967
3600 14 4088 5880
3600 15 4088 5880
3600 16 4088 5880
3600 17 4202 3699
3600 18 4202 3699
3600 19 4202 3699
3600 20 4430 4652
3600 21 4342 4468
3600 22 4346 4447
3600 23 4501 4694
3600 24 4294 4604
3600 25 4571 4477
3600 26 4702 4605
3600 27 4434 4532
3600 28 4503 4761
3600 29 4471 4417
3600 30 4601 4756
3600 31 4456 4725
3600 32 4426 4329
3600 33 4447 4743
3600 34 4530 4440
3600 35 4248 4543
3600 36 4455 4696
3600 37 4625 4610
3600 38 4583 4549
3600 39 4484 4739
3600 40 4165 4958
3600 41 4180 4905
3600 42 4270 4546
3600 43 4209 4525
3600 44 4341 4699
3600 45 4255 4884
3600 46 4021 4444
3600 47 3873 4608
3600 48 4337 4589
3600 49 4413 4726
3600 50 3929 4526
3600 51 4102 4583
3600 52 4049 4492
3600 53 4208 4889
3600 54 4186 4847
3600 55 4056 4612
3600 56 4405 4595
3600 57 4062 4486
3600 58 3908 4576
3600 59 4153 4762
3600 60 4051 4806
3600 61 3075 4089
3600 62 2981 3917
3600 63 3125 3819
3600 64 3004 4027
3600 65 3258 4181
3600 66 3299 3957
3600 67 3330 3930
3600 68 2989 3804
3600 69 2913 4018
3600 70 3355 3900
3600 71 3281 4166
3600 72 3152 3888
3600 73 3328 4108
3600 74 3082 3873
3600 75 3279 3880
3600 76 3332 3830
3600 77 2920 4023
3600 78 3202 3847
3600 79 3263 3800
3600 80 3322 4068
3600 81 3133 3797
3600 82 3112 3870
3600 83 3211 3771
3600 84 3246 3885
3600 85 3121 4181
3600 86 3971 5930
3600 87 4012 5797
3600 88 4021 5952
3600 89 4032 5835
3600 90 3922 5768
3600 91 4139 6072
3600 92 4192 5925
3600 93 4196 5752
3600 94 4173 5819
3600 95 3932 5760
3600 96 4293 5799
3600 97 3950 5898
3600 98 3980 5819
3600 99 4037 5837
3600 100 4144 5759
3600 101 4249 5845
3600 102 4220 5772
3600 103 4269 5748
3600 104 3986 5996
3600 105 4304 5830
3600 106 4192 5769
3600 107 4036 3810
3600 108 4114 3824
3600 109 4133 3751
3600 110 4268 3718
3600 111 4078 3605
3600 112 4268 3852
3600 113 4167 3710
3600 114 4324 3637
3600 115 4343 3585
3600 116 4366 3811
3600 117 4102 3633
3600 118 4021 3667
3600 119 4387 3724
3600 120 4069 3827
3600 121 4050 3621
3600 122 4328 3707
3600 123 4159 3715
3600 124 4087 3635
3600 125 4122 3688
3600 126 4299 3781
3600 127 4118 3700
3600 128 4005 3649
3900 0 3785 4128
3900 1 4477 4561
3900 2 4125 4682
3900 3 3130 3967
3900 4 4088 5880
3900 5 4202 3699
3900 6 4477 4561
3900 7 4477 4561
3900 8 4477 4561
3900 9 4125 4682
3900 10 4125 4682
3900 11 4125 4682
3900 12 3130 3967
3900 13 3130 3967
3900 14 4088 5880
3900 15 4088 5880
3900 16 4088 5880
3900 17 4202 3699
3900 18 4202 3699
3900 19 4202 3699
3900 20 4534 4617
3900 21 4625 4598
3900 22 4493 4428
3900 23 4564 4594
3900 24 4254 4502
3900 25 4470 4421
3900 26 4337 4434
3900 27 4425 4386
3900 28 4558 4409
3900 29 4347 4474
3900 30 4364 4703
3900 31 4415 4700
3900 32 4284 4522
3900 33 4517 4374
3900 34 4679 4492
3900 35 4632 4676
3900 36 4413 4471
3900 37 4680 4650
3900 38 4292 4621
3900 39 4438 4676
3900 40 4089 4829
3900 41 4352 4839
3900 42 4216 4524
3900 43 4057 4909
3900 44 3903 4676
3900 45 4250 4582
3900 46 3851 4598
3900 47 4091 4723
3900 48 3925 4845
3900 49 3940 4859
3900 50 4119 4801
3900 51 4201 4660
3900 52 4354 4571
3900 53 4128 4923
3900 54 4217 4884
3900 55 4291 4540
3900 56 3901 4574
3900 57 3924 4776
3900 58 4190 4752
3900 59 3996 4691
3900 60 4065 4681
3900 61 3150 3969
3900 62 3051 3905
3900 63 2949 4077
3900 64 2912 4019
3900 65 3005 3791
3900 66 3145 3953
3900 67 3272 3923
3900 68 3166 3897
3900 69 2907 3964
3900 70 2990 3884
3900 71 3352 3974
3900 72 3088 3921
3900 73 2963 3865
3900 74 3046 3752
3900 75 3236 4097
3900 76 3199 3907
3900 77 3172 3842
3900 78 3311 4043
3900 79 2997 3891
3900 80 2998 4049
3900 81 3306 4014
3900 82 3371 3900
3900 83 2994 4124
3900 84 3159 4029
3900 85 3154 3832
3900 86 4149 5803
3900 87 4208 5732
3900 88 3923 5803
3900 89 4002 5886
3900 90 3952 5932
3900 91 4094 6002
3900 92 4180 5901
3900 93 4065 5782
3900 94 4169 5976
3900 95 4042 5687
3900 96 4259 6015
3900 97 4155 5779
3900 98 4090 5654
3900 99 4183 5980
3900 100 3916 5986
3900 101 4116 6032
3900 102 4150 5988
3900 103 4171 6013
3900 104 4036 5988
3900 105 4306 5877
3900 106 3891 5819
3900 107 3998 3645
3900 108 4177 3703
3900 109 4405 3728
3900 110 4136 3747
3900 111 4213 3606
3900 112 4139 3505
3900 113 4156 3524
3900 114 4201 3636
3900 115 4236 3594
3900 116 4154 3611
3900 117 4112 3642
3900 118 4286 3532
3900 119 4201 3701
3900 120 4176 3823
3900 121 4032 3585
3900 122 4254 3893
3900 123 4027 3748
3900 124 4364 3595
3900 125 4186 3878
3900 126 4125 3692
3900 127 4129 3828
3900 128 4305 3716
4200 0 3785 4128
4200 1 4477 4561
4200 2 4125 4682
4200 3 3130 3967
4200 4 4088 5880
4200 5 4202 3699
4200 6 4477 4561
4200 7 4477 4561
4200 8 4477 4561
4200 9 4125 4682
4200 10 4125 4682
4200 11 4125 4682
4200 12 3130 3967
4200 13 3130 3967
4200 14 4088 5880
4200 15 4088 5880
4200 16 4088 5880
4200 17 4202 3699
4200 18 4202 3699
4200 19 4202 3699
4200 20 4344 4597
4200 21 4484 4323
4200 22 4535 4515
4200 23 4483 4664
4200 24 4627 4726
4200 25 4683 4653
4200 26 4508 4644
4200 27 4540 4690
4200 28 4496 4361
4200 29 4484 4725
4200 30 4513 4556
4200 31 4524 4594
4200 32 4264 4630
4200 33 4600 4613
4200 34 4401 4504
4200 35 4521 4530
4200 36 4400 4748
4200 37 4363 4369
4200 38 4474 4567
4200 39 4462 4627
4200 40 4097 4760
4200 41 3879 4851
4200 42 3989 4566
4200 43 4261 4935
4200 44 4083 4765
4200 45 3958 4705
4200 46 4228 4845
4200 47 3889 4628
4200 48 4132 4495
4200 49 4310 4878
4200 50 4069 4747
4200 51 4330 4655
4200 52 4235 4926
4200 53 4102 4491
4200 54 4394 4798
4200 55 4309 4786
4200 56 3857 4662
4200 57 4094 4584
4200 58 3962 4530
4200 59 4183 4877
4200 60 4216 4815
4200 61 3122 3775
4200 62 3074 4181
4200 63 3292 4137
4200 64 3103 3953
4200 65 3025 3791
4200 66 3094 3887
4200 67 3350 3921
4200 68 3028 4033
4200 69 3218 3829
4200 70 2951 3801
4200 71 3149 3913
4200 72 3242 3829
4200 73 3095 4152
4200 74 3121 3833
4200 75 3300 4101
4200 76 2982 3918
4200 77 2972 3864
4200 78 3272 4142
4200 79 2973 4128
4200 80 3316 4114
4200 81 3145 4162
4200 82 2972 4036
4200 83 3118 4066
4200 84 3159 4202
4200 85 2985 3763
4200 86 4209 5872
4200 87 4230 5764
4200 88 4228 5792
4200 89 4226 5842
4200 90 3992 5714
4200 91 4280 5789
4200 92 4023 5894
4200 93 4124 5723
4200 94 4283 5832
4200 95 4087 6018
4200 96 3992 5812
4200 97 4084 5897
4200 98 4103 5797
4200 99 3924 5777
4200 100 4134 6063
4200 101 4144 6097
4200 102 3926 6018
4200 103 4023 5676
4200 104 4124 5744
4200 105 4160 5990
4200 106 4281 5951
4200 107 4339 3811
4200 108 4115 3606
4200 109 4146 3505
4200 110 4112 3626
4200 111 4233 3561
4200 112 4051 3767
4200 113 4343 3675
4200 114 4369 3787
4200 115 4308 3847
4200 116 4100 3571
4200 117 4173 3568
4200 118 4242 3589
4200 119 4363 3591
4200 120 4020 3651
4200 121 4191 3871
4200 122 4322 3632
4200 123 4019 3674
4200 124 4169 3687
4200 125 4126 3582
4200 126 4053 3776
4200 127 4056 3623
4200 128 4322 3692
4500 0 3785 4128
4500 1 4477 4561
4500 2 4125 4682
4500 3 3130 3967
4500 4 4088 5880
4500 5 4202 3699
4500 6 4477 4561
4500 7 4477 4561
4500 8 4477 4561
4500 9 4125 4682
4500 10 4125 4682
4500 11 4125 4682
4500 12 3130 3967
4500 13 3130 3967
4500 14 4088 5880
4500 15 4088 5880
4500 16 4088 5880
4500 17 4202 3699
4500 18 4202 3699
4500 19 4202 3699
4500 20 4354 4727
4500 21 4397 4584
4500 22 4437 4610
4500 23 4443 4403
4500 24 4619 4440
4500 25 4484 4563
4500 26 4587 4749
4500 27 4299 4689
4500 28 4257 4654
4500 29 4382 4492
4500 30 4668 4420
4500 31 4425 4332
4500 32 4556 4692
4500 33 4703 4622
4500 34 4676 4490
4500 35 4292 4553
4500 36 4401 4350
4500 37 4686 4514
4500 38 4637 4564
4500 39 4330 4626
4500 40 3997 4893
4500 41 4104 4527
4500 42 4194 4813
4500 43 4139 4396
4500 44 4420 4657
4500 45 4106 4741
4500 46 4174 4405
4500 47 4262 4419
4500 48 4098 4905
4500 49 4170 4926
4500 50 3871 4731
4500 51 3869 4638
4500 52 4225 4692
4500 53 3914 4551
4500 54 4197 4522
4500 55 4169 4406
4500 56 4296 4639
4500 57 4121 4724
4500 58 4305 4848
4500 59 4036 4531
4500 60 4029 4889
4500 61 3220 4169
4500 62 3261 3923
4500 63 2976 3999
4500 64 3104 3967
4500 65 3102 4049
4500 66 3129 3740
4500 67 3025 3738
4500 68 2964 4138
4500 69 3311 4095
4500 70 3269 4058
4500 71 3264 4156
4500 72 3031 3801
4500 73 3228 3976
4500 74 3028 4137
4500 75 3334 3889
4500 76 2963 4030
4500 77 3080 3870
4500 78 3072 4138
4500 79 3112 3721
4500 80 3282 3916
4500 81 3152 3870
4500 82 2987 3963
4500 83 3227 3738
4500 84 3305 4131
4500 85 3153 3793
4500 86 4114 5955
4500 87 4257 6019
4500 88 4064 5822
4500 89 4007 5934
4500 90 4319 5845
4500 91 4118 5986
4500 92 4215 6069
4500 93 3928 5983
4500 94 3942 5812
4500 95 4232 5767
4500 96 4094 5864
4500 97 4319 5828
4500 98 4024 5819
4500 99 4005 6075
4500 100 4291 5938
4500 101 3975 5804
4500 102 4229 5763
4500 103 4290 5784
4500 104 3971 5789
4500 105 4234 5725
4500 106 3881 5835
4500 107 4386 3607
4500 108 4233 3888
4500 109 4173 3692
4500 110 4068 3828
4500 111 4290 3522
4500 112 4186 3734
4500 113 4187 3830
4500 114 4174 3772
4500 115 4399 3665
4500 116 4020 3665
4500 117 4246 3722
4500 118 4143 3534
4500 119 4292 3589
4500 120 4250 3736
4500 121 4053 3629
4500 122 4051 3769
4500 123 4326 3711
4500 124 4342 3545
4500 125 4262 3576
4500 126 4249 3816
4500 127 4171 3566
4500 128 4331 3656
4800 0 3785 4128
4800 1 4477 4561
4800 2 4125 4682
4800 3 3130 3967
4800 4 4088 5880
4800 5 4202 3699
4800 6 4477 4561
4800 7 4477 4561
4800 8 4477 4561
4800 9 4125 4682
4800 10 4125 4682
4800 11 4125 4682
4800 12 3130 3967
4800 13 3130 3967
4800 14 4088 5880
4800 15 4088 5880
4800 16 4088 5880
4800 17 4202 3699
4800 18 4202 3699
4800 19 4202 3699
4800 20 4603 4391
4800 21 4318 4460
4800 22 4572 4614
4800 23 4458 4665
4800 24 4468 4483
4800 25 4392 4567
4800 26 4400 4334
4800 27 4534 4479
4800 28 4322 4616
4800 29 4357 4620
4800 30 4335 4464
4800 31 4629 4680
4800 32 4295 4553
4800 33 4297 4592
4800 34 4260 4601
4800 35 4405 4535
4800 36 4548 4596
4800 37 4518 4327
4800 38 4310 4398
4800 39 4588 4461
4800 40 3971 4860
4800 41 4179 4609
4800 42 4242 4436
4800 43 4250 4755
4800 44 4210 4741
4800 45 3905 4564
4800 46 4091 4809
4800 47 4294 4544
4800 48 4310 4906
4800 49 3906 4633
4800 50 4066 4598
4800 51 4031 4909
4800 52 3996 4739
4800 53 3888 4862
4800 54 4134 4871
4800 55 3969 4823
4800 56 4019 4801
4800 57 4042 4539
4800 58 4112 4649
4800 59 4159 4507
4800 60 4200 4661
4800 61 2987 4101
4800 62 3218 3798
4800 63 2981 4058
4800 64 3152 4033
4800 65 3358 3984
4800 66 3247 4094
4800 67 3310 4106
4800 68 3286 4017
4800 69 3197 3883
4800 70 3229 3869
4800 71 2990 4084
4800 72 3133 4163
4800 73 3021 3925
4800 74 2995 4096
4800 75 3329 4013
4800 76 3105 3794
4800 77 3126 3776
4800 78 3127 3803
4800 79 3298 4063
4800 80 3084 3905
4800 81 3252 3963
4800 82 3156 3816
4800 83 2971 4096
4800 84 3030 3767
4800 85 3331 3840
4800 86 4290 5797
4800 87 4132 6081
4800 88 4252 6013
4800 89 3956 5994
4800 90 4007 6000
4800 91 4195 5878
4800 92 3927 5981
4800 93 4032 5980
4800 94 4188 5769
4800 95 4202 5970
4800 96 4116 5905
4800 97 4078 5995
4800 98 4159 5916
4800 99 4057 5848
4800 100 4295 5945
4800 101 3958 5786
4800 102 4218 5937
4800 103 4105 6101
4800 104 4036 5954
4800 105 4023 5762
4800 106 4293 5904
4800 107 4300 3596
4800 108 4155 3510
4800 109 4089 3806
4800 110 4343 3651
4800 111 4413 3682
4800 112 4140 3844
4800 113 4265 3798
4800 114 4108 3617
4800 115 4026 3706
4800 116 4127 3640
4800 117 4343 3792
4800 118 4361 3651
4800 119 4229 3813
4800 120 4252 3584
4800 121 4258 3833
4800 122 4157 3818
4800 123 4296 3749
4800 124 4135 3701
4800 125 4214 3741
4800 126 4060 3755
4800 127 4330 3858
4800 128 4303 3674
5100 0 3785 4128
5100 1 4477 4561
5100 2 4125 4682
5100 3 3130 3967
5100 4 4088 5880
5100 5 4202 3699
5100 6 4477 4561
5100 7 4477 4561
5100 8 4477 4561
5100 9 4125 4682
5100 10 4125 4682
5100 11 4125 4682
5100 12 3130 3967
5100 13 3130 3967
5100 14 4088 5880
5100 15 4088 5880
5100 16 4088 5880
5100 17 4202 3699
5100 18 4202 3699
5100 19 4202 3699
5100 20 4381 4676
5100 21 4664 4597
5100 22 4569 4606
5100 23 4384 4573
5100 24 4288 4593
5100 25 4383 4382
5100 26 4591 4575
5100 27 4604 4748
5100 28 4353 4542
5100 29 4396 4414
5100 30 4569 4525
5100 31 4297 4504
5100 32 4510 4730
5100 33 4701 4563
5100 34 4310 4485
5100 35 4316 4678
5100 36 4262 4516
5100 37 4367 4405
5100 38 4307 4470
5100 39 4375 4390
5100 40 3993 4539
5100 41 4301 4673
5100 42 4008 4708
5100 43 4148 4452
5100 44 4161 4452
5100 45 4201 4889
5100 46 4369 4626
5100 47 3906 4545
5100 48 4334 4545
5100 49 4222 4628
5100 50 4189 4496
5100 51 4087 4888
5100 52 4345 4674
5100 53 4108 4471
5100 54 4079 4804
5100 55 4194 4670
5100 56 4396 4701
5100 57 4019 4747
5100 58 4096 4930
5100 59 4233 4846
5100 60 3881 4628
5100 61 3287 4033
5100 62 3201 3862
5100 63 2905 4024
5100 64 2984 3851
5100 65 3027 3805
5100 66 3008 3907
5100 67 2963 4118
5100 68 3241 4175
5100 69 3201 3820
5100 70 3119 4129
5100 71 2964 3792
5100 72 3074 4118
5100 73 2939 3881
5100 74 3095 3945
5100 75 3337 4083
5100 76 2973 3883
5100 77 3106 3767
5100 78 3107 4051
5100 79 3302 4032
5100 80 2942 4053
5100 81 3120 3994
5100 82 3202 3748
5100 83 3018 4086
5100 84 3241 3805
5100 85 2962 3816
5100 86 4237 5779
5100 87 4213 5864
5100 88 3907 5853
5100 89 3948 5890
5100 90 4109 5644
5100 91 4236 5997
5100 92 3919 5722
5100 93 4134 5764
5100 94 3993 5965
5100 95 3991 6032
5100 96 4046 5783
5100 97 4258 5906
5100 98 4188 5958
5100 99 4006 5674
5100 100 4278 5853
5100 101 3996 5876
5100 102 4261 5919
5100 103 4134 5691
5100 104 4247 5865
5100 105 4069 5826
5100 106 3865 5943
5100 107 4034 3621
5100 108 4315 3818
5100 109 4376 3635
5100 110 4150 3729
5100 111 4076 3823
5100 112 4282 3673
5100 113 4362 3560
5100 114 4063 3844
5100 115 4061 3583
5100 116 4235 3647
5100 117 4169 3716
5100 118 4154 3500
5100 119 4208 3775
5100 120 4218 3654
5100 121 4310 3518
5100 122 4071 3659
5100 123 4324 3805
5100 124 4165 3516
5100 125 4231 3665
5100 126 4248 3593
5100 127 4105 3758
5100 128 4246 3539
5400 0 3785 4128
5400 1 4477 4561
5400 2 4125 4682
5400 3 3130 3967
5400 4 4088 5880
5400 5 4202 3699
5400 6 4477 4561
5400 7 4477 4561
5400 8 4477 4561
5400 9 4125 4682
5400 10 4125 4682
5400 11 4125 4682
5400 12 3130 3967
5400 13 3130 3967
5400 14 4088 5880
5400 15 4088 5880
5400 16 4088 5880
5400 17 4202 3699
5400 18 4202 3699
5400 19 4202 3699
5400 20 4405 4430
5400 21 4408 4570
5400 22 4405 4544
5400 23 4440 4324
5400 24 4412 4660
5400 25 4656 4646
5400 26 4411 4651
5400 27 4470 4474
5400 28 4426 4781
5400 29 4509 4656
5400 30 4452 4337
5400 31 4345 4759
5400 32 4560 4677
5400 33 4389 4548
5400 34 4500 4575
5400 35 4507 4475
5400 36 4679 4530
5400 37 4599 4591
5400 38 4247 4546
5400 39 4388 4546
5400 40 3984 4765
5400 41 4148 4934
5400 42 3957 4922
5400 43 4041 4659
5400 44 4265 4843
5400 45 4174 4520
5400 46 4413 4629
5400 47 4238 4954
5400 48 4216 4549
5400 49 3932 4671
5400 50 4083 4732
5400 51 4064 4861
5400 52 4151 4822
5400 53 4334 4650
5400 54 4225 4542
5400 55 4015 4873
5400 56 4161 4499
5400 57 4320 4536
5400 58 4127 4685
5400 59 4200 4603
5400 60 4024 4450
5400 61 3130 3967
5400 62 3166 4190
5400 63 3158 4150
5400 64 3302 3869
5400 65 3116 3842
5400 66 3240 3773
5400 67 3249 3918
5400 68 3143 4182
5400 69 3087 3827
5400 70 3118 4148
5400 71 3322 3880
5400 72 3095 4116
5400 73 2992 4055
5400 74 3140 3757
5400 75 3164 3973
5400 76 3077 3989
5400 77 3023 4053
5400 78 3174 3980
5400 79 3065 4073
5400 80 3143 4052
5400 81 2949 4022
5400 82 3021 3995
5400 83 3297 3924
5400 84 3047 4024
5400 85 3267 3836
5400 86 4027 6027
5400 87 4265 5823
5400 88 3987 5792
5400 89 3900 5957
5400 90 4198 5946
5400 91 4216 5981
5400 92 3908 5824
5400 93 3944 6000
5400 94 3882 5820
5400 95 4007 5739
5400 96 4113 5701
5400 97 3912 5757
5400 98 4218 5918
5400 99 4164 6042
5400 100 4228 6026
5400 101 3901 5964
5400 102 4234 6011
5400 103 4214 6035
5400 104 4241 5822
5400 105 4211 6073
5400 106 4163 6039
5400 107 4305 3776
5400 108 4078 3550
5400 109 4365 3588
5400 110 4169 3883
5400 111 4296 3744
5400 112 4287 3639
5400 113 4116 3616
5400 114 4331 3586
5400 115 4230 3588
5400 116 4175 3713
5400 117 4362 3579
5400 118 4142 3800
5400 119 4065 3582
5400 120 4312 3663
5400 121 4057 3751
5400 122 4168 3641
5400 123 4291 3622
5400 124 4301 3822
5400 125 4325 3807
5400 126 4370 3789
5400 127 4144 3600
5400 128 4342 3763
5700 0 3785 4128
5700 1 4477 4561
5700 2 4125 4682
5700 3 3130 3967
5700 4 4088 5880
5700 5 4202 3699
5700 6 4477 4561
5700 7 4477 4561
5700 8 4477 4561
5700 9 4125 4682
5700 10 4125 4682
5700 11 4125 4682
5700 12 3130 3967
5700 13 3130 3967
5700 14 4088 5880
5700 15 4088 5880
5700 16 4088 5880
5700 17 4202 3699
5700 18 4202 3699
5700 19 4202 3699
5700 20 4485 4494
5700 21 4578 4556
5700 22 4455 4788
5700 23 4439 4327
5700 24 4568 4368
5700 25 4341 4520
5700 26 4601 4358
5700 27 4388 4698
5700 28 4355 4651
5700 29 4450 4516
5700 30 4519 4456
5700 31 4407 4595
5700 32 4426 4399
5700 33 4298 4598
5700 34 4437 4783
5700 35 4506 4781
5700 36 4478 4413
5700 37 4475 4564
5700 38 4337 4445
5700 39 4445 4524
5700 40 4127 4891
5700 41 4185 4490
5700 42 4173 4841
5700 43 4026 4706
5700 44 3996 4576
5700 45 3914 4689
5700 46 4232 4763
5700 47 3974 4794
5700 48 4229 4869
5700 49 4143 4525
5700 50 4282 4645
5700 51 4221 4712
5700 52 3916 4522
5700 53 3999 4465
5700 54 3931 4579
5700 55 4262 4938
5700 56 4331 4623
5700 57 3982 4556
5700 58 4041 4552
5700 59 3873 4694
5700 60 3955 4894
5700 61 3170 4103
5700 62 3061 4153
5700 63 2898 3923
5700 64 3132 3817
5700 65 3117 4103
5700 66 3228 3975
5700 67 3244 4117
5700 68 3162 3801
5700 69 3276 3941
5700 70 3221 3931
5700 71 3331 4074
5700 72 3169 3965
5700 73 3038 4017
5700 74 2997 3923
5700 75 3319 3821
5700 76 3047 3734
5700 77 3320 4012
5700 78 3077 3847
5700 79 3000 3889
5700 80 3210 4042
5700 81 3187 4173
5700 82 3168 4033
5700 83 3172 3726
5700 84 3280 4126
5700 85 2933 4085
5700 86 4271 6025
5700 87 3902 5825
5700 88 3990 5982
5700 89 4053 5846
5700 90 4073 5908
5700 91 3960 5705
5700 92 4209 6067
5700 93 3884 5790
5700 94 3953 5788
5700 95 4172 6042
5700 96 3948 5734
5700 97 3904 5734
5700 98 3982 5718
5700 99 4185 6083
5700 100 3987 5681
5700 101 3913 5746
5700 102 4181 6039
5700 103 4127 5918
5700 104 3952 5916
5700 105 4100 5981
5700 106 3973 5795
5700 107 4345 3619
5700 108 4100 3721
5700 109 4013 3659
5700 110 4256 3691
5700 111 4115 3863
5700 112 4071 3537
5700 113 4048 3567
5700 114 4160 3690
5700 115 4052 3821
5700 116 4044 3789
5700 117 4266 3539
5700 118 4310 3825
5700 119 4090 3742
5700 120 4100 3536
5700 121 4244 3595
5700 122 4280 3528
5700 123 4270 3740
5700 124 4232 3565
5700 125 4017 3611
5700 126 4124 3629
5700 127 4034 3733
5700 128 4211 3723
6000 0 3785 4128
6000 1 4477 4561
6000 2 4125 4682
6000 3 3130 3967
6000 4 4088 5880
6000 5 4202 3699
6000 6 4477 4561
6000 7 4477 4561
6000 8 4477 4561
6000 9 4125 4682
6000 10 4125 4682
6000 11 4125 4682
6000 12 3130 3967
6000 13 3130 3967
6000 14 4088 5880
6000 15 4088 5880
6000 16 4088 5880
6000 17 4202 3699
6000 18 4202 3699
6000 19 4202 3699
6000 20 4619 4666
6000 21 4481 4601
6000 22 4587 4661
6000 23 4497 4368
6000 24 4676 4655
6000 25 4239 4554
6000 26 4638 4569
6000 27 4455 4640
6000 28 4491 4621
6000 29 4502 4672
6000 30 4546 4474
6000 31 4271 4633
6000 32 4614 4577
6000 33 4392 4529
6000 34 4623 4456
6000 35 4549 4665
6000 36 4265 4598
6000 37 4581 4703
6000 38 4426 4546
6000 39 4314 4584
6000 40 4016 4610
6000 41 4128 4573
6000 42 4303 4901
6000 43 4148 4619
6000 44 3859 4810
6000 45 4204 4793
6000 46 4336 4670
6000 47 4046 4668
6000 48 3942 4705
6000 49 4362 4761
6000 50 3925 4877
6000 51 4125 4925
6000 52 3933 4810
6000 53 4103 4635
6000 54 3967 4579
6000 55 3999 4898
6000 56 4105 4969
6000 57 3889 4669
6000 58 4084 4584
6000 59 4369 4849
6000 60 4016 4493
6000 61 3065 4185
6000 62 3168 3737
6000 63 3051 3921
6000 64 3086 4088
6000 65 3080 3989
6000 66 3144 4035
6000 67 2923 3835
6000 68 3146 3808
6000 69 2998 4102
6000 70 3344 4007
6000 71 3201 3964
6000 72 3210 3769
6000 73 3244 4044
6000 74 3049 3813
6000 75 3199 3754
6000 76 3214 4026
6000 77 3081 3877
6000 78 3068 3812
6000 79 3368 3947
6000 80 3005 3995
6000 81 3142 4085
6000 82 3271 3838
6000 83 2976 3998
6000 84 3018 3862
6000 85 3315 3809
6000 86 4004 5833
6000 87 4209 5727
6000 88 4191 5856
6000 89 4015 5860
6000 90 3866 5836
6000 91 4128 5670
6000 92 4198 5674
6000 93 3872 5847
6000 94 4030 5817
6000 95 4166 6053
6000 96 4169 5909
6000 97 4054 6031
6000 98 4159 5809
6000 99 4159 5653
6000 100 4050 5839
6000 101 3964 5715
6000 102 4207 5818
6000 103 4014 5717
6000 104 4075 6025
6000 105 4078 5767
6000 106 4103 5819
6000 107 4303 3621
6000 108 4137 3731
6000 109 4366 3785
6000 110 4162 3727
6000 111 4184 3574
6000 112 4303 3671
6000 113 4278 3542
6000 114 4163 3871
6000 115 4227 3676
6000 116 4242 3617
6000 117 4286 3771
6000 118 4048 3647
6000 119 4094 3656
6000 120 4265 3618
6000 121 4093 3639
6000 122 4261 3551
6000 123 4317 3561
6000 124 4388 3648
6000 125 4394 3764
6000 126 4204 3641
6000 127 4121 3664
6000 128 4200 3697
6300 0 3785 4128
6300 1 4477 4561
6300 2 4125 4682
6300 3 3130 3967
6300 4 4088 5880
6300 5 4202 3699
6300 6 4477 4561
6300 7 4477 4561
6300 8 4477 4561
6300 9 4125 4682
6300 10 4125 4682
6300 11 4125 4682
6300 12 3130 3967
6300 13 3130 3967
6300 14 4088 5880
6300 15 4088 5880
6300 16 4088 5880
6300 17 4202 3699
6300 18 4202 3699
6300 19 4202 3699
6300 20 4594 4584
6300 21 4545 4790
6300 22 4567 4532
6300 23 4479 4478
6300 24 4307 4533
6300 25 4292 4417
6300 26 4425 4658
6300 27 4324 4627
6300 28 4368 4608
6300 29 4552 4409
6300 30 4372 4510
6300 31 4395 4722
6300 32 4371 4685
6300 33 4618 4711
6300 34 4419 4540
6300 35 4630 4670
6300 36 4674 4537
6300 37 4463 4619
6300 38 4477 4372
6300 39 4310 4725
6300 40 4046 4564
6300 41 4257 4932
6300 42 4264 4745
6300 43 4325 4788
6300 44 4355 4758
6300 45 4252 4512
6300 46 3941 4802
6300 47 3842 4669
6300 48 4300 4891
6300 49 4145 4413
6300 50 4045 4915
6300 51 4394 4648
6300 52 3939 4885
6300 53 4243 4839
6300 54 3959 4809
6300 55 3992 4840
6300 56 4132 4859
6300 57 4278 4699
6300 58 4106 4774
6300 59 4055 4931
6300 60 4120 4410
6300 61 3279 3777
6300 62 2938 3811
6300 63 3007 4111
6300 64 3150 3959
6300 65 2891 4030
6300 66 3023 3860
6300 67 2995 4028
6300 68 2995 3902
6300 69 3008 3938
6300 70 2924 3899
6300 71 3299 4129
6300 72 3322 3964
6300 73 3008 3921
6300 74 2922 4100
6300 75 3281 3873
6300 76 3047 3771
6300 77 2923 3836
6300 78 3022 3898
6300 79 3087 3935
6300 80 3128 3884
6300 81 3195 3976
6300 82 3309 3910
6300 83 3361 3941
6300 84 3169 3805
6300 85 3161 3934
6300 86 3992 5945
6300 87 4143 5754
6300 88 3942 5728
6300 89 3998 5742
6300 90 4113 5729
6300 91 3986 5738
6300 92 4048 6088
6300 93 3862 5864
6300 94 4109 6095
6300 95 4091 5843
6300 96 4086 6010
6300 97 4192 5783
6300 98 4264 5837
6300 99 4122 5867
6300 100 4222 5708
6300 101 3918 5861
6300 102 3892 5771
6300 103 4066 6111
6300 104 3981 5867
6300 105 4174 6044
6300 106 4194 5836
6300 107 4022 3595
6300 108 4358 3793
6300 109 4315 3592
6300 110 4232 3681
6300 111 4217 3581
6300 112 4190 3645
6300 113 4086 3594
6300 114 4226 3741
6300 115 4336 3848
6300 116 4098 3623
6300 117 4131 3885
6300 118 4317 3586
6300 119 4183 3809
6300 120 4157 3584
6300 121 4148 3519
6300 122 4201 3789
6300 123 4242 3821
6300 124 4075 3714
6300 125 4081 3685
6300 126 3999 3716
6300 127 4190 3753
6300 128 4136 3764
6600 0 3785 4128
6600 1 4477 4561
6600 2 4125 4682
6600 3 3130 3967
6600 4 4088 5880
6600 5 4202 3699
6600 6 4477 4561
6600 7 4477 4561
6600 8 4477 4561
6600 9 4125 4682
6600 10 4125 4682
6600 11 4125 4682
6600 12 3130 3967
6600 13 3130 3967
6600 14 4088 5880
6600 15 4088 5880
6600 16 4088 5880
6600 17 4202 3699
6600 18 4202 3699
6600 19 4202 3699
6600 20 4497 4362
6600 21 4325 4512
6600 22 4361 4630
6600 23 4365 4364
6600 24 4255 4502
6600 25 4649 4430
6600 26 4598 4436
6600 27 4406 4618
6600 28 4555 4609
6600 29 4418 4526
6600 30 4565 4462
6600 31 4265 4532
6600 32 4701 4615
6600 33 4499 4542
6600 34 4271 4685
6600 35 4461 4665
6600 36 4399 4509
6600 37 4374 4773
6600 38 4304 4699
6600 39 4402 4435
6600 40 4189 4858
6600 41 4263 4936
6600 42 4089 4789
6600 43 4155 4531
6600 44 4117 4577
6600 45 4084 4903
6600 46 4260 4731
6600 47 4014 4640
6600 48 4133 4883
6600 49 4179 4690
6600 50 4250 4884
6600 51 4081 4506
6600 52 4295 4649
6600 53 4072 4652
6600 54 4272 4878
6600 55 4101 4913
6600 56 3926 4853
6600 57 4413 4762
6600 58 3966 4863
6600 59 3904 4575
6600 60 4105 4577
6600 61 3208 3861
6600 62 2998 3924
6600 63 3162 4076
6600 64 3101 4094
6600 65 3242 4179
6600 66 3152 3985
6600 67 3191 3923
6600 68 2966 3958
6600 69 2958 3900
6600 70 2922 3896
6600 71 2966 3879
6600 72 3270 4008
6600 73 3265 3844
6600 74 3057 4163
6600 75 3005 3835
6600 76 3017 3993
6600 77 3276 3770
6600 78 2900 3900
6600 79 3268 3759
6600 80 3141 3796
6600 81 3265 4160
6600 82 3162 3884
6600 83 3201 3999
6600 84 3012 3744
6600 85 3141 3749
6600 86 3881 5867
6600 87 3927 5869
6600 88 3936 5928
6600 89 4006 5715
6600 90 4056 6051
6600 91 4321 5920
6600 92 3859 5869
6600 93 4217 5884
6600 94 4176 6042
6600 95 3977 5816
6600 96 3875 5804
6600 97 4027 5955
6600 98 3985 5798
6600 99 3941 5804
6600 100 4163 6000
6600 101 4106 6075
6600 102 4162 5825
6600 103 3943 5747
6600 104 4164 5825
6600 105 4193 5739
6600 106 3947 5858
6600 107 4208 3789
6600 108 4219 3756
6600 109 4310 3769
6600 110 4355 3748
6600 111 4273 3814
6600 112 4327 3785
6600 113 4081 3779
6600 114 4388 3641
6600 115 4040 3651
6600 116 4159 3587
6600 117 4208 3867
6600 118 4224 3582
6600 119 4254 3592
6600 120 4402 3660
6600 121 4009 3684
6600 122 4081 3624
6600 123 4274 3887
6600 124 4314 3523
6600 125 4131 3845
6600 126 4275 3521
6600 127 4211 3527
6600 128 4092 3715
6900 0 3785 4128
6900 1 4477 4561
6900 2 4125 4682
6900 3 3130 3967
6900 4 4088 5880
6900 5 4202 3699
6900 6 4477 4561
6900 7 4477 4561
6900 8 4477 4561
6900 9 4125 4682
6900 10 4125 4682
6900 11 4125 4682
6900 12 3130 3967
6900 13 3130 3967
6900 14 4088 5880
6900 15 4088 5880
6900 16 4088 5880
6900 17 4202 3699
6900 18 4202 3699
6900 19 4202 3699
6900 20 4584 4569
6900 21 4348 4394
6900 22 4511 4370
6900 23 4596 4645
6900 24 4578 4668
6900 25 4555 4566
6900 26 4500 4687
6900 27 4508 4470
6900 28 4521 4590
6900 29 4281 4497
6900 30 4449 4352
6900 31 4544 4478
6900 32 4435 4650
6900 33 4282 4617
6900 34 4354 4438
6900 35 4399 4471
6900 36 4499 4388
6900 37 4606 4570
6900 38 4351 4678
6900 39 4509 4467
6900 40 3994 4514
6900 41 4262 4733
6900 42 3958 4653
6900 43 4223 4434
6900 44 3989 4506
6900 45 3936 4566
6900 46 4146 4862
6900 47 4118 4730
6900 48 3884 4760
6900 49 3914 4714
6900 50 3865 4592
6900 51 4342 4514
6900 52 4092 4634
6900 53 4018 4543
6900 54 3968 4825
6900 55 4233 4426
6900 56 4265 4858
6900 57 4019 4572
6900 58 4075 4532
6900 59 3867 4761
6900 60 4201 4648
6900 61 3263 4046
6900 62 3171 4005
6900 63 3131 4163
6900 64 3104 4172
6900 65 3043 3770
6900 66 3093 3801
6900 67 2959 4022
6900 68 3113 4157
6900 69 3128 4188
6900 70 3002 3899
6900 71 3064 3723
6900 72 3103 3958
6900 73 3371 3948
6900 74 3044 4152
6900 75 3051 3912
6900 76 3136 4027
6900 77 3169 3783
6900 78 3057 3883
6900 79 3074 3734
6900 80 3197 3842
6900 81 3369 3986
6900 82 3168 3764
6900 83 3212 4112
6900 84 2934 4114
6900 85 3006 4108
6900 86 4303 5976
6900 87 4124 6059
6900 88 4126 5842
6900 89 4004 6020
6900 90 3945 5788
6900 91 3975 6035
6900 92 4254 5739
6900 93 4159 6009
6900 94 3952 5736
6900 95 4198 6085
6900 96 4195 6072
6900 97 4141 5747
6900 98 4307 5962
6900 99 4268 5844
6900 100 3995 5887
6900 101 4312 5813
6900 102 4024 5792
6900 103 4110 6063
6900 104 4176 6084
6900 105 4254 5935
6900 106 4111 5937
6900 107 4219 3824
6900 108 4224 3595
6900 109 4041 3626
6900 110 4348 3608
6900 111 4063 3570
6900 112 4349 3598
6900 113 4093 3839
6900 114 4072 3678
6900 115 4304 3720
6900 116 4124 3619
6900 117 4214 3838
6900 118 4098 3831
6900 119 4117 3589
6900 120 4122 3864
6900 121 4349 3848
6900 122 4033 3656
6900 123 4303 3535
6900 124 4043 3689
6900 125 4091 3559
6900 126 4253 3788
6900 127 4318 3547
6900 128 4336 3774
7200 0 3785 4128
7200 1 4477 4561
7200 2 4125 4682
7200 3 3130 3967
7200 4 4088 5880
7200 5 4202 3699
7200 6 4477 4561
7200 7 4477 4561
7200 8 4477 4561
7200 9 4125 4682
7200 10 4125 4682
7200 11 4125 4682
7200 12 3130 3967
7200 13 3130 3967
7200 14 4088 5880
7200 15 4088 5880
7200 16 4088 5880
7200 17 4202 3699
7200 18 4202 3699
7200 19 4202 3699
7200 20 4506 4495
7200 21 4372 4505
7200 22 4327 4533
7200 23 4600 4559
7200 24 4412 4379
7200 25 4444 4510
7200 26 4269 4640
7200 27 4448 4566
7200 28 4306 4501
7200 29 4424 4744
7200 30 4638 4537
7200 31 4679 4576
7200 32 4475 4537
7200 33 4390 4454
7200 34 4329 4687
7200 35 4290 4648
7200 36 4467 4366
7200 37 4617 4637
7200 38 4276 4622
7200 39 4319 4663
7200 40 4251 4823
7200 41 4116 4844
7200 42 4194 4469
7200 43 4118 4831
7200 44 4234 4619
7200 45 4297 4482
7200 46 4364 4540
7200 47 4246 4709
7200 48 4204 4542
7200 49 4239 4406
7200 50 4309 4650
7200 51 4312 4706
7200 52 4308 4478
7200 53 4170 4900
7200 54 3936 4784
7200 55 4405 4737
7200 56 4278 4749
7200 57 3956 4586
7200 58 4277 4554
7200 59 4059 4860
7200 60 4190 4897
7200 61 3088 3780
7200 62 2974 3796
7200 63 3048 4016
7200 64 3148 3750
7200 65 3120 3871
7200 66 3056 3898
7200 67 3060 4131
7200 68 3118 4090
7200 69 3105 4194
7200 70 3052 3956
7200 71 3018 3864
7200 72 3260 4031
7200 73 3284 3862
7200 74 3010 3761
7200 75 3270 3961
7200 76 3239 3788
7200 77 3168 4114
7200 78 3082 4015
7200 79 2973 3816
7200 80 2944 3898
7200 81 2986 3946
7200 82 3167 3853
7200 83 2914 3981
7200 84 3191 4205
7200 85 3168 4037
7200 86 4071 5847
7200 87 4148 5904
7200 88 4205 5726
7200 89 3898 5961
7200 90 4002 5712
7200 91 3950 5694
7200 92 4077 6058
7200 93 4242 6032
7200 94 3968 5902
7200 95 4264 5912
7200 96 3949 5916
7200 97 3969 6053
7200 98 4082 5965
7200 99 4315 5856
7200 100 4022 5830
7200 101 4290 5809
7200 102 4321 5903
7200 103 3887 5992
7200 104 4192 5963
7200 105 4240 5756
7200 106 3957 5906
7200 107 4096 3597
7200 108 4219 3857
7200 109 4108 3552
7200 110 4185 3778
7200 111 4097 3871
7200 112 4388 3636
7200 113 4260 3684
7200 114 4013 3722
7200 115 4297 3804
7200 116 4298 3802
7200 117 4243 3596
7200 118 4154 3655
7200 119 4264 3780
7200 120 4105 3649
7200 121 4188 3515
7200 122 4313 3656
7200 123 4365 3741
7200 124 4249 3881
7200 125 4376 3649
7200 126 4364 3659
7200 127 4174 3855
7200 128 4096 3655
7500 0 3785 4128
7500 1 4477 4561
7500 2 4125 4682
7500 3 3130 3967
7500 4 4088 5880
7500 5 4202 3699
7500 6 4477 4561
7500 7 4477 4561
7500 8 4477 4561
7500 9 4125 4682
7500 10 4125 4682
7500 11 4125 4682
7500 12 3130 3967
7500 13 3130 3967
7500 14 4088 5880
7500 15 4088 5880
7500 16 4088 5880
7500 17 4202 3699
7500 18 4202 3699
7500 19 4202 3699
7500 20 4653 4684
7500 21 4495 4698
7500 22 4455 4707
7500 23 4709 4547
7500 24 4345 4658
7500 25 4472 4699
7500 26 4529 4490
7500 27 4274 4544
7500 28 4565 4774
7500 29 4247 4562
7500 30 4582 4566
7500 31 4640 4500
7500 32 4554 4399
7500 33 4511 4384
7500 34 4366 4469
7500 35 4587 4668
7500 36 4632 4641
7500 37 4341 4643
7500 38 4573 4444
7500 39 4389 4385
7500 40 4380 4712
7500 41 4011 4611
7500 42 4246 4738
7500 43 4149 4672
7500 44 3968 4589
7500 45 4015 4751
7500 46 4203 4845
7500 47 4262 4577
7500 48 4181 4431
7500 49 3925 4655
7500 50 4090 4767
7500 51 3926 4851
7500 52 4263 4875
7500 53 4252 4539
7500 54 4352 4819
7500 55 4071 4964
7500 56 4100 4658
7500 57 3826 4703
7500 58 4185 4394
7500 59 4184 4778
7500 60 4134 4589
7500 61 3170 3935
7500 62 3239 4179
7500 63 2928 3977
7500 64 3004 3786
7500 65 2969 4054
7500 66 2977 4021
7500 67 2959 3948
7500 68 3074 4174
7500 69 2979 3872
7500 70 3346 4062
7500 71 3193 4063
7500 72 3245 4042
7500 73 3154 3969
7500 74 3126 4080
7500 75 3350 3860
7500 76 3287 3928
7500 77 3126 3933
7500 78 3229 4114
7500 79 3226 3786
7500 80 3110 4045
7500 81 3049 4021
7500 82 3092 4133
7500 83 3268 4015
7500 84 3047 4091
7500 85 2961 3957
7500 86 4228 5771
7500 87 4166 5874
7500 88 4069 5808
7500 89 4133 5718
7500 90 3980 5943
7500 91 4117 5731
7500 92 4035 5977
7500 93 4089 6109
7500 94 3884 5819
7500 95 4245 5958
7500 96 4091 5913
7500 97 4007 6089
7500 98 4271 6015
7500 99 4273 5913
7500 100 4199 5869
7500 101 4285 5972
7500 102 3970 6083
7500 103 4130 6033
7500 104 3998 5834
7500 105 3889 6004
7500 106 4249 5945
7500 107 4230 3558
7500 108 4207 3749
7500 109 4128 3770
7500 110 4053 3606
7500 111 4223 3533
7500 112 4012 3732
7500 113 4297 3857
7500 114 4157 3657
7500 115 4020 3698
7500 116 4356 3727
7500 117 4084 3526
7500 118 4177 3559
7500 119 4335 3567
7500 120 4208 3668
7500 121 4284 3523
7500 122 4138 3891
7500 123 4111 3764
7500 124 4051 3655
7500 125 4267 3666
7500 126 4029 3605
7500 127 4254 3757
7500 128 4157 3650
