0 4200 0 10000 0 10000
0 0 1955 3580
0 1 3034 4962
0 2 1531 3029
0 3 2907 4125
0 4 1471 5167
0 5 2587 5996
0 6 3034 4962
0 7 1531 3029
0 8 2907 4125
0 9 1471 5167
0 10 2587 5996
0 11 2927 5075
0 12 2968 4918
0 13 3077 5150
0 14 3138 5040
0 15 3048 4788
0 16 3091 5068
0 17 2972 4918
0 18 2935 4871
0 19 2864 5024
0 20 2892 5062
0 21 2956 5152
0 22 1516 2932
0 23 1643 3002
0 24 1592 3114
0 25 1512 3004
0 26 1516 2987
0 27 1569 2945
0 28 1617 3030
0 29 1501 2994
0 30 1613 3015
0 31 1509 2936
0 32 1594 3068
0 33 2789 4296
0 34 2744 3990
0 35 2852 4373
0 36 3115 4060
0 37 3023 4392
0 38 2742 4183
0 39 2940 4288
0 40 3125 4138
0 41 3108 3911
0 42 2907 4421
0 43 2833 3938
0 44 1427 5173
0 45 1506 5198
0 46 1409 5062
0 47 1533 5090
0 48 1458 5211
0 49 1428 5086
0 50 1503 5169
0 51 1603 5156
0 52 1600 5238
0 53 1490 5305
0 54 1489 5300
0 55 1533 5202
0 56 1517 5217
0 57 1483 5046
0 58 1608 5219
0 59 1450 5219
0 60 1477 5145
0 61 2714 5978
0 62 2540 6070
0 63 2558 5967
0 64 2507 6101
0 65 2643 6123
0 66 2619 5905
0 67 2446 6065
0 68 2659 6132
0 69 2455 5933
0 70 2614 5850
0 71 2461 6071
0 72 2611 5934
0 73 2457 6034
0 74 2442 6012
0 75 2518 5860
