0 4200 0 10000 0 10000
0 0 4459 3258
0 1 3585 4306
0 2 2002 4887
0 3 3653 5339
0 4 2578 4848
0 5 3050 3967
0 6 3585 4306
0 7 3585 4306
0 8 3585 4306
0 9 3585 4306
0 10 2002 4887
0 11 2002 4887
0 12 3653 5339
0 13 3653 5339
0 14 3653 5339
0 15 3653 5339
0 16 2578 4848
0 17 2578 4848
0 18 2578 4848
0 19 3050 3967
0 20 3050 3967
0 21 3050 3967
0 22 3050 3967
0 23 3739 4199
0 24 3581 4301
0 25 3606 4464
0 26 3451 4394
0 27 3649 4145
0 28 3542 4424
0 29 3610 4162
0 30 3497 4451
0 31 3438 4375
0 32 3544 4313
0 33 3567 4291
0 34 3451 4169
0 35 3558 4298
0 36 3509 4314
0 37 3573 4303
0 38 3508 4425
0 39 3734 4371
0 40 3743 4239
0 41 3649 4155
0 42 3664 4292
0 43 3653 4452
0 44 3626 4448
0 45 3625 4126
0 46 3485 4220
0 47 3729 4183
0 48 3710 4332
0 49 2093 4739
0 50 2015 4737
0 51 1844 4867
0 52 2115 4897
0 53 2151 4794
0 54 1841 4725
0 55 2194 4936
0 56 2128 4758
0 57 1870 4899
0 58 2156 5012
0 59 1994 4937
0 60 1896 5036
0 61 1926 4955
0 62 2045 4814
0 63 1998 4992
0 64 2096 4792
0 65 1960 4968
0 66 2167 4965
0 67 2048 4889
0 68 2091 4959
0 69 2093 4932
0 70 2199 4854
0 71 1847 5003
0 72 1951 4769
0 73 3649 5237
0 74 3766 5410
0 75 3544 5380
0 76 3562 5440
0 77 3587 5392
0 78 3700 5373
0 79 3616 5327
0 80 3693 5276
0 81 3631 5311
0 82 3523 5297
0 83 3646 5233
0 84 3675 5211
0 85 3555 5323
0 86 3766 5253
0 87 3745 5290
0 88 3753 5364
0 89 3534 5328
0 90 3742 5431
0 91 3515 5362
0 92 3781 5259
0 93 3787 5394
0 94 3672 5319
0 95 3734 5417
0 96 3629 5340
0 97 3588 5359
0 98 3773 5405
0 99 3718 5281
0 100 3764 5342
0 101 3717 5433
0 102 2545 4825
0 103 2576 4735
0 104 2601 4967
0 105 2702 4867
0 106 2593 4820
0 107 2637 4795
0 108 2659 4788
0 109 2620 4758
0 110 2655 4747
0 111 2567 4819
0 112 2619 4784
0 113 2520 4851
0 114 2628 4833
0 115 2660 4753
0 116 2601 4924
0 117 2537 4785
0 118 2532 4781
0 119 2456 4887
0 120 2652 4787
0 121 2500 4923
0 122 2492 4759
0 123 2648 4854
0 124 2637 4747
0 125 3138 3964
0 126 3091 3885
0 127 3039 3856
0 128 3019 4075
0 129 3004 3962
0 130 3063 3868
0 131 3116 4056
0 132 3126 3866
0 133 3089 4044
0 134 3035 4011
0 135 3034 4004
0 136 3030 3992
0 137 3171 3923
0 138 3156 4031
0 139 2950 4010
0 140 3019 3940
0 141 3149 3955
0 142 3002 3942
0 143 3061 3913
0 144 3117 3884
0 145 3154 3926
0 146 2976 3971
0 147 2997 4033
0 148 3139 4029
0 149 3161 3973
0 150 3064 3954
300 0 4459 3258
300 1 3585 4306
300 2 2002 4887
300 3 3653 5339
300 4 2578 4848
300 5 3050 3967
300 6 3585 4306
300 7 3585 4306
300 8 3585 4306
300 9 3585 4306
300 10 2002 4887
300 11 2002 4887
300 12 3653 5339
300 13 3653 5339
300 14 3653 5339
300 15 3653 5339
300 16 2578 4848
300 17 2578 4848
300 18 2578 4848
300 19 3050 3967
300 20 3050 3967
300 21 3050 3967
300 22 3050 3967
300 23 3740 4239
300 24 3599 4171
300 25 3682 4388
300 26 3447 4177
300 27 3736 4209
300 28 3548 4302
300 29 3615 4406
300 30 3716 4167
300 31 3499 4259
300 32 3552 4196
300 33 3709 4369
300 34 3435 4329
300 35 3497 4425
300 36 3541 4151
300 37 3530 4238
300 38 3644 4443
300 39 3412 4321
300 40 3753 4222
300 41 3478 4202
300 42 3760 4349
300 43 3490 4222
300 44 3453 4280
300 45 3712 4214
300 46 3562 4156
300 47 3547 4278
300 48 3556 4456
300 49 1869 4823
300 50 2141 4932
300 51 1836 4831
300 52 2113 4938
300 53 2102 5011
300 54 1881 4983
300 55 1960 4788
300 56 2117 4869
300 57 2123 4752
300 58 2147 4740
300 59 2094 5097
300 60 1994 5100
300 61 1980 5093
300 62 2109 4866
300 63 1824 5027
300 64 1957 4759
300 65 2186 4983
300 66 2206 4796
300 67 1809 5010
300 68 1831 4872
300 69 2040 4967
300 70 1795 4898
300 71 2091 4937
300 72 1817 4752
300 73 3741 5263
300 74 3571 5452
300 75 3535 5325
300 76 3646 5195
300 77 3517 5332
300 78 3777 5346
300 79 3557 5275
300 80 3639 5457
300 81 3772 5371
300 82 3704 5205
300 83 3610 5388
300 84 3741 5437
300 85 3601 5419
300 86 3612 5193
300 87 3709 5229
300 88 3684 5401
300 89 3649 5347
300 90 3705 5475
300 91 3566 5251
300 92 3583 5319
300 93 3666 5484
300 94 3561 5240
300 95 3518 5356
300 96 3723 5274
300 97 3641 5366
300 98 3642 5476
300 99 3561 5351
300 100 3594 5320
300 101 3738 5406
300 102 2566 4957
300 103 2671 4843
300 104 2562 4973
300 105 2699 4859
300 106 2652 4887
300 107 2511 4941
300 108 2665 4836
300 109 2511 4848
300 110 2523 4942
300 111 2631 4896
300 112 2599 4886
300 113 2568 4921
300 114 2655 4865
300 115 2504 4801
300 116 2499 4881
300 117 2480 4856
300 118 2610 4920
300 119 2553 4780
300 120 2573 4725
300 121 2551 4826
300 122 2611 4744
300 123 2592 4912
300 124 2617 4778
300 125 3058 4046
300 126 3095 3923
300 127 3009 4048
300 128 3043 4044
300 129 3051 3934
300 130 2999 4038
300 131 2989 4057
300 132 2942 3953
300 133 2988 4008
300 134 3041 3836
300 135 3125 3951
300 136 3047 3989
300 137 3146 3897
300 138 2961 3963
300 139 3055 3930
300 140 3138 3938
300 141 3165 3970
300 142 3139 3928
300 143 2940 3926
300 144 2962 3937
300 145 3113 3943
300 146 2954 3884
300 147 3084 4002
300 148 3058 4008
300 149 2929 3943
300 150 3140 3898
600 0 4459 3258
600 1 3585 4306
600 2 2002 4887
600 3 3653 5339
600 4 2578 4848
600 5 3050 3967
600 6 3585 4306
600 7 3585 4306
600 8 3585 4306
600 9 3585 4306
600 10 2002 4887
600 11 2002 4887
600 12 3653 5339
600 13 3653 5339
600 14 3653 5339
600 15 3653 5339
600 16 2578 4848
600 17 2578 4848
600 18 2578 4848
600 19 3050 3967
600 20 3050 3967
600 21 3050 3967
600 22 3050 3967
600 23 3506 4445
600 24 3641 4222
600 25 3588 4127
600 26 3406 4364
600 27 3595 4482
600 28 3724 4261
600 29 3544 4295
600 30 3557 4285
600 31 3607 4201
600 32 3688 4165
600 33 3512 4393
600 34 3618 4119
600 35 3520 4163
600 36 3690 4384
600 37 3623 4473
600 38 3641 4123
600 39 3515 4283
600 40 3593 4393
600 41 3450 4234
600 42 3527 4263
600 43 3543 4278
600 44 3736 4398
600 45 3526 4231
600 46 3559 4400
600 47 3560 4340
600 48 3460 4160
600 49 1971 4707
600 50 1925 4857
600 51 1927 5008
600 52 2008 5056
600 53 1819 5026
600 54 2061 4772
600 55 2000 5026
600 56 1886 4975
600 57 2169 4823
600 58 1969 4834
600 59 1833 4848
600 60 2191 4980
600 61 1787 4904
600 62 2183 4986
600 63 1830 4937
600 64 1901 4948
600 65 2155 4817
600 66 1974 4847
600 67 1889 5036
600 68 1947 4949
600 69 1980 4852
600 70 2123 5071
600 71 2003 4769
600 72 2126 4737
600 73 3568 5249
600 74 3738 5394
600 75 3520 5283
600 76 3608 5312
600 77 3549 5416
600 78 3580 5282
600 79 3607 5386
600 80 3594 5280
600 81 3536 5418
600 82 3673 5427
600 83 3554 5401
600 84 3558 5258
600 85 3729 5379
600 86 3713 5221
600 87 3731 5223
600 88 3657 5187
600 89 3792 5380
600 90 3749 5414
600 91 3536 5269
600 92 3729 5210
600 93 3582 5220
600 94 3706 5207
600 95 3772 5301
600 96 3689 5241
600 97 3642 5412
600 98 3634 5256
600 99 3598 5328
600 100 3591 5396
600 101 3762 5289
600 102 2660 4800
600 103 2595 4819
600 104 2593 4869
600 105 2559 4866
600 106 2486 4807
600 107 2504 4816
600 108 2686 4796
600 109 2522 4734
600 110 2514 4893
600 111 2567 4938
600 112 2529 4812
600 113 2696 4887
600 114 2677 4913
600 115 2693 4824
600 116 2467 4828
600 117 2575 4854
600 118 2520 4858
600 119 2480 4862
600 120 2584 4777
600 121 2571 4922
600 122 2612 4945
600 123 2653 4906
600 124 2667 4836
600 125 2974 3945
600 126 2986 4015
600 127 3102 3883
600 128 2988 3912
600 129 3057 3961
600 130 3049 4062
600 131 2951 4002
600 132 2998 3934
600 133 3152 3914
600 134 3037 3870
600 135 3042 3870
600 136 3151 3988
600 137 3077 4029
600 138 2985 4076
600 139 2946 3934
600 140 3039 3977
600 141 3061 4073
600 142 2938 3959
600 143 3036 4078
600 144 2938 3944
600 145 2978 4037
600 146 3137 3980
600 147 3081 3869
600 148 3091 3853
600 149 3092 3869
600 150 2980 3942
900 0 4459 3258
900 1 3585 4306
900 2 2002 4887
900 3 3653 5339
900 4 2578 4848
900 5 3050 3967
900 6 3585 4306
900 7 3585 4306
900 8 3585 4306
900 9 3585 4306
900 10 2002 4887
900 11 2002 4887
900 12 3653 5339
900 13 3653 5339
900 14 3653 5339
900 15 3653 5339
900 16 2578 4848
900 17 2578 4848
900 18 2578 4848
900 19 3050 3967
900 20 3050 3967
900 21 3050 3967
900 22 3050 3967
900 23 3699 4175
900 24 3443 4306
900 25 3602 4495
900 26 3593 4259
900 27 3696 4243
900 28 3676 4154
900 29 3624 4232
900 30 3686 4300
900 31 3429 4340
900 32 3594 4219
900 33 3602 4183
900 34 3564 4249
900 35 3634 4352
900 36 3479 4420
900 37 3601 4397
900 38 3716 4172
900 39 3633 4200
900 40 3423 4347
900 41 3522 4484
900 42 3404 4298
900 43 3630 4372
900 44 3485 4209
900 45 3520 4381
900 46 3528 4281
900 47 3434 4294
900 48 3647 4192
900 49 2038 4835
900 50 2069 5104
900 51 1897 4874
900 52 2036 4927
900 53 2098 4856
900 54 1996 5015
900 55 1959 5095
900 56 1976 4761
900 57 1966 4973
900 58 2000 4930
900 59 2130 4821
900 60 1954 4793
900 61 1871 4834
900 62 2038 4999
900 63 1817 4784
900 64 2066 4848
900 65 1891 4915
900 66 2023 4875
900 67 2020 4810
900 68 2055 4983
900 69 2187 5005
900 70 1973 4974
900 71 1889 4842
900 72 2088 4812
900 73 3608 5278
900 74 3572 5402
900 75 3679 5458
900 76 3635 5241
900 77 3720 5316
900 78 3708 5222
900 79 3611 5268
900 80 3640 5252
900 81 3575 5316
900 82 3678 5210
900 83 3734 5273
900 84 3543 5332
900 85 3602 5475
900 86 3739 5419
900 87 3681 5206
900 88 3583 5206
900 89 3555 5369
900 90 3716 5464
900 91 3757 5251
900 92 3730 5448
900 93 3600 5304
900 94 3683 5270
900 95 3524 5293
900 96 3738 5387
900 97 3719 5446
900 98 3722 5381
900 99 3585 5216
900 100 3638 5416
900 101 3702 5331
900 102 2584 4792
900 103 2678 4911
900 104 2601 4761
900 105 2682 4875
900 106 2602 4751
900 107 2486 4868
900 108 2585 4768
900 109 2455 4811
900 110 2672 4869
900 111 2684 4796
900 112 2667 4819
900 113 2497 4758
900 114 2613 4924
900 115 2630 4788
900 116 2681 4906
900 117 2560 4900
900 118 2612 4736
900 119 2687 4889
900 120 2678 4909
900 121 2585 4906
900 122 2586 4776
900 123 2592 4752
900 124 2510 4872
900 125 2976 3948
900 126 3087 4081
900 127 3044 3889
900 128 3113 3873
900 129 3017 3987
900 130 3006 4049
900 131 3067 4060
900 132 3023 3850
900 133 3166 3939
900 134 3046 4083
900 135 3159 3900
900 136 3013 3894
900 137 3136 4028
900 138 3142 3985
900 139 3004 3874
900 140 3055 3928
900 141 2991 3859
900 142 3037 3979
900 143 2999 3853
900 144 3062 4063
900 145 3116 3927
900 146 3117 3914
900 147 3034 3909
900 148 3067 4077
900 149 3013 4010
900 150 3057 3899
1200 0 4459 3258
1200 1 3585 4306
1200 2 2002 4887
1200 3 3653 5339
1200 4 2578 4848
1200 5 3050 3967
1200 6 3585 4306
1200 7 3585 4306
1200 8 3585 4306
1200 9 3585 4306
1200 10 2002 4887
1200 11 2002 4887
1200 12 3653 5339
1200 13 3653 5339
1200 14 3653 5339
1200 15 3653 5339
1200 16 2578 4848
1200 17 2578 4848
1200 18 2578 4848
1200 19 3050 3967
1200 20 3050 3967
1200 21 3050 3967
1200 22 3050 3967
1200 23 3729 4370
1200 24 3770 4319
1200 25 3471 4456
1200 26 3551 4221
1200 27 3558 4150
1200 28 3717 4319
1200 29 3603 4251
1200 30 3491 4357
1200 31 3654 4447
1200 32 3455 4390
1200 33 3615 4407
1200 34 3640 4268
1200 35 3741 4332
1200 36 3609 4125
1200 37 3452 4397
1200 38 3701 4454
1200 39 3651 4248
1200 40 3556 4192
1200 41 3746 4280
1200 42 3512 4442
1200 43 3487 4406
1200 44 3488 4412
1200 45 3766 4353
1200 46 3471 4375
1200 47 3697 4416
1200 48 3635 4413
1200 49 1975 4829
1200 50 2155 4812
1200 51 2051 4968
1200 52 1989 5093
1200 53 2137 4721
1200 54 1839 4877
1200 55 2066 4830
1200 56 2035 4730
1200 57 1975 4944
1200 58 2157 4956
1200 59 1841 4788
1200 60 1838 4829
1200 61 2039 5030
1200 62 2203 4808
1200 63 1985 4995
1200 64 1915 5089
1200 65 1981 4887
1200 66 1854 4763
1200 67 1894 5041
1200 68 1865 5032
1200 69 1841 5024
1200 70 2046 4758
1200 71 1858 4815
1200 72 2076 4869
1200 73 3625 5241
1200 74 3594 5444
1200 75 3612 5482
1200 76 3721 5378
1200 77 3763 5297
1200 78 3568 5379
1200 79 3765 5335
1200 80 3802 5341
1200 81 3736 5343
1200 82 3771 5260
1200 83 3645 5383
1200 84 3752 5272
1200 85 3733 5268
1200 86 3751 5452
1200 87 3603 5290
1200 88 3622 5229
1200 89 3730 5411
1200 90 3662 5285
1200 91 3759 5239
1200 92 3752 5446
1200 93 3584 5392
1200 94 3517 5338
1200 95 3699 5228
1200 96 3565 5339
1200 97 3663 5251
1200 98 3605 5269
1200 99 3584 5313
1200 100 3787 5283
1200 101 3676 5207
1200 102 2660 4917
1200 103 2562 4813
1200 104 2619 4919
1200 105 2534 4846
1200 106 2535 4861
1200 107 2556 4752
1200 108 2577 4801
1200 109 2573 4931
1200 110 2587 4786
1200 111 2680 4901
1200 112 2451 4838
1200 113 2686 4903
1200 114 2621 4933
1200 115 2485 4777
1200 116 2593 4789
1200 117 2654 4748
1200 118 2452 4846
1200 119 2522 4793
1200 120 2657 4868
1200 121 2669 4817
1200 122 2645 4884
1200 123 2499 4754
1200 124 2464 4870
1200 125 3151 4049
1200 126 3001 4031
1200 127 3017 3913
1200 128 3091 3970
1200 129 3149 3961
1200 130 3140 3931
1200 131 3052 3972
1200 132 3049 3992
1200 133 3018 3955
1200 134 3058 3837
1200 135 3171 4013
1200 136 2992 4078
1200 137 2976 3997
1200 138 3128 4046
1200 139 2975 3970
1200 140 3060 3951
1200 141 2986 4066
1200 142 3007 4058
1200 143 3074 4059
1200 144 3119 4033
1200 145 3104 4060
1200 146 3005 3946
1200 147 3084 4089
1200 148 2974 4072
1200 149 3077 4008
1200 150 3056 4043
1500 0 4459 3258
1500 1 3585 4306
1500 2 2002 4887
1500 3 3653 5339
1500 4 2578 4848
1500 5 3050 3967
1500 6 3585 4306
1500 7 3585 4306
1500 8 3585 4306
1500 9 3585 4306
1500 10 2002 4887
1500 11 2002 4887
1500 12 3653 5339
1500 13 3653 5339
1500 14 3653 5339
1500 15 3653 5339
1500 16 2578 4848
1500 17 2578 4848
1500 18 2578 4848
1500 19 3050 3967
1500 20 3050 3967
1500 21 3050 3967
1500 22 3050 3967
1500 23 3750 4286
1500 24 3554 4484
1500 25 3642 4396
1500 26 3579 4179
1500 27 3484 4153
1500 28 3733 4396
1500 29 3726 4308
1500 30 3516 4200
1500 31 3701 4336
1500 32 3517 4421
1500 33 3512 4282
1500 34 3715 4252
1500 35 3650 4239
1500 36 3636 4253
1500 37 3666 4319
1500 38 3405 4271
1500 39 3436 4228
1500 40 3738 4198
1500 41 3625 4485
1500 42 3464 4318
1500 43 3711 4205
1500 44 3505 4132
1500 45 3437 4304
1500 46 3497 4449
1500 47 3486 4268
1500 48 3613 4166
1500 49 1981 4926
1500 50 1828 4759
1500 51 1800 4884
1500 52 2081 4801
1500 53 1966 4868
1500 54 1902 4731
1500 55 2089 4886
1500 56 1982 4783
1500 57 2143 4936
1500 58 1829 4914
1500 59 1948 4819
1500 60 1856 5003
1500 61 2121 4810
1500 62 1914 4678
1500 63 1972 4766
1500 64 1788 4860
1500 65 2109 4737
1500 66 1966 4727
1500 67 1983 4993
1500 68 1921 4821
1500 69 2141 4970
1500 70 2067 5101
1500 71 1802 4986
1500 72 2102 5079
1500 73 3731 5452
1500 74 3624 5269
1500 75 3570 5373
1500 76 3686 5198
1500 77 3526 5277
1500 78 3578 5240
1500 79 3640 5401
1500 80 3621 5399
1500 81 3570 5336
1500 82 3788 5376
1500 83 3665 5474
1500 84 3708 5245
1500 85 3763 5315
1500 86 3694 5361
1500 87 3689 5221
1500 88 3667 5303
1500 89 3778 5331
1500 90 3586 5403
1500 91 3762 5253
1500 92 3601 5305
1500 93 3536 5299
1500 94 3739 5397
1500 95 3774 5397
1500 96 3631 5237
1500 97 3735 5345
1500 98 3724 5239
1500 99 3797 5341
1500 100 3777 5328
1500 101 3768 5245
1500 102 2569 4974
1500 103 2702 4876
1500 104 2562 4910
1500 105 2662 4788
1500 106 2645 4951
1500 107 2635 4869
1500 108 2521 4946
1500 109 2492 4833
1500 110 2545 4925
1500 111 2480 4831
1500 112 2609 4748
1500 113 2492 4934
1500 114 2597 4841
1500 115 2567 4964
1500 116 2482 4828
1500 117 2595 4849
1500 118 2617 4828
1500 119 2692 4876
1500 120 2669 4933
1500 121 2561 4726
1500 122 2658 4823
1500 123 2569 4789
1500 124 2600 4794
1500 125 3115 3881
1500 126 3002 4052
1500 127 2978 3953
1500 128 3083 4076
1500 129 3135 3971
1500 130 2961 3900
1500 131 3072 3949
1500 132 3026 3908
1500 133 3010 4071
1500 134 3126 4065
1500 135 2963 4055
1500 136 3077 3892
1500 137 3142 4059
1500 138 3156 4020
1500 139 3014 3960
1500 140 2977 3900
1500 141 3056 4053
1500 142 2974 4020
1500 143 3144 4054
1500 144 3120 3910
1500 145 3044 3980
1500 146 2975 3965
1500 147 3047 4061
1500 148 3006 3972
1500 149 3063 3880
1500 150 3086 3961
1800 0 4459 3258
1800 1 3585 4306
1800 2 2002 4887
1800 3 3653 5339
1800 4 2578 4848
1800 5 3050 3967
1800 6 3585 4306
1800 7 3585 4306
1800 8 3585 4306
1800 9 3585 4306
1800 10 2002 4887
1800 11 2002 4887
1800 12 3653 5339
1800 13 3653 5339
1800 14 3653 5339
1800 15 3653 5339
1800 16 2578 4848
1800 17 2578 4848
1800 18 2578 4848
1800 19 3050 3967
1800 20 3050 3967
1800 21 3050 3967
1800 22 3050 3967
1800 23 3540 4228
1800 24 3588 4353
1800 25 3695 4374
1800 26 3491 4281
1800 27 3583 4122
1800 28 3526 4310
1800 29 3687 4156
1800 30 3639 4200
1800 31 3538 4356
1800 32 3695 4438
1800 33 3623 4322
1800 34 3691 4272
1800 35 3640 4450
1800 36 3540 4370
1800 37 3764 4316
1800 38 3536 4158
1800 39 3557 4186
1800 40 3649 4464
1800 41 3716 4184
1800 42 3490 4264
1800 43 3572 4207
1800 44 3494 4310
1800 45 3655 4374
1800 46 3689 4385
1800 47 3506 4136
1800 48 3605 4136
1800 49 1938 4867
1800 50 2010 4794
1800 51 1969 5077
1800 52 1940 4944
1800 53 2054 4865
1800 54 2137 5065
1800 55 1878 5072
1800 56 2120 4771
1800 57 2102 4701
1800 58 1958 4821
1800 59 1957 5109
1800 60 2107 5004
1800 61 2147 4723
1800 62 2224 4935
1800 63 1868 4947
1800 64 2057 4879
1800 65 1997 4838
1800 66 1895 4858
1800 67 1907 4942
1800 68 1923 4849
1800 69 2156 4941
1800 70 2107 4881
1800 71 1817 4910
1800 72 1938 4971
1800 73 3599 5396
1800 74 3640 5262
1800 75 3789 5276
1800 76 3693 5407
1800 77 3679 5197
1800 78 3728 5264
1800 79 3672 5305
1800 80 3639 5274
1800 81 3764 5400
1800 82 3674 5203
1800 83 3695 5324
1800 84 3553 5267
1800 85 3726 5380
1800 86 3503 5314
1800 87 3645 5212
1800 88 3629 5398
1800 89 3714 5411
1800 90 3562 5271
1800 91 3783 5380
1800 92 3734 5323
1800 93 3773 5409
1800 94 3627 5354
1800 95 3673 5391
1800 96 3774 5289
1800 97 3594 5350
1800 98 3755 5367
1800 99 3602 5262
1800 100 3632 5340
1800 101 3645 5415
1800 102 2519 4774
1800 103 2472 4917
1800 104 2620 4805
1800 105 2540 4766
1800 106 2542 4888
1800 107 2554 4810
1800 108 2520 4816
1800 109 2580 4788
1800 110 2490 4786
1800 111 2504 4838
1800 112 2624 4748
1800 113 2626 4950
1800 114 2569 4863
1800 115 2664 4867
1800 116 2468 4858
1800 117 2581 4788
1800 118 2681 4878
1800 119 2687 4844
1800 120 2614 4855
1800 121 2626 4758
1800 122 2454 4819
1800 123 2663 4942
1800 124 2702 4853
1800 125 3088 3874
1800 126 3144 4028
1800 127 3045 4045
1800 128 2942 4027
1800 129 3029 3900
1800 130 2963 3999
1800 131 3011 4055
1800 132 3101 3901
1800 133 3073 3919
1800 134 3069 4022
1800 135 2997 3933
1800 136 3031 3969
1800 137 3021 4035
1800 138 2949 3991
1800 139 3046 3905
1800 140 3069 4042
1800 141 3005 3949
1800 142 3102 4077
1800 143 3090 3996
1800 144 3099 4032
1800 145 2999 4044
1800 146 2989 3889
1800 147 2952 4043
1800 148 3030 4032
1800 149 2941 4014
1800 150 3039 4023
2100 0 4459 3258
2100 1 3585 4306
2100 2 2002 4887
2100 3 3653 5339
2100 4 2578 4848
2100 5 3050 3967
2100 6 3585 4306
2100 7 3585 4306
2100 8 3585 4306
2100 9 3585 4306
2100 10 2002 4887
2100 11 2002 4887
2100 12 3653 5339
2100 13 3653 5339
2100 14 3653 5339
2100 15 3653 5339
2100 16 2578 4848
2100 17 2578 4848
2100 18 2578 4848
2100 19 3050 3967
2100 20 3050 3967
2100 21 3050 3967
2100 22 3050 3967
2100 23 3448 4406
2100 24 3686 4263
2100 25 3654 4263
2100 26 3557 4177
2100 27 3651 4426
2100 28 3549 4178
2100 29 3542 4467
2100 30 3527 4404
2100 31 3535 4482
2100 32 3729 4289
2100 33 3667 4170
2100 34 3434 4361
2100 35 3413 4282
2100 36 3612 4284
2100 37 3491 4278
2100 38 3441 4290
2100 39 3465 4217
2100 40 3664 4226
2100 41 3548 4390
2100 42 3464 4218
2100 43 3655 4323
2100 44 3586 4476
2100 45 3579 4238
2100 46 3663 4255
2100 47 3537 4271
2100 48 3704 4254
2100 49 2147 4762
2100 50 1995 4895
2100 51 2101 4978
2100 52 1939 4809
2100 53 1923 5048
2100 54 2227 4841
2100 55 1911 4828
2100 56 2043 4787
2100 57 1958 5097
2100 58 1788 4891
2100 59 2006 4741
2100 60 1906 5077
2100 61 2032 4910
2100 62 2176 4863
2100 63 1968 4903
2100 64 1889 4832
2100 65 2042 4944
2100 66 1958 4722
2100 67 2040 5039
2100 68 2131 4965
2100 69 2183 4802
2100 70 2042 4812
2100 71 1958 5077
2100 72 2061 5087
2100 73 3600 5422
2100 74 3574 5266
2100 75 3773 5248
2100 76 3528 5426
2100 77 3604 5224
2100 78 3678 5485
2100 79 3725 5395
2100 80 3536 5319
2100 81 3756 5297
2100 82 3687 5257
2100 83 3537 5261
2100 84 3660 5203
2100 85 3602 5221
2100 86 3663 5324
2100 87 3743 5451
2100 88 3594 5270
2100 89 3712 5346
2100 90 3699 5264
2100 91 3719 5384
2100 92 3570 5367
2100 93 3694 5437
2100 94 3623 5240
2100 95 3526 5373
2100 96 3650 5358
2100 97 3546 5347
2100 98 3687 5350
2100 99 3563 5252
2100 100 3679 5229
2100 101 3663 5198
2100 102 2604 4902
2100 103 2551 4746
2100 104 2483 4826
2100 105 2617 4931
2100 106 2644 4757
2100 107 2608 4942
2100 108 2608 4774
2100 109 2647 4932
2100 110 2484 4849
2100 111 2627 4846
2100 112 2601 4935
2100 113 2524 4763
2100 114 2488 4758
2100 115 2506 4771
2100 116 2595 4763
2100 117 2610 4933
2100 118 2612 4970
2100 119 2523 4821
2100 120 2546 4947
2100 121 2582 4961
2100 122 2500 4807
2100 123 2573 4726
2100 124 2468 4827
2100 125 3118 4038
2100 126 3076 4034
2100 127 3145 3882
2100 128 3023 3910
2100 129 3112 3867
2100 130 3137 3978
2100 131 3037 4097
2100 132 3094 3881
2100 133 3080 3941
2100 134 3148 3907
2100 135 3055 4021
2100 136 3052 3954
2100 137 3097 4046
2100 138 3100 3946
2100 139 2994 4001
2100 140 2961 4015
2100 141 3016 3988
2100 142 3126 4045
2100 143 2990 3946
2100 144 2999 3987
2100 145 3017 4083
2100 146 2949 4044
2100 147 2996 4069
2100 148 3064 4019
2100 149 3176 3964
2100 150 3061 3991
2400 0 4459 3258
2400 1 3585 4306
2400 2 2002 4887
2400 3 3653 5339
2400 4 2578 4848
2400 5 3050 3967
2400 6 3585 4306
2400 7 3585 4306
2400 8 3585 4306
2400 9 3585 4306
2400 10 2002 4887
2400 11 2002 4887
2400 12 3653 5339
2400 13 3653 5339
2400 14 3653 5339
2400 15 3653 5339
2400 16 2578 4848
2400 17 2578 4848
2400 18 2578 4848
2400 19 3050 3967
2400 20 3050 3967
2400 21 3050 3967
2400 22 3050 3967
2400 23 3506 4248
2400 24 3539 4426
2400 25 3716 4181
2400 26 3480 4212
2400 27 3430 4333
2400 28 3640 4315
2400 29 3674 4178
2400 30 3649 4227
2400 31 3416 4332
2400 32 3635 4307
2400 33 3494 4210
2400 34 3455 4252
2400 35 3629 4485
2400 36 3637 4417
2400 37 3721 4176
2400 38 3739 4312
2400 39 3692 4349
2400 40 3633 4436
2400 41 3749 4302
2400 42 3555 4198
2400 43 3492 4389
2400 44 3401 4336
2400 45 3693 4286
2400 46 3494 4172
2400 47 3543 4344
2400 48 3619 4177
2400 49 2071 4835
2400 50 2161 4901
2400 51 1822 4908
2400 52 1952 4690
2400 53 2059 4780
2400 54 2114 4874
2400 55 2182 4942
2400 56 2085 4923
2400 57 1935 4901
2400 58 1979 4999
2400 59 2163 4747
2400 60 2206 4940
2400 61 1993 4889
2400 62 1971 5063
2400 63 1786 4848
2400 64 2040 4806
2400 65 2163 5037
2400 66 2039 4770
2400 67 1994 4960
2400 68 1932 4998
2400 69 2139 4851
2400 70 1838 4865
2400 71 1988 4906
2400 72 2150 5012
2400 73 3536 5318
2400 74 3777 5391
2400 75 3736 5245
2400 76 3568 5380
2400 77 3740 5294
2400 78 3686 5374
2400 79 3594 5425
2400 80 3663 5355
2400 81 3738 5348
2400 82 3632 5383
2400 83 3717 5426
2400 84 3657 5299
2400 85 3690 5439
2400 86 3564 5436
2400 87 3743 5350
2400 88 3661 5470
2400 89 3523 5379
2400 90 3716 5431
2400 91 3608 5431
2400 92 3648 5320
2400 93 3562 5245
2400 94 3644 5477
2400 95 3543 5419
2400 96 3677 5255
2400 97 3574 5235
2400 98 3729 5255
2400 99 3681 5478
2400 100 3601 5212
2400 101 3785 5343
2400 102 2626 4864
2400 103 2475 4885
2400 104 2583 4741
2400 105 2586 4964
2400 106 2534 4833
2400 107 2654 4812
2400 108 2663 4780
2400 109 2635 4905
2400 110 2653 4783
2400 111 2638 4848
2400 112 2696 4827
2400 113 2475 4791
2400 114 2677 4904
2400 115 2497 4802
2400 116 2690 4910
2400 117 2473 4818
2400 118 2519 4880
2400 119 2547 4764
2400 120 2508 4817
2400 121 2641 4885
2400 122 2612 4748
2400 123 2656 4907
2400 124 2620 4880
2400 125 3140 3963
2400 126 2958 3879
2400 127 3010 4075
2400 128 3164 3919
2400 129 3080 3852
2400 130 3120 3873
2400 131 2997 4011
2400 132 3136 4043
2400 133 3046 3955
2400 134 3045 3991
2400 135 3103 3987
2400 136 3103 4026
2400 137 3000 3969
2400 138 3106 4064
2400 139 3090 3917
2400 140 2954 3938
2400 141 3038 4051
2400 142 3053 3941
2400 143 2931 3977
2400 144 3006 3937
2400 145 3176 3985
2400 146 3059 3854
2400 147 3111 3931
2400 148 3109 3903
2400 149 3101 3934
2400 150 2962 3907
2700 0 4459 3258
2700 1 3585 4306
2700 2 2002 4887
2700 3 3653 5339
2700 4 2578 4848
2700 5 3050 3967
2700 6 3585 4306
2700 7 3585 4306
2700 8 3585 4306
2700 9 3585 4306
2700 10 2002 4887
2700 11 2002 4887
2700 12 3653 5339
2700 13 3653 5339
2700 14 3653 5339
2700 15 3653 5339
2700 16 2578 4848
2700 17 2578 4848
2700 18 2578 4848
2700 19 3050 3967
2700 20 3050 3967
2700 21 3050 3967
2700 22 3050 3967
2700 23 3751 4393
2700 24 3497 4432
2700 25 3643 4337
2700 26 3672 4304
2700 27 3703 4418
2700 28 3431 4279
2700 29 3612 4451
2700 30 3635 4293
2700 31 3676 4269
2700 32 3605 4258
2700 33 3528 4390
2700 34 3628 4373
2700 35 3635 4425
2700 36 3647 4190
2700 37 3603 4194
2700 38 3427 4333
2700 39 3632 4351
2700 40 3653 4442
2700 41 3491 4226
2700 42 3654 4383
2700 43 3744 4297
2700 44 3424 4284
2700 45 3654 4460
2700 46 3692 4383
2700 47 3687 4383
2700 48 3469 4437
2700 49 1955 5004
2700 50 1797 4976
2700 51 2061 5075
2700 52 2138 5049
2700 53 1904 5063
2700 54 1891 4712
2700 55 1855 4948
2700 56 2184 4881
2700 57 1845 5015
2700 58 2164 4754
2700 59 2066 4709
2700 60 2084 5026
2700 61 1886 4916
2700 62 2156 4751
2700 63 1898 5031
2700 64 2132 4997
2700 65 1917 4989
2700 66 1995 5039
2700 67 1999 4859
2700 68 1929 4806
2700 69 1859 4784
2700 70 1957 4937
2700 71 1891 4767
2700 72 2110 4842
2700 73 3683 5444
2700 74 3608 5273
2700 75 3572 5215
2700 76 3592 5454
2700 77 3707 5230
2700 78 3571 5463
2700 79 3552 5338
2700 80 3692 5315
2700 81 3665 5323
2700 82 3652 5301
2700 83 3691 5292
2700 84 3684 5219
2700 85 3646 5273
2700 86 3654 5413
2700 87 3659 5354
2700 88 3672 5343
2700 89 3719 5315
2700 90 3733 5274
2700 91 3611 5464
2700 92 3574 5456
2700 93 3540 5313
2700 94 3538 5291
2700 95 3602 5214
2700 96 3576 5299
2700 97 3718 5292
2700 98 3672 5469
2700 99 3653 5199
2700 100 3722 5282
2700 101 3625 5388
2700 102 2648 4924
2700 103 2671 4818
2700 104 2496 4784
2700 105 2626 4884
2700 106 2534 4848
2700 107 2642 4908
2700 108 2540 4755
2700 109 2479 4850
2700 110 2531 4772
2700 111 2622 4782
2700 112 2563 4975
2700 113 2597 4901
2700 114 2612 4738
2700 115 2615 4962
2700 116 2542 4880
2700 117 2623 4874
2700 118 2560 4757
2700 119 2530 4809
2700 120 2685 4867
2700 121 2600 4793
2700 122 2512 4775
2700 123 2606 4835
2700 124 2547 4735
2700 125 3021 3971
2700 126 2948 4000
2700 127 2979 3963
2700 128 3033 4046
2700 129 2961 3957
2700 130 2971 3871
2700 131 3112 4068
2700 132 3100 3956
2700 133 2945 3949
2700 134 3092 3989
2700 135 3048 4032
2700 136 3008 3964
2700 137 3069 4040
2700 138 2963 3937
2700 139 3109 3975
2700 140 3091 3997
2700 141 3006 4017
2700 142 3003 4006
2700 143 2969 4011
2700 144 2972 3962
2700 145 3017 3939
2700 146 3049 3977
2700 147 3055 4059
2700 148 3132 4003
2700 149 3088 3973
2700 150 3166 3952
3000 0 4459 3258
3000 1 3585 4306
3000 2 2002 4887
3000 3 3653 5339
3000 4 2578 4848
3000 5 3050 3967
3000 6 3585 4306
3000 7 3585 4306
3000 8 3585 4306
3000 9 3585 4306
3000 10 2002 4887
3000 11 2002 4887
3000 12 3653 5339
3000 13 3653 5339
3000 14 3653 5339
3000 15 3653 5339
3000 16 2578 4848
3000 17 2578 4848
3000 18 2578 4848
3000 19 3050 3967
3000 20 3050 3967
3000 21 3050 3967
3000 22 3050 3967
3000 23 3455 4194
3000 24 3640 4413
3000 25 3692 4154
3000 26 3499 4152
3000 27 3719 4390
3000 28 3514 4435
3000 29 3761 4295
3000 30 3650 4282
3000 31 3578 4246
3000 32 3551 4146
3000 33 3467 4176
3000 34 3754 4270
3000 35 3595 4438
3000 36 3614 4445
3000 37 3548 4450
3000 38 3640 4160
3000 39 3459 4273
3000 40 3534 4371
3000 41 3549 4366
3000 42 3622 4160
3000 43 3696 4161
3000 44 3437 4376
3000 45 3717 4394
3000 46 3582 4268
3000 47 3745 4327
3000 48 3622 4369
3000 49 2076 4955
3000 50 1847 4740
3000 51 2164 4897
3000 52 1891 4831
3000 53 2012 5002
3000 54 1829 4877
3000 55 2134 4818
3000 56 2028 5061
3000 57 2180 4758
3000 58 1962 4913
3000 59 1793 4981
3000 60 2084 4778
3000 61 1870 4997
3000 62 1857 4835
3000 63 1931 4757
3000 64 2123 4755
3000 65 2040 5075
3000 66 1788 4899
3000 67 2135 4789
3000 68 1953 4825
3000 69 1972 4961
3000 70 2052 5104
3000 71 1794 4955
3000 72 1932 4858
3000 73 3636 5339
3000 74 3719 5353
3000 75 3696 5448
3000 76 3710 5475
3000 77 3711 5215
3000 78 3678 5332
3000 79 3556 5243
3000 80 3587 5342
3000 81 3622 5271
3000 82 3574 5321
3000 83 3603 5305
3000 84 3641 5207
3000 85 3690 5238
3000 86 3578 5330
3000 87 3684 5470
3000 88 3542 5267
3000 89 3717 5262
3000 90 3657 5245
3000 91 3547 5401
3000 92 3566 5331
3000 93 3724 5219
3000 94 3640 5459
3000 95 3739 5277
3000 96 3718 5267
3000 97 3552 5269
3000 98 3579 5422
3000 99 3536 5286
3000 100 3520 5376
3000 101 3561 5222
3000 102 2625 4868
3000 103 2545 4760
3000 104 2499 4812
3000 105 2657 4759
3000 106 2569 4973
3000 107 2586 4936
3000 108 2567 4922
3000 109 2473 4911
3000 110 2581 4966
3000 111 2578 4873
3000 112 2530 4773
3000 113 2628 4918
3000 114 2477 4861
3000 115 2662 4814
3000 116 2531 4804
3000 117 2533 4831
3000 118 2558 4754
3000 119 2552 4735
3000 120 2638 4920
3000 121 2509 4878
3000 122 2662 4751
3000 123 2456 4868
3000 124 2463 4877
3000 125 3009 4058
3000 126 2961 3930
3000 127 2946 4015
3000 128 3123 4046
3000 129 3102 3940
3000 130 2938 4033
3000 131 3019 3881
3000 132 3031 3875
3000 133 2974 3871
3000 134 2953 4029
3000 135 3066 4037
3000 136 2933 3982
3000 137 2994 3942
3000 138 2997 4074
3000 139 2974 3998
3000 140 2999 3989
3000 141 3134 3948
3000 142 3175 3940
3000 143 2962 3963
3000 144 2991 3914
3000 145 2942 3936
3000 146 3033 4075
3000 147 3001 4050
3000 148 3105 4030
3000 149 3151 3937
3000 150 3061 4018
3300 0 4459 3258
3300 1 3585 4306
3300 2 2002 4887
3300 3 3653 5339
3300 4 2578 4848
3300 5 3050 3967
3300 6 3585 4306
3300 7 3585 4306
3300 8 3585 4306
3300 9 3585 4306
3300 10 2002 4887
3300 11 2002 4887
3300 12 3653 5339
3300 13 3653 5339
3300 14 3653 5339
3300 15 3653 5339
3300 16 2578 4848
3300 17 2578 4848
3300 18 2578 4848
3300 19 3050 3967
3300 20 3050 3967
3300 21 3050 3967
3300 22 3050 3967
3300 23 3438 4234
3300 24 3497 4441
3300 25 3665 4397
3300 26 3718 4313
3300 27 3770 4301
3300 28 3623 4383
3300 29 3639 4478
3300 30 3446 4426
3300 31 3517 4214
3300 32 3569 4341
3300 33 3535 4398
3300 34 3656 4266
3300 35 3595 4290
3300 36 3569 4478
3300 37 3684 4441
3300 38 3684 4340
3300 39 3551 4422
3300 40 3487 4272
3300 41 3729 4188
3300 42 3545 4218
3300 43 3689 4432
3300 44 3738 4229
3300 45 3438 4358
3300 46 3657 4259
3300 47 3477 4284
3300 48 3631 4405
3300 49 1976 4781
3300 50 2219 4822
3300 51 1870 4950
3300 52 1805 4905
3300 53 1891 5070
3300 54 2019 5016
3300 55 1893 5018
3300 56 2113 4696
3300 57 1939 4684
3300 58 1938 4835
3300 59 2063 4945
3300 60 2026 4766
3300 61 2012 4861
3300 62 2006 4784
3300 63 1909 5081
3300 64 1854 4950
3300 65 1870 4712
3300 66 1936 4870
3300 67 2100 4980
3300 68 1949 4933
3300 69 1911 4848
3300 70 1813 4989
3300 71 2154 5004
3300 72 2094 4886
3300 73 3644 5350
3300 74 3569 5235
3300 75 3502 5317
3300 76 3667 5305
3300 77 3586 5202
3300 78 3720 5331
3300 79 3523 5404
3300 80 3573 5386
3300 81 3658 5323
3300 82 3687 5389
3300 83 3620 5260
3300 84 3604 5446
3300 85 3551 5342
3300 86 3506 5310
3300 87 3691 5440
3300 88 3695 5292
3300 89 3653 5482
3300 90 3652 5308
3300 91 3760 5245
3300 92 3723 5421
3300 93 3750 5243
3300 94 3612 5322
3300 95 3766 5277
3300 96 3733 5358
3300 97 3579 5433
3300 98 3571 5333
3300 99 3594 5410
3300 100 3559 5228
3300 101 3787 5380
3300 102 2576 4780
3300 103 2499 4781
3300 104 2621 4823
3300 105 2632 4854
3300 106 2456 4832
3300 107 2590 4950
3300 108 2527 4881
3300 109 2484 4843
3300 110 2629 4938
3300 111 2617 4940
3300 112 2593 4810
3300 113 2622 4873
3300 114 2521 4786
3300 115 2575 4888
3300 116 2583 4972
3300 117 2612 4840
3300 118 2574 4974
3300 119 2474 4879
3300 120 2569 4787
3300 121 2567 4831
3300 122 2552 4877
3300 123 2632 4808
3300 124 2584 4970
3300 125 3026 4002
3300 126 3019 3916
3300 127 2980 3933
3300 128 3053 3968
3300 129 3177 3990
3300 130 2932 3959
3300 131 3075 3936
3300 132 3139 4042
3300 133 3094 3931
3300 134 2953 4006
3300 135 3009 3895
3300 136 2950 3915
3300 137 2981 3927
3300 138 2953 4001
3300 139 3003 3870
3300 140 3089 3904
3300 141 3158 3936
3300 142 3019 3882
3300 143 3171 3994
3300 144 3041 3927
3300 145 2983 4061
3300 146 3133 4025
3300 147 3114 4013
3300 148 3023 3890
3300 149 3123 4039
3300 150 2945 3977
3600 0 4459 3258
3600 1 3585 4306
3600 2 2002 4887
3600 3 3653 5339
3600 4 2578 4848
3600 5 3050 3967
3600 6 3585 4306
3600 7 3585 4306
3600 8 3585 4306
3600 9 3585 4306
3600 10 2002 4887
3600 11 2002 4887
3600 12 3653 5339
3600 13 3653 5339
3600 14 3653 5339
3600 15 3653 5339
3600 16 2578 4848
3600 17 2578 4848
3600 18 2578 4848
3600 19 3050 3967
3600 20 3050 3967
3600 21 3050 3967
3600 22 3050 3967
3600 23 3524 4185
3600 24 3728 4314
3600 25 3481 4243
3600 26 3552 4168
3600 27 3564 4291
3600 28 3673 4361
3600 29 3501 4293
3600 30 3403 4318
3600 31 3572 4471
3600 32 3742 4345
3600 33 3566 4466
3600 34 3497 4247
3600 35 3694 4384
3600 36 3698 4306
3600 37 3442 4234
3600 38 3676 4273
3600 39 3534 4178
3600 40 3520 4224
3600 41 3710 4225
3600 42 3517 4261
3600 43 3656 4449
3600 44 3599 4178
3600 45 3440 4327
3600 46 3561 4177
3600 47 3727 4322
3600 48 3529 4387
3600 49 2182 4915
3600 50 2137 4996
3600 51 1868 4782
3600 52 1880 4798
3600 53 1939 4956
3600 54 2043 4781
3600 55 2020 4897
3600 56 1997 4811
3600 57 2161 4734
3600 58 1827 4961
3600 59 1906 4970
3600 60 2042 5063
3600 61 2079 4924
3600 62 1856 5059
3600 63 2126 4711
3600 64 2067 5055
3600 65 2057 5027
3600 66 2215 4960
3600 67 2033 5044
3600 68 2173 4904
3600 69 1983 4956
3600 70 1931 4744
3600 71 1986 4970
3600 72 1974 4845
3600 73 3606 5455
3600 74 3581 5347
3600 75 3612 5204
3600 76 3563 5332
3600 77 3693 5256
3600 78 3640 5411
3600 79 3762 5356
3600 80 3696 5289
3600 81 3596 5478
3600 82 3711 5290
3600 83 3605 5211
3600 84 3591 5267
3600 85 3547 5244
3600 86 3761 5376
3600 87 3692 5395
3600 88 3682 5358
3600 89 3616 5304
3600 90 3600 5290
3600 91 3634 5406
3600 92 3748 5432
3600 93 3618 5325
3600 94 3652 5460
3600 95 3729 5420
3600 96 3573 5223
3600 97 3566 5333
3600 98 3620 5237
3600 99 3574 5298
3600 100 3706 5460
3600 101 3633 5206
3600 102 2609 4819
3600 103 2609 4953
3600 104 2693 4862
3600 105 2577 4854
3600 106 2644 4854
3600 107 2498 4885
3600 108 2570 4735
3600 109 2557 4795
3600 110 2598 4783
3600 111 2693 4839
3600 112 2521 4830
3600 113 2689 4838
3600 114 2568 4779
3600 115 2543 4868
3600 116 2681 4874
3600 117 2562 4757
3600 118 2581 4785
3600 119 2541 4927
3600 120 2680 4904
3600 121 2623 4826
3600 122 2530 4920
3600 123 2554 4735
3600 124 2621 4914
3600 125 2932 3953
3600 126 3100 3899
3600 127 2976 3967
3600 128 3114 3923
3600 129 3113 3931
3600 130 2938 3929
3600 131 3047 4070
3600 132 2968 3922
3600 133 2990 3875
3600 134 3040 3955
3600 135 3131 4035
3600 136 2986 3892
3600 137 3105 3904
3600 138 2983 3872
3600 139 3109 3925
3600 140 3033 4073
3600 141 2968 3870
3600 142 3112 3886
3600 143 3144 3976
3600 144 3140 4010
3600 145 3017 4044
3600 146 3148 3910
3600 147 2973 4040
3600 148 3014 3897
3600 149 3042 3996
3600 150 3085 4024
