0 4200 0 10000 0 10000
0 0 4031 4505
0 1 1732 3698
0 2 4237 5963
0 3 1732 3698
0 4 1732 3698
0 5 1732 3698
0 6 4237 5963
0 7 4237 5963
0 8 1831 3647
0 9 1709 3746
0 10 1610 3662
0 11 1599 3714
0 12 1874 3738
0 13 1828 3608
0 14 1619 3724
0 15 1620 3656
0 16 1665 3775
0 17 1702 3776
0 18 1638 3769
0 19 1638 3688
0 20 1688 3647
0 21 4372 5749
0 22 4078 6164
0 23 4458 6068
0 24 4398 5820
0 25 4385 6134
0 26 4242 5843
0 27 4460 6019
0 28 4413 6013
0 29 3998 6003
0 30 4058 5964
300 0 4031 4505
300 1 1732 3698
300 2 4237 5963
300 3 1732 3698
300 4 1732 3698
300 5 1732 3698
300 6 4237 5963
300 7 4237 5963
300 8 1772 3796
300 9 1675 3562
300 10 1747 3691
300 11 1656 3831
300 12 1698 3602
300 13 1694 3823
300 14 1652 3822
300 15 1833 3615
300 16 1758 3757
300 17 1764 3675
300 18 1721 3665
300 19 1806 3714
300 20 1787 3562
300 21 4117 5926
300 22 4335 5967
300 23 4074 5810
300 24 4195 5892
300 25 4417 5882
300 26 4430 6051
300 27 4201 6038
300 28 4132 5791
300 29 4233 6080
300 30 4457 5813
600 0 4031 4505
600 1 1732 3698
600 2 4237 5963
600 3 1732 3698
600 4 1732 3698
600 5 1732 3698
600 6 4237 5963
600 7 4237 5963
600 8 1802 3816
600 9 1825 3725
600 10 1735 3555
600 11 1765 3613
600 12 1819 3625
600 13 1680 3556
600 14 1796 3837
600 15 1823 3575
600 16 1873 3710
600 17 1674 3693
600 18 1648 3715
600 19 1691 3660
600 20 1737 3615
600 21 4341 5886
600 22 4110 5892
600 23 4047 6035
600 24 4449 5814
600 25 4108 5797
600 26 4084 6123
600 27 4228 5921
600 28 4149 5827
600 29 4329 6192
600 30 4180 6203
900 0 4031 4505
900 1 1732 3698
900 2 4237 5963
900 3 1732 3698
900 4 1732 3698
900 5 1732 3698
900 6 4237 5963
900 7 4237 5963
900 8 1703 3848
900 9 1861 3780
900 10 1654 3809
900 11 1657 3711
900 12 1748 3850
900 13 1864 3693
900 14 1797 3646
900 15 1674 3758
900 16 1665 3654
900 17 1792 3644
900 18 1690 3642
900 19 1828 3587
900 20 1625 3727
900 21 4198 5756
900 22 4063 5843
900 23 4304 5947
900 24 4264 5917
900 25 4254 5830
900 26 4208 5983
900 27 4096 6078
900 28 4309 6052
900 29 4228 5854
900 30 4473 5904
1200 0 4031 4505
1200 1 1732 3698
1200 2 4237 5963
1200 3 1732 3698
1200 4 1732 3698
1200 5 1732 3698
1200 6 4237 5963
1200 7 4237 5963
1200 8 1643 3724
1200 9 1790 3628
1200 10 1758 3653
1200 11 1619 3774
1200 12 1709 3715
1200 13 1688 3587
1200 14 1604 3672
1200 15 1713 3698
1200 16 1665 3709
1200 17 1822 3625
1200 18 1744 3632
1200 19 1731 3584
1200 20 1821 3669
1200 21 4398 5752
1200 22 4251 5868
1200 23 4303 6108
1200 24 4195 6036
1200 25 4119 5741
1200 26 4349 5833
1200 27 4243 6163
1200 28 4183 5725
1200 29 4165 5779
1200 30 4287 6031
1500 0 4031 4505
1500 1 1732 3698
1500 2 4237 5963
1500 3 1732 3698
1500 4 1732 3698
1500 5 1732 3698
1500 6 4237 5963
1500 7 4237 5963
1500 8 1652 3697
1500 9 1616 3766
1500 10 1690 3610
1500 11 1696 3828
1500 12 1689 3580
1500 13 1868 3737
1500 14 1621 3626
1500 15 1643 3751
1500 16 1708 3677
1500 17 1639 3663
1500 18 1667 3669
1500 19 1818 3615
1500 20 1826 3694
1500 21 4056 5818
1500 22 4149 6134
1500 23 4336 5740
1500 24 4000 6055
1500 25 4085 6015
1500 26 4311 6055
1500 27 4207 5990
1500 28 4314 5819
1500 29 4309 6087
1500 30 4272 6200
1800 0 4031 4505
1800 1 1732 3698
1800 2 4237 5963
1800 3 1732 3698
1800 4 1732 3698
1800 5 1732 3698
1800 6 4237 5963
1800 7 4237 5963
1800 8 1599 3649
1800 9 1785 3561
1800 10 1686 3607
1800 11 1811 3810
1800 12 1659 3748
1800 13 1586 3673
1800 14 1809 3809
1800 15 1820 3655
1800 16 1817 3804
1800 17 1709 3664
1800 18 1803 3639
1800 19 1824 3816
1800 20 1759 3584
1800 21 4246 6050
1800 22 4326 5739
1800 23 4306 5992
1800 24 4198 5882
1800 25 4184 6119
1800 26 4162 5816
1800 27 4357 6175
1800 28 4352 5939
1800 29 4346 5882
1800 30 4478 5897
2100 0 4031 4505
2100 1 1732 3698
2100 2 4237 5963
2100 3 1732 3698
2100 4 1732 3698
2100 5 1732 3698
2100 6 4237 5963
2100 7 4237 5963
2100 8 1753 3669
2100 9 1652 3642
2100 10 1784 3584
2100 11 1725 3813
2100 12 1697 3749
2100 13 1657 3750
2100 14 1773 3780
2100 15 1729 3786
2100 16 1705 3575
2100 17 1848 3779
2100 18 1736 3816
2100 19 1813 3635
2100 20 1784 3614
2100 21 4320 6132
2100 22 4030 5876
2100 23 4065 6117
2100 24 4286 5759
2100 25 4276 5974
2100 26 4400 5983
2100 27 4366 5848
2100 28 4416 5766
2100 29 4313 6068
2100 30 4036 6025
2400 0 4031 4505
2400 1 1732 3698
2400 2 4237 5963
2400 3 1732 3698
2400 4 1732 3698
2400 5 1732 3698
2400 6 4237 5963
2400 7 4237 5963
2400 8 1714 3825
2400 9 1697 3648
2400 10 1859 3658
2400 11 1882 3669
2400 12 1747 3795
2400 13 1843 3662
2400 14 1689 3695
2400 15 1875 3702
2400 16 1596 3698
2400 17 1822 3821
2400 18 1660 3719
2400 19 1709 3626
2400 20 1673 3724
2400 21 4186 5995
2400 22 4484 5877
2400 23 4126 6062
2400 24 4112 5936
2400 25 4181 5938
2400 26 4271 6059
2400 27 4341 6179
2400 28 3997 5942
2400 29 4307 5984
2400 30 4181 6098
2700 0 4031 4505
2700 1 1732 3698
2700 2 4237 5963
2700 3 1732 3698
2700 4 1732 3698
2700 5 1732 3698
2700 6 4237 5963
2700 7 4237 5963
2700 8 1829 3807
2700 9 1735 3558
2700 10 1775 3715
2700 11 1757 3745
2700 12 1759 3842
2700 13 1602 3704
2700 14 1660 3827
2700 15 1757 3686
2700 16 1663 3579
2700 17 1753 3611
2700 18 1661 3575
2700 19 1762 3612
2700 20 1632 3760
2700 21 4408 6048
2700 22 4446 6089
2700 23 4086 6149
2700 24 4286 5812
2700 25 4351 5942
2700 26 4197 5898
2700 27 4079 6145
2700 28 4230 6039
2700 29 4458 5977
2700 30 4120 5850
3000 0 4031 4505
3000 1 1732 3698
3000 2 4237 5963
3000 3 1732 3698
3000 4 1732 3698
3000 5 1732 3698
3000 6 4237 5963
3000 7 4237 5963
3000 8 1699 3780
3000 9 1643 3764
3000 10 1793 3641
3000 11 1802 3706
3000 12 1819 3701
3000 13 1635 3597
3000 14 1618 3655
3000 15 1779 3622
3000 16 1646 3742
3000 17 1814 3732
3000 18 1871 3739
3000 19 1752 3599
3000 20 1690 3781
3000 21 4333 5895
3000 22 4157 6106
3000 23 3993 6049
3000 24 4316 5816
3000 25 4207 5808
3000 26 4336 6152
3000 27 4079 6070
3000 28 4320 5952
3000 29 4290 5951
3000 30 4046 6092
3300 0 4031 4505
3300 1 1732 3698
3300 2 4237 5963
3300 3 1732 3698
3300 4 1732 3698
3300 5 1732 3698
3300 6 4237 5963
3300 7 4237 5963
3300 8 1611 3786
3300 9 1857 3652
3300 10 1698 3722
3300 11 1736 3844
3300 12 1714 3811
3300 13 1764 3842
3300 14 1819 3693
3300 15 1611 3767
3300 16 1658 3786
3300 17 1747 3587
3300 18 1741 3733
3300 19 1742 3758
3300 20 1857 3779
3300 21 4455 5914
3300 22 4145 6058
3300 23 4145 6127
3300 24 4470 6034
3300 25 4317 5874
3300 26 4021 6078
3300 27 4132 6161
3300 28 4451 5841
3300 29 4372 5921
3300 30 4112 5826
3600 0 4031 4505
3600 1 1732 3698
3600 2 4237 5963
3600 3 1732 3698
3600 4 1732 3698
3600 5 1732 3698
3600 6 4237 5963
3600 7 4237 5963
3600 8 1597 3761
3600 9 1846 3705
3600 10 1796 3664
3600 11 1773 3840
3600 12 1695 3781
3600 13 1695 3729
3600 14 1733 3814
3600 15 1759 3582
3600 16 1839 3762
3600 17 1652 3778
3600 18 1836 3640
3600 19 1638 3669
3600 20 1769 3639
3600 21 4157 5943
3600 22 4423 6106
3600 23 4094 6184
3600 24 4265 6211
3600 25 4048 6001
3600 26 4161 6045
3600 27 4013 5920
3600 28 4253 5774
3600 29 4465 5882
3600 30 4307 6178
