0 4200 0 10000 0 10000
0 0 1809 3145
0 1 4968 5769
0 2 3214 3101
0 3 4509 5110
0 4 2245 4286
0 5 3615 4994
0 6 3605 4503
0 7 3568 3005
0 8 1821 3566
0 9 4383 4673
0 10 2217 3228
0 11 4968 5769
0 12 3214 3101
0 13 4509 5110
0 14 2245 4286
0 15 3615 4994
0 16 3605 4503
0 17 3568 3005
0 18 1821 3566
0 19 4383 4673
0 20 2217 3228
0 21 4956 5665
0 22 4982 5752
0 23 5003 5696
0 24 5123 5636
0 25 5015 5907
0 26 5047 5865
0 27 4914 5615
0 28 5089 5813
0 29 4789 5869
0 30 5099 5769
0 31 5080 5656
0 32 4996 5867
0 33 4765 5702
0 34 3164 2923
0 35 3319 3059
0 36 3422 3070
0 37 3346 2937
0 38 3391 2901
0 39 3136 3313
0 40 3173 3147
0 41 3368 2916
0 42 3234 3141
0 43 3482 3124
0 44 2981 3043
0 45 3172 3318
0 46 3333 3168
0 47 3230 2857
0 48 3436 3193
0 49 3320 2928
0 50 3085 3104
0 51 4619 5025
0 52 4595 5121
0 53 4675 5147
0 54 4604 5170
0 55 4497 5079
0 56 4433 5228
0 57 4550 4919
0 58 4651 5164
0 59 4588 5111
0 60 4666 5223
0 61 4384 5149
0 62 4457 5058
0 63 4430 5059
0 64 2022 4257
0 65 2217 4216
0 66 2462 4169
0 67 2026 4241
0 68 2149 4111
0 69 2468 4319
0 70 2331 4158
0 71 2264 4059
0 72 2146 4338
0 73 2143 4177
0 74 2160 4399
0 75 2349 4228
0 76 2144 4087
0 77 3523 5038
0 78 3537 5025
0 79 3649 4941
0 80 3637 5091
0 81 3592 5079
0 82 3658 4970
0 83 3669 5070
0 84 3719 5011
0 85 3561 5065
0 86 3683 5048
0 87 3680 4924
0 88 3522 4985
0 89 3637 4652
0 90 3410 4377
0 91 3417 4375
0 92 3545 4596
0 93 3812 4518
0 94 3699 4463
0 95 3643 4706
0 96 3803 4410
0 97 3405 4466
0 98 3665 4479
0 99 3391 4436
0 100 3422 4475
0 101 3403 4603
0 102 3576 3257
0 103 3371 2853
0 104 3452 3047
0 105 3557 3088
0 106 3580 3187
0 107 3503 2972
0 108 3541 2867
0 109 3317 3019
0 110 3337 3017
0 111 3607 2880
0 112 3654 2859
0 113 3767 2886
0 114 3602 3223
0 115 3510 3167
0 116 3439 2862
0 117 3527 2930
0 118 3737 2899
0 119 3699 2828
0 120 3471 2890
0 121 1830 3387
0 122 1712 3452
0 123 1604 3631
0 124 2051 3600
0 125 1844 3604
0 126 1940 3752
0 127 1787 3337
0 128 1997 3624
0 129 1996 3399
0 130 2037 3480
0 131 1705 3713
0 132 1821 3370
0 133 4505 4604
0 134 4584 4744
0 135 4259 4653
0 136 4405 4533
0 137 4242 4616
0 138 4448 4914
0 139 4604 4677
0 140 4325 4868
0 141 4478 4790
0 142 4497 4886
0 143 4401 4549
0 144 4355 4835
0 145 2158 3437
0 146 2259 3155
0 147 1998 3209
0 148 2126 3350
0 149 2202 3451
0 150 2402 3336
0 151 2097 3187
0 152 2149 3143
0 153 2010 3313
0 154 2143 3371
0 155 2360 3118
0 156 2327 3412
0 157 2005 3125
0 158 2154 3153
0 159 2390 3259
0 160 2037 3306
0 161 2047 3326
0 162 2076 3275
0 163 1984 3204
0 164 2214 3404
