0 4200 0 10000 0 10000
0 0 3825 5338
0 1 3583 4958
0 2 2890 4018
0 3 2194 3217
0 4 1716 4155
0 5 1114 3579
0 6 3085 4174
0 7 2265 4366
0 8 3583 4958
0 9 2890 4018
0 10 2194 3217
0 11 1716 4155
0 12 1114 3579
0 13 3085 4174
0 14 2265 4366
0 15 3640 5045
0 16 3564 5107
0 17 3675 4813
0 18 3487 4937
0 19 3623 5018
0 20 3568 4975
0 21 3486 5049
0 22 3434 4890
0 23 3581 4847
0 24 3562 4823
0 25 3566 4839
0 26 3468 4829
0 27 3629 4869
0 28 3723 4869
0 29 3535 5060
0 30 3542 5039
0 31 3512 4929
0 32 3536 5051
0 33 3552 5037
0 34 3421 4907
0 35 3605 4978
0 36 3564 5114
0 37 3582 5116
0 38 3488 4860
0 39 3515 4866
0 40 3408 4889
0 41 3475 4986
0 42 3575 4794
0 43 3729 4936
0 44 3615 4850
0 45 2786 4054
0 46 2907 3973
0 47 2908 3905
0 48 3045 4005
0 49 2743 4012
0 50 2864 3874
0 51 2914 4089
0 52 2898 3999
0 53 2958 4019
0 54 2905 4120
0 55 2861 4040
0 56 2759 3967
0 57 2857 4085
0 58 2751 3953
0 59 2997 3956
0 60 2794 4117
0 61 2869 3973
0 62 2916 4100
0 63 3032 4038
0 64 2917 3970
0 65 3037 4013
0 66 2327 3286
0 67 2273 3154
0 68 2304 3184
0 69 2304 3137
0 70 2079 3296
0 71 2291 3097
0 72 2173 3132
0 73 2146 3269
0 74 2243 3223
0 75 2162 3128
0 76 2256 3224
0 77 2177 3360
0 78 2261 3333
0 79 2329 3130
0 80 2208 3298
0 81 2247 3279
0 82 2163 3069
0 83 2235 3192
0 84 2218 3304
0 85 2221 3293
0 86 2073 3325
0 87 1771 4152
0 88 1751 4171
0 89 1654 4097
0 90 1754 4286
0 91 1724 4252
0 92 1872 4178
0 93 1755 4267
0 94 1732 4151
0 95 1754 4271
0 96 1649 4172
0 97 1655 4067
0 98 1629 4114
0 99 1845 4113
0 100 1680 4186
0 101 1821 4164
0 102 1846 4162
0 103 1600 4095
0 104 1621 4163
0 105 1844 4257
0 106 1550 4190
0 107 1710 4184
0 108 1812 4224
0 109 1649 4051
0 110 1750 4180
0 111 1744 3993
0 112 1853 4187
0 113 1622 4089
0 114 1560 4101
0 115 1800 4186
0 116 1752 4201
0 117 1264 3515
0 118 1139 3680
0 119 869 3485
0 120 1232 3371
0 121 945 3679
0 122 1127 3582
0 123 910 3458
0 124 979 3686
0 125 1137 3372
0 126 1170 3709
0 127 939 3729
0 128 1225 3546
0 129 959 3472
0 130 933 3626
0 131 1077 3780
0 132 1184 3390
0 133 1135 3370
0 134 1158 3587
0 135 996 3363
0 136 911 3576
0 137 1192 3676
0 138 909 3593
0 139 1079 3740
0 140 3118 4361
0 141 2991 4327
0 142 3229 4065
0 143 3016 3980
0 144 2895 4133
0 145 3092 4154
0 146 2935 4313
0 147 3159 4116
0 148 2908 4084
0 149 3195 4019
0 150 2998 4227
0 151 2873 4074
0 152 2943 4353
0 153 2964 3975
0 154 3204 4351
0 155 2895 4138
0 156 3276 4317
0 157 2946 4125
0 158 2935 4162
0 159 3262 4065
0 160 3240 4081
0 161 3131 4020
0 162 3197 4232
0 163 3213 4285
0 164 2325 4333
0 165 2195 4320
0 166 2273 4292
0 167 2294 4469
0 168 2255 4413
0 169 2258 4308
0 170 2168 4444
0 171 2337 4289
0 172 2253 4453
0 173 2387 4434
0 174 2384 4349
0 175 2341 4415
0 176 2155 4392
0 177 2311 4233
0 178 2357 4317
0 179 2330 4475
0 180 2171 4287
0 181 2204 4403
0 182 2203 4430
0 183 2363 4276
0 184 2134 4402
300 0 3825 5338
300 1 3583 4958
300 2 2890 4018
300 3 2194 3217
300 4 1716 4155
300 5 1114 3579
300 6 3085 4174
300 7 2265 4366
300 8 3583 4958
300 9 2890 4018
300 10 2194 3217
300 11 1716 4155
300 12 1114 3579
300 13 3085 4174
300 14 2265 4366
300 15 3623 4986
300 16 3608 5119
300 17 3463 4813
300 18 3603 5061
300 19 3581 5100
300 20 3524 5136
300 21 3582 5044
300 22 3714 4994
300 23 3566 4976
300 24 3584 4990
300 25 3547 5033
300 26 3575 5076
300 27 3593 4937
300 28 3705 4960
300 29 3708 4829
300 30 3538 4923
300 31 3415 5048
300 32 3527 5069
300 33 3550 5038
300 34 3502 4999
300 35 3597 5075
300 36 3588 4772
300 37 3515 4961
300 38 3451 4841
300 39 3675 4979
300 40 3507 4929
300 41 3726 4905
300 42 3450 4836
300 43 3436 4965
300 44 3524 5055
300 45 2949 4014
300 46 2893 3874
300 47 2979 3930
300 48 2799 4079
300 49 2755 4038
300 50 2942 3910
300 51 2902 3914
300 52 2917 3895
300 53 2777 3962
300 54 3022 4092
300 55 2923 4025
300 56 2987 4091
300 57 2815 3937
300 58 2787 4115
300 59 2949 4092
300 60 2808 3890
300 61 2964 3916
300 62 2935 3925
300 63 2835 4153
300 64 2801 4040
300 65 2982 4081
300 66 2082 3274
300 67 2275 3232
300 68 2221 3356
300 69 2176 3126
300 70 2182 3270
300 71 2239 3290
300 72 2350 3179
300 73 2232 3299
300 74 2169 3059
300 75 2281 3149
300 76 2199 3310
300 77 2052 3285
300 78 2331 3245
300 79 2113 3278
300 80 2089 3116
300 81 2249 3214
300 82 2126 3176
300 83 2314 3308
300 84 2174 3126
300 85 2294 3107
300 86 2135 3093
300 87 1827 4089
300 88 1836 4094
300 89 1558 4161
300 90 1628 4289
300 91 1627 4112
300 92 1748 4281
300 93 1837 4095
300 94 1577 4119
300 95 1810 4083
300 96 1783 4305
300 97 1828 4087
300 98 1800 4262
300 99 1688 4149
300 100 1849 4224
300 101 1675 4278
300 102 1762 4165
300 103 1770 4115
300 104 1634 4242
300 105 1617 4288
300 106 1756 3997
300 107 1653 4018
300 108 1708 4304
300 109 1770 4165
300 110 1769 4092
300 111 1594 4263
300 112 1563 4118
300 113 1761 4071
300 114 1671 4202
300 115 1781 4236
300 116 1660 4126
300 117 1055 3837
300 118 1195 3534
300 119 1192 3767
300 120 1134 3691
300 121 1232 3664
300 122 1162 3497
300 123 928 3517
300 124 1076 3707
300 125 1036 3604
300 126 1081 3608
300 127 1121 3682
300 128 1138 3637
300 129 1118 3747
300 130 1136 3440
300 131 1073 3611
300 132 974 3463
300 133 1292 3567
300 134 1178 3710
300 135 1022 3548
300 136 1049 3613
300 137 1144 3522
300 138 1038 3579
300 139 1164 3509
300 140 2998 4368
300 141 2984 3966
300 142 2850 4127
300 143 3175 3957
300 144 3133 4086
300 145 3238 3992
300 146 3141 4230
300 147 3037 4238
300 148 3223 4117
300 149 2971 4111
300 150 3220 4229
300 151 3050 4167
300 152 3156 4122
300 153 2894 4047
300 154 2981 4160
300 155 3177 4080
300 156 3095 4063
300 157 3112 4362
300 158 3274 4024
300 159 3140 3943
300 160 3019 4372
300 161 3305 4114
300 162 2888 4126
300 163 3094 4256
300 164 2268 4501
300 165 2180 4481
300 166 2266 4356
300 167 2122 4340
300 168 2255 4234
300 169 2265 4448
300 170 2291 4366
300 171 2303 4306
300 172 2397 4331
300 173 2163 4412
300 174 2355 4409
300 175 2344 4489
300 176 2354 4306
300 177 2202 4324
300 178 2232 4324
300 179 2289 4445
300 180 2158 4316
300 181 2240 4329
300 182 2364 4443
300 183 2196 4278
300 184 2152 4391
600 0 3825 5338
600 1 3583 4958
600 2 2890 4018
600 3 2194 3217
600 4 1716 4155
600 5 1114 3579
600 6 3085 4174
600 7 2265 4366
600 8 3583 4958
600 9 2890 4018
600 10 2194 3217
600 11 1716 4155
600 12 1114 3579
600 13 3085 4174
600 14 2265 4366
600 15 3729 4878
600 16 3654 4942
600 17 3636 5034
600 18 3602 4956
600 19 3623 5043
600 20 3543 5108
600 21 3598 4875
600 22 3451 5061
600 23 3716 4876
600 24 3484 4911
600 25 3548 5078
600 26 3689 4976
600 27 3605 5067
600 28 3510 4965
600 29 3500 4934
600 30 3681 4946
600 31 3517 4890
600 32 3476 5103
600 33 3629 5108
600 34 3500 4964
600 35 3579 4805
600 36 3501 5089
600 37 3600 5146
600 38 3569 5079
600 39 3546 4777
600 40 3572 5129
600 41 3748 4994
600 42 3693 4804
600 43 3420 4965
600 44 3634 4848
600 45 2869 3929
600 46 2957 4025
600 47 2942 3993
600 48 2805 4010
600 49 2950 4086
600 50 2822 3990
600 51 2768 4104
600 52 2753 4040
600 53 2817 4087
600 54 2927 4027
600 55 2835 4132
600 56 3011 4096
600 57 2882 3992
600 58 2765 3963
600 59 2752 3977
600 60 2897 3998
600 61 2974 4039
600 62 2981 3989
600 63 2907 3952
600 64 2858 4115
600 65 2934 3911
600 66 2202 3219
600 67 2090 3151
600 68 2190 3145
600 69 2118 3321
600 70 2282 3087
600 71 2154 3175
600 72 2133 3211
600 73 2152 3307
600 74 2267 3195
600 75 2334 3228
600 76 2208 3178
600 77 2239 3286
600 78 2184 3126
600 79 2068 3295
600 80 2203 3379
600 81 2222 3231
600 82 2182 3183
600 83 2280 3165
600 84 2281 3093
600 85 2164 3358
600 86 2221 3181
600 87 1644 4071
600 88 1741 4090
600 89 1675 4078
600 90 1649 4245
600 91 1796 4085
600 92 1763 4112
600 93 1706 4042
600 94 1791 4024
600 95 1705 4125
600 96 1688 4157
600 97 1580 4143
600 98 1729 4303
600 99 1749 4091
600 100 1670 3999
600 101 1742 4153
600 102 1659 4085
600 103 1705 4092
600 104 1793 4263
600 105 1729 4000
600 106 1625 4254
600 107 1757 4228
600 108 1677 4269
600 109 1682 4305
600 110 1623 4103
600 111 1550 4151
600 112 1707 4315
600 113 1736 4066
600 114 1800 4128
600 115 1793 4005
600 116 1607 4194
600 117 976 3439
600 118 947 3402
600 119 945 3565
600 120 891 3495
600 121 1250 3682
600 122 1022 3634
600 123 901 3579
600 124 1168 3752
600 125 1029 3449
600 126 1022 3594
600 127 981 3704
600 128 1096 3616
600 129 960 3739
600 130 990 3728
600 131 980 3644
600 132 1044 3585
600 133 867 3626
600 134 1080 3784
600 135 1126 3374
600 136 1136 3642
600 137 1035 3554
600 138 1253 3762
600 139 1013 3417
600 140 3256 4259
600 141 3159 4399
600 142 3298 4071
600 143 3102 3937
600 144 3324 4222
600 145 2929 4357
600 146 3169 4105
600 147 3041 4341
600 148 3018 4324
600 149 3148 4331
600 150 2941 4181
600 151 2892 4284
600 152 2882 4120
600 153 3097 4369
600 154 3084 4075
600 155 3078 4355
600 156 3097 4261
600 157 3156 4312
600 158 3033 4074
600 159 3258 4243
600 160 3044 4036
600 161 3020 4202
600 162 3183 4115
600 163 3118 3950
600 164 2206 4424
600 165 2342 4302
600 166 2156 4457
600 167 2248 4408
600 168 2313 4257
600 169 2210 4324
600 170 2399 4375
600 171 2333 4299
600 172 2257 4302
600 173 2262 4219
600 174 2236 4445
600 175 2302 4493
600 176 2229 4464
600 177 2309 4240
600 178 2382 4433
600 179 2357 4356
600 180 2383 4318
600 181 2199 4450
600 182 2346 4288
600 183 2329 4308
600 184 2208 4273
900 0 3825 5338
900 1 3583 4958
900 2 2890 4018
900 3 2194 3217
900 4 1716 4155
900 5 1114 3579
900 6 3085 4174
900 7 2265 4366
900 8 3583 4958
900 9 2890 4018
900 10 2194 3217
900 11 1716 4155
900 12 1114 3579
900 13 3085 4174
900 14 2265 4366
900 15 3723 4844
900 16 3600 4833
900 17 3630 4992
900 18 3635 4865
900 19 3603 4803
900 20 3563 4986
900 21 3675 4820
900 22 3401 4901
900 23 3463 4942
900 24 3485 4819
900 25 3669 5051
900 26 3430 4908
900 27 3626 5060
900 28 3598 4901
900 29 3677 5072
900 30 3703 5020
900 31 3443 4921
900 32 3476 5006
900 33 3477 4923
900 34 3577 4965
900 35 3684 4864
900 36 3452 5070
900 37 3707 4970
900 38 3516 4861
900 39 3576 4900
900 40 3434 4871
900 41 3761 4995
900 42 3603 4779
900 43 3530 5050
900 44 3450 5008
900 45 2944 4014
900 46 2852 3942
900 47 2972 4034
900 48 2751 3994
900 49 2852 4008
900 50 2783 3952
900 51 2958 3904
900 52 2836 4054
900 53 2808 4133
900 54 2783 4068
900 55 3016 3994
900 56 2786 3982
900 57 2962 3916
900 58 2782 3978
900 59 2823 4029
900 60 3029 3965
900 61 2747 3999
900 62 2849 4078
900 63 2743 4053
900 64 2863 3866
900 65 2903 3911
900 66 2169 3169
900 67 2063 3117
900 68 2120 3145
900 69 2263 3094
900 70 2121 3091
900 71 2255 3258
900 72 2149 3150
900 73 2296 3315
900 74 2228 3313
900 75 2149 3236
900 76 2300 3211
900 77 2300 3231
900 78 2073 3247
900 79 2206 3320
900 80 2131 3213
900 81 2066 3112
900 82 2310 3245
900 83 2256 3080
900 84 2069 3248
900 85 2175 3294
900 86 2163 3225
900 87 1619 4106
900 88 1638 4026
900 89 1659 4269
900 90 1569 4193
900 91 1675 4267
900 92 1746 4315
900 93 1853 4118
900 94 1654 4169
900 95 1566 4184
900 96 1704 4299
900 97 1600 4192
900 98 1693 4075
900 99 1637 4234
900 100 1579 4167
900 101 1610 4194
900 102 1747 4144
900 103 1828 4112
900 104 1598 4249
900 105 1691 4124
900 106 1622 4042
900 107 1692 4093
900 108 1761 4130
900 109 1735 4015
900 110 1605 4036
900 111 1659 4228
900 112 1781 4011
900 113 1706 4100
900 114 1666 4164
900 115 1664 4056
900 116 1805 4136
900 117 897 3675
900 118 1104 3494
900 119 958 3768
900 120 1098 3404
900 121 1006 3643
900 122 1322 3587
900 123 1051 3673
900 124 1303 3752
900 125 1310 3465
900 126 900 3602
900 127 1092 3484
900 128 1017 3354
900 129 1121 3570
900 130 1165 3319
900 131 947 3472
900 132 1066 3493
900 133 1213 3703
900 134 1055 3792
900 135 985 3674
900 136 1105 3403
900 137 1225 3698
900 138 1339 3707
900 139 1062 3490
900 140 3167 4084
900 141 3179 4341
900 142 2936 4185
900 143 3017 4021
900 144 3265 4094
900 145 2851 4214
900 146 3078 4326
900 147 3211 4193
900 148 3080 3955
900 149 2966 3990
900 150 3073 4180
900 151 3196 3970
900 152 2908 4220
900 153 2934 4299
900 154 3030 4039
900 155 2962 3996
900 156 2936 4317
900 157 3157 4159
900 158 3166 4292
900 159 2990 4143
900 160 3020 4020
900 161 2968 4088
900 162 3062 3942
900 163 3061 4005
900 164 2344 4457
900 165 2320 4380
900 166 2359 4464
900 167 2205 4262
900 168 2270 4311
900 169 2328 4454
900 170 2196 4390
900 171 2201 4476
900 172 2268 4413
900 173 2144 4410
900 174 2250 4333
900 175 2202 4256
900 176 2366 4274
900 177 2376 4400
900 178 2220 4445
900 179 2215 4446
900 180 2327 4347
900 181 2328 4239
900 182 2266 4421
900 183 2279 4349
900 184 2165 4427
1200 0 3825 5338
1200 1 3583 4958
1200 2 2890 4018
1200 3 2194 3217
1200 4 1716 4155
1200 5 1114 3579
1200 6 3085 4174
1200 7 2265 4366
1200 8 3583 4958
1200 9 2890 4018
1200 10 2194 3217
1200 11 1716 4155
1200 12 1114 3579
1200 13 3085 4174
1200 14 2265 4366
1200 15 3442 4864
1200 16 3514 5023
1200 17 3564 4947
1200 18 3539 4858
1200 19 3544 5131
1200 20 3498 5127
1200 21 3575 4779
1200 22 3580 4782
1200 23 3534 4834
1200 24 3598 4794
1200 25 3607 4910
1200 26 3399 4972
1200 27 3637 4967
1200 28 3649 5037
1200 29 3539 4888
1200 30 3539 5123
1200 31 3578 4938
1200 32 3758 4938
1200 33 3483 5038
1200 34 3439 4998
1200 35 3651 5119
1200 36 3552 4823
1200 37 3765 4925
1200 38 3723 4890
1200 39 3758 4952
1200 40 3719 5061
1200 41 3626 4937
1200 42 3577 4821
1200 43 3595 4793
1200 44 3556 4818
1200 45 2877 4040
1200 46 2881 4169
1200 47 2934 3986
1200 48 2968 3929
1200 49 2866 3932
1200 50 2792 4095
1200 51 3026 4032
1200 52 3028 3980
1200 53 2879 4021
1200 54 2872 4117
1200 55 2875 4021
1200 56 2869 4089
1200 57 2967 3974
1200 58 2822 3923
1200 59 2821 4057
1200 60 2893 4044
1200 61 2981 4099
1200 62 2957 3986
1200 63 2966 4151
1200 64 2806 4092
1200 65 2973 4045
1200 66 2123 3153
1200 67 2220 3090
1200 68 2302 3138
1200 69 2046 3277
1200 70 2251 3068
1200 71 2053 3280
1200 72 2228 3367
1200 73 2126 3240
1200 74 2169 3175
1200 75 2121 3223
1200 76 2045 3259
1200 77 2268 3185
1200 78 2148 3227
1200 79 2197 3180
1200 80 2074 3163
1200 81 2128 3282
1200 82 2339 3246
1200 83 2143 3346
1200 84 2122 3069
1200 85 2217 3302
1200 86 2249 3294
1200 87 1660 4130
1200 88 1874 4195
1200 89 1773 4009
1200 90 1843 4131
1200 91 1691 4253
1200 92 1706 4307
1200 93 1662 4292
1200 94 1773 4268
1200 95 1756 4060
1200 96 1721 4059
1200 97 1716 4211
1200 98 1856 4075
1200 99 1690 4082
1200 100 1817 4245
1200 101 1872 4191
1200 102 1766 4231
1200 103 1648 4144
1200 104 1633 4145
1200 105 1585 4200
1200 106 1738 4272
1200 107 1770 3994
1200 108 1702 4224
1200 109 1595 4156
1200 110 1742 4184
1200 111 1559 4105
1200 112 1594 4202
1200 113 1715 4072
1200 114 1679 4087
1200 115 1590 4224
1200 116 1728 3992
1200 117 959 3577
1200 118 1168 3825
1200 119 905 3547
1200 120 1112 3523
1200 121 918 3735
1200 122 1043 3592
1200 123 1359 3482
1200 124 1294 3479
1200 125 854 3524
1200 126 1180 3803
1200 127 1196 3488
1200 128 989 3779
1200 129 1160 3397
1200 130 991 3578
1200 131 1105 3441
1200 132 1011 3647
1200 133 1068 3579
1200 134 1167 3399
1200 135 1144 3468
1200 136 1214 3679
1200 137 1204 3552
1200 138 1283 3633
1200 139 1032 3585
1200 140 3227 4001
1200 141 2937 4147
1200 142 2973 4068
1200 143 2957 3970
1200 144 2936 4167
1200 145 3123 4333
1200 146 3052 4070
1200 147 2922 4196
1200 148 3223 4201
1200 149 3007 4252
1200 150 3076 4365
1200 151 3149 4153
1200 152 3154 4275
1200 153 3113 4065
1200 154 3090 4203
1200 155 2931 4000
1200 156 3079 4126
1200 157 3138 4103
1200 158 3204 4362
1200 159 2853 4203
1200 160 3094 4066
1200 161 2999 4335
1200 162 3137 4162
1200 163 2968 4289
1200 164 2244 4416
1200 165 2234 4265
1200 166 2199 4287
1200 167 2204 4255
1200 168 2248 4471
1200 169 2338 4245
1200 170 2182 4334
1200 171 2292 4439
1200 172 2244 4367
1200 173 2142 4286
1200 174 2327 4439
1200 175 2250 4432
1200 176 2182 4463
1200 177 2384 4367
1200 178 2166 4358
1200 179 2231 4389
1200 180 2249 4221
1200 181 2376 4314
1200 182 2323 4467
1200 183 2280 4238
1200 184 2340 4399
1500 0 3825 5338
1500 1 3583 4958
1500 2 2890 4018
1500 3 2194 3217
1500 4 1716 4155
1500 5 1114 3579
1500 6 3085 4174
1500 7 2265 4366
1500 8 3583 4958
1500 9 2890 4018
1500 10 2194 3217
1500 11 1716 4155
1500 12 1114 3579
1500 13 3085 4174
1500 14 2265 4366
1500 15 3660 5081
1500 16 3441 5070
1500 17 3507 4968
1500 18 3562 5043
1500 19 3639 5051
1500 20 3454 4858
1500 21 3482 5019
1500 22 3658 4945
1500 23 3744 5047
1500 24 3564 5015
1500 25 3413 4987
1500 26 3423 4941
1500 27 3681 5035
1500 28 3709 5094
1500 29 3578 4839
1500 30 3492 4842
1500 31 3630 5133
1500 32 3550 4955
1500 33 3578 5084
1500 34 3563 5018
1500 35 3519 4839
1500 36 3444 4877
1500 37 3733 5030
1500 38 3512 4984
1500 39 3674 5119
1500 40 3630 4847
1500 41 3501 4892
1500 42 3459 5039
1500 43 3668 5010
1500 44 3555 4816
1500 45 2855 3867
1500 46 2828 3924
1500 47 2934 3981
1500 48 2825 4007
1500 49 2924 3991
1500 50 2995 3940
1500 51 2802 4095
1500 52 2829 3951
1500 53 3026 3959
1500 54 2962 3925
1500 55 2830 3913
1500 56 2797 3963
1500 57 2827 3899
1500 58 2790 4117
1500 59 2759 4020
1500 60 2865 3955
1500 61 3016 4002
1500 62 2857 4160
1500 63 2757 3939
1500 64 2792 4041
1500 65 2782 3944
1500 66 2350 3196
1500 67 2179 3192
1500 68 2203 3137
1500 69 2081 3176
1500 70 2120 3257
1500 71 2200 3082
1500 72 2264 3155
1500 73 2298 3170
1500 74 2099 3088
1500 75 2113 3123
1500 76 2202 3271
1500 77 2286 3229
1500 78 2357 3218
1500 79 2328 3255
1500 80 2355 3222
1500 81 2241 3230
1500 82 2105 3092
1500 83 2117 3360
1500 84 2273 3221
1500 85 2317 3161
1500 86 2275 3137
1500 87 1809 4136
1500 88 1691 4109
1500 89 1728 4170
1500 90 1596 4186
1500 91 1719 3996
1500 92 1629 4049
1500 93 1675 4138
1500 94 1726 4288
1500 95 1788 4189
1500 96 1748 4184
1500 97 1788 4161
1500 98 1726 4287
1500 99 1578 4146
1500 100 1596 4274
1500 101 1643 4233
1500 102 1607 4064
1500 103 1782 4215
1500 104 1756 4310
1500 105 1683 4162
1500 106 1666 4210
1500 107 1712 4064
1500 108 1746 4134
1500 109 1795 4092
1500 110 1626 4095
1500 111 1744 4142
1500 112 1617 4177
1500 113 1630 4206
1500 114 1819 4286
1500 115 1642 4056
1500 116 1654 4114
1500 117 1034 3492
1500 118 1146 3484
1500 119 1019 3655
1500 120 970 3558
1500 121 1231 3668
1500 122 1062 3407
1500 123 1235 3693
1500 124 1315 3639
1500 125 1248 3427
1500 126 1219 3627
1500 127 964 3756
1500 128 1083 3662
1500 129 1031 3743
1500 130 1351 3677
1500 131 1177 3658
1500 132 1033 3751
1500 133 1174 3555
1500 134 1050 3332
1500 135 962 3647
1500 136 900 3469
1500 137 912 3481
1500 138 1237 3460
1500 139 1181 3501
1500 140 2919 4199
1500 141 3158 4348
1500 142 3114 4231
1500 143 3292 4297
1500 144 3226 4166
1500 145 3130 4206
1500 146 2853 4093
1500 147 2936 4121
1500 148 2939 4299
1500 149 3163 4000
1500 150 3293 4299
1500 151 3188 4267
1500 152 3114 4239
1500 153 2997 3963
1500 154 2890 4218
1500 155 2866 4196
1500 156 3125 4342
1500 157 3152 4324
1500 158 3275 4101
1500 159 2960 4362
1500 160 3103 4337
1500 161 3179 4107
1500 162 3074 4273
1500 163 2969 4059
1500 164 2325 4319
1500 165 2335 4322
1500 166 2263 4495
1500 167 2233 4366
1500 168 2235 4463
1500 169 2161 4387
1500 170 2179 4438
1500 171 2268 4354
1500 172 2260 4268
1500 173 2394 4433
1500 174 2398 4397
1500 175 2384 4435
1500 176 2223 4300
1500 177 2283 4372
1500 178 2383 4351
1500 179 2219 4402
1500 180 2282 4230
1500 181 2163 4416
1500 182 2267 4429
1500 183 2326 4439
1500 184 2224 4411
1800 0 3825 5338
1800 1 3583 4958
1800 2 2890 4018
1800 3 2194 3217
1800 4 1716 4155
1800 5 1114 3579
1800 6 3085 4174
1800 7 2265 4366
1800 8 3583 4958
1800 9 2890 4018
1800 10 2194 3217
1800 11 1716 4155
1800 12 1114 3579
1800 13 3085 4174
1800 14 2265 4366
1800 15 3455 4971
1800 16 3597 5097
1800 17 3596 5081
1800 18 3709 4835
1800 19 3474 5079
1800 20 3576 5009
1800 21 3514 4793
1800 22 3464 5028
1800 23 3498 4951
1800 24 3436 4949
1800 25 3513 4912
1800 26 3530 4862
1800 27 3478 4802
1800 28 3579 5137
1800 29 3457 4973
1800 30 3684 5008
1800 31 3535 5109
1800 32 3698 4816
1800 33 3419 4861
1800 34 3637 4978
1800 35 3658 4996
1800 36 3510 5074
1800 37 3744 4867
1800 38 3546 4936
1800 39 3414 4979
1800 40 3641 5108
1800 41 3523 5030
1800 42 3668 4819
1800 43 3713 4919
1800 44 3627 4977
1800 45 2750 4080
1800 46 2936 4107
1800 47 2982 4100
1800 48 2898 3870
1800 49 2976 4002
1800 50 2816 4004
1800 51 2946 3948
1800 52 2917 4132
1800 53 2923 4001
1800 54 2879 3958
1800 55 2818 3907
1800 56 2822 4034
1800 57 2807 4014
1800 58 2976 3955
1800 59 2765 3946
1800 60 2925 4101
1800 61 2981 4006
1800 62 2942 3894
1800 63 3000 3915
1800 64 2853 3982
1800 65 2868 4154
1800 66 2276 3242
1800 67 2171 3094
1800 68 2172 3140
1800 69 2057 3288
1800 70 2128 3211
1800 71 2065 3242
1800 72 2062 3142
1800 73 2162 3368
1800 74 2200 3307
1800 75 2164 3314
1800 76 2124 3200
1800 77 2276 3203
1800 78 2101 3090
1800 79 2173 3223
1800 80 2229 3295
1800 81 2229 3092
1800 82 2065 3127
1800 83 2185 3273
1800 84 2195 3155
1800 85 2064 3271
1800 86 2118 3244
1800 87 1728 4050
1800 88 1746 4147
1800 89 1792 4083
1800 90 1667 4283
1800 91 1628 4140
1800 92 1749 4120
1800 93 1693 4197
1800 94 1549 4134
1800 95 1670 4077
1800 96 1688 4171
1800 97 1633 4008
1800 98 1819 4279
1800 99 1645 4159
1800 100 1826 4205
1800 101 1840 4221
1800 102 1734 4007
1800 103 1627 4213
1800 104 1668 4018
1800 105 1797 4168
1800 106 1846 4174
1800 107 1837 4250
1800 108 1707 4154
1800 109 1772 4078
1800 110 1760 4096
1800 111 1690 4301
1800 112 1715 4004
1800 113 1621 4054
1800 114 1675 4291
1800 115 1715 4239
1800 116 1554 4149
1800 117 1065 3719
1800 118 1359 3580
1800 119 1061 3810
1800 120 900 3425
1800 121 1095 3555
1800 122 886 3449
1800 123 942 3594
1800 124 1249 3380
1800 125 864 3626
1800 126 1118 3388
1800 127 1279 3680
1800 128 1053 3588
1800 129 1047 3679
1800 130 1049 3775
1800 131 1326 3603
1800 132 1110 3577
1800 133 933 3707
1800 134 1058 3567
1800 135 909 3713
1800 136 881 3568
1800 137 1339 3714
1800 138 1303 3666
1800 139 1337 3435
1800 140 3212 4140
1800 141 2980 4296
1800 142 2966 4001
1800 143 3144 4263
1800 144 2880 4175
1800 145 2911 4224
1800 146 3061 4044
1800 147 3000 4090
1800 148 3027 4049
1800 149 3279 4283
1800 150 3105 4013
1800 151 3177 3956
1800 152 2869 4263
1800 153 2989 4383
1800 154 3035 3959
1800 155 3058 4123
1800 156 3066 4095
1800 157 3180 3958
1800 158 2841 4150
1800 159 2928 4211
1800 160 3151 4135
1800 161 3113 4106
1800 162 2969 4157
1800 163 3010 4089
1800 164 2347 4435
1800 165 2335 4250
1800 166 2285 4335
1800 167 2171 4412
1800 168 2213 4229
1800 169 2235 4502
1800 170 2174 4336
1800 171 2197 4460
1800 172 2152 4335
1800 173 2203 4447
1800 174 2267 4441
1800 175 2213 4282
1800 176 2189 4391
1800 177 2180 4325
1800 178 2349 4446
1800 179 2252 4229
1800 180 2211 4231
1800 181 2166 4300
1800 182 2272 4430
1800 183 2315 4414
1800 184 2209 4443
2100 0 3825 5338
2100 1 3583 4958
2100 2 2890 4018
2100 3 2194 3217
2100 4 1716 4155
2100 5 1114 3579
2100 6 3085 4174
2100 7 2265 4366
2100 8 3583 4958
2100 9 2890 4018
2100 10 2194 3217
2100 11 1716 4155
2100 12 1114 3579
2100 13 3085 4174
2100 14 2265 4366
2100 15 3583 4967
2100 16 3455 4926
2100 17 3464 4863
2100 18 3742 4864
2100 19 3425 4948
2100 20 3672 4973
2100 21 3578 4955
2100 22 3576 5023
2100 23 3515 4960
2100 24 3759 4949
2100 25 3555 4844
2100 26 3541 5133
2100 27 3582 5012
2100 28 3410 5000
2100 29 3541 4886
2100 30 3594 4822
2100 31 3507 4929
2100 32 3525 5030
2100 33 3643 5016
2100 34 3587 4823
2100 35 3573 4813
2100 36 3582 4962
2100 37 3697 4889
2100 38 3475 4819
2100 39 3520 5084
2100 40 3615 4900
2100 41 3631 4784
2100 42 3691 5098
2100 43 3493 4860
2100 44 3609 5100
2100 45 2785 3986
2100 46 2886 3976
2100 47 3008 3999
2100 48 3008 4013
2100 49 2933 4092
2100 50 2924 3962
2100 51 2764 3950
2100 52 2844 4123
2100 53 2775 4042
2100 54 2944 4116
2100 55 2944 4139
2100 56 3015 3938
2100 57 2863 4135
2100 58 2815 4013
2100 59 2898 3903
2100 60 2814 4031
2100 61 3028 4071
2100 62 2781 4109
2100 63 3035 3983
2100 64 2981 4007
2100 65 3006 4079
2100 66 2290 3179
2100 67 2167 3346
2100 68 2226 3206
2100 69 2308 3133
2100 70 2070 3224
2100 71 2341 3173
2100 72 2283 3079
2100 73 2310 3182
2100 74 2174 3084
2100 75 2075 3114
2100 76 2215 3203
2100 77 2234 3164
2100 78 2217 3289
2100 79 2227 3203
2100 80 2090 3285
2100 81 2296 3338
2100 82 2223 3333
2100 83 2143 3306
2100 84 2033 3208
2100 85 2158 3103
2100 86 2080 3109
2100 87 1749 4047
2100 88 1817 4112
2100 89 1688 4264
2100 90 1606 4249
2100 91 1758 4031
2100 92 1827 4110
2100 93 1785 4241
2100 94 1759 4092
2100 95 1749 4300
2100 96 1728 4157
2100 97 1803 4263
2100 98 1752 4131
2100 99 1641 4056
2100 100 1754 4296
2100 101 1835 4121
2100 102 1757 4118
2100 103 1590 4096
2100 104 1739 4068
2100 105 1712 4148
2100 106 1731 4197
2100 107 1577 4162
2100 108 1794 4196
2100 109 1747 4074
2100 110 1667 4227
2100 111 1599 4077
2100 112 1603 4189
2100 113 1680 4299
2100 114 1635 4211
2100 115 1795 4289
2100 116 1842 4042
2100 117 960 3768
2100 118 919 3710
2100 119 1135 3811
2100 120 1254 3576
2100 121 1337 3566
2100 122 992 3741
2100 123 1306 3573
2100 124 1005 3753
2100 125 1366 3513
2100 126 1134 3843
2100 127 1150 3814
2100 128 981 3528
2100 129 987 3666
2100 130 1205 3407
2100 131 1173 3619
2100 132 1099 3829
2100 133 1343 3653
2100 134 1212 3540
2100 135 1193 3435
2100 136 891 3714
2100 137 1138 3392
2100 138 1177 3369
2100 139 937 3701
2100 140 3144 4182
2100 141 3082 3958
2100 142 3113 4418
2100 143 3225 4240
2100 144 3034 4381
2100 145 3120 4206
2100 146 3127 4225
2100 147 3122 4309
2100 148 3106 3943
2100 149 2955 3995
2100 150 2900 4029
2100 151 3184 4025
2100 152 3214 4354
2100 153 2989 4337
2100 154 3265 4088
2100 155 3055 4045
2100 156 3086 4378
2100 157 2851 4220
2100 158 3128 4384
2100 159 2948 4005
2100 160 3030 4146
2100 161 3091 4304
2100 162 3009 4193
2100 163 3070 4397
2100 164 2291 4505
2100 165 2264 4507
2100 166 2251 4372
2100 167 2192 4324
2100 168 2343 4424
2100 169 2374 4331
2100 170 2359 4465
2100 171 2264 4279
2100 172 2317 4299
2100 173 2294 4413
2100 174 2326 4285
2100 175 2315 4420
2100 176 2186 4480
2100 177 2166 4440
2100 178 2282 4385
2100 179 2255 4330
2100 180 2152 4280
2100 181 2181 4421
2100 182 2260 4310
2100 183 2322 4417
2100 184 2291 4382
2400 0 3825 5338
2400 1 3583 4958
2400 2 2890 4018
2400 3 2194 3217
2400 4 1716 4155
2400 5 1114 3579
2400 6 3085 4174
2400 7 2265 4366
2400 8 3583 4958
2400 9 2890 4018
2400 10 2194 3217
2400 11 1716 4155
2400 12 1114 3579
2400 13 3085 4174
2400 14 2265 4366
2400 15 3636 5115
2400 16 3587 4791
2400 17 3642 5081
2400 18 3619 5078
2400 19 3649 4848
2400 20 3715 4916
2400 21 3571 4988
2400 22 3713 5000
2400 23 3525 5072
2400 24 3716 4846
2400 25 3589 5034
2400 26 3506 4912
2400 27 3440 5045
2400 28 3698 5005
2400 29 3762 5006
2400 30 3481 4964
2400 31 3695 4945
2400 32 3521 5099
2400 33 3725 4925
2400 34 3542 5099
2400 35 3648 5018
2400 36 3420 4879
2400 37 3639 4938
2400 38 3635 5018
2400 39 3667 5084
2400 40 3425 4970
2400 41 3481 4859
2400 42 3767 4969
2400 43 3491 5095
2400 44 3545 4949
2400 45 2783 4100
2400 46 2869 3874
2400 47 2980 3906
2400 48 2855 3949
2400 49 3014 4085
2400 50 2885 4000
2400 51 2977 4124
2400 52 2980 3904
2400 53 2930 4099
2400 54 2900 4135
2400 55 2832 4065
2400 56 3044 4000
2400 57 2913 3876
2400 58 2861 4009
2400 59 2797 4124
2400 60 2795 4094
2400 61 2828 3882
2400 62 2993 3902
2400 63 2859 4107
2400 64 2836 4101
2400 65 2844 4090
2400 66 2138 3139
2400 67 2179 3062
2400 68 2177 3209
2400 69 2304 3141
2400 70 2072 3168
2400 71 2090 3240
2400 72 2118 3265
2400 73 2070 3268
2400 74 2117 3145
2400 75 2046 3174
2400 76 2140 3073
2400 77 2215 3164
2400 78 2257 3364
2400 79 2284 3324
2400 80 2130 3114
2400 81 2195 3184
2400 82 2344 3223
2400 83 2165 3056
2400 84 2110 3320
2400 85 2146 3224
2400 86 2110 3305
2400 87 1649 4126
2400 88 1708 4297
2400 89 1816 4026
2400 90 1756 3996
2400 91 1564 4078
2400 92 1676 4031
2400 93 1828 4186
2400 94 1667 3997
2400 95 1679 4202
2400 96 1573 4143
2400 97 1653 4268
2400 98 1786 4034
2400 99 1749 4070
2400 100 1593 4235
2400 101 1692 4134
2400 102 1629 4251
2400 103 1695 4198
2400 104 1618 4250
2400 105 1663 4231
2400 106 1658 4093
2400 107 1780 4072
2400 108 1550 4138
2400 109 1814 4150
2400 110 1783 4193
2400 111 1822 4101
2400 112 1642 4203
2400 113 1684 4242
2400 114 1843 4225
2400 115 1789 4175
2400 116 1728 4078
2400 117 1068 3824
2400 118 1150 3528
2400 119 1226 3673
2400 120 1192 3741
2400 121 1330 3546
2400 122 939 3499
2400 123 1094 3653
2400 124 1056 3722
2400 125 974 3627
2400 126 892 3446
2400 127 1133 3604
2400 128 1273 3611
2400 129 1176 3558
2400 130 1176 3609
2400 131 1305 3475
2400 132 910 3477
2400 133 1226 3670
2400 134 1136 3626
2400 135 1081 3458
2400 136 1201 3757
2400 137 1271 3493
2400 138 1087 3493
2400 139 913 3542
2400 140 3213 4357
2400 141 3171 4100
2400 142 2958 4031
2400 143 2913 4025
2400 144 2940 4015
2400 145 3033 4245
2400 146 3034 4010
2400 147 3031 4170
2400 148 3217 4058
2400 149 2915 4280
2400 150 3119 3944
2400 151 2962 4318
2400 152 3145 4348
2400 153 3225 4053
2400 154 3059 4055
2400 155 3165 4322
2400 156 3210 4239
2400 157 3247 4216
2400 158 3121 4277
2400 159 3267 4198
2400 160 3172 4315
2400 161 3264 4041
2400 162 2920 4116
2400 163 3158 4166
2400 164 2278 4395
2400 165 2164 4432
2400 166 2199 4407
2400 167 2190 4394
2400 168 2150 4445
2400 169 2342 4355
2400 170 2345 4415
2400 171 2385 4358
2400 172 2155 4352
2400 173 2298 4272
2400 174 2190 4434
2400 175 2403 4318
2400 176 2350 4248
2400 177 2190 4252
2400 178 2282 4309
2400 179 2269 4259
2400 180 2371 4326
2400 181 2184 4453
2400 182 2261 4448
2400 183 2182 4389
2400 184 2157 4340
2700 0 3825 5338
2700 1 3583 4958
2700 2 2890 4018
2700 3 2194 3217
2700 4 1716 4155
2700 5 1114 3579
2700 6 3085 4174
2700 7 2265 4366
2700 8 3583 4958
2700 9 2890 4018
2700 10 2194 3217
2700 11 1716 4155
2700 12 1114 3579
2700 13 3085 4174
2700 14 2265 4366
2700 15 3629 4852
2700 16 3490 4845
2700 17 3524 5131
2700 18 3517 5016
2700 19 3679 4916
2700 20 3585 5037
2700 21 3726 4928
2700 22 3734 4950
2700 23 3574 5050
2700 24 3474 4827
2700 25 3541 4799
2700 26 3553 4901
2700 27 3540 4940
2700 28 3653 5095
2700 29 3660 4968
2700 30 3688 4833
2700 31 3629 5117
2700 32 3559 4916
2700 33 3577 5106
2700 34 3490 4976
2700 35 3593 4873
2700 36 3590 5114
2700 37 3642 4980
2700 38 3429 4937
2700 39 3716 4864
2700 40 3469 5094
2700 41 3631 4878
2700 42 3573 4990
2700 43 3647 4841
2700 44 3675 5003
2700 45 2919 4146
2700 46 2818 4078
2700 47 2902 3992
2700 48 2933 4164
2700 49 2833 3883
2700 50 2911 3969
2700 51 3024 4052
2700 52 2922 4149
2700 53 3042 4012
2700 54 2957 3943
2700 55 2943 3968
2700 56 2998 4037
2700 57 2971 4007
2700 58 2900 4067
2700 59 2856 3976
2700 60 2865 4134
2700 61 2987 4018
2700 62 2999 4077
2700 63 2828 3929
2700 64 2969 4090
2700 65 2765 3929
2700 66 2210 3273
2700 67 2181 3087
2700 68 2113 3085
2700 69 2103 3281
2700 70 2204 3250
2700 71 2207 3193
2700 72 2238 3273
2700 73 2349 3194
2700 74 2188 3117
2700 75 2144 3171
2700 76 2137 3124
2700 77 2140 3294
2700 78 2100 3318
2700 79 2295 3320
2700 80 2300 3297
2700 81 2050 3281
2700 82 2339 3214
2700 83 2171 3264
2700 84 2222 3366
2700 85 2257 3343
2700 86 2288 3234
2700 87 1827 4140
2700 88 1569 4136
2700 89 1762 4137
2700 90 1663 4015
2700 91 1755 3994
2700 92 1871 4160
2700 93 1843 4150
2700 94 1581 4063
2700 95 1710 4055
2700 96 1791 4213
2700 97 1713 4309
2700 98 1637 4101
2700 99 1760 4003
2700 100 1722 4076
2700 101 1769 4290
2700 102 1777 4111
2700 103 1752 4174
2700 104 1747 4148
2700 105 1548 4179
2700 106 1575 4073
2700 107 1745 4126
2700 108 1847 4139
2700 109 1882 4179
2700 110 1571 4137
2700 111 1846 4095
2700 112 1719 4159
2700 113 1701 4254
2700 114 1782 4066
2700 115 1605 4096
2700 116 1829 4247
2700 117 1257 3455
2700 118 1288 3617
2700 119 943 3386
2700 120 1076 3634
2700 121 943 3674
2700 122 1375 3619
2700 123 1034 3732
2700 124 1220 3630
2700 125 1280 3658
2700 126 1242 3801
2700 127 957 3471
2700 128 917 3587
2700 129 923 3625
2700 130 874 3591
2700 131 888 3583
2700 132 1298 3554
2700 133 1196 3724
2700 134 1211 3571
2700 135 863 3643
2700 136 1193 3402
2700 137 1029 3675
2700 138 1093 3783
2700 139 1362 3669
2700 140 3207 4300
2700 141 3150 4042
2700 142 3105 4084
2700 143 3188 4048
2700 144 3123 4070
2700 145 3075 4273
2700 146 3053 4230
2700 147 2860 4145
2700 148 3105 4219
2700 149 3159 4118
2700 150 3290 4118
2700 151 2955 4066
2700 152 3073 4123
2700 153 3035 4231
2700 154 2924 4089
2700 155 3071 4100
2700 156 3167 4334
2700 157 2865 4110
2700 158 3185 4081
2700 159 3018 4373
2700 160 2938 4212
2700 161 3076 3958
2700 162 3257 4225
2700 163 3146 4239
2700 164 2139 4382
2700 165 2226 4479
2700 166 2153 4336
2700 167 2275 4368
2700 168 2265 4396
2700 169 2164 4285
2700 170 2281 4353
2700 171 2261 4449
2700 172 2351 4402
2700 173 2186 4382
2700 174 2368 4275
2700 175 2193 4407
2700 176 2265 4256
2700 177 2234 4261
2700 178 2329 4286
2700 179 2361 4322
2700 180 2288 4331
2700 181 2195 4413
2700 182 2381 4276
2700 183 2300 4329
2700 184 2219 4474
3000 0 3825 5338
3000 1 3583 4958
3000 2 2890 4018
3000 3 2194 3217
3000 4 1716 4155
3000 5 1114 3579
3000 6 3085 4174
3000 7 2265 4366
3000 8 3583 4958
3000 9 2890 4018
3000 10 2194 3217
3000 11 1716 4155
3000 12 1114 3579
3000 13 3085 4174
3000 14 2265 4366
3000 15 3448 4853
3000 16 3594 4833
3000 17 3607 5137
3000 18 3670 4796
3000 19 3560 4845
3000 20 3486 4953
3000 21 3735 5051
3000 22 3569 4980
3000 23 3629 4794
3000 24 3563 4903
3000 25 3642 5046
3000 26 3517 4999
3000 27 3507 5104
3000 28 3593 4908
3000 29 3553 4811
3000 30 3615 5104
3000 31 3484 4918
3000 32 3453 5090
3000 33 3618 4991
3000 34 3392 4960
3000 35 3552 4859
3000 36 3508 4807
3000 37 3660 5012
3000 38 3729 5080
3000 39 3451 4851
3000 40 3740 4898
3000 41 3498 5118
3000 42 3573 4922
3000 43 3693 5075
3000 44 3747 5002
3000 45 2884 4116
3000 46 2855 3869
3000 47 2982 4020
3000 48 2906 3977
3000 49 2884 3883
3000 50 2978 4030
3000 51 2855 3996
3000 52 2985 3951
3000 53 2779 3994
3000 54 3020 4018
3000 55 2785 4093
3000 56 2953 3981
3000 57 2873 4096
3000 58 2880 4147
3000 59 2743 4016
3000 60 2892 3926
3000 61 2900 3992
3000 62 2899 4020
3000 63 3018 3956
3000 64 3037 4056
3000 65 2745 3966
3000 66 2085 3205
3000 67 2161 3266
3000 68 2077 3120
3000 69 2077 3229
3000 70 2080 3186
3000 71 2161 3363
3000 72 2225 3332
3000 73 2173 3181
3000 74 2225 3214
3000 75 2245 3309
3000 76 2071 3246
3000 77 2102 3299
3000 78 2203 3150
3000 79 2088 3281
3000 80 2266 3124
3000 81 2144 3213
3000 82 2356 3242
3000 83 2101 3093
3000 84 2152 3176
3000 85 2043 3200
3000 86 2156 3117
3000 87 1780 4081
3000 88 1687 4154
3000 89 1659 4259
3000 90 1645 4280
3000 91 1642 4220
3000 92 1612 4181
3000 93 1835 4038
3000 94 1698 4141
3000 95 1750 4048
3000 96 1652 4068
3000 97 1643 4063
3000 98 1765 4220
3000 99 1552 4130
3000 100 1584 4204
3000 101 1785 4143
3000 102 1643 4239
3000 103 1761 4105
3000 104 1583 4226
3000 105 1668 4045
3000 106 1777 4005
3000 107 1654 4033
3000 108 1800 4199
3000 109 1762 4021
3000 110 1579 4148
3000 111 1771 4067
3000 112 1670 4217
3000 113 1603 4231
3000 114 1743 4182
3000 115 1765 4258
3000 116 1826 4242
3000 117 1117 3461
3000 118 1095 3601
3000 119 1187 3787
3000 120 1116 3629
3000 121 1243 3402
3000 122 1071 3416
3000 123 947 3599
3000 124 1315 3501
3000 125 980 3513
3000 126 973 3602
3000 127 1008 3631
3000 128 924 3556
3000 129 1204 3559
3000 130 1209 3357
3000 131 1069 3577
3000 132 1001 3797
3000 133 1109 3664
3000 134 981 3627
3000 135 1167 3702
3000 136 1289 3719
3000 137 1262 3446
3000 138 1195 3406
3000 139 1154 3633
3000 140 3144 4389
3000 141 2860 4121
3000 142 3200 4200
3000 143 3084 4108
3000 144 2940 4367
3000 145 2963 3998
3000 146 3256 4120
3000 147 2996 4053
3000 148 3225 4058
3000 149 3156 4098
3000 150 3063 4332
3000 151 2932 4268
3000 152 2922 4076
3000 153 2961 3985
3000 154 3196 4340
3000 155 2964 4317
3000 156 3159 4142
3000 157 2846 4225
3000 158 2910 4337
3000 159 3169 4091
3000 160 3096 4094
3000 161 3111 4235
3000 162 3077 4144
3000 163 3286 4135
3000 164 2152 4311
3000 165 2293 4371
3000 166 2255 4490
3000 167 2345 4388
3000 168 2367 4433
3000 169 2310 4358
3000 170 2174 4315
3000 171 2158 4299
3000 172 2356 4449
3000 173 2143 4319
3000 174 2400 4388
3000 175 2273 4233
3000 176 2138 4399
3000 177 2290 4392
3000 178 2221 4469
3000 179 2161 4441
3000 180 2254 4424
3000 181 2353 4260
3000 182 2296 4304
3000 183 2252 4368
3000 184 2368 4357
3300 0 3825 5338
3300 1 3583 4958
3300 2 2890 4018
3300 3 2194 3217
3300 4 1716 4155
3300 5 1114 3579
3300 6 3085 4174
3300 7 2265 4366
3300 8 3583 4958
3300 9 2890 4018
3300 10 2194 3217
3300 11 1716 4155
3300 12 1114 3579
3300 13 3085 4174
3300 14 2265 4366
3300 15 3547 4920
3300 16 3549 4826
3300 17 3696 4967
3300 18 3441 4930
3300 19 3551 4932
3300 20 3676 4872
3300 21 3641 4961
3300 22 3729 5017
3300 23 3706 4851
3300 24 3622 5083
3300 25 3675 5071
3300 26 3437 5025
3300 27 3615 5038
3300 28 3697 5040
3300 29 3583 4883
3300 30 3718 4890
3300 31 3584 4815
3300 32 3672 4947
3300 33 3524 5089
3300 34 3693 5064
3300 35 3478 5028
3300 36 3518 4877
3300 37 3442 4841
3300 38 3522 4943
3300 39 3434 5017
3300 40 3634 4843
3300 41 3595 5088
3300 42 3663 4923
3300 43 3576 5059
3300 44 3597 4942
3300 45 2930 3871
3300 46 2835 4069
3300 47 2849 4115
3300 48 3012 4037
3300 49 2925 4128
3300 50 2947 4131
3300 51 2807 4029
3300 52 2870 3960
3300 53 2960 4048
3300 54 2808 3921
3300 55 2896 4056
3300 56 2744 4018
3300 57 2878 3944
3300 58 2927 4007
3300 59 2922 4167
3300 60 2953 4048
3300 61 2846 4072
3300 62 2813 3922
3300 63 2916 4085
3300 64 2791 4012
3300 65 2989 4078
3300 66 2070 3107
3300 67 2208 3190
3300 68 2235 3118
3300 69 2231 3220
3300 70 2260 3130
3300 71 2162 3342
3300 72 2141 3210
3300 73 2280 3238
3300 74 2079 3330
3300 75 2104 3159
3300 76 2237 3082
3300 77 2305 3272
3300 78 2194 3126
3300 79 2263 3247
3300 80 2228 3190
3300 81 2135 3164
3300 82 2241 3320
3300 83 2176 3248
3300 84 2305 3180
3300 85 2220 3107
3300 86 2142 3127
3300 87 1743 4048
3300 88 1789 4104
3300 89 1678 4060
3300 90 1807 4277
3300 91 1624 4039
3300 92 1724 4142
3300 93 1845 4233
3300 94 1680 4134
3300 95 1831 4190
3300 96 1665 4249
3300 97 1737 4250
3300 98 1747 4322
3300 99 1603 4238
3300 100 1797 4184
3300 101 1634 4125
3300 102 1730 4170
3300 103 1846 4150
3300 104 1658 4227
3300 105 1735 4242
3300 106 1626 4091
3300 107 1790 4178
3300 108 1614 4104
3300 109 1864 4134
3300 110 1863 4200
3300 111 1574 4170
3300 112 1621 4284
3300 113 1743 4202
3300 114 1738 4240
3300 115 1612 4020
3300 116 1680 4109
3300 117 1224 3632
3300 118 889 3637
3300 119 1354 3594
3300 120 894 3698
3300 121 1149 3501
3300 122 1020 3459
3300 123 1101 3582
3300 124 1269 3776
3300 125 1076 3620
3300 126 1039 3337
3300 127 1239 3791
3300 128 1370 3542
3300 129 1012 3561
3300 130 1021 3611
3300 131 1181 3556
3300 132 899 3492
3300 133 1322 3647
3300 134 951 3636
3300 135 957 3380
3300 136 1050 3760
3300 137 950 3449
3300 138 982 3405
3300 139 1361 3665
3300 140 3003 4206
3300 141 3058 4273
3300 142 2945 4062
3300 143 3298 4204
3300 144 3155 4317
3300 145 3076 4113
3300 146 3160 4313
3300 147 2976 4051
3300 148 2986 4178
3300 149 3080 3976
3300 150 3004 4056
3300 151 3169 4186
3300 152 2870 4089
3300 153 3126 4194
3300 154 3008 4029
3300 155 3070 4412
3300 156 3263 4175
3300 157 2963 3980
3300 158 3145 4401
3300 159 3059 4386
3300 160 2952 4281
3300 161 2993 4108
3300 162 2932 4294
3300 163 3165 4242
3300 164 2286 4484
3300 165 2336 4362
3300 166 2218 4329
3300 167 2167 4440
3300 168 2300 4468
3300 169 2202 4384
3300 170 2325 4441
3300 171 2235 4231
3300 172 2212 4417
3300 173 2276 4384
3300 174 2388 4417
3300 175 2230 4479
3300 176 2299 4280
3300 177 2364 4406
3300 178 2317 4302
3300 179 2254 4423
3300 180 2406 4368
3300 181 2320 4370
3300 182 2263 4443
3300 183 2135 4376
3300 184 2380 4398
3600 0 3825 5338
3600 1 3583 4958
3600 2 2890 4018
3600 3 2194 3217
3600 4 1716 4155
3600 5 1114 3579
3600 6 3085 4174
3600 7 2265 4366
3600 8 3583 4958
3600 9 2890 4018
3600 10 2194 3217
3600 11 1716 4155
3600 12 1114 3579
3600 13 3085 4174
3600 14 2265 4366
3600 15 3712 4936
3600 16 3549 4786
3600 17 3728 4841
3600 18 3622 4934
3600 19 3662 4837
3600 20 3548 4837
3600 21 3717 4883
3600 22 3418 4926
3600 23 3426 4851
3600 24 3661 4893
3600 25 3579 5037
3600 26 3559 4909
3600 27 3528 4979
3600 28 3745 5013
3600 29 3740 4968
3600 30 3428 4916
3600 31 3495 4984
3600 32 3491 4852
3600 33 3679 4857
3600 34 3677 4908
3600 35 3454 4894
3600 36 3556 4820
3600 37 3568 4932
3600 38 3453 5016
3600 39 3439 4957
3600 40 3616 4888
3600 41 3532 4936
3600 42 3545 5100
3600 43 3611 4783
3600 44 3550 4918
3600 45 2764 4023
3600 46 2903 3883
3600 47 2942 3989
3600 48 2846 4059
3600 49 2814 4119
3600 50 3037 4006
3600 51 2771 4091
3600 52 3000 3960
3600 53 2926 4021
3600 54 2969 4056
3600 55 3030 4008
3600 56 2821 3901
3600 57 2951 3907
3600 58 2863 3889
3600 59 2916 4111
3600 60 2830 3985
3600 61 2935 4006
3600 62 3014 4085
3600 63 2898 3904
3600 64 2781 4108
3600 65 2933 4075
3600 66 2170 3287
3600 67 2211 3093
3600 68 2157 3105
3600 69 2278 3213
3600 70 2080 3251
3600 71 2187 3059
3600 72 2257 3305
3600 73 2110 3352
3600 74 2034 3231
3600 75 2133 3335
3600 76 2314 3306
3600 77 2174 3170
3600 78 2202 3156
3600 79 2209 3264
3600 80 2038 3252
3600 81 2231 3214
3600 82 2142 3368
3600 83 2280 3273
3600 84 2181 3250
3600 85 2286 3154
3600 86 2341 3154
3600 87 1801 4237
3600 88 1744 4008
3600 89 1617 4083
3600 90 1692 4094
3600 91 1719 4318
3600 92 1676 4240
3600 93 1619 4265
3600 94 1826 4215
3600 95 1681 4155
3600 96 1565 4152
3600 97 1642 4299
3600 98 1830 4125
3600 99 1861 4122
3600 100 1846 4156
3600 101 1705 4005
3600 102 1675 4082
3600 103 1718 3987
3600 104 1808 4290
3600 105 1602 4191
3600 106 1854 4193
3600 107 1710 4261
3600 108 1558 4157
3600 109 1690 4106
3600 110 1645 4078
3600 111 1557 4182
3600 112 1705 4146
3600 113 1717 4059
3600 114 1644 4165
3600 115 1628 4095
3600 116 1548 4131
3600 117 1200 3357
3600 118 967 3459
3600 119 1336 3644
3600 120 1147 3708
3600 121 963 3383
3600 122 863 3634
3600 123 1167 3497
3600 124 1314 3749
3600 125 937 3499
3600 126 1340 3456
3600 127 930 3591
3600 128 1255 3699
3600 129 1041 3783
3600 130 1139 3827
3600 131 1128 3444
3600 132 1181 3505
3600 133 983 3527
3600 134 1047 3515
3600 135 1304 3642
3600 136 919 3476
3600 137 1012 3728
3600 138 1026 3343
3600 139 878 3585
3600 140 3122 4123
3600 141 3093 4309
3600 142 2931 4301
3600 143 3176 4076
3600 144 3268 4075
3600 145 2886 4282
3600 146 3200 4176
3600 147 3284 4304
3600 148 3135 3947
3600 149 3148 4368
3600 150 3061 3988
3600 151 3134 3941
3600 152 3128 4337
3600 153 3018 4385
3600 154 2973 4053
3600 155 3090 4058
3600 156 3106 4193
3600 157 3282 4034
3600 158 3275 4218
3600 159 3169 4267
3600 160 2947 4220
3600 161 3187 4168
3600 162 3027 3990
3600 163 3047 4175
3600 164 2167 4319
3600 165 2289 4297
3600 166 2372 4425
3600 167 2165 4272
3600 168 2320 4274
3600 169 2293 4422
3600 170 2163 4391
3600 171 2281 4400
3600 172 2304 4335
3600 173 2175 4360
3600 174 2201 4469
3600 175 2223 4276
3600 176 2259 4284
3600 177 2377 4405
3600 178 2280 4406
3600 179 2290 4236
3600 180 2340 4478
3600 181 2248 4414
3600 182 2396 4395
3600 183 2373 4355
3600 184 2398 4425
