0 21600
0 0 1 2 3 129 130 131 132 133 134 135 136 137 138 139 140 141 142 143 144 145 146 147 148 149 150 151 152 153 154 155 156 157 158 
0 1 0 2 3 4 5 8 9 10 11 12 13 14 15 16 17 18 19 20 21 23 25 26 27 28 29 30 31 32 34 35 37 38 39 40 42 43 44 129 130 131 133 136 137 138 139 140 141 142 143 144 145 146 150 153 155 156 157 
0 2 0 1 3 6 45 46 47 48 49 50 51 52 53 54 55 56 57 58 59 60 61 62 63 64 65 66 67 68 69 70 72 73 75 76 77 78 80 81 82 83 86 87 88 89 90 91 129 130 131 132 133 135 136 137 139 140 141 142 143 144 145 147 149 150 153 155 156 158 
0 3 0 1 2 7 93 95 96 97 98 99 100 101 102 103 104 105 106 107 108 109 111 113 114 115 117 118 119 121 122 123 124 126 127 128 129 130 131 132 134 135 136 138 139 140 141 142 144 145 146 148 151 152 154 156 158 
0 4 1 5 8 9 10 11 12 13 14 15 16 17 18 19 20 21 23 25 26 27 28 29 30 31 32 34 35 37 38 39 40 42 43 44 
0 5 1 4 8 9 10 11 12 13 14 15 16 17 18 19 20 21 23 25 26 27 28 29 30 31 32 34 35 37 38 39 40 42 43 44 
0 6 2 45 46 47 48 49 50 51 52 53 54 55 56 57 58 59 60 61 62 63 64 65 66 67 68 69 70 72 73 75 76 77 78 80 81 82 83 86 87 88 89 90 91 
0 7 3 93 95 96 97 98 99 100 101 102 103 104 105 106 107 108 109 111 113 114 115 117 118 119 121 122 123 124 126 127 128 
0 8 1 4 5 
0 9 1 4 5 36 
0 10 1 4 5 
0 11 1 4 5 
0 12 1 4 5 
0 13 1 4 5 22 24 33 41 
0 14 1 4 5 
0 15 1 4 5 
0 16 1 4 5 
0 17 1 4 5 
0 18 1 4 5 
0 19 1 4 5 
0 20 1 4 5 
0 21 1 4 5 
0 22 13 
0 23 1 4 5 
0 24 13 
0 25 1 4 5 
0 26 1 4 5 
0 27 1 4 5 
0 28 1 4 5 
0 29 1 4 5 
0 30 1 4 5 
0 31 1 4 5 
0 32 1 4 5 
0 33 13 
0 34 1 4 5 
0 35 1 4 5 
0 36 9 
0 37 1 4 5 
0 38 1 4 5 
0 39 1 4 5 
0 40 1 4 5 
0 41 13 
0 42 1 4 5 
0 43 1 4 5 
0 44 1 4 5 
0 45 2 6 74 79 
0 46 2 6 84 
0 47 2 6 71 85 
0 48 2 6 
0 49 2 6 
0 50 2 6 
0 51 2 6 
0 52 2 6 
0 53 2 6 
0 54 2 6 
0 55 2 6 
0 56 2 6 
0 57 2 6 
0 58 2 6 
0 59 2 6 
0 60 2 6 
0 61 2 6 
0 62 2 6 
0 63 2 6 
0 64 2 6 
0 65 2 6 
0 66 2 6 
0 67 2 6 
0 68 2 6 
0 69 2 6 
0 70 2 6 
0 71 47 
0 72 2 6 
0 73 2 6 
0 74 45 
0 75 2 6 
0 76 2 6 
0 77 2 6 
0 78 2 6 
0 79 45 
0 80 2 6 
0 81 2 6 
0 82 2 6 
0 83 2 6 
0 84 46 
0 85 47 
0 86 2 6 
0 87 2 6 
0 88 2 6 
0 89 2 6 
0 90 2 6 
0 91 2 6 
0 92 93 
0 93 3 7 92 
0 94 128 
0 95 3 7 110 112 
0 96 3 7 
0 97 3 7 
0 98 3 7 
0 99 3 7 116 125 
0 100 3 7 
0 101 3 7 
0 102 3 7 
0 103 3 7 
0 104 3 7 
0 105 3 7 
0 106 3 7 
0 107 3 7 
0 108 3 7 
0 109 3 7 
0 110 95 
0 111 3 7 
0 112 95 
0 113 3 7 
0 114 3 7 
0 115 3 7 
0 116 99 
0 117 3 7 
0 118 3 7 
0 119 3 7 
0 120 
0 121 3 7 
0 122 3 7 
0 123 3 7 
0 124 3 7 
0 125 99 
0 126 3 7 
0 127 3 7 
0 128 3 7 94 
0 129 0 1 2 3 
0 130 0 1 2 3 
0 131 0 1 2 3 
0 132 0 2 3 
0 133 0 1 2 
0 134 0 3 
0 135 0 2 3 
0 136 0 1 2 3 
0 137 0 1 2 
0 138 0 1 3 
0 139 0 1 2 3 
0 140 0 1 2 3 
0 141 0 1 2 3 
0 142 0 1 2 3 
0 143 0 1 2 
0 144 0 1 2 3 
0 145 0 1 2 3 
0 146 0 1 3 
0 147 0 2 
0 148 0 3 
0 149 0 2 
0 150 0 1 2 
0 151 0 3 
0 152 0 3 
0 153 0 1 2 
0 154 0 3 
0 155 0 1 2 
0 156 0 1 2 3 
0 157 0 1 
0 158 0 2 3 
1800 0 1 2 3 129 130 131 132 133 134 135 136 137 138 139 140 141 142 143 144 145 146 147 148 149 150 151 152 153 154 155 156 157 158 
1800 1 0 2 3 4 5 8 9 10 11 12 13 14 15 16 17 18 19 20 21 23 25 26 27 28 29 30 31 32 34 35 36 37 38 39 40 42 43 44 129 130 131 133 136 137 138 139 140 141 142 143 144 145 146 150 153 155 156 157 
1800 2 0 1 3 6 45 46 47 48 49 50 51 52 53 54 55 56 57 58 59 60 61 62 63 64 65 66 67 68 69 70 72 73 75 76 77 78 80 81 82 83 86 87 88 89 90 91 129 130 131 132 133 135 136 137 139 140 141 142 143 144 145 147 149 150 153 155 156 158 
1800 3 0 1 2 7 93 95 96 97 98 99 100 101 102 103 104 105 106 107 108 109 111 113 114 115 117 118 119 120 121 122 123 124 126 127 129 130 131 132 134 135 136 138 139 140 141 142 144 145 146 148 151 152 154 156 158 
1800 4 1 5 8 9 10 11 12 13 14 15 16 17 18 19 20 21 23 25 26 27 28 29 30 31 32 34 35 36 37 38 39 40 42 43 44 
1800 5 1 4 8 9 10 11 12 13 14 15 16 17 18 19 20 21 23 25 26 27 28 29 30 31 32 34 35 36 37 38 39 40 42 43 44 
1800 6 2 45 46 47 48 49 50 51 52 53 54 55 56 57 58 59 60 61 62 63 64 65 66 67 68 69 70 72 73 75 76 77 78 80 81 82 83 86 87 88 89 90 91 
1800 7 3 93 95 96 97 98 99 100 101 102 103 104 105 106 107 108 109 111 113 114 115 117 118 119 120 121 122 123 124 126 127 
1800 8 1 4 5 
1800 9 1 4 5 
1800 10 1 4 5 
1800 11 1 4 5 
1800 12 1 4 5 
1800 13 1 4 5 22 33 41 
1800 14 1 4 5 24 
1800 15 1 4 5 
1800 16 1 4 5 
1800 17 1 4 5 
1800 18 1 4 5 
1800 19 1 4 5 
1800 20 1 4 5 
1800 21 1 4 5 
1800 22 13 
1800 23 1 4 5 
1800 24 14 
1800 25 1 4 5 
1800 26 1 4 5 
1800 27 1 4 5 
1800 28 1 4 5 
1800 29 1 4 5 
1800 30 1 4 5 
1800 31 1 4 5 
1800 32 1 4 5 
1800 33 13 
1800 34 1 4 5 
1800 35 1 4 5 
1800 36 1 4 5 
1800 37 1 4 5 
1800 38 1 4 5 
1800 39 1 4 5 
1800 40 1 4 5 
1800 41 13 
1800 42 1 4 5 
1800 43 1 4 5 
1800 44 1 4 5 
1800 45 2 6 74 79 
1800 46 2 6 84 
1800 47 2 6 71 85 
1800 48 2 6 
1800 49 2 6 
1800 50 2 6 
1800 51 2 6 
1800 52 2 6 
1800 53 2 6 
1800 54 2 6 
1800 55 2 6 
1800 56 2 6 
1800 57 2 6 
1800 58 2 6 
1800 59 2 6 
1800 60 2 6 
1800 61 2 6 
1800 62 2 6 
1800 63 2 6 
1800 64 2 6 
1800 65 2 6 
1800 66 2 6 
1800 67 2 6 
1800 68 2 6 
1800 69 2 6 
1800 70 2 6 
1800 71 47 
1800 72 2 6 
1800 73 2 6 
1800 74 45 
1800 75 2 6 
1800 76 2 6 
1800 77 2 6 
1800 78 2 6 
1800 79 45 
1800 80 2 6 
1800 81 2 6 
1800 82 2 6 
1800 83 2 6 
1800 84 46 
1800 85 47 
1800 86 2 6 
1800 87 2 6 
1800 88 2 6 
1800 89 2 6 
1800 90 2 6 
1800 91 2 6 
1800 92 93 
1800 93 3 7 92 
1800 94 99 
1800 95 3 7 110 112 
1800 96 3 7 
1800 97 3 7 125 
1800 98 3 7 
1800 99 3 7 94 116 
1800 100 3 7 
1800 101 3 7 128 
1800 102 3 7 
1800 103 3 7 
1800 104 3 7 
1800 105 3 7 
1800 106 3 7 
1800 107 3 7 
1800 108 3 7 
1800 109 3 7 
1800 110 95 
1800 111 3 7 
1800 112 95 
1800 113 3 7 
1800 114 3 7 
1800 115 3 7 
1800 116 99 
1800 117 3 7 
1800 118 3 7 
1800 119 3 7 
1800 120 3 7 
1800 121 3 7 
1800 122 3 7 
1800 123 3 7 
1800 124 3 7 
1800 125 97 
1800 126 3 7 
1800 127 3 7 
1800 128 101 
1800 129 0 1 2 3 
1800 130 0 1 2 3 
1800 131 0 1 2 3 
1800 132 0 2 3 
1800 133 0 1 2 
1800 134 0 3 
1800 135 0 2 3 
1800 136 0 1 2 3 
1800 137 0 1 2 
1800 138 0 1 3 
1800 139 0 1 2 3 
1800 140 0 1 2 3 
1800 141 0 1 2 3 
1800 142 0 1 2 3 
1800 143 0 1 2 
1800 144 0 1 2 3 
1800 145 0 1 2 3 
1800 146 0 1 3 
1800 147 0 2 
1800 148 0 3 
1800 149 0 2 
1800 150 0 1 2 
1800 151 0 3 
1800 152 0 3 
1800 153 0 1 2 
1800 154 0 3 
1800 155 0 1 2 
1800 156 0 1 2 3 
1800 157 0 1 
1800 158 0 2 3 
3600 0 1 2 3 129 130 131 132 133 134 135 136 137 138 139 140 141 142 143 144 145 146 147 148 149 150 151 152 153 154 155 156 157 158 
3600 1 0 2 3 4 5 8 9 10 11 12 13 14 15 16 17 18 19 20 21 23 25 26 27 28 29 30 31 32 34 35 37 38 39 40 42 43 44 129 130 131 133 136 137 138 139 140 141 142 143 144 145 146 150 153 155 156 157 
3600 2 0 1 3 6 45 46 47 48 49 50 51 52 53 54 55 56 57 58 59 60 61 62 63 64 65 66 67 68 69 70 72 73 75 76 77 78 80 81 82 83 86 87 88 89 90 91 129 130 131 132 133 135 136 137 139 140 141 142 143 144 145 147 149 150 153 155 156 158 
3600 3 0 1 2 7 93 95 96 97 98 99 100 101 102 103 104 105 106 107 108 109 111 113 114 115 117 118 119 121 122 123 124 126 127 129 130 131 132 134 135 136 138 139 140 141 142 144 145 146 148 151 152 154 156 158 
3600 4 1 5 8 9 10 11 12 13 14 15 16 17 18 19 20 21 23 25 26 27 28 29 30 31 32 34 35 37 38 39 40 42 43 44 
3600 5 1 4 8 9 10 11 12 13 14 15 16 17 18 19 20 21 23 25 26 27 28 29 30 31 32 34 35 37 38 39 40 42 43 44 
3600 6 2 45 46 47 48 49 50 51 52 53 54 55 56 57 58 59 60 61 62 63 64 65 66 67 68 69 70 72 73 75 76 77 78 80 81 82 83 86 87 88 89 90 91 
3600 7 3 93 95 96 97 98 99 100 101 102 103 104 105 106 107 108 109 111 113 114 115 117 118 119 121 122 123 124 126 127 
3600 8 1 4 5 41 
3600 9 1 4 5 36 
3600 10 1 4 5 
3600 11 1 4 5 
3600 12 1 4 5 
3600 13 1 4 5 22 33 
3600 14 1 4 5 24 
3600 15 1 4 5 
3600 16 1 4 5 
3600 17 1 4 5 
3600 18 1 4 5 
3600 19 1 4 5 
3600 20 1 4 5 
3600 21 1 4 5 
3600 22 13 
3600 23 1 4 5 
3600 24 14 
3600 25 1 4 5 
3600 26 1 4 5 
3600 27 1 4 5 
3600 28 1 4 5 
3600 29 1 4 5 
3600 30 1 4 5 
3600 31 1 4 5 
3600 32 1 4 5 
3600 33 13 
3600 34 1 4 5 
3600 35 1 4 5 
3600 36 9 
3600 37 1 4 5 
3600 38 1 4 5 
3600 39 1 4 5 
3600 40 1 4 5 
3600 41 8 
3600 42 1 4 5 
3600 43 1 4 5 
3600 44 1 4 5 
3600 45 2 6 74 79 
3600 46 2 6 84 
3600 47 2 6 71 85 
3600 48 2 6 
3600 49 2 6 
3600 50 2 6 
3600 51 2 6 
3600 52 2 6 
3600 53 2 6 
3600 54 2 6 
3600 55 2 6 
3600 56 2 6 
3600 57 2 6 
3600 58 2 6 
3600 59 2 6 
3600 60 2 6 
3600 61 2 6 
3600 62 2 6 
3600 63 2 6 
3600 64 2 6 
3600 65 2 6 
3600 66 2 6 
3600 67 2 6 
3600 68 2 6 
3600 69 2 6 
3600 70 2 6 
3600 71 47 
3600 72 2 6 
3600 73 2 6 
3600 74 45 
3600 75 2 6 
3600 76 2 6 
3600 77 2 6 
3600 78 2 6 
3600 79 45 
3600 80 2 6 
3600 81 2 6 
3600 82 2 6 
3600 83 2 6 
3600 84 46 
3600 85 47 
3600 86 2 6 
3600 87 2 6 
3600 88 2 6 
3600 89 2 6 
3600 90 2 6 
3600 91 2 6 
3600 92 93 
3600 93 3 7 92 128 
3600 94 101 
3600 95 3 7 110 112 
3600 96 3 7 
3600 97 3 7 
3600 98 3 7 
3600 99 3 7 116 120 125 
3600 100 3 7 
3600 101 3 7 94 
3600 102 3 7 
3600 103 3 7 
3600 104 3 7 
3600 105 3 7 
3600 106 3 7 
3600 107 3 7 
3600 108 3 7 
3600 109 3 7 
3600 110 95 
3600 111 3 7 
3600 112 95 
3600 113 3 7 
3600 114 3 7 
3600 115 3 7 
3600 116 99 
3600 117 3 7 
3600 118 3 7 
3600 119 3 7 
3600 120 99 
3600 121 3 7 
3600 122 3 7 
3600 123 3 7 
3600 124 3 7 
3600 125 99 
3600 126 3 7 
3600 127 3 7 
3600 128 93 
3600 129 0 1 2 3 
3600 130 0 1 2 3 
3600 131 0 1 2 3 
3600 132 0 2 3 
3600 133 0 1 2 
3600 134 0 3 
3600 135 0 2 3 
3600 136 0 1 2 3 
3600 137 0 1 2 
3600 138 0 1 3 
3600 139 0 1 2 3 
3600 140 0 1 2 3 
3600 141 0 1 2 3 
3600 142 0 1 2 3 
3600 143 0 1 2 
3600 144 0 1 2 3 
3600 145 0 1 2 3 
3600 146 0 1 3 
3600 147 0 2 
3600 148 0 3 
3600 149 0 2 
3600 150 0 1 2 
3600 151 0 3 
3600 152 0 3 
3600 153 0 1 2 
3600 154 0 3 
3600 155 0 1 2 
3600 156 0 1 2 3 
3600 157 0 1 
3600 158 0 2 3 
5400 0 1 2 3 129 130 131 132 133 134 135 136 137 138 139 140 141 142 143 144 145 146 147 148 149 150 151 152 153 154 155 156 157 158 
5400 1 0 2 3 4 5 8 9 10 11 12 13 14 15 16 17 18 19 20 21 23 25 26 27 28 29 30 31 32 33 34 35 37 38 39 40 42 43 44 129 130 131 133 136 137 138 139 140 141 142 143 144 145 146 150 153 155 156 157 
5400 2 0 1 3 6 45 46 47 48 49 50 51 52 53 54 55 56 57 58 59 60 61 62 63 64 65 66 67 68 69 70 72 73 75 76 77 78 80 81 82 83 86 87 88 89 90 91 129 130 131 132 133 135 136 137 139 140 141 142 143 144 145 147 149 150 153 155 156 158 
5400 3 0 1 2 7 93 95 96 97 98 99 100 101 102 103 104 105 106 107 108 109 111 113 114 115 117 118 119 121 122 123 124 126 127 129 130 131 132 134 135 136 138 139 140 141 142 144 145 146 148 151 152 154 156 158 
5400 4 1 5 8 9 10 11 12 13 14 15 16 17 18 19 20 21 23 25 26 27 28 29 30 31 32 33 34 35 37 38 39 40 42 43 44 
5400 5 1 4 8 9 10 11 12 13 14 15 16 17 18 19 20 21 23 25 26 27 28 29 30 31 32 33 34 35 37 38 39 40 42 43 44 
5400 6 2 45 46 47 48 49 50 51 52 53 54 55 56 57 58 59 60 61 62 63 64 65 66 67 68 69 70 72 73 75 76 77 78 80 81 82 83 86 87 88 89 90 91 
5400 7 3 93 95 96 97 98 99 100 101 102 103 104 105 106 107 108 109 111 113 114 115 117 118 119 121 122 123 124 126 127 
5400 8 1 4 5 
5400 9 1 4 5 36 
5400 10 1 4 5 
5400 11 1 4 5 
5400 12 1 4 5 
5400 13 1 4 5 22 41 
5400 14 1 4 5 24 
5400 15 1 4 5 
5400 16 1 4 5 
5400 17 1 4 5 
5400 18 1 4 5 
5400 19 1 4 5 
5400 20 1 4 5 
5400 21 1 4 5 
5400 22 13 
5400 23 1 4 5 
5400 24 14 
5400 25 1 4 5 
5400 26 1 4 5 
5400 27 1 4 5 
5400 28 1 4 5 
5400 29 1 4 5 
5400 30 1 4 5 
5400 31 1 4 5 
5400 32 1 4 5 
5400 33 1 4 5 
5400 34 1 4 5 
5400 35 1 4 5 
5400 36 9 
5400 37 1 4 5 
5400 38 1 4 5 
5400 39 1 4 5 
5400 40 1 4 5 
5400 41 13 
5400 42 1 4 5 
5400 43 1 4 5 
5400 44 1 4 5 
5400 45 2 6 74 79 
5400 46 2 6 84 85 
5400 47 2 6 71 
5400 48 2 6 
5400 49 2 6 
5400 50 2 6 
5400 51 2 6 
5400 52 2 6 
5400 53 2 6 
5400 54 2 6 
5400 55 2 6 
5400 56 2 6 
5400 57 2 6 
5400 58 2 6 
5400 59 2 6 
5400 60 2 6 
5400 61 2 6 
5400 62 2 6 
5400 63 2 6 
5400 64 2 6 
5400 65 2 6 
5400 66 2 6 
5400 67 2 6 
5400 68 2 6 
5400 69 2 6 
5400 70 2 6 
5400 71 47 
5400 72 2 6 
5400 73 2 6 
5400 74 45 
5400 75 2 6 
5400 76 2 6 
5400 77 2 6 
5400 78 2 6 
5400 79 45 
5400 80 2 6 
5400 81 2 6 
5400 82 2 6 
5400 83 2 6 
5400 84 46 
5400 85 46 
5400 86 2 6 
5400 87 2 6 
5400 88 2 6 
5400 89 2 6 
5400 90 2 6 
5400 91 2 6 
5400 92 93 
5400 93 3 7 92 
5400 94 101 128 
5400 95 3 7 110 112 
5400 96 3 7 
5400 97 3 7 
5400 98 3 7 
5400 99 3 7 116 125 
5400 100 3 7 
5400 101 3 7 94 
5400 102 3 7 
5400 103 3 7 
5400 104 3 7 
5400 105 3 7 
5400 106 3 7 
5400 107 3 7 
5400 108 3 7 
5400 109 3 7 
5400 110 95 
5400 111 3 7 
5400 112 95 
5400 113 3 7 
5400 114 3 7 
5400 115 3 7 
5400 116 99 
5400 117 3 7 
5400 118 3 7 
5400 119 3 7 
5400 120 
5400 121 3 7 
5400 122 3 7 
5400 123 3 7 
5400 124 3 7 
5400 125 99 
5400 126 3 7 
5400 127 3 7 
5400 128 94 
5400 129 0 1 2 3 
5400 130 0 1 2 3 
5400 131 0 1 2 3 
5400 132 0 2 3 
5400 133 0 1 2 
5400 134 0 3 
5400 135 0 2 3 
5400 136 0 1 2 3 
5400 137 0 1 2 
5400 138 0 1 3 
5400 139 0 1 2 3 
5400 140 0 1 2 3 
5400 141 0 1 2 3 
5400 142 0 1 2 3 
5400 143 0 1 2 
5400 144 0 1 2 3 
5400 145 0 1 2 3 
5400 146 0 1 3 
5400 147 0 2 
5400 148 0 3 
5400 149 0 2 
5400 150 0 1 2 
5400 151 0 3 
5400 152 0 3 
5400 153 0 1 2 
5400 154 0 3 
5400 155 0 1 2 
5400 156 0 1 2 3 
5400 157 0 1 
5400 158 0 2 3 
7200 0 1 2 3 129 130 131 132 133 134 135 136 137 138 139 140 141 142 143 144 145 146 147 148 149 150 151 152 153 154 155 156 157 158 
7200 1 0 2 3 4 5 8 9 10 11 12 13 14 15 16 17 18 19 20 21 23 25 26 27 28 29 30 31 32 34 35 37 38 39 40 42 43 44 129 130 131 133 136 137 138 139 140 141 142 143 144 145 146 150 153 155 156 157 
7200 2 0 1 3 6 45 46 47 48 49 50 51 52 53 54 55 56 57 58 59 60 61 62 63 64 65 66 67 68 69 70 72 73 75 76 77 78 80 81 82 83 86 87 88 89 90 91 129 130 131 132 133 135 136 137 139 140 141 142 143 144 145 147 149 150 153 155 156 158 
7200 3 0 1 2 7 92 93 95 96 97 98 99 100 101 102 103 104 105 106 107 108 109 110 111 113 114 115 117 118 119 121 122 123 124 127 129 130 131 132 134 135 136 138 139 140 141 142 144 145 146 148 151 152 154 156 158 
7200 4 1 5 8 9 10 11 12 13 14 15 16 17 18 19 20 21 23 25 26 27 28 29 30 31 32 34 35 37 38 39 40 42 43 44 
7200 5 1 4 8 9 10 11 12 13 14 15 16 17 18 19 20 21 23 25 26 27 28 29 30 31 32 34 35 37 38 39 40 42 43 44 
7200 6 2 45 46 47 48 49 50 51 52 53 54 55 56 57 58 59 60 61 62 63 64 65 66 67 68 69 70 72 73 75 76 77 78 80 81 82 83 86 87 88 89 90 91 
7200 7 3 92 93 95 96 97 98 99 100 101 102 103 104 105 106 107 108 109 110 111 113 114 115 117 118 119 121 122 123 124 127 
7200 8 1 4 5 
7200 9 1 4 5 36 
7200 10 1 4 5 
7200 11 1 4 5 
7200 12 1 4 5 
7200 13 1 4 5 22 33 41 
7200 14 1 4 5 24 
7200 15 1 4 5 
7200 16 1 4 5 
7200 17 1 4 5 
7200 18 1 4 5 
7200 19 1 4 5 
7200 20 1 4 5 
7200 21 1 4 5 
7200 22 13 
7200 23 1 4 5 
7200 24 14 
7200 25 1 4 5 
7200 26 1 4 5 
7200 27 1 4 5 
7200 28 1 4 5 
7200 29 1 4 5 
7200 30 1 4 5 
7200 31 1 4 5 
7200 32 1 4 5 
7200 33 13 
7200 34 1 4 5 
7200 35 1 4 5 
7200 36 9 
7200 37 1 4 5 
7200 38 1 4 5 
7200 39 1 4 5 
7200 40 1 4 5 
7200 41 13 
7200 42 1 4 5 
7200 43 1 4 5 
7200 44 1 4 5 
7200 45 2 6 74 79 85 
7200 46 2 6 84 
7200 47 2 6 71 
7200 48 2 6 
7200 49 2 6 
7200 50 2 6 
7200 51 2 6 
7200 52 2 6 
7200 53 2 6 
7200 54 2 6 
7200 55 2 6 
7200 56 2 6 
7200 57 2 6 
7200 58 2 6 
7200 59 2 6 
7200 60 2 6 
7200 61 2 6 
7200 62 2 6 
7200 63 2 6 
7200 64 2 6 
7200 65 2 6 
7200 66 2 6 
7200 67 2 6 
7200 68 2 6 
7200 69 2 6 
7200 70 2 6 
7200 71 47 
7200 72 2 6 
7200 73 2 6 
7200 74 45 
7200 75 2 6 
7200 76 2 6 
7200 77 2 6 
7200 78 2 6 
7200 79 45 
7200 80 2 6 
7200 81 2 6 
7200 82 2 6 
7200 83 2 6 
7200 84 46 
7200 85 45 
7200 86 2 6 
7200 87 2 6 
7200 88 2 6 
7200 89 2 6 
7200 90 2 6 
7200 91 2 6 
7200 92 3 7 126 
7200 93 3 7 
7200 94 101 
7200 95 3 7 112 
7200 96 3 7 
7200 97 3 7 
7200 98 3 7 
7200 99 3 7 116 125 
7200 100 3 7 
7200 101 3 7 94 
7200 102 3 7 128 
7200 103 3 7 
7200 104 3 7 
7200 105 3 7 
7200 106 3 7 
7200 107 3 7 
7200 108 3 7 
7200 109 3 7 
7200 110 3 7 
7200 111 3 7 
7200 112 95 
7200 113 3 7 
7200 114 3 7 
7200 115 3 7 
7200 116 99 
7200 117 3 7 
7200 118 3 7 
7200 119 3 7 
7200 120 122 
7200 121 3 7 
7200 122 3 7 120 
7200 123 3 7 
7200 124 3 7 
7200 125 99 
7200 126 92 
7200 127 3 7 
7200 128 102 
7200 129 0 1 2 3 
7200 130 0 1 2 3 
7200 131 0 1 2 3 
7200 132 0 2 3 
7200 133 0 1 2 
7200 134 0 3 
7200 135 0 2 3 
7200 136 0 1 2 3 
7200 137 0 1 2 
7200 138 0 1 3 
7200 139 0 1 2 3 
7200 140 0 1 2 3 
7200 141 0 1 2 3 
7200 142 0 1 2 3 
7200 143 0 1 2 
7200 144 0 1 2 3 
7200 145 0 1 2 3 
7200 146 0 1 3 
7200 147 0 2 
7200 148 0 3 
7200 149 0 2 
7200 150 0 1 2 
7200 151 0 3 
7200 152 0 3 
7200 153 0 1 2 
7200 154 0 3 
7200 155 0 1 2 
7200 156 0 1 2 3 
7200 157 0 1 
7200 158 0 2 3 
9000 0 1 2 3 129 130 131 132 133 134 135 136 137 138 139 140 141 142 143 144 145 146 147 148 149 150 151 152 153 154 155 156 157 158 
9000 1 0 2 3 4 5 8 9 10 11 12 13 14 15 16 17 18 19 20 21 23 25 26 27 28 29 30 31 32 34 35 37 38 39 40 42 43 44 129 130 131 133 136 137 138 139 140 141 142 143 144 145 146 150 153 155 156 157 
9000 2 0 1 3 6 45 46 47 48 49 50 51 52 53 54 55 56 57 58 59 60 61 62 63 64 65 66 67 68 69 70 72 73 76 77 78 80 81 82 83 86 87 88 89 90 91 129 130 131 132 133 135 136 137 139 140 141 142 143 144 145 147 149 150 153 155 156 158 
9000 3 0 1 2 7 93 95 96 97 98 99 100 101 102 103 104 105 106 107 108 109 111 113 114 115 117 118 119 121 122 123 124 126 127 129 130 131 132 134 135 136 138 139 140 141 142 144 145 146 148 151 152 154 156 158 
9000 4 1 5 8 9 10 11 12 13 14 15 16 17 18 19 20 21 23 25 26 27 28 29 30 31 32 34 35 37 38 39 40 42 43 44 
9000 5 1 4 8 9 10 11 12 13 14 15 16 17 18 19 20 21 23 25 26 27 28 29 30 31 32 34 35 37 38 39 40 42 43 44 
9000 6 2 45 46 47 48 49 50 51 52 53 54 55 56 57 58 59 60 61 62 63 64 65 66 67 68 69 70 72 73 76 77 78 80 81 82 83 86 87 88 89 90 91 
9000 7 3 93 95 96 97 98 99 100 101 102 103 104 105 106 107 108 109 111 113 114 115 117 118 119 121 122 123 124 126 127 
9000 8 1 4 5 24 
9000 9 1 4 5 36 
9000 10 1 4 5 
9000 11 1 4 5 
9000 12 1 4 5 
9000 13 1 4 5 22 33 41 
9000 14 1 4 5 
9000 15 1 4 5 
9000 16 1 4 5 
9000 17 1 4 5 
9000 18 1 4 5 
9000 19 1 4 5 
9000 20 1 4 5 
9000 21 1 4 5 
9000 22 13 
9000 23 1 4 5 
9000 24 8 
9000 25 1 4 5 
9000 26 1 4 5 
9000 27 1 4 5 
9000 28 1 4 5 
9000 29 1 4 5 
9000 30 1 4 5 
9000 31 1 4 5 
9000 32 1 4 5 
9000 33 13 
9000 34 1 4 5 
9000 35 1 4 5 
9000 36 9 
9000 37 1 4 5 
9000 38 1 4 5 
9000 39 1 4 5 
9000 40 1 4 5 
9000 41 13 
9000 42 1 4 5 
9000 43 1 4 5 
9000 44 1 4 5 
9000 45 2 6 74 79 
9000 46 2 6 75 84 
9000 47 2 6 71 85 
9000 48 2 6 
9000 49 2 6 
9000 50 2 6 
9000 51 2 6 
9000 52 2 6 
9000 53 2 6 
9000 54 2 6 
9000 55 2 6 
9000 56 2 6 
9000 57 2 6 
9000 58 2 6 
9000 59 2 6 
9000 60 2 6 
9000 61 2 6 
9000 62 2 6 
9000 63 2 6 
9000 64 2 6 
9000 65 2 6 
9000 66 2 6 
9000 67 2 6 
9000 68 2 6 
9000 69 2 6 
9000 70 2 6 
9000 71 47 
9000 72 2 6 
9000 73 2 6 
9000 74 45 
9000 75 46 
9000 76 2 6 
9000 77 2 6 
9000 78 2 6 
9000 79 45 
9000 80 2 6 
9000 81 2 6 
9000 82 2 6 
9000 83 2 6 
9000 84 46 
9000 85 47 
9000 86 2 6 
9000 87 2 6 
9000 88 2 6 
9000 89 2 6 
9000 90 2 6 
9000 91 2 6 
9000 92 93 
9000 93 3 7 92 
9000 94 101 
9000 95 3 7 110 112 
9000 96 3 7 
9000 97 3 7 116 
9000 98 3 7 
9000 99 3 7 125 
9000 100 3 7 120 
9000 101 3 7 94 
9000 102 3 7 
9000 103 3 7 
9000 104 3 7 
9000 105 3 7 
9000 106 3 7 128 
9000 107 3 7 
9000 108 3 7 
9000 109 3 7 
9000 110 95 
9000 111 3 7 
9000 112 95 
9000 113 3 7 
9000 114 3 7 
9000 115 3 7 
9000 116 97 
9000 117 3 7 
9000 118 3 7 
9000 119 3 7 
9000 120 100 
9000 121 3 7 
9000 122 3 7 
9000 123 3 7 
9000 124 3 7 
9000 125 99 
9000 126 3 7 
9000 127 3 7 
9000 128 106 
9000 129 0 1 2 3 
9000 130 0 1 2 3 
9000 131 0 1 2 3 
9000 132 0 2 3 
9000 133 0 1 2 
9000 134 0 3 
9000 135 0 2 3 
9000 136 0 1 2 3 
9000 137 0 1 2 
9000 138 0 1 3 
9000 139 0 1 2 3 
9000 140 0 1 2 3 
9000 141 0 1 2 3 
9000 142 0 1 2 3 
9000 143 0 1 2 
9000 144 0 1 2 3 
9000 145 0 1 2 3 
9000 146 0 1 3 
9000 147 0 2 
9000 148 0 3 
9000 149 0 2 
9000 150 0 1 2 
9000 151 0 3 
9000 152 0 3 
9000 153 0 1 2 
9000 154 0 3 
9000 155 0 1 2 
9000 156 0 1 2 3 
9000 157 0 1 
9000 158 0 2 3 
10800 0 1 2 3 129 130 131 132 133 134 135 136 137 138 139 140 141 142 143 144 145 146 147 148 149 150 151 152 153 154 155 156 157 158 
10800 1 0 2 3 4 5 8 9 10 11 12 13 14 15 16 17 18 19 20 21 23 24 25 26 27 28 29 30 31 32 34 35 37 38 39 40 42 43 44 129 130 131 133 136 137 138 139 140 141 142 143 144 145 146 150 153 155 156 157 
10800 2 0 1 3 6 45 46 47 48 49 50 51 52 53 54 55 56 57 58 59 60 61 62 63 64 65 66 67 68 69 70 72 73 75 76 77 78 80 81 82 83 86 87 88 89 90 91 129 130 131 132 133 135 136 137 139 140 141 142 143 144 145 147 149 150 153 155 156 158 
10800 3 0 1 2 7 93 95 96 97 98 99 101 102 103 104 105 106 107 108 109 111 113 114 115 117 118 119 121 122 123 124 126 127 129 130 131 132 134 135 136 138 139 140 141 142 144 145 146 148 151 152 154 156 158 
10800 4 1 5 8 9 10 11 12 13 14 15 16 17 18 19 20 21 23 24 25 26 27 28 29 30 31 32 34 35 37 38 39 40 42 43 44 
10800 5 1 4 8 9 10 11 12 13 14 15 16 17 18 19 20 21 23 24 25 26 27 28 29 30 31 32 34 35 37 38 39 40 42 43 44 
10800 6 2 45 46 47 48 49 50 51 52 53 54 55 56 57 58 59 60 61 62 63 64 65 66 67 68 69 70 72 73 75 76 77 78 80 81 82 83 86 87 88 89 90 91 
10800 7 3 93 95 96 97 98 99 101 102 103 104 105 106 107 108 109 111 113 114 115 117 118 119 121 122 123 124 126 127 
10800 8 1 4 5 
10800 9 1 4 5 36 
10800 10 1 4 5 
10800 11 1 4 5 
10800 12 1 4 5 
10800 13 1 4 5 22 33 41 
10800 14 1 4 5 
10800 15 1 4 5 
10800 16 1 4 5 
10800 17 1 4 5 
10800 18 1 4 5 
10800 19 1 4 5 
10800 20 1 4 5 
10800 21 1 4 5 
10800 22 13 
10800 23 1 4 5 
10800 24 1 4 5 
10800 25 1 4 5 
10800 26 1 4 5 
10800 27 1 4 5 
10800 28 1 4 5 
10800 29 1 4 5 
10800 30 1 4 5 
10800 31 1 4 5 
10800 32 1 4 5 
10800 33 13 
10800 34 1 4 5 
10800 35 1 4 5 
10800 36 9 
10800 37 1 4 5 
10800 38 1 4 5 
10800 39 1 4 5 
10800 40 1 4 5 
10800 41 13 
10800 42 1 4 5 
10800 43 1 4 5 
10800 44 1 4 5 
10800 45 2 6 74 79 
10800 46 2 6 84 
10800 47 2 6 71 85 
10800 48 2 6 
10800 49 2 6 
10800 50 2 6 
10800 51 2 6 
10800 52 2 6 
10800 53 2 6 
10800 54 2 6 
10800 55 2 6 
10800 56 2 6 
10800 57 2 6 
10800 58 2 6 
10800 59 2 6 
10800 60 2 6 
10800 61 2 6 
10800 62 2 6 
10800 63 2 6 
10800 64 2 6 
10800 65 2 6 
10800 66 2 6 
10800 67 2 6 
10800 68 2 6 
10800 69 2 6 
10800 70 2 6 
10800 71 47 
10800 72 2 6 
10800 73 2 6 
10800 74 45 
10800 75 2 6 
10800 76 2 6 
10800 77 2 6 
10800 78 2 6 
10800 79 45 
10800 80 2 6 
10800 81 2 6 
10800 82 2 6 
10800 83 2 6 
10800 84 46 
10800 85 47 
10800 86 2 6 
10800 87 2 6 
10800 88 2 6 
10800 89 2 6 
10800 90 2 6 
10800 91 2 6 
10800 92 93 
10800 93 3 7 92 100 
10800 94 101 
10800 95 3 7 110 112 
10800 96 3 7 
10800 97 3 7 
10800 98 3 7 
10800 99 3 7 116 120 125 
10800 100 93 
10800 101 3 7 94 
10800 102 3 7 
10800 103 3 7 
10800 104 3 7 
10800 105 3 7 
10800 106 3 7 
10800 107 3 7 
10800 108 3 7 
10800 109 3 7 
10800 110 95 
10800 111 3 7 
10800 112 95 
10800 113 3 7 
10800 114 3 7 
10800 115 3 7 
10800 116 99 
10800 117 3 7 
10800 118 3 7 128 
10800 119 3 7 
10800 120 99 
10800 121 3 7 
10800 122 3 7 
10800 123 3 7 
10800 124 3 7 
10800 125 99 
10800 126 3 7 
10800 127 3 7 
10800 128 118 
10800 129 0 1 2 3 
10800 130 0 1 2 3 
10800 131 0 1 2 3 
10800 132 0 2 3 
10800 133 0 1 2 
10800 134 0 3 
10800 135 0 2 3 
10800 136 0 1 2 3 
10800 137 0 1 2 
10800 138 0 1 3 
10800 139 0 1 2 3 
10800 140 0 1 2 3 
10800 141 0 1 2 3 
10800 142 0 1 2 3 
10800 143 0 1 2 
10800 144 0 1 2 3 
10800 145 0 1 2 3 
10800 146 0 1 3 
10800 147 0 2 
10800 148 0 3 
10800 149 0 2 
10800 150 0 1 2 
10800 151 0 3 
10800 152 0 3 
10800 153 0 1 2 
10800 154 0 3 
10800 155 0 1 2 
10800 156 0 1 2 3 
10800 157 0 1 
10800 158 0 2 3 
12600 0 1 2 3 129 130 131 132 133 134 135 136 137 138 139 140 141 142 143 144 145 146 147 148 149 150 151 152 153 154 155 156 157 158 
12600 1 0 2 3 4 5 8 9 10 11 12 13 14 15 16 17 18 19 20 21 22 23 24 25 26 27 28 29 30 31 32 34 35 37 38 39 40 42 43 44 129 130 131 133 136 137 138 139 140 141 142 143 144 145 146 150 153 155 156 157 
12600 2 0 1 3 6 45 46 47 48 49 50 51 52 53 54 55 56 57 58 59 60 61 62 63 64 65 66 67 68 69 70 71 72 73 75 76 77 78 80 81 82 83 86 87 88 89 90 91 129 130 131 132 133 135 136 137 139 140 141 142 143 144 145 147 149 150 153 155 156 158 
12600 3 0 1 2 7 93 95 96 97 98 99 100 101 102 103 104 105 106 107 108 109 111 113 114 115 117 118 119 121 122 123 124 126 127 129 130 131 132 134 135 136 138 139 140 141 142 144 145 146 148 151 152 154 156 158 
12600 4 1 5 8 9 10 11 12 13 14 15 16 17 18 19 20 21 22 23 24 25 26 27 28 29 30 31 32 34 35 37 38 39 40 42 43 44 
12600 5 1 4 8 9 10 11 12 13 14 15 16 17 18 19 20 21 22 23 24 25 26 27 28 29 30 31 32 34 35 37 38 39 40 42 43 44 
12600 6 2 45 46 47 48 49 50 51 52 53 54 55 56 57 58 59 60 61 62 63 64 65 66 67 68 69 70 71 72 73 75 76 77 78 80 81 82 83 86 87 88 89 90 91 
12600 7 3 93 95 96 97 98 99 100 101 102 103 104 105 106 107 108 109 111 113 114 115 117 118 119 121 122 123 124 126 127 
12600 8 1 4 5 
12600 9 1 4 5 36 
12600 10 1 4 5 
12600 11 1 4 5 
12600 12 1 4 5 
12600 13 1 4 5 33 41 
12600 14 1 4 5 
12600 15 1 4 5 
12600 16 1 4 5 
12600 17 1 4 5 
12600 18 1 4 5 
12600 19 1 4 5 
12600 20 1 4 5 
12600 21 1 4 5 
12600 22 1 4 5 
12600 23 1 4 5 
12600 24 1 4 5 
12600 25 1 4 5 
12600 26 1 4 5 
12600 27 1 4 5 
12600 28 1 4 5 
12600 29 1 4 5 
12600 30 1 4 5 
12600 31 1 4 5 
12600 32 1 4 5 
12600 33 13 
12600 34 1 4 5 
12600 35 1 4 5 
12600 36 9 
12600 37 1 4 5 
12600 38 1 4 5 
12600 39 1 4 5 
12600 40 1 4 5 
12600 41 13 
12600 42 1 4 5 
12600 43 1 4 5 
12600 44 1 4 5 
12600 45 2 6 74 79 
12600 46 2 6 84 
12600 47 2 6 85 
12600 48 2 6 
12600 49 2 6 
12600 50 2 6 
12600 51 2 6 
12600 52 2 6 
12600 53 2 6 
12600 54 2 6 
12600 55 2 6 
12600 56 2 6 
12600 57 2 6 
12600 58 2 6 
12600 59 2 6 
12600 60 2 6 
12600 61 2 6 
12600 62 2 6 
12600 63 2 6 
12600 64 2 6 
12600 65 2 6 
12600 66 2 6 
12600 67 2 6 
12600 68 2 6 
12600 69 2 6 
12600 70 2 6 
12600 71 2 6 
12600 72 2 6 
12600 73 2 6 
12600 74 45 
12600 75 2 6 
12600 76 2 6 
12600 77 2 6 
12600 78 2 6 
12600 79 45 
12600 80 2 6 
12600 81 2 6 
12600 82 2 6 
12600 83 2 6 
12600 84 46 
12600 85 47 
12600 86 2 6 
12600 87 2 6 
12600 88 2 6 
12600 89 2 6 
12600 90 2 6 
12600 91 2 6 
12600 92 93 
12600 93 3 7 92 
12600 94 98 128 
12600 95 3 7 110 112 
12600 96 3 7 
12600 97 3 7 
12600 98 3 7 94 116 125 
12600 99 3 7 
12600 100 3 7 120 
12600 101 3 7 
12600 102 3 7 
12600 103 3 7 
12600 104 3 7 
12600 105 3 7 
12600 106 3 7 
12600 107 3 7 
12600 108 3 7 
12600 109 3 7 
12600 110 95 
12600 111 3 7 
12600 112 95 
12600 113 3 7 
12600 114 3 7 
12600 115 3 7 
12600 116 98 
12600 117 3 7 
12600 118 3 7 
12600 119 3 7 
12600 120 100 
12600 121 3 7 
12600 122 3 7 
12600 123 3 7 
12600 124 3 7 
12600 125 98 
12600 126 3 7 
12600 127 3 7 
12600 128 94 
12600 129 0 1 2 3 
12600 130 0 1 2 3 
12600 131 0 1 2 3 
12600 132 0 2 3 
12600 133 0 1 2 
12600 134 0 3 
12600 135 0 2 3 
12600 136 0 1 2 3 
12600 137 0 1 2 
12600 138 0 1 3 
12600 139 0 1 2 3 
12600 140 0 1 2 3 
12600 141 0 1 2 3 
12600 142 0 1 2 3 
12600 143 0 1 2 
12600 144 0 1 2 3 
12600 145 0 1 2 3 
12600 146 0 1 3 
12600 147 0 2 
12600 148 0 3 
12600 149 0 2 
12600 150 0 1 2 
12600 151 0 3 
12600 152 0 3 
12600 153 0 1 2 
12600 154 0 3 
12600 155 0 1 2 
12600 156 0 1 2 3 
12600 157 0 1 
12600 158 0 2 3 
14400 0 1 2 3 129 130 131 132 133 134 135 136 137 138 139 140 141 142 143 144 145 146 147 148 149 150 151 152 153 154 155 156 157 158 
14400 1 0 2 3 4 5 8 9 10 11 12 13 14 15 16 17 18 19 20 21 22 23 25 26 27 28 29 30 31 32 34 35 37 38 39 40 42 43 44 129 130 131 133 136 137 138 139 140 141 142 143 144 145 146 150 153 155 156 157 
14400 2 0 1 3 6 45 46 47 48 49 50 51 52 53 54 55 56 57 58 59 60 61 62 63 64 65 66 67 68 69 70 72 73 74 75 76 77 78 80 81 82 83 86 87 88 89 90 91 129 130 131 132 133 135 136 137 139 140 141 142 143 144 145 147 149 150 153 155 156 158 
14400 3 0 1 2 7 92 93 95 96 97 98 99 100 101 102 103 104 105 106 107 108 109 111 113 114 115 117 118 119 121 122 123 124 126 127 129 130 131 132 134 135 136 138 139 140 141 142 144 145 146 148 151 152 154 156 158 
14400 4 1 5 8 9 10 11 12 13 14 15 16 17 18 19 20 21 22 23 25 26 27 28 29 30 31 32 34 35 37 38 39 40 42 43 44 
14400 5 1 4 8 9 10 11 12 13 14 15 16 17 18 19 20 21 22 23 25 26 27 28 29 30 31 32 34 35 37 38 39 40 42 43 44 
14400 6 2 45 46 47 48 49 50 51 52 53 54 55 56 57 58 59 60 61 62 63 64 65 66 67 68 69 70 72 73 74 75 76 77 78 80 81 82 83 86 87 88 89 90 91 
14400 7 3 92 93 95 96 97 98 99 100 101 102 103 104 105 106 107 108 109 111 113 114 115 117 118 119 121 122 123 124 126 127 
14400 8 1 4 5 
14400 9 1 4 5 36 
14400 10 1 4 5 
14400 11 1 4 5 24 33 
14400 12 1 4 5 
14400 13 1 4 5 41 
14400 14 1 4 5 
14400 15 1 4 5 
14400 16 1 4 5 
14400 17 1 4 5 
14400 18 1 4 5 
14400 19 1 4 5 
14400 20 1 4 5 
14400 21 1 4 5 
14400 22 1 4 5 
14400 23 1 4 5 
14400 24 11 
14400 25 1 4 5 
14400 26 1 4 5 
14400 27 1 4 5 
14400 28 1 4 5 
14400 29 1 4 5 
14400 30 1 4 5 
14400 31 1 4 5 
14400 32 1 4 5 
14400 33 11 
14400 34 1 4 5 
14400 35 1 4 5 
14400 36 9 
14400 37 1 4 5 
14400 38 1 4 5 
14400 39 1 4 5 
14400 40 1 4 5 
14400 41 13 
14400 42 1 4 5 
14400 43 1 4 5 
14400 44 1 4 5 
14400 45 2 6 79 
14400 46 2 6 84 
14400 47 2 6 71 85 
14400 48 2 6 
14400 49 2 6 
14400 50 2 6 
14400 51 2 6 
14400 52 2 6 
14400 53 2 6 
14400 54 2 6 
14400 55 2 6 
14400 56 2 6 
14400 57 2 6 
14400 58 2 6 
14400 59 2 6 
14400 60 2 6 
14400 61 2 6 
14400 62 2 6 
14400 63 2 6 
14400 64 2 6 
14400 65 2 6 
14400 66 2 6 
14400 67 2 6 
14400 68 2 6 
14400 69 2 6 
14400 70 2 6 
14400 71 47 
14400 72 2 6 
14400 73 2 6 
14400 74 2 6 
14400 75 2 6 
14400 76 2 6 
14400 77 2 6 
14400 78 2 6 
14400 79 45 
14400 80 2 6 
14400 81 2 6 
14400 82 2 6 
14400 83 2 6 
14400 84 46 
14400 85 47 
14400 86 2 6 
14400 87 2 6 
14400 88 2 6 
14400 89 2 6 
14400 90 2 6 
14400 91 2 6 
14400 92 3 7 120 
14400 93 3 7 
14400 94 101 
14400 95 3 7 110 112 
14400 96 3 7 
14400 97 3 7 
14400 98 3 7 
14400 99 3 7 116 125 
14400 100 3 7 128 
14400 101 3 7 94 
14400 102 3 7 
14400 103 3 7 
14400 104 3 7 
14400 105 3 7 
14400 106 3 7 
14400 107 3 7 
14400 108 3 7 
14400 109 3 7 
14400 110 95 
14400 111 3 7 
14400 112 95 
14400 113 3 7 
14400 114 3 7 
14400 115 3 7 
14400 116 99 
14400 117 3 7 
14400 118 3 7 
14400 119 3 7 
14400 120 92 
14400 121 3 7 
14400 122 3 7 
14400 123 3 7 
14400 124 3 7 
14400 125 99 
14400 126 3 7 
14400 127 3 7 
14400 128 100 
14400 129 0 1 2 3 
14400 130 0 1 2 3 
14400 131 0 1 2 3 
14400 132 0 2 3 
14400 133 0 1 2 
14400 134 0 3 
14400 135 0 2 3 
14400 136 0 1 2 3 
14400 137 0 1 2 
14400 138 0 1 3 
14400 139 0 1 2 3 
14400 140 0 1 2 3 
14400 141 0 1 2 3 
14400 142 0 1 2 3 
14400 143 0 1 2 
14400 144 0 1 2 3 
14400 145 0 1 2 3 
14400 146 0 1 3 
14400 147 0 2 
14400 148 0 3 
14400 149 0 2 
14400 150 0 1 2 
14400 151 0 3 
14400 152 0 3 
14400 153 0 1 2 
14400 154 0 3 
14400 155 0 1 2 
14400 156 0 1 2 3 
14400 157 0 1 
14400 158 0 2 3 
16200 0 1 2 3 129 130 131 132 133 134 135 136 137 138 139 140 141 142 143 144 145 146 147 148 149 150 151 152 153 154 155 156 157 158 
16200 1 0 2 3 4 5 8 9 10 11 12 13 14 15 16 17 18 19 20 21 23 25 26 27 28 29 30 31 32 34 35 37 38 39 40 42 43 44 129 130 131 133 136 137 138 139 140 141 142 143 144 145 146 150 153 155 156 157 
16200 2 0 1 3 6 45 46 47 48 49 50 51 52 53 54 55 56 57 58 59 60 61 62 63 64 65 66 67 68 69 70 72 73 75 77 78 80 81 82 83 86 87 88 89 90 91 129 130 131 132 133 135 136 137 139 140 141 142 143 144 145 147 149 150 153 155 156 158 
16200 3 0 1 2 7 93 95 96 97 98 99 100 101 102 103 104 105 106 107 108 109 111 112 113 114 115 117 118 119 121 122 123 124 125 126 127 129 130 131 132 134 135 136 138 139 140 141 142 144 145 146 148 151 152 154 156 158 
16200 4 1 5 8 9 10 11 12 13 14 15 16 17 18 19 20 21 23 25 26 27 28 29 30 31 32 34 35 37 38 39 40 42 43 44 
16200 5 1 4 8 9 10 11 12 13 14 15 16 17 18 19 20 21 23 25 26 27 28 29 30 31 32 34 35 37 38 39 40 42 43 44 
16200 6 2 45 46 47 48 49 50 51 52 53 54 55 56 57 58 59 60 61 62 63 64 65 66 67 68 69 70 72 73 75 77 78 80 81 82 83 86 87 88 89 90 91 
16200 7 3 93 95 96 97 98 99 100 101 102 103 104 105 106 107 108 109 111 112 113 114 115 117 118 119 121 122 123 124 125 126 127 
16200 8 1 4 5 
16200 9 1 4 5 36 
16200 10 1 4 5 
16200 11 1 4 5 22 24 33 41 
16200 12 1 4 5 
16200 13 1 4 5 
16200 14 1 4 5 
16200 15 1 4 5 
16200 16 1 4 5 
16200 17 1 4 5 
16200 18 1 4 5 
16200 19 1 4 5 
16200 20 1 4 5 
16200 21 1 4 5 
16200 22 11 
16200 23 1 4 5 
16200 24 11 
16200 25 1 4 5 
16200 26 1 4 5 
16200 27 1 4 5 
16200 28 1 4 5 
16200 29 1 4 5 
16200 30 1 4 5 
16200 31 1 4 5 
16200 32 1 4 5 
16200 33 11 
16200 34 1 4 5 
16200 35 1 4 5 
16200 36 9 
16200 37 1 4 5 
16200 38 1 4 5 
16200 39 1 4 5 
16200 40 1 4 5 
16200 41 11 
16200 42 1 4 5 
16200 43 1 4 5 
16200 44 1 4 5 
16200 45 2 6 74 76 79 
16200 46 2 6 84 
16200 47 2 6 71 85 
16200 48 2 6 
16200 49 2 6 
16200 50 2 6 
16200 51 2 6 
16200 52 2 6 
16200 53 2 6 
16200 54 2 6 
16200 55 2 6 
16200 56 2 6 
16200 57 2 6 
16200 58 2 6 
16200 59 2 6 
16200 60 2 6 
16200 61 2 6 
16200 62 2 6 
16200 63 2 6 
16200 64 2 6 
16200 65 2 6 
16200 66 2 6 
16200 67 2 6 
16200 68 2 6 
16200 69 2 6 
16200 70 2 6 
16200 71 47 
16200 72 2 6 
16200 73 2 6 
16200 74 45 
16200 75 2 6 
16200 76 45 
16200 77 2 6 
16200 78 2 6 
16200 79 45 
16200 80 2 6 
16200 81 2 6 
16200 82 2 6 
16200 83 2 6 
16200 84 46 
16200 85 47 
16200 86 2 6 
16200 87 2 6 
16200 88 2 6 
16200 89 2 6 
16200 90 2 6 
16200 91 2 6 
16200 92 93 
16200 93 3 7 92 
16200 94 99 
16200 95 3 7 110 
16200 96 3 7 
16200 97 3 7 
16200 98 3 7 
16200 99 3 7 94 116 128 
16200 100 3 7 
16200 101 3 7 
16200 102 3 7 
16200 103 3 7 
16200 104 3 7 
16200 105 3 7 
16200 106 3 7 
16200 107 3 7 
16200 108 3 7 
16200 109 3 7 
16200 110 95 
16200 111 3 7 
16200 112 3 7 
16200 113 3 7 
16200 114 3 7 
16200 115 3 7 
16200 116 99 
16200 117 3 7 
16200 118 3 7 
16200 119 3 7 
16200 120 122 
16200 121 3 7 
16200 122 3 7 120 
16200 123 3 7 
16200 124 3 7 
16200 125 3 7 
16200 126 3 7 
16200 127 3 7 
16200 128 99 
16200 129 0 1 2 3 
16200 130 0 1 2 3 
16200 131 0 1 2 3 
16200 132 0 2 3 
16200 133 0 1 2 
16200 134 0 3 
16200 135 0 2 3 
16200 136 0 1 2 3 
16200 137 0 1 2 
16200 138 0 1 3 
16200 139 0 1 2 3 
16200 140 0 1 2 3 
16200 141 0 1 2 3 
16200 142 0 1 2 3 
16200 143 0 1 2 
16200 144 0 1 2 3 
16200 145 0 1 2 3 
16200 146 0 1 3 
16200 147 0 2 
16200 148 0 3 
16200 149 0 2 
16200 150 0 1 2 
16200 151 0 3 
16200 152 0 3 
16200 153 0 1 2 
16200 154 0 3 
16200 155 0 1 2 
16200 156 0 1 2 3 
16200 157 0 1 
16200 158 0 2 3 
18000 0 1 2 3 129 130 131 132 133 134 135 136 137 138 139 140 141 142 143 144 145 146 147 148 149 150 151 152 153 154 155 156 157 158 
18000 1 0 2 3 4 5 8 9 10 11 12 13 14 15 16 17 18 19 20 21 23 25 26 27 28 29 30 31 32 33 34 35 36 37 38 39 40 42 43 44 129 130 131 133 136 137 138 139 140 141 142 143 144 145 146 150 153 155 156 157 
18000 2 0 1 3 6 45 46 47 48 49 50 51 52 53 54 55 56 57 58 59 60 61 62 63 64 65 66 67 68 69 70 72 73 75 76 77 78 80 81 82 83 86 87 88 89 90 91 129 130 131 132 133 135 136 137 139 140 141 142 143 144 145 147 149 150 153 155 156 158 
18000 3 0 1 2 7 93 95 96 97 98 99 100 101 102 103 104 105 106 107 108 109 111 113 114 115 117 118 119 121 122 123 124 126 127 129 130 131 132 134 135 136 138 139 140 141 142 144 145 146 148 151 152 154 156 158 
18000 4 1 5 8 9 10 11 12 13 14 15 16 17 18 19 20 21 23 25 26 27 28 29 30 31 32 33 34 35 36 37 38 39 40 42 43 44 
18000 5 1 4 8 9 10 11 12 13 14 15 16 17 18 19 20 21 23 25 26 27 28 29 30 31 32 33 34 35 36 37 38 39 40 42 43 44 
18000 6 2 45 46 47 48 49 50 51 52 53 54 55 56 57 58 59 60 61 62 63 64 65 66 67 68 69 70 72 73 75 76 77 78 80 81 82 83 86 87 88 89 90 91 
18000 7 3 93 95 96 97 98 99 100 101 102 103 104 105 106 107 108 109 111 113 114 115 117 118 119 121 122 123 124 126 127 
18000 8 1 4 5 
18000 9 1 4 5 
18000 10 1 4 5 22 41 
18000 11 1 4 5 
18000 12 1 4 5 
18000 13 1 4 5 
18000 14 1 4 5 24 
18000 15 1 4 5 
18000 16 1 4 5 
18000 17 1 4 5 
18000 18 1 4 5 
18000 19 1 4 5 
18000 20 1 4 5 
18000 21 1 4 5 
18000 22 10 
18000 23 1 4 5 
18000 24 14 
18000 25 1 4 5 
18000 26 1 4 5 
18000 27 1 4 5 
18000 28 1 4 5 
18000 29 1 4 5 
18000 30 1 4 5 
18000 31 1 4 5 
18000 32 1 4 5 
18000 33 1 4 5 
18000 34 1 4 5 
18000 35 1 4 5 
18000 36 1 4 5 
18000 37 1 4 5 
18000 38 1 4 5 
18000 39 1 4 5 
18000 40 1 4 5 
18000 41 10 
18000 42 1 4 5 
18000 43 1 4 5 
18000 44 1 4 5 
18000 45 2 6 74 79 
18000 46 2 6 84 
18000 47 2 6 71 85 
18000 48 2 6 
18000 49 2 6 
18000 50 2 6 
18000 51 2 6 
18000 52 2 6 
18000 53 2 6 
18000 54 2 6 
18000 55 2 6 
18000 56 2 6 
18000 57 2 6 
18000 58 2 6 
18000 59 2 6 
18000 60 2 6 
18000 61 2 6 
18000 62 2 6 
18000 63 2 6 
18000 64 2 6 
18000 65 2 6 
18000 66 2 6 
18000 67 2 6 
18000 68 2 6 
18000 69 2 6 
18000 70 2 6 
18000 71 47 
18000 72 2 6 
18000 73 2 6 
18000 74 45 
18000 75 2 6 
18000 76 2 6 
18000 77 2 6 
18000 78 2 6 
18000 79 45 
18000 80 2 6 
18000 81 2 6 
18000 82 2 6 
18000 83 2 6 
18000 84 46 
18000 85 47 
18000 86 2 6 
18000 87 2 6 
18000 88 2 6 
18000 89 2 6 
18000 90 2 6 
18000 91 2 6 
18000 92 93 
18000 93 3 7 92 
18000 94 101 128 
18000 95 3 7 110 112 
18000 96 3 7 125 
18000 97 3 7 
18000 98 3 7 
18000 99 3 7 116 
18000 100 3 7 
18000 101 3 7 94 
18000 102 3 7 
18000 103 3 7 
18000 104 3 7 
18000 105 3 7 
18000 106 3 7 
18000 107 3 7 
18000 108 3 7 
18000 109 3 7 
18000 110 95 
18000 111 3 7 
18000 112 95 
18000 113 3 7 
18000 114 3 7 
18000 115 3 7 
18000 116 99 
18000 117 3 7 
18000 118 3 7 
18000 119 3 7 
18000 120 127 
18000 121 3 7 
18000 122 3 7 
18000 123 3 7 
18000 124 3 7 
18000 125 96 
18000 126 3 7 
18000 127 3 7 120 
18000 128 94 
18000 129 0 1 2 3 
18000 130 0 1 2 3 
18000 131 0 1 2 3 
18000 132 0 2 3 
18000 133 0 1 2 
18000 134 0 3 
18000 135 0 2 3 
18000 136 0 1 2 3 
18000 137 0 1 2 
18000 138 0 1 3 
18000 139 0 1 2 3 
18000 140 0 1 2 3 
18000 141 0 1 2 3 
18000 142 0 1 2 3 
18000 143 0 1 2 
18000 144 0 1 2 3 
18000 145 0 1 2 3 
18000 146 0 1 3 
18000 147 0 2 
18000 148 0 3 
18000 149 0 2 
18000 150 0 1 2 
18000 151 0 3 
18000 152 0 3 
18000 153 0 1 2 
18000 154 0 3 
18000 155 0 1 2 
18000 156 0 1 2 3 
18000 157 0 1 
18000 158 0 2 3 
