0 21600
1800 0 3 93 94 95 96 97 98 99 100 101 102 103 104 105 106 107 108 109 110 111 112 
1800 1 5 41 
1800 2 65 67 
1800 3 0 77 92 94 95 96 98 99 100 101 102 103 105 106 107 109 110 111 112 
1800 4 28 40 
1800 5 1 21 
1800 6 59 62 
1800 7 65 67 
1800 8 55 57 
1800 9 62 67 
1800 10 64 70 
1800 11 76 89 
1800 12 79 87 
1800 13 27 31 
1800 14 28 31 
1800 15 22 34 
1800 16 21 39 
1800 17 38 42 
1800 18 33 35 
1800 19 
1800 20 26 39 
1800 21 5 16 
1800 22 15 42 
1800 23 38 40 
1800 24 33 37 
1800 25 36 42 
1800 26 20 41 
1800 27 13 40 
1800 28 4 14 35 
1800 29 30 31 
1800 30 29 40 
1800 31 13 14 29 
1800 32 33 
1800 33 18 24 32 
1800 34 15 36 
1800 35 18 28 
1800 36 25 34 
1800 37 24 39 
1800 38 17 23 
1800 39 16 20 37 
1800 40 4 23 27 30 
1800 41 1 26 
1800 42 17 22 25 
1800 43 65 66 
1800 44 67 68 
1800 45 52 57 
1800 46 61 67 
1800 47 48 68 
1800 48 47 50 
1800 49 62 70 
1800 50 48 63 
1800 51 54 67 
1800 52 45 55 
1800 53 56 70 
1800 54 51 68 
1800 55 8 52 
1800 56 53 62 
1800 57 8 45 
1800 58 63 70 
1800 59 6 67 
1800 60 66 68 
1800 61 46 63 
1800 62 6 9 49 56 
1800 63 50 58 61 
1800 64 10 68 
1800 65 2 7 43 
1800 66 43 60 
1800 67 2 7 9 44 46 51 59 
1800 68 44 47 54 60 64 
1800 69 
1800 70 10 49 53 58 
1800 71 90 91 
1800 72 
1800 73 83 85 
1800 74 79 82 
1800 75 80 87 
1800 76 11 85 
1800 77 3 80 
1800 78 
1800 79 12 74 84 
1800 80 75 77 
1800 81 
1800 82 74 91 
1800 83 73 89 90 
1800 84 79 87 
1800 85 73 76 86 88 
1800 86 85 87 
1800 87 12 75 84 86 
1800 88 85 
1800 89 11 83 
1800 90 71 83 
1800 91 71 82 
1800 92 3 
1800 93 0 
1800 94 0 3 
1800 95 0 3 
1800 96 0 3 
1800 97 0 
1800 98 0 3 
1800 99 0 3 
1800 100 0 3 
1800 101 0 3 
1800 102 0 3 
1800 103 0 3 
1800 104 0 
1800 105 0 3 
1800 106 0 3 
1800 107 0 3 
1800 108 0 
1800 109 0 3 
1800 110 0 3 
1800 111 0 3 
1800 112 0 3 
