0 21600
0 0 1 2 3 129 130 131 132 133 134 135 136 137 138 139 140 141 142 143 144 145 146 147 148 149 150 151 152 153 154 155 156 157 158 
0 1 0 40 42 43 44 129 130 131 133 136 137 138 139 140 141 142 143 144 145 146 150 153 155 156 157 
0 2 0 88 89 90 91 129 130 131 132 133 135 136 137 139 140 141 142 143 144 145 147 149 150 153 155 156 158 
0 3 0 123 124 126 127 129 130 131 132 134 135 136 138 139 140 141 142 144 145 146 148 151 152 154 156 158 
0 4 39 40 42 43 44 
0 5 39 40 42 43 44 
0 6 87 88 89 90 91 
0 7 122 123 124 126 127 
0 8 34 35 38 39 42 
0 9 39 40 42 43 44 
0 10 39 40 42 43 44 
0 11 39 40 42 43 44 
0 12 39 40 42 43 44 
0 13 40 41 42 43 44 
0 14 39 40 42 43 44 
0 15 38 39 42 43 44 
0 16 39 40 42 43 44 
0 17 39 40 42 43 44 
0 18 36 40 42 43 44 
0 19 40 41 42 43 44 
0 20 39 40 42 43 44 
0 21 39 40 42 43 44 
0 22 24 33 37 40 41 
0 23 39 40 42 43 44 
0 24 22 33 40 43 44 
0 25 40 41 42 43 44 
0 26 36 41 42 43 44 
0 27 39 40 42 43 44 
0 28 39 40 41 43 44 
0 29 40 41 42 43 44 
0 30 36 40 42 43 44 
0 31 40 41 42 43 44 
0 32 36 40 42 43 44 
0 33 22 24 40 41 43 
0 34 8 41 42 43 44 
0 35 8 40 42 43 44 
0 36 18 26 30 32 42 
0 37 22 41 42 43 44 
0 38 8 15 42 43 44 
0 39 4 5 8 9 10 11 12 14 15 16 17 20 21 23 27 28 
0 40 1 4 5 9 10 11 12 13 14 16 17 18 19 20 21 22 23 24 25 27 28 29 30 31 32 33 35 
0 41 13 19 22 25 26 28 29 31 33 34 37 
0 42 1 4 5 8 9 10 11 12 13 14 15 16 17 18 19 20 21 23 25 26 27 29 30 31 32 34 35 36 37 38 
0 43 1 4 5 9 10 11 12 13 14 15 16 17 18 19 20 21 23 24 25 26 27 28 29 30 31 32 33 34 35 37 38 
0 44 1 4 5 9 10 11 12 13 14 15 16 17 18 19 20 21 23 24 25 26 27 28 29 30 31 32 34 35 37 38 
0 45 83 86 88 90 91 
0 46 87 88 89 90 91 
0 47 85 87 88 90 91 
0 48 86 87 89 90 91 
0 49 87 88 89 90 91 
0 50 85 87 88 90 91 
0 51 87 88 89 90 91 
0 52 86 87 88 90 91 
0 53 87 88 89 90 91 
0 54 87 88 89 90 91 
0 55 87 88 89 90 91 
0 56 87 88 89 90 91 
0 57 87 88 89 90 91 
0 58 74 86 89 90 91 
0 59 87 88 89 90 91 
0 60 85 87 88 90 91 
0 61 87 88 89 90 91 
0 62 87 88 89 90 91 
0 63 87 88 89 90 91 
0 64 87 88 89 90 91 
0 65 74 88 89 90 91 
0 66 79 87 88 90 91 
0 67 87 88 89 90 91 
0 68 85 87 88 90 91 
0 69 86 87 88 90 91 
0 70 87 88 89 90 91 
0 71 76 83 85 87 88 
0 72 86 87 89 90 91 
0 73 83 84 87 90 91 
0 74 58 65 79 83 86 
0 75 87 88 89 90 91 
0 76 71 87 88 90 91 
0 77 87 88 89 90 91 
0 78 84 87 89 90 91 
0 79 66 74 83 86 88 
0 80 84 87 89 90 91 
0 81 87 88 89 90 91 
0 82 84 87 89 90 91 
0 83 45 71 73 74 79 
0 84 73 78 80 82 89 
0 85 47 50 60 68 71 
0 86 45 48 52 58 69 72 74 79 
0 87 6 46 47 48 49 50 51 52 53 54 55 56 57 59 60 61 62 63 64 66 67 68 69 70 71 72 73 75 76 77 78 80 81 82 
0 88 2 6 45 46 47 49 50 51 52 53 54 55 56 57 59 60 61 62 63 64 65 66 67 68 69 70 71 75 76 77 79 81 
0 89 2 6 46 48 49 51 53 54 55 56 57 58 59 61 62 63 64 65 67 70 72 75 77 78 80 81 82 84 
0 90 2 6 45 46 47 48 49 50 51 52 53 54 55 56 57 58 59 60 61 62 63 64 65 66 67 68 69 70 72 73 75 76 77 78 80 81 82 
0 91 2 6 45 46 47 48 49 50 51 52 53 54 55 56 57 58 59 60 61 62 63 64 65 66 67 68 69 70 72 73 75 76 77 78 80 81 82 
0 92 113 115 118 122 127 
0 93 123 124 126 127 128 
0 94 101 116 125 128 
0 95 107 117 124 126 127 
0 96 122 123 124 126 127 
0 97 121 123 124 126 127 
0 98 122 123 124 126 127 
0 99 116 123 125 126 127 
0 100 122 123 124 126 127 
0 101 94 116 125 126 127 
0 102 116 117 125 126 127 
0 103 122 123 124 126 127 
0 104 107 117 124 126 127 
0 105 122 123 124 126 127 
0 106 122 123 124 126 127 
0 107 95 104 124 126 127 
0 108 110 112 124 126 127 
0 109 123 124 125 126 127 
0 110 108 111 112 117 126 
0 111 110 112 117 126 127 
0 112 108 110 111 117 126 
0 113 92 123 124 126 127 
0 114 122 123 124 126 127 
0 115 92 123 124 126 127 
0 116 94 99 101 102 125 
0 117 95 102 104 110 111 112 
0 118 92 123 124 126 127 
0 119 122 123 124 126 127 
0 120 
0 121 97 123 124 126 127 
0 122 7 92 96 98 100 103 105 106 114 119 
0 123 3 7 93 96 97 98 99 100 103 105 106 109 113 114 115 118 119 121 128 
0 124 3 7 93 95 96 97 98 100 103 104 105 106 107 108 109 113 114 115 118 119 121 128 
0 125 94 99 101 102 109 116 
0 126 3 7 93 95 96 97 98 99 100 101 102 103 104 105 106 107 108 109 110 111 112 113 114 115 118 119 121 
0 127 3 7 92 93 95 96 97 98 99 100 101 102 103 104 105 106 107 108 109 111 113 114 115 118 119 121 128 
0 128 93 94 123 124 127 
0 129 0 1 2 3 
0 130 0 1 2 3 
0 131 0 1 2 3 
0 132 0 2 3 
0 133 0 1 2 
0 134 0 3 
0 135 0 2 3 
0 136 0 1 2 3 
0 137 0 1 2 
0 138 0 1 3 
0 139 0 1 2 3 
0 140 0 1 2 3 
0 141 0 1 2 3 
0 142 0 1 2 3 
0 143 0 1 2 
0 144 0 1 2 3 
0 145 0 1 2 3 
0 146 0 1 3 
0 147 0 2 
0 148 0 3 
0 149 0 2 
0 150 0 1 2 
0 151 0 3 
0 152 0 3 
0 153 0 1 2 
0 154 0 3 
0 155 0 1 2 
0 156 0 1 2 3 
0 157 0 1 
0 158 0 2 3 
1800 0 1 2 3 129 130 131 132 133 134 135 136 137 138 139 140 141 142 143 144 145 146 147 148 149 150 151 152 153 154 155 156 157 158 
1800 1 0 40 42 43 44 129 130 131 133 136 137 138 139 140 141 142 143 144 145 146 150 153 155 156 157 
1800 2 0 88 89 90 91 129 130 131 132 133 135 136 137 139 140 141 142 143 144 145 147 149 150 153 155 156 158 
1800 3 0 123 124 126 127 129 130 131 132 134 135 136 138 139 140 141 142 144 145 146 148 151 152 154 156 158 
1800 4 39 40 42 43 44 
1800 5 39 40 42 43 44 
1800 6 87 88 89 90 91 
1800 7 122 123 124 126 127 
1800 8 38 39 40 42 43 
1800 9 39 40 42 43 44 
1800 10 39 40 42 43 44 
1800 11 39 40 42 43 44 
1800 12 39 40 42 43 44 
1800 13 40 41 42 43 44 
1800 14 38 39 40 42 43 
1800 15 39 40 42 43 44 
1800 16 39 40 42 43 44 
1800 17 39 40 42 43 44 
1800 18 39 40 42 43 44 
1800 19 40 41 42 43 44 
1800 20 39 40 42 43 44 
1800 21 39 40 42 43 44 
1800 22 24 33 37 40 41 
1800 23 39 40 42 43 44 
1800 24 22 33 40 43 44 
1800 25 40 41 42 43 44 
1800 26 40 41 42 43 44 
1800 27 39 40 42 43 44 
1800 28 40 41 42 43 44 
1800 29 40 41 42 43 44 
1800 30 39 40 42 43 44 
1800 31 39 40 42 43 44 
1800 32 39 40 42 43 44 
1800 33 22 24 40 41 43 
1800 34 40 41 42 43 44 
1800 35 39 40 42 43 44 
1800 36 39 40 42 43 44 
1800 37 22 41 42 43 44 
1800 38 8 14 42 43 44 
1800 39 4 5 8 9 10 11 12 14 15 16 17 18 20 21 23 27 30 31 32 35 36 
1800 40 1 4 5 8 9 10 11 12 13 14 15 16 17 18 19 20 21 22 23 24 25 26 27 28 29 30 31 32 33 34 35 36 
1800 41 13 19 22 25 26 28 29 33 34 37 
1800 42 1 4 5 8 9 10 11 12 13 14 15 16 17 18 19 20 21 23 25 26 27 28 29 30 31 32 34 35 36 37 38 
1800 43 1 4 5 8 9 10 11 12 13 14 15 16 17 18 19 20 21 23 24 25 26 27 28 29 30 31 32 33 34 35 36 37 38 
1800 44 1 4 5 9 10 11 12 13 15 16 17 18 19 20 21 23 24 25 26 27 28 29 30 31 32 34 35 36 37 38 
1800 45 83 86 88 90 91 
1800 46 87 88 89 90 91 
1800 47 85 87 88 90 91 
1800 48 86 87 89 90 91 
1800 49 87 88 89 90 91 
1800 50 85 87 88 90 91 
1800 51 87 88 89 90 91 
1800 52 74 87 88 90 91 
1800 53 87 88 89 90 91 
1800 54 87 88 89 90 91 
1800 55 87 88 89 90 91 
1800 56 87 88 89 90 91 
1800 57 87 88 89 90 91 
1800 58 74 86 89 90 91 
1800 59 87 88 89 90 91 
1800 60 85 87 88 90 91 
1800 61 87 88 89 90 91 
1800 62 87 88 89 90 91 
1800 63 87 88 89 90 91 
1800 64 87 88 89 90 91 
1800 65 74 79 89 90 91 
1800 66 79 87 88 90 91 
1800 67 87 88 89 90 91 
1800 68 85 87 88 90 91 
1800 69 86 87 88 90 91 
1800 70 87 88 89 90 91 
1800 71 76 83 85 87 88 
1800 72 86 87 89 90 91 
1800 73 83 84 87 90 91 
1800 74 52 58 65 79 86 
1800 75 87 88 89 90 91 
1800 76 71 87 88 90 91 
1800 77 87 88 89 90 91 
1800 78 84 87 89 90 91 
1800 79 65 66 74 86 88 
1800 80 84 87 89 90 91 
1800 81 87 88 89 90 91 
1800 82 84 87 89 90 91 
1800 83 45 71 73 90 91 
1800 84 73 78 80 82 89 
1800 85 47 50 60 68 71 
1800 86 45 48 58 69 72 74 79 
1800 87 6 46 47 48 49 50 51 52 53 54 55 56 57 59 60 61 62 63 64 66 67 68 69 70 71 72 73 75 76 77 78 80 81 82 
1800 88 2 6 45 46 47 49 50 51 52 53 54 55 56 57 59 60 61 62 63 64 66 67 68 69 70 71 75 76 77 79 81 
1800 89 2 6 46 48 49 51 53 54 55 56 57 58 59 61 62 63 64 65 67 70 72 75 77 78 80 81 82 84 
1800 90 2 6 45 46 47 48 49 50 51 52 53 54 55 56 57 58 59 60 61 62 63 64 65 66 67 68 69 70 72 73 75 76 77 78 80 81 82 83 
1800 91 2 6 45 46 47 48 49 50 51 52 53 54 55 56 57 58 59 60 61 62 63 64 65 66 67 68 69 70 72 73 75 76 77 78 80 81 82 83 
1800 92 113 115 117 118 122 
1800 93 122 123 124 126 127 
1800 94 99 101 116 125 128 
1800 95 117 120 124 126 127 
1800 96 122 123 124 126 127 
1800 97 123 124 125 126 127 
1800 98 122 123 124 126 127 
1800 99 94 116 119 125 127 
1800 100 122 123 124 126 127 
1800 101 94 116 125 127 128 
1800 102 107 117 125 126 127 
1800 103 122 123 124 126 127 
1800 104 122 123 124 126 127 
1800 105 122 123 124 126 127 
1800 106 122 123 124 126 127 
1800 107 102 123 124 126 127 
1800 108 110 123 124 126 127 
1800 109 112 124 125 126 127 
1800 110 108 112 117 120 126 
1800 111 112 116 126 127 128 
1800 112 109 110 111 117 126 
1800 113 92 123 124 126 127 
1800 114 122 123 124 126 127 
1800 115 92 119 121 122 123 
1800 116 94 99 101 111 125 
1800 117 92 95 102 110 112 
1800 118 92 123 124 126 127 
1800 119 99 115 124 126 127 
1800 120 95 110 124 126 127 
1800 121 115 123 124 126 127 
1800 122 7 92 93 96 98 100 103 104 105 106 114 115 
1800 123 3 7 93 96 97 98 100 103 104 105 106 107 108 113 114 115 118 121 
1800 124 3 7 93 95 96 97 98 100 103 104 105 106 107 108 109 113 114 118 119 120 121 
1800 125 94 97 99 101 102 109 116 
1800 126 3 7 93 95 96 97 98 100 102 103 104 105 106 107 108 109 110 111 112 113 114 118 119 120 121 
1800 127 3 7 93 95 96 97 98 99 100 101 102 103 104 105 106 107 108 109 111 113 114 118 119 120 121 
1800 128 94 101 111 
1800 129 0 1 2 3 
1800 130 0 1 2 3 
1800 131 0 1 2 3 
1800 132 0 2 3 
1800 133 0 1 2 
1800 134 0 3 
1800 135 0 2 3 
1800 136 0 1 2 3 
1800 137 0 1 2 
1800 138 0 1 3 
1800 139 0 1 2 3 
1800 140 0 1 2 3 
1800 141 0 1 2 3 
1800 142 0 1 2 3 
1800 143 0 1 2 
1800 144 0 1 2 3 
1800 145 0 1 2 3 
1800 146 0 1 3 
1800 147 0 2 
1800 148 0 3 
1800 149 0 2 
1800 150 0 1 2 
1800 151 0 3 
1800 152 0 3 
1800 153 0 1 2 
1800 154 0 3 
1800 155 0 1 2 
1800 156 0 1 2 3 
1800 157 0 1 
1800 158 0 2 3 
3600 0 1 2 3 129 130 131 132 133 134 135 136 137 138 139 140 141 142 143 144 145 146 147 148 149 150 151 152 153 154 155 156 157 158 
3600 1 0 40 42 43 44 129 130 131 133 136 137 138 139 140 141 142 143 144 145 146 150 153 155 156 157 
3600 2 0 88 89 90 91 129 130 131 132 133 135 136 137 139 140 141 142 143 144 145 147 149 150 153 155 156 158 
3600 3 0 123 124 126 127 129 130 131 132 134 135 136 138 139 140 141 142 144 145 146 148 151 152 154 156 158 
3600 4 39 40 42 43 44 
3600 5 39 40 42 43 44 
3600 6 87 88 89 90 91 
3600 7 122 123 124 126 127 
3600 8 39 41 42 43 44 
3600 9 39 40 42 43 44 
3600 10 39 40 42 43 44 
3600 11 39 40 42 43 44 
3600 12 39 40 42 43 44 
3600 13 40 41 42 43 44 
3600 14 39 40 42 43 44 
3600 15 38 39 42 43 44 
3600 16 36 40 42 43 44 
3600 17 40 41 42 43 44 
3600 18 36 40 42 43 44 
3600 19 40 41 42 43 44 
3600 20 39 40 42 43 44 
3600 21 39 40 42 43 44 
3600 22 24 33 37 40 41 
3600 23 39 40 42 43 44 
3600 24 22 33 40 43 44 
3600 25 40 41 42 43 44 
3600 26 40 41 42 43 44 
3600 27 39 40 42 43 44 
3600 28 39 40 41 43 44 
3600 29 40 41 42 43 44 
3600 30 36 40 42 43 44 
3600 31 39 40 42 43 44 
3600 32 36 40 42 43 44 
3600 33 22 24 40 41 43 
3600 34 40 41 42 43 44 
3600 35 39 40 42 43 44 
3600 36 16 18 30 32 42 
3600 37 22 41 42 43 44 
3600 38 15 41 42 43 44 
3600 39 4 5 8 9 10 11 12 14 15 20 21 23 27 28 31 35 
3600 40 1 4 5 9 10 11 12 13 14 16 17 18 19 20 21 22 23 24 25 26 27 28 29 30 31 32 33 34 35 
3600 41 8 13 17 19 22 25 26 28 29 33 34 37 38 
3600 42 1 4 5 8 9 10 11 12 13 14 15 16 17 18 19 20 21 23 25 26 27 29 30 31 32 34 35 36 37 38 
3600 43 1 4 5 8 9 10 11 12 13 14 15 16 17 18 19 20 21 23 24 25 26 27 28 29 30 31 32 33 34 35 37 38 
3600 44 1 4 5 8 9 10 11 12 13 14 15 16 17 18 19 20 21 23 24 25 26 27 28 29 30 31 32 34 35 37 38 
3600 45 86 87 88 90 91 
3600 46 87 88 89 90 91 
3600 47 85 87 88 90 91 
3600 48 86 87 89 90 91 
3600 49 87 88 89 90 91 
3600 50 85 87 88 90 91 
3600 51 87 88 89 90 91 
3600 52 74 87 88 90 91 
3600 53 87 88 89 90 91 
3600 54 87 88 89 90 91 
3600 55 87 88 89 90 91 
3600 56 87 88 89 90 91 
3600 57 87 88 89 90 91 
3600 58 74 86 89 90 91 
3600 59 87 88 89 90 91 
3600 60 85 87 88 90 91 
3600 61 87 88 89 90 91 
3600 62 87 88 89 90 91 
3600 63 87 88 89 90 91 
3600 64 87 88 89 90 91 
3600 65 74 88 89 90 91 
3600 66 79 87 88 90 91 
3600 67 87 88 89 90 91 
3600 68 85 87 88 90 91 
3600 69 86 87 88 90 91 
3600 70 87 88 89 90 91 
3600 71 76 83 85 87 88 
3600 72 87 88 89 90 91 
3600 73 84 87 88 90 91 
3600 74 52 58 65 79 86 
3600 75 87 88 89 90 91 
3600 76 71 87 88 90 91 
3600 77 87 88 89 90 91 
3600 78 84 87 89 90 91 
3600 79 66 74 86 87 88 
3600 80 84 87 89 90 91 
3600 81 87 88 89 90 91 
3600 82 84 87 89 90 91 
3600 83 71 88 89 90 91 
3600 84 73 78 80 82 89 
3600 85 47 50 60 68 71 
3600 86 45 48 58 69 74 79 
3600 87 6 45 46 47 48 49 50 51 52 53 54 55 56 57 59 60 61 62 63 64 66 67 68 69 70 71 72 73 75 76 77 78 79 80 81 82 
3600 88 2 6 45 46 47 49 50 51 52 53 54 55 56 57 59 60 61 62 63 64 65 66 67 68 69 70 71 72 73 75 76 77 79 81 83 
3600 89 2 6 46 48 49 51 53 54 55 56 57 58 59 61 62 63 64 65 67 70 72 75 77 78 80 81 82 83 84 
3600 90 2 6 45 46 47 48 49 50 51 52 53 54 55 56 57 58 59 60 61 62 63 64 65 66 67 68 69 70 72 73 75 76 77 78 80 81 82 83 
3600 91 2 6 45 46 47 48 49 50 51 52 53 54 55 56 57 58 59 60 61 62 63 64 65 66 67 68 69 70 72 73 75 76 77 78 80 81 82 83 
3600 92 115 121 122 127 128 
3600 93 119 121 122 124 127 
3600 94 101 102 116 125 128 
3600 95 118 121 124 126 127 
3600 96 122 123 124 126 127 
3600 97 119 121 124 126 127 
3600 98 122 123 124 126 127 
3600 99 117 118 119 120 125 
3600 100 122 123 124 126 127 
3600 101 94 116 124 125 127 
3600 102 94 116 125 126 127 
3600 103 122 123 124 126 127 
3600 104 118 121 124 126 127 
3600 105 122 123 124 126 127 
3600 106 122 123 124 126 127 
3600 107 122 123 124 126 127 
3600 108 112 123 124 126 127 
3600 109 111 124 125 126 127 
3600 110 112 117 118 120 126 
3600 111 109 112 117 126 127 
3600 112 108 110 111 117 126 
3600 113 122 123 124 126 127 
3600 114 122 123 124 126 127 
3600 115 92 121 122 123 127 
3600 116 94 101 102 125 128 
3600 117 99 110 111 112 127 
3600 118 95 99 104 110 120 
3600 119 93 97 99 126 127 
3600 120 99 110 118 123 
3600 121 92 93 95 97 104 115 
3600 122 7 92 93 96 98 100 103 105 106 107 113 114 115 
3600 123 3 7 96 98 100 103 105 106 107 108 113 114 115 120 
3600 124 3 7 93 95 96 97 98 100 101 103 104 105 106 107 108 109 113 114 
3600 125 94 99 101 102 109 116 128 
3600 126 3 7 95 96 97 98 100 102 103 104 105 106 107 108 109 110 111 112 113 114 119 
3600 127 3 7 92 93 95 96 97 98 100 101 102 103 104 105 106 107 108 109 111 113 114 115 117 119 128 
3600 128 92 94 116 125 127 
3600 129 0 1 2 3 
3600 130 0 1 2 3 
3600 131 0 1 2 3 
3600 132 0 2 3 
3600 133 0 1 2 
3600 134 0 3 
3600 135 0 2 3 
3600 136 0 1 2 3 
3600 137 0 1 2 
3600 138 0 1 3 
3600 139 0 1 2 3 
3600 140 0 1 2 3 
3600 141 0 1 2 3 
3600 142 0 1 2 3 
3600 143 0 1 2 
3600 144 0 1 2 3 
3600 145 0 1 2 3 
3600 146 0 1 3 
3600 147 0 2 
3600 148 0 3 
3600 149 0 2 
3600 150 0 1 2 
3600 151 0 3 
3600 152 0 3 
3600 153 0 1 2 
3600 154 0 3 
3600 155 0 1 2 
3600 156 0 1 2 3 
3600 157 0 1 
3600 158 0 2 3 
5400 0 1 2 3 129 130 131 132 133 134 135 136 137 138 139 140 141 142 143 144 145 146 147 148 149 150 151 152 153 154 155 156 157 158 
5400 1 0 40 42 43 44 129 130 131 133 136 137 138 139 140 141 142 143 144 145 146 150 153 155 156 157 
5400 2 0 88 89 90 91 129 130 131 132 133 135 136 137 139 140 141 142 143 144 145 147 149 150 153 155 156 158 
5400 3 0 123 124 126 127 129 130 131 132 134 135 136 138 139 140 141 142 144 145 146 148 151 152 154 156 158 
5400 4 39 40 42 43 44 
5400 5 39 40 42 43 44 
5400 6 87 88 89 90 91 
5400 7 122 123 124 126 127 
5400 8 34 35 38 39 42 
5400 9 39 40 42 43 44 
5400 10 39 40 42 43 44 
5400 11 39 40 42 43 44 
5400 12 39 40 42 43 44 
5400 13 40 41 42 43 44 
5400 14 39 40 42 43 44 
5400 15 38 39 42 43 44 
5400 16 40 41 42 43 44 
5400 17 39 40 42 43 44 
5400 18 36 40 42 43 44 
5400 19 40 41 42 43 44 
5400 20 39 40 42 43 44 
5400 21 39 40 42 43 44 
5400 22 24 35 37 40 41 
5400 23 39 40 42 43 44 
5400 24 22 39 40 43 44 
5400 25 40 41 42 43 44 
5400 26 36 41 42 43 44 
5400 27 39 40 42 43 44 
5400 28 39 40 41 43 44 
5400 29 40 41 42 43 44 
5400 30 36 40 42 43 44 
5400 31 39 40 42 43 44 
5400 32 36 40 42 43 44 
5400 33 39 40 41 43 44 
5400 34 8 41 42 43 44 
5400 35 8 22 42 43 44 
5400 36 18 26 30 32 42 
5400 37 22 41 42 43 44 
5400 38 8 15 42 43 44 
5400 39 4 5 8 9 10 11 12 14 15 17 20 21 23 24 27 28 31 33 
5400 40 1 4 5 9 10 11 12 13 14 16 17 18 19 20 21 22 23 24 25 27 28 29 30 31 32 33 
5400 41 13 16 19 22 25 26 28 29 33 34 37 
5400 42 1 4 5 8 9 10 11 12 13 14 15 16 17 18 19 20 21 23 25 26 27 29 30 31 32 34 35 36 37 38 
5400 43 1 4 5 9 10 11 12 13 14 15 16 17 18 19 20 21 23 24 25 26 27 28 29 30 31 32 33 34 35 37 38 
5400 44 1 4 5 9 10 11 12 13 14 15 16 17 18 19 20 21 23 24 25 26 27 28 29 30 31 32 33 34 35 37 38 
5400 45 83 86 88 90 91 
5400 46 87 88 89 90 91 
5400 47 86 87 88 90 91 
5400 48 87 88 89 90 91 
5400 49 87 88 89 90 91 
5400 50 86 87 88 90 91 
5400 51 87 88 89 90 91 
5400 52 86 87 88 90 91 
5400 53 87 88 89 90 91 
5400 54 87 88 89 90 91 
5400 55 87 88 89 90 91 
5400 56 87 88 89 90 91 
5400 57 87 88 89 90 91 
5400 58 86 87 89 90 91 
5400 59 87 88 89 90 91 
5400 60 87 88 89 90 91 
5400 61 87 88 89 90 91 
5400 62 87 88 89 90 91 
5400 63 87 88 89 90 91 
5400 64 87 88 89 90 91 
5400 65 87 88 89 90 91 
5400 66 74 79 88 90 91 
5400 67 87 88 89 90 91 
5400 68 85 86 87 88 90 
5400 69 87 88 89 90 91 
5400 70 74 79 89 90 91 
5400 71 83 85 86 87 88 
5400 72 87 88 89 90 91 
5400 73 84 87 88 90 91 
5400 74 66 70 79 86 88 
5400 75 87 88 89 90 91 
5400 76 86 87 88 90 91 
5400 77 87 88 89 90 91 
5400 78 86 87 89 90 91 
5400 79 66 70 74 86 88 
5400 80 84 88 89 90 91 
5400 81 87 88 89 90 91 
5400 82 84 87 89 90 91 
5400 83 45 71 89 90 91 
5400 84 73 80 82 89 91 
5400 85 68 71 86 87 88 
5400 86 45 47 50 52 58 68 71 74 76 78 79 85 
5400 87 6 46 47 48 49 50 51 52 53 54 55 56 57 58 59 60 61 62 63 64 65 67 68 69 71 72 73 75 76 77 78 81 82 85 
5400 88 2 6 45 46 47 48 49 50 51 52 53 54 55 56 57 59 60 61 62 63 64 65 66 67 68 69 71 72 73 74 75 76 77 79 80 81 85 
5400 89 2 6 46 48 49 51 53 54 55 56 57 58 59 60 61 62 63 64 65 67 69 70 72 75 77 78 80 81 82 83 84 
5400 90 2 6 45 46 47 48 49 50 51 52 53 54 55 56 57 58 59 60 61 62 63 64 65 66 67 68 69 70 72 73 75 76 77 78 80 81 82 83 
5400 91 2 6 45 46 47 48 49 50 51 52 53 54 55 56 57 58 59 60 61 62 63 64 65 66 67 69 70 72 73 75 76 77 78 80 81 82 83 84 
5400 92 106 113 115 118 122 
5400 93 122 123 124 126 127 
5400 94 101 116 125 128 
5400 95 107 117 124 126 127 
5400 96 122 123 124 126 127 
5400 97 121 123 124 126 127 
5400 98 122 123 124 126 127 
5400 99 116 124 125 126 127 
5400 100 122 123 124 126 127 
5400 101 94 116 123 125 127 
5400 102 116 117 125 126 127 
5400 103 122 123 124 126 127 
5400 104 110 117 124 126 127 
5400 105 122 123 124 126 127 
5400 106 92 123 124 126 127 
5400 107 95 123 124 126 127 
5400 108 110 123 124 126 127 
5400 109 111 124 125 126 127 
5400 110 104 108 112 117 126 
5400 111 109 112 117 126 127 
5400 112 110 111 117 125 126 
5400 113 92 123 124 126 127 
5400 114 122 123 124 126 127 
5400 115 92 119 121 122 123 
5400 116 94 99 101 102 125 
5400 117 95 102 104 110 111 112 
5400 118 92 123 124 126 127 
5400 119 115 123 124 126 127 
5400 120 
5400 121 97 115 124 126 127 
5400 122 7 92 93 96 98 100 103 105 114 115 
5400 123 3 7 93 96 97 98 100 101 103 105 106 107 108 113 114 115 118 119 
5400 124 3 7 93 95 96 97 98 99 100 103 104 105 106 107 108 109 113 114 118 119 121 
5400 125 94 99 101 102 109 112 116 
5400 126 3 7 93 95 96 97 98 99 100 102 103 104 105 106 107 108 109 110 111 112 113 114 118 119 121 
5400 127 3 7 93 95 96 97 98 99 100 101 102 103 104 105 106 107 108 109 111 113 114 118 119 121 
5400 128 94 
5400 129 0 1 2 3 
5400 130 0 1 2 3 
5400 131 0 1 2 3 
5400 132 0 2 3 
5400 133 0 1 2 
5400 134 0 3 
5400 135 0 2 3 
5400 136 0 1 2 3 
5400 137 0 1 2 
5400 138 0 1 3 
5400 139 0 1 2 3 
5400 140 0 1 2 3 
5400 141 0 1 2 3 
5400 142 0 1 2 3 
5400 143 0 1 2 
5400 144 0 1 2 3 
5400 145 0 1 2 3 
5400 146 0 1 3 
5400 147 0 2 
5400 148 0 3 
5400 149 0 2 
5400 150 0 1 2 
5400 151 0 3 
5400 152 0 3 
5400 153 0 1 2 
5400 154 0 3 
5400 155 0 1 2 
5400 156 0 1 2 3 
5400 157 0 1 
5400 158 0 2 3 
7200 0 1 2 3 129 130 131 132 133 134 135 136 137 138 139 140 141 142 143 144 145 146 147 148 149 150 151 152 153 154 155 156 157 158 
7200 1 0 40 42 43 44 129 130 131 133 136 137 138 139 140 141 142 143 144 145 146 150 153 155 156 157 
7200 2 0 88 89 90 91 129 130 131 132 133 135 136 137 139 140 141 142 143 144 145 147 149 150 153 155 156 158 
7200 3 0 122 123 124 127 129 130 131 132 134 135 136 138 139 140 141 142 144 145 146 148 151 152 154 156 158 
7200 4 39 40 42 43 44 
7200 5 39 40 42 43 44 
7200 6 87 88 89 90 91 
7200 7 121 122 123 124 127 
7200 8 38 39 42 43 44 
7200 9 39 40 42 43 44 
7200 10 39 40 42 43 44 
7200 11 39 40 42 43 44 
7200 12 39 40 42 43 44 
7200 13 40 41 42 43 44 
7200 14 40 41 42 43 44 
7200 15 38 39 42 43 44 
7200 16 39 40 42 43 44 
7200 17 39 40 42 43 44 
7200 18 36 40 42 43 44 
7200 19 40 41 42 43 44 
7200 20 39 40 42 43 44 
7200 21 39 40 42 43 44 
7200 22 24 33 38 40 41 
7200 23 39 40 42 43 44 
7200 24 22 33 42 43 44 
7200 25 40 41 42 43 44 
7200 26 40 41 42 43 44 
7200 27 39 40 42 43 44 
7200 28 40 41 42 43 44 
7200 29 40 41 42 43 44 
7200 30 36 40 42 43 44 
7200 31 39 40 42 43 44 
7200 32 36 40 42 43 44 
7200 33 22 24 41 42 43 
7200 34 40 41 42 43 44 
7200 35 39 40 42 43 44 
7200 36 18 30 32 37 42 
7200 37 36 41 42 43 44 
7200 38 8 15 22 43 44 
7200 39 4 5 8 9 10 11 12 15 16 17 20 21 23 27 31 35 
7200 40 1 4 5 9 10 11 12 13 14 16 17 18 19 20 21 22 23 25 26 27 28 29 30 31 32 34 35 
7200 41 13 14 19 22 25 26 28 29 33 34 37 
7200 42 1 4 5 8 9 10 11 12 13 14 15 16 17 18 19 20 21 23 24 25 26 27 28 29 30 31 32 33 34 35 36 37 
7200 43 1 4 5 8 9 10 11 12 13 14 15 16 17 18 19 20 21 23 24 25 26 27 28 29 30 31 32 33 34 35 37 38 
7200 44 1 4 5 8 9 10 11 12 13 14 15 16 17 18 19 20 21 23 24 25 26 27 28 29 30 31 32 34 35 37 38 
7200 45 85 86 88 90 91 
7200 46 87 88 89 90 91 
7200 47 85 87 88 90 91 
7200 48 86 87 89 90 91 
7200 49 87 88 89 90 91 
7200 50 85 87 88 90 91 
7200 51 87 88 89 90 91 
7200 52 86 87 88 90 91 
7200 53 87 88 89 90 91 
7200 54 87 88 89 90 91 
7200 55 87 88 89 90 91 
7200 56 87 88 89 90 91 
7200 57 87 88 89 90 91 
7200 58 82 86 89 90 91 
7200 59 87 88 89 90 91 
7200 60 85 87 88 90 91 
7200 61 74 88 89 90 91 
7200 62 87 88 89 90 91 
7200 63 87 88 89 90 91 
7200 64 87 88 89 90 91 
7200 65 74 88 89 90 91 
7200 66 86 87 88 90 91 
7200 67 87 88 89 90 91 
7200 68 87 88 89 90 91 
7200 69 86 87 88 90 91 
7200 70 87 88 89 90 91 
7200 71 76 83 85 87 88 
7200 72 86 87 89 90 91 
7200 73 83 84 87 90 91 
7200 74 61 65 79 80 86 
7200 75 87 88 89 90 91 
7200 76 71 87 88 90 91 
7200 77 87 88 89 90 91 
7200 78 84 87 89 90 91 
7200 79 74 80 85 86 88 
7200 80 74 79 84 90 91 
7200 81 87 88 89 90 91 
7200 82 58 84 89 90 91 
7200 83 71 73 89 90 91 
7200 84 73 78 80 82 89 
7200 85 45 47 50 60 71 79 
7200 86 45 48 52 58 66 69 72 74 79 
7200 87 6 46 47 48 49 50 51 52 53 54 55 56 57 59 60 62 63 64 66 67 68 69 70 71 72 73 75 76 77 78 81 
7200 88 2 6 45 46 47 49 50 51 52 53 54 55 56 57 59 60 61 62 63 64 65 66 67 68 69 70 71 75 76 77 79 81 
7200 89 2 6 46 48 49 51 53 54 55 56 57 58 59 61 62 63 64 65 67 68 70 72 75 77 78 81 82 83 84 
7200 90 2 6 45 46 47 48 49 50 51 52 53 54 55 56 57 58 59 60 61 62 63 64 65 66 67 68 69 70 72 73 75 76 77 78 80 81 82 83 
7200 91 2 6 45 46 47 48 49 50 51 52 53 54 55 56 57 58 59 60 61 62 63 64 65 66 67 68 69 70 72 73 75 76 77 78 80 81 82 83 
7200 92 122 123 124 126 127 
7200 93 121 122 123 124 127 
7200 94 101 102 116 125 128 
7200 95 107 117 124 126 127 
7200 96 121 122 123 124 127 
7200 97 121 123 124 126 127 
7200 98 121 122 123 124 127 
7200 99 116 123 124 125 127 
7200 100 122 123 124 126 127 
7200 101 94 116 124 125 127 
7200 102 94 116 125 127 128 
7200 103 121 122 123 124 127 
7200 104 117 121 124 126 127 
7200 105 121 122 123 124 127 
7200 106 122 123 124 126 127 
7200 107 95 122 123 124 127 
7200 108 119 121 123 124 127 
7200 109 121 123 124 125 127 
7200 110 111 112 117 126 127 
7200 111 110 112 124 126 127 
7200 112 110 111 117 124 126 
7200 113 122 123 124 126 127 
7200 114 121 122 123 124 127 
7200 115 118 119 121 122 123 
7200 116 94 99 101 102 125 
7200 117 95 104 110 112 127 
7200 118 115 121 122 123 127 
7200 119 108 115 123 124 127 
7200 120 122 126 
7200 121 7 93 96 97 98 103 104 105 108 109 114 115 118 
7200 122 3 7 92 93 96 98 100 103 105 106 107 113 114 115 118 120 
7200 123 3 7 92 93 96 97 98 99 100 103 105 106 107 108 109 113 114 115 118 119 
7200 124 3 7 92 93 95 96 97 98 99 100 101 103 104 105 106 107 108 109 111 112 113 114 119 
7200 125 94 99 101 102 109 116 
7200 126 92 95 97 100 104 106 110 111 112 113 120 
7200 127 3 7 92 93 95 96 97 98 99 100 101 102 103 104 105 106 107 108 109 110 111 113 114 117 118 119 
7200 128 94 102 
7200 129 0 1 2 3 
7200 130 0 1 2 3 
7200 131 0 1 2 3 
7200 132 0 2 3 
7200 133 0 1 2 
7200 134 0 3 
7200 135 0 2 3 
7200 136 0 1 2 3 
7200 137 0 1 2 
7200 138 0 1 3 
7200 139 0 1 2 3 
7200 140 0 1 2 3 
7200 141 0 1 2 3 
7200 142 0 1 2 3 
7200 143 0 1 2 
7200 144 0 1 2 3 
7200 145 0 1 2 3 
7200 146 0 1 3 
7200 147 0 2 
7200 148 0 3 
7200 149 0 2 
7200 150 0 1 2 
7200 151 0 3 
7200 152 0 3 
7200 153 0 1 2 
7200 154 0 3 
7200 155 0 1 2 
7200 156 0 1 2 3 
7200 157 0 1 
7200 158 0 2 3 
9000 0 1 2 3 129 130 131 132 133 134 135 136 137 138 139 140 141 142 143 144 145 146 147 148 149 150 151 152 153 154 155 156 157 158 
9000 1 0 40 42 43 44 129 130 131 133 136 137 138 139 140 141 142 143 144 145 146 150 153 155 156 157 
9000 2 0 88 89 90 91 129 130 131 132 133 135 136 137 139 140 141 142 143 144 145 147 149 150 153 155 156 158 
9000 3 0 123 124 126 127 129 130 131 132 134 135 136 138 139 140 141 142 144 145 146 148 151 152 154 156 158 
9000 4 39 40 42 43 44 
9000 5 39 40 42 43 44 
9000 6 87 88 89 90 91 
9000 7 122 123 124 126 127 
9000 8 34 35 38 39 42 
9000 9 39 40 42 43 44 
9000 10 39 40 42 43 44 
9000 11 39 40 42 43 44 
9000 12 39 40 42 43 44 
9000 13 40 41 42 43 44 
9000 14 39 40 42 43 44 
9000 15 38 39 42 43 44 
9000 16 39 40 42 43 44 
9000 17 39 40 42 43 44 
9000 18 39 40 42 43 44 
9000 19 40 41 42 43 44 
9000 20 39 40 42 43 44 
9000 21 39 40 42 43 44 
9000 22 24 33 37 40 41 
9000 23 36 40 42 43 44 
9000 24 22 33 40 43 44 
9000 25 40 41 42 43 44 
9000 26 40 41 42 43 44 
9000 27 39 40 42 43 44 
9000 28 39 40 41 43 44 
9000 29 40 41 42 43 44 
9000 30 36 40 42 43 44 
9000 31 39 40 42 43 44 
9000 32 36 40 42 43 44 
9000 33 22 24 40 41 43 
9000 34 8 36 42 43 44 
9000 35 8 40 42 43 44 
9000 36 23 30 32 34 42 
9000 37 22 41 42 43 44 
9000 38 8 15 42 43 44 
9000 39 4 5 8 9 10 11 12 14 15 16 17 18 20 21 27 28 31 
9000 40 1 4 5 9 10 11 12 13 14 16 17 18 19 20 21 22 23 24 25 26 27 28 29 30 31 32 33 35 
9000 41 13 19 22 25 26 28 29 33 37 
9000 42 1 4 5 8 9 10 11 12 13 14 15 16 17 18 19 20 21 23 25 26 27 29 30 31 32 34 35 36 37 38 
9000 43 1 4 5 9 10 11 12 13 14 15 16 17 18 19 20 21 23 24 25 26 27 28 29 30 31 32 33 34 35 37 38 
9000 44 1 4 5 9 10 11 12 13 14 15 16 17 18 19 20 21 23 24 25 26 27 28 29 30 31 32 34 35 37 38 
9000 45 83 86 88 90 91 
9000 46 87 88 89 90 91 
9000 47 85 87 88 90 91 
9000 48 86 87 89 90 91 
9000 49 87 88 89 90 91 
9000 50 85 87 88 90 91 
9000 51 87 88 89 90 91 
9000 52 86 87 88 90 91 
9000 53 87 88 89 90 91 
9000 54 87 88 89 90 91 
9000 55 87 88 89 90 91 
9000 56 87 88 89 90 91 
9000 57 87 88 89 90 91 
9000 58 74 86 89 90 91 
9000 59 87 88 89 90 91 
9000 60 86 87 88 90 91 
9000 61 87 88 89 90 91 
9000 62 87 88 89 90 91 
9000 63 87 88 89 90 91 
9000 64 87 88 89 90 91 
9000 65 74 79 89 90 91 
9000 66 79 87 88 90 91 
9000 67 87 88 89 90 91 
9000 68 85 87 88 90 91 
9000 69 86 87 88 90 91 
9000 70 87 88 89 90 91 
9000 71 75 83 85 87 88 
9000 72 86 87 89 90 91 
9000 73 83 84 87 90 91 
9000 74 58 65 78 79 86 
9000 75 71 84 85 87 89 
9000 76 85 87 88 90 91 
9000 77 87 88 89 90 91 
9000 78 74 87 89 90 91 
9000 79 65 66 74 86 88 
9000 80 84 87 89 90 91 
9000 81 87 88 89 90 91 
9000 82 84 87 89 90 91 
9000 83 45 71 73 90 91 
9000 84 73 75 80 82 89 
9000 85 47 50 68 71 75 76 
9000 86 45 48 52 58 60 69 72 74 79 
9000 87 6 46 47 48 49 50 51 52 53 54 55 56 57 59 60 61 62 63 64 66 67 68 69 70 71 72 73 75 76 77 78 80 81 82 
9000 88 2 6 45 46 47 49 50 51 52 53 54 55 56 57 59 60 61 62 63 64 66 67 68 69 70 71 76 77 79 81 
9000 89 2 6 46 48 49 51 53 54 55 56 57 58 59 61 62 63 64 65 67 70 72 75 77 78 80 81 82 84 
9000 90 2 6 45 46 47 48 49 50 51 52 53 54 55 56 57 58 59 60 61 62 63 64 65 66 67 68 69 70 72 73 76 77 78 80 81 82 83 
9000 91 2 6 45 46 47 48 49 50 51 52 53 54 55 56 57 58 59 60 61 62 63 64 65 66 67 68 69 70 72 73 76 77 78 80 81 82 83 
9000 92 115 118 120 122 124 
9000 93 122 123 124 126 127 
9000 94 101 114 116 125 128 
9000 95 119 121 124 126 127 
9000 96 122 123 124 126 127 
9000 97 121 123 124 126 127 
9000 98 122 123 124 126 127 
9000 99 121 123 125 126 127 
9000 100 120 124 125 126 127 
9000 101 94 121 123 125 127 
9000 102 119 121 125 126 127 
9000 103 120 123 124 126 127 
9000 104 119 120 124 126 127 
9000 105 122 123 124 126 127 
9000 106 123 124 126 127 128 
9000 107 122 123 124 126 127 
9000 108 110 123 124 126 127 
9000 109 112 121 123 125 126 
9000 110 108 112 113 117 126 
9000 111 112 119 121 126 127 
9000 112 109 110 111 117 126 
9000 113 110 123 124 126 127 
9000 114 94 116 125 126 127 
9000 115 92 118 119 122 123 
9000 116 94 114 123 125 127 
9000 117 110 112 124 126 127 
9000 118 92 115 123 126 127 
9000 119 95 102 104 111 115 
9000 120 92 100 103 104 
9000 121 95 97 99 101 102 109 111 
9000 122 7 92 93 96 98 105 107 115 
9000 123 3 7 93 96 97 98 99 101 103 105 106 107 108 109 113 115 116 118 
9000 124 3 7 92 93 95 96 97 98 100 103 104 105 106 107 108 113 117 
9000 125 94 99 100 101 102 109 114 116 
9000 126 3 7 93 95 96 97 98 99 100 102 103 104 105 106 107 108 109 110 111 112 113 114 117 118 
9000 127 3 7 93 95 96 97 98 99 100 101 102 103 104 105 106 107 108 111 113 114 116 117 118 
9000 128 94 106 
9000 129 0 1 2 3 
9000 130 0 1 2 3 
9000 131 0 1 2 3 
9000 132 0 2 3 
9000 133 0 1 2 
9000 134 0 3 
9000 135 0 2 3 
9000 136 0 1 2 3 
9000 137 0 1 2 
9000 138 0 1 3 
9000 139 0 1 2 3 
9000 140 0 1 2 3 
9000 141 0 1 2 3 
9000 142 0 1 2 3 
9000 143 0 1 2 
9000 144 0 1 2 3 
9000 145 0 1 2 3 
9000 146 0 1 3 
9000 147 0 2 
9000 148 0 3 
9000 149 0 2 
9000 150 0 1 2 
9000 151 0 3 
9000 152 0 3 
9000 153 0 1 2 
9000 154 0 3 
9000 155 0 1 2 
9000 156 0 1 2 3 
9000 157 0 1 
9000 158 0 2 3 
10800 0 1 2 3 129 130 131 132 133 134 135 136 137 138 139 140 141 142 143 144 145 146 147 148 149 150 151 152 153 154 155 156 157 158 
10800 1 0 40 42 43 44 129 130 131 133 136 137 138 139 140 141 142 143 144 145 146 150 153 155 156 157 
10800 2 0 88 89 90 91 129 130 131 132 133 135 136 137 139 140 141 142 143 144 145 147 149 150 153 155 156 158 
10800 3 0 123 124 126 127 129 130 131 132 134 135 136 138 139 140 141 142 144 145 146 148 151 152 154 156 158 
10800 4 39 40 42 43 44 
10800 5 39 40 42 43 44 
10800 6 87 88 89 90 91 
10800 7 122 123 124 126 127 
10800 8 34 35 38 39 42 
10800 9 36 39 40 42 43 
10800 10 39 40 42 43 44 
10800 11 39 40 42 43 44 
10800 12 39 40 42 43 44 
10800 13 39 40 41 42 43 
10800 14 39 40 42 43 44 
10800 15 35 38 39 42 43 
10800 16 39 40 42 43 44 
10800 17 38 39 40 42 43 
10800 18 40 41 42 43 44 
10800 19 39 40 41 42 43 
10800 20 39 40 42 43 44 
10800 21 39 40 42 43 44 
10800 22 29 33 37 40 41 
10800 23 40 41 42 43 44 
10800 24 39 40 42 43 44 
10800 25 39 40 41 42 43 
10800 26 40 41 42 43 44 
10800 27 38 39 40 42 43 
10800 28 38 39 40 41 43 
10800 29 22 39 41 42 43 
10800 30 39 40 42 43 44 
10800 31 39 40 41 42 43 
10800 32 36 40 42 43 44 
10800 33 22 37 40 41 43 
10800 34 8 40 41 42 43 
10800 35 8 15 42 43 44 
10800 36 9 32 40 42 44 
10800 37 22 33 42 43 44 
10800 38 8 15 17 27 28 
10800 39 4 5 8 9 10 11 12 13 14 15 16 17 19 20 21 24 25 27 28 29 30 31 
10800 40 1 4 5 9 10 11 12 13 14 16 17 18 19 20 21 22 23 24 25 26 27 28 30 31 32 33 34 36 
10800 41 13 18 19 22 23 25 26 28 29 31 33 34 
10800 42 1 4 5 8 9 10 11 12 13 14 15 16 17 18 19 20 21 23 24 25 26 27 29 30 31 32 34 35 36 37 
10800 43 1 4 5 9 10 11 12 13 14 15 16 17 18 19 20 21 23 24 25 26 27 28 29 30 31 32 33 34 35 37 
10800 44 1 4 5 10 11 12 14 16 18 20 21 23 24 26 30 32 35 36 37 
10800 45 83 86 88 90 91 
10800 46 86 87 89 90 91 
10800 47 85 87 88 90 91 
10800 48 87 88 89 90 91 
10800 49 87 88 89 90 91 
10800 50 85 87 88 90 91 
10800 51 87 88 89 90 91 
10800 52 86 87 88 90 91 
10800 53 87 88 89 90 91 
10800 54 87 88 89 90 91 
10800 55 87 88 89 90 91 
10800 56 87 88 89 90 91 
10800 57 87 88 89 90 91 
10800 58 82 86 89 90 91 
10800 59 87 88 89 90 91 
10800 60 85 87 88 90 91 
10800 61 74 88 89 90 91 
10800 62 87 88 89 90 91 
10800 63 87 88 89 90 91 
10800 64 87 88 89 90 91 
10800 65 74 79 89 90 91 
10800 66 79 87 88 90 91 
10800 67 87 88 89 90 91 
10800 68 85 87 88 90 91 
10800 69 86 87 88 90 91 
10800 70 87 88 89 90 91 
10800 71 83 85 87 88 90 
10800 72 87 88 89 90 91 
10800 73 83 84 87 90 91 
10800 74 61 65 77 79 86 
10800 75 87 88 89 90 91 
10800 76 85 87 88 90 91 
10800 77 74 88 89 90 91 
10800 78 86 87 89 90 91 
10800 79 65 66 74 86 88 
10800 80 84 87 89 90 91 
10800 81 84 88 89 90 91 
10800 82 58 84 89 90 91 
10800 83 45 71 73 90 91 
10800 84 73 80 81 82 89 
10800 85 47 50 60 68 71 76 
10800 86 45 46 52 58 69 74 78 79 
10800 87 6 46 47 48 49 50 51 52 53 54 55 56 57 59 60 62 63 64 66 67 68 69 70 71 72 73 75 76 78 80 
10800 88 2 6 45 47 48 49 50 51 52 53 54 55 56 57 59 60 61 62 63 64 66 67 68 69 70 71 72 75 76 77 79 81 
10800 89 2 6 46 48 49 51 53 54 55 56 57 58 59 61 62 63 64 65 67 70 72 75 77 78 80 81 82 84 
10800 90 2 6 45 46 47 48 49 50 51 52 53 54 55 56 57 58 59 60 61 62 63 64 65 66 67 68 69 70 71 72 73 75 76 77 78 80 81 82 83 
10800 91 2 6 45 46 47 48 49 50 51 52 53 54 55 56 57 58 59 60 61 62 63 64 65 66 67 68 69 70 72 73 75 76 77 78 80 81 82 83 
10800 92 100 114 115 118 122 
10800 93 120 123 124 126 127 
10800 94 101 116 118 125 128 
10800 95 107 117 124 126 127 
10800 96 122 123 124 126 127 
10800 97 121 123 124 126 127 
10800 98 122 123 124 126 127 
10800 99 120 124 125 126 127 
10800 100 92 120 122 123 124 
10800 101 94 121 123 125 127 
10800 102 116 117 125 126 127 
10800 103 122 123 124 126 127 
10800 104 107 117 124 126 127 
10800 105 122 123 124 126 127 
10800 106 122 123 124 126 127 
10800 107 95 104 124 126 127 
10800 108 110 123 124 126 127 
10800 109 123 124 125 126 127 
10800 110 108 112 117 124 126 
10800 111 112 116 124 125 126 
10800 112 110 111 117 124 126 
10800 113 122 123 124 126 127 
10800 114 92 123 124 126 127 
10800 115 92 119 122 123 124 
10800 116 94 102 111 118 125 
10800 117 95 102 104 110 112 
10800 118 92 94 116 127 128 
10800 119 115 124 126 127 128 
10800 120 93 99 100 
10800 121 97 101 123 126 127 
10800 122 7 92 96 98 100 103 105 106 113 115 
10800 123 3 7 93 96 97 98 100 101 103 105 106 108 109 113 114 115 121 
10800 124 3 7 93 95 96 97 98 99 100 103 104 105 106 107 108 109 110 111 112 113 114 115 119 
10800 125 94 99 101 102 109 111 116 
10800 126 3 7 93 95 96 97 98 99 102 103 104 105 106 107 108 109 110 111 112 113 114 119 121 
10800 127 3 7 93 95 96 97 98 99 101 102 103 104 105 106 107 108 109 113 114 118 119 121 
10800 128 94 118 119 
10800 129 0 1 2 3 
10800 130 0 1 2 3 
10800 131 0 1 2 3 
10800 132 0 2 3 
10800 133 0 1 2 
10800 134 0 3 
10800 135 0 2 3 
10800 136 0 1 2 3 
10800 137 0 1 2 
10800 138 0 1 3 
10800 139 0 1 2 3 
10800 140 0 1 2 3 
10800 141 0 1 2 3 
10800 142 0 1 2 3 
10800 143 0 1 2 
10800 144 0 1 2 3 
10800 145 0 1 2 3 
10800 146 0 1 3 
10800 147 0 2 
10800 148 0 3 
10800 149 0 2 
10800 150 0 1 2 
10800 151 0 3 
10800 152 0 3 
10800 153 0 1 2 
10800 154 0 3 
10800 155 0 1 2 
10800 156 0 1 2 3 
10800 157 0 1 
10800 158 0 2 3 
12600 0 1 2 3 129 130 131 132 133 134 135 136 137 138 139 140 141 142 143 144 145 146 147 148 149 150 151 152 153 154 155 156 157 158 
12600 1 0 40 42 43 44 129 130 131 133 136 137 138 139 140 141 142 143 144 145 146 150 153 155 156 157 
12600 2 0 88 89 90 91 129 130 131 132 133 135 136 137 139 140 141 142 143 144 145 147 149 150 153 155 156 158 
12600 3 0 123 124 126 127 129 130 131 132 134 135 136 138 139 140 141 142 144 145 146 148 151 152 154 156 158 
12600 4 39 40 42 43 44 
12600 5 39 40 42 43 44 
12600 6 87 88 89 90 91 
12600 7 122 123 124 126 127 
12600 8 35 38 39 42 44 
12600 9 39 40 42 43 44 
12600 10 39 40 42 43 44 
12600 11 39 40 42 43 44 
12600 12 39 40 42 43 44 
12600 13 40 41 42 43 44 
12600 14 39 40 42 43 44 
12600 15 38 39 42 43 44 
12600 16 39 40 42 43 44 
12600 17 39 40 42 43 44 
12600 18 39 40 42 43 44 
12600 19 40 41 42 43 44 
12600 20 39 40 42 43 44 
12600 21 39 40 42 43 44 
12600 22 40 41 42 43 44 
12600 23 39 40 42 43 44 
12600 24 40 41 42 43 44 
12600 25 40 41 42 43 44 
12600 26 36 41 42 43 44 
12600 27 39 40 42 43 44 
12600 28 39 40 41 43 44 
12600 29 40 41 42 43 44 
12600 30 36 40 42 43 44 
12600 31 39 40 42 43 44 
12600 32 36 40 42 43 44 
12600 33 34 37 40 41 43 
12600 34 33 41 42 43 44 
12600 35 8 40 42 43 44 
12600 36 26 30 32 42 44 
12600 37 33 41 42 43 44 
12600 38 8 15 42 43 44 
12600 39 4 5 8 9 10 11 12 14 15 16 17 18 20 21 23 27 28 31 
12600 40 1 4 5 9 10 11 12 13 14 16 17 18 19 20 21 22 23 24 25 27 28 29 30 31 32 33 35 
12600 41 13 19 22 24 25 26 28 29 33 34 37 
12600 42 1 4 5 8 9 10 11 12 13 14 15 16 17 18 19 20 21 22 23 24 25 26 27 29 30 31 32 34 35 36 37 38 
12600 43 1 4 5 9 10 11 12 13 14 15 16 17 18 19 20 21 22 23 24 25 26 27 28 29 30 31 32 33 34 35 37 38 
12600 44 1 4 5 8 9 10 11 12 13 14 15 16 17 18 19 20 21 22 23 24 25 26 27 28 29 30 31 32 34 35 36 37 38 
12600 45 83 86 88 90 91 
12600 46 87 88 89 90 91 
12600 47 86 87 88 90 91 
12600 48 86 87 89 90 91 
12600 49 87 88 89 90 91 
12600 50 85 87 88 90 91 
12600 51 87 88 89 90 91 
12600 52 86 87 88 90 91 
12600 53 87 88 89 90 91 
12600 54 87 88 89 90 91 
12600 55 87 88 89 90 91 
12600 56 87 88 89 90 91 
12600 57 87 88 89 90 91 
12600 58 86 87 89 90 91 
12600 59 87 88 89 90 91 
12600 60 85 87 88 90 91 
12600 61 87 88 89 90 91 
12600 62 87 88 89 90 91 
12600 63 87 88 89 90 91 
12600 64 87 88 89 90 91 
12600 65 74 88 89 90 91 
12600 66 79 87 88 90 91 
12600 67 74 88 89 90 91 
12600 68 85 87 88 90 91 
12600 69 86 87 88 90 91 
12600 70 87 88 89 90 91 
12600 71 86 87 88 90 91 
12600 72 86 87 89 90 91 
12600 73 83 84 87 90 91 
12600 74 65 67 79 86 87 
12600 75 87 88 89 90 91 
12600 76 85 87 88 90 91 
12600 77 87 88 89 90 91 
12600 78 84 88 89 90 91 
12600 79 66 74 86 87 88 
12600 80 84 87 89 90 91 
12600 81 87 88 89 90 91 
12600 82 84 88 89 90 91 
12600 83 45 73 89 90 91 
12600 84 73 78 80 82 89 
12600 85 50 60 68 76 88 
12600 86 45 47 48 52 58 69 71 72 74 79 
12600 87 6 46 47 48 49 50 51 52 53 54 55 56 57 58 59 60 61 62 63 64 66 68 69 70 71 72 73 74 75 76 77 79 80 81 
12600 88 2 6 45 46 47 49 50 51 52 53 54 55 56 57 59 60 61 62 63 64 65 66 67 68 69 70 71 75 76 77 78 79 81 82 85 
12600 89 2 6 46 48 49 51 53 54 55 56 57 58 59 61 62 63 64 65 67 70 72 75 77 78 80 81 82 83 84 
12600 90 2 6 45 46 47 48 49 50 51 52 53 54 55 56 57 58 59 60 61 62 63 64 65 66 67 68 69 70 71 72 73 75 76 77 78 80 81 82 83 
12600 91 2 6 45 46 47 48 49 50 51 52 53 54 55 56 57 58 59 60 61 62 63 64 65 66 67 68 69 70 71 72 73 75 76 77 78 80 81 82 83 
12600 92 113 115 118 122 127 
12600 93 122 123 124 126 127 
12600 94 98 101 116 125 128 
12600 95 107 117 124 126 127 
12600 96 122 123 124 126 127 
12600 97 121 123 124 126 127 
12600 98 94 124 125 126 127 
12600 99 123 124 125 126 127 
12600 100 120 122 123 124 127 
12600 101 94 116 123 125 127 
12600 102 103 116 125 126 127 
12600 103 102 123 124 126 127 
12600 104 110 117 124 126 127 
12600 105 122 123 124 126 127 
12600 106 122 123 124 126 127 
12600 107 95 123 124 126 127 
12600 108 110 112 124 126 127 
12600 109 116 124 125 126 127 
12600 110 104 108 112 117 126 
12600 111 112 117 125 126 127 
12600 112 108 110 111 117 126 
12600 113 92 123 124 126 127 
12600 114 122 123 124 126 127 
12600 115 92 121 122 123 127 
12600 116 94 101 102 109 125 
12600 117 95 104 110 111 112 
12600 118 92 123 124 126 127 
12600 119 122 123 124 126 127 
12600 120 100 
12600 121 97 115 124 126 127 
12600 122 7 92 93 96 100 105 106 114 115 119 
12600 123 3 7 93 96 97 99 100 101 103 105 106 107 113 114 115 118 119 
12600 124 3 7 93 95 96 97 98 99 100 103 104 105 106 107 108 109 113 114 118 119 121 
12600 125 94 98 99 101 102 109 111 116 
12600 126 3 7 93 95 96 97 98 99 102 103 104 105 106 107 108 109 110 111 112 113 114 118 119 121 
12600 127 3 7 92 93 95 96 97 98 99 100 101 102 103 104 105 106 107 108 109 111 113 114 115 118 119 121 
12600 128 94 
12600 129 0 1 2 3 
12600 130 0 1 2 3 
12600 131 0 1 2 3 
12600 132 0 2 3 
12600 133 0 1 2 
12600 134 0 3 
12600 135 0 2 3 
12600 136 0 1 2 3 
12600 137 0 1 2 
12600 138 0 1 3 
12600 139 0 1 2 3 
12600 140 0 1 2 3 
12600 141 0 1 2 3 
12600 142 0 1 2 3 
12600 143 0 1 2 
12600 144 0 1 2 3 
12600 145 0 1 2 3 
12600 146 0 1 3 
12600 147 0 2 
12600 148 0 3 
12600 149 0 2 
12600 150 0 1 2 
12600 151 0 3 
12600 152 0 3 
12600 153 0 1 2 
12600 154 0 3 
12600 155 0 1 2 
12600 156 0 1 2 3 
12600 157 0 1 
12600 158 0 2 3 
14400 0 1 2 3 129 130 131 132 133 134 135 136 137 138 139 140 141 142 143 144 145 146 147 148 149 150 151 152 153 154 155 156 157 158 
14400 1 0 40 42 43 44 129 130 131 133 136 137 138 139 140 141 142 143 144 145 146 150 153 155 156 157 
14400 2 0 88 89 90 91 129 130 131 132 133 135 136 137 139 140 141 142 143 144 145 147 149 150 153 155 156 158 
14400 3 0 123 124 126 127 129 130 131 132 134 135 136 138 139 140 141 142 144 145 146 148 151 152 154 156 158 
14400 4 39 40 42 43 44 
14400 5 39 40 42 43 44 
14400 6 87 88 89 90 91 
14400 7 122 123 124 126 127 
14400 8 34 35 38 39 42 
14400 9 39 40 42 43 44 
14400 10 39 40 42 43 44 
14400 11 39 40 42 43 44 
14400 12 39 40 42 43 44 
14400 13 40 41 42 43 44 
14400 14 39 40 42 43 44 
14400 15 38 39 42 43 44 
14400 16 39 40 42 43 44 
14400 17 40 41 42 43 44 
14400 18 36 40 42 43 44 
14400 19 40 41 42 43 44 
14400 20 39 40 42 43 44 
14400 21 39 40 41 43 44 
14400 22 39 40 41 43 44 
14400 23 39 40 42 43 44 
14400 24 33 39 40 43 44 
14400 25 40 41 42 43 44 
14400 26 40 41 42 43 44 
14400 27 40 41 42 43 44 
14400 28 39 40 41 43 44 
14400 29 40 41 42 43 44 
14400 30 36 40 42 43 44 
14400 31 39 40 42 43 44 
14400 32 36 40 42 43 44 
14400 33 24 40 41 43 44 
14400 34 8 36 42 43 44 
14400 35 8 40 42 43 44 
14400 36 18 30 32 34 42 
14400 37 40 41 42 43 44 
14400 38 8 15 42 43 44 
14400 39 4 5 8 9 10 11 12 14 15 16 20 21 22 23 24 28 31 
14400 40 1 4 5 9 10 11 12 13 14 16 17 18 19 20 21 22 23 24 25 26 27 28 29 30 31 32 33 35 37 
14400 41 13 17 19 21 22 25 26 27 28 29 33 37 
14400 42 1 4 5 8 9 10 11 12 13 14 15 16 17 18 19 20 23 25 26 27 29 30 31 32 34 35 36 37 38 
14400 43 1 4 5 9 10 11 12 13 14 15 16 17 18 19 20 21 22 23 24 25 26 27 28 29 30 31 32 33 34 35 37 38 
14400 44 1 4 5 9 10 11 12 13 14 15 16 17 18 19 20 21 22 23 24 25 26 27 28 29 30 31 32 33 34 35 37 38 
14400 45 83 86 88 90 91 
14400 46 87 88 89 90 91 
14400 47 86 87 88 90 91 
14400 48 87 88 89 90 91 
14400 49 86 87 88 90 91 
14400 50 86 87 88 90 91 
14400 51 87 88 89 90 91 
14400 52 87 88 89 90 91 
14400 53 87 88 89 90 91 
14400 54 87 88 89 90 91 
14400 55 87 88 89 90 91 
14400 56 87 88 89 90 91 
14400 57 87 88 89 90 91 
14400 58 86 88 89 90 91 
14400 59 87 88 89 90 91 
14400 60 86 87 88 90 91 
14400 61 87 88 89 90 91 
14400 62 87 88 89 90 91 
14400 63 87 88 89 90 91 
14400 64 87 88 89 90 91 
14400 65 79 88 89 90 91 
14400 66 79 87 88 90 91 
14400 67 87 88 89 90 91 
14400 68 86 87 88 90 91 
14400 69 86 87 88 90 91 
14400 70 87 88 89 90 91 
14400 71 76 83 85 87 88 
14400 72 87 88 89 90 91 
14400 73 84 86 87 90 91 
14400 74 79 88 89 90 91 
14400 75 87 88 89 90 91 
14400 76 71 85 88 90 91 
14400 77 87 88 89 90 91 
14400 78 84 88 89 90 91 
14400 79 65 66 74 86 88 
14400 80 84 88 89 90 91 
14400 81 87 88 89 90 91 
14400 82 84 88 89 90 91 
14400 83 45 71 85 90 91 
14400 84 73 78 80 82 89 
14400 85 71 76 83 87 88 
14400 86 45 47 49 50 58 60 68 69 73 79 
14400 87 6 46 47 48 49 50 51 52 53 54 55 56 57 59 60 61 62 63 64 66 67 68 69 70 71 72 73 75 77 81 85 
14400 88 2 6 45 46 47 48 49 50 51 52 53 54 55 56 57 58 59 60 61 62 63 64 65 66 67 68 69 70 71 72 74 75 76 77 78 79 80 81 82 85 
14400 89 2 6 46 48 51 52 53 54 55 56 57 58 59 61 62 63 64 65 67 70 72 74 75 77 78 80 81 82 84 
14400 90 2 6 45 46 47 48 49 50 51 52 53 54 55 56 57 58 59 60 61 62 63 64 65 66 67 68 69 70 72 73 74 75 76 77 78 80 81 82 83 
14400 91 2 6 45 46 47 48 49 50 51 52 53 54 55 56 57 58 59 60 61 62 63 64 65 66 67 68 69 70 72 73 74 75 76 77 78 80 81 82 83 
14400 92 120 122 124 126 127 
14400 93 122 123 124 126 127 
14400 94 101 116 125 128 
14400 95 121 123 124 126 127 
14400 96 122 123 124 126 127 
14400 97 121 123 124 126 127 
14400 98 122 123 124 126 127 
14400 99 116 123 125 126 127 
14400 100 123 124 126 127 128 
14400 101 94 116 123 125 127 
14400 102 116 123 125 126 127 
14400 103 122 123 124 126 127 
14400 104 120 121 124 126 127 
14400 105 122 123 124 126 127 
14400 106 122 123 124 126 127 
14400 107 122 123 124 126 127 
14400 108 110 123 124 126 127 
14400 109 123 124 125 126 127 
14400 110 108 112 117 120 126 
14400 111 112 121 123 126 127 
14400 112 110 111 117 123 126 
14400 113 122 123 124 126 127 
14400 114 122 123 124 126 127 
14400 115 119 121 122 123 126 
14400 116 94 99 101 102 125 
14400 117 110 112 124 126 127 
14400 118 121 122 123 126 127 
14400 119 115 123 124 126 127 
14400 120 92 104 110 122 
14400 121 95 97 104 111 115 118 
14400 122 7 92 93 96 98 103 105 106 107 113 114 115 118 120 
14400 123 3 7 93 95 96 97 98 99 100 101 102 103 105 106 107 108 109 111 112 113 114 115 118 119 
14400 124 3 7 92 93 95 96 97 98 100 103 104 105 106 107 108 109 113 114 117 119 
14400 125 94 99 101 102 109 116 
14400 126 3 7 92 93 95 96 97 98 99 100 102 103 104 105 106 107 108 109 110 111 112 113 114 115 117 118 119 
14400 127 3 7 92 93 95 96 97 98 99 100 101 102 103 104 105 106 107 108 109 111 113 114 117 118 119 
14400 128 94 100 
14400 129 0 1 2 3 
14400 130 0 1 2 3 
14400 131 0 1 2 3 
14400 132 0 2 3 
14400 133 0 1 2 
14400 134 0 3 
14400 135 0 2 3 
14400 136 0 1 2 3 
14400 137 0 1 2 
14400 138 0 1 3 
14400 139 0 1 2 3 
14400 140 0 1 2 3 
14400 141 0 1 2 3 
14400 142 0 1 2 3 
14400 143 0 1 2 
14400 144 0 1 2 3 
14400 145 0 1 2 3 
14400 146 0 1 3 
14400 147 0 2 
14400 148 0 3 
14400 149 0 2 
14400 150 0 1 2 
14400 151 0 3 
14400 152 0 3 
14400 153 0 1 2 
14400 154 0 3 
14400 155 0 1 2 
14400 156 0 1 2 3 
14400 157 0 1 
14400 158 0 2 3 
16200 0 1 2 3 129 130 131 132 133 134 135 136 137 138 139 140 141 142 143 144 145 146 147 148 149 150 151 152 153 154 155 156 157 158 
16200 1 0 40 42 43 44 129 130 131 133 136 137 138 139 140 141 142 143 144 145 146 150 153 155 156 157 
16200 2 0 88 89 90 91 129 130 131 132 133 135 136 137 139 140 141 142 143 144 145 147 149 150 153 155 156 158 
16200 3 0 124 125 126 127 129 130 131 132 134 135 136 138 139 140 141 142 144 145 146 148 151 152 154 156 158 
16200 4 39 40 42 43 44 
16200 5 39 40 42 43 44 
16200 6 87 88 89 90 91 
16200 7 123 124 125 126 127 
16200 8 34 35 38 39 42 
16200 9 39 40 42 43 44 
16200 10 39 40 42 43 44 
16200 11 40 41 42 43 44 
16200 12 39 40 42 43 44 
16200 13 40 41 42 43 44 
16200 14 39 40 42 43 44 
16200 15 39 41 42 43 44 
16200 16 36 40 42 43 44 
16200 17 39 40 42 43 44 
16200 18 36 40 42 43 44 
16200 19 40 41 42 43 44 
16200 20 39 40 42 43 44 
16200 21 39 40 42 43 44 
16200 22 24 33 37 40 41 
16200 23 39 40 42 43 44 
16200 24 22 33 40 43 44 
16200 25 40 41 42 43 44 
16200 26 40 41 42 43 44 
16200 27 39 40 42 43 44 
16200 28 39 40 41 43 44 
16200 29 40 41 42 43 44 
16200 30 36 40 42 43 44 
16200 31 39 40 42 43 44 
16200 32 36 40 42 43 44 
16200 33 22 24 40 41 43 
16200 34 8 41 42 43 44 
16200 35 8 40 42 43 44 
16200 36 16 18 30 32 42 
16200 37 22 41 42 43 44 
16200 38 8 41 42 43 44 
16200 39 4 5 8 9 10 12 14 15 17 20 21 23 27 28 31 
16200 40 1 4 5 9 10 11 12 13 14 16 17 18 19 20 21 22 23 24 25 26 27 28 29 30 31 32 33 35 
16200 41 11 13 15 19 22 25 26 28 29 33 34 37 38 
16200 42 1 4 5 8 9 10 11 12 13 14 15 16 17 18 19 20 21 23 25 26 27 29 30 31 32 34 35 36 37 38 
16200 43 1 4 5 9 10 11 12 13 14 15 16 17 18 19 20 21 23 24 25 26 27 28 29 30 31 32 33 34 35 37 38 
16200 44 1 4 5 9 10 11 12 13 14 15 16 17 18 19 20 21 23 24 25 26 27 28 29 30 31 32 34 35 37 38 
16200 45 83 86 88 90 91 
16200 46 87 88 89 90 91 
16200 47 85 87 88 90 91 
16200 48 86 87 89 90 91 
16200 49 87 88 89 90 91 
16200 50 85 87 88 90 91 
16200 51 87 88 89 90 91 
16200 52 86 87 88 90 91 
16200 53 84 87 89 90 91 
16200 54 87 88 89 90 91 
16200 55 87 88 89 90 91 
16200 56 87 88 89 90 91 
16200 57 87 88 89 90 91 
16200 58 82 86 89 90 91 
16200 59 87 88 89 90 91 
16200 60 85 87 88 90 91 
16200 61 87 88 89 90 91 
16200 62 87 88 89 90 91 
16200 63 87 88 89 90 91 
16200 64 87 88 89 90 91 
16200 65 74 88 89 90 91 
16200 66 86 87 88 90 91 
16200 67 87 88 89 90 91 
16200 68 79 87 88 90 91 
16200 69 86 87 88 90 91 
16200 70 87 88 89 90 91 
16200 71 76 83 85 87 88 
16200 72 86 87 89 90 91 
16200 73 83 84 87 90 91 
16200 74 65 78 79 86 88 
16200 75 87 88 89 90 91 
16200 76 71 79 85 86 88 
16200 77 87 88 89 90 91 
16200 78 74 87 89 90 91 
16200 79 68 74 76 86 88 
16200 80 84 87 89 90 91 
16200 81 87 88 89 90 91 
16200 82 58 84 89 90 91 
16200 83 45 71 73 90 91 
16200 84 53 73 80 82 89 
16200 85 47 50 60 71 76 
16200 86 45 48 52 58 66 69 72 74 76 79 
16200 87 6 46 47 48 49 50 51 52 53 54 55 56 57 59 60 61 62 63 64 66 67 68 69 70 71 72 73 75 77 78 80 81 
16200 88 2 6 45 46 47 49 50 51 52 54 55 56 57 59 60 61 62 63 64 65 66 67 68 69 70 71 74 75 76 77 79 81 
16200 89 2 6 46 48 49 51 53 54 55 56 57 58 59 61 62 63 64 65 67 70 72 75 77 78 80 81 82 84 
16200 90 2 6 45 46 47 48 49 50 51 52 53 54 55 56 57 58 59 60 61 62 63 64 65 66 67 68 69 70 72 73 75 77 78 80 81 82 83 
16200 91 2 6 45 46 47 48 49 50 51 52 53 54 55 56 57 58 59 60 61 62 63 64 65 66 67 68 69 70 72 73 75 77 78 80 81 82 83 
16200 92 113 115 117 118 122 
16200 93 122 123 124 126 127 
16200 94 99 101 116 125 128 
16200 95 120 122 124 126 127 
16200 96 122 123 124 126 127 
16200 97 123 124 125 126 127 
16200 98 123 124 125 126 127 
16200 99 94 116 125 127 128 
16200 100 122 123 124 126 127 
16200 101 94 116 123 125 127 
16200 102 116 121 125 126 127 
16200 103 123 124 125 126 127 
16200 104 121 122 124 126 127 
16200 105 123 124 125 126 127 
16200 106 122 123 124 126 127 
16200 107 123 124 125 126 127 
16200 108 123 124 125 126 127 
16200 109 124 125 126 127 128 
16200 110 112 117 121 122 126 
16200 111 117 121 125 126 127 
16200 112 110 124 125 126 127 
16200 113 92 123 124 126 127 
16200 114 122 123 124 126 127 
16200 115 92 119 121 122 123 
16200 116 94 99 101 102 125 
16200 117 92 110 111 126 127 
16200 118 92 123 124 126 127 
16200 119 115 123 124 126 127 
16200 120 95 122 
16200 121 102 104 110 111 115 
16200 122 92 93 95 96 100 104 106 110 114 115 120 
16200 123 7 93 96 97 98 100 101 103 105 106 107 108 113 114 115 118 119 
16200 124 3 7 93 95 96 97 98 100 103 104 105 106 107 108 109 112 113 114 118 119 
16200 125 3 7 94 97 98 99 101 102 103 105 107 108 109 111 112 116 
16200 126 3 7 93 95 96 97 98 100 102 103 104 105 106 107 108 109 110 111 112 113 114 117 118 119 
16200 127 3 7 93 95 96 97 98 99 100 101 102 103 104 105 106 107 108 109 111 112 113 114 117 118 119 
16200 128 94 99 109 
16200 129 0 1 2 3 
16200 130 0 1 2 3 
16200 131 0 1 2 3 
16200 132 0 2 3 
16200 133 0 1 2 
16200 134 0 3 
16200 135 0 2 3 
16200 136 0 1 2 3 
16200 137 0 1 2 
16200 138 0 1 3 
16200 139 0 1 2 3 
16200 140 0 1 2 3 
16200 141 0 1 2 3 
16200 142 0 1 2 3 
16200 143 0 1 2 
16200 144 0 1 2 3 
16200 145 0 1 2 3 
16200 146 0 1 3 
16200 147 0 2 
16200 148 0 3 
16200 149 0 2 
16200 150 0 1 2 
16200 151 0 3 
16200 152 0 3 
16200 153 0 1 2 
16200 154 0 3 
16200 155 0 1 2 
16200 156 0 1 2 3 
16200 157 0 1 
16200 158 0 2 3 
18000 0 1 2 3 129 130 131 132 133 134 135 136 137 138 139 140 141 142 143 144 145 146 147 148 149 150 151 152 153 154 155 156 157 158 
18000 1 0 40 42 43 44 129 130 131 133 136 137 138 139 140 141 142 143 144 145 146 150 153 155 156 157 
18000 2 0 88 89 90 91 129 130 131 132 133 135 136 137 139 140 141 142 143 144 145 147 149 150 153 155 156 158 
18000 3 0 123 124 126 127 129 130 131 132 134 135 136 138 139 140 141 142 144 145 146 148 151 152 154 156 158 
18000 4 39 40 42 43 44 
18000 5 39 40 42 43 44 
18000 6 87 88 89 90 91 
18000 7 122 123 124 126 127 
18000 8 34 35 38 39 42 
18000 9 39 40 42 43 44 
18000 10 40 41 42 43 44 
18000 11 39 40 42 43 44 
18000 12 39 40 42 43 44 
18000 13 40 41 42 43 44 
18000 14 39 40 42 43 44 
18000 15 39 40 42 43 44 
18000 16 38 39 42 43 44 
18000 17 39 40 42 43 44 
18000 18 40 41 42 43 44 
18000 19 40 41 42 43 44 
18000 20 39 40 42 43 44 
18000 21 39 40 42 43 44 
18000 22 24 36 37 40 41 
18000 23 39 40 42 43 44 
18000 24 22 39 40 43 44 
18000 25 40 41 42 43 44 
18000 26 40 41 42 43 44 
18000 27 39 40 42 43 44 
18000 28 39 40 41 43 44 
18000 29 40 41 42 43 44 
18000 30 39 40 42 43 44 
18000 31 39 40 42 43 44 
18000 32 39 40 42 43 44 
18000 33 40 41 42 43 44 
18000 34 8 41 42 43 44 
18000 35 8 40 42 43 44 
18000 36 22 41 42 43 44 
18000 37 22 41 42 43 44 
18000 38 8 16 42 43 44 
18000 39 4 5 8 9 11 12 14 15 16 17 20 21 23 24 27 28 30 31 32 
18000 40 1 4 5 9 10 11 12 13 14 15 17 18 19 20 21 22 23 24 25 26 27 28 29 30 31 32 33 35 
18000 41 10 13 18 19 22 25 26 28 29 33 34 36 37 
18000 42 1 4 5 8 9 10 11 12 13 14 15 16 17 18 19 20 21 23 25 26 27 29 30 31 32 33 34 35 36 37 38 
18000 43 1 4 5 9 10 11 12 13 14 15 16 17 18 19 20 21 23 24 25 26 27 28 29 30 31 32 33 34 35 36 37 38 
18000 44 1 4 5 9 10 11 12 13 14 15 16 17 18 19 20 21 23 24 25 26 27 28 29 30 31 32 33 34 35 36 37 38 
18000 45 83 86 88 90 91 
18000 46 87 88 89 90 91 
18000 47 85 87 88 90 91 
18000 48 86 87 89 90 91 
18000 49 87 88 89 90 91 
18000 50 85 87 88 90 91 
18000 51 87 88 89 90 91 
18000 52 86 87 88 90 91 
18000 53 87 88 89 90 91 
18000 54 87 88 89 90 91 
18000 55 87 88 89 90 91 
18000 56 74 88 89 90 91 
18000 57 87 88 89 90 91 
18000 58 74 86 89 90 91 
18000 59 87 88 89 90 91 
18000 60 85 87 88 90 91 
18000 61 87 88 89 90 91 
18000 62 87 88 89 90 91 
18000 63 87 88 89 90 91 
18000 64 87 88 89 90 91 
18000 65 74 88 89 90 91 
18000 66 86 87 88 90 91 
18000 67 87 88 89 90 91 
18000 68 85 87 88 90 91 
18000 69 86 87 88 90 91 
18000 70 87 88 89 90 91 
18000 71 76 83 85 87 88 
18000 72 86 87 89 90 91 
18000 73 83 84 87 90 91 
18000 74 56 58 65 79 86 
18000 75 87 88 89 90 91 
18000 76 71 79 88 90 91 
18000 77 87 88 89 90 91 
18000 78 84 87 89 90 91 
18000 79 74 76 86 88 91 
18000 80 84 87 89 90 91 
18000 81 87 88 89 90 91 
18000 82 84 87 89 90 91 
18000 83 45 71 73 90 91 
18000 84 73 78 80 82 89 
18000 85 47 50 60 68 71 
18000 86 45 48 52 58 66 69 72 74 79 
18000 87 6 46 47 48 49 50 51 52 53 54 55 57 59 60 61 62 63 64 66 67 68 69 70 71 72 73 75 77 78 80 81 82 
18000 88 2 6 45 46 47 49 50 51 52 53 54 55 56 57 59 60 61 62 63 64 65 66 67 68 69 70 71 75 76 77 79 81 
18000 89 2 6 46 48 49 51 53 54 55 56 57 58 59 61 62 63 64 65 67 70 72 75 77 78 80 81 82 84 
18000 90 2 6 45 46 47 48 49 50 51 52 53 54 55 56 57 58 59 60 61 62 63 64 65 66 67 68 69 70 72 73 75 76 77 78 80 81 82 83 
18000 91 2 6 45 46 47 48 49 50 51 52 53 54 55 56 57 58 59 60 61 62 63 64 65 66 67 68 69 70 72 73 75 76 77 78 79 80 81 82 83 
18000 92 115 118 122 124 127 
18000 93 122 123 124 126 127 
18000 94 101 116 125 128 
18000 95 121 123 124 126 127 
18000 96 123 124 125 126 127 
18000 97 121 123 124 126 127 
18000 98 122 123 124 126 127 
18000 99 119 123 125 126 127 
18000 100 122 123 124 126 127 
18000 101 94 121 123 125 127 
18000 102 116 117 125 126 127 
18000 103 122 123 124 126 127 
18000 104 116 124 125 126 127 
18000 105 122 123 124 126 127 
18000 106 116 124 125 126 127 
18000 107 122 123 124 126 127 
18000 108 110 112 124 126 127 
18000 109 110 111 125 126 127 
18000 110 108 109 112 117 126 
18000 111 109 112 117 126 127 
18000 112 108 110 111 117 126 
18000 113 122 123 124 126 127 
18000 114 122 123 124 126 127 
18000 115 92 121 122 123 127 
18000 116 94 102 104 106 125 
18000 117 102 110 111 112 127 
18000 118 92 123 124 126 127 
18000 119 99 123 124 126 127 
18000 120 127 
18000 121 95 97 101 115 127 
18000 122 7 92 93 98 100 103 105 107 113 114 115 
18000 123 3 7 93 95 96 97 98 99 100 101 103 105 107 113 114 115 118 119 
18000 124 3 7 92 93 95 96 97 98 100 103 104 105 106 107 108 113 114 118 119 
18000 125 94 96 99 101 102 104 106 109 116 
18000 126 3 7 93 95 96 97 98 99 100 102 103 104 105 106 107 108 109 110 111 112 113 114 118 119 
18000 127 3 7 92 93 95 96 97 98 99 100 101 102 103 104 105 106 107 108 109 111 113 114 115 117 118 119 120 121 
18000 128 94 
18000 129 0 1 2 3 
18000 130 0 1 2 3 
18000 131 0 1 2 3 
18000 132 0 2 3 
18000 133 0 1 2 
18000 134 0 3 
18000 135 0 2 3 
18000 136 0 1 2 3 
18000 137 0 1 2 
18000 138 0 1 3 
18000 139 0 1 2 3 
18000 140 0 1 2 3 
18000 141 0 1 2 3 
18000 142 0 1 2 3 
18000 143 0 1 2 
18000 144 0 1 2 3 
18000 145 0 1 2 3 
18000 146 0 1 3 
18000 147 0 2 
18000 148 0 3 
18000 149 0 2 
18000 150 0 1 2 
18000 151 0 3 
18000 152 0 3 
18000 153 0 1 2 
18000 154 0 3 
18000 155 0 1 2 
18000 156 0 1 2 3 
18000 157 0 1 
18000 158 0 2 3 
