0 21600
1800 0 3 93 94 95 96 97 98 99 100 101 102 103 104 105 106 107 108 109 110 111 112 
1800 1 5 16 21 23 24 31 35 36 41 
1800 2 3 9 46 47 52 64 67 70 93 95 96 97 98 99 101 102 103 104 106 107 109 110 112 
1800 3 0 2 11 75 77 92 94 95 96 98 99 100 101 102 103 105 106 107 109 110 111 112 
1800 4 13 15 28 37 40 
1800 5 1 21 
1800 6 9 43 48 51 54 55 56 60 
1800 7 43 48 56 57 61 65 67 70 
1800 8 9 43 55 57 
1800 9 2 6 8 62 67 
1800 10 43 50 54 59 61 64 65 70 
1800 11 3 12 74 75 76 83 85 87 89 91 
1800 12 11 73 79 87 89 
1800 13 4 26 27 31 36 39 40 
1800 14 25 27 28 31 
1800 15 4 22 25 26 34 
1800 16 1 21 33 34 39 
1800 17 18 20 27 29 33 36 38 42 
1800 18 17 22 30 33 35 39 40 42 
1800 19 
1800 20 17 22 23 24 26 29 39 41 
1800 21 1 5 16 22 
1800 22 15 18 20 21 25 39 42 
1800 23 1 20 29 34 37 38 40 41 
1800 24 1 20 26 27 33 36 37 39 
1800 25 14 15 22 26 31 36 42 
1800 26 13 15 20 24 25 27 34 35 38 41 42 
1800 27 13 14 17 24 26 30 33 40 
1800 28 4 14 34 35 38 
1800 29 17 20 23 30 31 39 
1800 30 18 27 29 39 40 
1800 31 1 13 14 25 29 36 38 41 
1800 32 33 
1800 33 16 17 18 24 27 32 38 40 
1800 34 15 16 23 26 28 36 42 
1800 35 1 18 26 28 
1800 36 1 13 17 24 25 31 34 
1800 37 4 23 24 39 40 
1800 38 17 23 26 28 31 33 
1800 39 13 16 18 20 22 24 29 30 37 42 
1800 40 4 13 18 23 27 30 33 37 42 
1800 41 1 20 23 26 31 
1800 42 17 18 22 25 26 34 39 40 
1800 43 6 7 8 10 55 63 65 66 
1800 44 50 55 58 66 67 68 
1800 45 52 57 59 60 61 64 65 
1800 46 2 52 56 59 61 63 67 
1800 47 2 48 49 62 63 65 68 
1800 48 6 7 47 50 
1800 49 47 62 66 67 68 70 
1800 50 10 44 48 51 63 
1800 51 6 50 54 64 67 
1800 52 2 45 46 55 58 62 66 
1800 53 56 59 70 
1800 54 6 10 51 57 58 65 66 68 
1800 55 6 8 43 44 52 
1800 56 6 7 46 53 57 59 62 63 
1800 57 7 8 45 54 56 61 65 68 
1800 58 44 52 54 62 63 65 70 
1800 59 10 45 46 53 56 61 64 67 
1800 60 6 45 63 66 68 
1800 61 7 10 45 46 57 59 62 63 
1800 62 9 47 49 52 56 58 61 68 
1800 63 43 46 47 50 56 58 60 61 
1800 64 2 10 45 51 59 68 
1800 65 7 10 43 45 47 54 57 58 
1800 66 43 44 49 52 54 60 67 70 
1800 67 2 7 9 44 46 49 51 59 66 
1800 68 44 47 49 54 57 60 62 64 70 
1800 69 
1800 70 2 7 10 49 53 58 66 68 
1800 71 90 91 
1800 72 
1800 73 12 76 83 84 85 87 89 
1800 74 11 76 79 82 84 91 
1800 75 3 11 80 87 
1800 76 11 73 74 85 
1800 77 3 80 
1800 78 
1800 79 12 74 82 84 85 86 
1800 80 75 77 
1800 81 
1800 82 74 79 85 87 91 
1800 83 11 73 89 90 
1800 84 73 74 79 87 
1800 85 11 73 76 79 82 86 88 
1800 86 79 85 87 
1800 87 11 12 73 75 82 84 86 
1800 88 85 
1800 89 11 12 73 83 
1800 90 71 83 
1800 91 11 71 74 82 
1800 92 3 
1800 93 0 2 
1800 94 0 3 
1800 95 0 2 3 
1800 96 0 2 3 
1800 97 0 2 
1800 98 0 2 3 
1800 99 0 2 3 
1800 100 0 3 
1800 101 0 2 3 
1800 102 0 2 3 
1800 103 0 2 3 
1800 104 0 2 
1800 105 0 3 
1800 106 0 2 3 
1800 107 0 2 3 
1800 108 0 
1800 109 0 2 3 
1800 110 0 2 3 
1800 111 0 3 
1800 112 0 2 3 
