0 21600
1800 0 3 93 94 95 96 97 98 99 100 101 102 103 104 105 106 107 108 109 110 111 112 
1800 1 5 16 20 21 23 24 26 31 35 36 40 41 
1800 2 3 9 46 47 52 64 65 67 70 93 95 96 97 98 99 101 102 103 104 106 107 109 110 112 
1800 3 0 2 11 75 77 92 94 95 96 98 99 100 101 102 103 105 106 107 109 110 111 112 
1800 4 13 15 28 37 40 
1800 5 1 
1800 6 9 43 48 51 54 55 56 57 59 60 62 68 
1800 7 43 61 
1800 8 9 
1800 9 2 6 8 
1800 10 50 54 
1800 11 3 74 
1800 12 73 
1800 13 4 27 39 
1800 14 25 27 
1800 15 4 22 34 
1800 16 1 33 
1800 17 18 20 29 38 42 
1800 18 17 30 
1800 19 
1800 20 1 17 
1800 21 1 
1800 22 15 
1800 23 1 
1800 24 1 
1800 25 14 
1800 26 1 
1800 27 13 14 
1800 28 4 
1800 29 17 
1800 30 18 
1800 31 1 
1800 32 33 
1800 33 16 32 
1800 34 15 
1800 35 1 
1800 36 1 
1800 37 4 
1800 38 17 
1800 39 13 
1800 40 1 4 
1800 41 1 
1800 42 17 
1800 43 6 7 63 66 
1800 44 55 58 
1800 45 59 
1800 46 2 
1800 47 2 49 
1800 48 6 
1800 49 47 
1800 50 10 
1800 51 6 
1800 52 2 
1800 53 56 
1800 54 6 10 
1800 55 6 44 
1800 56 6 53 
1800 57 6 
1800 58 44 
1800 59 6 45 
1800 60 6 
1800 61 7 
1800 62 6 
1800 63 43 
1800 64 2 
1800 65 2 
1800 66 43 
1800 67 2 
1800 68 6 
1800 69 
1800 70 2 
1800 71 91 
1800 72 
1800 73 12 76 83 84 85 87 89 
1800 74 11 79 82 91 
1800 75 3 80 87 
1800 76 73 
1800 77 3 
1800 78 
1800 79 74 86 
1800 80 75 
1800 81 
1800 82 74 
1800 83 73 90 
1800 84 73 
1800 85 73 88 
1800 86 79 
1800 87 73 75 
1800 88 85 
1800 89 73 
1800 90 83 
1800 91 71 74 
1800 92 3 
1800 93 0 2 
1800 94 0 3 
1800 95 0 2 3 
1800 96 0 2 3 
1800 97 0 2 
1800 98 0 2 3 
1800 99 0 2 3 
1800 100 0 3 
1800 101 0 2 3 
1800 102 0 2 3 
1800 103 0 2 3 
1800 104 0 2 
1800 105 0 3 
1800 106 0 2 3 
1800 107 0 2 3 
1800 108 0 
1800 109 0 2 3 
1800 110 0 2 3 
1800 111 0 3 
1800 112 0 2 3 
