0 10800
0 0 1 139 140 141 142 143 144 145 146 147 148 149 150 151 152 153 154 155 156 157 158 
0 1 0 4 24 26 35 36 37 40 41 50 139 140 141 142 143 144 145 147 148 149 150 151 152 153 154 155 157 158 
0 2 71 78 82 85 98 
0 3 12 120 131 134 137 138 
0 4 1 6 16 19 20 21 49 55 
0 5 29 36 44 46 48 
0 6 4 39 
0 7 9 58 64 67 76 80 96 
0 8 59 60 65 70 71 80 81 88 90 
0 9 7 
0 10 70 77 
0 11 121 126 
0 12 3 135 
0 13 135 
0 14 29 47 52 
0 15 54 
0 16 4 27 34 38 51 
0 17 18 23 37 
0 18 17 32 45 56 
0 19 4 25 
0 20 4 
0 21 4 30 
0 22 24 
0 23 17 
0 24 1 22 54 
0 25 19 
0 26 1 28 
0 27 16 
0 28 26 
0 29 5 14 
0 30 21 53 
0 31 39 
0 32 18 
0 33 
0 34 16 
0 35 1 
0 36 1 5 
0 37 1 17 
0 38 16 
0 39 6 31 
0 40 1 
0 41 1 
0 42 
0 43 
0 44 5 
0 45 18 
0 46 5 
0 47 14 
0 48 5 
0 49 4 
0 50 1 
0 51 16 
0 52 14 
0 53 30 
0 54 15 24 
0 55 4 
0 56 18 
0 57 62 70 84 
0 58 7 63 
0 59 8 68 
0 60 8 72 75 83 86 
0 61 62 
0 62 57 61 91 94 
0 63 58 93 
0 64 7 79 
0 65 8 69 102 
0 66 87 
0 67 7 101 
0 68 59 73 89 
0 69 65 
0 70 8 10 57 
0 71 2 8 
0 72 60 
0 73 68 
0 74 82 
0 75 60 95 
0 76 7 87 
0 77 10 92 103 
0 78 2 
0 79 64 
0 80 7 8 
0 81 8 
0 82 2 74 
0 83 60 
0 84 57 
0 85 2 99 
0 86 60 
0 87 66 76 
0 88 8 
0 89 68 
0 90 8 
0 91 62 97 
0 92 77 
0 93 63 
0 94 62 
0 95 75 
0 96 7 
0 97 91 
0 98 2 
0 99 85 
0 100 
0 101 67 
0 102 65 
0 103 77 
0 104 118 
0 105 
0 106 128 
0 107 137 
0 108 113 
0 109 122 
0 110 135 
0 111 
0 112 134 
0 113 108 116 
0 114 132 
0 115 
0 116 113 137 
0 117 131 133 
0 118 104 131 
0 119 
0 120 3 
0 121 11 131 
0 122 109 131 
0 123 
0 124 135 
0 125 137 
0 126 11 
0 127 134 
0 128 106 131 
0 129 
0 130 
0 131 3 117 118 121 122 128 
0 132 114 
0 133 117 
0 134 3 112 127 
0 135 12 13 110 124 
0 136 
0 137 3 107 116 125 
0 138 3 
0 139 0 1 
0 140 0 1 
0 141 0 1 
0 142 0 1 
0 143 0 1 
0 144 0 1 
0 145 0 1 
0 146 0 
0 147 0 1 
0 148 0 1 
0 149 0 1 
0 150 0 1 
0 151 0 1 
0 152 0 1 
0 153 0 1 
0 154 0 1 
0 155 0 1 
0 156 0 
0 157 0 1 
0 158 0 1 
