0 10800
1800 0 1 2 3 4 5 227 228 229 230 231 232 233 234 235 236 237 238 239 240 241 242 243 244 245 246 247 248 249 250 251 252 253 254 255 256 
1800 1 0 2 3 4 5 6 7 15 16 17 18 21 22 23 24 26 27 28 29 30 31 32 33 34 35 36 37 38 39 41 42 43 45 46 47 48 49 50 51 228 229 230 232 233 235 237 239 241 242 244 247 248 249 251 254 
1800 2 0 1 3 4 5 8 53 54 55 56 57 59 60 61 62 63 64 65 66 67 68 69 70 71 72 76 78 79 80 82 83 84 85 86 87 88 227 229 232 234 236 237 238 239 242 243 244 247 249 252 254 256 
1800 3 0 1 2 4 5 9 10 11 12 89 91 92 93 94 95 97 98 99 100 101 102 104 105 106 107 109 110 112 115 117 119 120 121 123 124 126 128 129 130 131 132 133 134 227 228 230 232 234 235 238 240 241 244 245 248 251 253 254 256 
1800 4 0 1 2 3 5 135 136 140 141 143 144 145 146 147 148 149 150 152 153 154 155 156 158 159 160 161 162 163 164 166 167 168 169 170 171 172 173 174 175 176 177 178 179 180 181 227 228 230 231 234 236 238 239 240 242 243 245 246 247 249 250 252 255 256 
1800 5 0 1 2 3 4 13 14 183 184 185 187 189 192 195 196 197 199 200 201 202 203 205 206 207 208 210 212 213 214 216 217 218 220 221 222 223 224 225 227 228 231 233 236 237 239 242 243 245 246 248 250 251 253 254 255 
1800 6 1 7 15 16 17 18 21 22 23 24 26 27 28 29 30 31 32 33 34 35 36 37 38 39 41 42 43 45 46 47 48 49 50 51 
1800 7 1 6 15 16 17 18 22 23 24 26 28 29 30 31 35 39 45 47 49 
1800 8 2 57 61 62 63 71 72 85 
1800 9 3 11 12 89 91 92 93 94 95 97 98 99 100 101 102 104 105 106 107 109 110 112 115 117 119 120 121 123 124 126 128 129 130 131 132 133 134 
1800 10 3 11 89 91 92 93 94 95 97 98 99 100 101 102 104 105 106 107 109 110 112 115 117 119 120 121 123 124 126 128 129 130 131 132 133 134 
1800 11 3 9 10 12 89 91 92 93 94 95 97 98 99 100 101 102 104 105 106 107 109 110 112 115 117 119 120 121 123 124 126 128 129 130 131 132 133 134 
1800 12 3 9 11 135 136 140 141 143 144 145 146 147 148 149 150 152 153 154 155 156 158 159 160 161 162 163 164 166 167 168 169 170 171 172 173 174 175 176 177 178 179 180 181 
1800 13 5 
1800 14 5 
1800 15 1 6 7 19 20 52 
1800 16 1 6 7 
1800 17 1 6 7 
1800 18 1 6 7 25 
1800 19 15 
1800 20 15 
1800 21 1 6 
1800 22 1 6 7 
1800 23 1 6 7 
1800 24 1 6 7 44 
1800 25 18 
1800 26 1 6 7 
1800 27 1 6 
1800 28 1 6 7 
1800 29 1 6 7 
1800 30 1 6 7 
1800 31 1 6 7 
1800 32 1 6 
1800 33 1 6 
1800 34 1 6 
1800 35 1 6 7 
1800 36 1 6 
1800 37 1 6 
1800 38 1 6 
1800 39 1 6 7 
1800 40 48 
1800 41 1 6 
1800 42 1 6 
1800 43 1 6 
1800 44 24 
1800 45 1 6 7 
1800 46 1 6 
1800 47 1 6 7 
1800 48 1 6 40 
1800 49 1 6 7 
1800 50 1 6 
1800 51 1 6 
1800 52 15 
1800 53 2 74 77 
1800 54 2 73 
1800 55 2 
1800 56 2 
1800 57 2 8 
1800 58 80 
1800 59 2 
1800 60 2 
1800 61 2 8 
1800 62 2 8 
1800 63 2 8 
1800 64 2 
1800 65 2 75 
1800 66 2 
1800 67 2 
1800 68 2 
1800 69 2 81 
1800 70 2 
1800 71 2 8 
1800 72 2 8 
1800 73 54 
1800 74 53 
1800 75 65 
1800 76 2 
1800 77 53 
1800 78 2 
1800 79 2 
1800 80 2 58 
1800 81 69 
1800 82 2 
1800 83 2 
1800 84 2 
1800 85 2 8 
1800 86 2 
1800 87 2 
1800 88 2 
1800 89 3 9 10 11 
1800 90 134 
1800 91 3 9 10 11 
1800 92 3 9 10 11 
1800 93 3 9 10 11 
1800 94 3 9 10 11 
1800 95 3 9 10 11 
1800 96 133 
1800 97 3 9 10 11 
1800 98 3 9 10 11 
1800 99 3 9 10 11 
1800 100 3 9 10 11 
1800 101 3 9 10 11 
1800 102 3 9 10 11 
1800 103 129 
1800 104 3 9 10 11 
1800 105 3 9 10 11 
1800 106 3 9 10 11 
1800 107 3 9 10 11 108 122 142 
1800 108 107 
1800 109 3 9 10 11 118 
1800 110 3 9 10 11 
1800 111 130 
1800 112 3 9 10 11 
1800 113 134 
1800 114 130 
1800 115 3 9 10 11 
1800 116 134 
1800 117 3 9 10 11 
1800 118 109 
1800 119 3 9 10 11 
1800 120 3 9 10 11 
1800 121 3 9 10 11 
1800 122 107 
1800 123 3 9 10 11 
1800 124 3 9 10 11 
1800 125 132 
1800 126 3 9 10 11 
1800 127 132 
1800 128 3 9 10 11 
1800 129 3 9 10 11 103 
1800 130 3 9 10 11 111 114 
1800 131 3 9 10 11 
1800 132 3 9 10 11 125 127 
1800 133 3 9 10 11 96 
1800 134 3 9 10 11 90 113 116 
1800 135 4 12 
1800 136 4 12 137 138 182 
1800 137 136 
1800 138 136 
1800 139 144 
1800 140 4 12 
1800 141 4 12 
1800 142 107 
1800 143 4 12 
1800 144 4 12 139 
1800 145 4 12 
1800 146 4 12 165 
1800 147 4 12 157 
1800 148 4 12 
1800 149 4 12 151 
1800 150 4 12 
1800 151 149 
1800 152 4 12 
1800 153 4 12 
1800 154 4 12 
1800 155 4 12 
1800 156 4 12 
1800 157 147 
1800 158 4 12 
1800 159 4 12 
1800 160 4 12 
1800 161 4 12 
1800 162 4 12 
1800 163 4 12 
1800 164 4 12 
1800 165 146 
1800 166 4 12 
1800 167 4 12 
1800 168 4 12 
1800 169 4 12 
1800 170 4 12 
1800 171 4 12 
1800 172 4 12 
1800 173 4 12 
1800 174 4 12 
1800 175 4 12 
1800 176 4 12 
1800 177 4 12 
1800 178 4 12 
1800 179 4 12 
1800 180 4 12 
1800 181 4 12 
1800 182 136 
1800 183 5 
1800 184 5 186 188 190 204 219 226 
1800 185 5 
1800 186 184 
1800 187 5 193 194 
1800 188 184 
1800 189 5 
1800 190 184 
1800 191 192 
1800 192 5 191 198 
1800 193 187 
1800 194 187 
1800 195 5 209 211 
1800 196 5 
1800 197 5 
1800 198 192 
1800 199 5 
1800 200 5 215 
1800 201 5 
1800 202 5 
1800 203 5 
1800 204 184 
1800 205 5 
1800 206 5 
1800 207 5 
1800 208 5 
1800 209 195 
1800 210 5 
1800 211 195 
1800 212 5 
1800 213 5 
1800 214 5 
1800 215 200 
1800 216 5 
1800 217 5 
1800 218 5 
1800 219 184 
1800 220 5 
1800 221 5 
1800 222 5 
1800 223 5 
1800 224 5 
1800 225 5 
1800 226 184 
1800 227 0 2 3 4 5 
1800 228 0 1 3 4 5 
1800 229 0 1 2 
1800 230 0 1 3 4 
1800 231 0 4 5 
1800 232 0 1 2 3 
1800 233 0 1 5 
1800 234 0 2 3 4 
1800 235 0 1 3 
1800 236 0 2 4 5 
1800 237 0 1 2 5 
1800 238 0 2 3 4 
1800 239 0 1 2 4 5 
1800 240 0 3 4 
1800 241 0 1 3 
1800 242 0 1 2 4 5 
1800 243 0 2 4 5 
1800 244 0 1 2 3 
1800 245 0 3 4 5 
1800 246 0 4 5 
1800 247 0 1 2 4 
1800 248 0 1 3 5 
1800 249 0 1 2 4 
1800 250 0 4 5 
1800 251 0 1 3 5 
1800 252 0 2 4 
1800 253 0 3 5 
1800 254 0 1 2 3 5 
1800 255 0 4 5 
1800 256 0 2 3 4 
