0 21600
1800 0 110 111 
1800 1 46 51 
1800 2 82 99 
1800 3 116 136 
1800 4 177 181 
1800 5 221 226 
1800 6 9 52 
1800 7 48 49 
1800 8 65 71 
1800 9 6 71 
1800 10 78 85 
1800 11 76 106 
1800 12 75 101 
1800 13 78 108 
1800 14 92 105 
1800 15 126 127 
1800 16 113 117 
1800 17 122 138 
1800 18 170 184 
1800 19 163 167 
1800 20 154 159 
1800 21 164 178 
1800 22 181 186 
1800 23 205 225 
1800 24 189 206 
1800 25 225 227 
1800 26 193 219 
1800 27 61 71 
1800 28 52 60 
1800 29 64 72 
1800 30 42 44 
1800 31 32 67 
1800 32 31 58 
1800 33 35 67 
1800 34 61 72 
1800 35 33 56 
1800 36 39 46 
1800 37 61 64 
1800 38 48 67 
1800 39 36 67 
1800 40 47 60 
1800 41 59 72 
1800 42 30 50 
1800 43 53 71 
1800 44 30 68 
1800 45 61 72 
1800 46 1 36 69 
1800 47 40 67 
1800 48 7 38 63 68 
1800 49 7 53 
1800 50 42 56 
1800 51 1 58 
1800 52 6 28 
1800 53 43 49 
1800 54 55 65 
1800 55 54 56 
1800 56 35 50 55 59 
1800 57 65 67 
1800 58 32 51 62 
1800 59 41 56 
1800 60 28 40 
1800 61 27 34 37 45 66 
1800 62 58 70 
1800 63 48 64 
1800 64 29 37 63 
1800 65 8 54 57 
1800 66 61 70 
1800 67 31 33 38 39 47 57 
1800 68 44 48 
1800 69 46 70 
1800 70 62 66 69 
1800 71 8 9 27 43 
1800 72 29 34 41 45 
1800 73 108 
1800 74 80 81 
1800 75 12 101 
1800 76 11 94 
1800 77 109 
1800 78 10 13 
1800 79 
1800 80 74 99 
1800 81 74 92 93 102 
1800 82 2 85 
1800 83 106 109 
1800 84 88 97 
1800 85 10 82 
1800 86 91 96 
1800 87 
1800 88 84 
1800 89 
1800 90 94 99 
1800 91 86 105 
1800 92 14 81 
1800 93 81 
1800 94 76 90 
1800 95 101 111 
1800 96 86 112 
1800 97 84 99 
1800 98 
1800 99 2 80 90 97 
1800 100 
1800 101 12 75 95 
1800 102 81 
1800 103 
1800 104 
1800 105 14 91 
1800 106 11 83 
1800 107 
1800 108 13 73 
1800 109 77 83 
1800 110 0 
1800 111 0 95 
1800 112 96 
1800 113 16 146 
1800 114 116 117 
1800 115 144 
1800 116 3 114 123 129 130 140 148 150 
1800 117 16 114 134 
1800 118 126 127 
1800 119 131 
1800 120 133 143 
1800 121 137 145 149 
1800 122 17 123 128 142 
1800 123 116 122 
1800 124 150 
1800 125 
1800 126 15 118 130 132 
1800 127 15 118 
1800 128 122 145 
1800 129 116 141 
1800 130 116 126 
1800 131 119 151 
1800 132 126 133 
1800 133 120 132 146 
1800 134 117 151 
1800 135 
1800 136 3 137 
1800 137 121 136 
1800 138 17 143 
1800 139 
1800 140 116 
1800 141 129 142 
1800 142 122 141 
1800 143 120 138 147 148 
1800 144 115 147 
1800 145 121 128 
1800 146 113 133 
1800 147 143 144 
1800 148 116 143 
1800 149 121 151 
1800 150 116 124 
1800 151 131 134 149 
1800 152 165 184 
1800 153 176 178 
1800 154 20 162 
1800 155 157 175 
1800 156 182 186 
1800 157 155 162 
1800 158 178 186 
1800 159 20 169 
1800 160 172 
1800 161 162 175 
1800 162 154 157 161 165 
1800 163 19 173 
1800 164 21 186 
1800 165 152 162 
1800 166 
1800 167 19 184 
1800 168 179 
1800 169 159 177 
1800 170 18 175 
1800 171 
1800 172 160 174 179 
1800 173 163 185 
1800 174 172 183 
1800 175 155 161 170 
1800 176 153 182 
1800 177 4 169 
1800 178 21 153 158 183 
1800 179 168 172 
1800 180 
1800 181 4 22 
1800 182 156 176 
1800 183 174 178 
1800 184 18 152 167 
1800 185 173 186 
1800 186 22 156 158 164 185 
1800 187 225 
1800 188 197 214 
1800 189 24 210 
1800 190 205 221 
1800 191 200 202 
1800 192 195 217 
1800 193 26 226 
1800 194 216 219 
1800 195 192 207 
1800 196 222 225 
1800 197 188 220 
1800 198 206 219 
1800 199 211 218 
1800 200 191 227 
1800 201 203 212 216 218 
1800 202 191 213 
1800 203 201 208 
1800 204 220 225 
1800 205 23 190 214 
1800 206 24 198 223 
1800 207 195 225 
1800 208 203 
1800 209 
1800 210 189 226 
1800 211 199 
1800 212 201 219 
1800 213 202 226 
1800 214 188 205 
1800 215 221 224 
1800 216 194 201 
1800 217 192 
1800 218 199 201 
1800 219 26 194 198 212 223 
1800 220 197 204 
1800 221 5 190 215 222 
1800 222 196 221 
1800 223 206 219 
1800 224 215 
1800 225 23 25 187 196 204 207 
1800 226 5 193 210 213 
1800 227 25 200 
3600 0 85 96 
3600 1 35 67 
3600 2 10 94 
3600 3 144 149 
3600 4 177 185 
3600 5 191 214 
3600 6 35 61 
3600 7 49 57 
3600 8 49 51 
3600 9 41 69 
3600 10 2 94 
3600 11 80 83 
3600 12 81 105 
3600 13 105 106 
3600 14 76 78 86 
3600 15 126 128 
3600 16 121 140 
3600 17 118 121 
3600 18 177 182 
3600 19 159 177 
3600 20 154 185 
3600 21 22 167 
3600 22 21 169 
3600 23 25 214 
3600 24 25 202 215 
3600 25 23 24 
3600 26 188 218 
3600 27 60 71 
3600 28 42 57 
3600 29 69 70 
3600 30 39 45 
3600 31 66 70 
3600 32 46 48 
3600 33 41 55 
3600 34 62 66 
3600 35 1 6 
3600 36 58 59 
3600 37 66 72 
3600 38 43 55 
3600 39 30 65 
3600 40 69 70 
3600 41 9 33 
3600 42 28 70 
3600 43 38 70 
3600 44 56 60 
3600 45 30 70 
3600 46 32 59 
3600 47 62 65 
3600 48 32 68 
3600 49 7 8 
3600 50 52 66 
3600 51 8 68 
3600 52 50 67 
3600 53 61 66 
3600 54 59 63 
3600 55 33 38 
3600 56 44 64 
3600 57 7 28 
3600 58 36 71 
3600 59 36 46 54 
3600 60 27 44 
3600 61 6 53 64 
3600 62 34 47 72 
3600 63 54 70 
3600 64 56 61 
3600 65 39 47 
3600 66 31 34 37 50 53 
3600 67 1 52 
3600 68 48 51 
3600 69 9 29 40 
3600 70 29 31 40 42 43 45 63 
3600 71 27 58 
3600 72 37 62 
3600 73 
3600 74 80 95 
3600 75 83 101 
3600 76 14 87 
3600 77 89 100 
3600 78 14 82 
3600 79 101 
3600 80 11 74 
3600 81 12 106 
3600 82 78 109 
3600 83 11 75 87 
3600 84 94 
3600 85 0 98 
3600 86 14 97 
3600 87 76 83 
3600 88 90 
3600 89 77 
3600 90 88 91 
3600 91 90 112 
3600 92 99 112 
3600 93 106 
3600 94 2 10 84 
3600 95 74 108 110 
3600 96 0 97 108 
3600 97 86 96 
3600 98 85 101 
3600 99 92 103 
3600 100 77 109 
3600 101 75 79 98 
3600 102 
3600 103 99 
3600 104 
3600 105 12 13 
3600 106 13 81 93 
3600 107 
3600 108 95 96 
3600 109 82 100 
3600 110 95 
3600 111 
3600 112 91 92 
3600 113 131 138 
3600 114 118 151 
3600 115 126 127 130 144 
3600 116 118 146 
3600 117 123 136 
3600 118 17 114 116 129 
3600 119 141 147 
3600 120 134 142 
3600 121 16 17 124 150 
3600 122 135 136 
3600 123 117 150 
3600 124 121 140 
3600 125 133 135 
3600 126 15 115 
3600 127 115 128 
3600 128 15 127 
3600 129 118 132 
3600 130 115 139 
3600 131 113 138 
3600 132 129 145 
3600 133 125 
3600 134 120 135 
3600 135 122 125 134 139 
3600 136 117 122 
3600 137 145 151 
3600 138 113 131 148 
3600 139 130 135 
3600 140 16 124 
3600 141 119 142 
3600 142 120 141 
3600 143 146 149 
3600 144 3 115 
3600 145 132 137 
3600 146 116 143 
3600 147 119 148 
3600 148 138 147 
3600 149 3 143 
3600 150 121 123 
3600 151 114 137 
3600 152 158 161 
3600 153 182 185 
3600 154 20 158 
3600 155 157 165 
3600 156 178 181 
3600 157 155 164 
3600 158 152 154 
3600 159 19 164 
3600 160 166 169 
3600 161 152 180 
3600 162 175 183 
3600 163 177 185 
3600 164 157 159 
3600 165 155 184 
3600 166 160 
3600 167 21 170 
3600 168 
3600 169 22 160 
3600 170 167 184 
3600 171 
3600 172 177 182 
3600 173 180 186 
3600 174 179 180 
3600 175 162 186 
3600 176 
3600 177 4 18 19 163 172 179 
3600 178 156 186 
3600 179 174 177 
3600 180 161 173 174 
3600 181 156 185 
3600 182 18 153 172 
3600 183 162 185 
3600 184 165 170 
3600 185 4 20 153 163 181 183 
3600 186 173 175 178 
3600 187 196 225 
3600 188 26 204 
3600 189 205 216 
3600 190 214 219 
3600 191 5 203 
3600 192 
3600 193 223 227 
3600 194 208 219 
3600 195 217 226 
3600 196 187 220 
3600 197 223 227 
3600 198 205 226 
3600 199 214 227 
3600 200 207 223 
3600 201 210 
3600 202 24 219 
3600 203 191 
3600 204 188 206 208 
3600 205 189 198 
3600 206 204 217 
3600 207 200 226 
3600 208 194 204 
3600 209 
3600 210 201 211 
3600 211 210 
3600 212 
3600 213 226 
3600 214 5 23 190 199 
3600 215 24 225 
3600 216 189 221 
3600 217 195 206 
3600 218 26 226 
3600 219 190 194 202 
3600 220 196 224 
3600 221 216 222 
3600 222 221 224 
3600 223 193 197 200 
3600 224 220 222 
3600 225 187 215 
3600 226 195 198 207 213 218 
3600 227 193 197 199 
5400 0 77 110 
5400 1 43 69 
5400 2 13 81 
5400 3 141 145 
5400 4 174 181 
5400 5 205 225 
5400 6 54 60 
5400 7 8 50 
5400 8 7 67 
5400 9 52 64 
5400 10 94 101 
5400 11 12 108 
5400 12 11 82 
5400 13 2 82 
5400 14 86 105 
5400 15 122 144 
5400 16 113 122 
5400 17 127 144 
5400 18 19 157 
5400 19 18 183 
5400 20 152 183 
5400 21 181 184 
5400 22 175 182 
5400 23 223 227 
5400 24 200 226 
5400 25 190 216 
5400 26 214 216 
5400 27 60 62 
5400 28 44 65 
5400 29 39 41 
5400 30 49 52 
5400 31 61 72 
5400 32 37 55 
5400 33 43 62 
5400 34 48 56 
5400 35 50 56 
5400 36 39 70 
5400 37 32 56 
5400 38 47 60 
5400 39 29 36 
5400 40 44 46 
5400 41 29 70 
5400 42 58 69 
5400 43 1 33 
5400 44 28 40 
5400 45 50 55 
5400 46 40 68 
5400 47 38 62 
5400 48 34 70 
5400 49 30 61 
5400 50 7 35 45 
5400 51 63 68 
5400 52 9 30 59 
5400 53 66 
5400 54 6 67 72 
5400 55 32 45 
5400 56 34 35 37 71 
5400 57 60 65 
5400 58 42 62 
5400 59 52 64 
5400 60 6 27 38 57 
5400 61 31 49 
5400 62 27 33 47 58 
5400 63 51 66 
5400 64 9 59 
5400 65 28 57 
5400 66 53 63 
5400 67 8 54 
5400 68 46 51 
5400 69 1 42 
5400 70 36 41 48 71 
5400 71 56 70 
5400 72 31 54 
5400 73 90 111 
5400 74 95 98 
5400 75 89 112 
5400 76 91 96 
5400 77 0 
5400 78 79 95 
5400 79 78 92 
5400 80 107 112 
5400 81 2 112 
5400 82 12 13 
5400 83 91 106 
5400 84 88 
5400 85 88 106 
5400 86 14 87 99 
5400 87 86 95 
5400 88 84 85 
5400 89 75 100 
5400 90 73 98 
5400 91 76 83 109 
5400 92 79 93 
5400 93 92 
5400 94 10 108 
5400 95 74 78 87 111 
5400 96 76 101 
5400 97 112 
5400 98 74 90 99 
5400 99 86 98 
5400 100 89 
5400 101 10 96 
5400 102 
5400 103 
5400 104 
5400 105 14 110 
5400 106 83 85 
5400 107 80 
5400 108 11 94 
5400 109 91 112 
5400 110 0 105 
5400 111 73 95 
5400 112 75 80 81 97 109 
5400 113 16 143 
5400 114 123 135 
5400 115 130 142 
5400 116 117 140 
5400 117 116 118 
5400 118 117 127 134 137 138 149 
5400 119 131 141 
5400 120 124 142 
5400 121 132 143 
5400 122 15 16 128 
5400 123 114 148 151 
5400 124 120 129 131 149 150 
5400 125 
5400 126 141 151 
5400 127 17 118 
5400 128 122 144 
5400 129 124 138 
5400 130 115 135 139 
5400 131 119 124 
5400 132 121 147 
5400 133 
5400 134 118 146 
5400 135 114 130 
5400 136 144 146 
5400 137 118 147 
5400 138 118 129 
5400 139 130 
5400 140 116 148 
5400 141 3 119 126 
5400 142 115 120 
5400 143 113 121 
5400 144 15 17 128 136 
5400 145 3 150 
5400 146 134 136 
5400 147 132 137 
5400 148 123 140 
5400 149 118 124 
5400 150 124 145 
5400 151 123 126 
5400 152 20 164 
5400 153 164 170 
5400 154 159 176 
5400 155 167 186 
5400 156 184 185 
5400 157 18 183 
5400 158 161 167 
5400 159 154 185 
5400 160 174 
5400 161 158 186 
5400 162 170 174 
5400 163 178 180 
5400 164 152 153 
5400 165 
5400 166 
5400 167 155 158 
5400 168 171 
5400 169 
5400 170 153 162 
5400 171 168 
5400 172 175 176 
5400 173 174 186 
5400 174 4 160 162 173 179 
5400 175 22 172 
5400 176 154 172 
5400 177 183 185 
5400 178 163 185 
5400 179 174 
5400 180 163 185 
5400 181 4 21 
5400 182 22 186 
5400 183 19 20 157 177 
5400 184 21 156 
5400 185 156 159 177 178 180 
5400 186 155 161 173 182 
5400 187 188 223 
5400 188 187 196 222 
5400 189 203 213 
5400 190 25 223 
5400 191 205 214 
5400 192 195 
5400 193 199 202 
5400 194 208 213 
5400 195 192 213 
5400 196 188 
5400 197 200 225 
5400 198 207 224 
5400 199 193 218 
5400 200 24 197 
5400 201 203 211 212 
5400 202 193 
5400 203 189 201 
5400 204 206 220 
5400 205 5 191 
5400 206 204 224 
5400 207 198 227 
5400 208 194 220 
5400 209 
5400 210 
5400 211 201 219 
5400 212 201 219 
5400 213 189 194 195 
5400 214 26 191 
5400 215 225 227 
5400 216 25 26 
5400 217 
5400 218 199 220 
5400 219 211 212 
5400 220 204 208 218 
5400 221 
5400 222 188 225 
5400 223 23 187 190 
5400 224 198 206 
5400 225 5 197 215 222 
5400 226 24 
5400 227 23 207 215 
7200 0 95 110 
7200 1 7 56 
7200 2 11 13 
7200 3 123 145 
7200 4 152 168 
7200 5 205 208 
7200 6 48 55 
7200 7 1 58 
7200 8 29 72 
7200 9 31 48 
7200 10 13 94 
7200 11 2 80 85 
7200 12 74 97 
7200 13 2 10 
7200 14 82 94 
7200 15 126 148 
7200 16 123 143 
7200 17 123 148 
7200 18 177 184 
7200 19 169 173 
7200 20 167 172 
7200 21 175 184 
7200 22 174 186 
7200 23 188 221 
7200 24 25 227 
7200 25 24 218 
7200 26 191 220 223 
7200 27 52 62 
7200 28 41 65 
7200 29 8 58 
7200 30 58 70 
7200 31 9 58 
7200 32 48 65 
7200 33 58 70 
7200 34 47 71 
7200 35 66 71 
7200 36 44 51 
7200 37 56 71 
7200 38 70 71 
7200 39 40 52 
7200 40 39 53 
7200 41 28 72 
7200 42 55 61 
7200 43 57 61 
7200 44 36 64 
7200 45 61 62 
7200 46 65 69 
7200 47 34 58 
7200 48 6 9 32 
7200 49 60 68 
7200 50 55 71 
7200 51 36 59 
7200 52 27 39 
7200 53 40 58 
7200 54 60 72 
7200 55 6 42 50 
7200 56 1 37 
7200 57 43 67 
7200 58 7 29 30 31 33 47 53 
7200 59 51 68 
7200 60 49 54 
7200 61 42 43 45 
7200 62 27 45 
7200 63 69 70 
7200 64 44 69 
7200 65 28 32 46 
7200 66 35 67 
7200 67 57 66 
7200 68 49 59 
7200 69 46 63 64 
7200 70 30 33 38 63 
7200 71 34 35 37 38 50 
7200 72 8 41 54 
7200 73 76 88 
7200 74 12 91 
7200 75 76 86 
7200 76 73 75 
7200 77 
7200 78 98 108 
7200 79 107 
7200 80 11 100 
7200 81 84 99 
7200 82 14 92 
7200 83 87 
7200 84 81 91 
7200 85 11 101 
7200 86 75 110 
7200 87 83 88 
7200 88 73 87 90 
7200 89 
7200 90 88 106 
7200 91 74 84 
7200 92 82 105 
7200 93 99 
7200 94 10 14 
7200 95 0 109 
7200 96 97 112 
7200 97 12 96 
7200 98 78 101 105 112 
7200 99 81 93 109 
7200 100 80 107 
7200 101 85 98 
7200 102 
7200 103 
7200 104 
7200 105 92 98 
7200 106 90 108 
7200 107 79 100 
7200 108 78 106 
7200 109 95 99 
7200 110 0 86 
7200 111 
7200 112 96 98 
7200 113 129 145 
7200 114 120 145 
7200 115 130 142 
7200 116 132 134 
7200 117 134 146 151 
7200 118 123 130 
7200 119 124 
7200 120 114 128 129 
7200 121 142 143 147 
7200 122 127 131 136 147 
7200 123 3 16 17 118 
7200 124 119 132 146 
7200 125 
7200 126 15 135 
7200 127 122 138 
7200 128 120 149 
7200 129 113 120 
7200 130 115 118 135 
7200 131 122 151 
7200 132 116 124 
7200 133 150 
7200 134 116 117 
7200 135 126 130 
7200 136 122 140 
7200 137 139 144 
7200 138 127 150 
7200 139 137 
7200 140 136 
7200 141 149 
7200 142 115 121 
7200 143 16 121 
7200 144 137 
7200 145 3 113 114 
7200 146 117 124 
7200 147 121 122 
7200 148 15 17 
7200 149 128 141 
7200 150 133 138 
7200 151 117 131 
7200 152 4 161 
7200 153 173 182 
7200 154 175 176 
7200 155 162 178 
7200 156 157 161 
7200 157 156 172 
7200 158 168 182 
7200 159 183 186 
7200 160 163 166 
7200 161 152 156 
7200 162 155 177 
7200 163 160 177 
7200 164 177 183 
7200 165 
7200 166 160 
7200 167 20 181 
7200 168 4 158 
7200 169 19 177 
7200 170 182 184 
7200 171 
7200 172 20 157 
7200 173 19 153 
7200 174 22 186 
7200 175 21 154 
7200 176 154 180 
7200 177 18 162 163 164 169 
7200 178 155 
7200 179 
7200 180 176 183 
7200 181 167 185 
7200 182 153 158 170 
7200 183 159 164 180 
7200 184 18 21 170 
7200 185 181 
7200 186 22 159 174 
7200 187 196 221 
7200 188 23 190 
7200 189 210 212 
7200 190 188 216 
7200 191 26 207 
7200 192 213 
7200 193 194 224 
7200 194 193 208 
7200 195 213 217 
7200 196 187 225 
7200 197 200 208 
7200 198 213 
7200 199 214 225 
7200 200 197 214 
7200 201 211 
7200 202 208 213 
7200 203 214 225 
7200 204 221 
7200 205 5 223 227 
7200 206 
7200 207 191 224 
7200 208 5 194 197 202 
7200 209 
7200 210 189 219 
7200 211 201 218 
7200 212 189 218 
7200 213 192 195 198 202 226 
7200 214 199 200 203 
7200 215 222 225 
7200 216 190 219 
7200 217 195 226 
7200 218 25 211 212 
7200 219 210 216 
7200 220 26 225 
7200 221 23 187 204 
7200 222 215 
7200 223 26 205 
7200 224 193 207 
7200 225 196 199 203 215 220 
7200 226 213 217 
7200 227 24 205 
9000 0 3 4 228 229 230 231 232 233 234 235 236 237 238 239 240 241 242 243 244 245 246 247 248 249 250 251 252 253 254 255 256 257 
9000 1 46 69 
9000 2 12 81 
9000 3 0 123 228 229 230 232 234 235 237 238 239 241 243 245 248 249 250 252 253 254 256 
9000 4 0 182 228 229 230 232 233 234 235 238 240 242 244 246 247 248 251 252 255 257 
9000 5 197 204 
9000 6 38 65 
9000 7 9 28 
9000 8 67 70 
9000 9 7 50 
9000 10 85 98 
9000 11 86 94 
9000 12 2 74 105 
9000 13 14 80 
9000 14 13 101 
9000 15 115 148 
9000 16 115 117 
9000 17 116 120 
9000 18 177 178 
9000 19 182 
9000 20 152 173 
9000 21 167 
9000 22 180 183 
9000 23 193 225 
9000 24 215 
9000 25 193 226 
9000 26 199 202 
9000 27 48 57 
9000 28 7 56 
9000 29 36 62 
9000 30 40 66 
9000 31 62 67 
9000 32 65 72 
9000 33 67 70 
9000 34 70 71 
9000 35 45 72 
9000 36 29 37 68 
9000 37 36 67 
9000 38 6 53 61 
9000 39 44 62 
9000 40 30 41 
9000 41 40 69 
9000 42 69 70 
9000 43 64 66 
9000 44 39 69 
9000 45 35 50 
9000 46 1 51 
9000 47 55 62 
9000 48 27 69 
9000 49 58 61 
9000 50 9 45 
9000 51 46 70 
9000 52 59 66 
9000 53 38 
9000 54 56 60 
9000 55 47 65 
9000 56 28 54 
9000 57 27 65 
9000 58 49 70 
9000 59 52 69 
9000 60 54 72 
9000 61 38 49 
9000 62 29 31 39 47 
9000 63 64 68 
9000 64 43 63 
9000 65 6 32 55 57 
9000 66 30 43 52 
9000 67 8 31 33 37 71 
9000 68 36 63 
9000 69 1 41 42 44 48 59 
9000 70 8 33 34 42 51 58 
9000 71 34 67 
9000 72 32 35 60 
9000 73 94 108 
9000 74 12 81 
9000 75 83 95 
9000 76 83 99 
9000 77 
9000 78 97 101 
9000 79 103 
9000 80 13 
9000 81 2 74 102 
9000 82 97 106 
9000 83 75 76 
9000 84 90 94 
9000 85 10 112 
9000 86 11 92 108 
9000 87 
9000 88 94 
9000 89 
9000 90 84 91 99 
9000 91 90 96 
9000 92 86 93 
9000 93 92 98 102 
9000 94 11 73 84 88 
9000 95 75 104 
9000 96 91 106 
9000 97 78 82 
9000 98 10 93 
9000 99 76 90 
9000 100 112 
9000 101 14 78 
9000 102 81 93 
9000 103 79 
9000 104 95 
9000 105 12 109 
9000 106 82 96 
9000 107 
9000 108 73 86 
9000 109 105 110 
9000 110 109 111 
9000 111 110 
9000 112 85 100 
9000 113 128 129 
9000 114 134 137 144 145 151 
9000 115 15 16 144 
9000 116 17 146 
9000 117 16 124 
9000 118 134 146 
9000 119 125 129 131 141 
9000 120 17 136 141 150 
9000 121 122 136 147 
9000 122 121 135 
9000 123 3 132 
9000 124 117 126 131 
9000 125 119 
9000 126 124 128 
9000 127 132 137 138 
9000 128 113 126 
9000 129 113 119 
9000 130 
9000 131 119 124 
9000 132 123 127 
9000 133 150 
9000 134 114 118 
9000 135 122 
9000 136 120 121 
9000 137 114 127 
9000 138 127 142 
9000 139 
9000 140 148 
9000 141 119 120 
9000 142 138 151 
9000 143 147 149 
9000 144 114 115 
9000 145 114 149 
9000 146 116 118 
9000 147 121 143 
9000 148 15 140 
9000 149 143 145 
9000 150 120 133 
9000 151 114 142 
9000 152 20 156 165 
9000 153 158 178 
9000 154 176 183 
9000 155 157 185 
9000 156 152 182 
9000 157 155 180 
9000 158 153 163 
9000 159 177 183 
9000 160 179 185 
9000 161 174 180 
9000 162 181 184 
9000 163 158 175 
9000 164 167 172 
9000 165 152 
9000 166 
9000 167 21 164 
9000 168 171 
9000 169 
9000 170 182 184 
9000 171 168 
9000 172 164 180 
9000 173 20 
9000 174 161 180 
9000 175 163 185 
9000 176 154 
9000 177 18 159 
9000 178 18 153 
9000 179 160 
9000 180 22 157 161 172 174 186 
9000 181 162 182 
9000 182 4 19 156 170 181 
9000 183 22 154 159 186 
9000 184 162 170 
9000 185 155 160 175 
9000 186 180 183 
9000 187 196 227 
9000 188 223 224 
9000 189 200 203 
9000 190 220 221 
9000 191 193 214 
9000 192 213 
9000 193 23 25 191 
9000 194 211 216 
9000 195 202 
9000 196 187 222 
9000 197 5 218 
9000 198 
9000 199 26 221 
9000 200 189 224 
9000 201 208 
9000 202 26 195 226 
9000 203 189 219 
9000 204 5 206 
9000 205 207 
9000 206 204 
9000 207 205 213 
9000 208 201 212 
9000 209 
9000 210 
9000 211 194 
9000 212 208 218 
9000 213 192 207 
9000 214 191 222 
9000 215 24 220 
9000 216 194 219 
9000 217 
9000 218 197 212 
9000 219 203 216 
9000 220 190 215 
9000 221 190 199 
9000 222 196 214 
9000 223 188 225 227 
9000 224 188 200 
9000 225 23 223 
9000 226 25 202 
9000 227 187 223 
9000 228 0 3 4 
9000 229 0 3 4 
9000 230 0 3 4 
9000 231 0 
9000 232 0 3 4 
9000 233 0 4 
9000 234 0 3 4 
9000 235 0 3 4 
9000 236 0 
9000 237 0 3 
9000 238 0 3 4 
9000 239 0 3 
9000 240 0 4 
9000 241 0 3 
9000 242 0 4 
9000 243 0 3 
9000 244 0 4 
9000 245 0 3 
9000 246 0 4 
9000 247 0 4 
9000 248 0 3 4 
9000 249 0 3 
9000 250 0 3 
9000 251 0 4 
9000 252 0 3 4 
9000 253 0 3 
9000 254 0 3 
9000 255 0 4 
9000 256 0 3 
9000 257 0 4 
10800 0 99 110 
10800 1 40 43 
10800 2 11 105 
10800 3 117 126 
10800 4 173 185 
10800 5 203 215 
10800 6 34 61 
10800 7 37 67 
10800 8 42 66 
10800 9 51 54 
10800 10 14 81 
10800 11 2 86 
10800 12 91 96 
10800 13 86 97 
10800 14 10 92 
10800 15 137 142 
10800 16 118 123 
10800 17 127 141 
10800 18 153 185 
10800 19 153 172 
10800 20 154 164 
10800 21 177 184 
10800 22 165 167 
10800 23 215 216 
10800 24 25 202 
10800 25 24 224 
10800 26 198 225 
10800 27 48 61 
10800 28 32 52 
10800 29 64 66 
10800 30 57 71 
10800 31 60 72 
10800 32 28 61 
10800 33 39 47 
10800 34 6 57 
10800 35 45 62 
10800 36 50 
10800 37 7 48 
10800 38 53 70 
10800 39 33 72 
10800 40 1 69 
10800 41 42 62 
10800 42 8 41 
10800 43 1 59 
10800 44 58 68 
10800 45 35 67 
10800 46 55 72 
10800 47 33 49 
10800 48 27 37 
10800 49 47 53 
10800 50 36 58 
10800 51 9 63 
10800 52 28 59 
10800 53 38 49 
10800 54 9 67 
10800 55 46 70 
10800 56 62 66 
10800 57 30 34 
10800 58 44 50 
10800 59 43 52 
10800 60 31 72 
10800 61 6 27 32 
10800 62 35 41 56 
10800 63 51 70 
10800 64 29 65 
10800 65 64 72 
10800 66 8 29 56 
10800 67 7 45 54 71 
10800 68 44 69 
10800 69 40 68 
10800 70 38 55 63 
10800 71 30 67 
10800 72 31 39 46 60 65 
10800 73 100 101 107 
10800 74 92 95 
10800 75 82 98 
10800 76 78 110 
10800 77 80 109 
10800 78 76 98 
10800 79 93 
10800 80 77 86 
10800 81 10 82 
10800 82 75 81 106 
10800 83 86 106 
10800 84 
10800 85 90 98 
10800 86 11 13 80 83 
10800 87 95 
10800 88 
10800 89 110 
10800 90 85 
10800 91 12 
10800 92 14 74 107 
10800 93 79 101 102 
10800 94 97 109 
10800 95 74 87 
10800 96 12 112 
10800 97 13 94 99 
10800 98 75 78 85 
10800 99 0 97 
10800 100 73 108 
10800 101 73 93 
10800 102 93 
10800 103 
10800 104 
10800 105 2 112 
10800 106 82 83 
10800 107 73 92 
10800 108 100 112 
10800 109 77 94 
10800 110 0 76 89 
10800 111 
10800 112 96 105 108 
10800 113 129 149 
10800 114 137 143 149 
10800 115 126 135 
10800 116 121 126 
10800 117 3 146 
10800 118 16 131 151 
10800 119 121 124 136 
10800 120 122 138 
10800 121 116 119 
10800 122 120 136 
10800 123 16 132 151 
10800 124 119 132 
10800 125 
10800 126 3 115 116 130 145 
10800 127 17 133 
10800 128 143 147 
10800 129 113 147 
10800 130 126 
10800 131 118 134 
10800 132 123 124 
10800 133 127 150 
10800 134 131 144 
10800 135 115 148 
10800 136 119 122 
10800 137 15 114 
10800 138 120 148 
10800 139 144 
10800 140 150 
10800 141 17 142 
10800 142 15 141 
10800 143 114 128 
10800 144 134 139 
10800 145 126 146 
10800 146 117 145 
10800 147 128 129 
10800 148 135 138 
10800 149 113 114 
10800 150 133 140 
10800 151 118 123 
10800 152 183 185 
10800 153 18 19 
10800 154 20 162 
10800 155 170 183 
10800 156 170 186 
10800 157 180 186 
10800 158 181 182 
10800 159 183 186 
10800 160 171 174 
10800 161 180 182 
10800 162 154 172 
10800 163 175 183 
10800 164 20 169 
10800 165 22 180 
10800 166 
10800 167 22 185 
10800 168 
10800 169 164 
10800 170 155 156 
10800 171 160 174 
10800 172 19 162 
10800 173 4 178 
10800 174 160 171 175 179 
10800 175 163 174 
10800 176 
10800 177 21 182 
10800 178 173 183 
10800 179 174 
10800 180 157 161 165 
10800 181 158 185 
10800 182 158 161 177 
10800 183 152 155 159 163 178 184 
10800 184 21 183 
10800 185 4 18 152 167 181 
10800 186 156 157 159 
10800 187 190 227 
10800 188 214 225 
10800 189 194 218 
10800 190 187 204 
10800 191 224 227 
10800 192 
10800 193 198 218 
10800 194 189 201 
10800 195 207 217 
10800 196 
10800 197 220 227 
10800 198 26 193 
10800 199 210 219 
10800 200 204 
10800 201 194 216 226 
10800 202 24 220 
10800 203 5 
10800 204 190 200 208 213 
10800 205 208 226 
10800 206 
10800 207 195 213 
10800 208 204 205 
10800 209 
10800 210 199 219 
10800 211 
10800 212 
10800 213 204 207 
10800 214 188 221 
10800 215 5 23 
10800 216 23 201 
10800 217 195 
10800 218 189 193 
10800 219 199 210 
10800 220 197 202 221 223 
10800 221 214 220 
10800 222 227 
10800 223 220 227 
10800 224 25 191 
10800 225 26 188 
10800 226 201 205 
10800 227 187 191 197 222 223 
12600 0 1 109 228 229 230 231 232 233 234 235 236 237 238 239 240 241 242 243 244 245 246 247 248 249 250 251 252 253 254 255 256 257 
12600 1 0 71 228 229 230 231 232 235 236 237 239 241 242 243 245 248 249 250 252 254 255 256 257 
12600 2 101 106 
12600 3 122 131 
12600 4 159 164 
12600 5 26 202 
12600 6 56 64 
12600 7 30 50 
12600 8 52 71 
12600 9 50 52 
12600 10 81 84 
12600 11 13 82 
12600 12 14 106 
12600 13 11 83 
12600 14 12 96 
12600 15 113 137 
12600 16 126 148 
12600 17 114 141 
12600 18 154 175 
12600 19 162 175 
12600 20 153 182 
12600 21 177 186 
12600 22 167 184 
12600 23 220 223 
12600 24 215 219 
12600 25 203 204 
12600 26 5 198 
12600 27 46 49 
12600 28 57 72 
12600 29 36 63 
12600 30 7 52 
12600 31 44 60 
12600 32 65 66 
12600 33 60 70 
12600 34 44 69 
12600 35 45 46 
12600 36 29 39 
12600 37 38 48 
12600 38 37 71 
12600 39 36 40 
12600 40 39 53 
12600 41 58 61 
12600 42 47 57 
12600 43 61 62 
12600 44 31 34 
12600 45 35 64 
12600 46 27 35 
12600 47 42 60 
12600 48 37 54 
12600 49 27 68 
12600 50 7 9 55 
12600 51 58 70 
12600 52 8 9 30 62 
12600 53 40 61 
12600 54 48 57 
12600 55 50 72 
12600 56 6 65 
12600 57 28 42 54 
12600 58 41 51 63 
12600 59 68 70 
12600 60 31 33 47 
12600 61 41 43 53 67 
12600 62 43 52 
12600 63 29 58 
12600 64 6 45 
12600 65 32 56 
12600 66 32 67 
12600 67 61 66 
12600 68 49 59 
12600 69 34 70 
12600 70 33 51 59 69 
12600 71 1 8 38 
12600 72 28 55 
12600 73 97 106 
12600 74 92 105 
12600 75 82 99 
12600 76 104 110 
12600 77 
12600 78 82 106 
12600 79 
12600 80 103 107 
12600 81 10 102 110 
12600 82 11 75 78 
12600 83 13 91 
12600 84 10 96 
12600 85 97 112 
12600 86 95 109 
12600 87 111 
12600 88 90 94 
12600 89 
12600 90 88 98 
12600 91 83 108 112 
12600 92 74 100 
12600 93 99 103 
12600 94 88 108 
12600 95 86 111 
12600 96 14 84 
12600 97 73 85 98 
12600 98 90 97 
12600 99 75 93 105 
12600 100 92 101 
12600 101 2 100 102 
12600 102 81 101 
12600 103 80 93 
12600 104 76 
12600 105 74 99 
12600 106 2 12 73 78 
12600 107 80 
12600 108 91 94 
12600 109 0 86 
12600 110 76 81 
12600 111 87 95 
12600 112 85 91 
12600 113 15 143 
12600 114 17 
12600 115 134 135 
12600 116 136 147 
12600 117 120 140 150 
12600 118 129 137 
12600 119 123 129 136 149 
12600 120 117 
12600 121 143 148 
12600 122 3 147 149 
12600 123 119 151 
12600 124 131 146 150 
12600 125 
12600 126 16 139 
12600 127 140 
12600 128 142 
12600 129 118 119 
12600 130 
12600 131 3 124 
12600 132 138 141 
12600 133 
12600 134 115 139 
12600 135 115 142 
12600 136 116 119 
12600 137 15 118 
12600 138 132 144 
12600 139 126 134 
12600 140 117 127 
12600 141 17 132 
12600 142 128 135 
12600 143 113 121 
12600 144 138 
12600 145 146 151 
12600 146 124 145 
12600 147 116 122 
12600 148 16 121 
12600 149 119 122 
12600 150 117 124 
12600 151 123 145 
12600 152 170 186 
12600 153 20 183 
12600 154 18 175 
12600 155 174 186 
12600 156 162 163 
12600 157 158 181 
12600 158 157 182 
12600 159 4 172 
12600 160 
12600 161 181 184 
12600 162 19 156 167 
12600 163 156 174 
12600 164 4 178 
12600 165 
12600 166 
12600 167 22 162 
12600 168 169 
12600 169 168 185 
12600 170 152 180 
12600 171 
12600 172 159 181 
12600 173 177 180 
12600 174 155 163 
12600 175 18 19 154 
12600 176 178 
12600 177 21 173 185 
12600 178 164 176 
12600 179 
12600 180 170 173 
12600 181 157 161 172 
12600 182 20 158 
12600 183 153 184 
12600 184 22 161 183 
12600 185 169 177 
12600 186 21 152 155 
12600 187 190 205 221 
12600 188 214 
12600 189 211 218 
12600 190 187 204 
12600 191 197 219 
12600 192 217 
12600 193 208 219 
12600 194 201 219 
12600 195 204 207 
12600 196 
12600 197 191 221 
12600 198 26 217 
12600 199 211 216 
12600 200 223 225 
12600 201 194 219 
12600 202 5 203 
12600 203 25 202 
12600 204 25 190 195 227 
12600 205 187 226 
12600 206 
12600 207 195 224 
12600 208 193 212 
12600 209 
12600 210 218 
12600 211 189 199 
12600 212 208 218 
12600 213 
12600 214 188 227 
12600 215 24 225 
12600 216 199 218 
12600 217 192 198 
12600 218 189 210 212 216 
12600 219 24 191 193 194 201 
12600 220 23 226 
12600 221 187 197 
12600 222 224 
12600 223 23 200 
12600 224 207 222 
12600 225 200 215 
12600 226 205 220 
12600 227 204 214 
12600 228 0 1 
12600 229 0 1 
12600 230 0 1 
12600 231 0 1 
12600 232 0 1 
12600 233 0 
12600 234 0 
12600 235 0 1 
12600 236 0 1 
12600 237 0 1 
12600 238 0 
12600 239 0 1 
12600 240 0 
12600 241 0 1 
12600 242 0 1 
12600 243 0 1 
12600 244 0 
12600 245 0 1 
12600 246 0 
12600 247 0 
12600 248 0 1 
12600 249 0 1 
12600 250 0 1 
12600 251 0 
12600 252 0 1 
12600 253 0 
12600 254 0 1 
12600 255 0 1 
12600 256 0 1 
12600 257 0 1 
14400 0 5 83 228 229 230 231 232 233 234 235 236 237 238 239 240 241 242 243 244 245 246 247 248 249 250 251 252 253 254 255 256 257 
14400 1 61 69 
14400 2 76 105 
14400 3 127 143 
14400 4 170 185 
14400 5 0 224 228 229 230 231 233 235 236 238 239 241 242 243 244 247 248 250 251 253 255 256 
14400 6 38 65 
14400 7 54 56 
14400 8 57 70 
14400 9 66 71 
14400 10 14 92 
14400 11 86 94 
14400 12 109 
14400 13 80 85 
14400 14 10 82 
14400 15 141 149 
14400 16 118 134 
14400 17 138 150 
14400 18 152 164 
14400 19 163 186 
14400 20 157 183 
14400 21 173 184 
14400 22 163 183 
14400 23 203 204 
14400 24 208 225 
14400 25 199 207 
14400 26 223 225 
14400 27 40 72 
14400 28 37 68 
14400 29 36 65 
14400 30 32 66 
14400 31 65 67 
14400 32 30 33 
14400 33 32 65 
14400 34 48 54 
14400 35 
14400 36 29 50 
14400 37 28 58 
14400 38 6 66 
14400 39 51 68 
14400 40 27 62 
14400 41 43 46 
14400 42 50 65 
14400 43 41 64 
14400 44 48 67 
14400 45 58 62 
14400 46 41 68 
14400 47 56 65 
14400 48 34 44 
14400 49 53 67 
14400 50 36 42 
14400 51 39 64 
14400 52 55 71 
14400 53 49 58 
14400 54 7 34 
14400 55 52 67 
14400 56 7 47 72 
14400 57 8 60 
14400 58 37 45 53 
14400 59 63 70 
14400 60 57 67 
14400 61 1 63 
14400 62 40 45 
14400 63 59 61 
14400 64 43 51 
14400 65 6 29 31 33 42 47 
14400 66 9 30 38 
14400 67 31 44 49 55 60 
14400 68 28 39 46 
14400 69 1 70 
14400 70 8 59 69 
14400 71 9 52 
14400 72 27 56 
14400 73 108 111 
14400 74 78 108 
14400 75 82 105 
14400 76 2 77 
14400 77 76 
14400 78 74 
14400 79 93 101 
14400 80 13 89 
14400 81 83 101 
14400 82 14 75 
14400 83 0 81 
14400 84 97 
14400 85 13 112 
14400 86 11 92 
14400 87 
14400 88 
14400 89 80 105 
14400 90 97 98 
14400 91 94 99 
14400 92 10 86 
14400 93 79 98 102 103 107 
14400 94 11 91 
14400 95 99 106 
14400 96 101 106 
14400 97 84 90 
14400 98 90 93 
14400 99 91 95 112 
14400 100 
14400 101 79 81 96 
14400 102 93 
14400 103 93 
14400 104 110 
14400 105 2 75 89 
14400 106 95 96 109 
14400 107 93 
14400 108 73 74 
14400 109 12 106 
14400 110 104 
14400 111 73 
14400 112 85 99 
14400 113 120 121 
14400 114 120 121 
14400 115 123 135 
14400 116 130 138 140 151 
14400 117 123 127 
14400 118 16 126 129 
14400 119 139 145 
14400 120 113 114 137 
14400 121 113 114 
14400 122 128 134 149 
14400 123 115 117 132 
14400 124 126 129 131 141 145 
14400 125 
14400 126 118 124 
14400 127 3 117 
14400 128 122 137 
14400 129 118 124 
14400 130 116 142 
14400 131 124 
14400 132 123 143 
14400 133 140 
14400 134 16 122 
14400 135 115 
14400 136 148 150 
14400 137 120 128 
14400 138 17 116 
14400 139 119 144 
14400 140 116 133 
14400 141 15 124 
14400 142 130 151 
14400 143 3 132 147 
14400 144 139 
14400 145 119 124 
14400 146 147 148 
14400 147 143 146 
14400 148 136 146 
14400 149 15 122 
14400 150 17 136 
14400 151 116 142 
14400 152 18 159 
14400 153 166 182 
14400 154 170 181 
14400 155 173 174 177 
14400 156 162 185 
14400 157 20 165 
14400 158 167 186 
14400 159 152 182 
14400 160 
14400 161 175 182 
14400 162 156 184 
14400 163 19 22 172 
14400 164 18 180 
14400 165 157 
14400 166 153 
14400 167 158 183 
14400 168 179 
14400 169 172 174 
14400 170 4 154 
14400 171 
14400 172 163 169 
14400 173 21 155 
14400 174 155 169 
14400 175 161 184 
14400 176 
14400 177 155 185 
14400 178 180 183 
14400 179 168 
14400 180 164 178 
14400 181 154 184 
14400 182 153 159 161 
14400 183 20 22 167 178 
14400 184 21 162 175 181 
14400 185 4 156 177 
14400 186 19 158 
14400 187 197 206 
14400 188 212 223 
14400 189 209 216 
14400 190 200 204 
14400 191 199 225 
14400 192 
14400 193 210 223 
14400 194 
14400 195 220 226 
14400 196 200 222 
14400 197 187 227 
14400 198 216 219 
14400 199 25 191 211 
14400 200 190 196 
14400 201 202 210 
14400 202 201 216 
14400 203 23 226 
14400 204 23 190 207 
14400 205 213 215 
14400 206 187 224 
14400 207 25 204 
14400 208 24 226 
14400 209 189 
14400 210 193 201 
14400 211 199 216 
14400 212 188 225 
14400 213 205 220 
14400 214 218 225 
14400 215 205 221 
14400 216 189 198 202 211 
14400 217 220 
14400 218 214 223 
14400 219 198 223 
14400 220 195 213 217 221 
14400 221 215 220 
14400 222 196 
14400 223 26 188 193 218 219 
14400 224 5 206 227 
14400 225 24 26 191 212 214 
14400 226 195 203 208 
14400 227 197 224 
14400 228 0 5 
14400 229 0 5 
14400 230 0 5 
14400 231 0 5 
14400 232 0 
14400 233 0 5 
14400 234 0 
14400 235 0 5 
14400 236 0 5 
14400 237 0 
14400 238 0 5 
14400 239 0 5 
14400 240 0 
14400 241 0 5 
14400 242 0 5 
14400 243 0 5 
14400 244 0 5 
14400 245 0 
14400 246 0 
14400 247 0 5 
14400 248 0 5 
14400 249 0 
14400 250 0 5 
14400 251 0 5 
14400 252 0 
14400 253 0 5 
14400 254 0 
14400 255 0 5 
14400 256 0 5 
14400 257 0 
16200 0 80 96 
16200 1 50 57 
16200 2 14 112 
16200 3 120 137 
16200 4 173 184 
16200 5 219 221 
16200 6 61 72 
16200 7 44 69 
16200 8 69 71 
16200 9 29 45 
16200 10 13 101 
16200 11 75 80 
16200 12 76 86 
16200 13 10 74 108 
16200 14 2 98 
16200 15 113 151 
16200 16 127 147 
16200 17 145 151 
16200 18 22 175 
16200 19 178 185 
16200 20 178 184 
16200 21 173 185 
16200 22 18 177 
16200 23 204 226 
16200 24 193 227 
16200 25 188 227 
16200 26 200 220 
16200 27 42 43 
16200 28 65 71 
16200 29 9 61 
16200 30 54 60 
16200 31 33 65 
16200 32 65 69 
16200 33 31 66 
16200 34 67 72 
16200 35 47 60 
16200 36 52 59 
16200 37 51 60 
16200 38 59 67 
16200 39 48 63 68 
16200 40 66 71 
16200 41 64 72 
16200 42 27 63 
16200 43 27 66 
16200 44 7 45 
16200 45 9 44 
16200 46 67 69 
16200 47 35 62 
16200 48 39 54 
16200 49 56 62 
16200 50 1 57 
16200 51 37 52 
16200 52 36 51 
16200 53 69 
16200 54 30 48 56 64 
16200 55 62 67 
16200 56 49 54 
16200 57 1 50 
16200 58 62 66 
16200 59 36 38 70 
16200 60 30 35 37 70 
16200 61 6 29 
16200 62 47 49 55 58 
16200 63 39 42 
16200 64 41 54 
16200 65 28 31 32 
16200 66 33 40 43 58 
16200 67 34 38 46 55 
16200 68 39 
16200 69 7 8 32 46 53 
16200 70 59 60 
16200 71 8 28 40 
16200 72 6 34 41 
16200 73 86 91 
16200 74 13 82 
16200 75 11 101 
16200 76 12 110 
16200 77 83 89 
16200 78 96 99 
16200 79 93 
16200 80 0 11 
16200 81 91 94 
16200 82 74 
16200 83 77 87 
16200 84 
16200 85 95 97 
16200 86 12 73 
16200 87 83 88 94 
16200 88 87 
16200 89 77 
16200 90 
16200 91 73 81 109 
16200 92 101 106 
16200 93 79 101 
16200 94 81 87 
16200 95 85 98 
16200 96 0 78 
16200 97 85 98 
16200 98 14 95 97 
16200 99 78 106 
16200 100 101 107 
16200 101 10 75 92 93 100 108 
16200 102 
16200 103 
16200 104 
16200 105 111 112 
16200 106 92 99 
16200 107 100 
16200 108 13 101 
16200 109 91 
16200 110 76 111 
16200 111 105 110 
16200 112 2 105 
16200 113 15 128 131 
16200 114 132 139 
16200 115 135 139 
16200 116 126 149 
16200 117 137 150 
16200 118 129 142 
16200 119 143 148 
16200 120 3 146 
16200 121 127 129 
16200 122 134 136 142 
16200 123 136 150 
16200 124 141 149 
16200 125 
16200 126 116 128 144 
16200 127 16 121 140 
16200 128 113 126 
16200 129 118 121 
16200 130 
16200 131 113 145 
16200 132 114 133 
16200 133 132 140 
16200 134 122 147 
16200 135 115 
16200 136 122 123 
16200 137 3 117 
16200 138 141 148 
16200 139 114 115 144 
16200 140 127 133 
16200 141 124 138 
16200 142 118 122 
16200 143 119 146 
16200 144 126 139 
16200 145 17 131 
16200 146 120 143 
16200 147 16 134 
16200 148 119 138 
16200 149 116 124 
16200 150 117 123 
16200 151 15 17 
16200 152 164 186 
16200 153 176 185 
16200 154 176 180 
16200 155 158 169 
16200 156 162 183 
16200 157 167 175 
16200 158 155 185 
16200 159 177 180 
16200 160 178 185 
16200 161 177 183 
16200 162 156 
16200 163 170 184 
16200 164 152 181 
16200 165 
16200 166 
16200 167 157 183 
16200 168 
16200 169 155 186 
16200 170 163 185 
16200 171 185 
16200 172 182 186 
16200 173 4 21 
16200 174 175 181 
16200 175 18 157 174 
16200 176 153 154 
16200 177 22 159 161 
16200 178 19 20 160 
16200 179 
16200 180 154 159 
16200 181 164 174 
16200 182 172 184 
16200 183 156 161 167 
16200 184 4 20 163 182 
16200 185 19 21 153 158 160 170 171 
16200 186 152 169 172 
16200 187 196 221 
16200 188 25 220 
16200 189 194 216 
16200 190 216 225 
16200 191 225 227 
16200 192 
16200 193 24 205 
16200 194 189 212 
16200 195 206 
16200 196 187 
16200 197 198 216 
16200 198 197 223 
16200 199 204 208 
16200 200 26 220 
16200 201 210 212 
16200 202 226 
16200 203 219 220 
16200 204 23 199 
16200 205 193 207 
16200 206 195 215 
16200 207 205 213 
16200 208 199 211 
16200 209 
16200 210 201 
16200 211 208 
16200 212 194 201 
16200 213 207 224 
16200 214 220 221 
16200 215 206 225 
16200 216 189 190 197 
16200 217 
16200 218 219 221 
16200 219 5 203 218 
16200 220 26 188 200 203 214 
16200 221 5 187 214 218 
16200 222 
16200 223 198 224 
16200 224 213 223 
16200 225 190 191 215 
16200 226 23 202 
16200 227 24 25 191 
18000 0 2 92 228 229 230 231 232 233 234 235 236 237 238 239 240 241 242 243 244 245 246 247 248 249 250 251 252 253 254 255 256 257 
18000 1 35 39 
18000 2 0 91 228 229 231 232 234 235 238 239 240 242 244 246 248 249 251 254 256 
18000 3 120 132 
18000 4 161 164 
18000 5 195 214 
18000 6 54 55 
18000 7 64 67 
18000 8 60 72 
18000 9 62 71 
18000 10 81 101 
18000 11 101 
18000 12 86 106 
18000 13 76 94 
18000 14 80 108 
18000 15 116 122 
18000 16 121 132 
18000 17 124 143 
18000 18 152 185 
18000 19 22 174 
18000 20 156 180 
18000 21 161 181 
18000 22 19 154 
18000 23 215 227 
18000 24 193 214 
18000 25 195 220 
18000 26 188 197 
18000 27 57 71 
18000 28 41 
18000 29 52 70 
18000 30 66 71 
18000 31 61 69 
18000 32 38 65 
18000 33 57 65 
18000 34 67 72 
18000 35 1 56 
18000 36 37 59 
18000 37 36 41 
18000 38 32 69 
18000 39 1 68 
18000 40 55 60 
18000 41 28 37 
18000 42 67 71 
18000 43 53 61 
18000 44 45 
18000 45 44 67 
18000 46 59 63 
18000 47 60 67 
18000 48 56 63 
18000 49 53 70 
18000 50 55 60 
18000 51 56 59 
18000 52 29 66 
18000 53 43 49 
18000 54 6 72 
18000 55 6 40 50 58 
18000 56 35 48 51 
18000 57 27 33 
18000 58 55 67 
18000 59 36 46 51 
18000 60 8 40 47 50 
18000 61 31 43 
18000 62 9 70 
18000 63 46 48 
18000 64 7 70 
18000 65 32 33 
18000 66 30 52 
18000 67 7 34 42 45 47 58 
18000 68 39 
18000 69 31 38 
18000 70 29 49 62 64 
18000 71 9 27 30 42 
18000 72 8 34 54 
18000 73 75 94 
18000 74 91 99 
18000 75 73 89 
18000 76 13 104 110 
18000 77 
18000 78 99 112 
18000 79 93 
18000 80 14 100 
18000 81 10 84 
18000 82 92 97 
18000 83 97 106 
18000 84 81 85 
18000 85 84 96 
18000 86 12 87 
18000 87 86 105 108 
18000 88 94 
18000 89 75 105 
18000 90 
18000 91 2 74 109 
18000 92 0 82 
18000 93 79 102 
18000 94 13 73 88 95 
18000 95 94 106 
18000 96 85 101 
18000 97 82 83 
18000 98 99 101 
18000 99 74 78 98 
18000 100 80 101 
18000 101 10 11 96 98 100 
18000 102 93 
18000 103 107 
18000 104 76 111 
18000 105 87 89 
18000 106 12 83 95 
18000 107 103 
18000 108 14 87 
18000 109 91 112 
18000 110 76 
18000 111 104 
18000 112 78 109 
18000 113 124 138 
18000 114 139 143 
18000 115 
18000 116 15 127 150 
18000 117 126 131 
18000 118 138 147 
18000 119 122 129 
18000 120 3 134 136 
18000 121 16 146 148 
18000 122 15 119 125 136 
18000 123 128 141 146 149 
18000 124 17 113 
18000 125 122 133 
18000 126 117 130 134 
18000 127 116 150 
18000 128 123 142 
18000 129 119 141 
18000 130 126 139 
18000 131 117 
18000 132 3 16 
18000 133 125 148 
18000 134 120 126 
18000 135 142 144 
18000 136 120 122 
18000 137 140 151 
18000 138 113 118 
18000 139 114 130 
18000 140 137 
18000 141 123 129 
18000 142 128 135 
18000 143 17 114 144 151 
18000 144 135 143 
18000 145 
18000 146 121 123 
18000 147 118 149 
18000 148 121 133 
18000 149 123 147 
18000 150 116 127 
18000 151 137 143 
18000 152 18 165 
18000 153 170 173 
18000 154 22 170 
18000 155 167 181 
18000 156 20 175 
18000 157 172 180 
18000 158 159 175 
18000 159 158 175 
18000 160 171 
18000 161 4 21 
18000 162 164 165 
18000 163 178 183 
18000 164 4 162 
18000 165 152 162 
18000 166 
18000 167 155 186 
18000 168 
18000 169 179 182 
18000 170 153 154 179 
18000 171 160 
18000 172 157 184 
18000 173 153 178 
18000 174 19 185 
18000 175 156 158 159 
18000 176 182 
18000 177 184 185 
18000 178 163 173 
18000 179 169 170 
18000 180 20 157 
18000 181 21 155 
18000 182 169 176 
18000 183 163 186 
18000 184 172 177 
18000 185 18 174 177 
18000 186 167 183 
18000 187 190 
18000 188 26 223 
18000 189 191 200 
18000 190 187 223 
18000 191 189 195 
18000 192 213 217 
18000 193 24 221 
18000 194 201 218 
18000 195 5 25 191 206 
18000 196 215 227 
18000 197 26 218 
18000 198 202 217 
18000 199 212 216 
18000 200 189 222 
18000 201 194 202 
18000 202 198 201 
18000 203 208 210 
18000 204 206 216 
18000 205 218 221 
18000 206 195 204 
18000 207 226 
18000 208 203 219 
18000 209 
18000 210 203 
18000 211 
18000 212 199 218 
18000 213 192 224 
18000 214 5 24 
18000 215 23 196 
18000 216 199 204 219 
18000 217 192 198 226 
18000 218 194 197 205 212 
18000 219 208 216 
18000 220 25 227 
18000 221 193 205 
18000 222 200 224 
18000 223 188 190 
18000 224 213 222 
18000 225 
18000 226 207 217 
18000 227 23 196 220 
18000 228 0 2 
18000 229 0 2 
18000 230 0 
18000 231 0 2 
18000 232 0 2 
18000 233 0 
18000 234 0 2 
18000 235 0 2 
18000 236 0 
18000 237 0 
18000 238 0 2 
18000 239 0 2 
18000 240 0 2 
18000 241 0 
18000 242 0 2 
18000 243 0 
18000 244 0 2 
18000 245 0 
18000 246 0 2 
18000 247 0 
18000 248 0 2 
18000 249 0 2 
18000 250 0 
18000 251 0 2 
18000 252 0 
18000 253 0 
18000 254 0 2 
18000 255 0 
18000 256 0 2 
18000 257 0 
19800 0 3 83 228 229 230 231 232 233 234 235 236 237 238 239 240 241 242 243 244 245 246 247 248 249 250 251 252 253 254 255 256 257 
19800 1 61 71 
19800 2 10 11 
19800 3 0 149 228 229 230 232 234 235 237 238 239 241 243 245 248 249 250 252 253 254 256 
19800 4 5 170 228 229 230 232 233 234 235 238 240 242 244 246 247 248 251 252 255 257 
19800 5 4 226 228 229 230 231 233 235 236 238 239 241 242 243 244 247 248 250 251 253 255 256 
19800 6 69 70 
19800 7 49 64 
19800 8 51 62 
19800 9 54 65 
19800 10 2 91 97 
19800 11 2 106 
19800 12 75 106 
19800 13 76 99 
19800 14 99 106 
19800 15 123 143 
19800 16 118 148 
19800 17 113 136 
19800 18 172 181 
19800 19 161 164 
19800 20 163 174 
19800 21 152 173 
19800 22 173 185 
19800 23 195 224 
19800 24 202 214 
19800 25 220 225 
19800 26 218 227 
19800 27 46 71 
19800 28 56 62 
19800 29 44 52 
19800 30 44 70 
19800 31 52 53 
19800 32 46 72 
19800 33 40 60 
19800 34 46 52 
19800 35 60 71 
19800 36 43 66 
19800 37 58 66 
19800 38 61 65 
19800 39 44 55 
19800 40 33 67 
19800 41 50 59 
19800 42 70 72 
19800 43 36 50 
19800 44 29 30 39 
19800 45 54 57 
19800 46 27 32 34 
19800 47 55 67 
19800 48 51 69 
19800 49 7 60 
19800 50 41 43 
19800 51 8 48 
19800 52 29 31 34 
19800 53 31 71 
19800 54 9 45 
19800 55 39 47 
19800 56 28 67 
19800 57 45 71 
19800 58 37 68 
19800 59 41 70 
19800 60 33 35 49 
19800 61 1 38 
19800 62 8 28 
19800 63 68 70 
19800 64 7 69 
19800 65 9 38 
19800 66 36 37 
19800 67 40 47 56 
19800 68 58 63 
19800 69 6 48 64 
19800 70 6 30 42 59 63 
19800 71 1 27 35 53 57 
19800 72 32 42 
19800 73 106 
19800 74 81 85 
19800 75 12 109 
19800 76 13 111 
19800 77 79 
19800 78 80 106 
19800 79 77 104 110 
19800 80 78 101 
19800 81 74 109 
19800 82 95 99 
19800 83 0 87 
19800 84 85 90 
19800 85 74 84 88 
19800 86 
19800 87 83 111 
19800 88 85 
19800 89 
19800 90 84 99 
19800 91 10 94 
19800 92 95 99 
19800 93 99 107 
19800 94 91 98 
19800 95 82 92 
19800 96 99 101 
19800 97 10 112 
19800 98 94 108 
19800 99 13 14 82 90 92 93 96 
19800 100 
19800 101 80 96 108 
19800 102 
19800 103 
19800 104 79 
19800 105 111 112 
19800 106 11 12 14 73 78 
19800 107 93 
19800 108 98 101 
19800 109 75 81 
19800 110 79 
19800 111 76 87 105 
19800 112 97 105 
19800 113 17 127 138 
19800 114 124 132 
19800 115 130 139 
19800 116 143 147 
19800 117 129 138 148 
19800 118 16 127 128 146 
19800 119 149 151 
19800 120 122 123 
19800 121 122 123 
19800 122 120 121 128 131 136 146 
19800 123 15 120 121 144 
19800 124 114 131 137 
19800 125 
19800 126 130 137 145 
19800 127 113 118 
19800 128 118 122 
19800 129 117 
19800 130 115 126 
19800 131 122 124 
19800 132 114 145 
19800 133 
19800 134 143 151 
19800 135 142 147 
19800 136 17 122 
19800 137 124 126 
19800 138 113 117 
19800 139 115 142 
19800 140 
19800 141 143 
19800 142 135 139 
19800 143 15 116 134 141 
19800 144 123 
19800 145 126 132 
19800 146 118 122 
19800 147 116 135 
19800 148 16 117 
19800 149 3 119 
19800 150 
19800 151 119 134 
19800 152 21 185 
19800 153 162 167 
19800 154 161 175 
19800 155 167 181 
19800 156 158 163 
19800 157 172 180 
19800 158 156 164 
19800 159 167 169 
19800 160 166 169 
19800 161 19 154 
19800 162 153 175 
19800 163 20 156 
19800 164 19 158 182 
19800 165 
19800 166 160 171 
19800 167 153 155 159 
19800 168 
19800 169 159 160 
19800 170 4 182 
19800 171 166 177 
19800 172 18 157 
19800 173 21 22 
19800 174 20 178 
19800 175 154 162 
19800 176 
19800 177 171 180 
19800 178 174 183 
19800 179 
19800 180 157 177 
19800 181 18 155 184 
19800 182 164 170 
19800 183 178 185 
19800 184 181 186 
19800 185 22 152 183 186 
19800 186 184 185 
19800 187 190 200 
19800 188 196 223 
19800 189 212 219 
19800 190 187 205 
19800 191 208 216 
19800 192 
19800 193 201 202 
19800 194 212 219 
19800 195 23 206 
19800 196 188 
19800 197 216 223 
19800 198 220 224 
19800 199 218 221 
19800 200 187 221 
19800 201 193 219 
19800 202 24 193 
19800 203 205 212 
19800 204 206 215 
19800 205 190 203 
19800 206 195 204 217 
19800 207 213 215 
19800 208 191 226 
19800 209 
19800 210 
19800 211 212 218 
19800 212 189 194 203 211 
19800 213 207 217 
19800 214 24 222 
19800 215 204 207 
19800 216 191 197 
19800 217 206 213 
19800 218 26 199 211 
19800 219 189 194 201 
19800 220 25 198 
19800 221 199 200 
19800 222 214 
19800 223 188 197 
19800 224 23 198 
19800 225 25 227 
19800 226 5 208 
19800 227 26 225 
19800 228 0 3 4 5 
19800 229 0 3 4 5 
19800 230 0 3 4 5 
19800 231 0 5 
19800 232 0 3 4 
19800 233 0 4 5 
19800 234 0 3 4 
19800 235 0 3 4 5 
19800 236 0 5 
19800 237 0 3 
19800 238 0 3 4 5 
19800 239 0 3 5 
19800 240 0 4 
19800 241 0 3 5 
19800 242 0 4 5 
19800 243 0 3 5 
19800 244 0 4 5 
19800 245 0 3 
19800 246 0 4 
19800 247 0 4 5 
19800 248 0 3 4 5 
19800 249 0 3 
19800 250 0 3 5 
19800 251 0 4 5 
19800 252 0 3 4 
19800 253 0 3 5 
19800 254 0 3 
19800 255 0 4 5 
19800 256 0 3 5 
19800 257 0 4 
