0 21600
1800 0 1 3 96 110 111 228 229 230 231 232 233 234 235 236 237 238 239 240 241 242 243 244 245 246 247 248 249 250 251 252 253 254 255 256 257 
1800 1 0 8 30 39 41 45 46 51 228 229 230 231 232 235 236 237 239 241 242 243 245 248 249 250 252 254 255 256 257 
1800 2 10 82 92 99 
1800 3 0 116 120 122 129 136 142 145 228 229 230 232 234 235 237 238 239 241 243 245 248 249 250 252 253 254 256 
1800 4 158 161 163 177 181 
1800 5 188 200 202 203 221 225 226 
1800 6 9 37 48 52 62 65 71 72 
1800 7 8 32 35 42 46 47 48 49 
1800 8 1 7 51 56 61 65 71 
1800 9 6 30 37 43 65 69 71 
1800 10 2 12 78 80 85 
1800 11 12 75 76 78 86 97 105 106 
1800 12 10 11 14 75 81 85 91 101 105 108 
1800 13 78 108 
1800 14 12 80 83 85 92 97 105 
1800 15 113 121 126 127 141 150 
1800 16 113 117 122 128 131 143 
1800 17 118 122 129 138 
1800 18 157 163 170 184 
1800 19 22 153 163 167 173 185 
1800 20 152 154 159 172 
1800 21 154 158 161 164 178 
1800 22 19 153 155 156 169 172 181 186 
1800 23 188 205 225 
1800 24 189 206 
1800 25 199 202 215 216 220 225 226 227 
1800 26 189 193 198 216 219 223 
1800 27 28 29 47 50 55 59 61 71 
1800 28 27 52 55 60 
1800 29 27 30 33 36 38 55 64 72 
1800 30 1 9 29 37 42 44 
1800 31 32 38 49 67 
1800 32 7 31 44 50 52 58 61 67 
1800 33 29 34 35 37 42 43 67 
1800 34 33 40 47 48 57 66 69 72 
1800 35 7 33 56 
1800 36 29 39 46 
1800 37 6 9 30 33 51 52 61 64 
1800 38 29 31 43 48 49 67 69 70 
1800 39 1 36 48 49 51 55 62 67 
1800 40 34 47 60 71 
1800 41 1 44 45 50 52 59 66 72 
1800 42 7 30 33 44 49 50 60 66 
1800 43 9 33 38 53 56 62 67 71 
1800 44 30 32 41 42 46 50 51 58 60 68 69 
1800 45 1 41 47 61 72 
1800 46 1 7 36 44 66 67 69 
1800 47 7 27 34 40 45 49 58 67 
1800 48 6 7 34 38 39 61 63 68 
1800 49 7 31 38 39 42 47 53 70 
1800 50 27 32 41 42 44 54 56 72 
1800 51 1 8 37 39 44 58 
1800 52 6 28 32 37 41 59 
1800 53 43 49 
1800 54 50 55 57 65 
1800 55 27 28 29 39 54 56 
1800 56 8 35 43 50 55 59 60 70 
1800 57 34 54 60 65 67 
1800 58 32 44 47 51 62 66 
1800 59 27 41 52 56 
1800 60 28 40 42 44 56 57 72 
1800 61 8 27 32 37 45 48 66 67 
1800 62 6 39 43 58 70 
1800 63 48 64 
1800 64 29 37 63 71 
1800 65 6 8 9 54 57 
1800 66 34 41 42 46 58 61 70 
1800 67 31 32 33 38 39 43 46 47 57 61 
1800 68 44 48 
1800 69 9 34 38 44 46 70 
1800 70 38 49 56 62 66 69 
1800 71 6 8 9 27 40 43 64 
1800 72 6 29 34 41 45 50 60 
1800 73 108 
1800 74 80 81 
1800 75 11 12 78 97 101 
1800 76 11 83 94 95 
1800 77 109 
1800 78 10 11 13 75 80 91 
1800 79 
1800 80 10 14 74 78 91 96 99 
1800 81 12 74 90 92 93 97 101 102 
1800 82 2 85 
1800 83 14 76 86 101 106 109 
1800 84 88 97 
1800 85 10 12 14 82 
1800 86 11 83 91 95 96 99 
1800 87 
1800 88 84 
1800 89 
1800 90 81 94 99 
1800 91 12 78 80 86 95 105 108 
1800 92 2 14 81 
1800 93 81 
1800 94 76 90 97 
1800 95 76 86 91 101 111 
1800 96 0 80 86 112 
1800 97 11 14 75 81 84 94 99 108 
1800 98 
1800 99 2 80 86 90 97 
1800 100 
1800 101 12 75 81 83 95 
1800 102 81 
1800 103 
1800 104 
1800 105 11 12 14 91 
1800 106 11 83 108 109 
1800 107 
1800 108 12 13 73 91 97 106 109 
1800 109 77 83 106 108 
1800 110 0 
1800 111 0 95 
1800 112 96 
1800 113 15 16 116 126 134 143 146 
1800 114 116 117 118 131 134 
1800 115 144 
1800 116 3 113 114 118 123 129 130 131 140 145 148 150 
1800 117 16 114 122 134 
1800 118 17 114 116 121 126 127 141 145 
1800 119 131 
1800 120 3 133 143 151 
1800 121 15 118 127 137 141 145 149 
1800 122 3 16 17 117 123 127 128 142 
1800 123 116 122 
1800 124 150 
1800 125 
1800 126 15 113 118 128 130 132 151 
1800 127 15 118 121 122 132 
1800 128 16 122 126 136 141 145 147 149 
1800 129 3 17 116 141 146 
1800 130 116 126 
1800 131 16 114 116 119 146 149 151 
1800 132 126 127 133 
1800 133 120 132 146 148 
1800 134 113 114 117 137 142 151 
1800 135 
1800 136 3 128 137 148 
1800 137 121 134 136 
1800 138 17 143 
1800 139 
1800 140 116 
1800 141 15 118 121 128 129 142 
1800 142 3 122 134 141 
1800 143 16 113 120 138 147 148 
1800 144 115 147 
1800 145 3 116 118 121 128 146 150 
1800 146 113 129 131 133 145 
1800 147 128 143 144 
1800 148 116 133 136 143 
1800 149 121 128 131 151 
1800 150 15 116 124 145 
1800 151 120 126 131 134 149 
1800 152 20 157 159 162 165 181 184 
1800 153 19 22 154 161 176 178 
1800 154 20 21 153 158 162 176 
1800 155 22 157 167 175 
1800 156 22 164 174 182 186 
1800 157 18 152 155 162 
1800 158 4 21 154 159 163 178 186 
1800 159 20 152 158 167 169 186 
1800 160 172 
1800 161 4 21 153 162 175 
1800 162 152 154 157 161 164 165 174 185 
1800 163 4 18 19 158 164 173 174 181 
1800 164 21 156 162 163 170 183 184 186 
1800 165 152 162 
1800 166 
1800 167 19 155 159 184 
1800 168 179 
1800 169 22 159 174 177 182 
1800 170 18 164 172 175 178 186 
1800 171 
1800 172 20 22 160 170 174 179 182 186 
1800 173 19 163 185 
1800 174 156 162 163 169 172 183 
1800 175 155 161 170 181 
1800 176 153 154 178 182 
1800 177 4 169 183 184 
1800 178 21 153 158 170 176 183 
1800 179 168 172 
1800 180 
1800 181 4 22 152 163 175 186 
1800 182 156 169 172 176 185 
1800 183 164 174 177 178 
1800 184 18 152 164 167 177 
1800 185 19 162 173 182 186 
1800 186 22 156 158 159 164 170 172 181 185 
1800 187 225 
1800 188 5 23 197 200 214 215 
1800 189 24 26 191 210 218 219 
1800 190 199 200 205 218 220 221 
1800 191 189 198 200 202 203 214 216 218 220 221 
1800 192 195 217 
1800 193 26 204 207 220 226 
1800 194 216 219 
1800 195 192 207 
1800 196 222 225 
1800 197 188 220 
1800 198 26 191 206 219 
1800 199 25 190 211 218 
1800 200 5 188 190 191 214 227 
1800 201 203 212 216 218 
1800 202 5 25 191 213 
1800 203 5 191 201 208 226 
1800 204 193 205 216 220 225 
1800 205 23 190 204 214 
1800 206 24 198 207 223 225 
1800 207 193 195 206 225 
1800 208 203 
1800 209 
1800 210 189 219 226 
1800 211 199 
1800 212 201 219 
1800 213 202 226 
1800 214 188 191 200 205 
1800 215 25 188 221 224 
1800 216 25 26 191 194 201 204 
1800 217 192 
1800 218 189 190 191 199 201 
1800 219 26 189 194 198 210 212 221 223 
1800 220 25 190 191 193 197 204 227 
1800 221 5 190 191 215 219 222 
1800 222 196 221 
1800 223 26 206 219 
1800 224 215 
1800 225 5 23 25 187 196 204 206 207 
1800 226 5 25 193 203 210 213 
1800 227 25 200 220 
1800 228 0 1 3 
1800 229 0 1 3 
1800 230 0 1 3 
1800 231 0 1 
1800 232 0 1 3 
1800 233 0 
1800 234 0 3 
1800 235 0 1 3 
1800 236 0 1 
1800 237 0 1 3 
1800 238 0 3 
1800 239 0 1 3 
1800 240 0 
1800 241 0 1 3 
1800 242 0 1 
1800 243 0 1 3 
1800 244 0 
1800 245 0 1 3 
1800 246 0 
1800 247 0 
1800 248 0 1 3 
1800 249 0 1 3 
1800 250 0 1 3 
1800 251 0 
1800 252 0 1 3 
1800 253 0 3 
1800 254 0 1 3 
1800 255 0 1 
1800 256 0 1 3 
1800 257 0 1 
3600 0 1 85 96 112 228 229 230 231 232 233 234 235 236 237 238 239 240 241 242 243 244 245 246 247 248 249 250 251 252 253 254 255 256 257 
3600 1 0 32 35 45 64 66 67 71 228 229 230 231 232 235 236 237 239 241 242 243 245 248 249 250 252 254 255 256 257 
3600 2 4 10 81 85 94 109 228 229 231 232 234 235 238 239 240 242 244 246 248 249 251 254 256 
3600 3 15 116 131 140 142 144 149 150 
3600 4 2 18 19 155 161 167 170 185 228 229 230 232 233 234 235 238 240 242 244 246 247 248 251 252 255 257 
3600 5 23 26 191 202 214 218 221 223 
3600 6 35 55 61 65 72 
3600 7 8 9 32 33 37 38 49 57 
3600 8 7 27 42 44 47 49 51 64 
3600 9 7 39 41 45 69 
3600 10 2 94 
3600 11 75 80 83 
3600 12 13 78 80 81 98 105 
3600 13 12 80 91 105 106 109 
3600 14 76 78 86 
3600 15 3 126 128 136 145 
3600 16 118 121 140 
3600 17 118 121 129 131 142 148 
3600 18 4 20 158 169 170 177 182 
3600 19 4 159 177 
3600 20 18 153 154 182 185 
3600 21 22 167 177 181 
3600 22 21 155 169 184 
3600 23 5 25 191 195 199 214 215 
3600 24 25 26 188 190 195 202 215 218 
3600 25 23 24 
3600 26 5 24 188 193 195 218 223 224 227 
3600 27 8 29 51 60 71 
3600 28 34 42 57 72 
3600 29 27 31 43 63 65 66 69 70 
3600 30 32 39 45 60 
3600 31 29 44 66 70 
3600 32 1 7 30 37 44 45 46 48 
3600 33 7 38 41 47 50 54 55 62 
3600 34 28 38 39 47 51 57 62 66 
3600 35 1 6 
3600 36 58 59 
3600 37 7 32 52 58 60 66 72 
3600 38 7 33 34 41 43 54 55 62 
3600 39 9 30 34 49 65 69 
3600 40 59 62 69 70 
3600 41 9 33 38 44 54 58 60 
3600 42 8 28 46 49 61 64 70 72 
3600 43 29 38 46 47 48 60 69 70 
3600 44 8 31 32 41 49 56 60 
3600 45 1 9 30 32 50 55 61 70 
3600 46 32 42 43 50 51 59 60 64 
3600 47 8 33 34 43 52 53 62 65 
3600 48 32 43 59 68 
3600 49 7 8 39 42 44 
3600 50 33 45 46 52 54 64 66 
3600 51 8 27 34 46 68 
3600 52 37 47 50 67 
3600 53 47 61 66 
3600 54 33 38 41 50 59 63 70 72 
3600 55 6 33 38 45 62 70 
3600 56 44 64 
3600 57 7 28 34 58 
3600 58 36 37 41 57 63 69 71 
3600 59 36 40 46 48 54 68 70 
3600 60 27 30 37 41 43 44 46 66 
3600 61 6 42 45 53 64 
3600 62 33 34 38 40 47 55 71 72 
3600 63 29 54 58 70 
3600 64 1 8 42 46 50 56 61 
3600 65 6 29 39 47 
3600 66 1 29 31 34 37 50 53 60 69 
3600 67 1 52 
3600 68 48 51 59 70 
3600 69 9 29 39 40 43 58 66 
3600 70 29 31 40 42 43 45 54 55 59 63 68 
3600 71 1 27 58 62 
3600 72 6 28 37 42 54 62 
3600 73 
3600 74 80 95 
3600 75 11 76 78 82 83 94 101 105 109 
3600 76 14 75 85 87 
3600 77 89 100 
3600 78 12 14 75 82 109 
3600 79 101 
3600 80 11 12 13 74 95 108 
3600 81 2 12 90 99 106 
3600 82 75 78 85 109 
3600 83 11 75 87 101 105 
3600 84 94 
3600 85 0 2 76 82 92 98 
3600 86 14 97 
3600 87 76 83 
3600 88 90 
3600 89 77 
3600 90 81 88 91 106 
3600 91 13 90 109 112 
3600 92 85 99 108 112 
3600 93 106 
3600 94 2 10 75 84 96 
3600 95 74 80 98 108 110 
3600 96 0 94 97 106 108 
3600 97 86 96 
3600 98 12 85 95 99 101 
3600 99 81 92 98 103 
3600 100 77 101 109 
3600 101 75 79 83 98 100 
3600 102 
3600 103 99 
3600 104 
3600 105 12 13 75 83 
3600 106 13 81 90 93 96 
3600 107 
3600 108 80 92 95 96 
3600 109 2 13 75 78 82 91 100 
3600 110 95 
3600 111 
3600 112 0 91 92 
3600 113 131 138 149 
3600 114 118 136 145 151 
3600 115 126 127 130 142 144 145 
3600 116 3 118 121 136 137 146 149 
3600 117 123 124 136 137 140 143 145 150 
3600 118 16 17 114 116 121 126 129 136 
3600 119 141 147 
3600 120 121 134 142 
3600 121 16 17 116 118 120 140 147 150 
3600 122 135 136 
3600 123 117 129 150 
3600 124 117 129 140 141 142 144 149 151 
3600 125 133 135 
3600 126 15 115 118 
3600 127 115 128 132 
3600 128 15 127 140 
3600 129 17 118 123 124 132 
3600 130 115 139 144 
3600 131 3 17 113 134 138 
3600 132 127 129 136 145 149 
3600 133 125 
3600 134 120 131 135 136 151 
3600 135 122 125 134 139 140 
3600 136 15 114 116 117 118 122 132 134 144 
3600 137 116 117 138 144 145 150 151 
3600 138 113 131 137 140 141 142 148 149 
3600 139 130 135 
3600 140 3 16 117 121 124 128 135 138 
3600 141 119 124 138 142 146 147 
3600 142 3 17 115 120 124 138 141 147 
3600 143 117 146 149 151 
3600 144 3 115 124 130 136 137 147 
3600 145 15 114 115 117 132 137 151 
3600 146 116 141 143 149 
3600 147 119 121 141 142 144 148 
3600 148 17 138 147 
3600 149 3 113 116 124 132 138 143 146 
3600 150 3 117 121 123 137 
3600 151 114 124 134 137 143 145 
3600 152 153 158 161 177 183 
3600 153 20 152 159 173 182 185 
3600 154 20 155 158 
3600 155 4 22 154 157 165 167 177 186 
3600 156 162 164 165 174 177 178 181 
3600 157 155 164 
3600 158 18 152 154 173 174 
3600 159 19 153 164 165 177 
3600 160 166 169 
3600 161 4 152 175 180 182 
3600 162 156 172 175 183 
3600 163 169 172 177 178 185 
3600 164 156 157 159 169 174 175 185 186 
3600 165 155 156 159 184 
3600 166 160 
3600 167 4 21 155 170 
3600 168 
3600 169 18 22 160 163 164 181 182 
3600 170 4 18 167 173 177 184 
3600 171 
3600 172 162 163 177 182 186 
3600 173 153 158 170 178 180 186 
3600 174 156 158 164 179 180 181 
3600 175 161 162 164 186 
3600 176 
3600 177 18 19 21 152 155 156 159 163 170 172 179 
3600 178 156 163 173 183 186 
3600 179 174 177 
3600 180 161 173 174 186 
3600 181 21 156 169 174 185 
3600 182 18 20 153 161 169 172 186 
3600 183 152 162 178 185 
3600 184 22 165 170 
3600 185 4 20 153 163 164 181 183 186 
3600 186 155 164 172 173 175 178 180 182 185 
3600 187 196 225 
3600 188 24 26 204 
3600 189 199 205 216 
3600 190 24 193 196 214 219 
3600 191 5 23 203 207 208 221 225 
3600 192 
3600 193 26 190 205 221 223 227 
3600 194 208 219 
3600 195 23 24 26 217 226 
3600 196 187 190 197 200 220 
3600 197 196 198 207 223 227 
3600 198 197 205 226 
3600 199 23 189 214 227 
3600 200 196 207 223 
3600 201 210 
3600 202 5 24 219 
3600 203 191 
3600 204 188 206 207 208 216 221 
3600 205 189 193 198 219 224 226 
3600 206 204 217 
3600 207 191 197 200 204 226 
3600 208 191 194 204 
3600 209 
3600 210 201 211 
3600 211 210 
3600 212 
3600 213 226 
3600 214 5 23 190 199 223 
3600 215 23 24 225 
3600 216 189 204 221 
3600 217 195 206 
3600 218 5 24 26 226 
3600 219 190 194 202 205 
3600 220 196 223 224 
3600 221 5 191 193 204 216 222 
3600 222 221 224 
3600 223 5 26 193 197 200 214 220 224 
3600 224 26 205 220 222 223 
3600 225 187 191 215 227 
3600 226 195 198 205 207 213 218 
3600 227 26 193 197 199 225 
3600 228 0 1 2 4 
3600 229 0 1 2 4 
3600 230 0 1 4 
3600 231 0 1 2 
3600 232 0 1 2 4 
3600 233 0 4 
3600 234 0 2 4 
3600 235 0 1 2 4 
3600 236 0 1 
3600 237 0 1 
3600 238 0 2 4 
3600 239 0 1 2 
3600 240 0 2 4 
3600 241 0 1 
3600 242 0 1 2 4 
3600 243 0 1 
3600 244 0 2 4 
3600 245 0 1 
3600 246 0 2 4 
3600 247 0 4 
3600 248 0 1 2 4 
3600 249 0 1 2 
3600 250 0 1 
3600 251 0 2 4 
3600 252 0 1 4 
3600 253 0 
3600 254 0 1 2 
3600 255 0 1 4 
3600 256 0 1 2 
3600 257 0 1 4 
5400 0 2 4 77 81 89 105 110 112 228 229 230 231 232 233 234 235 236 237 238 239 240 241 242 243 244 245 246 247 248 249 250 251 252 253 254 255 256 257 
5400 1 2 9 32 43 48 51 69 70 228 229 230 231 232 235 236 237 239 241 242 243 245 248 249 250 252 254 255 256 257 
5400 2 0 1 4 13 75 81 94 112 228 229 231 232 234 235 238 239 240 242 244 246 248 249 251 254 256 
5400 3 16 17 117 128 129 141 142 145 
5400 4 0 2 170 173 174 181 185 228 229 230 232 233 234 235 238 240 242 244 246 247 248 251 252 255 257 
5400 5 23 26 188 204 205 216 218 225 
5400 6 31 40 54 57 60 61 64 72 
5400 7 8 9 27 49 50 54 
5400 8 7 37 43 44 55 57 58 67 
5400 9 1 7 31 34 52 56 64 
5400 10 75 94 101 
5400 11 12 108 
5400 12 11 81 82 92 96 101 
5400 13 2 79 82 106 
5400 14 86 96 105 
5400 15 116 122 129 144 151 
5400 16 3 113 122 134 136 143 150 
5400 17 3 122 127 137 142 144 146 147 
5400 18 19 157 167 183 
5400 19 18 158 167 172 173 181 183 
5400 20 152 157 173 174 182 183 
5400 21 158 173 181 184 
5400 22 154 172 175 182 
5400 23 5 191 198 223 227 
5400 24 194 200 204 226 227 
5400 25 190 208 216 
5400 26 5 193 197 199 214 216 
5400 27 7 28 43 48 50 60 62 66 
5400 28 27 44 65 
5400 29 31 34 39 41 46 56 
5400 30 37 43 49 52 
5400 31 6 9 29 32 47 61 67 72 
5400 32 1 31 37 54 55 
5400 33 37 43 62 
5400 34 9 29 48 55 56 61 66 69 
5400 35 50 56 
5400 36 37 39 51 70 
5400 37 8 30 32 33 36 45 56 60 
5400 38 39 47 49 60 66 
5400 39 29 36 38 42 54 58 62 63 
5400 40 6 44 46 52 58 60 65 
5400 41 29 48 50 58 61 65 66 70 
5400 42 39 45 46 58 69 
5400 43 1 8 27 30 33 54 55 
5400 44 8 28 40 45 46 49 60 67 
5400 45 37 42 44 50 55 
5400 46 29 40 42 44 52 67 68 69 
5400 47 31 38 62 
5400 48 1 27 34 41 68 70 
5400 49 7 30 38 44 52 54 61 
5400 50 7 27 35 41 45 71 
5400 51 1 36 54 63 66 68 
5400 52 9 30 40 46 49 59 61 63 71 
5400 53 66 
5400 54 6 7 32 39 43 49 51 60 64 67 72 
5400 55 8 32 34 43 45 58 
5400 56 9 29 34 35 37 58 61 64 71 
5400 57 6 8 60 65 
5400 58 8 39 40 41 42 55 56 62 
5400 59 52 64 
5400 60 6 27 37 38 40 44 54 57 
5400 61 6 31 34 41 49 52 56 66 
5400 62 27 33 39 47 58 65 69 
5400 63 39 51 52 66 
5400 64 6 9 54 56 59 66 
5400 65 28 40 41 57 62 
5400 66 27 34 38 41 51 53 61 63 64 
5400 67 8 31 44 46 54 
5400 68 46 48 51 70 
5400 69 1 34 42 46 62 70 
5400 70 1 36 41 48 68 69 71 
5400 71 50 52 56 70 
5400 72 6 31 54 
5400 73 90 111 
5400 74 75 90 95 96 98 
5400 75 2 10 74 89 90 91 112 
5400 76 91 96 
5400 77 0 
5400 78 79 95 
5400 79 13 78 92 101 
5400 80 99 107 112 
5400 81 0 2 12 112 
5400 82 12 13 112 
5400 83 85 89 91 92 106 
5400 84 88 
5400 85 83 88 106 
5400 86 14 87 89 99 108 
5400 87 86 95 
5400 88 84 85 
5400 89 0 75 83 86 100 
5400 90 73 74 75 95 98 
5400 91 75 76 83 95 109 112 
5400 92 12 79 83 93 99 
5400 93 92 
5400 94 2 10 96 108 112 
5400 95 74 78 87 90 91 108 111 112 
5400 96 12 14 74 76 94 101 112 
5400 97 112 
5400 98 74 90 99 
5400 99 80 86 92 98 112 
5400 100 89 
5400 101 10 12 79 96 106 
5400 102 
5400 103 
5400 104 
5400 105 0 14 108 110 
5400 106 13 83 85 101 
5400 107 80 
5400 108 11 86 94 95 105 
5400 109 91 112 
5400 110 0 105 
5400 111 73 95 
5400 112 0 2 75 80 81 82 91 94 95 96 97 99 109 
5400 113 16 127 143 144 148 
5400 114 123 135 145 151 
5400 115 130 134 142 
5400 116 15 117 129 140 143 146 
5400 117 3 116 118 122 123 131 134 
5400 118 117 122 127 134 136 137 138 149 
5400 119 131 141 
5400 120 124 128 132 138 142 143 149 
5400 121 132 143 
5400 122 15 16 17 117 118 128 131 146 
5400 123 114 117 124 134 148 151 
5400 124 120 123 129 131 134 136 149 150 
5400 125 
5400 126 131 137 141 151 
5400 127 17 113 118 
5400 128 3 120 122 137 142 144 145 149 
5400 129 3 15 116 124 131 138 146 
5400 130 115 135 139 
5400 131 117 119 122 124 126 129 143 
5400 132 120 121 138 144 147 148 
5400 133 
5400 134 16 115 117 118 123 124 146 151 
5400 135 114 130 
5400 136 16 118 124 138 143 144 146 150 
5400 137 17 118 126 128 147 
5400 138 118 120 129 132 136 143 
5400 139 130 
5400 140 116 148 
5400 141 3 119 126 148 
5400 142 3 17 115 120 128 146 
5400 143 16 113 116 120 121 131 136 138 149 
5400 144 15 17 113 128 132 136 
5400 145 3 114 128 147 150 
5400 146 17 116 122 129 134 136 142 149 
5400 147 17 132 137 145 
5400 148 113 123 132 140 141 
5400 149 118 120 124 128 143 146 
5400 150 16 124 136 145 
5400 151 15 114 123 126 134 
5400 152 20 164 
5400 153 155 157 164 170 
5400 154 22 155 159 176 
5400 155 153 154 167 186 
5400 156 157 162 175 184 185 
5400 157 18 20 153 156 183 
5400 158 19 21 161 167 182 
5400 159 154 170 183 185 
5400 160 174 
5400 161 158 170 177 184 185 186 
5400 162 156 170 174 175 184 
5400 163 175 178 180 
5400 164 152 153 178 181 
5400 165 
5400 166 
5400 167 18 19 155 158 183 
5400 168 171 
5400 169 
5400 170 4 153 159 161 162 175 178 180 
5400 171 168 
5400 172 19 22 175 176 183 
5400 173 4 19 20 21 174 186 
5400 174 4 20 160 162 173 179 185 
5400 175 22 156 162 163 170 172 
5400 176 154 172 
5400 177 161 183 185 
5400 178 163 164 170 185 
5400 179 174 
5400 180 163 170 183 184 185 
5400 181 4 19 21 164 182 
5400 182 20 22 158 181 186 
5400 183 18 19 20 157 159 167 172 177 180 
5400 184 21 156 161 162 180 
5400 185 4 156 159 161 174 177 178 180 186 
5400 186 155 161 173 182 185 
5400 187 188 223 
5400 188 5 187 196 207 222 
5400 189 190 191 203 211 213 225 
5400 190 25 189 223 
5400 191 23 189 204 205 214 
5400 192 195 
5400 193 26 199 202 204 216 219 
5400 194 24 205 208 213 227 
5400 195 192 213 
5400 196 188 
5400 197 26 200 207 223 225 
5400 198 23 205 207 224 
5400 199 26 193 218 
5400 200 24 197 
5400 201 203 211 212 
5400 202 193 
5400 203 189 201 
5400 204 5 24 191 193 206 220 
5400 205 5 191 194 198 207 220 223 225 227 
5400 206 204 224 
5400 207 188 197 198 205 220 225 227 
5400 208 25 194 220 
5400 209 
5400 210 
5400 211 189 201 219 
5400 212 201 216 219 
5400 213 189 194 195 214 215 218 
5400 214 26 191 213 216 224 227 
5400 215 213 220 225 227 
5400 216 5 25 26 193 212 214 218 224 
5400 217 
5400 218 5 199 213 216 219 220 
5400 219 193 211 212 218 220 223 
5400 220 204 205 207 208 215 218 219 227 
5400 221 
5400 222 188 225 
5400 223 23 187 190 197 205 219 225 
5400 224 198 206 214 216 
5400 225 5 189 197 205 207 215 222 223 
5400 226 24 
5400 227 23 24 194 205 207 214 215 220 
5400 228 0 1 2 4 
5400 229 0 1 2 4 
5400 230 0 1 4 
5400 231 0 1 2 
5400 232 0 1 2 4 
5400 233 0 4 
5400 234 0 2 4 
5400 235 0 1 2 4 
5400 236 0 1 
5400 237 0 1 
5400 238 0 2 4 
5400 239 0 1 2 
5400 240 0 2 4 
5400 241 0 1 
5400 242 0 1 2 4 
5400 243 0 1 
5400 244 0 2 4 
5400 245 0 1 
5400 246 0 2 4 
5400 247 0 4 
5400 248 0 1 2 4 
5400 249 0 1 2 
5400 250 0 1 
5400 251 0 2 4 
5400 252 0 1 4 
5400 253 0 
5400 254 0 1 2 
5400 255 0 1 4 
5400 256 0 1 2 
5400 257 0 1 4 
7200 0 86 95 96 110 
7200 1 5 7 34 44 56 67 70 72 228 229 230 231 232 235 236 237 239 241 242 243 245 248 249 250 252 254 255 256 257 
7200 2 11 13 81 92 96 
7200 3 117 123 137 143 145 150 
7200 4 152 153 168 177 
7200 5 1 26 188 193 205 208 219 224 228 229 230 231 233 235 236 238 239 241 242 243 244 247 248 250 251 253 255 256 
7200 6 8 31 39 48 55 57 58 69 
7200 7 1 29 41 48 58 61 
7200 8 6 29 72 
7200 9 31 32 43 48 51 58 
7200 10 13 14 94 112 
7200 11 2 14 75 80 85 86 91 
7200 12 74 97 
7200 13 2 10 75 82 94 97 99 
7200 14 10 11 82 94 
7200 15 114 116 126 147 148 150 
7200 16 123 132 134 136 143 145 151 
7200 17 123 129 131 148 149 
7200 18 156 177 184 
7200 19 164 169 173 183 
7200 20 153 154 155 159 167 172 173 
7200 21 22 159 175 184 186 
7200 22 21 174 186 
7200 23 188 190 208 216 220 221 224 225 
7200 24 25 195 219 223 224 226 227 
7200 25 24 199 200 216 218 225 
7200 26 5 191 197 202 218 220 223 226 227 
7200 27 35 47 49 52 62 64 
7200 28 41 65 
7200 29 7 8 38 39 51 58 60 63 
7200 30 32 39 41 56 58 70 
7200 31 6 9 35 38 40 49 52 58 
7200 32 9 30 35 44 45 47 48 65 
7200 33 56 58 64 70 
7200 34 1 40 46 47 51 55 71 
7200 35 27 31 32 66 71 
7200 36 37 44 51 
7200 37 36 45 46 56 71 
7200 38 29 31 41 58 60 67 70 71 
7200 39 6 29 30 40 45 52 
7200 40 31 34 39 48 53 54 60 66 
7200 41 7 28 30 38 60 67 70 72 
7200 42 55 56 61 62 64 65 66 72 
7200 43 9 45 46 50 54 57 60 61 
7200 44 1 32 36 46 64 67 
7200 45 32 37 39 43 61 62 
7200 46 34 37 43 44 52 65 69 
7200 47 27 32 34 55 58 
7200 48 6 7 9 32 40 63 68 70 
7200 49 27 31 53 58 60 61 68 70 
7200 50 43 55 71 
7200 51 9 29 34 36 59 
7200 52 27 31 39 46 54 57 66 69 
7200 53 40 49 58 
7200 54 40 43 52 60 63 66 67 72 
7200 55 6 34 42 47 50 58 65 66 
7200 56 1 30 33 37 42 57 59 71 
7200 57 6 43 52 56 65 67 
7200 58 6 7 9 29 30 31 33 38 47 49 53 55 63 65 
7200 59 51 56 68 
7200 60 29 38 40 41 43 49 54 
7200 61 7 42 43 45 49 
7200 62 27 42 45 65 67 71 
7200 63 29 48 54 58 69 70 
7200 64 27 33 42 44 69 
7200 65 28 32 42 46 55 57 58 62 
7200 66 35 40 42 52 54 55 67 70 
7200 67 1 38 41 44 54 57 62 66 
7200 68 48 49 59 
7200 69 6 46 52 63 64 
7200 70 1 30 33 38 41 48 49 63 66 71 
7200 71 34 35 37 38 50 56 62 70 
7200 72 1 8 41 42 54 
7200 73 76 88 
7200 74 12 82 91 112 
7200 75 11 13 76 86 105 108 
7200 76 73 75 87 95 105 108 
7200 77 
7200 78 98 108 112 
7200 79 107 
7200 80 11 86 91 100 105 108 
7200 81 2 84 99 
7200 82 13 14 74 86 92 105 108 
7200 83 87 
7200 84 81 91 97 
7200 85 11 101 
7200 86 0 11 75 80 82 92 94 110 
7200 87 76 83 88 
7200 88 73 87 90 
7200 89 
7200 90 88 106 
7200 91 11 74 80 84 95 
7200 92 2 82 86 105 
7200 93 99 
7200 94 10 13 14 86 112 
7200 95 0 76 91 97 109 
7200 96 0 2 97 112 
7200 97 12 13 84 95 96 98 112 
7200 98 78 97 101 105 112 
7200 99 13 81 93 109 
7200 100 80 107 
7200 101 85 98 
7200 102 
7200 103 
7200 104 
7200 105 75 76 80 82 92 98 
7200 106 90 108 112 
7200 107 79 100 
7200 108 75 76 78 80 82 106 
7200 109 95 99 112 
7200 110 0 86 
7200 111 
7200 112 10 74 78 94 96 97 98 106 109 
7200 113 129 145 151 
7200 114 15 120 132 137 145 146 
7200 115 130 137 142 
7200 116 15 126 131 132 134 147 151 
7200 117 3 120 122 127 131 132 134 138 146 151 
7200 118 123 130 
7200 119 124 
7200 120 114 117 124 128 129 137 
7200 121 127 137 138 142 143 147 
7200 122 117 127 131 136 147 149 
7200 123 3 16 17 118 138 151 
7200 124 119 120 132 142 145 146 
7200 125 
7200 126 15 116 135 142 145 
7200 127 117 121 122 138 
7200 128 120 131 142 149 
7200 129 17 113 120 131 136 149 
7200 130 115 118 135 
7200 131 17 116 117 122 128 129 151 
7200 132 16 114 116 117 124 134 137 
7200 133 150 
7200 134 16 116 117 132 146 149 
7200 135 126 130 
7200 136 16 122 129 137 140 148 149 
7200 137 3 114 115 120 121 132 136 139 144 
7200 138 117 121 123 127 142 150 
7200 139 137 
7200 140 136 
7200 141 149 
7200 142 115 121 124 126 128 138 146 
7200 143 3 16 121 
7200 144 137 
7200 145 3 16 113 114 124 126 
7200 146 114 117 124 134 142 
7200 147 15 116 121 122 
7200 148 15 17 136 
7200 149 17 122 128 129 134 136 141 
7200 150 3 15 133 138 
7200 151 16 113 116 117 123 131 
7200 152 4 154 161 
7200 153 4 20 155 170 173 182 
7200 154 20 152 157 175 176 
7200 155 20 153 162 178 182 
7200 156 18 157 161 
7200 157 154 156 172 
7200 158 168 181 182 
7200 159 20 21 182 183 184 186 
7200 160 163 166 
7200 161 152 156 168 177 183 
7200 162 155 177 
7200 163 160 164 177 
7200 164 19 163 177 183 
7200 165 
7200 166 160 
7200 167 20 181 
7200 168 4 158 161 169 174 177 
7200 169 19 168 177 
7200 170 153 177 182 184 
7200 171 
7200 172 20 157 180 
7200 173 19 20 153 
7200 174 22 168 175 176 180 186 
7200 175 21 154 174 177 184 
7200 176 154 174 180 
7200 177 4 18 161 162 163 164 168 169 170 175 184 
7200 178 155 
7200 179 
7200 180 172 174 176 183 
7200 181 158 167 185 
7200 182 153 155 158 159 170 
7200 183 19 159 161 164 180 186 
7200 184 18 21 159 170 175 177 
7200 185 181 
7200 186 21 22 159 174 183 
7200 187 196 214 221 
7200 188 5 23 190 
7200 189 199 203 210 212 219 
7200 190 23 188 197 203 205 216 
7200 191 26 207 
7200 192 213 
7200 193 5 194 197 224 
7200 194 193 208 
7200 195 24 213 215 217 224 
7200 196 187 225 
7200 197 26 190 193 200 205 208 221 
7200 198 213 
7200 199 25 189 202 214 225 
7200 200 25 197 214 
7200 201 211 
7200 202 26 199 208 213 
7200 203 189 190 214 219 225 
7200 204 221 
7200 205 5 190 197 219 223 226 227 
7200 206 
7200 207 191 224 225 
7200 208 5 23 194 197 202 
7200 209 
7200 210 189 219 
7200 211 201 218 
7200 212 189 218 
7200 213 192 195 198 202 226 
7200 214 187 199 200 203 
7200 215 195 222 225 
7200 216 23 25 190 219 
7200 217 195 226 
7200 218 25 26 211 212 219 225 
7200 219 5 24 189 203 205 210 216 218 
7200 220 23 26 225 
7200 221 23 187 197 204 
7200 222 215 
7200 223 24 26 205 
7200 224 5 23 24 193 195 207 
7200 225 23 25 196 199 203 207 215 218 220 
7200 226 24 26 205 213 217 
7200 227 24 26 205 
7200 228 1 5 
7200 229 1 5 
7200 230 1 5 
7200 231 1 5 
7200 232 1 
7200 233 5 
7200 235 1 5 
7200 236 1 5 
7200 237 1 
7200 238 5 
7200 239 1 5 
7200 241 1 5 
7200 242 1 5 
7200 243 1 5 
7200 244 5 
7200 245 1 
7200 247 5 
7200 248 1 5 
7200 249 1 
7200 250 1 5 
7200 251 5 
7200 252 1 
7200 253 5 
7200 254 1 
7200 255 1 5 
7200 256 1 5 
7200 257 1 
9000 0 3 4 228 229 230 231 232 233 234 235 236 237 238 239 240 241 242 243 244 245 246 247 248 249 250 251 252 253 254 255 256 257 
9000 1 9 37 38 40 42 46 69 
9000 2 11 12 13 14 75 78 101 109 
9000 3 0 113 116 117 123 145 147 150 228 229 230 232 234 235 237 238 239 241 243 245 248 249 250 252 253 254 256 
9000 4 0 5 161 162 164 167 174 182 228 229 230 232 233 234 235 238 240 242 244 246 247 248 251 252 255 257 
9000 5 4 197 203 204 228 229 230 231 233 235 236 238 239 241 242 243 244 247 248 250 251 253 255 256 
9000 6 29 38 46 61 65 72 
9000 7 9 28 37 
9000 8 29 41 45 62 65 67 70 
9000 9 1 7 40 41 50 57 62 66 
9000 10 14 83 85 96 98 101 108 
9000 11 2 78 81 86 94 95 
9000 12 2 74 78 105 108 109 
9000 13 2 14 80 81 83 108 
9000 14 2 10 13 85 97 99 101 
9000 15 115 148 
9000 16 115 117 141 145 148 
9000 17 116 120 
9000 18 154 161 163 164 177 178 185 
9000 19 182 
9000 20 22 152 173 
9000 21 167 
9000 22 20 153 159 167 172 180 183 185 
9000 23 188 190 193 202 208 224 225 
9000 24 215 
9000 25 188 193 219 224 225 226 
9000 26 188 199 202 
9000 27 31 42 43 48 57 
9000 28 7 56 
9000 29 6 8 36 44 62 
9000 30 40 57 60 61 66 
9000 31 27 43 50 54 57 60 62 67 
9000 32 38 43 45 47 57 65 67 72 
9000 33 35 40 44 50 54 67 70 71 
9000 34 62 64 66 70 71 
9000 35 33 45 72 
9000 36 29 37 68 
9000 37 1 7 36 40 45 62 63 67 
9000 38 1 6 32 42 53 54 55 61 63 
9000 39 44 62 
9000 40 1 9 30 33 37 45 52 58 59 
9000 41 8 9 49 50 55 56 64 69 
9000 42 1 27 38 46 65 69 70 
9000 43 27 31 32 51 60 63 64 66 
9000 44 29 33 39 49 52 64 65 69 
9000 45 8 32 35 37 40 47 50 60 
9000 46 1 6 42 49 51 58 62 67 
9000 47 32 45 55 56 62 
9000 48 27 66 69 
9000 49 41 44 46 58 60 61 64 65 
9000 50 9 31 33 41 45 
9000 51 43 46 70 
9000 52 40 44 54 55 57 59 62 66 
9000 53 38 
9000 54 31 33 38 52 56 60 
9000 55 38 41 47 52 56 65 70 72 
9000 56 28 41 47 54 55 57 69 70 
9000 57 9 27 30 31 32 52 56 65 
9000 58 40 46 49 70 
9000 59 40 52 66 69 
9000 60 30 31 43 45 49 54 72 
9000 61 6 30 38 49 
9000 62 8 9 29 31 34 37 39 46 47 52 66 67 
9000 63 37 38 43 64 68 
9000 64 34 41 43 44 49 63 
9000 65 6 8 32 42 44 49 55 57 72 
9000 66 9 30 34 43 48 52 59 62 
9000 67 8 31 32 33 37 46 62 71 
9000 68 36 63 69 
9000 69 1 41 42 44 48 56 59 68 
9000 70 8 33 34 42 51 55 56 58 
9000 71 33 34 67 
9000 72 6 32 35 55 60 65 
9000 73 91 94 108 
9000 74 12 81 96 
9000 75 2 82 83 86 95 96 112 
9000 76 83 99 
9000 77 
9000 78 2 11 12 82 92 93 97 101 
9000 79 103 
9000 80 13 
9000 81 11 13 74 83 84 90 92 94 102 
9000 82 75 78 86 91 95 97 106 112 
9000 83 10 13 75 76 81 85 91 94 
9000 84 81 85 90 94 
9000 85 10 14 83 84 90 99 112 
9000 86 11 75 82 92 99 108 
9000 87 
9000 88 94 
9000 89 
9000 90 81 84 85 91 99 
9000 91 73 82 83 90 96 
9000 92 78 81 86 93 108 
9000 93 78 92 98 102 
9000 94 11 73 81 83 84 88 
9000 95 11 75 82 101 104 
9000 96 10 74 75 91 101 106 
9000 97 14 78 82 
9000 98 10 93 
9000 99 14 76 85 86 90 
9000 100 112 
9000 101 2 10 14 78 95 96 108 
9000 102 81 93 
9000 103 79 
9000 104 95 
9000 105 12 109 112 
9000 106 82 96 112 
9000 107 
9000 108 10 12 13 73 86 92 101 
9000 109 2 12 105 110 
9000 110 109 111 
9000 111 110 
9000 112 75 82 85 100 105 106 
9000 113 3 118 122 128 129 132 143 
9000 114 126 127 131 134 136 137 144 145 151 
9000 115 15 16 144 
9000 116 3 17 117 123 127 131 146 148 
9000 117 3 16 116 124 138 143 
9000 118 113 127 131 134 146 
9000 119 125 129 131 141 148 
9000 120 17 121 136 141 150 151 
9000 121 120 122 136 147 
9000 122 113 121 135 148 
9000 123 3 116 128 132 138 147 
9000 124 117 126 128 131 145 
9000 125 119 
9000 126 114 124 128 136 138 
9000 127 114 116 118 132 136 137 138 145 
9000 128 113 123 124 126 149 
9000 129 113 119 136 151 
9000 130 
9000 131 114 116 118 119 124 132 138 
9000 132 113 123 127 131 136 
9000 133 150 
9000 134 114 118 
9000 135 122 
9000 136 114 120 121 126 127 129 132 143 
9000 137 114 127 
9000 138 117 123 126 127 131 142 143 151 
9000 139 
9000 140 148 
9000 141 16 119 120 
9000 142 138 151 
9000 143 113 117 136 138 147 149 151 
9000 144 114 115 
9000 145 3 16 114 124 127 149 
9000 146 116 118 
9000 147 3 121 123 143 
9000 148 15 16 116 119 122 140 
9000 149 128 143 145 
9000 150 3 120 133 
9000 151 114 120 129 138 142 143 
9000 152 20 156 165 172 175 184 
9000 153 22 158 170 172 175 178 
9000 154 18 158 159 176 180 183 184 185 
9000 155 157 158 164 178 181 184 185 
9000 156 152 182 
9000 157 155 180 
9000 158 153 154 155 163 175 177 
9000 159 22 154 177 180 183 
9000 160 178 179 185 
9000 161 4 18 174 180 
9000 162 4 170 181 184 
9000 163 18 158 164 170 174 175 181 186 
9000 164 4 18 155 163 167 172 174 183 
9000 165 152 
9000 166 
9000 167 4 21 22 164 185 
9000 168 171 
9000 169 
9000 170 153 162 163 172 177 182 184 185 
9000 171 168 
9000 172 22 152 153 164 170 180 
9000 173 20 
9000 174 4 161 163 164 180 
9000 175 152 153 158 163 185 
9000 176 154 
9000 177 18 158 159 170 180 181 
9000 178 18 153 155 160 182 185 
9000 179 160 
9000 180 22 154 157 159 161 172 174 177 186 
9000 181 155 162 163 177 182 183 
9000 182 4 19 156 170 178 181 
9000 183 22 154 159 164 181 185 186 
9000 184 152 154 155 162 170 
9000 185 18 22 154 155 160 167 170 175 178 183 
9000 186 163 180 183 
9000 187 188 190 196 200 227 
9000 188 23 25 26 187 207 223 224 
9000 189 200 203 
9000 190 23 187 200 216 220 221 
9000 191 193 214 225 
9000 192 213 
9000 193 23 25 191 202 212 224 
9000 194 208 211 216 
9000 195 202 
9000 196 187 222 
9000 197 5 202 204 218 220 
9000 198 
9000 199 26 221 
9000 200 187 189 190 224 
9000 201 208 
9000 202 23 26 193 195 197 208 219 226 
9000 203 5 189 218 219 
9000 204 5 197 206 215 224 
9000 205 207 
9000 206 204 
9000 207 188 205 208 213 215 220 224 227 
9000 208 23 194 201 202 207 212 216 
9000 209 
9000 210 
9000 211 194 
9000 212 193 208 218 
9000 213 192 207 
9000 214 191 220 222 
9000 215 24 204 207 220 224 227 
9000 216 190 194 208 219 
9000 217 
9000 218 197 203 212 
9000 219 25 202 203 216 223 
9000 220 190 197 207 214 215 
9000 221 190 199 
9000 222 196 214 223 
9000 223 188 219 222 225 227 
9000 224 23 25 188 193 200 204 207 215 
9000 225 23 25 191 223 
9000 226 25 202 
9000 227 187 207 215 223 
9000 228 0 3 4 5 
9000 229 0 3 4 5 
9000 230 0 3 4 5 
9000 231 0 5 
9000 232 0 3 4 
9000 233 0 4 5 
9000 234 0 3 4 
9000 235 0 3 4 5 
9000 236 0 5 
9000 237 0 3 
9000 238 0 3 4 5 
9000 239 0 3 5 
9000 240 0 4 
9000 241 0 3 5 
9000 242 0 4 5 
9000 243 0 3 5 
9000 244 0 4 5 
9000 245 0 3 
9000 246 0 4 
9000 247 0 4 5 
9000 248 0 3 4 5 
9000 249 0 3 
9000 250 0 3 5 
9000 251 0 4 5 
9000 252 0 3 4 
9000 253 0 3 5 
9000 254 0 3 
9000 255 0 4 5 
9000 256 0 3 5 
9000 257 0 4 
10800 0 99 110 
10800 1 30 40 43 57 60 62 
10800 2 11 105 
10800 3 4 117 122 126 136 138 143 228 229 230 232 234 235 237 238 239 241 243 245 248 249 250 252 253 254 256 
10800 4 3 22 153 155 158 170 173 185 228 229 230 232 233 234 235 238 240 242 244 246 247 248 251 252 255 257 
10800 5 198 203 207 215 226 
10800 6 8 29 34 42 48 61 72 
10800 7 37 67 
10800 8 6 28 35 39 42 49 57 66 
10800 9 40 43 45 50 51 54 60 61 
10800 10 11 12 14 81 99 105 
10800 11 2 10 12 13 85 86 98 109 
10800 12 10 11 82 91 96 108 
10800 13 11 82 83 85 86 97 105 
10800 14 10 75 92 
10800 15 116 120 128 129 131 132 134 137 142 
10800 16 113 114 118 123 145 149 
10800 17 121 127 134 136 137 141 142 147 
10800 18 153 156 161 177 184 185 
10800 19 20 152 153 154 159 172 186 
10800 20 19 21 22 154 164 165 
10800 21 20 159 161 174 177 184 
10800 22 4 20 156 162 165 167 172 
10800 23 190 197 199 214 215 216 223 
10800 24 25 190 191 195 202 208 224 
10800 25 24 195 220 221 224 225 226 227 
10800 26 188 198 214 225 
10800 27 31 34 35 38 39 45 47 48 61 72 
10800 28 8 31 32 50 52 
10800 29 6 31 32 39 44 49 58 59 61 66 69 
10800 30 1 35 43 45 56 57 60 71 
10800 31 27 28 29 60 72 
10800 32 28 29 47 58 61 62 
10800 33 39 46 47 
10800 34 6 27 37 51 57 65 
10800 35 8 27 30 45 62 
10800 36 50 
10800 37 7 34 45 48 49 54 67 70 
10800 38 27 46 52 53 65 70 71 
10800 39 8 27 29 33 55 67 71 72 
10800 40 1 9 44 46 52 58 69 70 
10800 41 42 56 58 59 60 62 72 
10800 42 6 8 41 
10800 43 1 9 30 44 53 59 61 69 
10800 44 29 40 43 48 58 65 68 
10800 45 9 27 30 35 37 54 66 67 
10800 46 33 38 40 50 52 55 72 
10800 47 27 32 33 49 62 64 
10800 48 6 27 37 44 52 68 
10800 49 8 29 37 47 53 54 
10800 50 9 28 36 46 52 54 58 64 
10800 51 9 34 63 
10800 52 28 38 40 46 48 50 54 55 59 
10800 53 38 43 49 
10800 54 9 37 45 49 50 52 67 
10800 55 39 46 52 64 70 
10800 56 30 41 62 66 
10800 57 1 8 30 34 
10800 58 29 32 40 41 44 50 
10800 59 29 41 43 52 70 
10800 60 1 9 30 31 41 62 71 72 
10800 61 6 9 27 29 32 43 64 
10800 62 1 32 35 41 47 56 60 64 
10800 63 51 64 66 70 
10800 64 47 50 55 61 62 63 65 66 69 
10800 65 34 38 44 64 72 
10800 66 8 29 45 56 63 64 69 
10800 67 7 37 39 45 54 70 71 
10800 68 44 48 69 
10800 69 29 40 43 64 66 68 70 
10800 70 37 38 40 55 59 63 67 69 
10800 71 30 38 39 60 67 
10800 72 6 27 31 39 41 46 60 65 
10800 73 75 100 101 107 
10800 74 92 95 
10800 75 14 73 81 82 96 97 98 106 
10800 76 78 95 109 110 
10800 77 80 109 
10800 78 76 85 98 
10800 79 93 
10800 80 77 86 108 
10800 81 10 75 82 83 95 99 
10800 82 12 13 75 81 101 106 
10800 83 13 81 86 106 108 112 
10800 84 
10800 85 11 13 78 90 98 99 
10800 86 11 13 80 83 95 
10800 87 95 
10800 88 
10800 89 110 
10800 90 85 
10800 91 12 
10800 92 14 74 95 107 
10800 93 79 101 102 108 
10800 94 97 109 
10800 95 74 76 81 86 87 92 98 106 112 
10800 96 12 75 109 112 
10800 97 13 75 94 99 
10800 98 11 75 78 85 95 109 
10800 99 0 10 81 85 97 
10800 100 73 108 
10800 101 73 82 93 
10800 102 93 
10800 103 
10800 104 
10800 105 2 10 13 109 112 
10800 106 75 82 83 95 
10800 107 73 92 
10800 108 12 80 83 93 100 112 
10800 109 11 76 77 94 96 98 105 
10800 110 0 76 89 
10800 111 
10800 112 83 95 96 105 108 
10800 113 16 121 122 129 149 
10800 114 16 117 126 131 137 143 149 
10800 115 126 135 
10800 116 15 117 121 126 
10800 117 3 114 116 134 146 148 
10800 118 16 131 134 149 151 
10800 119 121 124 136 
10800 120 15 122 136 138 142 
10800 121 17 113 116 119 122 132 
10800 122 3 113 120 121 128 136 
10800 123 16 131 132 142 149 151 
10800 124 119 126 132 142 150 
10800 125 
10800 126 3 114 115 116 124 130 134 145 
10800 127 17 133 
10800 128 15 122 138 141 143 147 
10800 129 15 113 132 141 147 
10800 130 126 
10800 131 15 114 118 123 134 142 
10800 132 15 121 123 124 129 134 147 151 
10800 133 127 150 
10800 134 15 17 117 118 126 131 132 144 
10800 135 115 148 
10800 136 3 17 119 120 122 149 150 
10800 137 15 17 114 
10800 138 3 120 128 148 
10800 139 144 
10800 140 150 
10800 141 17 128 129 142 
10800 142 15 17 120 123 124 131 141 
10800 143 3 114 128 
10800 144 134 139 
10800 145 16 126 146 
10800 146 117 145 
10800 147 17 128 129 132 148 
10800 148 117 135 138 147 
10800 149 16 113 114 118 123 136 
10800 150 124 133 136 140 
10800 151 118 123 132 
10800 152 19 154 155 165 167 181 183 185 
10800 153 4 18 19 
10800 154 19 20 152 158 161 162 185 
10800 155 4 152 170 175 183 
10800 156 18 22 158 162 167 170 185 186 
10800 157 165 180 186 
10800 158 4 154 156 181 182 
10800 159 19 21 167 170 173 183 186 
10800 160 171 174 
10800 161 18 21 154 180 182 183 186 
10800 162 22 154 156 172 
10800 163 170 174 175 178 183 185 
10800 164 20 169 178 186 
10800 165 20 22 152 157 175 180 181 183 
10800 166 
10800 167 22 152 156 159 185 
10800 168 
10800 169 164 
10800 170 4 155 156 159 163 172 180 181 
10800 171 160 174 
10800 172 19 22 162 170 
10800 173 4 159 174 178 182 
10800 174 21 160 163 171 173 175 179 186 
10800 175 155 163 165 174 
10800 176 
10800 177 18 21 182 
10800 178 163 164 173 183 
10800 179 174 
10800 180 157 161 165 170 181 182 184 
10800 181 152 158 165 170 180 182 185 
10800 182 158 161 173 177 180 181 
10800 183 152 155 159 161 163 165 178 184 186 
10800 184 18 21 180 183 
10800 185 4 18 152 154 156 163 167 181 
10800 186 19 156 157 159 161 164 174 183 
10800 187 190 227 
10800 188 26 207 214 225 
10800 189 191 194 202 204 218 220 
10800 190 23 24 187 204 
10800 191 24 189 221 224 227 
10800 192 
10800 193 198 216 218 
10800 194 189 201 205 
10800 195 24 25 207 217 
10800 196 
10800 197 23 199 220 227 
10800 198 5 26 193 204 226 
10800 199 23 197 205 210 219 
10800 200 204 
10800 201 194 205 210 216 226 
10800 202 24 189 207 220 
10800 203 5 
10800 204 189 190 198 200 208 213 214 226 
10800 205 194 199 201 208 226 
10800 206 
10800 207 5 188 195 202 213 
10800 208 24 204 205 
10800 209 
10800 210 199 201 219 
10800 211 
10800 212 
10800 213 204 207 
10800 214 23 26 188 204 216 221 225 
10800 215 5 23 223 
10800 216 23 193 201 214 
10800 217 195 
10800 218 189 193 
10800 219 199 210 
10800 220 25 189 197 202 221 223 226 
10800 221 25 191 214 220 
10800 222 227 
10800 223 23 215 220 227 
10800 224 24 25 191 
10800 225 25 26 188 214 227 
10800 226 5 25 198 201 204 205 220 
10800 227 25 187 191 197 222 223 225 
10800 228 3 4 
10800 229 3 4 
10800 230 3 4 
10800 232 3 4 
10800 233 4 
10800 234 3 4 
10800 235 3 4 
10800 237 3 
10800 238 3 4 
10800 239 3 
10800 240 4 
10800 241 3 
10800 242 4 
10800 243 3 
10800 244 4 
10800 245 3 
10800 246 4 
10800 247 4 
10800 248 3 4 
10800 249 3 
10800 250 3 
10800 251 4 
10800 252 3 4 
10800 253 3 
10800 254 3 
10800 255 4 
10800 256 3 
10800 257 4 
12600 0 1 3 109 228 229 230 231 232 233 234 235 236 237 238 239 240 241 242 243 244 245 246 247 248 249 250 251 252 253 254 255 256 257 
12600 1 0 4 6 9 37 57 70 71 228 229 230 231 232 235 236 237 239 241 242 243 245 248 249 250 252 254 255 256 257 
12600 2 10 83 84 96 99 101 106 
12600 3 0 122 131 228 229 230 232 234 235 237 238 239 241 243 245 248 249 250 252 253 254 256 
12600 4 1 154 155 159 164 228 229 230 232 233 234 235 238 240 242 244 246 247 248 251 252 255 257 
12600 5 24 26 202 215 216 
12600 6 1 35 39 44 49 56 61 64 
12600 7 29 30 35 46 49 50 54 65 
12600 8 9 32 44 52 71 
12600 9 1 8 35 41 50 52 61 
12600 10 2 81 84 112 
12600 11 13 82 112 
12600 12 14 80 106 109 
12600 13 11 74 80 81 83 85 99 109 
12600 14 12 78 86 96 97 99 105 112 
12600 15 113 129 132 134 136 137 151 
12600 16 126 132 136 138 145 148 
12600 17 114 117 131 136 141 
12600 18 152 154 159 170 174 175 177 185 
12600 19 152 162 174 175 
12600 20 153 162 182 
12600 21 155 177 178 186 
12600 22 161 162 167 173 184 
12600 23 25 197 199 205 207 216 220 223 
12600 24 5 191 200 203 205 215 219 
12600 25 23 190 195 203 204 208 221 
12600 26 5 190 193 198 200 215 223 
12600 27 41 45 46 49 
12600 28 30 32 47 50 56 57 65 72 
12600 29 7 31 36 56 59 60 61 63 
12600 30 7 28 34 43 46 47 52 54 
12600 31 29 32 33 34 35 44 60 
12600 32 8 28 31 47 54 61 65 66 
12600 33 31 35 44 54 60 70 
12600 34 30 31 44 51 64 69 70 72 
12600 35 6 7 9 31 33 45 46 
12600 36 29 39 46 51 
12600 37 1 38 45 46 48 60 62 66 
12600 38 37 42 47 54 56 71 
12600 39 6 36 40 43 45 
12600 40 39 53 55 58 63 64 66 70 
12600 41 9 27 46 48 51 58 61 69 
12600 42 38 47 51 56 57 59 
12600 43 30 39 48 54 61 62 64 66 
12600 44 6 8 31 33 34 52 58 65 
12600 45 27 35 37 39 54 56 60 64 
12600 46 7 27 30 35 36 37 41 47 55 67 
12600 47 28 30 32 38 42 46 60 67 
12600 48 37 41 43 54 69 
12600 49 6 7 27 58 66 68 69 
12600 50 7 9 28 55 
12600 51 34 36 41 42 58 70 
12600 52 8 9 30 44 62 64 67 69 72 
12600 53 40 61 
12600 54 7 30 32 33 38 43 45 48 57 
12600 55 40 46 50 72 
12600 56 6 28 29 38 42 45 57 65 
12600 57 1 28 42 54 56 
12600 58 40 41 44 49 51 63 65 69 
12600 59 29 42 68 70 
12600 60 29 31 33 37 45 47 
12600 61 6 9 29 32 41 43 53 67 
12600 62 37 43 52 
12600 63 29 40 58 
12600 64 6 34 40 43 45 52 71 
12600 65 7 28 32 44 56 58 69 70 
12600 66 32 37 40 43 49 67 
12600 67 46 47 52 61 66 
12600 68 49 59 
12600 69 34 41 48 49 52 58 65 70 
12600 70 1 33 34 40 51 59 65 69 
12600 71 1 8 38 64 
12600 72 28 34 52 55 
12600 73 84 94 97 106 
12600 74 13 84 86 92 105 
12600 75 81 82 84 99 108 
12600 76 104 108 110 
12600 77 
12600 78 14 82 106 109 
12600 79 
12600 80 12 13 103 107 112 
12600 81 10 13 75 82 95 102 110 111 
12600 82 11 75 78 81 83 85 
12600 83 2 13 82 91 94 105 108 
12600 84 2 10 73 74 75 85 90 96 98 
12600 85 13 82 84 91 97 98 101 112 
12600 86 14 74 95 101 109 
12600 87 111 
12600 88 90 94 97 
12600 89 
12600 90 84 88 98 
12600 91 83 85 99 108 109 112 
12600 92 74 100 
12600 93 99 103 
12600 94 73 83 88 98 108 
12600 95 81 86 111 
12600 96 2 14 84 
12600 97 14 73 85 88 98 101 
12600 98 84 85 90 94 97 
12600 99 2 13 14 75 91 93 100 105 
12600 100 92 99 101 
12600 101 2 85 86 97 100 102 
12600 102 81 101 
12600 103 80 93 
12600 104 76 
12600 105 14 74 83 99 111 
12600 106 2 12 73 78 112 
12600 107 80 
12600 108 75 76 83 91 94 
12600 109 0 12 13 78 86 91 
12600 110 76 81 
12600 111 81 87 95 105 
12600 112 10 11 14 80 85 91 106 
12600 113 15 138 141 143 
12600 114 17 
12600 115 126 134 135 
12600 116 136 147 
12600 117 17 120 122 123 140 150 
12600 118 119 121 129 137 146 
12600 119 118 123 129 131 136 149 
12600 120 117 
12600 121 118 124 126 143 146 148 
12600 122 3 117 135 147 149 
12600 123 117 119 147 151 
12600 124 121 131 146 150 
12600 125 
12600 126 16 115 121 139 
12600 127 140 
12600 128 142 
12600 129 15 118 119 
12600 130 
12600 131 3 17 119 124 
12600 132 15 16 138 141 
12600 133 
12600 134 15 115 138 139 151 
12600 135 115 122 142 
12600 136 15 16 17 116 119 
12600 137 15 118 
12600 138 16 113 132 134 144 
12600 139 126 134 
12600 140 117 127 147 150 
12600 141 17 113 132 142 151 
12600 142 128 135 141 145 151 
12600 143 113 121 151 
12600 144 138 
12600 145 16 142 146 151 
12600 146 118 121 124 145 
12600 147 116 122 123 140 148 149 
12600 148 16 121 147 150 151 
12600 149 119 122 147 
12600 150 117 124 140 148 
12600 151 15 123 134 141 142 143 145 148 
12600 152 18 19 157 159 161 170 186 
12600 153 20 155 157 158 162 183 
12600 154 4 18 175 
12600 155 4 21 153 159 161 174 186 
12600 156 162 163 
12600 157 152 153 158 164 181 
12600 158 153 157 161 170 177 180 182 
12600 159 4 18 152 155 170 172 174 
12600 160 
12600 161 22 152 155 158 180 181 184 
12600 162 19 20 22 153 156 167 172 177 180 
12600 163 156 169 173 174 185 186 
12600 164 4 157 178 
12600 165 
12600 166 
12600 167 22 162 
12600 168 169 
12600 169 163 168 170 185 
12600 170 18 152 158 159 169 175 177 180 
12600 171 
12600 172 159 162 175 177 180 181 186 
12600 173 22 163 177 180 
12600 174 18 19 155 159 163 175 183 186 
12600 175 18 19 154 170 172 174 180 
12600 176 178 
12600 177 18 21 158 162 170 172 173 185 
12600 178 21 164 176 186 
12600 179 
12600 180 158 161 162 170 172 173 175 
12600 181 157 161 172 184 
12600 182 20 158 
12600 183 153 174 184 
12600 184 22 161 181 183 
12600 185 18 163 169 177 
12600 186 21 152 155 163 172 174 178 
12600 187 190 205 221 
12600 188 214 
12600 189 190 211 218 
12600 190 25 26 187 189 193 204 220 227 
12600 191 24 197 199 204 207 219 
12600 192 217 
12600 193 26 190 199 202 204 208 219 
12600 194 199 201 219 
12600 195 25 202 204 207 
12600 196 
12600 197 23 191 221 
12600 198 26 217 
12600 199 23 191 193 194 202 211 216 219 
12600 200 24 26 214 215 221 223 225 227 
12600 201 194 219 
12600 202 5 193 195 199 203 
12600 203 24 25 202 205 212 
12600 204 25 190 191 193 195 215 227 
12600 205 23 24 187 203 226 
12600 206 
12600 207 23 191 195 224 
12600 208 25 193 212 220 
12600 209 
12600 210 218 
12600 211 189 199 
12600 212 203 208 218 
12600 213 
12600 214 188 200 227 
12600 215 5 24 26 200 204 225 
12600 216 5 23 199 218 
12600 217 192 198 
12600 218 189 210 212 216 
12600 219 24 191 193 194 199 201 
12600 220 23 190 208 221 226 
12600 221 25 187 197 200 220 
12600 222 224 
12600 223 23 26 200 
12600 224 207 222 
12600 225 200 215 
12600 226 205 220 
12600 227 190 200 204 214 
12600 228 0 1 3 4 
12600 229 0 1 3 4 
12600 230 0 1 3 4 
12600 231 0 1 
12600 232 0 1 3 4 
12600 233 0 4 
12600 234 0 3 4 
12600 235 0 1 3 4 
12600 236 0 1 
12600 237 0 1 3 
12600 238 0 3 4 
12600 239 0 1 3 
12600 240 0 4 
12600 241 0 1 3 
12600 242 0 1 4 
12600 243 0 1 3 
12600 244 0 4 
12600 245 0 1 3 
12600 246 0 4 
12600 247 0 4 
12600 248 0 1 3 4 
12600 249 0 1 3 
12600 250 0 1 3 
12600 251 0 4 
12600 252 0 1 3 4 
12600 253 0 3 
12600 254 0 1 3 
12600 255 0 1 4 
12600 256 0 1 3 
12600 257 0 1 4 
14400 0 5 83 228 229 230 231 232 233 234 235 236 237 238 239 240 241 242 243 244 245 246 247 248 249 250 251 252 253 254 255 256 257 
14400 1 28 40 54 60 61 67 69 70 
14400 2 11 76 97 98 101 105 
14400 3 17 127 129 141 143 147 
14400 4 20 158 170 173 174 183 185 
14400 5 0 214 216 221 224 228 229 230 231 233 235 236 238 239 241 242 243 244 247 248 250 251 253 255 256 
14400 6 7 8 33 34 38 64 65 
14400 7 6 27 52 54 56 59 69 70 
14400 8 6 31 32 43 48 57 66 70 
14400 9 28 29 37 50 62 65 66 71 
14400 10 14 92 105 108 
14400 11 2 86 92 94 
14400 12 109 
14400 13 80 85 86 98 106 
14400 14 10 82 105 
14400 15 132 141 149 
14400 16 17 118 121 134 136 137 138 141 
14400 17 3 16 116 122 138 143 150 
14400 18 152 154 164 169 174 175 177 
14400 19 154 161 163 169 173 186 
14400 20 4 157 159 161 162 175 181 183 
14400 21 163 173 184 186 
14400 22 156 163 169 183 
14400 23 187 188 203 204 227 
14400 24 190 208 225 
14400 25 26 199 205 207 
14400 26 25 190 198 202 205 221 223 225 
14400 27 7 33 40 57 72 
14400 28 1 9 31 37 41 44 68 
14400 29 9 36 49 52 59 61 65 69 
14400 30 31 32 33 40 44 50 66 67 
14400 31 8 28 30 39 52 65 67 
14400 32 8 30 33 
14400 33 6 27 30 32 34 56 65 
14400 34 6 33 40 45 48 54 57 69 
14400 35 
14400 36 29 39 44 50 
14400 37 9 28 46 48 58 63 70 72 
14400 38 6 53 66 
14400 39 31 36 40 51 52 57 63 68 
14400 40 1 27 30 34 39 48 55 62 
14400 41 28 43 46 62 65 69 
14400 42 43 46 50 65 
14400 43 8 41 42 52 60 62 64 
14400 44 28 30 36 48 54 67 70 
14400 45 34 58 62 
14400 46 37 41 42 50 51 62 63 68 
14400 47 52 56 65 
14400 48 8 34 37 40 44 54 61 68 
14400 49 29 51 53 56 58 60 67 68 
14400 50 9 30 36 42 46 58 59 66 72 
14400 51 39 46 49 59 61 64 
14400 52 7 29 31 39 43 47 55 59 71 
14400 53 38 49 58 
14400 54 1 7 34 44 48 58 
14400 55 40 52 62 67 
14400 56 7 33 47 49 58 65 72 
14400 57 8 27 34 39 60 
14400 58 37 45 49 50 53 54 56 67 
14400 59 7 29 50 51 52 63 69 70 
14400 60 1 43 49 57 67 
14400 61 1 29 48 51 63 66 
14400 62 9 40 41 43 45 46 55 65 
14400 63 37 39 46 59 61 
14400 64 6 43 51 65 
14400 65 6 9 29 31 33 41 42 47 56 62 64 
14400 66 8 9 30 38 50 61 
14400 67 1 30 31 44 49 55 58 60 
14400 68 28 39 46 48 49 
14400 69 1 7 29 34 41 59 70 
14400 70 1 7 8 37 44 59 69 
14400 71 9 52 
14400 72 27 37 50 56 
14400 73 108 111 
14400 74 76 78 92 94 95 97 108 109 
14400 75 76 80 82 83 105 108 
14400 76 2 74 75 77 
14400 77 76 
14400 78 74 
14400 79 93 101 
14400 80 13 75 89 
14400 81 83 91 98 99 101 106 
14400 82 14 75 96 105 
14400 83 0 75 81 
14400 84 97 
14400 85 13 89 95 98 112 
14400 86 11 13 92 
14400 87 
14400 88 
14400 89 80 85 105 
14400 90 97 98 
14400 91 81 94 96 99 
14400 92 10 11 74 86 95 
14400 93 79 98 102 103 107 
14400 94 11 74 91 95 97 108 
14400 95 74 85 92 94 99 106 
14400 96 82 91 99 101 106 
14400 97 2 74 84 90 94 
14400 98 2 13 81 85 90 93 
14400 99 81 91 95 96 112 
14400 100 
14400 101 2 79 81 96 
14400 102 93 
14400 103 93 
14400 104 110 
14400 105 2 10 14 75 82 89 
14400 106 13 81 95 96 108 109 
14400 107 93 
14400 108 10 73 74 75 94 106 
14400 109 12 74 106 
14400 110 104 
14400 111 73 
14400 112 85 99 
14400 113 116 120 121 137 148 
14400 114 117 120 121 
14400 115 123 135 
14400 116 17 113 120 121 122 130 138 140 151 
14400 117 114 123 127 143 
14400 118 16 121 124 126 127 129 137 141 145 
14400 119 121 124 139 145 
14400 120 113 114 116 129 130 137 
14400 121 16 113 114 116 118 119 143 
14400 122 17 116 128 134 136 145 149 
14400 123 115 117 132 143 147 
14400 124 118 119 126 129 131 141 145 
14400 125 
14400 126 118 124 
14400 127 3 117 118 
14400 128 122 129 137 
14400 129 3 118 120 124 128 143 151 
14400 130 116 120 136 139 142 145 147 
14400 131 124 
14400 132 15 123 143 151 
14400 133 140 
14400 134 16 122 138 
14400 135 115 
14400 136 16 122 130 138 148 150 
14400 137 16 113 118 120 128 
14400 138 16 17 116 134 136 
14400 139 119 130 144 
14400 140 116 133 
14400 141 3 15 16 118 124 
14400 142 130 151 
14400 143 3 17 117 121 123 129 132 145 147 149 
14400 144 139 
14400 145 118 119 122 124 130 143 
14400 146 147 148 
14400 147 3 123 130 143 146 
14400 148 113 136 146 
14400 149 15 122 143 
14400 150 17 136 
14400 151 116 129 132 142 
14400 152 18 154 159 164 
14400 153 154 164 166 174 182 
14400 154 18 19 152 153 161 170 172 181 
14400 155 164 173 174 177 
14400 156 22 161 162 164 167 185 
14400 157 20 165 
14400 158 4 159 164 167 184 186 
14400 159 20 152 158 161 164 169 182 
14400 160 
14400 161 19 20 154 156 159 175 181 182 
14400 162 20 156 184 
14400 163 19 21 22 169 172 
14400 164 18 152 153 155 156 158 159 180 181 183 
14400 165 157 
14400 166 153 
14400 167 156 158 183 
14400 168 179 
14400 169 18 19 22 159 163 172 174 183 186 
14400 170 4 154 
14400 171 
14400 172 154 163 169 
14400 173 4 19 21 155 
14400 174 4 18 153 155 169 
14400 175 18 20 161 184 
14400 176 
14400 177 18 155 185 
14400 178 180 183 
14400 179 168 
14400 180 164 178 
14400 181 20 154 161 164 184 
14400 182 153 159 161 
14400 183 4 20 22 164 167 169 178 186 
14400 184 21 158 162 175 181 185 
14400 185 4 156 177 184 
14400 186 19 21 158 169 183 
14400 187 23 197 200 206 224 
14400 188 23 205 212 223 
14400 189 200 209 211 216 221 223 
14400 190 24 26 193 200 204 212 214 
14400 191 197 199 203 225 
14400 192 
14400 193 190 195 204 207 210 223 
14400 194 
14400 195 193 205 220 226 
14400 196 200 222 
14400 197 187 191 219 220 221 225 227 
14400 198 26 205 213 216 219 
14400 199 25 191 211 218 
14400 200 187 189 190 196 220 
14400 201 202 210 
14400 202 26 201 205 216 
14400 203 23 191 226 
14400 204 23 190 193 205 207 224 227 
14400 205 25 26 188 195 198 202 204 213 215 221 
14400 206 187 224 
14400 207 25 193 204 
14400 208 24 226 
14400 209 189 
14400 210 193 201 
14400 211 189 199 216 
14400 212 188 190 225 
14400 213 198 205 220 
14400 214 5 190 215 216 218 225 
14400 215 205 214 219 221 
14400 216 5 189 198 202 211 214 220 
14400 217 220 
14400 218 199 214 223 
14400 219 197 198 215 221 223 
14400 220 195 197 200 213 216 217 221 223 227 
14400 221 5 26 189 197 205 215 219 220 
14400 222 196 
14400 223 26 188 189 193 218 219 220 227 
14400 224 5 187 204 206 225 227 
14400 225 24 26 191 197 212 214 224 
14400 226 195 203 208 
14400 227 23 197 204 220 223 224 
14400 228 0 5 
14400 229 0 5 
14400 230 0 5 
14400 231 0 5 
14400 232 0 
14400 233 0 5 
14400 234 0 
14400 235 0 5 
14400 236 0 5 
14400 237 0 
14400 238 0 5 
14400 239 0 5 
14400 240 0 
14400 241 0 5 
14400 242 0 5 
14400 243 0 5 
14400 244 0 5 
14400 245 0 
14400 246 0 
14400 247 0 5 
14400 248 0 5 
14400 249 0 
14400 250 0 5 
14400 251 0 5 
14400 252 0 
14400 253 0 5 
14400 254 0 
14400 255 0 5 
14400 256 0 5 
14400 257 0 
16200 0 4 80 96 228 229 230 231 232 233 234 235 236 237 238 239 240 241 242 243 244 245 246 247 248 249 250 251 252 253 254 255 256 257 
16200 1 30 44 46 50 56 57 60 
16200 2 4 14 108 112 228 229 231 232 234 235 238 239 240 242 244 246 248 249 251 254 256 
16200 3 5 17 120 137 138 149 228 229 230 232 234 235 237 238 239 241 243 245 248 249 250 252 253 254 256 
16200 4 0 2 170 173 180 182 184 185 228 229 230 232 233 234 235 238 240 242 244 246 247 248 251 252 255 257 
16200 5 3 189 205 208 214 216 219 221 228 229 230 231 233 235 236 238 239 241 242 243 244 247 248 250 251 253 255 256 
16200 6 35 48 49 61 64 66 70 72 
16200 7 32 41 44 50 54 69 
16200 8 35 37 47 49 65 67 69 71 
16200 9 29 45 47 57 
16200 10 13 86 96 101 
16200 11 74 75 80 85 96 108 
16200 12 76 81 86 94 99 
16200 13 10 74 78 85 86 101 108 
16200 14 2 78 96 98 
16200 15 113 149 151 
16200 16 127 129 147 151 
16200 17 3 129 131 138 141 145 151 
16200 18 22 156 172 175 178 
16200 19 167 178 185 
16200 20 152 153 155 157 178 181 184 
16200 21 161 173 185 
16200 22 18 177 
16200 23 200 204 205 226 
16200 24 25 26 190 193 199 214 220 227 
16200 25 24 188 203 205 227 
16200 26 24 193 199 200 205 207 214 215 220 
16200 27 34 38 39 42 43 47 64 66 
16200 28 55 62 65 71 
16200 29 9 48 51 52 58 61 69 70 
16200 30 1 37 54 60 69 
16200 31 33 37 45 49 52 56 65 
16200 32 7 35 38 42 62 65 69 
16200 33 31 40 41 46 50 56 66 72 
16200 34 27 40 44 55 57 64 65 67 71 72 
16200 35 6 8 32 47 56 60 
16200 36 50 52 59 
16200 37 8 30 31 45 48 51 58 60 72 
16200 38 27 32 43 46 48 54 59 67 
16200 39 27 48 50 62 63 65 66 68 
16200 40 33 34 41 42 56 66 71 
16200 41 7 33 40 56 64 72 
16200 42 27 32 40 47 56 63 64 70 
16200 43 27 38 66 
16200 44 1 7 34 45 52 
16200 45 9 31 37 44 56 57 
16200 46 1 33 38 49 54 59 67 69 
16200 47 8 9 27 35 42 60 62 
16200 48 6 29 37 38 39 54 
16200 49 6 8 31 46 56 58 60 62 
16200 50 1 7 33 36 39 57 62 64 
16200 51 29 37 52 
16200 52 29 31 36 44 51 65 66 70 72 
16200 53 69 
16200 54 7 30 38 46 48 59 64 65 
16200 55 28 34 62 67 
16200 56 1 31 33 35 40 41 42 45 49 
16200 57 1 9 34 45 50 
16200 58 29 37 49 62 66 
16200 59 36 38 46 54 69 70 
16200 60 1 30 35 37 47 49 67 70 
16200 61 6 29 
16200 62 28 32 39 47 49 50 55 58 
16200 63 39 42 
16200 64 6 27 34 41 42 50 54 
16200 65 8 28 31 32 34 39 52 54 
16200 66 6 27 33 39 40 43 52 58 
16200 67 8 34 38 46 55 60 
16200 68 39 
16200 69 7 8 29 30 32 46 53 59 
16200 70 6 29 42 52 59 60 
16200 71 8 28 34 40 
16200 72 6 33 34 37 41 52 
16200 73 86 91 
16200 74 11 13 82 86 108 
16200 75 11 99 101 105 112 
16200 76 12 95 108 110 
16200 77 80 83 89 
16200 78 13 14 80 96 97 99 106 
16200 79 93 
16200 80 0 11 77 78 
16200 81 12 85 91 94 
16200 82 74 
16200 83 77 86 87 106 
16200 84 
16200 85 11 13 81 95 97 
16200 86 10 12 13 73 74 83 98 106 
16200 87 83 88 94 
16200 88 87 
16200 89 77 
16200 90 
16200 91 73 81 94 98 109 
16200 92 96 99 101 106 112 
16200 93 79 101 
16200 94 12 81 87 91 
16200 95 76 85 96 98 105 
16200 96 0 10 11 14 78 92 95 97 
16200 97 78 85 96 98 
16200 98 14 86 91 95 97 101 
16200 99 12 75 78 92 105 106 
16200 100 101 107 
16200 101 10 13 75 92 93 98 100 108 
16200 102 
16200 103 
16200 104 
16200 105 75 95 99 111 112 
16200 106 78 83 86 92 99 
16200 107 100 
16200 108 2 11 13 74 76 101 
16200 109 91 
16200 110 76 111 
16200 111 105 110 
16200 112 2 75 92 105 
16200 113 15 128 129 131 140 150 
16200 114 126 131 132 139 142 
16200 115 135 139 
16200 116 126 134 149 
16200 117 121 122 137 149 150 
16200 118 120 126 129 136 142 143 151 
16200 119 143 148 
16200 120 3 118 121 124 127 145 146 147 
16200 121 117 120 124 127 129 131 138 151 
16200 122 117 123 134 136 142 147 
16200 123 122 127 129 136 144 150 
16200 124 120 121 129 141 149 
16200 125 
16200 126 114 116 118 128 144 
16200 127 16 120 121 123 138 140 
16200 128 113 126 
16200 129 16 17 113 118 121 123 124 145 
16200 130 
16200 131 17 113 114 121 132 145 146 
16200 132 114 131 133 146 150 
16200 133 132 140 150 
16200 134 116 122 136 146 147 
16200 135 115 
16200 136 118 122 123 134 
16200 137 3 117 
16200 138 3 17 121 127 141 145 148 150 
16200 139 114 115 144 
16200 140 113 127 133 
16200 141 17 124 138 
16200 142 114 118 122 
16200 143 118 119 146 
16200 144 123 126 139 
16200 145 17 120 129 131 138 
16200 146 120 131 132 134 143 147 148 
16200 147 16 120 122 134 146 
16200 148 119 138 146 149 
16200 149 3 15 116 117 124 148 
16200 150 113 117 123 132 133 138 
16200 151 15 16 17 118 121 
16200 152 20 164 186 
16200 153 20 157 167 176 185 
16200 154 161 176 180 
16200 155 20 158 167 169 186 
16200 156 18 162 163 173 183 
16200 157 20 153 167 175 
16200 158 155 159 164 185 
16200 159 158 177 180 
16200 160 178 185 
16200 161 21 154 167 175 177 183 
16200 162 156 
16200 163 156 170 177 184 
16200 164 152 158 181 
16200 165 
16200 166 
16200 167 19 153 155 157 161 183 
16200 168 
16200 169 155 177 186 
16200 170 4 163 174 185 
16200 171 185 
16200 172 18 181 182 186 
16200 173 4 21 156 176 178 181 
16200 174 170 175 181 
16200 175 18 157 161 174 
16200 176 153 154 173 
16200 177 22 159 161 163 169 182 
16200 178 18 19 20 160 173 180 
16200 179 
16200 180 4 154 159 178 183 184 186 
16200 181 20 164 172 173 174 182 186 
16200 182 4 172 177 181 183 184 
16200 183 156 161 167 180 182 
16200 184 4 20 163 180 182 
16200 185 4 19 21 153 158 160 170 171 
16200 186 152 155 169 172 180 181 
16200 187 196 221 
16200 188 25 220 223 
16200 189 5 191 194 216 
16200 190 24 203 216 225 
16200 191 189 207 225 227 
16200 192 
16200 193 24 26 205 208 223 
16200 194 189 212 
16200 195 206 
16200 196 187 
16200 197 198 216 
16200 198 197 206 208 223 
16200 199 24 26 204 208 212 216 227 
16200 200 23 26 220 
16200 201 210 212 
16200 202 226 
16200 203 25 190 216 219 220 
16200 204 23 199 
16200 205 5 23 25 26 193 207 
16200 206 195 198 215 224 
16200 207 26 191 205 213 
16200 208 5 193 198 199 211 216 220 226 
16200 209 
16200 210 201 
16200 211 208 
16200 212 194 199 201 
16200 213 207 224 226 
16200 214 5 24 26 220 221 
16200 215 26 206 225 
16200 216 5 189 190 197 199 203 208 
16200 217 
16200 218 219 221 
16200 219 5 203 218 221 
16200 220 24 26 188 200 203 208 214 227 
16200 221 5 187 214 218 219 227 
16200 222 
16200 223 188 193 198 224 
16200 224 206 213 223 
16200 225 190 191 215 
16200 226 23 202 208 213 
16200 227 24 25 191 199 220 221 
16200 228 0 2 3 4 5 
16200 229 0 2 3 4 5 
16200 230 0 3 4 5 
16200 231 0 2 5 
16200 232 0 2 3 4 
16200 233 0 4 5 
16200 234 0 2 3 4 
16200 235 0 2 3 4 5 
16200 236 0 5 
16200 237 0 3 
16200 238 0 2 3 4 5 
16200 239 0 2 3 5 
16200 240 0 2 4 
16200 241 0 3 5 
16200 242 0 2 4 5 
16200 243 0 3 5 
16200 244 0 2 4 5 
16200 245 0 3 
16200 246 0 2 4 
16200 247 0 4 5 
16200 248 0 2 3 4 5 
16200 249 0 2 3 
16200 250 0 3 5 
16200 251 0 2 4 5 
16200 252 0 3 4 
16200 253 0 3 5 
16200 254 0 2 3 
16200 255 0 4 5 
16200 256 0 2 3 5 
16200 257 0 4 
18000 0 2 92 228 229 230 231 232 233 234 235 236 237 238 239 240 241 242 243 244 245 246 247 248 249 250 251 252 253 254 255 256 257 
18000 1 2 35 39 47 72 228 229 230 231 232 235 236 237 239 241 242 243 245 248 249 250 252 254 255 256 257 
18000 2 0 1 5 13 80 81 82 83 86 91 92 95 97 105 109 228 229 231 232 234 235 238 239 240 242 244 246 248 249 251 254 256 
18000 3 116 120 128 132 136 137 142 148 
18000 4 5 22 155 156 157 161 164 182 228 229 230 232 233 234 235 238 240 242 244 246 247 248 251 252 255 257 
18000 5 2 4 26 195 200 214 228 229 230 231 233 235 236 238 239 241 242 243 244 247 248 250 251 253 255 256 
18000 6 32 38 41 47 51 54 55 64 
18000 7 9 31 40 43 54 62 64 67 
18000 8 35 45 47 48 57 60 67 72 
18000 9 7 38 40 46 62 71 
18000 10 13 81 86 95 98 101 108 
18000 11 101 
18000 12 86 99 106 
18000 13 2 10 76 80 81 94 109 
18000 14 80 108 
18000 15 113 116 122 123 143 
18000 16 121 132 
18000 17 121 124 143 
18000 18 152 172 173 182 184 185 
18000 19 22 174 
18000 20 154 155 156 157 180 
18000 21 161 180 181 186 
18000 22 4 19 154 157 162 167 169 172 178 184 
18000 23 214 215 220 227 
18000 24 25 193 203 214 227 
18000 25 24 195 220 
18000 26 5 188 197 220 
18000 27 31 39 45 51 57 58 71 
18000 28 41 
18000 29 37 52 70 
18000 30 34 46 52 64 65 66 71 
18000 31 7 27 45 61 69 72 
18000 32 6 38 43 52 54 65 
18000 33 34 45 46 52 54 57 60 65 
18000 34 30 33 42 56 67 72 
18000 35 1 8 56 60 62 
18000 36 37 59 
18000 37 29 36 41 54 58 60 
18000 38 6 9 32 69 
18000 39 1 27 46 54 58 60 64 68 
18000 40 7 9 48 51 53 54 55 60 
18000 41 6 28 37 49 50 60 
18000 42 34 50 67 69 71 
18000 43 7 32 53 61 63 67 
18000 44 45 
18000 45 8 27 31 33 44 49 50 56 62 
18000 46 9 30 33 39 47 59 63 64 
18000 47 1 6 8 46 60 65 67 
18000 48 8 40 52 56 63 
18000 49 41 45 53 58 64 69 70 
18000 50 41 42 45 55 60 
18000 51 6 27 40 56 59 66 70 
18000 52 29 30 32 33 48 55 65 66 71 72 
18000 53 40 43 49 
18000 54 6 7 32 33 37 39 40 69 71 72 
18000 55 6 40 50 52 56 58 65 67 
18000 56 34 35 45 48 51 55 64 70 
18000 57 8 27 33 
18000 58 27 37 39 49 55 67 
18000 59 36 46 51 69 70 
18000 60 8 33 35 37 39 40 41 47 50 
18000 61 31 43 
18000 62 7 9 35 45 70 
18000 63 43 46 48 
18000 64 6 7 30 39 46 49 56 70 
18000 65 30 32 33 47 52 55 70 
18000 66 30 51 52 
18000 67 7 8 34 42 43 47 55 58 71 
18000 68 39 
18000 69 31 38 42 49 54 59 
18000 70 29 49 51 56 59 62 64 65 
18000 71 9 27 30 42 52 54 67 72 
18000 72 1 8 31 34 52 54 71 
18000 73 75 94 
18000 74 85 86 91 99 
18000 75 73 89 104 
18000 76 13 85 87 104 110 
18000 77 
18000 78 99 108 109 112 
18000 79 93 
18000 80 2 13 14 92 100 101 105 109 
18000 81 2 10 13 84 94 106 108 
18000 82 2 92 94 97 98 101 108 
18000 83 2 97 106 
18000 84 81 85 
18000 85 74 76 84 94 96 
18000 86 2 10 12 74 87 105 112 
18000 87 76 86 105 108 
18000 88 94 
18000 89 75 104 105 
18000 90 
18000 91 2 74 109 
18000 92 0 2 80 82 
18000 93 79 102 
18000 94 13 73 81 82 85 88 95 99 
18000 95 2 10 94 106 
18000 96 85 101 
18000 97 2 82 83 112 
18000 98 10 82 99 101 
18000 99 12 74 78 94 98 112 
18000 100 80 101 
18000 101 10 11 80 82 96 98 100 
18000 102 93 
18000 103 107 
18000 104 75 76 89 111 
18000 105 2 80 86 87 89 
18000 106 12 81 83 95 
18000 107 103 
18000 108 10 14 78 81 82 87 112 
18000 109 2 13 78 80 91 112 
18000 110 76 
18000 111 104 
18000 112 78 86 97 99 108 109 
18000 113 15 124 132 137 138 
18000 114 128 132 136 139 143 
18000 115 
18000 116 3 15 118 124 127 137 147 150 
18000 117 120 123 126 131 137 143 
18000 118 116 136 138 147 
18000 119 122 129 148 
18000 120 3 117 121 134 136 
18000 121 16 17 120 142 146 148 
18000 122 15 119 125 134 136 147 149 
18000 123 15 117 128 132 141 146 149 
18000 124 17 113 116 129 
18000 125 122 133 
18000 126 117 130 134 
18000 127 116 150 
18000 128 3 114 123 138 142 
18000 129 119 124 132 141 143 
18000 130 126 139 
18000 131 117 
18000 132 3 16 113 114 123 129 147 150 
18000 133 125 148 
18000 134 120 122 126 143 
18000 135 142 144 
18000 136 3 114 118 120 122 146 149 150 
18000 137 3 113 116 117 138 140 143 151 
18000 138 113 118 128 137 141 148 150 151 
18000 139 114 130 142 143 
18000 140 137 
18000 141 123 129 138 
18000 142 3 121 128 135 139 
18000 143 15 17 114 117 129 134 137 139 144 151 
18000 144 135 143 
18000 145 
18000 146 121 123 136 148 
18000 147 116 118 122 132 149 
18000 148 3 119 121 133 138 146 
18000 149 122 123 136 147 
18000 150 116 127 132 136 138 
18000 151 137 138 143 
18000 152 18 156 164 165 182 
18000 153 156 170 173 180 186 
18000 154 20 22 170 
18000 155 4 20 164 167 181 
18000 156 4 20 152 153 159 163 169 170 172 175 181 
18000 157 4 20 22 159 167 170 172 180 
18000 158 159 161 175 
18000 159 156 157 158 172 175 185 
18000 160 171 
18000 161 4 21 158 164 167 183 186 
18000 162 22 164 165 
18000 163 156 178 183 
18000 164 4 152 155 161 162 174 175 177 180 
18000 165 152 162 
18000 166 
18000 167 22 155 157 161 183 186 
18000 168 
18000 169 22 156 179 182 
18000 170 153 154 156 157 175 179 184 
18000 171 160 
18000 172 18 22 156 157 159 175 183 184 
18000 173 18 153 178 183 185 
18000 174 19 164 182 183 185 
18000 175 156 158 159 164 170 172 185 186 
18000 176 182 
18000 177 164 183 184 185 
18000 178 22 163 173 181 186 
18000 179 169 170 
18000 180 20 21 153 157 164 185 
18000 181 21 155 156 178 182 
18000 182 4 18 152 169 174 176 181 183 
18000 183 161 163 167 172 173 174 177 182 184 186 
18000 184 18 22 170 172 177 183 
18000 185 18 159 173 174 175 177 180 
18000 186 21 153 161 167 175 178 183 
18000 187 190 
18000 188 26 196 197 215 221 223 
18000 189 191 200 
18000 190 187 205 223 
18000 191 189 193 195 216 
18000 192 213 217 
18000 193 24 191 203 219 220 221 
18000 194 201 208 218 
18000 195 5 25 191 205 206 226 
18000 196 188 215 227 
18000 197 26 188 204 214 218 220 
18000 198 202 217 
18000 199 212 216 220 221 
18000 200 5 189 214 222 223 
18000 201 194 202 
18000 202 198 201 
18000 203 24 193 208 210 
18000 204 197 206 216 223 
18000 205 190 195 218 221 
18000 206 195 204 
18000 207 226 
18000 208 194 203 216 219 
18000 209 
18000 210 203 
18000 211 
18000 212 199 218 
18000 213 192 224 
18000 214 5 23 24 197 200 
18000 215 23 188 196 221 223 
18000 216 191 199 204 208 219 220 
18000 217 192 198 226 
18000 218 194 197 205 212 
18000 219 193 208 216 
18000 220 23 25 26 193 197 199 216 227 
18000 221 188 193 199 205 215 
18000 222 200 224 
18000 223 188 190 200 204 215 224 227 
18000 224 213 222 223 
18000 225 
18000 226 195 207 217 
18000 227 23 24 196 220 223 
18000 228 0 1 2 4 5 
18000 229 0 1 2 4 5 
18000 230 0 1 4 5 
18000 231 0 1 2 5 
18000 232 0 1 2 4 
18000 233 0 4 5 
18000 234 0 2 4 
18000 235 0 1 2 4 5 
18000 236 0 1 5 
18000 237 0 1 
18000 238 0 2 4 5 
18000 239 0 1 2 5 
18000 240 0 2 4 
18000 241 0 1 5 
18000 242 0 1 2 4 5 
18000 243 0 1 5 
18000 244 0 2 4 5 
18000 245 0 1 
18000 246 0 2 4 
18000 247 0 4 5 
18000 248 0 1 2 4 5 
18000 249 0 1 2 
18000 250 0 1 5 
18000 251 0 2 4 5 
18000 252 0 1 4 
18000 253 0 5 
18000 254 0 1 2 
18000 255 0 1 4 5 
18000 256 0 1 2 5 
18000 257 0 1 4 
19800 0 2 3 83 95 228 229 230 231 232 233 234 235 236 237 238 239 240 241 242 243 244 245 246 247 248 249 250 251 252 253 254 255 256 257 
19800 1 27 56 61 71 
19800 2 0 10 11 97 101 228 229 231 232 234 235 238 239 240 242 244 246 248 249 251 254 256 
19800 3 0 15 17 117 146 149 228 229 230 232 234 235 237 238 239 241 243 245 248 249 250 252 253 254 256 
19800 4 5 170 173 228 229 230 232 233 234 235 238 240 242 244 246 247 248 251 252 255 257 
19800 5 4 26 216 226 228 229 230 231 233 235 236 238 239 241 242 243 244 247 248 250 251 253 255 256 
19800 6 34 47 50 51 57 62 69 70 
19800 7 28 35 49 51 64 
19800 8 9 35 39 47 51 54 62 67 
19800 9 8 36 54 56 57 65 71 
19800 10 2 13 14 74 78 83 91 97 
19800 11 2 76 83 92 95 106 108 112 
19800 12 75 106 
19800 13 10 76 96 99 
19800 14 10 96 99 106 
19800 15 3 123 128 134 143 
19800 16 114 117 118 146 148 
19800 17 3 113 128 136 
19800 18 19 162 172 174 180 181 182 183 
19800 19 18 155 157 158 161 164 170 
19800 20 21 153 155 156 163 174 175 180 
19800 21 20 152 153 158 173 
19800 22 173 180 185 
19800 23 195 200 224 
19800 24 26 198 199 202 207 214 220 226 
19800 25 190 203 214 220 224 225 
19800 26 5 24 193 203 204 207 218 227 
19800 27 1 46 54 64 71 
19800 28 7 30 35 42 45 56 62 
19800 29 44 52 
19800 30 28 35 41 42 44 70 
19800 31 44 52 53 55 65 
19800 32 36 37 39 46 47 56 60 72 
19800 33 40 60 
19800 34 6 38 39 46 52 53 56 58 
19800 35 7 8 28 30 55 57 60 71 
19800 36 9 32 39 43 49 60 66 
19800 37 32 43 46 48 52 58 66 68 
19800 38 34 41 43 47 54 57 61 64 65 
19800 39 8 32 34 36 42 44 45 55 
19800 40 33 42 45 46 49 52 56 67 
19800 41 30 38 42 50 51 53 59 
19800 42 28 30 39 40 41 52 70 72 
19800 43 36 37 38 50 51 61 62 65 
19800 44 29 30 31 39 56 64 66 72 
19800 45 28 39 40 54 57 62 
19800 46 27 32 34 37 40 54 63 68 69 
19800 47 6 8 32 38 55 66 67 
19800 48 37 49 51 69 
19800 49 7 36 40 48 58 60 
19800 50 6 41 43 
19800 51 6 7 8 41 43 48 59 69 
19800 52 29 31 34 37 40 42 59 71 
19800 53 31 34 41 67 71 
19800 54 8 9 27 38 45 46 66 
19800 55 31 35 39 47 58 60 64 65 
19800 56 1 9 28 32 34 40 44 61 62 64 67 
19800 57 6 9 35 38 45 71 
19800 58 34 37 49 55 62 65 68 71 
19800 59 41 51 52 70 
19800 60 32 33 35 36 49 55 67 70 
19800 61 1 38 43 56 
19800 62 6 8 28 43 45 56 58 66 
19800 63 46 68 70 
19800 64 7 27 38 44 55 56 69 
19800 65 9 31 38 43 55 58 72 
19800 66 36 37 44 47 54 62 67 69 
19800 67 8 40 47 53 56 60 66 71 
19800 68 37 46 58 63 
19800 69 6 46 48 51 64 66 
19800 70 6 30 42 59 60 63 
19800 71 1 9 27 35 52 53 57 58 67 72 
19800 72 32 42 44 65 71 
19800 73 106 
19800 74 10 79 81 85 95 
19800 75 12 81 109 
19800 76 11 13 99 111 
19800 77 79 
19800 78 10 80 81 106 
19800 79 74 77 83 95 104 110 112 
19800 80 78 101 
19800 81 74 75 78 83 96 98 106 109 
19800 82 95 99 
19800 83 0 10 11 79 81 85 87 98 
19800 84 85 90 
19800 85 74 83 84 88 95 96 
19800 86 
19800 87 83 111 
19800 88 85 
19800 89 
19800 90 84 94 99 
19800 91 10 94 95 109 
19800 92 11 93 95 96 99 
19800 93 92 99 107 
19800 94 90 91 98 
19800 95 0 11 74 79 82 85 91 92 98 105 108 
19800 96 13 14 81 85 92 98 99 101 
19800 97 2 10 112 
19800 98 81 83 94 95 96 108 
19800 99 13 14 76 82 90 92 93 96 
19800 100 
19800 101 2 80 96 108 
19800 102 
19800 103 
19800 104 79 
19800 105 95 111 112 
19800 106 11 12 14 73 78 81 
19800 107 93 
19800 108 11 95 98 101 112 
19800 109 75 81 91 
19800 110 79 
19800 111 76 87 105 
19800 112 11 79 97 105 108 
19800 113 17 117 120 122 124 127 138 
19800 114 16 124 132 137 149 
19800 115 123 130 139 
19800 116 136 143 147 
19800 117 3 16 113 118 129 137 138 147 148 
19800 118 16 117 127 128 132 146 151 
19800 119 149 151 
19800 120 113 121 122 123 
19800 121 120 122 123 132 
19800 122 113 120 121 126 128 131 136 137 143 146 
19800 123 15 115 120 121 136 144 147 149 
19800 124 113 114 131 137 
19800 125 
19800 126 122 130 137 145 
19800 127 113 118 
19800 128 15 17 118 122 136 
19800 129 117 
19800 130 115 126 147 
19800 131 122 124 145 
19800 132 114 118 121 145 146 149 
19800 133 
19800 134 15 143 151 
19800 135 142 147 
19800 136 17 116 122 123 128 146 
19800 137 114 117 122 124 126 
19800 138 113 117 
19800 139 115 142 
19800 140 
19800 141 143 
19800 142 135 139 146 
19800 143 15 116 122 134 141 146 
19800 144 123 
19800 145 126 131 132 
19800 146 3 16 118 122 132 136 142 143 
19800 147 116 117 123 130 135 151 
19800 148 16 117 
19800 149 3 114 119 123 132 
19800 150 
19800 151 118 119 134 147 
19800 152 21 157 175 180 185 
19800 153 20 21 154 156 159 162 167 172 175 
19800 154 153 158 161 175 
19800 155 19 20 167 181 
19800 156 20 153 158 163 
19800 157 19 152 172 180 
19800 158 19 21 154 156 159 164 183 
19800 159 153 158 167 169 174 
19800 160 166 169 171 174 
19800 161 19 154 170 180 183 
19800 162 18 153 164 166 175 183 
19800 163 20 156 164 169 171 
19800 164 19 158 162 163 177 178 182 183 
19800 165 
19800 166 160 162 171 
19800 167 153 155 159 181 
19800 168 
19800 169 159 160 163 170 174 181 
19800 170 4 19 161 169 172 173 178 182 184 
19800 171 160 163 166 174 177 
19800 172 18 153 157 170 174 175 177 
19800 173 4 21 22 170 180 183 
19800 174 18 20 159 160 169 171 172 177 178 186 
19800 175 20 152 153 154 162 172 183 
19800 176 
19800 177 164 171 172 174 180 
19800 178 164 170 174 183 185 
19800 179 
19800 180 18 20 22 152 157 161 173 177 181 185 
19800 181 18 155 167 169 180 184 
19800 182 18 164 170 
19800 183 18 158 161 162 164 173 175 178 185 
19800 184 170 181 186 
19800 185 22 152 178 180 183 186 
19800 186 174 184 185 
19800 187 190 200 214 
19800 188 196 223 
19800 189 197 212 219 
19800 190 25 187 205 
19800 191 200 203 207 208 216 227 
19800 192 
19800 193 26 201 202 203 204 208 221 224 
19800 194 212 219 
19800 195 23 206 
19800 196 188 
19800 197 189 207 214 216 218 223 
19800 198 24 220 224 
19800 199 24 205 218 219 221 
19800 200 23 187 191 221 
19800 201 193 219 
19800 202 24 193 
19800 203 25 26 191 193 205 212 
19800 204 26 193 206 207 215 225 
19800 205 190 199 203 220 
19800 206 195 204 217 219 
19800 207 24 26 191 197 204 213 215 225 
19800 208 191 193 226 
19800 209 
19800 210 
19800 211 212 218 
19800 212 189 194 203 211 
19800 213 207 217 
19800 214 24 25 187 197 222 224 
19800 215 204 207 
19800 216 5 191 197 219 
19800 217 206 213 
19800 218 26 197 199 211 
19800 219 189 194 199 201 206 216 226 
19800 220 24 25 198 205 221 
19800 221 193 199 200 220 
19800 222 214 
19800 223 188 197 
19800 224 23 25 193 198 214 227 
19800 225 25 204 207 227 
19800 226 5 24 208 219 
19800 227 26 191 224 225 
19800 228 0 2 3 4 5 
19800 229 0 2 3 4 5 
19800 230 0 3 4 5 
19800 231 0 2 5 
19800 232 0 2 3 4 
19800 233 0 4 5 
19800 234 0 2 3 4 
19800 235 0 2 3 4 5 
19800 236 0 5 
19800 237 0 3 
19800 238 0 2 3 4 5 
19800 239 0 2 3 5 
19800 240 0 2 4 
19800 241 0 3 5 
19800 242 0 2 4 5 
19800 243 0 3 5 
19800 244 0 2 4 5 
19800 245 0 3 
19800 246 0 2 4 
19800 247 0 4 5 
19800 248 0 2 3 4 5 
19800 249 0 2 3 
19800 250 0 3 5 
19800 251 0 2 4 5 
19800 252 0 3 4 
19800 253 0 3 5 
19800 254 0 2 3 
19800 255 0 4 5 
19800 256 0 2 3 5 
19800 257 0 4 
