0 10800
1800 0 
1800 1 2 15 16 31 228 229 230 232 233 235 237 239 241 242 244 247 248 249 251 254 
1800 2 1 63 65 78 79 227 229 232 234 236 237 238 239 242 243 244 247 249 252 254 256 
1800 3 89 119 121 126 134 
1800 4 10 136 144 146 149 153 155 175 176 
1800 5 13 183 184 185 196 202 213 221 
1800 6 16 17 38 49 
1800 7 18 27 35 36 42 50 
1800 8 56 79 
1800 9 10 104 107 124 126 131 132 133 
1800 10 4 9 128 
1800 11 98 99 102 123 124 131 
1800 12 152 158 159 160 162 
1800 13 5 185 187 207 
1800 14 196 203 206 213 217 
1800 15 1 29 48 
1800 16 1 6 23 36 50 
1800 17 6 36 49 
1800 18 7 30 46 49 50 
1800 19 32 
1800 20 21 
1800 21 20 24 27 29 30 32 34 
1800 22 38 
1800 23 16 32 
1800 24 21 41 46 51 
1800 25 
1800 26 38 45 46 
1800 27 7 21 51 
1800 28 37 
1800 29 15 21 30 42 
1800 30 18 21 29 32 46 
1800 31 1 50 51 
1800 32 19 21 23 30 47 
1800 33 34 45 
1800 34 21 33 
1800 35 7 
1800 36 7 16 17 41 46 49 
1800 37 28 
1800 38 6 22 26 47 49 
1800 39 42 47 
1800 40 
1800 41 24 36 42 43 49 
1800 42 7 29 39 41 46 
1800 43 41 46 
1800 44 
1800 45 26 33 
1800 46 18 24 26 30 36 42 43 
1800 47 32 38 39 
1800 48 15 50 
1800 49 6 17 18 36 38 41 
1800 50 7 16 18 31 48 
1800 51 24 27 31 
1800 52 
1800 53 82 83 87 
1800 54 57 60 66 86 87 
1800 55 56 60 71 74 
1800 56 8 55 60 83 86 
1800 57 54 63 64 67 
1800 58 80 82 
1800 59 66 67 78 84 
1800 60 54 55 56 71 72 78 85 
1800 61 66 82 88 
1800 62 67 73 86 
1800 63 2 57 
1800 64 57 78 85 
1800 65 2 68 76 
1800 66 54 59 61 80 88 
1800 67 57 59 62 69 
1800 68 65 83 
1800 69 67 73 81 82 
1800 70 78 81 88 
1800 71 55 60 72 78 79 82 83 
1800 72 60 71 79 80 82 
1800 73 62 69 74 86 
1800 74 55 73 86 
1800 75 
1800 76 65 82 
1800 77 
1800 78 2 59 60 64 70 71 
1800 79 2 8 71 72 82 
1800 80 58 66 72 85 
1800 81 69 70 
1800 82 53 58 61 69 71 72 76 79 84 85 
1800 83 53 56 68 71 84 85 
1800 84 59 82 83 
1800 85 60 64 80 82 83 
1800 86 54 56 62 73 74 
1800 87 53 54 
1800 88 61 66 70 
1800 89 3 91 101 106 110 126 129 
1800 90 115 116 129 
1800 91 89 101 102 114 123 
1800 92 94 126 
1800 93 97 121 123 128 130 131 
1800 94 92 95 128 130 
1800 95 94 100 113 115 117 121 
1800 96 
1800 97 93 115 119 120 124 
1800 98 11 100 117 128 133 
1800 99 11 101 111 114 119 126 134 
1800 100 95 98 
1800 101 89 91 99 109 116 117 
1800 102 11 91 115 117 
1800 103 
1800 104 9 121 131 
1800 105 110 112 124 130 
1800 106 89 128 132 
1800 107 9 120 126 
1800 108 
1800 109 101 117 123 133 
1800 110 89 105 116 130 
1800 111 99 132 
1800 112 105 
1800 113 95 120 
1800 114 91 99 
1800 115 90 95 97 102 117 120 
1800 116 90 101 110 129 
1800 117 95 98 101 102 109 115 132 
1800 118 
1800 119 3 97 99 121 
1800 120 97 107 113 115 122 
1800 121 3 93 95 104 119 
1800 122 120 142 
1800 123 11 91 93 109 125 128 
1800 124 9 11 97 105 130 131 
1800 125 123 
1800 126 3 9 89 92 99 107 
1800 127 
1800 128 10 93 94 98 106 123 
1800 129 89 90 116 133 
1800 130 93 94 105 110 124 134 
1800 131 9 11 93 104 124 
1800 132 9 106 111 117 134 
1800 133 9 98 109 129 
1800 134 3 99 130 132 
1800 135 140 143 145 148 159 162 169 172 178 181 
1800 136 4 137 150 160 172 174 
1800 137 136 
1800 138 180 
1800 139 151 152 174 
1800 140 135 154 155 177 
1800 141 158 161 170 171 175 178 
1800 142 122 
1800 143 135 145 148 164 172 
1800 144 4 146 158 167 
1800 145 135 143 158 173 174 182 
1800 146 4 144 150 156 164 173 176 
1800 147 149 157 159 163 167 171 177 
1800 148 135 143 172 
1800 149 4 147 169 
1800 150 136 146 156 166 172 178 
1800 151 139 168 170 
1800 152 12 139 153 171 174 
1800 153 4 152 159 170 173 
1800 154 140 155 
1800 155 4 140 154 156 164 179 
1800 156 146 150 155 161 162 163 169 
1800 157 147 173 
1800 158 12 141 144 145 159 162 169 173 177 178 
1800 159 12 135 147 153 158 164 168 175 
1800 160 12 136 172 177 
1800 161 141 156 168 181 
1800 162 12 135 156 158 163 173 181 
1800 163 147 156 162 164 165 166 
1800 164 143 146 155 159 163 166 
1800 165 163 178 
1800 166 150 163 164 172 175 
1800 167 144 147 
1800 168 151 159 161 174 
1800 169 135 149 156 158 
1800 170 141 151 153 174 179 180 
1800 171 141 147 152 174 182 
1800 172 135 136 143 148 150 160 166 
1800 173 145 146 153 157 158 162 175 
1800 174 136 139 145 152 168 170 171 179 
1800 175 4 141 159 166 173 
1800 176 4 146 177 
1800 177 140 147 158 160 176 179 
1800 178 135 141 150 158 165 181 
1800 179 155 170 174 177 181 
1800 180 138 170 
1800 181 135 161 162 178 179 
1800 182 145 171 
1800 183 5 197 202 203 206 208 
1800 184 5 213 
1800 185 5 13 189 214 222 
1800 186 191 219 
1800 187 13 195 
1800 188 191 192 
1800 189 185 190 192 213 218 
1800 190 189 225 
1800 191 186 188 198 219 
1800 192 188 189 197 199 
1800 193 194 221 
1800 194 193 195 
1800 195 187 194 196 208 210 220 
1800 196 5 14 195 211 
1800 197 183 192 207 210 220 
1800 198 191 219 
1800 199 192 209 220 
1800 200 201 207 214 217 222 
1800 201 200 208 213 
1800 202 5 183 214 
1800 203 14 183 214 217 218 
1800 204 
1800 205 206 207 
1800 206 14 183 205 212 225 
1800 207 13 197 200 205 210 216 
1800 208 183 195 201 
1800 209 199 
1800 210 195 197 207 214 218 
1800 211 196 
1800 212 206 
1800 213 5 14 184 189 201 218 224 
1800 214 185 200 202 203 210 
1800 215 
1800 216 207 
1800 217 14 200 203 223 
1800 218 189 203 210 213 
1800 219 186 191 198 
1800 220 195 197 199 
1800 221 5 193 
1800 222 185 200 
1800 223 217 
1800 224 213 
1800 225 190 206 
1800 226 
1800 227 2 
1800 228 1 
1800 229 1 2 
1800 230 1 
1800 232 1 2 
1800 233 1 
1800 234 2 
1800 235 1 
1800 236 2 
1800 237 1 2 
1800 238 2 
1800 239 1 2 
1800 241 1 
1800 242 1 2 
1800 243 2 
1800 244 1 2 
1800 247 1 2 
1800 248 1 
1800 249 1 2 
1800 251 1 
1800 252 2 
1800 254 1 2 
1800 256 2 
