0 21600
1800 0 1 3 96 110 111 228 229 230 231 232 233 234 235 236 237 238 239 240 241 242 243 244 245 246 247 248 249 250 251 252 253 254 255 256 257 
1800 1 0 8 30 39 41 44 45 46 47 51 56 228 229 230 231 232 235 236 237 239 241 242 243 245 248 249 250 252 254 255 256 257 
1800 2 10 82 92 99 
1800 3 0 116 120 122 129 136 142 145 228 229 230 232 234 235 237 238 239 241 243 245 248 249 250 252 253 254 256 
1800 4 158 161 163 177 181 
1800 5 188 200 202 203 221 225 226 
1800 6 7 9 34 37 43 48 49 52 56 61 62 65 71 72 
1800 7 6 32 35 42 
1800 8 1 
1800 9 6 69 
1800 10 2 80 85 
1800 11 75 105 
1800 12 105 108 
1800 13 108 
1800 14 105 
1800 15 127 141 150 
1800 16 131 143 
1800 17 129 138 
1800 18 157 163 170 184 
1800 19 22 153 163 167 173 185 
1800 20 152 154 159 172 
1800 21 154 158 164 178 
1800 22 19 155 156 169 186 
1800 23 188 205 
1800 24 189 206 
1800 25 199 202 215 216 220 227 
1800 26 189 193 198 216 219 223 
1800 27 28 29 47 50 55 59 
1800 28 27 60 
1800 29 27 33 36 38 64 
1800 30 1 
1800 31 38 67 
1800 32 7 58 
1800 33 29 
1800 34 6 40 57 66 
1800 35 7 
1800 36 29 
1800 37 6 
1800 38 29 31 70 
1800 39 1 
1800 40 34 
1800 41 1 
1800 42 7 
1800 43 6 53 
1800 44 1 68 
1800 45 1 
1800 46 1 
1800 47 1 27 
1800 48 6 63 
1800 49 6 
1800 50 27 54 
1800 51 1 
1800 52 6 
1800 53 43 
1800 54 50 
1800 55 27 
1800 56 1 6 
1800 57 34 
1800 58 32 
1800 59 27 
1800 60 28 
1800 61 6 
1800 62 6 
1800 63 48 
1800 64 29 
1800 65 6 
1800 66 34 
1800 67 31 
1800 68 44 
1800 69 9 
1800 70 38 
1800 71 6 
1800 72 6 
1800 73 108 
1800 74 80 81 
1800 75 11 78 97 101 
1800 76 83 94 
1800 77 109 
1800 78 75 80 
1800 79 
1800 80 10 74 78 96 
1800 81 74 90 93 102 
1800 82 2 
1800 83 76 109 
1800 84 88 97 
1800 85 10 
1800 86 96 
1800 87 
1800 88 84 
1800 89 
1800 90 81 
1800 91 105 
1800 92 2 
1800 93 81 
1800 94 76 
1800 95 111 
1800 96 0 80 86 112 
1800 97 75 84 
1800 98 
1800 99 2 
1800 100 
1800 101 75 
1800 102 81 
1800 103 
1800 104 
1800 105 11 12 14 91 
1800 106 108 
1800 107 
1800 108 12 13 73 106 109 
1800 109 77 83 108 
1800 110 0 
1800 111 0 95 
1800 112 96 
1800 113 134 
1800 114 131 134 
1800 115 144 
1800 116 3 123 130 131 140 
1800 117 134 
1800 118 141 
1800 119 131 
1800 120 3 
1800 121 137 
1800 122 3 
1800 123 116 
1800 124 150 
1800 125 
1800 126 128 
1800 127 15 132 
1800 128 126 136 147 
1800 129 3 17 141 
1800 130 116 
1800 131 16 114 116 119 146 149 151 
1800 132 127 
1800 133 146 
1800 134 113 114 117 137 
1800 135 
1800 136 3 128 148 
1800 137 121 134 
1800 138 17 
1800 139 
1800 140 116 
1800 141 15 118 129 
1800 142 3 
1800 143 16 
1800 144 115 147 
1800 145 3 
1800 146 131 133 
1800 147 128 144 
1800 148 136 
1800 149 131 
1800 150 15 124 
1800 151 131 
1800 152 20 162 165 
1800 153 19 176 
1800 154 20 21 
1800 155 22 175 
1800 156 22 174 182 
1800 157 18 
1800 158 4 21 
1800 159 20 
1800 160 172 
1800 161 4 
1800 162 152 
1800 163 4 18 19 
1800 164 21 183 
1800 165 152 
1800 166 
1800 167 19 
1800 168 179 
1800 169 22 
1800 170 18 
1800 171 
1800 172 20 160 179 
1800 173 19 
1800 174 156 
1800 175 155 
1800 176 153 
1800 177 4 
1800 178 21 
1800 179 168 172 
1800 180 
1800 181 4 
1800 182 156 
1800 183 164 
1800 184 18 
1800 185 19 
1800 186 22 
1800 187 225 
1800 188 5 23 197 214 
1800 189 24 26 191 210 218 
1800 190 199 
1800 191 189 
1800 192 195 217 
1800 193 26 204 207 
1800 194 216 
1800 195 192 207 
1800 196 225 
1800 197 188 
1800 198 26 
1800 199 25 190 211 
1800 200 5 
1800 201 203 
1800 202 5 25 213 
1800 203 5 201 208 
1800 204 193 
1800 205 23 
1800 206 24 
1800 207 193 195 
1800 208 203 
1800 209 
1800 210 189 
1800 211 199 
1800 212 219 
1800 213 202 
1800 214 188 
1800 215 25 224 
1800 216 25 26 194 
1800 217 192 
1800 218 189 
1800 219 26 212 
1800 220 25 
1800 221 5 222 
1800 222 221 
1800 223 26 
1800 224 215 
1800 225 5 187 196 
1800 226 5 
1800 227 25 
1800 228 0 1 3 
1800 229 0 1 3 
1800 230 0 1 3 
1800 231 0 1 
1800 232 0 1 3 
1800 233 0 
1800 234 0 3 
1800 235 0 1 3 
1800 236 0 1 
1800 237 0 1 3 
1800 238 0 3 
1800 239 0 1 3 
1800 240 0 
1800 241 0 1 3 
1800 242 0 1 
1800 243 0 1 3 
1800 244 0 
1800 245 0 1 3 
1800 246 0 
1800 247 0 
1800 248 0 1 3 
1800 249 0 1 3 
1800 250 0 1 3 
1800 251 0 
1800 252 0 1 3 
1800 253 0 3 
1800 254 0 1 3 
1800 255 0 1 
1800 256 0 1 3 
1800 257 0 1 
3600 0 1 85 96 112 228 229 230 231 232 233 234 235 236 237 238 239 240 241 242 243 244 245 246 247 248 249 250 251 252 253 254 255 256 257 
3600 1 0 32 35 45 46 64 66 67 71 228 229 230 231 232 235 236 237 239 241 242 243 245 248 249 250 252 254 255 256 257 
3600 2 4 10 81 85 94 109 228 229 231 232 234 235 238 239 240 242 244 246 248 249 251 254 256 
3600 3 15 116 131 140 142 144 149 150 
3600 4 2 18 19 155 161 167 170 177 185 228 229 230 232 233 234 235 238 240 242 244 246 247 248 251 252 255 257 
3600 5 23 26 191 202 214 218 221 223 
3600 6 35 55 61 65 72 
3600 7 8 9 32 33 37 38 42 49 57 
3600 8 7 27 44 47 51 
3600 9 7 39 41 69 
3600 10 2 
3600 11 75 80 
3600 12 80 
3600 13 80 
3600 14 78 
3600 15 3 126 
3600 16 140 
3600 17 129 131 148 
3600 18 4 20 158 169 182 
3600 19 4 159 
3600 20 18 153 154 
3600 21 22 177 181 
3600 22 21 184 
3600 23 5 25 195 199 215 
3600 24 188 190 215 
3600 25 23 
3600 26 5 193 224 227 
3600 27 8 29 60 
3600 28 34 72 
3600 29 27 31 43 63 70 
3600 30 60 
3600 31 29 
3600 32 1 7 48 
3600 33 7 50 54 62 
3600 34 28 
3600 35 1 6 
3600 36 58 
3600 37 7 52 58 
3600 38 7 
3600 39 9 
3600 40 59 62 
3600 41 9 
3600 42 7 
3600 43 29 
3600 44 8 56 
3600 45 1 
3600 46 1 
3600 47 8 53 
3600 48 32 68 
3600 49 7 
3600 50 33 
3600 51 8 
3600 52 37 
3600 53 47 
3600 54 33 
3600 55 6 
3600 56 44 
3600 57 7 
3600 58 36 37 
3600 59 40 
3600 60 27 30 
3600 61 6 
3600 62 33 40 
3600 63 29 
3600 64 1 
3600 65 6 
3600 66 1 
3600 67 1 
3600 68 48 
3600 69 9 
3600 70 29 
3600 71 1 
3600 72 6 28 
3600 73 
3600 74 80 95 
3600 75 11 76 78 82 83 94 101 105 
3600 76 75 
3600 77 89 100 
3600 78 14 75 
3600 79 101 
3600 80 11 12 13 74 108 
3600 81 2 90 
3600 82 75 
3600 83 75 87 
3600 84 94 
3600 85 0 2 92 98 
3600 86 97 
3600 87 83 
3600 88 90 
3600 89 77 
3600 90 81 88 
3600 91 109 
3600 92 85 99 
3600 93 106 
3600 94 2 75 84 
3600 95 74 110 
3600 96 0 97 106 
3600 97 86 96 
3600 98 85 
3600 99 92 103 
3600 100 77 109 
3600 101 75 79 
3600 102 
3600 103 99 
3600 104 
3600 105 75 
3600 106 93 96 
3600 107 
3600 108 80 
3600 109 2 91 100 
3600 110 95 
3600 111 
3600 112 0 
3600 113 131 
3600 114 136 
3600 115 142 
3600 116 3 
3600 117 136 
3600 118 129 
3600 119 141 
3600 120 134 
3600 121 140 
3600 122 136 
3600 123 129 
3600 124 129 
3600 125 133 135 
3600 126 15 
3600 127 128 
3600 128 127 140 
3600 129 17 118 123 124 132 
3600 130 144 
3600 131 3 17 113 134 138 
3600 132 129 
3600 133 125 
3600 134 120 131 135 136 151 
3600 135 125 134 139 
3600 136 114 117 122 134 
3600 137 138 145 
3600 138 131 137 141 
3600 139 135 
3600 140 3 16 121 128 
3600 141 119 138 146 147 
3600 142 3 115 
3600 143 146 
3600 144 3 130 
3600 145 137 
3600 146 141 143 
3600 147 141 
3600 148 17 
3600 149 3 
3600 150 3 
3600 151 134 
3600 152 153 183 
3600 153 20 152 173 
3600 154 20 
3600 155 4 157 165 186 
3600 156 162 164 165 174 178 
3600 157 155 
3600 158 18 
3600 159 19 
3600 160 166 169 
3600 161 4 175 180 
3600 162 156 172 
3600 163 172 
3600 164 156 
3600 165 155 156 
3600 166 160 
3600 167 4 
3600 168 
3600 169 18 160 
3600 170 4 
3600 171 
3600 172 162 163 
3600 173 153 
3600 174 156 179 
3600 175 161 
3600 176 
3600 177 4 21 
3600 178 156 
3600 179 174 
3600 180 161 
3600 181 21 
3600 182 18 
3600 183 152 
3600 184 22 
3600 185 4 
3600 186 155 
3600 187 196 
3600 188 24 204 
3600 189 199 205 216 
3600 190 24 196 219 
3600 191 5 203 207 208 225 
3600 192 
3600 193 26 
3600 194 208 
3600 195 23 217 226 
3600 196 187 190 197 200 220 
3600 197 196 198 
3600 198 197 
3600 199 23 189 
3600 200 196 
3600 201 210 
3600 202 5 
3600 203 191 
3600 204 188 206 
3600 205 189 
3600 206 204 
3600 207 191 
3600 208 191 194 
3600 209 
3600 210 201 211 
3600 211 210 
3600 212 
3600 213 226 
3600 214 5 
3600 215 23 24 
3600 216 189 
3600 217 195 
3600 218 5 
3600 219 190 
3600 220 196 
3600 221 5 222 
3600 222 221 
3600 223 5 
3600 224 26 
3600 225 191 
3600 226 195 213 
3600 227 26 
3600 228 0 1 2 4 
3600 229 0 1 2 4 
3600 230 0 1 4 
3600 231 0 1 2 
3600 232 0 1 2 4 
3600 233 0 4 
3600 234 0 2 4 
3600 235 0 1 2 4 
3600 236 0 1 
3600 237 0 1 
3600 238 0 2 4 
3600 239 0 1 2 
3600 240 0 2 4 
3600 241 0 1 
3600 242 0 1 2 4 
3600 243 0 1 
3600 244 0 2 4 
3600 245 0 1 
3600 246 0 2 4 
3600 247 0 4 
3600 248 0 1 2 4 
3600 249 0 1 2 
3600 250 0 1 
3600 251 0 2 4 
3600 252 0 1 4 
3600 253 0 
3600 254 0 1 2 
3600 255 0 1 4 
3600 256 0 1 2 
3600 257 0 1 4 
5400 0 2 4 77 81 89 105 110 112 228 229 230 231 232 233 234 235 236 237 238 239 240 241 242 243 244 245 246 247 248 249 250 251 252 253 254 255 256 257 
5400 1 2 5 6 9 31 32 39 43 48 51 69 70 228 229 230 231 232 235 236 237 239 241 242 243 245 248 249 250 252 254 255 256 257 
5400 2 0 1 13 75 94 228 229 231 232 234 235 238 239 240 242 244 246 248 249 251 254 256 
5400 3 16 17 117 128 129 136 141 142 145 
5400 4 0 170 173 174 181 185 228 229 230 232 233 234 235 238 240 242 244 246 247 248 251 252 255 257 
5400 5 1 23 26 188 204 205 216 218 225 228 229 230 231 233 235 236 238 239 241 242 243 244 247 248 250 251 253 255 256 
5400 6 1 40 54 57 60 61 64 72 
5400 7 8 9 27 49 50 
5400 8 7 37 44 55 58 67 
5400 9 1 7 34 52 56 
5400 10 75 
5400 11 108 
5400 12 81 
5400 13 2 
5400 14 96 
5400 15 129 
5400 16 3 113 
5400 17 3 127 137 
5400 18 19 157 167 183 
5400 19 18 158 172 173 
5400 20 152 157 182 
5400 21 158 184 
5400 22 154 172 175 
5400 23 5 191 198 223 227 
5400 24 194 200 226 227 
5400 25 190 208 216 
5400 26 5 193 197 199 214 
5400 27 7 28 62 66 
5400 28 27 65 
5400 29 31 41 46 
5400 30 43 
5400 31 1 29 47 
5400 32 1 
5400 33 37 
5400 34 9 
5400 35 50 
5400 36 37 
5400 37 8 33 36 45 
5400 38 66 
5400 39 1 42 63 
5400 40 6 
5400 41 29 
5400 42 39 
5400 43 1 30 
5400 44 8 
5400 45 37 
5400 46 29 68 
5400 47 31 
5400 48 1 
5400 49 7 
5400 50 7 35 71 
5400 51 1 
5400 52 9 59 
5400 53 66 
5400 54 6 
5400 55 8 
5400 56 9 
5400 57 6 
5400 58 8 
5400 59 52 
5400 60 6 
5400 61 6 
5400 62 27 
5400 63 39 
5400 64 6 
5400 65 28 
5400 66 27 38 53 
5400 67 8 
5400 68 46 
5400 69 1 
5400 70 1 
5400 71 50 
5400 72 6 
5400 73 90 
5400 74 75 90 95 96 98 
5400 75 2 10 74 91 
5400 76 96 
5400 77 0 
5400 78 95 
5400 79 92 
5400 80 99 107 112 
5400 81 0 12 
5400 82 112 
5400 83 85 89 92 106 
5400 84 88 
5400 85 83 88 
5400 86 89 
5400 87 95 
5400 88 84 85 
5400 89 0 83 86 100 
5400 90 73 74 
5400 91 75 
5400 92 79 83 93 
5400 93 92 
5400 94 2 
5400 95 74 78 87 108 111 
5400 96 14 74 76 101 
5400 97 112 
5400 98 74 
5400 99 80 
5400 100 89 
5400 101 96 
5400 102 
5400 103 
5400 104 
5400 105 0 
5400 106 83 
5400 107 80 
5400 108 11 95 
5400 109 112 
5400 110 0 
5400 111 95 
5400 112 0 80 82 97 109 
5400 113 16 
5400 114 135 151 
5400 115 134 
5400 116 129 
5400 117 3 134 
5400 118 134 
5400 119 131 
5400 120 128 
5400 121 132 
5400 122 131 
5400 123 134 
5400 124 131 
5400 125 
5400 126 131 
5400 127 17 
5400 128 3 120 149 
5400 129 3 15 116 131 138 
5400 130 135 139 
5400 131 119 122 124 126 129 143 
5400 132 121 147 
5400 133 
5400 134 115 117 118 123 146 151 
5400 135 114 130 
5400 136 3 144 150 
5400 137 17 147 
5400 138 129 
5400 139 130 
5400 140 148 
5400 141 3 148 
5400 142 3 
5400 143 131 
5400 144 136 
5400 145 3 
5400 146 134 
5400 147 132 137 
5400 148 140 141 
5400 149 128 
5400 150 136 
5400 151 114 134 
5400 152 20 164 
5400 153 155 157 
5400 154 22 159 176 
5400 155 153 186 
5400 156 157 162 
5400 157 18 20 153 156 
5400 158 19 21 161 
5400 159 154 
5400 160 174 
5400 161 158 177 
5400 162 156 
5400 163 175 178 180 
5400 164 152 
5400 165 
5400 166 
5400 167 18 
5400 168 171 
5400 169 
5400 170 4 
5400 171 168 
5400 172 19 22 
5400 173 4 19 
5400 174 4 160 179 
5400 175 22 163 
5400 176 154 
5400 177 161 
5400 178 163 
5400 179 174 
5400 180 163 
5400 181 4 
5400 182 20 
5400 183 18 
5400 184 21 
5400 185 4 
5400 186 155 
5400 187 188 
5400 188 5 187 196 207 222 
5400 189 190 203 211 213 
5400 190 25 189 
5400 191 23 
5400 192 195 
5400 193 26 202 219 
5400 194 24 
5400 195 192 213 
5400 196 188 
5400 197 26 
5400 198 23 224 
5400 199 26 
5400 200 24 
5400 201 203 
5400 202 193 
5400 203 189 201 
5400 204 5 206 220 
5400 205 5 
5400 206 204 
5400 207 188 
5400 208 25 
5400 209 
5400 210 
5400 211 189 
5400 212 216 
5400 213 189 195 215 
5400 214 26 
5400 215 213 
5400 216 5 25 212 
5400 217 
5400 218 5 
5400 219 193 
5400 220 204 
5400 221 
5400 222 188 
5400 223 23 
5400 224 198 
5400 225 5 
5400 226 24 
5400 227 23 24 
5400 228 0 1 2 4 5 
5400 229 0 1 2 4 5 
5400 230 0 1 4 5 
5400 231 0 1 2 5 
5400 232 0 1 2 4 
5400 233 0 4 5 
5400 234 0 2 4 
5400 235 0 1 2 4 5 
5400 236 0 1 5 
5400 237 0 1 
5400 238 0 2 4 5 
5400 239 0 1 2 5 
5400 240 0 2 4 
5400 241 0 1 5 
5400 242 0 1 2 4 5 
5400 243 0 1 5 
5400 244 0 2 4 5 
5400 245 0 1 
5400 246 0 2 4 
5400 247 0 4 5 
5400 248 0 1 2 4 5 
5400 249 0 1 2 
5400 250 0 1 5 
5400 251 0 2 4 5 
5400 252 0 1 4 
5400 253 0 5 
5400 254 0 1 2 
5400 255 0 1 4 5 
5400 256 0 1 2 5 
5400 257 0 1 4 
7200 0 86 95 96 110 
7200 1 5 7 31 32 34 44 52 56 67 70 72 228 229 230 231 232 235 236 237 239 241 242 243 245 248 249 250 252 254 255 256 257 
7200 2 11 13 81 92 96 
7200 3 117 123 137 143 145 150 
7200 4 152 153 168 177 
7200 5 1 26 188 193 205 208 219 224 228 229 230 231 233 235 236 238 239 241 242 243 244 247 248 250 251 253 255 256 
7200 6 8 31 39 42 48 55 57 58 69 
7200 7 1 29 41 61 
7200 8 6 
7200 9 32 43 51 
7200 10 14 112 
7200 11 2 75 85 
7200 12 74 
7200 13 2 
7200 14 10 
7200 15 147 148 
7200 16 134 
7200 17 131 
7200 18 156 177 184 
7200 19 164 169 173 183 
7200 20 153 154 155 159 167 172 173 
7200 21 22 159 175 186 
7200 22 21 174 
7200 23 190 216 220 221 224 225 
7200 24 25 195 219 223 226 227 
7200 25 24 199 200 218 
7200 26 5 191 197 202 
7200 27 35 47 49 52 62 64 
7200 28 41 65 
7200 29 7 38 60 63 
7200 30 32 
7200 31 1 6 40 
7200 32 1 9 30 45 
7200 33 56 
7200 34 1 46 71 
7200 35 27 66 
7200 36 37 
7200 37 36 45 
7200 38 29 
7200 39 6 
7200 40 31 53 54 
7200 41 7 28 
7200 42 6 
7200 43 9 50 
7200 44 1 
7200 45 32 37 
7200 46 34 
7200 47 27 
7200 48 6 68 
7200 49 27 
7200 50 43 
7200 51 9 59 
7200 52 1 27 
7200 53 40 
7200 54 40 
7200 55 6 
7200 56 1 33 
7200 57 6 
7200 58 6 
7200 59 51 
7200 60 29 
7200 61 7 
7200 62 27 
7200 63 29 
7200 64 27 
7200 65 28 
7200 66 35 
7200 67 1 
7200 68 48 
7200 69 6 
7200 70 1 
7200 71 34 
7200 72 1 
7200 73 76 88 
7200 74 12 82 91 112 
7200 75 11 76 105 108 
7200 76 73 75 87 
7200 77 
7200 78 112 
7200 79 107 
7200 80 100 108 
7200 81 2 84 
7200 82 74 
7200 83 87 
7200 84 81 
7200 85 11 101 
7200 86 0 
7200 87 76 83 
7200 88 73 
7200 89 
7200 90 106 
7200 91 74 
7200 92 2 
7200 93 99 
7200 94 112 
7200 95 0 
7200 96 0 2 97 112 
7200 97 96 
7200 98 112 
7200 99 93 109 
7200 100 80 107 
7200 101 85 
7200 102 
7200 103 
7200 104 
7200 105 75 
7200 106 90 112 
7200 107 79 100 
7200 108 75 80 
7200 109 99 112 
7200 110 0 
7200 111 
7200 112 10 74 78 94 96 98 106 109 
7200 113 129 
7200 114 137 
7200 115 137 
7200 116 131 134 
7200 117 3 131 
7200 118 123 130 
7200 119 124 
7200 120 129 
7200 121 137 
7200 122 131 
7200 123 3 118 
7200 124 119 142 
7200 125 
7200 126 135 142 
7200 127 138 
7200 128 131 142 
7200 129 113 120 131 136 
7200 130 118 
7200 131 17 116 117 122 128 129 151 
7200 132 134 
7200 133 150 
7200 134 16 116 132 146 149 
7200 135 126 
7200 136 129 140 148 
7200 137 3 114 115 121 139 144 
7200 138 127 142 
7200 139 137 
7200 140 136 
7200 141 149 
7200 142 124 126 128 138 
7200 143 3 
7200 144 137 
7200 145 3 
7200 146 134 
7200 147 15 
7200 148 15 136 
7200 149 134 141 
7200 150 3 133 
7200 151 131 
7200 152 4 161 
7200 153 4 20 170 182 
7200 154 20 157 176 
7200 155 20 162 178 
7200 156 18 
7200 157 154 
7200 158 181 182 
7200 159 20 21 
7200 160 163 166 
7200 161 152 
7200 162 155 
7200 163 160 164 
7200 164 19 163 
7200 165 
7200 166 160 
7200 167 20 
7200 168 4 
7200 169 19 
7200 170 153 
7200 171 
7200 172 20 180 
7200 173 19 20 
7200 174 22 
7200 175 21 
7200 176 154 
7200 177 4 18 
7200 178 155 
7200 179 
7200 180 172 
7200 181 158 185 
7200 182 153 158 
7200 183 19 
7200 184 18 
7200 185 181 
7200 186 21 
7200 187 214 
7200 188 5 
7200 189 199 203 210 212 
7200 190 23 
7200 191 26 207 
7200 192 213 
7200 193 5 194 
7200 194 193 
7200 195 24 213 215 217 
7200 196 225 
7200 197 26 
7200 198 213 
7200 199 25 189 214 
7200 200 25 
7200 201 211 
7200 202 26 
7200 203 189 
7200 204 221 
7200 205 5 
7200 206 
7200 207 191 
7200 208 5 
7200 209 
7200 210 189 
7200 211 201 218 
7200 212 189 
7200 213 192 195 198 
7200 214 187 199 
7200 215 195 222 
7200 216 23 
7200 217 195 
7200 218 25 211 
7200 219 5 24 
7200 220 23 
7200 221 23 204 
7200 222 215 
7200 223 24 
7200 224 5 23 
7200 225 23 196 
7200 226 24 
7200 227 24 
7200 228 1 5 
7200 229 1 5 
7200 230 1 5 
7200 231 1 5 
7200 232 1 
7200 233 5 
7200 235 1 5 
7200 236 1 5 
7200 237 1 
7200 238 5 
7200 239 1 5 
7200 241 1 5 
7200 242 1 5 
7200 243 1 5 
7200 244 5 
7200 245 1 
7200 247 5 
7200 248 1 5 
7200 249 1 
7200 250 1 5 
7200 251 5 
7200 252 1 
7200 253 5 
7200 254 1 
7200 255 1 5 
7200 256 1 5 
7200 257 1 
9000 0 3 4 228 229 230 231 232 233 234 235 236 237 238 239 240 241 242 243 244 245 246 247 248 249 250 251 252 253 254 255 256 257 
9000 1 9 37 38 40 42 46 69 
9000 2 11 12 13 14 78 81 82 101 109 
9000 3 0 113 116 117 123 145 147 150 228 229 230 232 234 235 237 238 239 241 243 245 248 249 250 252 253 254 256 
9000 4 0 5 154 161 162 164 167 174 182 228 229 230 232 233 234 235 238 240 242 244 246 247 248 251 252 255 257 
9000 5 4 197 203 204 228 229 230 231 233 235 236 238 239 241 242 243 244 247 248 250 251 253 255 256 
9000 6 29 46 61 65 72 
9000 7 28 37 
9000 8 29 41 45 62 67 70 
9000 9 1 50 57 66 
9000 10 96 98 108 
9000 11 2 
9000 12 2 
9000 13 2 80 
9000 14 2 97 99 
9000 15 115 148 
9000 16 141 148 
9000 17 120 
9000 18 154 163 177 178 185 
9000 19 182 
9000 20 22 152 173 
9000 21 167 
9000 22 20 153 159 170 172 180 183 185 
9000 23 188 190 193 202 208 224 225 
9000 24 215 
9000 25 219 224 226 
9000 26 188 199 
9000 27 31 42 43 48 
9000 28 7 56 
9000 29 6 8 36 44 
9000 30 57 60 
9000 31 27 54 
9000 32 37 47 
9000 33 35 44 71 
9000 34 62 64 
9000 35 33 
9000 36 29 
9000 37 1 7 32 63 
9000 38 1 53 55 
9000 39 44 
9000 40 1 52 58 59 
9000 41 8 49 
9000 42 1 27 
9000 43 27 51 
9000 44 29 33 39 
9000 45 8 
9000 46 1 6 
9000 47 32 
9000 48 27 
9000 49 41 
9000 50 9 
9000 51 43 
9000 52 40 
9000 53 38 
9000 54 31 
9000 55 38 
9000 56 28 
9000 57 9 30 
9000 58 40 
9000 59 40 
9000 60 30 
9000 61 6 
9000 62 8 34 
9000 63 37 
9000 64 34 
9000 65 6 
9000 66 9 
9000 67 8 
9000 68 69 
9000 69 1 68 
9000 70 8 
9000 71 33 
9000 72 6 
9000 73 108 
9000 74 96 
9000 75 83 86 95 96 112 
9000 76 83 
9000 77 
9000 78 2 
9000 79 103 
9000 80 13 
9000 81 2 84 90 102 
9000 82 2 
9000 83 75 76 94 
9000 84 81 
9000 85 112 
9000 86 75 
9000 87 
9000 88 94 
9000 89 
9000 90 81 
9000 91 96 
9000 92 93 108 
9000 93 92 
9000 94 83 88 
9000 95 75 104 
9000 96 10 74 75 91 101 106 
9000 97 14 
9000 98 10 
9000 99 14 
9000 100 112 
9000 101 2 96 
9000 102 81 
9000 103 79 
9000 104 95 
9000 105 112 
9000 106 96 
9000 107 
9000 108 10 73 92 
9000 109 2 110 
9000 110 109 111 
9000 111 110 
9000 112 75 85 100 105 
9000 113 3 129 
9000 114 131 134 137 144 
9000 115 15 
9000 116 3 131 
9000 117 3 
9000 118 131 146 
9000 119 125 131 
9000 120 17 136 141 
9000 121 136 
9000 122 135 148 
9000 123 3 128 
9000 124 131 
9000 125 119 
9000 126 136 
9000 127 136 
9000 128 123 149 
9000 129 113 136 151 
9000 130 
9000 131 114 116 118 119 124 132 138 
9000 132 131 
9000 133 150 
9000 134 114 
9000 135 122 
9000 136 120 121 126 127 129 143 
9000 137 114 
9000 138 131 
9000 139 
9000 140 148 
9000 141 16 120 
9000 142 151 
9000 143 136 
9000 144 114 
9000 145 3 
9000 146 118 
9000 147 3 
9000 148 15 16 122 140 
9000 149 128 
9000 150 3 133 
9000 151 129 142 
9000 152 20 156 165 175 184 
9000 153 22 158 
9000 154 4 18 176 
9000 155 157 158 181 
9000 156 152 
9000 157 155 
9000 158 153 155 
9000 159 22 
9000 160 178 179 
9000 161 4 
9000 162 4 
9000 163 18 186 
9000 164 4 
9000 165 152 
9000 166 
9000 167 4 21 
9000 168 171 
9000 169 
9000 170 22 
9000 171 168 
9000 172 22 
9000 173 20 
9000 174 4 
9000 175 152 
9000 176 154 
9000 177 18 
9000 178 18 160 
9000 179 160 
9000 180 22 
9000 181 155 
9000 182 4 19 
9000 183 22 
9000 184 152 
9000 185 18 22 
9000 186 163 
9000 187 188 196 
9000 188 23 26 187 207 223 
9000 189 200 203 
9000 190 23 200 216 220 221 
9000 191 214 225 
9000 192 213 
9000 193 23 212 
9000 194 208 211 
9000 195 202 
9000 196 187 
9000 197 5 218 
9000 198 
9000 199 26 
9000 200 189 190 
9000 201 208 
9000 202 23 195 
9000 203 5 189 
9000 204 5 206 215 
9000 205 207 
9000 206 204 
9000 207 188 205 213 227 
9000 208 23 194 201 
9000 209 
9000 210 
9000 211 194 
9000 212 193 
9000 213 192 207 
9000 214 191 222 
9000 215 24 204 
9000 216 190 
9000 217 
9000 218 197 
9000 219 25 
9000 220 190 
9000 221 190 
9000 222 214 
9000 223 188 
9000 224 23 25 
9000 225 23 191 
9000 226 25 
9000 227 207 
9000 228 0 3 4 5 
9000 229 0 3 4 5 
9000 230 0 3 4 5 
9000 231 0 5 
9000 232 0 3 4 
9000 233 0 4 5 
9000 234 0 3 4 
9000 235 0 3 4 5 
9000 236 0 5 
9000 237 0 3 
9000 238 0 3 4 5 
9000 239 0 3 5 
9000 240 0 4 
9000 241 0 3 5 
9000 242 0 4 5 
9000 243 0 3 5 
9000 244 0 4 5 
9000 245 0 3 
9000 246 0 4 
9000 247 0 4 5 
9000 248 0 3 4 5 
9000 249 0 3 
9000 250 0 3 5 
9000 251 0 4 5 
9000 252 0 3 4 
9000 253 0 3 5 
9000 254 0 3 
9000 255 0 4 5 
9000 256 0 3 5 
9000 257 0 4 
10800 0 99 110 
10800 1 30 40 43 57 60 62 
10800 2 11 105 
10800 3 4 117 122 126 136 138 143 228 229 230 232 234 235 237 238 239 241 243 245 248 249 250 252 253 254 256 
10800 4 3 22 152 153 155 158 170 173 183 185 228 229 230 232 233 234 235 238 240 242 244 246 247 248 251 252 255 257 
10800 5 198 203 207 215 226 
10800 6 8 29 34 42 48 61 72 
10800 7 37 67 
10800 8 6 28 35 39 45 49 57 64 66 
10800 9 40 50 51 54 
10800 10 99 105 
10800 11 2 
10800 12 91 96 
10800 13 83 
10800 14 75 92 
10800 15 116 131 
10800 16 145 149 
10800 17 121 127 134 137 
10800 18 153 156 161 177 184 
10800 19 20 153 154 159 172 186 
10800 20 19 21 164 165 
10800 21 20 174 
10800 22 4 162 167 
10800 23 190 197 199 214 215 216 223 
10800 24 25 190 191 195 202 208 224 
10800 25 24 220 221 225 227 
10800 26 188 214 
10800 27 31 35 38 47 
10800 28 8 32 52 
10800 29 6 44 58 59 69 70 
10800 30 1 56 71 
10800 31 27 
10800 32 28 
10800 33 46 47 
10800 34 6 37 65 
10800 35 8 27 
10800 36 50 
10800 37 7 34 
10800 38 27 53 
10800 39 8 55 
10800 40 1 9 
10800 41 58 
10800 42 6 
10800 43 1 
10800 44 29 68 
10800 45 8 
10800 46 33 
10800 47 27 33 
10800 48 6 
10800 49 8 
10800 50 9 36 
10800 51 9 63 
10800 52 28 
10800 53 38 
10800 54 9 
10800 55 39 
10800 56 30 
10800 57 1 8 
10800 58 29 41 
10800 59 29 
10800 60 1 
10800 61 6 
10800 62 1 
10800 63 51 
10800 64 8 
10800 65 34 
10800 66 8 
10800 67 7 
10800 68 44 
10800 69 29 
10800 70 29 
10800 71 30 
10800 72 6 
10800 73 75 
10800 74 92 95 
10800 75 14 73 81 82 96 97 98 106 
10800 76 78 95 
10800 77 80 109 
10800 78 76 
10800 79 93 
10800 80 77 86 108 
10800 81 75 83 99 
10800 82 75 101 
10800 83 13 81 108 112 
10800 84 
10800 85 90 99 
10800 86 80 
10800 87 95 
10800 88 
10800 89 110 
10800 90 85 
10800 91 12 
10800 92 14 74 107 
10800 93 79 102 108 
10800 94 109 
10800 95 74 76 87 
10800 96 12 75 
10800 97 75 
10800 98 75 
10800 99 0 10 81 85 
10800 100 108 
10800 101 82 
10800 102 93 
10800 103 
10800 104 
10800 105 2 10 
10800 106 75 
10800 107 92 
10800 108 80 83 93 100 
10800 109 77 94 
10800 110 0 89 
10800 111 
10800 112 83 
10800 113 129 
10800 114 131 
10800 115 126 
10800 116 15 
10800 117 3 134 
10800 118 131 
10800 119 136 
10800 120 136 
10800 121 17 
10800 122 3 
10800 123 131 
10800 124 142 
10800 125 
10800 126 3 115 130 
10800 127 17 
10800 128 138 
10800 129 113 132 141 147 
10800 130 126 
10800 131 15 114 118 123 134 142 
10800 132 129 134 151 
10800 133 150 
10800 134 17 117 131 132 144 
10800 135 148 
10800 136 3 119 120 149 150 
10800 137 17 
10800 138 3 128 
10800 139 144 
10800 140 150 
10800 141 129 
10800 142 124 131 
10800 143 3 
10800 144 134 139 
10800 145 16 146 
10800 146 145 
10800 147 129 148 
10800 148 135 147 
10800 149 16 136 
10800 150 133 136 140 
10800 151 132 
10800 152 4 181 
10800 153 4 18 19 
10800 154 19 
10800 155 4 175 
10800 156 18 
10800 157 165 180 
10800 158 4 182 
10800 159 19 
10800 160 174 
10800 161 18 
10800 162 22 
10800 163 170 178 
10800 164 20 169 
10800 165 20 157 
10800 166 
10800 167 22 
10800 168 
10800 169 164 
10800 170 4 163 
10800 171 174 
10800 172 19 
10800 173 4 
10800 174 21 160 171 179 
10800 175 155 
10800 176 
10800 177 18 
10800 178 163 
10800 179 174 
10800 180 157 
10800 181 152 
10800 182 158 
10800 183 4 
10800 184 18 
10800 185 4 
10800 186 19 
10800 187 190 
10800 188 26 
10800 189 191 194 204 218 
10800 190 23 24 187 
10800 191 24 189 
10800 192 
10800 193 216 
10800 194 189 
10800 195 24 217 
10800 196 
10800 197 23 
10800 198 5 
10800 199 23 205 210 219 
10800 200 204 
10800 201 205 
10800 202 24 
10800 203 5 
10800 204 189 200 213 
10800 205 199 201 
10800 206 
10800 207 5 
10800 208 24 
10800 209 
10800 210 199 
10800 211 
10800 212 
10800 213 204 
10800 214 23 26 
10800 215 5 23 
10800 216 23 193 
10800 217 195 
10800 218 189 
10800 219 199 
10800 220 25 
10800 221 25 
10800 222 227 
10800 223 23 
10800 224 24 
10800 225 25 
10800 226 5 
10800 227 25 222 
10800 228 3 4 
10800 229 3 4 
10800 230 3 4 
10800 232 3 4 
10800 233 4 
10800 234 3 4 
10800 235 3 4 
10800 237 3 
10800 238 3 4 
10800 239 3 
10800 240 4 
10800 241 3 
10800 242 4 
10800 243 3 
10800 244 4 
10800 245 3 
10800 246 4 
10800 247 4 
10800 248 3 4 
10800 249 3 
10800 250 3 
10800 251 4 
10800 252 3 4 
10800 253 3 
10800 254 3 
10800 255 4 
10800 256 3 
10800 257 4 
12600 0 1 3 109 228 229 230 231 232 233 234 235 236 237 238 239 240 241 242 243 244 245 246 247 248 249 250 251 252 253 254 255 256 257 
12600 1 0 4 6 7 9 28 30 37 45 57 58 70 71 228 229 230 231 232 235 236 237 239 241 242 243 245 248 249 250 252 254 255 256 257 
12600 2 10 83 96 99 101 106 
12600 3 0 122 131 228 229 230 232 234 235 237 238 239 241 243 245 248 249 250 252 253 254 256 
12600 4 1 154 155 159 164 228 229 230 232 233 234 235 238 240 242 244 246 247 248 251 252 255 257 
12600 5 24 26 202 215 216 
12600 6 1 35 39 44 49 56 61 64 
12600 7 1 29 41 46 50 54 65 
12600 8 9 32 52 
12600 9 1 8 
12600 10 2 
12600 11 112 
12600 12 109 
12600 13 74 
12600 14 96 97 105 112 
12600 15 129 134 136 137 
12600 16 126 136 148 
12600 17 114 117 131 
12600 18 152 154 170 174 175 177 185 
12600 19 152 162 
12600 20 153 162 182 
12600 21 155 178 186 
12600 22 161 162 167 173 184 
12600 23 25 197 199 205 207 216 220 223 
12600 24 5 191 200 203 219 
12600 25 23 190 195 204 208 221 
12600 26 5 193 198 
12600 27 41 
12600 28 1 47 72 
12600 29 7 31 36 43 59 60 63 
12600 30 1 34 
12600 31 29 33 
12600 32 8 66 
12600 33 31 
12600 34 30 51 69 
12600 35 6 
12600 36 29 
12600 37 1 38 48 62 
12600 38 37 42 
12600 39 6 40 
12600 40 39 53 55 
12600 41 7 27 
12600 42 38 
12600 43 29 
12600 44 6 
12600 45 1 
12600 46 7 67 
12600 47 28 
12600 48 37 
12600 49 6 68 
12600 50 7 
12600 51 34 
12600 52 8 
12600 53 40 
12600 54 7 
12600 55 40 
12600 56 6 
12600 57 1 
12600 58 1 
12600 59 29 
12600 60 29 
12600 61 6 
12600 62 37 
12600 63 29 
12600 64 6 
12600 65 7 
12600 66 32 
12600 67 46 
12600 68 49 
12600 69 34 
12600 70 1 
12600 71 1 
12600 72 28 
12600 73 84 
12600 74 13 86 92 105 
12600 75 81 82 84 108 
12600 76 104 108 110 
12600 77 
12600 78 109 
12600 79 
12600 80 103 107 112 
12600 81 75 95 102 
12600 82 75 
12600 83 2 
12600 84 73 75 90 96 98 
12600 85 112 
12600 86 74 
12600 87 111 
12600 88 94 
12600 89 
12600 90 84 
12600 91 109 112 
12600 92 74 100 
12600 93 99 
12600 94 88 108 
12600 95 81 
12600 96 2 14 84 
12600 97 14 
12600 98 84 
12600 99 2 93 
12600 100 92 
12600 101 2 
12600 102 81 
12600 103 80 
12600 104 76 
12600 105 14 74 111 
12600 106 2 
12600 107 80 
12600 108 75 76 94 
12600 109 0 12 78 91 
12600 110 76 
12600 111 87 105 
12600 112 11 14 80 85 91 
12600 113 141 
12600 114 17 
12600 115 134 
12600 116 136 147 
12600 117 17 120 
12600 118 129 
12600 119 129 131 
12600 120 117 
12600 121 146 
12600 122 3 
12600 123 147 
12600 124 131 
12600 125 
12600 126 16 
12600 127 140 
12600 128 142 
12600 129 15 118 119 
12600 130 
12600 131 3 17 119 124 
12600 132 141 
12600 133 
12600 134 15 115 138 139 151 
12600 135 142 
12600 136 15 16 116 
12600 137 15 
12600 138 134 144 
12600 139 134 
12600 140 127 147 
12600 141 113 132 142 151 
12600 142 128 135 141 145 
12600 143 151 
12600 144 138 
12600 145 142 146 
12600 146 121 145 
12600 147 116 123 140 149 
12600 148 16 150 
12600 149 147 
12600 150 148 
12600 151 134 141 143 
12600 152 18 19 157 
12600 153 20 158 183 
12600 154 4 18 
12600 155 4 21 
12600 156 162 163 
12600 157 152 181 
12600 158 153 180 
12600 159 4 172 
12600 160 
12600 161 22 
12600 162 19 20 22 156 
12600 163 156 169 
12600 164 4 
12600 165 
12600 166 
12600 167 22 
12600 168 169 
12600 169 163 168 
12600 170 18 
12600 171 
12600 172 159 
12600 173 22 
12600 174 18 
12600 175 18 
12600 176 178 
12600 177 18 
12600 178 21 176 
12600 179 
12600 180 158 
12600 181 157 
12600 182 20 
12600 183 153 
12600 184 22 
12600 185 18 
12600 186 21 
12600 187 190 
12600 188 214 
12600 189 190 211 218 
12600 190 25 187 189 227 
12600 191 24 
12600 192 217 
12600 193 26 
12600 194 199 
12600 195 25 
12600 196 
12600 197 23 
12600 198 26 217 
12600 199 23 194 
12600 200 24 214 225 
12600 201 219 
12600 202 5 
12600 203 24 212 
12600 204 25 
12600 205 23 226 
12600 206 
12600 207 23 224 
12600 208 25 
12600 209 
12600 210 218 
12600 211 189 
12600 212 203 
12600 213 
12600 214 188 200 
12600 215 5 
12600 216 5 23 
12600 217 192 198 
12600 218 189 210 
12600 219 24 201 
12600 220 23 
12600 221 25 
12600 222 224 
12600 223 23 
12600 224 207 222 
12600 225 200 
12600 226 205 
12600 227 190 
12600 228 0 1 3 4 
12600 229 0 1 3 4 
12600 230 0 1 3 4 
12600 231 0 1 
12600 232 0 1 3 4 
12600 233 0 4 
12600 234 0 3 4 
12600 235 0 1 3 4 
12600 236 0 1 
12600 237 0 1 3 
12600 238 0 3 4 
12600 239 0 1 3 
12600 240 0 4 
12600 241 0 1 3 
12600 242 0 1 4 
12600 243 0 1 3 
12600 244 0 4 
12600 245 0 1 3 
12600 246 0 4 
12600 247 0 4 
12600 248 0 1 3 4 
12600 249 0 1 3 
12600 250 0 1 3 
12600 251 0 4 
12600 252 0 1 3 4 
12600 253 0 3 
12600 254 0 1 3 
12600 255 0 1 4 
12600 256 0 1 3 
12600 257 0 1 4 
14400 0 5 83 228 229 230 231 232 233 234 235 236 237 238 239 240 241 242 243 244 245 246 247 248 249 250 251 252 253 254 255 256 257 
14400 1 28 37 40 54 60 61 67 69 70 
14400 2 11 76 97 98 101 105 
14400 3 17 127 129 141 143 147 
14400 4 20 158 170 173 174 183 185 
14400 5 0 214 216 221 224 228 229 230 231 233 235 236 238 239 241 242 243 244 247 248 250 251 253 255 256 
14400 6 7 8 33 34 38 64 65 
14400 7 6 27 49 52 56 59 69 
14400 8 6 30 31 32 43 48 57 66 
14400 9 28 29 39 50 62 71 
14400 10 92 
14400 11 2 
14400 12 109 
14400 13 80 
14400 14 105 
14400 15 132 141 149 
14400 16 121 134 137 
14400 17 3 
14400 18 152 154 164 169 174 175 177 
14400 19 154 161 163 186 
14400 20 4 157 159 162 181 
14400 21 163 184 
14400 22 156 169 
14400 23 187 188 203 204 227 
14400 24 190 208 225 
14400 25 26 199 205 207 
14400 26 25 190 198 202 221 223 
14400 27 7 72 
14400 28 1 9 41 44 68 
14400 29 9 36 
14400 30 8 
14400 31 8 
14400 32 8 
14400 33 6 
14400 34 6 45 
14400 35 
14400 36 29 
14400 37 1 46 58 63 
14400 38 6 53 
14400 39 9 51 
14400 40 1 55 
14400 41 28 
14400 42 43 
14400 43 8 42 
14400 44 28 
14400 45 34 
14400 46 37 
14400 47 52 
14400 48 8 
14400 49 7 
14400 50 9 
14400 51 39 
14400 52 7 47 
14400 53 38 
14400 54 1 
14400 55 40 
14400 56 7 
14400 57 8 
14400 58 37 
14400 59 7 
14400 60 1 
14400 61 1 
14400 62 9 
14400 63 37 
14400 64 6 
14400 65 6 
14400 66 8 
14400 67 1 
14400 68 28 
14400 69 1 7 
14400 70 1 
14400 71 9 
14400 72 27 
14400 73 108 111 
14400 74 78 92 94 95 97 108 109 
14400 75 80 82 83 108 
14400 76 2 77 
14400 77 76 
14400 78 74 
14400 79 101 
14400 80 13 75 89 
14400 81 83 
14400 82 75 96 
14400 83 0 75 81 
14400 84 97 
14400 85 89 112 
14400 86 92 
14400 87 
14400 88 
14400 89 80 85 
14400 90 97 
14400 91 96 
14400 92 10 74 86 
14400 93 98 102 103 107 
14400 94 74 
14400 95 74 99 106 
14400 96 82 91 
14400 97 2 74 84 90 
14400 98 2 93 
14400 99 95 
14400 100 
14400 101 2 79 
14400 102 93 
14400 103 93 
14400 104 110 
14400 105 2 14 
14400 106 95 
14400 107 93 
14400 108 73 74 75 
14400 109 12 74 
14400 110 104 
14400 111 73 
14400 112 85 
14400 113 137 
14400 114 117 
14400 115 123 135 
14400 116 130 140 
14400 117 114 143 
14400 118 126 129 
14400 119 145 
14400 120 129 
14400 121 16 
14400 122 134 
14400 123 115 147 
14400 124 129 131 
14400 125 
14400 126 118 
14400 127 3 
14400 128 129 137 
14400 129 3 118 120 124 128 151 
14400 130 116 136 139 142 145 
14400 131 124 
14400 132 15 
14400 133 140 
14400 134 16 122 138 
14400 135 115 
14400 136 130 138 148 150 
14400 137 16 113 128 
14400 138 134 136 
14400 139 130 144 
14400 140 116 133 
14400 141 3 15 
14400 142 130 
14400 143 3 117 
14400 144 139 
14400 145 119 130 
14400 146 147 
14400 147 3 123 146 
14400 148 136 
14400 149 15 
14400 150 136 
14400 151 129 
14400 152 18 
14400 153 154 166 182 
14400 154 18 19 153 172 
14400 155 164 
14400 156 22 167 
14400 157 20 165 
14400 158 4 
14400 159 20 
14400 160 
14400 161 19 
14400 162 20 
14400 163 19 21 
14400 164 18 155 180 
14400 165 157 
14400 166 153 
14400 167 156 
14400 168 179 
14400 169 18 22 
14400 170 4 
14400 171 
14400 172 154 
14400 173 4 
14400 174 4 18 
14400 175 18 
14400 176 
14400 177 18 
14400 178 180 
14400 179 168 
14400 180 164 178 
14400 181 20 
14400 182 153 
14400 183 4 
14400 184 21 
14400 185 4 
14400 186 19 
14400 187 23 197 200 206 224 
14400 188 23 212 
14400 189 200 209 211 
14400 190 24 26 193 
14400 191 197 
14400 192 
14400 193 190 195 210 
14400 194 
14400 195 193 220 226 
14400 196 200 222 
14400 197 187 191 219 
14400 198 26 213 
14400 199 25 218 
14400 200 187 189 196 
14400 201 202 
14400 202 26 201 
14400 203 23 
14400 204 23 
14400 205 25 215 
14400 206 187 
14400 207 25 
14400 208 24 
14400 209 189 
14400 210 193 
14400 211 189 
14400 212 188 
14400 213 198 
14400 214 5 
14400 215 205 
14400 216 5 
14400 217 220 
14400 218 199 
14400 219 197 
14400 220 195 217 
14400 221 5 26 
14400 222 196 
14400 223 26 
14400 224 5 187 
14400 225 24 
14400 226 195 
14400 227 23 
14400 228 0 5 
14400 229 0 5 
14400 230 0 5 
14400 231 0 5 
14400 232 0 
14400 233 0 5 
14400 234 0 
14400 235 0 5 
14400 236 0 5 
14400 237 0 
14400 238 0 5 
14400 239 0 5 
14400 240 0 
14400 241 0 5 
14400 242 0 5 
14400 243 0 5 
14400 244 0 5 
14400 245 0 
14400 246 0 
14400 247 0 5 
14400 248 0 5 
14400 249 0 
14400 250 0 5 
14400 251 0 5 
14400 252 0 
14400 253 0 5 
14400 254 0 
14400 255 0 5 
14400 256 0 5 
14400 257 0 
16200 0 4 80 96 228 229 230 231 232 233 234 235 236 237 238 239 240 241 242 243 244 245 246 247 248 249 250 251 252 253 254 255 256 257 
16200 1 30 44 46 50 56 57 60 
16200 2 4 108 112 228 229 231 232 234 235 238 239 240 242 244 246 248 249 251 254 256 
16200 3 5 17 120 137 138 149 228 229 230 232 234 235 237 238 239 241 243 245 248 249 250 252 253 254 256 
16200 4 0 2 170 173 180 182 184 185 228 229 230 232 233 234 235 238 240 242 244 246 247 248 251 252 255 257 
16200 5 3 26 189 205 208 214 216 219 221 228 229 230 231 233 235 236 238 239 241 242 243 244 247 248 250 251 253 255 256 
16200 6 35 48 49 61 64 66 70 72 
16200 7 32 41 50 54 69 
16200 8 29 35 37 47 56 65 67 71 
16200 9 45 47 
16200 10 96 
16200 11 96 
16200 12 81 94 99 
16200 13 74 
16200 14 96 
16200 15 149 151 
16200 16 127 129 
16200 17 3 129 131 141 
16200 18 22 156 172 175 178 
16200 19 167 178 185 
16200 20 152 153 155 157 178 181 
16200 21 161 173 
16200 22 18 177 
16200 23 200 204 205 226 
16200 24 25 26 190 193 199 220 227 
16200 25 24 188 203 
16200 26 5 24 207 215 
16200 27 29 34 38 39 42 43 
16200 28 55 62 65 
16200 29 8 27 51 52 58 
16200 30 1 
16200 31 33 37 
16200 32 7 
16200 33 31 40 
16200 34 27 
16200 35 6 8 
16200 36 50 
16200 37 8 31 
16200 38 27 59 
16200 39 27 63 68 
16200 40 33 
16200 41 7 
16200 42 27 
16200 43 27 
16200 44 1 
16200 45 9 
16200 46 1 
16200 47 8 9 
16200 48 6 
16200 49 6 
16200 50 1 7 36 
16200 51 29 
16200 52 29 
16200 53 69 
16200 54 7 
16200 55 28 
16200 56 1 8 
16200 57 1 
16200 58 29 
16200 59 38 
16200 60 1 
16200 61 6 
16200 62 28 
16200 63 39 
16200 64 6 
16200 65 8 28 
16200 66 6 
16200 67 8 
16200 68 39 
16200 69 7 53 
16200 70 6 
16200 71 8 
16200 72 6 
16200 73 86 
16200 74 13 82 86 108 
16200 75 101 112 
16200 76 108 
16200 77 80 83 89 
16200 78 96 
16200 79 93 
16200 80 0 77 
16200 81 12 91 
16200 82 74 
16200 83 77 87 106 
16200 84 
16200 85 95 
16200 86 73 74 
16200 87 83 88 
16200 88 87 
16200 89 77 
16200 90 
16200 91 81 109 
16200 92 96 
16200 93 79 101 
16200 94 12 
16200 95 85 96 98 
16200 96 0 10 11 14 78 92 95 97 
16200 97 96 
16200 98 95 
16200 99 12 105 
16200 100 101 107 
16200 101 75 93 100 
16200 102 
16200 103 
16200 104 
16200 105 99 111 112 
16200 106 83 
16200 107 100 
16200 108 2 74 76 
16200 109 91 
16200 110 111 
16200 111 105 110 
16200 112 2 75 105 
16200 113 128 131 140 
16200 114 131 139 142 
16200 115 135 139 
16200 116 134 
16200 117 137 
16200 118 129 
16200 119 148 
16200 120 3 
16200 121 131 
16200 122 134 
16200 123 129 144 
16200 124 129 
16200 125 
16200 126 128 
16200 127 16 
16200 128 113 126 
16200 129 16 17 118 123 124 
16200 130 
16200 131 17 113 114 121 132 145 146 
16200 132 131 150 
16200 133 150 
16200 134 116 122 136 146 147 
16200 135 115 
16200 136 134 
16200 137 3 117 
16200 138 3 
16200 139 114 115 
16200 140 113 
16200 141 17 
16200 142 114 
16200 143 146 
16200 144 123 
16200 145 131 
16200 146 131 134 143 148 
16200 147 134 
16200 148 119 146 
16200 149 3 15 
16200 150 132 133 
16200 151 15 
16200 152 20 164 186 
16200 153 20 176 
16200 154 161 
16200 155 20 158 169 
16200 156 18 162 163 183 
16200 157 20 
16200 158 155 159 
16200 159 158 
16200 160 178 
16200 161 21 154 
16200 162 156 
16200 163 156 
16200 164 152 
16200 165 
16200 166 
16200 167 19 
16200 168 
16200 169 155 
16200 170 4 174 
16200 171 185 
16200 172 18 
16200 173 4 21 
16200 174 170 
16200 175 18 
16200 176 153 
16200 177 22 
16200 178 18 19 20 160 
16200 179 
16200 180 4 
16200 181 20 
16200 182 4 
16200 183 156 
16200 184 4 
16200 185 4 19 171 
16200 186 152 
16200 187 196 221 
16200 188 25 223 
16200 189 5 191 194 
16200 190 24 225 
16200 191 189 
16200 192 
16200 193 24 
16200 194 189 
16200 195 206 
16200 196 187 
16200 197 198 216 
16200 198 197 206 
16200 199 24 212 
16200 200 23 
16200 201 210 212 
16200 202 226 
16200 203 25 
16200 204 23 
16200 205 5 23 
16200 206 195 198 
16200 207 26 213 
16200 208 5 211 
16200 209 
16200 210 201 
16200 211 208 
16200 212 199 201 
16200 213 207 
16200 214 5 
16200 215 26 
16200 216 5 197 
16200 217 
16200 218 219 
16200 219 5 218 
16200 220 24 
16200 221 5 187 
16200 222 
16200 223 188 224 
16200 224 223 
16200 225 190 
16200 226 23 202 
16200 227 24 
16200 228 0 2 3 4 5 
16200 229 0 2 3 4 5 
16200 230 0 3 4 5 
16200 231 0 2 5 
16200 232 0 2 3 4 
16200 233 0 4 5 
16200 234 0 2 3 4 
16200 235 0 2 3 4 5 
16200 236 0 5 
16200 237 0 3 
16200 238 0 2 3 4 5 
16200 239 0 2 3 5 
16200 240 0 2 4 
16200 241 0 3 5 
16200 242 0 2 4 5 
16200 243 0 3 5 
16200 244 0 2 4 5 
16200 245 0 3 
16200 246 0 2 4 
16200 247 0 4 5 
16200 248 0 2 3 4 5 
16200 249 0 2 3 
16200 250 0 3 5 
16200 251 0 2 4 5 
16200 252 0 3 4 
16200 253 0 3 5 
16200 254 0 2 3 
16200 255 0 4 5 
16200 256 0 2 3 5 
16200 257 0 4 
18000 0 2 92 228 229 230 231 232 233 234 235 236 237 238 239 240 241 242 243 244 245 246 247 248 249 250 251 252 253 254 255 256 257 
18000 1 2 35 39 47 72 228 229 230 231 232 235 236 237 239 241 242 243 245 248 249 250 252 254 255 256 257 
18000 2 0 1 5 13 80 81 82 83 86 91 95 97 105 109 228 229 231 232 234 235 238 239 240 242 244 246 248 249 251 254 256 
18000 3 116 120 128 132 136 137 142 148 
18000 4 5 22 155 156 157 161 164 182 228 229 230 232 233 234 235 238 240 242 244 246 247 248 251 252 255 257 
18000 5 2 4 26 195 200 214 228 229 230 231 233 235 236 238 239 241 242 243 244 247 248 250 251 253 255 256 
18000 6 32 38 41 46 47 51 54 55 64 
18000 7 9 31 40 43 52 54 62 67 
18000 8 35 45 48 56 57 60 
18000 9 7 71 
18000 10 98 108 
18000 11 101 
18000 12 86 
18000 13 2 
18000 14 108 
18000 15 123 
18000 16 121 
18000 17 121 
18000 18 152 172 173 182 184 185 
18000 19 22 174 
18000 20 154 157 180 
18000 21 180 181 186 
18000 22 4 19 162 167 169 178 
18000 23 214 215 220 227 
18000 24 25 193 203 227 
18000 25 24 
18000 26 5 188 197 
18000 27 57 58 
18000 28 41 
18000 29 37 52 70 
18000 30 34 52 65 66 
18000 31 7 61 69 
18000 32 6 
18000 33 46 
18000 34 30 42 
18000 35 1 8 
18000 36 37 
18000 37 29 36 
18000 38 6 
18000 39 1 68 
18000 40 7 53 
18000 41 6 28 49 50 
18000 42 34 
18000 43 7 63 
18000 44 45 
18000 45 8 44 
18000 46 6 33 59 
18000 47 1 6 
18000 48 8 
18000 49 41 
18000 50 41 
18000 51 6 
18000 52 7 29 30 
18000 53 40 
18000 54 6 7 
18000 55 6 
18000 56 8 
18000 57 8 27 
18000 58 27 
18000 59 46 
18000 60 8 
18000 61 31 
18000 62 7 
18000 63 43 
18000 64 6 
18000 65 30 
18000 66 30 
18000 67 7 
18000 68 39 
18000 69 31 
18000 70 29 
18000 71 9 
18000 72 1 
18000 73 75 
18000 74 85 86 
18000 75 73 104 
18000 76 104 110 
18000 77 
18000 78 112 
18000 79 93 
18000 80 2 100 
18000 81 2 84 
18000 82 2 
18000 83 2 106 
18000 84 81 
18000 85 74 96 
18000 86 2 12 74 112 
18000 87 105 
18000 88 94 
18000 89 104 105 
18000 90 
18000 91 2 
18000 92 0 
18000 93 79 102 
18000 94 88 95 
18000 95 2 94 
18000 96 85 101 
18000 97 2 
18000 98 10 
18000 99 112 
18000 100 80 
18000 101 11 96 
18000 102 93 
18000 103 107 
18000 104 75 76 89 111 
18000 105 2 87 89 
18000 106 83 
18000 107 103 
18000 108 10 14 112 
18000 109 2 
18000 110 76 
18000 111 104 
18000 112 78 86 99 108 
18000 113 137 
18000 114 136 
18000 115 
18000 116 3 
18000 117 131 137 
18000 118 136 
18000 119 129 
18000 120 3 134 
18000 121 16 17 142 
18000 122 125 134 
18000 123 15 128 
18000 124 129 
18000 125 122 
18000 126 130 134 
18000 127 150 
18000 128 3 123 
18000 129 119 124 132 141 
18000 130 126 
18000 131 117 
18000 132 3 129 147 
18000 133 148 
18000 134 120 122 126 143 
18000 135 142 
18000 136 3 114 118 146 149 150 
18000 137 3 113 117 138 140 151 
18000 138 137 
18000 139 142 
18000 140 137 
18000 141 129 
18000 142 3 121 135 139 
18000 143 134 144 
18000 144 143 
18000 145 
18000 146 136 
18000 147 132 
18000 148 3 133 
18000 149 136 
18000 150 127 136 
18000 151 137 
18000 152 18 165 
18000 153 170 180 
18000 154 20 
18000 155 4 
18000 156 4 159 163 175 
18000 157 4 20 
18000 158 161 
18000 159 156 
18000 160 171 
18000 161 4 158 183 
18000 162 22 
18000 163 156 
18000 164 4 177 
18000 165 152 
18000 166 
18000 167 22 
18000 168 
18000 169 22 179 
18000 170 153 
18000 171 160 
18000 172 18 
18000 173 18 
18000 174 19 
18000 175 156 
18000 176 182 
18000 177 164 
18000 178 22 
18000 179 169 
18000 180 20 21 153 
18000 181 21 
18000 182 4 18 176 
18000 183 161 
18000 184 18 
18000 185 18 
18000 186 21 
18000 187 190 
18000 188 26 196 221 223 
18000 189 191 200 
18000 190 187 205 223 
18000 191 189 216 
18000 192 217 
18000 193 24 219 
18000 194 208 
18000 195 5 206 226 
18000 196 188 
18000 197 26 204 218 
18000 198 202 217 
18000 199 212 220 
18000 200 5 189 222 
18000 201 202 
18000 202 198 201 
18000 203 24 208 210 
18000 204 197 
18000 205 190 
18000 206 195 
18000 207 226 
18000 208 194 203 
18000 209 
18000 210 203 
18000 211 
18000 212 199 
18000 213 224 
18000 214 5 23 
18000 215 23 
18000 216 191 
18000 217 192 198 226 
18000 218 197 
18000 219 193 
18000 220 23 199 
18000 221 188 
18000 222 200 
18000 223 188 190 224 
18000 224 213 223 
18000 225 
18000 226 195 207 217 
18000 227 23 24 
18000 228 0 1 2 4 5 
18000 229 0 1 2 4 5 
18000 230 0 1 4 5 
18000 231 0 1 2 5 
18000 232 0 1 2 4 
18000 233 0 4 5 
18000 234 0 2 4 
18000 235 0 1 2 4 5 
18000 236 0 1 5 
18000 237 0 1 
18000 238 0 2 4 5 
18000 239 0 1 2 5 
18000 240 0 2 4 
18000 241 0 1 5 
18000 242 0 1 2 4 5 
18000 243 0 1 5 
18000 244 0 2 4 5 
18000 245 0 1 
18000 246 0 2 4 
18000 247 0 4 5 
18000 248 0 1 2 4 5 
18000 249 0 1 2 
18000 250 0 1 5 
18000 251 0 2 4 5 
18000 252 0 1 4 
18000 253 0 5 
18000 254 0 1 2 
18000 255 0 1 4 5 
18000 256 0 1 2 5 
18000 257 0 1 4 
19800 0 2 3 83 95 228 229 230 231 232 233 234 235 236 237 238 239 240 241 242 243 244 245 246 247 248 249 250 251 252 253 254 255 256 257 
19800 1 27 56 61 71 
19800 2 0 10 11 97 101 228 229 231 232 234 235 238 239 240 242 244 246 248 249 251 254 256 
19800 3 0 15 17 117 146 149 228 229 230 232 234 235 237 238 239 241 243 245 248 249 250 252 253 254 256 
19800 4 5 170 173 228 229 230 232 233 234 235 238 240 242 244 246 247 248 251 252 255 257 
19800 5 4 26 216 226 228 229 230 231 233 235 236 238 239 241 242 243 244 247 248 250 251 253 255 256 
19800 6 34 44 47 50 51 56 57 62 69 70 
19800 7 28 35 49 51 64 
19800 8 9 32 35 37 39 52 54 67 
19800 9 8 36 65 
19800 10 2 
19800 11 2 76 92 106 
19800 12 75 
19800 13 96 
19800 14 96 
19800 15 3 134 
19800 16 146 148 
19800 17 3 113 
19800 18 19 162 172 174 180 181 182 183 
19800 19 18 155 157 158 161 164 170 
19800 20 21 153 156 163 175 180 
19800 21 20 152 
19800 22 180 185 
19800 23 195 200 224 
19800 24 26 193 198 199 202 207 214 220 
19800 25 190 203 214 224 225 
19800 26 5 24 204 218 227 
19800 27 1 46 
19800 28 7 30 42 45 
19800 29 52 
19800 30 28 41 
19800 31 44 53 55 
19800 32 8 38 40 60 72 
19800 33 40 
19800 34 6 58 
19800 35 7 8 
19800 36 9 43 66 
19800 37 8 48 68 
19800 38 32 
19800 39 8 
19800 40 32 33 
19800 41 30 59 
19800 42 28 
19800 43 36 
19800 44 6 31 
19800 45 28 
19800 46 27 63 
19800 47 6 
19800 48 37 
19800 49 7 
19800 50 6 
19800 51 6 7 
19800 52 8 29 
19800 53 31 
19800 54 8 
19800 55 31 
19800 56 1 6 
19800 57 6 
19800 58 34 
19800 59 41 
19800 60 32 
19800 61 1 
19800 62 6 
19800 63 46 
19800 64 7 
19800 65 9 
19800 66 36 
19800 67 8 
19800 68 37 
19800 69 6 
19800 70 6 
19800 71 1 
19800 72 32 
19800 73 106 
19800 74 79 81 85 95 
19800 75 12 81 109 
19800 76 11 
19800 77 79 
19800 78 80 
19800 79 74 77 104 110 112 
19800 80 78 101 
19800 81 74 75 
19800 82 95 
19800 83 0 87 98 
19800 84 85 
19800 85 74 84 88 
19800 86 
19800 87 83 
19800 88 85 
19800 89 
19800 90 94 
19800 91 94 95 
19800 92 11 93 96 99 
19800 93 92 107 
19800 94 90 91 
19800 95 0 74 82 91 105 108 
19800 96 13 14 92 
19800 97 2 
19800 98 83 
19800 99 92 
19800 100 
19800 101 2 80 
19800 102 
19800 103 
19800 104 79 
19800 105 95 111 
19800 106 11 73 
19800 107 93 
19800 108 95 
19800 109 75 
19800 110 79 
19800 111 105 
19800 112 79 
19800 113 17 120 127 138 
19800 114 137 
19800 115 123 
19800 116 136 147 
19800 117 3 129 137 
19800 118 128 
19800 119 149 
19800 120 113 
19800 121 132 
19800 122 131 136 
19800 123 115 136 144 
19800 124 131 
19800 125 
19800 126 137 
19800 127 113 
19800 128 118 136 
19800 129 117 
19800 130 147 
19800 131 122 124 145 
19800 132 121 146 
19800 133 
19800 134 15 143 151 
19800 135 142 
19800 136 116 122 123 128 146 
19800 137 114 117 126 
19800 138 113 
19800 139 142 
19800 140 
19800 141 143 
19800 142 135 139 146 
19800 143 134 141 
19800 144 123 
19800 145 131 
19800 146 3 16 132 136 142 
19800 147 116 130 
19800 148 16 
19800 149 3 119 
19800 150 
19800 151 134 
19800 152 21 
19800 153 20 154 159 167 
19800 154 153 
19800 155 19 
19800 156 20 
19800 157 19 
19800 158 19 
19800 159 153 169 
19800 160 169 
19800 161 19 
19800 162 18 166 
19800 163 20 171 
19800 164 19 177 178 
19800 165 
19800 166 162 
19800 167 153 
19800 168 
19800 169 159 160 
19800 170 4 19 184 
19800 171 163 
19800 172 18 
19800 173 4 
19800 174 18 186 
19800 175 20 
19800 176 
19800 177 164 
19800 178 164 
19800 179 
19800 180 18 20 22 
19800 181 18 
19800 182 18 
19800 183 18 
19800 184 170 
19800 185 22 
19800 186 174 
19800 187 190 
19800 188 196 223 
19800 189 197 212 219 
19800 190 25 187 205 
19800 191 203 208 
19800 192 
19800 193 24 201 221 
19800 194 219 
19800 195 23 206 
19800 196 188 
19800 197 189 207 223 
19800 198 24 
19800 199 24 
19800 200 23 
19800 201 193 
19800 202 24 
19800 203 25 191 
19800 204 26 215 
19800 205 190 
19800 206 195 217 
19800 207 24 197 213 
19800 208 191 
19800 209 
19800 210 
19800 211 218 
19800 212 189 
19800 213 207 
19800 214 24 25 222 
19800 215 204 
19800 216 5 
19800 217 206 
19800 218 26 211 
19800 219 189 194 
19800 220 24 
19800 221 193 
19800 222 214 
19800 223 188 197 
19800 224 23 25 
19800 225 25 
19800 226 5 
19800 227 26 
19800 228 0 2 3 4 5 
19800 229 0 2 3 4 5 
19800 230 0 3 4 5 
19800 231 0 2 5 
19800 232 0 2 3 4 
19800 233 0 4 5 
19800 234 0 2 3 4 
19800 235 0 2 3 4 5 
19800 236 0 5 
19800 237 0 3 
19800 238 0 2 3 4 5 
19800 239 0 2 3 5 
19800 240 0 2 4 
19800 241 0 3 5 
19800 242 0 2 4 5 
19800 243 0 3 5 
19800 244 0 2 4 5 
19800 245 0 3 
19800 246 0 2 4 
19800 247 0 4 5 
19800 248 0 2 3 4 5 
19800 249 0 2 3 
19800 250 0 3 5 
19800 251 0 2 4 5 
19800 252 0 3 4 
19800 253 0 3 5 
19800 254 0 2 3 
19800 255 0 4 5 
19800 256 0 2 3 5 
19800 257 0 4 
