0 21600
1800 0 1 2 3 86 87 88 89 90 91 92 93 94 95 
1800 1 0 2 3 4 5 11 12 13 14 15 16 18 19 20 22 23 24 25 27 28 29 30 31 32 33 34 86 87 88 89 90 91 92 94 95 
1800 2 0 1 3 6 7 8 35 36 37 38 39 40 41 43 45 46 47 48 49 50 51 52 53 54 55 56 57 87 88 89 90 91 92 93 94 
1800 3 0 1 2 9 10 58 60 63 64 65 66 67 68 69 70 72 75 76 77 79 80 81 82 84 86 87 88 89 90 92 93 94 
1800 4 1 5 11 12 13 14 15 16 18 19 20 22 23 24 25 27 28 29 30 31 32 33 34 
1800 5 1 4 11 12 13 14 15 16 18 19 20 22 23 24 25 27 28 29 30 31 32 33 34 
1800 6 2 7 8 35 36 37 38 39 40 41 43 45 46 47 48 49 50 51 52 53 54 55 56 57 
1800 7 2 6 8 35 36 41 43 45 48 51 52 54 56 57 
1800 8 2 6 7 35 36 37 38 39 40 41 43 45 46 47 48 49 50 51 52 53 54 55 56 57 
1800 9 3 10 58 60 63 64 65 66 67 68 69 70 72 75 76 77 79 80 81 82 84 
1800 10 3 9 58 60 63 64 65 66 67 68 69 70 72 75 76 77 79 80 81 82 84 
1800 11 1 4 5 
1800 12 1 4 5 21 
1800 13 1 4 5 
1800 14 1 4 5 
1800 15 1 4 5 
1800 16 1 4 5 
1800 17 30 
1800 18 1 4 5 
1800 19 1 4 5 
1800 20 1 4 5 
1800 21 12 
1800 22 1 4 5 
1800 23 1 4 5 
1800 24 1 4 5 
1800 25 1 4 5 
1800 26 27 
1800 27 1 4 5 26 
1800 28 1 4 5 
1800 29 1 4 5 
1800 30 1 4 5 17 
1800 31 1 4 5 
1800 32 1 4 5 
1800 33 1 4 5 
1800 34 1 4 5 
1800 35 2 6 7 8 
1800 36 2 6 7 8 
1800 37 2 6 8 42 
1800 38 2 6 8 
1800 39 2 6 8 
1800 40 2 6 8 
1800 41 2 6 7 8 
1800 42 37 
1800 43 2 6 7 8 
1800 44 48 
1800 45 2 6 7 8 
1800 46 2 6 8 
1800 47 2 6 8 
1800 48 2 6 7 8 44 
1800 49 2 6 8 
1800 50 2 6 8 
1800 51 2 6 7 8 
1800 52 2 6 7 8 
1800 53 2 6 8 
1800 54 2 6 7 8 
1800 55 2 6 8 
1800 56 2 6 7 8 
1800 57 2 6 7 8 
1800 58 3 9 10 73 74 
1800 59 60 
1800 60 3 9 10 59 
1800 61 65 
1800 62 65 
1800 63 3 9 10 
1800 64 3 9 10 
1800 65 3 9 10 61 62 71 85 
1800 66 3 9 10 
1800 67 3 9 10 
1800 68 3 9 10 
1800 69 3 9 10 
1800 70 3 9 10 
1800 71 65 
1800 72 3 9 10 
1800 73 58 
1800 74 58 
1800 75 3 9 10 
1800 76 3 9 10 
1800 77 3 9 10 
1800 78 80 
1800 79 3 9 10 
1800 80 3 9 10 78 83 
1800 81 3 9 10 
1800 82 3 9 10 
1800 83 80 
1800 84 3 9 10 
1800 85 65 
1800 86 0 1 3 
1800 87 0 1 2 3 
1800 88 0 1 2 3 
1800 89 0 1 2 3 
1800 90 0 1 2 3 
1800 91 0 1 2 
1800 92 0 1 2 3 
1800 93 0 2 3 
1800 94 0 1 2 3 
1800 95 0 1 
