0 21600
1800 0 80 81 82 83 84 85 86 87 88 89 90 91 92 93 94 95 96 97 98 99 100 101 102 103 104 105 106 107 108 109 
1800 1 0 2 3 4 5 80 82 83 84 85 86 87 89 90 91 92 93 94 95 96 97 99 100 101 102 103 105 106 107 108 109 
1800 2 0 1 3 6 80 82 83 84 85 87 88 89 90 91 92 93 94 95 97 98 99 100 101 102 103 104 105 106 107 108 109 
1800 3 0 1 2 8 9 10 81 82 84 85 86 88 89 90 92 94 96 97 98 100 101 102 103 104 105 106 107 108 109 
1800 4 
1800 5 1 4 
1800 6 2 
1800 7 2 6 
1800 8 
1800 9 
1800 10 3 8 9 
1800 11 1 4 5 
1800 12 1 4 5 
1800 13 1 4 5 
1800 14 13 
1800 15 1 4 5 
1800 16 1 4 5 
1800 17 1 4 5 
1800 18 11 
1800 19 1 4 5 
1800 20 1 4 5 
1800 21 1 4 5 
1800 22 1 4 5 
1800 23 1 4 5 
1800 24 1 4 5 
1800 25 11 
1800 26 1 4 5 
1800 27 1 4 5 
1800 28 13 
1800 29 1 4 5 
1800 30 11 
1800 31 1 4 5 
1800 32 1 4 5 
1800 33 13 
1800 34 15 
1800 35 1 4 5 
1800 36 2 6 7 
1800 37 2 6 
1800 38 51 
1800 39 2 6 
1800 40 2 6 
1800 41 2 6 7 
1800 42 2 6 
1800 43 36 
1800 44 37 
1800 45 2 6 7 
1800 46 2 6 
1800 47 2 6 
1800 48 2 6 7 
1800 49 2 6 
1800 50 2 6 
1800 51 2 6 7 
1800 52 2 6 7 
1800 53 57 
1800 54 40 
1800 55 2 6 
1800 56 2 6 7 
1800 57 2 6 7 
1800 58 3 8 9 10 
1800 59 3 8 9 10 
1800 60 3 8 9 10 
1800 61 75 
1800 62 3 8 9 10 
1800 63 3 8 9 10 
1800 64 3 8 9 10 
1800 65 3 8 9 10 
1800 66 3 8 9 10 
1800 67 3 8 9 10 
1800 68 3 8 9 10 
1800 69 58 
1800 70 67 
1800 71 3 8 9 10 
1800 72 3 8 9 10 
1800 73 3 8 9 10 
1800 74 59 
1800 75 3 8 9 10 
1800 76 64 
1800 77 3 8 9 10 
1800 78 3 8 9 10 
1800 79 3 8 9 10 
1800 80 0 1 2 
1800 81 0 3 
1800 82 0 1 2 3 
1800 83 0 1 2 
1800 84 0 1 2 3 
1800 85 0 1 2 3 
1800 86 0 1 3 
1800 87 0 1 2 
1800 88 0 2 3 
1800 89 0 1 2 3 
1800 90 0 1 2 3 
1800 91 0 1 2 
1800 92 0 1 2 3 
1800 93 0 1 2 
1800 94 0 1 2 3 
1800 95 0 1 2 
1800 96 0 1 3 
1800 97 0 1 2 3 
1800 98 0 2 3 
1800 99 0 1 2 
1800 100 0 1 2 3 
1800 101 0 1 2 3 
1800 102 0 1 2 3 
1800 103 0 1 2 3 
1800 104 0 2 3 
1800 105 0 1 2 3 
1800 106 0 1 2 3 
1800 107 0 1 2 3 
1800 108 0 1 2 3 
1800 109 0 1 2 3 
