0 0 1 2 107 108 109 110 111 112 113 114 115 116 117 118 119 120 121 122 123 124 125 126 127 128 129 130 131 132 133 134 135 136 
0 1 0 41 107 108 109 110 112 113 114 115 116 117 119 121 123 124 125 126 127 128 129 130 131 132 133 136 
0 2 0 73 107 108 109 110 111 112 113 114 115 116 117 118 119 120 121 122 123 124 125 126 127 128 130 131 132 133 134 135 136 
0 3 87 96 
0 4 28 32 
0 5 30 41 
0 6 39 41 
0 7 32 38 
0 8 68 69 
0 9 79 81 
0 10 99 101 
0 11 102 104 
0 12 87 98 
0 13 39 44 
0 14 16 36 
0 15 34 36 
0 16 14 43 
0 17 27 40 
0 18 28 31 
0 19 37 44 
0 20 37 41 
0 21 33 44 
0 22 40 44 
0 23 36 44 
0 24 26 33 
0 25 31 38 
0 26 24 44 
0 27 17 35 
0 28 4 18 
0 29 43 44 
0 30 5 38 
0 31 18 25 
0 32 4 7 
0 33 21 24 
0 34 15 43 
0 35 27 44 
0 36 14 15 23 42 
0 37 19 20 
0 38 7 25 30 42 
0 39 6 13 
0 40 17 22 
0 41 1 5 6 20 
0 42 36 38 
0 43 16 29 34 
0 44 13 19 21 22 23 26 29 35 
0 45 75 76 
0 46 78 79 
0 47 77 85 
0 48 52 72 
0 49 67 85 
0 50 79 85 
0 51 70 80 
0 52 48 85 
0 53 74 75 
0 54 65 74 
0 55 69 77 
0 56 78 82 
0 57 70 83 
0 58 68 72 
0 59 77 79 
0 60 80 82 
0 61 84 85 
0 62 82 83 
0 63 80 81 
0 64 76 78 
0 65 54 81 
0 66 76 78 
0 67 49 72 
0 68 8 58 
0 69 8 55 
0 70 51 57 
0 71 79 85 
0 72 48 58 67 
0 73 2 85 
0 74 53 54 
0 75 45 53 
0 76 45 64 66 
0 77 47 55 59 
0 78 46 56 64 66 
0 79 9 46 50 59 71 
0 80 51 60 63 
0 81 9 63 65 84 
0 82 56 60 62 
0 83 57 62 
0 84 61 81 
0 85 47 49 50 52 61 71 73 
0 86 99 101 
0 87 3 12 
0 88 102 106 
0 89 101 102 
0 90 92 93 
0 91 100 104 
0 92 90 97 
0 93 90 95 
0 94 103 106 
0 95 93 
0 96 3 106 
0 97 92 103 
0 98 12 104 
0 99 10 86 
0 100 91 105 
0 101 10 86 89 
0 102 11 88 89 105 
0 103 94 97 
0 104 11 91 98 
0 105 100 102 
0 106 88 94 96 
0 107 0 1 2 
0 108 0 1 2 
0 109 0 1 2 
0 110 0 1 2 
0 111 0 2 
0 112 0 1 2 
0 113 0 1 2 
0 114 0 1 2 
0 115 0 1 2 
0 116 0 1 2 
0 117 0 1 2 
0 118 0 2 
0 119 0 1 2 
0 120 0 2 
0 121 0 1 2 
0 122 0 2 
0 123 0 1 2 
0 124 0 1 2 
0 125 0 1 2 
0 126 0 1 2 
0 127 0 1 2 
0 128 0 1 2 
0 129 0 1 
0 130 0 1 2 
0 131 0 1 2 
0 132 0 1 2 
0 133 0 1 2 
0 134 0 2 
0 135 0 2 
0 136 0 1 2 
1800 0 2 107 108 109 110 111 112 113 114 115 116 117 118 119 120 121 122 123 124 125 126 127 128 129 130 131 132 133 134 135 136 
1800 1 37 42 
1800 2 0 78 107 108 109 110 111 112 113 114 115 116 117 118 119 120 121 122 123 124 125 126 127 128 130 131 132 133 134 135 136 
1800 3 98 105 
1800 4 34 39 
1800 5 16 24 
1800 6 33 42 
1800 7 37 44 
1800 8 47 72 
1800 9 69 72 
1800 10 87 102 
1800 11 103 106 
1800 12 94 98 
1800 13 32 35 
1800 14 32 41 
1800 15 31 39 
1800 16 5 25 
1800 17 34 40 
1800 18 24 43 
1800 19 35 44 
1800 20 32 35 
1800 21 29 39 
1800 22 24 40 
1800 23 35 43 
1800 24 5 18 22 
1800 25 16 38 
1800 26 35 42 
1800 27 38 44 
1800 28 35 44 
1800 29 21 36 41 
1800 30 35 44 
1800 31 15 34 
1800 32 13 14 20 
1800 33 6 42 
1800 34 4 17 31 
1800 35 13 19 20 23 26 28 30 
1800 36 29 42 
1800 37 1 7 
1800 38 25 27 
1800 39 4 15 21 
1800 40 17 22 
1800 41 14 29 
1800 42 1 6 26 33 36 
1800 43 18 23 
1800 44 7 19 27 28 30 
1800 45 53 73 
1800 46 57 84 
1800 47 8 84 
1800 48 69 74 
1800 49 79 81 
1800 50 75 82 
1800 51 77 82 
1800 52 62 65 
1800 53 45 82 
1800 54 62 79 
1800 55 77 85 
1800 56 81 83 
1800 57 46 60 
1800 58 70 71 
1800 59 72 77 
1800 60 57 80 
1800 61 72 76 
1800 62 52 54 
1800 63 71 73 
1800 64 70 82 
1800 65 52 84 
1800 66 82 83 
1800 67 76 84 
1800 68 82 84 
1800 69 9 48 
1800 70 58 64 
1800 71 58 63 
1800 72 8 9 59 61 
1800 73 45 63 
1800 74 48 77 
1800 75 50 79 
1800 76 61 67 
1800 77 51 55 59 74 
1800 78 2 85 
1800 79 49 54 75 
1800 80 60 82 
1800 81 49 56 
1800 82 50 51 53 64 66 68 80 
1800 83 56 66 
1800 84 46 47 65 67 68 
1800 85 55 78 
1800 86 94 103 
1800 87 10 94 
1800 88 99 100 
1800 89 99 104 
1800 90 99 100 
1800 91 94 97 
1800 92 93 105 
1800 93 92 
1800 94 12 86 87 91 
1800 95 99 102 
1800 96 99 105 
1800 97 91 101 
1800 98 3 12 
1800 99 88 89 90 95 96 
1800 100 88 90 101 
1800 101 97 100 
1800 102 10 95 
1800 103 11 86 
1800 104 89 106 
1800 105 3 92 96 
1800 106 11 104 
1800 107 0 2 
1800 108 0 2 
1800 109 0 2 
1800 110 0 2 
1800 111 0 2 
1800 112 0 2 
1800 113 0 2 
1800 114 0 2 
1800 115 0 2 
1800 116 0 2 
1800 117 0 2 
1800 118 0 2 
1800 119 0 2 
1800 120 0 2 
1800 121 0 2 
1800 122 0 2 
1800 123 0 2 
1800 124 0 2 
1800 125 0 2 
1800 126 0 2 
1800 127 0 2 
1800 128 0 2 
1800 129 0 
1800 130 0 2 
1800 131 0 2 
1800 132 0 2 
1800 133 0 2 
1800 134 0 2 
1800 135 0 2 
1800 136 0 2 
3600 0 1 3 107 108 109 110 111 112 113 114 115 116 117 118 119 120 121 122 123 124 125 126 127 128 129 130 131 132 133 134 135 136 
3600 1 0 39 107 108 109 110 112 113 114 115 116 117 119 121 123 124 125 126 127 128 129 130 131 132 133 136 
3600 2 78 84 
3600 3 0 99 107 108 109 110 111 112 113 114 115 116 117 118 119 120 121 122 123 124 125 126 127 129 130 131 132 134 135 136 
3600 4 32 36 
3600 5 6 43 
3600 6 5 41 
3600 7 31 35 
3600 8 74 82 
3600 9 51 54 
3600 10 91 104 
3600 11 103 106 
3600 12 103 106 
3600 13 22 35 
3600 14 22 33 
3600 15 19 39 
3600 16 40 44 
3600 17 41 42 
3600 18 35 37 
3600 19 15 44 
3600 20 28 37 
3600 21 39 41 
3600 22 13 14 
3600 23 38 40 
3600 24 36 40 
3600 25 40 44 
3600 26 41 44 
3600 27 28 37 
3600 28 20 27 
3600 29 35 36 
3600 30 34 35 
3600 31 7 36 
3600 32 4 38 
3600 33 14 40 
3600 34 30 43 
3600 35 7 13 18 29 30 
3600 36 4 24 29 31 
3600 37 18 20 27 
3600 38 23 32 
3600 39 1 15 21 
3600 40 16 23 24 25 33 42 
3600 41 6 17 21 26 
3600 42 17 40 
3600 43 5 34 
3600 44 16 19 25 26 
3600 45 63 77 
3600 46 59 78 
3600 47 59 64 
3600 48 57 66 
3600 49 83 84 
3600 50 66 68 
3600 51 9 81 
3600 52 57 77 
3600 53 77 79 
3600 54 9 85 
3600 55 72 73 
3600 56 69 77 
3600 57 48 52 65 
3600 58 82 85 
3600 59 46 47 
3600 60 63 67 
3600 61 63 82 
3600 62 70 78 
3600 63 45 60 61 
3600 64 47 81 
3600 65 57 73 
3600 66 48 50 
3600 67 60 84 
3600 68 50 81 
3600 69 56 74 
3600 70 62 72 
3600 71 80 85 
3600 72 55 70 
3600 73 55 65 
3600 74 8 69 80 
3600 75 79 83 
3600 76 81 83 
3600 77 45 52 53 56 
3600 78 2 46 62 
3600 79 53 75 
3600 80 71 74 
3600 81 51 64 68 76 
3600 82 8 58 61 
3600 83 49 75 76 
3600 84 2 49 67 
3600 85 54 58 71 
3600 86 98 100 
3600 87 101 103 
3600 88 98 100 
3600 89 100 103 
3600 90 100 104 
3600 91 10 104 
3600 92 103 104 
3600 93 103 104 
3600 94 105 106 
3600 95 96 104 
3600 96 95 99 
3600 97 101 105 
3600 98 86 88 102 
3600 99 3 96 102 
3600 100 86 88 89 90 
3600 101 87 97 
3600 102 98 99 
3600 103 11 12 87 89 92 93 
3600 104 10 90 91 92 93 95 
3600 105 94 97 
3600 106 11 12 94 
3600 107 0 1 3 
3600 108 0 1 3 
3600 109 0 1 3 
3600 110 0 1 3 
3600 111 0 3 
3600 112 0 1 3 
3600 113 0 1 3 
3600 114 0 1 3 
3600 115 0 1 3 
3600 116 0 1 3 
3600 117 0 1 3 
3600 118 0 3 
3600 119 0 1 3 
3600 120 0 3 
3600 121 0 1 3 
3600 122 0 3 
3600 123 0 1 3 
3600 124 0 1 3 
3600 125 0 1 3 
3600 126 0 1 3 
3600 127 0 1 3 
3600 128 0 1 
3600 129 0 1 3 
3600 130 0 1 3 
3600 131 0 1 3 
3600 132 0 1 3 
3600 133 0 1 
3600 134 0 3 
3600 135 0 3 
3600 136 0 1 3 
5400 0 2 3 107 108 109 110 111 112 113 114 115 116 117 118 119 120 121 122 123 124 125 126 127 128 129 130 131 132 133 134 135 136 
5400 1 27 29 
5400 2 0 82 107 108 109 110 111 112 113 114 115 116 117 118 119 120 121 122 123 124 125 126 127 128 130 131 132 133 134 135 136 
5400 3 0 102 107 108 109 110 111 112 113 114 115 116 117 118 119 120 121 122 123 124 125 126 127 129 130 131 132 134 135 136 
5400 4 25 43 
5400 5 40 44 
5400 6 40 43 
5400 7 36 40 
5400 8 66 81 
5400 9 77 80 
5400 10 100 104 
5400 11 100 102 
5400 12 99 102 
5400 13 39 44 
5400 14 40 41 
5400 15 34 38 
5400 16 34 41 
5400 17 22 28 
5400 18 29 34 
5400 19 41 43 
5400 20 36 39 
5400 21 23 42 
5400 22 17 38 
5400 23 21 44 
5400 24 25 33 
5400 25 4 24 
5400 26 34 38 
5400 27 1 43 
5400 28 17 39 
5400 29 1 18 
5400 30 36 42 
5400 31 33 44 
5400 32 38 41 
5400 33 24 31 
5400 34 15 16 18 26 
5400 35 37 39 
5400 36 7 20 30 
5400 37 35 38 
5400 38 15 22 26 32 37 
5400 39 13 20 28 35 
5400 40 5 6 7 14 
5400 41 14 16 19 32 
5400 42 21 30 
5400 43 4 6 19 27 
5400 44 5 13 23 31 
5400 45 63 70 
5400 46 50 83 
5400 47 78 84 
5400 48 81 85 
5400 49 77 82 
5400 50 46 67 
5400 51 61 67 
5400 52 63 66 
5400 53 71 73 
5400 54 72 78 
5400 55 67 72 
5400 56 69 78 
5400 57 82 85 
5400 58 69 75 
5400 59 73 85 
5400 60 68 81 
5400 61 51 74 
5400 62 75 85 
5400 63 45 52 
5400 64 81 83 
5400 65 73 78 
5400 66 8 52 
5400 67 50 51 55 
5400 68 60 84 
5400 69 56 58 
5400 70 45 83 
5400 71 53 72 
5400 72 54 55 71 
5400 73 53 59 65 
5400 74 61 83 
5400 75 58 62 
5400 76 77 81 
5400 77 9 49 76 
5400 78 47 54 56 65 
5400 79 82 85 
5400 80 9 82 
5400 81 8 48 60 64 76 
5400 82 2 49 57 79 80 
5400 83 46 64 70 74 
5400 84 47 68 
5400 85 48 57 59 62 79 
5400 86 103 106 
5400 87 101 102 
5400 88 99 105 
5400 89 93 106 
5400 90 102 106 
5400 91 99 102 
5400 92 104 105 
5400 93 89 106 
5400 94 101 102 
5400 95 98 100 
5400 96 98 104 
5400 97 102 105 
5400 98 95 96 
5400 99 12 88 91 
5400 100 10 11 95 
5400 101 87 94 
5400 102 3 11 12 87 90 91 94 97 
5400 103 86 106 
5400 104 10 92 96 
5400 105 88 92 97 
5400 106 86 89 90 93 103 
5400 107 0 2 3 
5400 108 0 2 3 
5400 109 0 2 3 
5400 110 0 2 3 
5400 111 0 2 3 
5400 112 0 2 3 
5400 113 0 2 3 
5400 114 0 2 3 
5400 115 0 2 3 
5400 116 0 2 3 
5400 117 0 2 3 
5400 118 0 2 3 
5400 119 0 2 3 
5400 120 0 2 3 
5400 121 0 2 3 
5400 122 0 2 3 
5400 123 0 2 3 
5400 124 0 2 3 
5400 125 0 2 3 
5400 126 0 2 3 
5400 127 0 2 3 
5400 128 0 2 
5400 129 0 3 
5400 130 0 2 3 
5400 131 0 2 3 
5400 132 0 2 3 
5400 133 0 2 
5400 134 0 2 3 
5400 135 0 2 3 
5400 136 0 2 3 
7200 0 3 107 108 109 110 111 112 113 114 115 116 117 118 119 120 121 122 123 124 125 126 127 128 129 130 131 132 133 134 135 136 
7200 1 33 37 
7200 2 80 84 
7200 3 0 90 107 108 109 110 111 112 113 114 115 116 117 118 119 120 121 122 123 124 125 126 127 129 130 131 132 134 135 136 
7200 4 34 37 
7200 5 30 39 
7200 6 37 42 
7200 7 30 42 
7200 8 64 80 
7200 9 66 72 
7200 10 98 105 
7200 11 94 99 
7200 12 100 103 
7200 13 39 41 
7200 14 38 41 
7200 15 26 44 
7200 16 34 38 
7200 17 29 30 
7200 18 25 26 
7200 19 34 40 
7200 20 38 40 
7200 21 37 42 
7200 22 34 42 
7200 23 43 44 
7200 24 29 31 
7200 25 18 41 
7200 26 15 18 
7200 27 28 35 
7200 28 27 41 
7200 29 17 24 
7200 30 5 7 17 
7200 31 24 32 
7200 32 31 44 
7200 33 1 37 
7200 34 4 16 19 22 
7200 35 27 42 
7200 36 43 44 
7200 37 1 4 6 21 33 
7200 38 14 16 20 
7200 39 5 13 
7200 40 19 20 
7200 41 13 14 25 28 
7200 42 6 7 21 22 35 
7200 43 23 36 
7200 44 15 23 32 36 
7200 45 70 85 
7200 46 68 81 
7200 47 62 84 
7200 48 83 84 
7200 49 83 85 
7200 50 62 75 
7200 51 69 84 
7200 52 79 85 
7200 53 78 83 
7200 54 60 78 
7200 55 57 63 
7200 56 66 75 
7200 57 55 75 
7200 58 63 84 
7200 59 69 81 
7200 60 54 78 
7200 61 62 82 
7200 62 47 50 61 
7200 63 55 58 
7200 64 8 77 
7200 65 72 77 
7200 66 9 56 
7200 67 68 77 
7200 68 46 67 
7200 69 51 59 
7200 70 45 84 
7200 71 76 84 
7200 72 9 65 
7200 73 79 82 
7200 74 82 84 
7200 75 50 56 57 
7200 76 71 81 
7200 77 64 65 67 
7200 78 53 54 60 
7200 79 52 73 
7200 80 2 8 
7200 81 46 59 76 
7200 82 61 73 74 
7200 83 48 49 53 
7200 84 2 47 48 51 58 70 71 74 
7200 85 45 49 52 
7200 86 97 104 
7200 87 99 104 
7200 88 90 97 
7200 89 102 104 
7200 90 3 88 
7200 91 97 106 
7200 92 101 105 
7200 93 102 105 
7200 94 11 99 
7200 95 99 102 
7200 96 101 105 
7200 97 86 88 91 
7200 98 10 100 
7200 99 11 87 94 95 106 
7200 100 12 98 
7200 101 92 96 
7200 102 89 93 95 
7200 103 12 105 
7200 104 86 87 89 
7200 105 10 92 93 96 103 
7200 106 91 99 
7200 107 0 3 
7200 108 0 3 
7200 109 0 3 
7200 110 0 3 
7200 111 0 3 
7200 112 0 3 
7200 113 0 3 
7200 114 0 3 
7200 115 0 3 
7200 116 0 3 
7200 117 0 3 
7200 118 0 3 
7200 119 0 3 
7200 120 0 3 
7200 121 0 3 
7200 122 0 3 
7200 123 0 3 
7200 124 0 3 
7200 125 0 3 
7200 126 0 3 
7200 127 0 3 
7200 128 0 
7200 129 0 3 
7200 130 0 3 
7200 131 0 3 
7200 132 0 3 
7200 133 0 
7200 134 0 3 
7200 135 0 3 
7200 136 0 3 
9000 0 3 107 108 109 110 111 112 113 114 115 116 117 118 119 120 121 122 123 124 125 126 127 128 129 130 131 132 133 134 135 136 
9000 1 25 32 
9000 2 72 85 
9000 3 0 105 107 108 109 110 111 112 113 114 115 116 117 118 119 120 121 122 123 124 125 126 127 129 130 131 132 134 135 136 
9000 4 39 43 
9000 5 38 44 
9000 6 26 44 
9000 7 37 39 
9000 8 84 85 
9000 9 82 83 
9000 10 101 102 
9000 11 91 99 
9000 12 93 102 
9000 13 37 44 
9000 14 26 31 
9000 15 24 37 
9000 16 32 40 
9000 17 34 36 
9000 18 31 35 
9000 19 37 38 
9000 20 30 33 
9000 21 36 39 
9000 22 27 32 
9000 23 35 42 
9000 24 15 43 
9000 25 1 43 
9000 26 6 14 
9000 27 22 37 
9000 28 31 43 
9000 29 34 42 
9000 30 20 35 
9000 31 14 18 28 
9000 32 1 16 22 
9000 33 20 39 
9000 34 17 29 
9000 35 18 23 30 41 
9000 36 17 21 41 
9000 37 7 13 15 19 27 
9000 38 5 19 
9000 39 4 7 21 33 
9000 40 16 42 
9000 41 35 36 
9000 42 23 29 40 
9000 43 4 24 25 28 
9000 44 5 6 13 
9000 45 78 79 
9000 46 80 81 
9000 47 66 77 
9000 48 68 77 
9000 49 79 85 
9000 50 51 82 
9000 51 50 54 67 69 
9000 52 57 80 
9000 53 82 84 
9000 54 51 79 
9000 55 82 84 
9000 56 75 76 
9000 57 52 76 
9000 58 76 77 
9000 59 74 82 
9000 60 65 82 
9000 61 66 76 
9000 62 63 82 
9000 63 62 75 
9000 64 69 77 
9000 65 60 73 
9000 66 47 61 
9000 67 51 83 
9000 68 48 74 
9000 69 51 64 
9000 70 72 83 
9000 71 73 85 
9000 72 2 70 
9000 73 65 71 
9000 74 59 68 
9000 75 56 63 
9000 76 56 57 58 61 
9000 77 47 48 58 64 78 
9000 78 45 77 
9000 79 45 49 54 
9000 80 46 52 
9000 81 46 83 
9000 82 9 50 53 55 59 60 62 
9000 83 9 67 70 81 
9000 84 8 53 55 
9000 85 2 8 49 71 
9000 86 95 104 
9000 87 90 101 
9000 88 91 98 
9000 89 93 103 
9000 90 87 102 
9000 91 11 88 
9000 92 99 104 
9000 93 12 89 
9000 94 96 101 
9000 95 86 105 
9000 96 94 98 
9000 97 102 104 
9000 98 88 96 100 
9000 99 11 92 
9000 100 98 103 
9000 101 10 87 94 
9000 102 10 12 90 97 106 
9000 103 89 100 
9000 104 86 92 97 
9000 105 3 95 106 
9000 106 102 105 
9000 107 0 3 
9000 108 0 3 
9000 109 0 3 
9000 110 0 3 
9000 111 0 3 
9000 112 0 3 
9000 113 0 3 
9000 114 0 3 
9000 115 0 3 
9000 116 0 3 
9000 117 0 3 
9000 118 0 3 
9000 119 0 3 
9000 120 0 3 
9000 121 0 3 
9000 122 0 3 
9000 123 0 3 
9000 124 0 3 
9000 125 0 3 
9000 126 0 3 
9000 127 0 3 
9000 128 0 
9000 129 0 3 
9000 130 0 3 
9000 131 0 3 
9000 132 0 3 
9000 133 0 
9000 134 0 3 
9000 135 0 3 
9000 136 0 3 
