0 21600
0 0 1 2 60 67 75 142 143 144 145 146 147 148 149 150 151 152 153 154 155 156 157 158 159 160 161 162 163 164 165 166 167 168 169 170 171 
0 1 0 54 55 56 57 142 143 145 146 147 148 150 152 153 154 156 157 159 160 162 164 165 166 167 168 169 171 
0 2 0 102 103 104 105 142 143 144 146 148 150 151 152 153 155 156 157 160 161 164 165 166 167 168 169 171 
0 3 121 122 125 126 127 
0 4 53 54 55 56 57 
0 5 53 54 55 56 57 
0 6 101 102 103 104 105 
0 7 101 102 103 104 105 
0 8 101 102 103 104 105 
0 9 121 122 125 126 127 
0 10 121 122 125 126 127 
0 11 21 27 30 54 56 
0 12 53 54 55 56 57 
0 13 53 54 55 56 57 
0 14 53 54 55 56 57 
0 15 41 48 51 56 57 
0 16 41 54 55 56 57 
0 17 39 54 55 56 57 
0 18 22 29 33 39 48 
0 19 51 52 54 55 56 
0 20 39 53 55 56 57 
0 21 11 54 55 56 57 
0 22 18 39 46 56 57 
0 23 53 54 55 56 57 
0 24 25 27 28 46 53 
0 25 24 54 55 56 57 
0 26 51 54 55 56 57 
0 27 11 24 55 56 57 
0 28 24 54 55 56 57 
0 29 18 54 55 56 57 
0 30 11 54 55 56 57 
0 31 53 54 55 56 57 
0 32 52 54 55 56 57 
0 33 18 54 55 56 57 
0 34 53 54 55 56 57 
0 35 53 54 55 56 57 
0 36 41 51 55 56 57 
0 37 53 54 55 56 57 
0 38 52 54 55 56 57 
0 39 17 18 20 22 44 
0 40 53 54 55 56 57 
0 41 15 16 36 48 
0 42 52 54 55 56 57 
0 43 53 54 55 56 57 
0 44 39 46 55 56 57 
0 45 53 54 55 56 57 
0 46 22 24 44 47 53 
0 47 46 54 55 56 57 
0 48 15 18 41 56 57 
0 49 53 54 55 56 57 
0 50 51 52 54 55 56 
0 51 15 19 26 36 50 
0 52 19 32 38 42 50 
0 53 4 5 12 13 14 20 23 24 31 34 35 37 40 43 45 46 49 
0 54 1 4 5 11 12 13 14 16 17 19 21 23 25 26 28 29 30 31 32 33 34 35 37 38 40 42 43 45 47 49 50 
0 55 1 4 5 12 13 14 16 17 19 20 21 23 25 26 27 28 29 30 31 32 33 34 35 36 37 38 40 42 43 44 45 47 49 50 
0 56 1 4 5 11 12 13 14 15 16 17 19 20 21 22 23 25 26 27 28 29 30 31 32 33 34 35 36 37 38 40 42 43 44 45 47 48 49 50 
0 57 1 4 5 12 13 14 15 16 17 20 21 22 23 25 26 27 28 29 30 31 32 33 34 35 36 37 38 40 42 43 44 45 47 48 49 
0 58 101 102 103 104 105 
0 59 95 97 98 100 101 
0 60 0 102 103 104 105 
0 61 101 102 103 104 105 
0 62 63 71 72 101 105 
0 63 62 102 103 104 105 
0 64 101 102 103 104 105 
0 65 101 102 103 104 105 
0 66 101 102 103 104 105 
0 67 0 102 103 104 105 
0 68 101 102 103 104 105 
0 69 101 102 103 104 105 
0 70 101 102 103 104 105 
0 71 62 102 103 104 105 
0 72 62 102 103 104 105 
0 73 83 89 90 92 98 
0 74 101 102 103 104 105 
0 75 0 102 103 104 105 
0 76 101 102 103 104 105 
0 77 101 102 103 104 105 
0 78 101 102 103 104 105 
0 79 101 102 103 104 105 
0 80 101 102 103 104 105 
0 81 101 102 103 104 105 
0 82 101 102 103 104 105 
0 83 73 91 103 104 105 
0 84 101 102 103 104 105 
0 85 101 102 103 104 105 
0 86 101 102 103 104 105 
0 87 101 102 103 104 105 
0 88 99 100 103 104 105 
0 89 73 95 97 98 100 
0 90 73 102 103 104 105 
0 91 83 102 103 104 105 
0 92 73 102 103 104 105 
0 93 101 102 103 104 105 
0 94 101 102 103 104 105 
0 95 59 89 103 104 105 
0 96 101 102 103 104 105 
0 97 59 89 103 104 105 
0 98 59 73 89 104 105 
0 99 88 102 103 104 105 
0 100 59 88 89 104 105 
0 101 6 7 8 58 59 61 62 64 65 66 68 69 70 74 76 77 78 79 80 81 82 84 85 86 87 93 94 96 
0 102 2 6 7 8 58 60 61 63 64 65 66 67 68 69 70 71 72 74 75 76 77 78 79 80 81 82 84 85 86 87 90 91 92 93 94 96 99 
0 103 2 6 7 8 58 60 61 63 64 65 66 67 68 69 70 71 72 74 75 76 77 78 79 80 81 82 83 84 85 86 87 88 90 91 92 93 94 95 96 97 99 
0 104 2 6 7 8 58 60 61 63 64 65 66 67 68 69 70 71 72 74 75 76 77 78 79 80 81 82 83 84 85 86 87 88 90 91 92 93 94 95 96 97 98 99 100 
0 105 2 6 7 8 58 60 61 62 63 64 65 66 67 68 69 70 71 72 74 75 76 77 78 79 80 81 82 83 84 85 86 87 88 90 91 92 93 94 95 96 97 98 99 100 
0 106 122 123 125 126 127 
0 107 122 123 125 126 127 
0 108 121 122 123 125 126 
0 109 121 122 125 126 127 
0 110 121 122 125 126 127 
0 111 121 122 125 126 127 
0 112 119 122 124 125 127 
0 113 122 125 126 127 137 
0 114 122 124 125 126 127 
0 115 121 122 123 125 126 
0 116 122 124 125 126 127 
0 117 121 122 125 126 127 
0 118 121 122 125 126 127 
0 119 112 124 125 127 139 
0 120 121 122 125 126 127 
0 121 3 9 10 108 109 110 111 115 117 118 120 
0 122 3 9 10 106 107 108 109 110 111 112 113 114 115 116 117 118 120 
0 123 106 107 108 115 126 
0 124 112 114 116 119 139 
0 125 3 9 10 106 107 108 109 110 111 112 113 114 115 116 117 118 119 120 130 137 
0 126 3 9 10 106 107 108 109 110 111 113 114 115 116 117 118 120 123 128 130 
0 127 3 9 10 106 107 109 110 111 112 113 114 116 117 118 119 120 
0 128 126 129 130 131 132 
0 129 128 130 131 137 141 
0 130 125 126 128 129 132 
0 131 128 129 138 140 141 
0 132 128 130 138 140 141 
0 133 134 135 136 140 141 
0 134 133 135 136 140 141 
0 135 133 134 138 140 141 
0 136 133 134 138 139 141 
0 137 113 125 129 139 141 
0 138 131 132 135 136 140 
0 139 119 124 136 137 141 
0 140 131 132 133 134 135 138 
0 141 129 131 132 133 134 135 136 137 139 
0 142 0 1 2 
0 143 0 1 2 
0 144 0 2 
0 145 0 1 
0 146 0 1 2 
0 147 0 1 
0 148 0 1 2 
0 149 0 
0 150 0 1 2 
0 151 0 2 
0 152 0 1 2 
0 153 0 1 2 
0 154 0 1 
0 155 0 2 
0 156 0 1 2 
0 157 0 1 2 
0 158 0 
0 159 0 1 
0 160 0 1 2 
0 161 0 2 
0 162 0 1 
0 163 0 
0 164 0 1 2 
0 165 0 1 2 
0 166 0 1 2 
0 167 0 1 2 
0 168 0 1 2 
0 169 0 1 2 
0 170 0 
0 171 0 1 2 
1800 0 1 2 3 60 75 142 143 144 145 146 147 148 149 150 151 152 153 154 155 156 157 158 159 160 161 162 163 164 165 166 167 168 169 170 171 
1800 1 0 54 55 56 57 142 143 145 146 147 148 150 152 153 154 156 157 159 160 162 164 165 166 167 168 169 171 
1800 2 0 102 103 104 105 142 143 144 146 148 150 151 152 153 155 156 157 160 161 164 165 166 167 168 169 171 
1800 3 0 122 125 126 127 142 143 144 147 148 149 151 152 154 156 157 158 159 160 161 163 165 166 167 168 169 170 171 
1800 4 53 54 55 56 57 
1800 5 53 54 55 56 57 
1800 6 101 102 103 104 105 
1800 7 101 102 103 104 105 
1800 8 101 102 103 104 105 
1800 9 121 122 125 126 127 
1800 10 121 122 125 126 127 
1800 11 19 21 30 52 54 
1800 12 53 54 55 56 57 
1800 13 53 54 55 56 57 
1800 14 53 54 55 56 57 
1800 15 26 28 29 31 36 
1800 16 24 25 27 28 57 
1800 17 39 54 55 56 57 
1800 18 20 28 29 33 39 
1800 19 11 46 54 55 56 
1800 20 18 28 29 39 41 
1800 21 11 54 55 56 57 
1800 22 39 54 55 56 57 
1800 23 53 54 55 56 57 
1800 24 16 25 27 46 53 
1800 25 16 24 55 56 57 
1800 26 15 41 55 56 57 
1800 27 16 24 55 56 57 
1800 28 15 16 18 20 57 
1800 29 15 18 20 56 57 
1800 30 11 54 55 56 57 
1800 31 15 54 55 56 57 
1800 32 52 54 55 56 57 
1800 33 18 54 55 56 57 
1800 34 53 54 55 56 57 
1800 35 41 54 55 56 57 
1800 36 15 41 55 56 57 
1800 37 53 54 55 56 57 
1800 38 53 54 55 56 57 
1800 39 17 18 20 22 44 
1800 40 53 54 55 56 57 
1800 41 20 26 35 36 48 
1800 42 50 51 52 54 56 
1800 43 53 54 55 56 57 
1800 44 39 46 55 56 57 
1800 45 48 54 55 56 57 
1800 46 19 24 44 47 53 
1800 47 46 54 55 56 57 
1800 48 41 45 51 56 57 
1800 49 53 54 55 56 57 
1800 50 42 54 55 56 57 
1800 51 42 48 55 56 57 
1800 52 11 32 42 55 56 
1800 53 4 5 12 13 14 23 24 34 37 38 40 43 46 49 
1800 54 1 4 5 11 12 13 14 17 19 21 22 23 30 31 32 33 34 35 37 38 40 42 43 45 47 49 50 
1800 55 1 4 5 12 13 14 17 19 21 22 23 25 26 27 30 31 32 33 34 35 36 37 38 40 43 44 45 47 49 50 51 52 
1800 56 1 4 5 12 13 14 17 19 21 22 23 25 26 27 29 30 31 32 33 34 35 36 37 38 40 42 43 44 45 47 48 49 50 51 52 
1800 57 1 4 5 12 13 14 16 17 21 22 23 25 26 27 28 29 30 31 32 33 34 35 36 37 38 40 43 44 45 47 48 49 50 51 
1800 58 101 102 103 104 105 
1800 59 97 98 100 101 103 
1800 60 0 102 103 104 105 
1800 61 101 102 103 104 105 
1800 62 63 71 72 101 105 
1800 63 62 102 103 104 105 
1800 64 101 102 103 104 105 
1800 65 101 102 103 104 105 
1800 66 101 102 103 104 105 
1800 67 101 102 103 104 105 
1800 68 101 102 103 104 105 
1800 69 73 102 103 104 105 
1800 70 101 102 103 104 105 
1800 71 62 102 103 104 105 
1800 72 62 102 103 104 105 
1800 73 69 83 88 89 98 
1800 74 101 102 103 104 105 
1800 75 0 102 103 104 105 
1800 76 101 102 103 104 105 
1800 77 101 102 103 104 105 
1800 78 101 102 103 104 105 
1800 79 101 102 103 104 105 
1800 80 101 102 103 104 105 
1800 81 101 102 103 104 105 
1800 82 101 102 103 104 105 
1800 83 73 91 103 104 105 
1800 84 101 102 103 104 105 
1800 85 101 102 103 104 105 
1800 86 101 102 103 104 105 
1800 87 101 102 103 104 105 
1800 88 73 100 103 104 105 
1800 89 73 97 98 100 103 
1800 90 101 102 103 104 105 
1800 91 83 102 103 104 105 
1800 92 101 102 103 104 105 
1800 93 101 102 103 104 105 
1800 94 101 102 103 104 105 
1800 95 101 102 103 104 105 
1800 96 101 102 103 104 105 
1800 97 59 89 103 104 105 
1800 98 59 73 89 104 105 
1800 99 101 102 103 104 105 
1800 100 59 88 89 104 105 
1800 101 6 7 8 58 59 61 62 64 65 66 67 68 70 74 76 77 78 79 80 81 82 84 85 86 87 90 92 93 94 95 96 99 
1800 102 2 6 7 8 58 60 61 63 64 65 66 67 68 69 70 71 72 74 75 76 77 78 79 80 81 82 84 85 86 87 90 91 92 93 94 95 96 99 
1800 103 2 6 7 8 58 59 60 61 63 64 65 66 67 68 69 70 71 72 74 75 76 77 78 79 80 81 82 83 84 85 86 87 88 89 90 91 92 93 94 95 96 97 99 
1800 104 2 6 7 8 58 60 61 63 64 65 66 67 68 69 70 71 72 74 75 76 77 78 79 80 81 82 83 84 85 86 87 88 90 91 92 93 94 95 96 97 98 99 100 
1800 105 2 6 7 8 58 60 61 62 63 64 65 66 67 68 69 70 71 72 74 75 76 77 78 79 80 81 82 83 84 85 86 87 88 90 91 92 93 94 95 96 97 98 99 100 
1800 106 122 123 125 126 127 
1800 107 122 123 125 126 127 
1800 108 122 123 126 127 138 
1800 109 121 122 125 126 127 
1800 110 121 122 125 126 127 
1800 111 121 122 125 126 127 
1800 112 119 122 124 125 127 
1800 113 119 122 125 126 127 
1800 114 121 122 125 126 127 
1800 115 121 122 123 125 126 
1800 116 122 124 125 126 127 
1800 117 122 123 126 127 138 
1800 118 122 124 125 126 127 
1800 119 112 113 125 127 139 
1800 120 121 122 125 126 127 
1800 121 9 10 109 110 111 114 115 120 
1800 122 3 9 10 106 107 108 109 110 111 112 113 114 115 116 117 118 120 
1800 123 106 107 108 115 117 
1800 124 112 116 118 127 139 
1800 125 3 9 10 106 107 109 110 111 112 113 114 115 116 118 119 120 137 
1800 126 3 9 10 106 107 108 109 110 111 113 114 115 116 117 118 120 130 137 
1800 127 3 9 10 106 107 108 109 110 111 112 113 114 116 117 118 119 120 124 130 
1800 128 130 131 135 140 141 
1800 129 130 131 134 140 141 
1800 130 126 127 128 129 132 
1800 131 128 129 138 140 141 
1800 132 130 134 135 140 141 
1800 133 134 135 136 140 141 
1800 134 129 132 133 140 141 
1800 135 128 132 133 138 141 
1800 136 133 137 139 140 141 
1800 137 125 126 136 139 141 
1800 138 108 117 131 135 140 
1800 139 119 124 136 137 141 
1800 140 128 129 131 132 133 134 136 138 
1800 141 128 129 131 132 133 134 135 136 137 139 
1800 142 0 1 2 3 
1800 143 0 1 2 3 
1800 144 0 2 3 
1800 145 0 1 
1800 146 0 1 2 
1800 147 0 1 3 
1800 148 0 1 2 3 
1800 149 0 3 
1800 150 0 1 2 
1800 151 0 2 3 
1800 152 0 1 2 3 
1800 153 0 1 2 
1800 154 0 1 3 
1800 155 0 2 
1800 156 0 1 2 3 
1800 157 0 1 2 3 
1800 158 0 3 
1800 159 0 1 3 
1800 160 0 1 2 3 
1800 161 0 2 3 
1800 162 0 1 
1800 163 0 3 
1800 164 0 1 2 
1800 165 0 1 2 3 
1800 166 0 1 2 3 
1800 167 0 1 2 3 
1800 168 0 1 2 3 
1800 169 0 1 2 3 
1800 170 0 3 
1800 171 0 1 2 3 
3600 0 2 3 60 75 82 142 143 144 145 146 147 148 149 150 151 152 153 154 155 156 157 158 159 160 161 162 163 164 165 166 167 168 169 170 171 
3600 1 53 54 55 56 57 
3600 2 0 102 103 104 105 142 143 144 146 148 150 151 152 153 155 156 157 160 161 164 165 166 167 168 169 171 
3600 3 0 122 125 126 127 142 143 144 147 148 149 151 152 154 156 157 158 159 160 161 163 165 166 167 168 169 170 171 
3600 4 53 54 55 56 57 
3600 5 53 54 55 56 57 
3600 6 101 102 103 104 105 
3600 7 101 102 103 104 105 
3600 8 101 102 103 104 105 
3600 9 121 122 125 126 127 
3600 10 121 122 125 126 127 
3600 11 19 21 30 52 54 
3600 12 53 54 55 56 57 
3600 13 53 54 55 56 57 
3600 14 53 54 55 56 57 
3600 15 41 51 52 56 57 
3600 16 53 54 55 56 57 
3600 17 39 54 55 56 57 
3600 18 20 22 29 33 39 
3600 19 11 52 54 55 56 
3600 20 18 39 55 56 57 
3600 21 11 54 55 56 57 
3600 22 18 39 41 56 57 
3600 23 53 54 55 56 57 
3600 24 46 54 55 56 57 
3600 25 53 54 55 56 57 
3600 26 41 54 55 56 57 
3600 27 53 54 55 56 57 
3600 28 53 54 55 56 57 
3600 29 18 54 55 56 57 
3600 30 11 54 55 56 57 
3600 31 53 54 55 56 57 
3600 32 52 54 55 56 57 
3600 33 18 54 55 56 57 
3600 34 53 54 55 56 57 
3600 35 53 54 55 56 57 
3600 36 41 52 55 56 57 
3600 37 53 54 55 56 57 
3600 38 46 54 55 56 57 
3600 39 17 18 20 22 44 
3600 40 53 54 55 56 57 
3600 41 15 22 26 36 48 
3600 42 50 51 52 54 56 
3600 43 53 54 55 56 57 
3600 44 39 46 55 56 57 
3600 45 53 54 55 56 57 
3600 46 24 38 44 47 53 
3600 47 46 54 55 56 57 
3600 48 41 51 52 56 57 
3600 49 53 54 55 56 57 
3600 50 42 52 54 55 56 
3600 51 15 42 48 56 57 
3600 52 11 15 19 32 36 42 48 50 
3600 53 1 4 5 12 13 14 16 23 25 27 28 31 34 35 37 40 43 45 46 49 
3600 54 1 4 5 11 12 13 14 16 17 19 21 23 24 25 26 27 28 29 30 31 32 33 34 35 37 38 40 42 43 45 47 49 50 
3600 55 1 4 5 12 13 14 16 17 19 20 21 23 24 25 26 27 28 29 30 31 32 33 34 35 36 37 38 40 43 44 45 47 49 50 
3600 56 1 4 5 12 13 14 15 16 17 19 20 21 22 23 24 25 26 27 28 29 30 31 32 33 34 35 36 37 38 40 42 43 44 45 47 48 49 50 51 
3600 57 1 4 5 12 13 14 15 16 17 20 21 22 23 24 25 26 27 28 29 30 31 32 33 34 35 36 37 38 40 43 44 45 47 48 49 51 
3600 58 101 102 103 104 105 
3600 59 95 97 98 100 101 
3600 60 0 102 103 104 105 
3600 61 101 102 103 104 105 
3600 62 63 71 72 101 105 
3600 63 62 102 103 104 105 
3600 64 101 102 103 104 105 
3600 65 101 102 103 104 105 
3600 66 101 102 103 104 105 
3600 67 101 102 103 104 105 
3600 68 101 102 103 104 105 
3600 69 101 102 103 104 105 
3600 70 101 102 103 104 105 
3600 71 62 91 103 104 105 
3600 72 62 102 103 104 105 
3600 73 83 88 89 93 95 
3600 74 101 102 103 104 105 
3600 75 0 102 103 104 105 
3600 76 101 102 103 104 105 
3600 77 101 102 103 104 105 
3600 78 101 102 103 104 105 
3600 79 101 102 103 104 105 
3600 80 101 102 103 104 105 
3600 81 101 102 103 104 105 
3600 82 0 102 103 104 105 
3600 83 73 102 103 104 105 
3600 84 101 102 103 104 105 
3600 85 101 102 103 104 105 
3600 86 101 102 103 104 105 
3600 87 101 102 103 104 105 
3600 88 73 102 103 104 105 
3600 89 73 95 97 98 100 
3600 90 101 102 103 104 105 
3600 91 71 102 103 104 105 
3600 92 101 102 103 104 105 
3600 93 73 102 103 104 105 
3600 94 101 102 103 104 105 
3600 95 59 73 89 104 105 
3600 96 101 102 103 104 105 
3600 97 59 89 103 104 105 
3600 98 59 89 103 104 105 
3600 99 101 102 103 104 105 
3600 100 59 89 103 104 105 
3600 101 6 7 8 58 59 61 62 64 65 66 67 68 69 70 74 76 77 78 79 80 81 84 85 86 87 90 92 94 96 99 
3600 102 2 6 7 8 58 60 61 63 64 65 66 67 68 69 70 72 74 75 76 77 78 79 80 81 82 83 84 85 86 87 88 90 91 92 93 94 96 99 
3600 103 2 6 7 8 58 60 61 63 64 65 66 67 68 69 70 71 72 74 75 76 77 78 79 80 81 82 83 84 85 86 87 88 90 91 92 93 94 96 97 98 99 100 
3600 104 2 6 7 8 58 60 61 63 64 65 66 67 68 69 70 71 72 74 75 76 77 78 79 80 81 82 83 84 85 86 87 88 90 91 92 93 94 95 96 97 98 99 100 
3600 105 2 6 7 8 58 60 61 62 63 64 65 66 67 68 69 70 71 72 74 75 76 77 78 79 80 81 82 83 84 85 86 87 88 90 91 92 93 94 95 96 97 98 99 100 
3600 106 122 123 125 126 127 
3600 107 123 124 125 126 127 
3600 108 122 123 125 126 127 
3600 109 121 122 125 126 127 
3600 110 121 122 125 126 127 
3600 111 121 122 125 126 127 
3600 112 119 122 124 125 127 
3600 113 122 125 126 127 137 
3600 114 121 122 125 126 127 
3600 115 121 122 123 125 126 
3600 116 124 125 126 127 137 
3600 117 121 122 126 127 138 
3600 118 121 122 125 126 127 
3600 119 112 122 124 125 127 
3600 120 121 122 125 126 127 
3600 121 9 10 109 110 111 114 115 117 118 120 
3600 122 3 9 10 106 108 109 110 111 112 113 114 115 117 118 119 120 
3600 123 106 107 108 115 126 
3600 124 107 112 116 119 127 
3600 125 3 9 10 106 107 108 109 110 111 112 113 114 115 116 118 119 120 137 
3600 126 3 9 10 106 107 108 109 110 111 113 114 115 116 117 118 120 123 130 
3600 127 3 9 10 106 107 108 109 110 111 112 113 114 116 117 118 119 120 124 139 
3600 128 129 130 131 132 134 
3600 129 128 130 131 140 141 
3600 130 126 128 129 132 134 
3600 131 128 129 138 140 141 
3600 132 128 130 135 140 141 
3600 133 136 138 139 140 141 
3600 134 128 130 138 140 141 
3600 135 132 136 138 140 141 
3600 136 133 135 139 140 141 
3600 137 113 116 125 139 141 
3600 138 117 131 133 134 135 
3600 139 127 133 136 137 141 
3600 140 129 131 132 133 134 135 136 
3600 141 129 131 132 133 134 135 136 137 139 
3600 142 0 2 3 
3600 143 0 2 3 
3600 144 0 2 3 
3600 145 0 
3600 146 0 2 
3600 147 0 3 
3600 148 0 2 3 
3600 149 0 3 
3600 150 0 2 
3600 151 0 2 3 
3600 152 0 2 3 
3600 153 0 2 
3600 154 0 3 
3600 155 0 2 
3600 156 0 2 3 
3600 157 0 2 3 
3600 158 0 3 
3600 159 0 3 
3600 160 0 2 3 
3600 161 0 2 3 
3600 162 0 
3600 163 0 3 
3600 164 0 2 
3600 165 0 2 3 
3600 166 0 2 3 
3600 167 0 2 3 
3600 168 0 2 3 
3600 169 0 2 3 
3600 170 0 3 
3600 171 0 2 3 
5400 0 2 3 60 75 94 142 143 144 145 146 147 148 149 150 151 152 153 154 155 156 157 158 159 160 161 162 163 164 165 166 167 168 169 170 171 
5400 1 53 54 55 56 57 
5400 2 0 102 103 104 105 142 143 144 146 148 150 151 152 153 155 156 157 160 161 164 165 166 167 168 169 171 
5400 3 0 122 125 126 127 142 143 144 147 148 149 151 152 154 156 157 158 159 160 161 163 165 166 167 168 169 170 171 
5400 4 53 54 55 56 57 
5400 5 53 54 55 56 57 
5400 6 101 102 103 104 105 
5400 7 101 102 103 104 105 
5400 8 101 102 103 104 105 
5400 9 121 122 125 126 127 
5400 10 121 122 125 126 127 
5400 11 24 25 30 53 57 
5400 12 53 54 55 56 57 
5400 13 53 54 55 56 57 
5400 14 53 54 55 56 57 
5400 15 26 29 31 36 57 
5400 16 41 54 55 56 57 
5400 17 39 54 55 56 57 
5400 18 20 22 29 33 39 
5400 19 53 54 55 56 57 
5400 20 18 39 55 56 57 
5400 21 53 54 55 56 57 
5400 22 18 39 55 56 57 
5400 23 53 54 55 56 57 
5400 24 11 54 55 56 57 
5400 25 11 54 55 56 57 
5400 26 15 54 55 56 57 
5400 27 53 54 55 56 57 
5400 28 53 54 55 56 57 
5400 29 15 18 55 56 57 
5400 30 11 54 55 56 57 
5400 31 15 54 55 56 57 
5400 32 53 54 55 56 57 
5400 33 18 54 55 56 57 
5400 34 41 54 55 56 57 
5400 35 53 54 55 56 57 
5400 36 15 41 55 56 57 
5400 37 52 53 54 55 57 
5400 38 53 54 55 56 57 
5400 39 17 18 20 22 44 
5400 40 53 54 55 56 57 
5400 41 16 34 36 45 48 
5400 42 52 53 54 56 57 
5400 43 53 54 55 56 57 
5400 44 39 46 55 56 57 
5400 45 41 48 55 56 57 
5400 46 44 47 49 53 54 
5400 47 46 54 55 56 57 
5400 48 41 45 51 56 57 
5400 49 46 53 54 55 57 
5400 50 53 54 55 56 57 
5400 51 48 54 55 56 57 
5400 52 37 42 55 56 57 
5400 53 1 4 5 11 12 13 14 19 21 23 27 28 32 35 37 38 40 42 43 46 49 50 
5400 54 1 4 5 12 13 14 16 17 19 21 23 24 25 26 27 28 30 31 32 33 34 35 37 38 40 42 43 46 47 49 50 51 
5400 55 1 4 5 12 13 14 16 17 19 20 21 22 23 24 25 26 27 28 29 30 31 32 33 34 35 36 37 38 40 43 44 45 47 49 50 51 52 
5400 56 1 4 5 12 13 14 16 17 19 20 21 22 23 24 25 26 27 28 29 30 31 32 33 34 35 36 38 40 42 43 44 45 47 48 50 51 52 
5400 57 1 4 5 11 12 13 14 15 16 17 19 20 21 22 23 24 25 26 27 28 29 30 31 32 33 34 35 36 37 38 40 42 43 44 45 47 48 49 50 51 52 
5400 58 101 102 103 104 105 
5400 59 72 97 98 100 101 
5400 60 0 102 103 104 105 
5400 61 101 102 103 104 105 
5400 62 63 71 72 101 105 
5400 63 62 102 103 104 105 
5400 64 101 102 103 104 105 
5400 65 101 102 103 104 105 
5400 66 101 102 103 104 105 
5400 67 101 102 103 104 105 
5400 68 101 102 103 104 105 
5400 69 101 102 103 104 105 
5400 70 101 102 103 104 105 
5400 71 62 102 103 104 105 
5400 72 59 62 103 104 105 
5400 73 83 88 89 98 100 
5400 74 101 102 103 104 105 
5400 75 0 102 103 104 105 
5400 76 101 102 103 104 105 
5400 77 101 102 103 104 105 
5400 78 101 102 103 104 105 
5400 79 101 102 103 104 105 
5400 80 101 102 103 104 105 
5400 81 101 102 103 104 105 
5400 82 101 102 103 104 105 
5400 83 73 101 103 104 105 
5400 84 101 102 103 104 105 
5400 85 101 102 103 104 105 
5400 86 101 102 103 104 105 
5400 87 101 102 103 104 105 
5400 88 73 102 103 104 105 
5400 89 73 95 97 98 100 
5400 90 101 102 103 104 105 
5400 91 101 102 103 104 105 
5400 92 101 102 103 104 105 
5400 93 101 102 103 104 105 
5400 94 0 102 103 104 105 
5400 95 89 102 103 104 105 
5400 96 101 102 103 104 105 
5400 97 59 89 103 104 105 
5400 98 59 73 89 104 105 
5400 99 101 102 103 104 105 
5400 100 59 73 89 104 105 
5400 101 6 7 8 58 59 61 62 64 65 66 67 68 69 70 74 76 77 78 79 80 81 82 83 84 85 86 87 90 91 92 93 96 99 
5400 102 2 6 7 8 58 60 61 63 64 65 66 67 68 69 70 71 74 75 76 77 78 79 80 81 82 84 85 86 87 88 90 91 92 93 94 95 96 99 
5400 103 2 6 7 8 58 60 61 63 64 65 66 67 68 69 70 71 72 74 75 76 77 78 79 80 81 82 83 84 85 86 87 88 90 91 92 93 94 95 96 97 99 
5400 104 2 6 7 8 58 60 61 63 64 65 66 67 68 69 70 71 72 74 75 76 77 78 79 80 81 82 83 84 85 86 87 88 90 91 92 93 94 95 96 97 98 99 100 
5400 105 2 6 7 8 58 60 61 62 63 64 65 66 67 68 69 70 71 72 74 75 76 77 78 79 80 81 82 83 84 85 86 87 88 90 91 92 93 94 95 96 97 98 99 100 
5400 106 122 123 125 126 127 
5400 107 122 123 125 126 127 
5400 108 121 122 123 126 138 
5400 109 121 122 125 126 127 
5400 110 119 122 125 126 127 
5400 111 121 122 125 126 127 
5400 112 119 122 124 125 127 
5400 113 122 125 126 127 137 
5400 114 121 122 125 126 127 
5400 115 121 122 123 125 126 
5400 116 122 124 125 126 127 
5400 117 121 122 126 127 138 
5400 118 121 122 125 126 127 
5400 119 110 112 125 127 139 
5400 120 121 122 125 126 127 
5400 121 9 10 108 109 111 114 115 117 118 120 
5400 122 3 9 10 106 107 108 109 110 111 112 113 114 115 116 117 118 120 
5400 123 106 107 108 115 130 
5400 124 112 116 127 136 139 
5400 125 3 9 10 106 107 109 110 111 112 113 114 115 116 118 119 120 137 
5400 126 3 9 10 106 107 108 109 110 111 113 114 115 116 117 118 120 128 130 
5400 127 3 9 10 106 107 109 110 111 112 113 114 116 117 118 119 120 124 
5400 128 126 129 130 131 132 
5400 129 128 130 131 140 141 
5400 130 123 126 128 129 132 
5400 131 128 129 138 140 141 
5400 132 128 130 136 140 141 
5400 133 134 135 139 140 141 
5400 134 133 135 136 140 141 
5400 135 133 134 138 140 141 
5400 136 124 132 134 137 138 
5400 137 113 125 136 139 141 
5400 138 108 117 131 135 136 
5400 139 119 124 133 137 141 
5400 140 129 131 132 133 134 135 
5400 141 129 131 132 133 134 135 137 139 
5400 142 0 2 3 
5400 143 0 2 3 
5400 144 0 2 3 
5400 145 0 
5400 146 0 2 
5400 147 0 3 
5400 148 0 2 3 
5400 149 0 3 
5400 150 0 2 
5400 151 0 2 3 
5400 152 0 2 3 
5400 153 0 2 
5400 154 0 3 
5400 155 0 2 
5400 156 0 2 3 
5400 157 0 2 3 
5400 158 0 3 
5400 159 0 3 
5400 160 0 2 3 
5400 161 0 2 3 
5400 162 0 
5400 163 0 3 
5400 164 0 2 
5400 165 0 2 3 
5400 166 0 2 3 
5400 167 0 2 3 
5400 168 0 2 3 
5400 169 0 2 3 
5400 170 0 3 
5400 171 0 2 3 
7200 0 2 3 60 75 88 142 143 144 145 146 147 148 149 150 151 152 153 154 155 156 157 158 159 160 161 162 163 164 165 166 167 168 169 170 171 
7200 1 53 54 55 56 57 
7200 2 0 102 103 104 105 142 143 144 146 148 150 151 152 153 155 156 157 160 161 164 165 166 167 168 169 171 
7200 3 0 122 125 126 127 142 143 144 147 148 149 151 152 154 156 157 158 159 160 161 163 165 166 167 168 169 170 171 
7200 4 53 54 55 56 57 
7200 5 53 54 55 56 57 
7200 6 101 102 103 104 105 
7200 7 101 102 103 104 105 
7200 8 101 102 103 104 105 
7200 9 121 122 125 126 127 
7200 10 121 122 125 126 127 
7200 11 19 21 30 52 54 
7200 12 53 54 55 56 57 
7200 13 53 54 55 56 57 
7200 14 53 54 55 56 57 
7200 15 26 29 31 36 41 
7200 16 53 54 55 56 57 
7200 17 53 54 55 56 57 
7200 18 29 33 39 44 53 
7200 19 11 52 54 55 56 
7200 20 39 53 55 56 57 
7200 21 11 54 55 56 57 
7200 22 39 54 55 56 57 
7200 23 53 54 55 56 57 
7200 24 25 27 46 49 53 
7200 25 24 54 55 56 57 
7200 26 15 54 55 56 57 
7200 27 24 54 55 56 57 
7200 28 53 54 55 56 57 
7200 29 15 18 55 56 57 
7200 30 11 54 55 56 57 
7200 31 15 54 55 56 57 
7200 32 52 54 55 56 57 
7200 33 18 54 55 56 57 
7200 34 53 54 55 56 57 
7200 35 53 54 55 56 57 
7200 36 15 41 55 56 57 
7200 37 53 54 55 56 57 
7200 38 53 54 55 56 57 
7200 39 18 20 22 44 53 
7200 40 53 54 55 56 57 
7200 41 15 36 48 
7200 42 50 51 52 54 56 
7200 43 53 54 55 56 57 
7200 44 18 39 46 56 57 
7200 45 48 54 55 56 57 
7200 46 24 44 47 53 
7200 47 46 54 55 56 57 
7200 48 41 45 51 56 57 
7200 49 24 54 55 56 57 
7200 50 42 52 54 55 56 
7200 51 42 48 55 56 57 
7200 52 11 19 32 42 50 
7200 53 1 4 5 12 13 14 16 17 18 20 23 24 28 34 35 37 38 39 40 43 46 
7200 54 1 4 5 11 12 13 14 16 17 19 21 22 23 25 26 27 28 30 31 32 33 34 35 37 38 40 42 43 45 47 49 50 
7200 55 1 4 5 12 13 14 16 17 19 20 21 22 23 25 26 27 28 29 30 31 32 33 34 35 36 37 38 40 43 45 47 49 50 51 
7200 56 1 4 5 12 13 14 16 17 19 20 21 22 23 25 26 27 28 29 30 31 32 33 34 35 36 37 38 40 42 43 44 45 47 48 49 50 51 
7200 57 1 4 5 12 13 14 16 17 20 21 22 23 25 26 27 28 29 30 31 32 33 34 35 36 37 38 40 43 44 45 47 48 49 51 
7200 58 101 102 103 104 105 
7200 59 95 97 98 100 101 
7200 60 0 72 99 101 105 
7200 61 101 102 103 104 105 
7200 62 63 71 72 101 105 
7200 63 62 102 103 104 105 
7200 64 101 102 103 104 105 
7200 65 101 102 103 104 105 
7200 66 101 102 103 104 105 
7200 67 101 102 103 104 105 
7200 68 101 102 103 104 105 
7200 69 101 102 103 104 105 
7200 70 101 102 103 104 105 
7200 71 62 102 103 104 105 
7200 72 60 62 103 104 105 
7200 73 79 83 88 89 92 
7200 74 101 102 103 104 105 
7200 75 0 102 103 104 105 
7200 76 101 102 103 104 105 
7200 77 101 102 103 104 105 
7200 78 101 102 103 104 105 
7200 79 73 102 103 104 105 
7200 80 101 102 103 104 105 
7200 81 101 102 103 104 105 
7200 82 101 102 103 104 105 
7200 83 73 91 103 104 105 
7200 84 101 102 103 104 105 
7200 85 101 102 103 104 105 
7200 86 101 102 103 104 105 
7200 87 101 102 103 104 105 
7200 88 0 73 103 104 105 
7200 89 73 95 97 98 100 
7200 90 101 102 103 104 105 
7200 91 83 102 103 104 105 
7200 92 73 102 103 104 105 
7200 93 101 102 103 104 105 
7200 94 101 102 103 104 105 
7200 95 59 89 103 104 105 
7200 96 101 102 103 104 105 
7200 97 59 89 103 104 105 
7200 98 59 89 103 104 105 
7200 99 60 102 103 104 105 
7200 100 59 89 103 104 105 
7200 101 6 7 8 58 59 60 61 62 64 65 66 67 68 69 70 74 76 77 78 80 81 82 84 85 86 87 90 93 94 96 
7200 102 2 6 7 8 58 61 63 64 65 66 67 68 69 70 71 74 75 76 77 78 79 80 81 82 84 85 86 87 90 91 92 93 94 96 99 
7200 103 2 6 7 8 58 61 63 64 65 66 67 68 69 70 71 72 74 75 76 77 78 79 80 81 82 83 84 85 86 87 88 90 91 92 93 94 95 96 97 98 99 100 
7200 104 2 6 7 8 58 61 63 64 65 66 67 68 69 70 71 72 74 75 76 77 78 79 80 81 82 83 84 85 86 87 88 90 91 92 93 94 95 96 97 98 99 100 
7200 105 2 6 7 8 58 60 61 62 63 64 65 66 67 68 69 70 71 72 74 75 76 77 78 79 80 81 82 83 84 85 86 87 88 90 91 92 93 94 95 96 97 98 99 100 
7200 106 122 123 125 126 127 
7200 107 122 123 125 126 127 
7200 108 122 123 126 127 138 
7200 109 121 122 125 126 127 
7200 110 121 122 125 126 127 
7200 111 121 122 125 126 127 
7200 112 119 122 124 125 127 
7200 113 122 125 126 127 137 
7200 114 122 123 125 126 127 
7200 115 122 123 125 126 127 
7200 116 122 124 125 126 127 
7200 117 121 122 126 127 138 
7200 118 122 124 125 126 127 
7200 119 112 122 124 125 127 
7200 120 121 122 125 126 127 
7200 121 9 10 109 110 111 117 120 
7200 122 3 9 10 106 107 108 109 110 111 112 113 114 115 116 117 118 119 120 
7200 123 106 107 108 114 115 
7200 124 112 116 118 119 139 
7200 125 3 9 10 106 107 109 110 111 112 113 114 115 116 118 119 120 137 
7200 126 3 9 10 106 107 108 109 110 111 113 114 115 116 117 118 120 
7200 127 3 9 10 106 107 108 109 110 111 112 113 114 115 116 117 118 119 120 128 
7200 128 127 130 131 132 136 
7200 129 131 137 139 140 141 
7200 130 128 131 136 138 140 
7200 131 128 129 130 138 141 
7200 132 128 136 138 140 141 
7200 133 134 135 136 140 141 
7200 134 133 135 136 140 141 
7200 135 133 134 138 140 141 
7200 136 128 130 132 133 134 139 
7200 137 113 125 129 139 141 
7200 138 108 117 130 131 132 135 
7200 139 124 129 136 137 141 
7200 140 129 130 132 133 134 135 
7200 141 129 131 132 133 134 135 137 139 
7200 142 0 2 3 
7200 143 0 2 3 
7200 144 0 2 3 
7200 145 0 
7200 146 0 2 
7200 147 0 3 
7200 148 0 2 3 
7200 149 0 3 
7200 150 0 2 
7200 151 0 2 3 
7200 152 0 2 3 
7200 153 0 2 
7200 154 0 3 
7200 155 0 2 
7200 156 0 2 3 
7200 157 0 2 3 
7200 158 0 3 
7200 159 0 3 
7200 160 0 2 3 
7200 161 0 2 3 
7200 162 0 
7200 163 0 3 
7200 164 0 2 
7200 165 0 2 3 
7200 166 0 2 3 
7200 167 0 2 3 
7200 168 0 2 3 
7200 169 0 2 3 
7200 170 0 3 
7200 171 0 2 3 
9000 0 60 75 81 82 105 
9000 1 53 54 55 56 57 
9000 2 101 102 103 104 105 
9000 3 121 122 125 126 127 
9000 4 53 54 55 56 57 
9000 5 53 54 55 56 57 
9000 6 101 102 103 104 105 
9000 7 101 102 103 104 105 
9000 8 101 102 103 104 105 
9000 9 121 122 125 126 127 
9000 10 121 122 125 126 127 
9000 11 21 30 52 54 56 
9000 12 53 54 55 56 57 
9000 13 53 54 55 56 57 
9000 14 53 54 55 56 57 
9000 15 26 29 31 36 41 
9000 16 53 54 55 56 57 
9000 17 53 54 55 56 57 
9000 18 25 29 33 39 41 
9000 19 51 52 54 55 56 
9000 20 51 53 55 56 57 
9000 21 11 54 55 56 57 
9000 22 39 54 55 56 57 
9000 23 53 54 55 56 57 
9000 24 25 27 53 55 56 
9000 25 18 24 39 56 57 
9000 26 15 54 55 56 57 
9000 27 24 54 55 56 57 
9000 28 53 54 55 56 57 
9000 29 15 18 41 56 57 
9000 30 11 53 54 56 57 
9000 31 15 54 55 56 57 
9000 32 52 54 55 56 57 
9000 33 18 54 55 56 57 
9000 34 53 54 55 56 57 
9000 35 53 54 55 56 57 
9000 36 15 41 55 56 57 
9000 37 53 54 55 56 57 
9000 38 53 54 55 56 57 
9000 39 18 22 25 44 55 
9000 40 53 54 55 56 57 
9000 41 15 18 29 36 48 
9000 42 50 51 52 54 56 
9000 43 53 54 55 56 57 
9000 44 39 46 54 55 56 
9000 45 48 54 55 56 57 
9000 46 44 47 53 55 56 
9000 47 46 54 55 56 57 
9000 48 41 45 51 56 57 
9000 49 53 54 55 56 57 
9000 50 42 52 54 55 56 
9000 51 19 20 42 48 57 
9000 52 11 19 32 42 50 
9000 53 1 4 5 12 13 14 16 17 20 23 24 28 30 34 35 37 38 40 43 46 49 
9000 54 1 4 5 11 12 13 14 16 17 19 21 22 23 26 27 28 30 31 32 33 34 35 37 38 40 42 43 44 45 47 49 50 
9000 55 1 4 5 12 13 14 16 17 19 20 21 22 23 24 26 27 28 31 32 33 34 35 36 37 38 39 40 43 44 45 46 47 49 50 
9000 56 1 4 5 11 12 13 14 16 17 19 20 21 22 23 24 25 26 27 28 29 30 31 32 33 34 35 36 37 38 40 42 43 44 45 46 47 48 49 50 
9000 57 1 4 5 12 13 14 16 17 20 21 22 23 25 26 27 28 29 30 31 32 33 34 35 36 37 38 40 43 45 47 48 49 51 
9000 58 101 102 103 104 105 
9000 59 61 97 98 100 101 
9000 60 0 99 103 104 105 
9000 61 59 102 103 104 105 
9000 62 63 71 72 101 104 
9000 63 62 102 103 104 105 
9000 64 101 102 103 104 105 
9000 65 101 102 103 104 105 
9000 66 101 102 103 104 105 
9000 67 101 102 103 104 105 
9000 68 101 102 103 104 105 
9000 69 101 102 103 104 105 
9000 70 101 102 103 104 105 
9000 71 62 101 103 104 105 
9000 72 62 102 103 104 105 
9000 73 79 83 88 89 98 
9000 74 101 102 103 104 105 
9000 75 0 102 103 104 105 
9000 76 101 102 103 104 105 
9000 77 101 102 103 104 105 
9000 78 101 102 103 104 105 
9000 79 73 102 103 104 105 
9000 80 101 102 103 104 105 
9000 81 0 102 103 104 105 
9000 82 0 102 103 104 105 
9000 83 73 91 103 104 105 
9000 84 101 102 103 104 105 
9000 85 101 102 103 104 105 
9000 86 101 102 103 104 105 
9000 87 101 102 103 104 105 
9000 88 73 99 103 104 105 
9000 89 73 95 97 98 100 
9000 90 101 102 103 104 105 
9000 91 83 102 103 104 105 
9000 92 101 102 103 104 105 
9000 93 101 102 103 104 105 
9000 94 101 102 103 104 105 
9000 95 89 102 103 104 105 
9000 96 101 102 103 104 105 
9000 97 59 89 103 104 105 
9000 98 59 73 89 104 105 
9000 99 60 88 103 104 105 
9000 100 59 89 103 104 105 
9000 101 2 6 7 8 58 59 62 64 65 66 67 68 69 70 71 74 76 77 78 80 84 85 86 87 90 92 93 94 96 
9000 102 2 6 7 8 58 61 63 64 65 66 67 68 69 70 72 74 75 76 77 78 79 80 81 82 84 85 86 87 90 91 92 93 94 95 96 
9000 103 2 6 7 8 58 60 61 63 64 65 66 67 68 69 70 71 72 74 75 76 77 78 79 80 81 82 83 84 85 86 87 88 90 91 92 93 94 95 96 97 99 100 
9000 104 2 6 7 8 58 60 61 62 63 64 65 66 67 68 69 70 71 72 74 75 76 77 78 79 80 81 82 83 84 85 86 87 88 90 91 92 93 94 95 96 97 98 99 100 
9000 105 0 2 6 7 8 58 60 61 63 64 65 66 67 68 69 70 71 72 74 75 76 77 78 79 80 81 82 83 84 85 86 87 88 90 91 92 93 94 95 96 97 98 99 100 
9000 106 122 123 125 126 127 
9000 107 122 123 125 126 127 
9000 108 121 122 123 126 138 
9000 109 121 122 125 126 127 
9000 110 121 122 125 126 127 
9000 111 121 122 125 126 127 
9000 112 119 122 124 125 127 
9000 113 121 122 125 127 137 
9000 114 121 122 125 126 127 
9000 115 121 122 123 125 126 
9000 116 120 122 124 125 127 
9000 117 122 123 126 127 138 
9000 118 121 122 125 126 127 
9000 119 112 124 125 127 139 
9000 120 116 122 125 126 127 
9000 121 3 9 10 108 109 110 111 113 114 115 118 
9000 122 3 9 10 106 107 108 109 110 111 112 113 114 115 116 117 118 120 
9000 123 106 107 108 115 117 
9000 124 112 116 119 127 139 
9000 125 3 9 10 106 107 109 110 111 112 113 114 115 116 118 119 120 137 
9000 126 3 9 10 106 107 108 109 110 111 114 115 117 118 120 
9000 127 3 9 10 106 107 109 110 111 112 113 114 116 117 118 119 120 124 
9000 128 130 132 133 135 138 
9000 129 130 131 135 140 141 
9000 130 128 129 132 133 135 
9000 131 129 136 138 140 141 
9000 132 128 130 137 140 141 
9000 133 128 130 134 140 141 
9000 134 133 135 136 140 141 
9000 135 128 129 130 134 138 
9000 136 131 134 139 140 141 
9000 137 113 125 132 139 141 
9000 138 108 117 128 131 135 
9000 139 119 124 136 137 141 
9000 140 129 131 132 133 134 136 
9000 141 129 131 132 133 134 136 137 139 
10800 0 2 3 60 75 103 142 143 144 145 146 147 148 149 150 151 152 153 154 155 156 157 158 159 160 161 162 163 164 165 166 167 168 169 170 171 
10800 1 53 54 55 56 57 
10800 2 0 102 103 104 105 142 143 144 146 148 150 151 152 153 155 156 157 160 161 164 165 166 167 168 169 171 
10800 3 0 122 125 126 127 142 143 144 147 148 149 151 152 154 156 157 158 159 160 161 163 165 166 167 168 169 170 171 
10800 4 53 54 55 56 57 
10800 5 53 54 55 56 57 
10800 6 101 102 103 104 105 
10800 7 101 102 103 104 105 
10800 8 101 102 103 104 105 
10800 9 121 122 125 126 127 
10800 10 121 122 125 126 127 
10800 11 21 28 30 52 54 
10800 12 53 54 55 56 57 
10800 13 53 54 55 56 57 
10800 14 52 53 55 56 57 
10800 15 48 51 52 56 57 
10800 16 53 54 55 56 57 
10800 17 39 54 55 56 57 
10800 18 22 29 33 36 39 
10800 19 51 52 54 55 56 
10800 20 39 53 55 56 57 
10800 21 11 54 55 56 57 
10800 22 18 39 55 56 57 
10800 23 41 54 55 56 57 
10800 24 25 27 46 49 53 
10800 25 24 54 55 56 57 
10800 26 51 54 55 56 57 
10800 27 24 54 55 56 57 
10800 28 11 53 55 56 57 
10800 29 18 41 55 56 57 
10800 30 11 54 55 56 57 
10800 31 53 54 55 56 57 
10800 32 52 54 55 56 57 
10800 33 18 54 55 56 57 
10800 34 41 54 55 56 57 
10800 35 53 54 55 56 57 
10800 36 18 41 55 56 57 
10800 37 53 54 55 56 57 
10800 38 53 54 55 56 57 
10800 39 17 18 20 22 44 
10800 40 53 54 55 56 57 
10800 41 23 29 34 36 48 
10800 42 50 51 52 54 56 
10800 43 53 54 55 56 57 
10800 44 39 46 55 56 57 
10800 45 53 54 55 56 57 
10800 46 24 44 47 53 
10800 47 46 54 55 56 57 
10800 48 15 41 51 56 57 
10800 49 24 54 55 56 57 
10800 50 42 52 54 55 56 
10800 51 15 19 26 42 48 
10800 52 11 14 15 19 32 42 50 
10800 53 1 4 5 12 13 14 16 20 24 28 31 35 37 38 40 43 45 46 
10800 54 1 4 5 11 12 13 16 17 19 21 23 25 26 27 30 31 32 33 34 35 37 38 40 42 43 45 47 49 50 
10800 55 1 4 5 12 13 14 16 17 19 20 21 22 23 25 26 27 28 29 30 31 32 33 34 35 36 37 38 40 43 44 45 47 49 50 
10800 56 1 4 5 12 13 14 15 16 17 19 20 21 22 23 25 26 27 28 29 30 31 32 33 34 35 36 37 38 40 42 43 44 45 47 48 49 50 
10800 57 1 4 5 12 13 14 15 16 17 20 21 22 23 25 26 27 28 29 30 31 32 33 34 35 36 37 38 40 43 44 45 47 48 49 
10800 58 101 102 103 104 105 
10800 59 72 99 100 101 103 
10800 60 0 102 103 104 105 
10800 61 101 102 103 104 105 
10800 62 63 71 72 101 105 
10800 63 62 71 72 101 105 
10800 64 101 102 103 104 105 
10800 65 101 102 103 104 105 
10800 66 101 102 103 104 105 
10800 67 101 102 103 104 105 
10800 68 101 102 103 104 105 
10800 69 73 102 103 104 105 
10800 70 101 102 103 104 105 
10800 71 62 63 102 104 105 
10800 72 59 62 63 104 105 
10800 73 69 83 88 89 98 
10800 74 101 102 103 104 105 
10800 75 0 102 103 104 105 
10800 76 101 102 103 104 105 
10800 77 101 102 103 104 105 
10800 78 101 102 103 104 105 
10800 79 101 102 103 104 105 
10800 80 101 102 103 104 105 
10800 81 101 102 103 104 105 
10800 82 101 102 103 104 105 
10800 83 73 91 103 104 105 
10800 84 101 102 103 104 105 
10800 85 101 102 103 104 105 
10800 86 101 102 103 104 105 
10800 87 101 102 103 104 105 
10800 88 73 100 103 104 105 
10800 89 73 97 98 100 103 
10800 90 101 102 103 104 105 
10800 91 83 102 103 104 105 
10800 92 101 102 103 104 105 
10800 93 101 102 103 104 105 
10800 94 101 102 103 104 105 
10800 95 101 102 103 104 105 
10800 96 101 102 103 104 105 
10800 97 89 102 103 104 105 
10800 98 73 89 103 104 105 
10800 99 59 102 103 104 105 
10800 100 59 88 89 104 105 
10800 101 6 7 8 58 59 61 62 63 64 65 66 67 68 70 74 76 77 78 79 80 81 82 84 85 86 87 90 92 93 94 95 96 
10800 102 2 6 7 8 58 60 61 64 65 66 67 68 69 70 71 74 75 76 77 78 79 80 81 82 84 85 86 87 90 91 92 93 94 95 96 97 99 
10800 103 0 2 6 7 8 58 59 60 61 64 65 66 67 68 69 70 74 75 76 77 78 79 80 81 82 83 84 85 86 87 88 89 90 91 92 93 94 95 96 97 98 99 
10800 104 2 6 7 8 58 60 61 64 65 66 67 68 69 70 71 72 74 75 76 77 78 79 80 81 82 83 84 85 86 87 88 90 91 92 93 94 95 96 97 98 99 100 
10800 105 2 6 7 8 58 60 61 62 63 64 65 66 67 68 69 70 71 72 74 75 76 77 78 79 80 81 82 83 84 85 86 87 88 90 91 92 93 94 95 96 97 98 99 100 
10800 106 122 123 125 126 127 
10800 107 122 123 125 126 127 
10800 108 122 123 126 127 138 
10800 109 121 122 125 126 127 
10800 110 121 122 125 126 127 
10800 111 119 122 125 126 127 
10800 112 119 122 124 125 127 
10800 113 122 125 126 127 137 
10800 114 122 123 125 126 127 
10800 115 121 122 123 125 126 
10800 116 122 124 125 126 127 
10800 117 121 122 126 127 138 
10800 118 121 122 125 126 127 
10800 119 111 112 124 125 127 
10800 120 121 122 125 126 127 
10800 121 9 10 109 110 115 117 118 120 
10800 122 3 9 10 106 107 108 109 110 111 112 113 114 115 116 117 118 120 
10800 123 106 107 108 114 115 130 
10800 124 112 116 119 127 139 
10800 125 3 9 10 106 107 109 110 111 112 113 114 115 116 118 119 120 137 
10800 126 3 9 10 106 107 108 109 110 111 113 114 115 116 117 118 120 128 130 
10800 127 3 9 10 106 107 108 109 110 111 112 113 114 116 117 118 119 120 124 
10800 128 126 129 130 131 132 
10800 129 128 130 131 137 139 
10800 130 123 126 128 129 132 
10800 131 128 129 138 140 141 
10800 132 128 130 135 140 141 
10800 133 134 136 138 140 141 
10800 134 133 135 136 140 141 
10800 135 132 134 138 140 141 
10800 136 133 134 139 140 141 
10800 137 113 125 129 139 141 
10800 138 108 117 131 133 135 
10800 139 124 129 136 137 141 
10800 140 131 132 133 134 135 136 
10800 141 131 132 133 134 135 136 137 139 
10800 142 0 2 3 
10800 143 0 2 3 
10800 144 0 2 3 
10800 145 0 
10800 146 0 2 
10800 147 0 3 
10800 148 0 2 3 
10800 149 0 3 
10800 150 0 2 
10800 151 0 2 3 
10800 152 0 2 3 
10800 153 0 2 
10800 154 0 3 
10800 155 0 2 
10800 156 0 2 3 
10800 157 0 2 3 
10800 158 0 3 
10800 159 0 3 
10800 160 0 2 3 
10800 161 0 2 3 
10800 162 0 
10800 163 0 3 
10800 164 0 2 
10800 165 0 2 3 
10800 166 0 2 3 
10800 167 0 2 3 
10800 168 0 2 3 
10800 169 0 2 3 
10800 170 0 3 
10800 171 0 2 3 
12600 0 3 60 66 75 89 142 143 144 145 146 147 148 149 150 151 152 153 154 155 156 157 158 159 160 161 162 163 164 165 166 167 168 169 170 171 
12600 1 53 54 55 56 57 
12600 2 101 102 103 104 105 
12600 3 0 123 125 126 127 142 143 144 147 148 149 151 152 154 156 157 158 159 160 161 163 165 166 167 168 169 170 171 
12600 4 53 54 55 56 57 
12600 5 53 54 55 56 57 
12600 6 101 102 103 104 105 
12600 7 101 102 103 104 105 
12600 8 101 102 103 104 105 
12600 9 122 123 125 126 127 
12600 10 122 123 125 126 127 
12600 11 22 30 54 55 56 
12600 12 53 54 55 56 57 
12600 13 53 54 55 56 57 
12600 14 53 54 55 56 57 
12600 15 41 48 51 56 57 
12600 16 53 54 55 56 57 
12600 17 53 54 55 56 57 
12600 18 22 29 33 39 48 
12600 19 51 52 54 55 56 
12600 20 39 41 55 56 57 
12600 21 52 54 55 56 57 
12600 22 11 18 39 56 57 
12600 23 53 54 55 56 57 
12600 24 25 27 49 53 55 
12600 25 24 54 55 56 57 
12600 26 51 54 55 56 57 
12600 27 24 39 46 55 57 
12600 28 41 48 51 52 57 
12600 29 18 54 55 56 57 
12600 30 11 54 55 56 57 
12600 31 53 54 55 56 57 
12600 32 52 54 55 56 57 
12600 33 18 54 55 56 57 
12600 34 53 54 55 56 57 
12600 35 53 54 55 56 57 
12600 36 41 51 55 56 57 
12600 37 53 54 55 56 57 
12600 38 46 54 55 56 57 
12600 39 18 20 22 27 44 
12600 40 53 54 55 56 57 
12600 41 15 20 28 36 48 
12600 42 51 52 54 55 56 
12600 43 53 54 55 56 57 
12600 44 39 46 55 56 57 
12600 45 53 54 55 56 57 
12600 46 27 38 44 47 53 
12600 47 46 54 55 56 57 
12600 48 15 18 28 41 57 
12600 49 24 54 55 56 57 
12600 50 51 52 54 55 56 
12600 51 15 19 26 28 36 42 50 
12600 52 19 21 28 32 42 50 
12600 53 1 4 5 12 13 14 16 17 23 24 31 34 35 37 40 43 45 46 
12600 54 1 4 5 11 12 13 14 16 17 19 21 23 25 26 29 30 31 32 33 34 35 37 38 40 42 43 45 47 49 50 
12600 55 1 4 5 11 12 13 14 16 17 19 20 21 23 24 25 26 27 29 30 31 32 33 34 35 36 37 38 40 42 43 44 45 47 49 50 
12600 56 1 4 5 11 12 13 14 15 16 17 19 20 21 22 23 25 26 29 30 31 32 33 34 35 36 37 38 40 42 43 44 45 47 49 50 
12600 57 1 4 5 12 13 14 15 16 17 20 21 22 23 25 26 27 28 29 30 31 32 33 34 35 36 37 38 40 43 44 45 47 48 49 
12600 58 101 102 103 104 105 
12600 59 70 71 72 101 103 
12600 60 0 102 103 104 105 
12600 61 101 102 103 104 105 
12600 62 101 102 103 104 105 
12600 63 101 102 103 104 105 
12600 64 101 102 103 104 105 
12600 65 101 102 103 104 105 
12600 66 0 102 103 104 105 
12600 67 101 102 103 104 105 
12600 68 101 102 103 104 105 
12600 69 101 102 103 104 105 
12600 70 59 102 103 104 105 
12600 71 59 102 103 104 105 
12600 72 59 102 103 104 105 
12600 73 83 87 88 89 94 
12600 74 101 102 103 104 105 
12600 75 0 102 103 104 105 
12600 76 101 102 103 104 105 
12600 77 101 102 103 104 105 
12600 78 101 102 103 104 105 
12600 79 101 102 103 104 105 
12600 80 101 102 103 104 105 
12600 81 101 102 103 104 105 
12600 82 101 102 103 104 105 
12600 83 73 102 103 104 105 
12600 84 101 102 103 104 105 
12600 85 101 102 103 104 105 
12600 86 101 102 103 104 105 
12600 87 73 102 103 104 105 
12600 88 73 100 103 104 105 
12600 89 0 73 97 99 100 
12600 90 101 102 103 104 105 
12600 91 101 102 103 104 105 
12600 92 101 102 103 104 105 
12600 93 101 102 103 104 105 
12600 94 73 102 103 104 105 
12600 95 101 102 103 104 105 
12600 96 101 102 103 104 105 
12600 97 89 102 103 104 105 
12600 98 101 102 103 104 105 
12600 99 89 102 103 104 105 
12600 100 88 89 103 104 105 
12600 101 2 6 7 8 58 59 61 62 63 64 65 67 68 69 74 76 77 78 79 80 81 82 84 85 86 90 91 92 93 95 96 98 
12600 102 2 6 7 8 58 60 61 62 63 64 65 66 67 68 69 70 71 72 74 75 76 77 78 79 80 81 82 83 84 85 86 87 90 91 92 93 94 95 96 97 98 99 
12600 103 2 6 7 8 58 59 60 61 62 63 64 65 66 67 68 69 70 71 72 74 75 76 77 78 79 80 81 82 83 84 85 86 87 88 90 91 92 93 94 95 96 97 98 99 100 
12600 104 2 6 7 8 58 60 61 62 63 64 65 66 67 68 69 70 71 72 74 75 76 77 78 79 80 81 82 83 84 85 86 87 88 90 91 92 93 94 95 96 97 98 99 100 
12600 105 2 6 7 8 58 60 61 62 63 64 65 66 67 68 69 70 71 72 74 75 76 77 78 79 80 81 82 83 84 85 86 87 88 90 91 92 93 94 95 96 97 98 99 100 
12600 106 122 123 125 126 127 
12600 107 122 123 125 126 127 
12600 108 122 123 126 127 138 
12600 109 121 122 125 126 127 
12600 110 121 122 125 126 127 
12600 111 121 122 125 126 127 
12600 112 119 122 124 125 127 
12600 113 122 123 125 126 127 
12600 114 122 123 125 126 127 
12600 115 121 122 123 125 126 
12600 116 119 124 125 126 127 
12600 117 122 123 126 127 138 
12600 118 121 122 125 126 127 
12600 119 112 116 124 125 127 
12600 120 122 124 125 126 127 
12600 121 109 110 111 115 118 139 
12600 122 9 10 106 107 108 109 110 111 112 113 114 115 117 118 120 
12600 123 3 9 10 106 107 108 113 114 115 117 
12600 124 112 116 119 120 139 
12600 125 3 9 10 106 107 109 110 111 112 113 114 115 116 118 119 120 
12600 126 3 9 10 106 107 108 109 110 111 113 114 115 116 117 118 120 
12600 127 3 9 10 106 107 108 109 110 111 112 113 114 116 117 118 119 120 
12600 128 130 131 132 134 136 
12600 129 130 131 137 140 141 
12600 130 128 129 132 134 136 
12600 131 128 129 137 138 141 
12600 132 128 130 137 140 141 
12600 133 135 136 137 140 141 
12600 134 128 130 137 138 141 
12600 135 133 137 138 140 141 
12600 136 128 130 133 137 139 
12600 137 129 131 132 133 134 135 136 139 
12600 138 108 117 131 134 135 
12600 139 121 124 136 137 141 
12600 140 129 132 133 135 141 
12600 141 129 131 132 133 134 135 139 140 
12600 142 0 3 
12600 143 0 3 
12600 144 0 3 
12600 145 0 
12600 146 0 
12600 147 0 3 
12600 148 0 3 
12600 149 0 3 
12600 150 0 
12600 151 0 3 
12600 152 0 3 
12600 153 0 
12600 154 0 3 
12600 155 0 
12600 156 0 3 
12600 157 0 3 
12600 158 0 3 
12600 159 0 3 
12600 160 0 3 
12600 161 0 3 
12600 162 0 
12600 163 0 3 
12600 164 0 
12600 165 0 3 
12600 166 0 3 
12600 167 0 3 
12600 168 0 3 
12600 169 0 3 
12600 170 0 3 
12600 171 0 3 
14400 0 60 62 75 92 95 
14400 1 53 54 55 56 57 
14400 2 101 102 103 104 105 
14400 3 123 124 125 126 127 
14400 4 53 54 55 56 57 
14400 5 53 54 55 56 57 
14400 6 101 102 103 104 105 
14400 7 101 102 103 104 105 
14400 8 101 102 103 104 105 
14400 9 123 124 125 126 127 
14400 10 123 124 125 126 127 
14400 11 21 30 52 54 56 
14400 12 53 54 55 56 57 
14400 13 53 54 55 56 57 
14400 14 53 54 55 56 57 
14400 15 41 54 55 56 57 
14400 16 53 54 55 56 57 
14400 17 53 54 55 56 57 
14400 18 22 29 33 39 48 
14400 19 51 52 54 55 56 
14400 20 53 54 55 56 57 
14400 21 11 54 55 56 57 
14400 22 18 54 55 56 57 
14400 23 53 54 55 56 57 
14400 24 27 44 46 49 53 
14400 25 53 54 55 56 57 
14400 26 51 54 55 56 57 
14400 27 24 54 55 56 57 
14400 28 53 54 55 56 57 
14400 29 18 54 55 56 57 
14400 30 11 54 55 56 57 
14400 31 53 54 55 56 57 
14400 32 52 54 55 56 57 
14400 33 18 54 55 56 57 
14400 34 53 54 55 56 57 
14400 35 53 54 55 56 57 
14400 36 41 54 55 56 57 
14400 37 53 54 55 56 57 
14400 38 53 54 55 56 57 
14400 39 18 40 44 53 57 
14400 40 39 54 55 56 57 
14400 41 15 36 48 
14400 42 50 51 52 54 56 
14400 43 53 54 55 56 57 
14400 44 24 39 46 55 57 
14400 45 53 54 55 56 57 
14400 46 24 44 47 53 
14400 47 46 54 55 56 57 
14400 48 18 41 54 56 57 
14400 49 24 54 55 56 57 
14400 50 42 52 54 55 56 
14400 51 19 26 42 56 57 
14400 52 11 19 32 42 50 
14400 53 1 4 5 12 13 14 16 17 20 23 24 25 28 31 34 35 37 38 39 43 45 46 
14400 54 1 4 5 11 12 13 14 15 16 17 19 20 21 22 23 25 26 27 28 29 30 31 32 33 34 35 36 37 38 40 42 43 45 47 48 49 50 
14400 55 1 4 5 12 13 14 15 16 17 19 20 21 22 23 25 26 27 28 29 30 31 32 33 34 35 36 37 38 40 43 44 45 47 49 50 
14400 56 1 4 5 11 12 13 14 15 16 17 19 20 21 22 23 25 26 27 28 29 30 31 32 33 34 35 36 37 38 40 42 43 45 47 48 49 50 51 
14400 57 1 4 5 12 13 14 15 16 17 20 21 22 23 25 26 27 28 29 30 31 32 33 34 35 36 37 38 39 40 43 44 45 47 48 49 51 
14400 58 101 102 103 104 105 
14400 59 60 72 98 100 101 
14400 60 0 59 62 72 105 
14400 61 101 102 103 104 105 
14400 62 0 60 103 104 105 
14400 63 101 102 103 104 105 
14400 64 101 102 103 104 105 
14400 65 101 102 103 104 105 
14400 66 101 102 103 104 105 
14400 67 101 102 103 104 105 
14400 68 101 102 103 104 105 
14400 69 73 102 103 104 105 
14400 70 101 102 103 104 105 
14400 71 101 102 103 104 105 
14400 72 59 60 103 104 105 
14400 73 69 83 88 89 98 
14400 74 101 102 103 104 105 
14400 75 0 102 103 104 105 
14400 76 101 102 103 104 105 
14400 77 101 102 103 104 105 
14400 78 101 102 103 104 105 
14400 79 101 102 103 104 105 
14400 80 101 102 103 104 105 
14400 81 101 102 103 104 105 
14400 82 101 102 103 104 105 
14400 83 73 102 103 104 105 
14400 84 101 102 103 104 105 
14400 85 101 102 103 104 105 
14400 86 101 102 103 104 105 
14400 87 101 102 103 104 105 
14400 88 73 100 103 104 105 
14400 89 73 98 99 100 103 
14400 90 101 102 103 104 105 
14400 91 101 102 103 104 105 
14400 92 0 102 103 104 105 
14400 93 101 102 103 104 105 
14400 94 101 102 103 104 105 
14400 95 0 102 103 104 105 
14400 96 101 102 103 104 105 
14400 97 101 102 103 104 105 
14400 98 59 73 89 104 105 
14400 99 89 102 103 104 105 
14400 100 59 88 89 104 105 
14400 101 2 6 7 8 58 59 61 63 64 65 66 67 68 70 71 74 76 77 78 79 80 81 82 84 85 86 87 90 91 93 94 96 97 
14400 102 2 6 7 8 58 61 63 64 65 66 67 68 69 70 71 74 75 76 77 78 79 80 81 82 83 84 85 86 87 90 91 92 93 94 95 96 97 99 
14400 103 2 6 7 8 58 61 62 63 64 65 66 67 68 69 70 71 72 74 75 76 77 78 79 80 81 82 83 84 85 86 87 88 89 90 91 92 93 94 95 96 97 99 
14400 104 2 6 7 8 58 61 62 63 64 65 66 67 68 69 70 71 72 74 75 76 77 78 79 80 81 82 83 84 85 86 87 88 90 91 92 93 94 95 96 97 98 99 100 
14400 105 2 6 7 8 58 60 61 62 63 64 65 66 67 68 69 70 71 72 74 75 76 77 78 79 80 81 82 83 84 85 86 87 88 90 91 92 93 94 95 96 97 98 99 100 
14400 106 122 123 125 126 127 
14400 107 122 123 125 126 127 
14400 108 121 122 123 126 138 
14400 109 123 124 125 126 127 
14400 110 122 124 125 126 127 
14400 111 119 124 125 126 127 
14400 112 119 122 124 125 127 
14400 113 124 125 126 127 137 
14400 114 121 122 126 127 138 
14400 115 121 122 123 125 126 
14400 116 122 124 125 126 127 
14400 117 121 122 126 127 138 
14400 118 122 124 125 126 127 
14400 119 111 112 124 125 127 
14400 120 122 124 125 126 127 
14400 121 108 114 115 117 127 
14400 122 106 107 108 110 112 114 115 116 117 118 120 
14400 123 3 9 10 106 107 108 109 115 130 
14400 124 3 9 10 109 110 111 112 113 116 118 119 120 137 139 
14400 125 3 9 10 106 107 109 110 111 112 113 115 116 118 119 120 137 139 
14400 126 3 9 10 106 107 108 109 110 111 113 114 115 116 117 118 120 128 130 
14400 127 3 9 10 106 107 109 110 111 112 113 114 116 117 118 119 120 121 
14400 128 126 129 130 131 132 
14400 129 128 130 131 140 141 
14400 130 123 126 128 129 132 
14400 131 128 129 138 140 141 
14400 132 128 130 135 140 141 
14400 133 134 135 136 140 141 
14400 134 133 135 136 140 141 
14400 135 132 133 134 138 141 
14400 136 133 134 139 140 141 
14400 137 113 124 125 139 141 
14400 138 108 114 117 131 135 
14400 139 124 125 136 137 141 
14400 140 129 131 132 133 134 136 
14400 141 129 131 132 133 134 135 136 137 139 
16200 0 60 75 91 93 105 
16200 1 53 54 55 56 57 
16200 2 101 102 103 104 105 
16200 3 121 122 125 126 127 
16200 4 53 54 55 56 57 
16200 5 53 54 55 56 57 
16200 6 101 102 103 104 105 
16200 7 101 102 103 104 105 
16200 8 101 102 103 104 105 
16200 9 121 122 125 126 127 
16200 10 121 122 125 126 127 
16200 11 21 23 27 30 54 
16200 12 53 54 55 56 57 
16200 13 53 54 55 56 57 
16200 14 53 54 55 56 57 
16200 15 41 48 51 56 57 
16200 16 53 54 55 56 57 
16200 17 53 54 55 56 57 
16200 18 22 29 33 39 40 
16200 19 51 52 54 55 56 
16200 20 51 53 55 56 57 
16200 21 11 54 55 56 57 
16200 22 18 39 55 56 57 
16200 23 11 54 55 56 57 
16200 24 25 27 49 50 53 
16200 25 24 54 55 56 57 
16200 26 51 54 55 56 57 
16200 27 11 24 55 56 57 
16200 28 53 54 55 56 57 
16200 29 18 54 55 56 57 
16200 30 11 54 55 56 57 
16200 31 53 54 55 56 57 
16200 32 52 54 55 56 57 
16200 33 18 54 55 56 57 
16200 34 53 54 55 56 57 
16200 35 53 54 55 56 57 
16200 36 41 52 55 56 57 
16200 37 53 54 55 56 57 
16200 38 53 54 55 56 57 
16200 39 18 22 43 44 45 
16200 40 18 41 55 56 57 
16200 41 15 36 40 48 
16200 42 50 51 52 54 56 
16200 43 39 54 55 56 57 
16200 44 39 46 55 56 57 
16200 45 39 46 55 56 57 
16200 46 44 45 47 50 53 
16200 47 46 54 55 56 57 
16200 48 15 41 51 56 57 
16200 49 24 54 55 56 57 
16200 50 24 42 46 52 56 
16200 51 15 19 20 26 42 48 
16200 52 19 32 36 42 50 
16200 53 1 4 5 12 13 14 16 17 20 24 28 31 34 35 37 38 46 
16200 54 1 4 5 11 12 13 14 16 17 19 21 23 25 26 28 29 30 31 32 33 34 35 37 38 42 43 47 49 
16200 55 1 4 5 12 13 14 16 17 19 20 21 22 23 25 26 27 28 29 30 31 32 33 34 35 36 37 38 40 43 44 45 47 49 
16200 56 1 4 5 12 13 14 15 16 17 19 20 21 22 23 25 26 27 28 29 30 31 32 33 34 35 36 37 38 40 42 43 44 45 47 48 49 50 
16200 57 1 4 5 12 13 14 15 16 17 20 21 22 23 25 26 27 28 29 30 31 32 33 34 35 36 37 38 40 43 44 45 47 48 49 
16200 58 101 102 103 104 105 
16200 59 95 97 98 100 101 
16200 60 0 102 103 104 105 
16200 61 100 101 102 103 104 
16200 62 63 71 72 101 105 
16200 63 62 102 103 104 105 
16200 64 101 102 103 104 105 
16200 65 101 102 103 104 105 
16200 66 101 102 103 104 105 
16200 67 101 102 103 104 105 
16200 68 101 102 103 104 105 
16200 69 101 102 103 104 105 
16200 70 101 102 103 104 105 
16200 71 62 102 103 104 105 
16200 72 62 102 103 104 105 
16200 73 83 88 89 94 98 
16200 74 101 102 103 104 105 
16200 75 0 102 103 104 105 
16200 76 101 102 103 104 105 
16200 77 101 102 103 104 105 
16200 78 101 102 103 104 105 
16200 79 101 102 103 104 105 
16200 80 101 102 103 104 105 
16200 81 101 102 103 104 105 
16200 82 101 102 103 104 105 
16200 83 73 91 103 104 105 
16200 84 101 102 103 104 105 
16200 85 101 102 103 104 105 
16200 86 101 102 103 104 105 
16200 87 101 102 103 104 105 
16200 88 73 102 103 104 105 
16200 89 73 95 97 98 100 
16200 90 101 102 103 104 105 
16200 91 0 83 103 104 105 
16200 92 101 102 103 104 105 
16200 93 0 102 103 104 105 
16200 94 73 102 103 104 105 
16200 95 59 89 103 104 105 
16200 96 101 102 103 104 105 
16200 97 59 89 103 104 105 
16200 98 59 73 89 104 105 
16200 99 101 102 103 104 105 
16200 100 59 61 89 104 105 
16200 101 2 6 7 8 58 59 61 62 64 65 66 67 68 69 70 74 76 77 78 79 80 81 82 84 85 86 87 90 92 96 99 
16200 102 2 6 7 8 58 60 61 63 64 65 66 67 68 69 70 71 72 74 75 76 77 78 79 80 81 82 84 85 86 87 88 90 92 93 94 96 99 
16200 103 2 6 7 8 58 60 61 63 64 65 66 67 68 69 70 71 72 74 75 76 77 78 79 80 81 82 83 84 85 86 87 88 90 91 92 93 94 95 96 97 99 
16200 104 2 6 7 8 58 60 61 63 64 65 66 67 68 69 70 71 72 74 75 76 77 78 79 80 81 82 83 84 85 86 87 88 90 91 92 93 94 95 96 97 98 99 100 
16200 105 0 2 6 7 8 58 60 62 63 64 65 66 67 68 69 70 71 72 74 75 76 77 78 79 80 81 82 83 84 85 86 87 88 90 91 92 93 94 95 96 97 98 99 100 
16200 106 122 123 125 126 127 
16200 107 122 123 125 126 127 
16200 108 121 122 123 126 138 
16200 109 121 122 125 126 127 
16200 110 121 122 125 126 127 
16200 111 121 122 125 126 127 
16200 112 119 124 125 127 137 
16200 113 119 125 126 127 137 
16200 114 121 122 125 126 127 
16200 115 121 122 123 125 126 
16200 116 122 124 125 126 127 
16200 117 121 122 126 127 138 
16200 118 121 122 125 126 127 
16200 119 112 113 125 127 139 
16200 120 121 122 125 126 127 
16200 121 3 9 10 108 109 110 111 114 115 117 118 120 
16200 122 3 9 10 106 107 108 109 110 111 114 115 116 117 118 120 
16200 123 106 107 108 115 126 
16200 124 112 116 127 136 139 
16200 125 3 9 10 106 107 109 110 111 112 113 114 115 116 118 119 120 137 
16200 126 3 9 10 106 107 108 109 110 111 113 114 115 116 117 118 120 123 130 
16200 127 3 9 10 106 107 109 110 111 112 113 114 116 117 118 119 120 124 
16200 128 129 130 131 132 133 
16200 129 128 130 131 140 141 
16200 130 126 128 129 132 133 
16200 131 128 129 138 140 141 
16200 132 128 130 135 140 141 
16200 133 128 130 134 138 141 
16200 134 133 135 136 140 141 
16200 135 132 134 138 140 141 
16200 136 124 134 139 140 141 
16200 137 112 113 125 139 141 
16200 138 108 117 131 133 135 
16200 139 119 124 136 137 141 
16200 140 129 131 132 134 135 136 
16200 141 129 131 132 133 134 135 136 137 139 
18000 0 1 2 3 60 75 142 143 144 145 146 147 148 149 150 151 152 153 154 155 156 157 158 159 160 161 162 163 164 165 166 167 168 169 170 171 
18000 1 0 54 55 56 57 142 143 145 146 147 148 150 152 153 154 156 157 159 160 162 164 165 166 167 168 169 171 
18000 2 0 102 103 104 105 142 143 144 146 148 150 151 152 153 155 156 157 160 161 164 165 166 167 168 169 171 
18000 3 0 122 125 126 127 142 143 144 147 148 149 151 152 154 156 157 158 159 160 161 163 165 166 167 168 169 170 171 
18000 4 53 54 55 56 57 
18000 5 53 54 55 56 57 
18000 6 101 102 103 104 105 
18000 7 101 102 103 104 105 
18000 8 101 102 103 104 105 
18000 9 121 122 125 126 127 
18000 10 121 122 125 126 127 
18000 11 21 27 30 54 56 
18000 12 41 53 54 55 57 
18000 13 53 54 55 56 57 
18000 14 53 54 55 56 57 
18000 15 41 48 51 56 57 
18000 16 53 54 55 56 57 
18000 17 53 54 55 56 57 
18000 18 20 22 29 39 55 
18000 19 51 52 54 55 56 
18000 20 18 53 55 56 57 
18000 21 11 54 55 56 57 
18000 22 18 39 55 56 57 
18000 23 53 54 55 56 57 
18000 24 25 46 53 54 56 
18000 25 24 39 55 56 57 
18000 26 51 54 55 56 57 
18000 27 11 54 55 56 57 
18000 28 53 54 55 56 57 
18000 29 18 54 55 56 57 
18000 30 11 54 55 56 57 
18000 31 53 54 55 56 57 
18000 32 52 54 55 56 57 
18000 33 53 54 55 56 57 
18000 34 53 54 55 56 57 
18000 35 53 54 55 56 57 
18000 36 41 51 55 56 57 
18000 37 53 54 55 56 57 
18000 38 52 54 55 56 57 
18000 39 18 22 25 43 44 
18000 40 53 54 55 56 57 
18000 41 12 15 36 48 55 
18000 42 52 53 54 56 57 
18000 43 39 53 54 56 57 
18000 44 39 46 55 56 57 
18000 45 53 54 55 56 57 
18000 46 24 44 47 53 56 
18000 47 46 54 55 56 57 
18000 48 15 41 54 56 57 
18000 49 53 54 55 56 57 
18000 50 52 53 54 55 56 
18000 51 15 19 26 36 57 
18000 52 19 32 38 42 50 
18000 53 4 5 12 13 14 16 17 20 23 24 28 31 33 34 35 37 40 42 43 45 46 49 50 
18000 54 1 4 5 11 12 13 14 16 17 19 21 23 24 26 27 28 29 30 31 32 33 34 35 37 38 40 42 43 45 47 48 49 50 
18000 55 1 4 5 12 13 14 16 17 18 19 20 21 22 23 25 26 27 28 29 30 31 32 33 34 35 36 37 38 40 41 44 45 47 49 50 
18000 56 1 4 5 11 13 14 15 16 17 19 20 21 22 23 24 25 26 27 28 29 30 31 32 33 34 35 36 37 38 40 42 43 44 45 46 47 48 49 50 
18000 57 1 4 5 12 13 14 15 16 17 20 21 22 23 25 26 27 28 29 30 31 32 33 34 35 36 37 38 40 42 43 44 45 47 48 49 51 
18000 58 101 102 103 104 105 
18000 59 95 97 98 100 101 
18000 60 0 62 72 104 105 
18000 61 101 102 103 104 105 
18000 62 60 102 103 104 105 
18000 63 101 102 103 104 105 
18000 64 101 102 103 104 105 
18000 65 101 102 103 104 105 
18000 66 101 102 103 104 105 
18000 67 101 102 103 104 105 
18000 68 101 102 103 104 105 
18000 69 101 102 103 104 105 
18000 70 101 102 103 104 105 
18000 71 100 102 103 104 105 
18000 72 60 102 103 104 105 
18000 73 83 89 92 94 98 
18000 74 101 102 103 104 105 
18000 75 0 102 103 104 105 
18000 76 101 102 103 104 105 
18000 77 101 102 103 104 105 
18000 78 101 102 103 104 105 
18000 79 101 102 103 104 105 
18000 80 101 102 103 104 105 
18000 81 101 102 103 104 105 
18000 82 101 102 103 104 105 
18000 83 73 91 103 104 105 
18000 84 101 102 103 104 105 
18000 85 100 102 103 104 105 
18000 86 101 102 103 104 105 
18000 87 101 102 103 104 105 
18000 88 99 100 103 104 105 
18000 89 73 95 97 98 100 
18000 90 101 102 103 104 105 
18000 91 83 102 103 104 105 
18000 92 73 101 102 103 104 
18000 93 101 102 103 104 105 
18000 94 73 101 102 103 104 
18000 95 59 89 103 104 105 
18000 96 101 102 103 104 105 
18000 97 59 89 103 104 105 
18000 98 59 73 89 104 105 
18000 99 88 102 103 104 105 
18000 100 59 71 85 88 89 
18000 101 6 7 8 58 59 61 63 64 65 66 67 68 69 70 74 76 77 78 79 80 81 82 84 86 87 90 92 93 94 96 
18000 102 2 6 7 8 58 61 62 63 64 65 66 67 68 69 70 71 72 74 75 76 77 78 79 80 81 82 84 85 86 87 90 91 92 93 94 96 99 
18000 103 2 6 7 8 58 61 62 63 64 65 66 67 68 69 70 71 72 74 75 76 77 78 79 80 81 82 83 84 85 86 87 88 90 91 92 93 94 95 96 97 99 
18000 104 2 6 7 8 58 60 61 62 63 64 65 66 67 68 69 70 71 72 74 75 76 77 78 79 80 81 82 83 84 85 86 87 88 90 91 92 93 94 95 96 97 98 99 
18000 105 2 6 7 8 58 60 61 62 63 64 65 66 67 68 69 70 71 72 74 75 76 77 78 79 80 81 82 83 84 85 86 87 88 90 91 93 95 96 97 98 99 
18000 106 122 123 125 126 127 
18000 107 122 123 125 126 127 
18000 108 121 122 123 126 138 
18000 109 122 124 125 126 127 
18000 110 121 122 125 126 127 
18000 111 121 122 125 126 127 
18000 112 119 122 124 125 127 
18000 113 121 122 125 126 127 
18000 114 121 122 125 126 127 
18000 115 121 122 123 125 126 
18000 116 122 124 125 126 127 
18000 117 121 122 126 127 138 
18000 118 121 122 125 126 127 
18000 119 112 122 124 125 127 
18000 120 121 122 125 126 127 
18000 121 9 10 108 110 111 113 114 115 117 118 120 
18000 122 3 9 10 106 107 108 109 110 111 112 113 114 115 116 117 118 119 120 
18000 123 106 107 108 115 130 
18000 124 109 112 116 119 127 
18000 125 3 9 10 106 107 109 110 111 112 113 114 115 116 118 119 120 137 
18000 126 3 9 10 106 107 108 109 110 111 113 114 115 116 117 118 120 130 
18000 127 3 9 10 106 107 109 110 111 112 113 114 116 117 118 119 120 124 
18000 128 129 130 132 137 139 
18000 129 128 130 131 140 141 
18000 130 123 126 128 129 132 
18000 131 129 136 138 140 141 
18000 132 128 130 135 140 141 
18000 133 135 136 138 140 141 
18000 134 135 136 138 140 141 
18000 135 132 133 134 140 141 
18000 136 131 133 134 137 139 
18000 137 125 128 136 139 141 
18000 138 108 117 131 133 134 139 
18000 139 128 136 137 138 141 
18000 140 129 131 132 133 134 135 
18000 141 129 131 132 133 134 135 137 139 
18000 142 0 1 2 3 
18000 143 0 1 2 3 
18000 144 0 2 3 
18000 145 0 1 
18000 146 0 1 2 
18000 147 0 1 3 
18000 148 0 1 2 3 
18000 149 0 3 
18000 150 0 1 2 
18000 151 0 2 3 
18000 152 0 1 2 3 
18000 153 0 1 2 
18000 154 0 1 3 
18000 155 0 2 
18000 156 0 1 2 3 
18000 157 0 1 2 3 
18000 158 0 3 
18000 159 0 1 3 
18000 160 0 1 2 3 
18000 161 0 2 3 
18000 162 0 1 
18000 163 0 3 
18000 164 0 1 2 
18000 165 0 1 2 3 
18000 166 0 1 2 3 
18000 167 0 1 2 3 
18000 168 0 1 2 3 
18000 169 0 1 2 3 
18000 170 0 3 
18000 171 0 1 2 3 
