0 21600
0 0 86 87 88 89 90 91 92 93 94 95 
0 1 4 5 11 12 13 14 15 16 18 19 20 22 23 24 25 27 28 29 30 31 32 33 34 86 87 88 89 90 91 92 94 95 
0 2 6 7 8 35 36 37 38 39 40 41 43 45 46 47 48 49 50 51 52 53 54 55 56 57 87 88 89 90 91 92 93 94 
0 3 9 10 58 60 63 64 65 66 67 68 69 70 72 75 76 77 79 80 81 82 84 86 87 88 89 90 92 93 94 
0 4 1 5 11 12 13 14 15 16 18 19 20 22 23 24 25 27 28 29 30 31 32 33 34 
0 5 1 4 11 12 13 14 15 16 18 19 20 22 23 24 25 27 28 29 30 31 32 33 34 
0 6 2 7 8 35 36 37 38 39 40 41 43 45 46 47 48 49 50 51 52 53 54 55 56 57 
0 7 2 6 8 35 36 37 38 39 40 41 43 45 46 47 48 49 50 51 52 53 54 55 56 57 
0 8 2 6 7 35 36 37 38 39 40 41 43 45 46 47 48 49 50 51 52 53 54 55 56 57 
0 9 3 10 58 60 63 64 65 66 67 68 69 70 72 75 76 77 79 80 81 82 84 
0 10 3 9 58 60 63 64 65 66 67 68 69 70 72 75 76 77 79 80 81 82 84 
0 11 1 4 5 12 13 14 15 16 18 19 20 22 23 24 25 27 28 29 30 31 32 33 34 
0 12 1 4 5 11 13 14 15 16 18 19 20 21 22 24 25 27 28 29 30 31 32 33 34 
0 13 1 4 5 11 12 14 15 16 18 19 20 21 22 24 25 27 28 29 30 31 32 33 34 
0 14 1 4 5 11 12 13 15 16 18 19 20 22 23 24 25 27 28 29 30 31 32 33 34 
0 15 1 4 5 11 12 13 14 16 17 18 19 20 21 22 23 24 25 27 28 30 31 32 33 34 
0 16 1 4 5 11 12 13 14 15 18 19 20 22 23 24 25 27 28 29 30 31 32 33 34 
0 17 15 21 30 
0 18 1 4 5 11 12 13 14 15 16 19 20 22 23 24 25 27 28 29 30 31 32 33 34 
0 19 1 4 5 11 12 13 14 15 16 18 20 22 23 24 27 28 29 30 31 32 33 34 
0 20 1 4 5 11 12 13 14 15 16 18 19 21 22 23 24 25 27 28 29 30 31 32 33 34 
0 21 12 13 15 17 20 22 25 27 30 33 
0 22 1 4 5 11 12 13 14 15 16 18 19 20 21 24 25 27 28 29 30 31 32 33 34 
0 23 1 4 5 11 14 15 16 18 19 20 24 28 29 30 31 32 33 34 
0 24 1 4 5 11 12 13 14 15 16 18 19 20 22 23 27 28 29 30 31 32 34 
0 25 1 4 5 11 12 13 14 15 16 18 20 21 22 27 28 30 31 32 33 
0 26 27 
0 27 1 4 5 11 12 13 14 15 16 18 19 20 21 22 24 25 26 28 30 31 32 34 
0 28 1 4 5 11 12 13 14 15 16 18 19 20 22 23 24 25 27 29 30 31 32 33 34 
0 29 1 4 5 11 12 13 14 16 18 19 20 22 23 24 28 31 32 33 34 
0 30 1 4 5 11 12 13 14 15 16 17 18 19 20 21 22 23 24 25 27 28 31 32 33 34 
0 31 1 4 5 11 12 13 14 15 16 18 19 20 22 23 24 25 27 28 29 30 32 33 34 
0 32 1 4 5 11 12 13 14 15 16 18 19 20 22 23 24 25 27 28 29 30 31 33 34 
0 33 1 4 5 11 12 13 14 15 16 18 19 20 21 22 23 25 28 29 30 31 32 34 
0 34 1 4 5 11 12 13 14 15 16 18 19 20 22 23 24 27 28 29 30 31 32 33 
0 35 2 6 7 8 36 37 38 39 40 41 43 45 46 47 48 49 50 51 52 53 54 55 56 57 
0 36 2 6 7 8 35 38 39 40 41 43 44 47 48 49 50 51 53 54 57 
0 37 2 6 7 8 35 38 39 40 41 42 43 45 46 47 48 49 50 51 52 53 54 55 56 57 
0 38 2 6 7 8 35 36 37 39 40 41 43 44 46 47 48 49 50 51 52 53 54 55 56 57 
0 39 2 6 7 8 35 36 37 38 40 41 43 45 46 47 48 49 50 51 52 53 54 55 56 57 
0 40 2 6 7 8 35 36 37 38 39 41 42 43 45 46 47 48 49 50 51 52 53 54 55 56 57 
0 41 2 6 7 8 35 36 37 38 39 40 42 43 45 46 47 48 49 50 51 52 53 54 55 56 57 
0 42 37 40 41 46 47 48 49 53 54 57 
0 43 2 6 7 8 35 36 37 38 39 40 41 45 46 47 48 49 50 51 52 53 54 55 56 57 
0 44 36 38 48 
0 45 2 6 7 8 35 37 39 40 41 43 46 49 50 51 52 53 54 55 56 57 
0 46 2 6 7 8 35 37 38 39 40 41 42 43 45 47 48 49 50 52 53 54 55 56 57 
0 47 2 6 7 8 35 36 37 38 39 40 41 42 43 46 48 49 50 53 54 55 57 
0 48 2 6 7 8 35 36 37 38 39 40 41 42 43 44 46 47 49 50 53 54 55 57 
0 49 2 6 7 8 35 36 37 38 39 40 41 42 43 45 46 47 48 50 51 52 53 54 55 56 57 
0 50 2 6 7 8 35 36 37 38 39 40 41 43 45 46 47 48 49 51 52 53 54 55 56 57 
0 51 2 6 7 8 35 36 37 38 39 40 41 43 45 49 50 52 53 55 56 57 
0 52 2 6 7 8 35 37 38 39 40 41 43 45 46 49 50 51 53 55 56 57 
0 53 2 6 7 8 35 36 37 38 39 40 41 42 43 45 46 47 48 49 50 51 52 54 55 56 57 
0 54 2 6 7 8 35 36 37 38 39 40 41 42 43 45 46 47 48 49 50 53 55 56 57 
0 55 2 6 7 8 35 37 38 39 40 41 43 45 46 47 48 49 50 51 52 53 54 56 57 
0 56 2 6 7 8 35 37 38 39 40 41 43 45 46 49 50 51 52 53 54 55 57 
0 57 2 6 7 8 35 36 37 38 39 40 41 42 43 45 46 47 48 49 50 51 52 53 54 55 56 
0 58 3 9 10 60 63 64 66 67 68 70 73 74 75 81 84 
0 59 60 61 62 65 77 79 85 
0 60 3 9 10 58 59 63 64 65 66 67 68 72 73 74 75 77 79 81 82 84 
0 61 59 62 65 77 79 85 
0 62 59 61 65 71 72 77 79 85 
0 63 3 9 10 58 60 64 66 67 68 69 70 72 75 76 79 80 81 82 84 
0 64 3 9 10 58 60 63 66 67 68 73 74 75 81 84 
0 65 3 9 10 59 60 61 62 67 71 72 75 77 79 81 82 84 85 
0 66 3 9 10 58 60 63 64 67 68 70 72 73 74 75 79 80 81 82 84 
0 67 3 9 10 58 60 63 64 65 66 68 69 70 72 75 76 79 80 81 82 84 
0 68 3 9 10 58 60 63 64 66 67 70 73 74 75 81 84 
0 69 3 9 10 63 67 70 72 75 76 80 82 84 
0 70 3 9 10 58 63 66 67 68 69 75 78 80 81 83 84 
0 71 62 65 72 76 82 
0 72 3 9 10 60 62 63 65 66 67 69 71 75 76 80 81 82 84 
0 73 58 60 64 66 68 74 
0 74 58 60 64 66 68 73 75 81 84 
0 75 3 9 10 58 60 63 64 65 66 67 68 69 70 72 74 77 79 80 81 82 84 
0 76 3 9 10 63 67 69 71 72 80 82 
0 77 3 9 10 59 60 61 62 65 75 79 81 84 85 
0 78 70 80 83 
0 79 3 9 10 59 60 61 62 63 65 66 67 75 77 81 84 85 
0 80 3 9 10 63 66 67 69 70 72 75 76 78 81 82 83 84 
0 81 3 9 10 58 60 63 64 65 66 67 68 70 72 74 75 77 79 80 82 84 
0 82 3 9 10 60 63 65 66 67 69 71 72 75 76 80 81 84 
0 83 70 78 80 
0 84 3 9 10 58 60 63 64 65 66 67 68 69 70 72 74 75 77 79 80 81 82 
0 85 59 61 62 65 77 79 
0 86 0 1 3 
0 87 0 1 2 3 
0 88 0 1 2 3 
0 89 0 1 2 3 
0 90 0 1 2 3 
0 91 0 1 2 
0 92 0 1 2 3 
0 93 0 2 3 
0 94 0 1 2 3 
0 95 0 1 
1800 0 86 87 88 89 90 91 92 93 94 95 
1800 1 4 5 11 12 13 14 15 16 18 19 20 22 23 24 25 27 28 30 31 32 33 34 86 87 88 89 90 91 92 94 95 
1800 2 6 7 8 35 36 37 38 39 40 41 43 45 46 47 48 49 50 51 52 53 54 55 56 57 87 88 89 90 91 92 93 94 
1800 3 9 10 58 60 63 64 65 66 67 68 69 70 72 75 76 77 79 80 81 82 84 86 87 88 89 90 92 93 94 
1800 4 1 5 11 12 13 14 15 16 18 19 20 22 23 24 25 27 28 30 31 32 33 34 
1800 5 1 4 11 12 13 14 15 16 18 19 20 22 23 24 25 27 28 30 31 32 33 34 
1800 6 2 7 8 35 36 37 38 39 40 41 43 45 46 47 48 49 50 51 52 53 54 55 56 57 
1800 7 2 6 8 35 36 37 38 39 40 41 43 45 46 47 48 49 50 51 52 53 54 55 56 57 
1800 8 2 6 7 35 36 37 38 39 40 41 43 45 46 47 48 49 50 51 52 53 54 55 56 57 
1800 9 3 10 58 60 63 64 65 66 67 68 69 70 72 75 76 77 79 80 81 82 84 
1800 10 3 9 58 60 63 64 65 66 67 68 69 70 72 75 76 77 79 80 81 82 84 
1800 11 1 4 5 12 13 14 15 16 18 19 20 22 23 24 25 27 28 30 31 32 33 34 
1800 12 1 4 5 11 13 14 15 16 18 19 20 21 22 24 25 27 28 30 31 32 33 34 
1800 13 1 4 5 11 12 14 15 16 18 19 20 21 22 24 25 27 28 30 31 32 33 34 
1800 14 1 4 5 11 12 13 15 16 18 19 20 22 23 24 27 28 30 31 32 33 34 
1800 15 1 4 5 11 12 13 14 16 18 19 20 21 22 23 24 25 27 28 30 31 32 33 34 
1800 16 1 4 5 11 12 13 14 15 18 19 20 22 23 24 25 27 28 30 31 32 33 34 
1800 17 18 21 
1800 18 1 4 5 11 12 13 14 15 16 17 19 20 21 22 23 24 25 26 27 28 30 31 32 33 34 
1800 19 1 4 5 11 12 13 14 15 16 18 20 22 23 24 27 28 30 31 32 33 34 
1800 20 1 4 5 11 12 13 14 15 16 18 19 21 22 23 24 25 27 28 30 31 32 33 34 
1800 21 12 13 15 17 18 20 22 25 27 33 
1800 22 1 4 5 11 12 13 14 15 16 18 19 20 21 24 25 27 28 30 31 32 33 34 
1800 23 1 4 5 11 14 15 16 18 19 20 24 25 28 29 30 31 32 33 34 
1800 24 1 4 5 11 12 13 14 15 16 18 19 20 22 23 27 28 29 30 31 32 33 34 
1800 25 1 4 5 11 12 13 15 16 18 20 21 22 23 27 28 29 30 31 32 33 34 
1800 26 18 27 
1800 27 1 4 5 11 12 13 14 15 16 18 19 20 21 22 24 25 26 28 30 31 32 34 
1800 28 1 4 5 11 12 13 14 15 16 18 19 20 22 23 24 25 27 30 31 32 33 34 
1800 29 23 24 25 34 
1800 30 1 4 5 11 12 13 14 15 16 18 19 20 22 23 24 25 27 28 31 32 33 34 
1800 31 1 4 5 11 12 13 14 15 16 18 19 20 22 23 24 25 27 28 30 32 33 34 
1800 32 1 4 5 11 12 13 14 15 16 18 19 20 22 23 24 25 27 28 30 31 33 34 
1800 33 1 4 5 11 12 13 14 15 16 18 19 20 21 22 23 24 25 28 30 31 32 34 
1800 34 1 4 5 11 12 13 14 15 16 18 19 20 22 23 24 25 27 28 29 30 31 32 33 
1800 35 2 6 7 8 36 37 38 39 40 41 43 45 46 47 48 49 50 51 52 53 54 55 56 57 
1800 36 2 6 7 8 35 38 39 40 41 43 44 47 48 49 50 51 53 54 57 
1800 37 2 6 7 8 35 38 39 40 41 42 43 45 46 47 48 49 50 51 52 53 54 55 56 57 
1800 38 2 6 7 8 35 36 37 39 40 41 43 44 46 47 48 49 50 51 52 53 54 55 56 57 
1800 39 2 6 7 8 35 36 37 38 40 41 43 45 46 47 48 49 50 51 52 53 54 55 56 57 
1800 40 2 6 7 8 35 36 37 38 39 41 42 43 45 46 47 48 49 50 51 52 53 54 55 56 57 
1800 41 2 6 7 8 35 36 37 38 39 40 42 43 45 46 47 48 49 50 51 52 53 54 55 56 57 
1800 42 37 40 41 45 46 47 48 54 57 
1800 43 2 6 7 8 35 36 37 38 39 40 41 45 46 48 49 50 51 52 53 54 55 56 57 
1800 44 36 38 47 48 
1800 45 2 6 7 8 35 37 39 40 41 42 43 46 48 49 50 51 52 53 54 55 56 57 
1800 46 2 6 7 8 35 37 38 39 40 41 42 43 45 47 48 49 50 52 53 54 55 56 57 
1800 47 2 6 7 8 35 36 37 38 39 40 41 42 44 46 48 49 50 53 54 55 57 
1800 48 2 6 7 8 35 36 37 38 39 40 41 42 43 44 45 46 47 49 50 53 54 55 57 
1800 49 2 6 7 8 35 36 37 38 39 40 41 43 45 46 47 48 50 51 52 53 54 55 56 57 
1800 50 2 6 7 8 35 36 37 38 39 40 41 43 45 46 47 48 49 51 52 53 54 55 56 57 
1800 51 2 6 7 8 35 36 37 38 39 40 41 43 45 49 50 52 53 55 56 57 
1800 52 2 6 7 8 35 37 38 39 40 41 43 45 46 49 50 51 53 55 56 57 
1800 53 2 6 7 8 35 36 37 38 39 40 41 43 45 46 47 48 49 50 51 52 54 55 56 57 
1800 54 2 6 7 8 35 36 37 38 39 40 41 42 43 45 46 47 48 49 50 53 55 56 57 
1800 55 2 6 7 8 35 37 38 39 40 41 43 45 46 47 48 49 50 51 52 53 54 56 57 
1800 56 2 6 7 8 35 37 38 39 40 41 43 45 46 49 50 51 52 53 54 55 57 
1800 57 2 6 7 8 35 36 37 38 39 40 41 42 43 45 46 47 48 49 50 51 52 53 54 55 56 
1800 58 3 9 10 60 63 64 66 67 68 70 73 74 75 81 84 
1800 59 60 61 62 65 76 77 79 85 
1800 60 3 9 10 58 59 63 64 65 66 67 68 72 73 74 75 76 77 79 81 82 84 
1800 61 59 62 65 76 77 79 85 
1800 62 59 61 65 67 71 72 77 79 85 
1800 63 3 9 10 58 60 64 66 67 68 69 70 72 75 76 79 80 81 82 84 
1800 64 3 9 10 58 60 63 66 67 68 73 74 75 81 84 
1800 65 3 9 10 59 60 61 62 67 71 72 75 76 77 79 81 82 84 85 
1800 66 3 9 10 58 60 63 64 67 68 70 72 73 74 75 79 80 81 82 84 
1800 67 3 9 10 58 60 62 63 64 65 66 68 69 70 71 72 75 76 79 80 81 82 84 
1800 68 3 9 10 58 60 63 64 66 67 70 73 74 75 81 84 
1800 69 3 9 10 63 67 70 72 75 76 80 82 84 
1800 70 3 9 10 58 63 66 67 68 69 75 78 80 81 83 84 
1800 71 62 65 67 72 76 82 
1800 72 3 9 10 60 62 63 65 66 67 69 71 75 76 80 81 82 84 
1800 73 58 60 64 66 68 74 
1800 74 58 60 64 66 68 73 75 76 81 84 
1800 75 3 9 10 58 60 63 64 65 66 67 68 69 70 72 74 76 77 78 79 80 81 82 83 84 
1800 76 3 9 10 59 60 61 63 65 67 69 71 72 74 75 77 79 80 82 84 85 
1800 77 3 9 10 59 60 61 62 65 75 76 79 81 84 85 
1800 78 70 75 80 83 
1800 79 3 9 10 59 60 61 62 63 65 66 67 75 76 77 81 84 85 
1800 80 3 9 10 63 66 67 69 70 72 75 76 78 81 82 83 84 
1800 81 3 9 10 58 60 63 64 65 66 67 68 70 72 74 75 77 79 80 82 84 
1800 82 3 9 10 60 63 65 66 67 69 71 72 75 76 80 81 84 
1800 83 70 75 78 80 
1800 84 3 9 10 58 60 63 64 65 66 67 68 69 70 72 74 75 76 77 79 80 81 82 
1800 85 59 61 62 65 76 77 79 
1800 86 0 1 3 
1800 87 0 1 2 3 
1800 88 0 1 2 3 
1800 89 0 1 2 3 
1800 90 0 1 2 3 
1800 91 0 1 2 
1800 92 0 1 2 3 
1800 93 0 2 3 
1800 94 0 1 2 3 
1800 95 0 1 
3600 0 86 87 88 89 90 91 92 93 94 95 
3600 1 4 5 11 12 13 14 15 16 17 18 19 20 22 23 24 25 27 28 30 31 32 33 34 86 87 88 89 90 91 92 94 95 
3600 2 6 7 8 35 36 37 38 39 40 41 43 45 46 47 48 49 50 51 52 53 54 55 56 57 87 88 89 90 91 92 93 94 
3600 3 9 10 58 60 63 64 65 66 67 68 69 70 72 74 75 76 77 79 80 81 82 84 85 86 87 88 89 90 92 93 94 
3600 4 1 5 11 12 13 14 15 16 17 18 19 20 22 23 24 25 27 28 30 31 32 33 34 
3600 5 1 4 11 12 13 14 15 16 17 18 19 20 22 23 24 25 27 28 30 31 32 33 34 
3600 6 2 7 8 35 36 37 38 39 40 41 43 45 46 47 48 49 50 51 52 53 54 55 56 57 
3600 7 2 6 8 35 36 37 38 39 40 41 43 45 46 47 48 49 50 51 52 53 54 55 56 57 
3600 8 2 6 7 35 36 37 38 39 40 41 43 45 46 47 48 49 50 51 52 53 54 55 56 57 
3600 9 3 10 58 60 63 64 65 66 67 68 69 70 72 74 75 76 77 79 80 81 82 84 85 
3600 10 3 9 58 60 63 64 65 66 67 68 69 70 72 74 75 76 77 79 80 81 82 84 85 
3600 11 1 4 5 12 13 14 15 16 17 18 19 20 22 23 24 25 27 28 30 31 32 33 34 
3600 12 1 4 5 11 13 14 15 16 17 18 19 20 21 22 24 25 27 28 30 31 32 33 34 
3600 13 1 4 5 11 12 14 15 16 17 18 19 20 21 22 24 25 27 28 30 31 32 33 34 
3600 14 1 4 5 11 12 13 15 16 17 18 19 20 22 23 24 25 27 28 30 31 32 33 34 
3600 15 1 4 5 11 12 13 14 16 18 19 20 21 22 23 24 25 27 28 29 30 31 32 33 34 
3600 16 1 4 5 11 12 13 14 15 17 18 19 20 22 23 24 25 27 28 29 30 31 32 33 34 
3600 17 1 4 5 11 12 13 14 16 18 19 20 21 22 24 25 27 30 31 32 34 
3600 18 1 4 5 11 12 13 14 15 16 17 19 20 22 23 24 25 27 28 30 31 32 33 34 
3600 19 1 4 5 11 12 13 14 15 16 17 18 20 22 23 24 27 28 30 31 32 33 34 
3600 20 1 4 5 11 12 13 14 15 16 17 18 19 21 22 23 24 25 27 28 30 31 32 33 34 
3600 21 12 13 15 17 20 22 25 27 33 
3600 22 1 4 5 11 12 13 14 15 16 17 18 19 20 21 24 25 27 28 30 31 32 33 34 
3600 23 1 4 5 11 14 15 16 18 19 20 24 28 29 30 31 32 33 34 
3600 24 1 4 5 11 12 13 14 15 16 17 18 19 20 22 23 27 28 30 31 32 34 
3600 25 1 4 5 11 12 13 14 15 16 17 18 20 21 22 27 28 30 31 32 33 
3600 26 27 28 
3600 27 1 4 5 11 12 13 14 15 16 17 18 19 20 21 22 24 25 26 28 30 31 32 34 
3600 28 1 4 5 11 12 13 14 15 16 18 19 20 22 23 24 25 26 27 30 31 32 33 34 
3600 29 15 16 23 34 
3600 30 1 4 5 11 12 13 14 15 16 17 18 19 20 22 23 24 25 27 28 31 32 33 34 
3600 31 1 4 5 11 12 13 14 15 16 17 18 19 20 22 23 24 25 27 28 30 32 33 34 
3600 32 1 4 5 11 12 13 14 15 16 17 18 19 20 22 23 24 25 27 28 30 31 33 34 
3600 33 1 4 5 11 12 13 14 15 16 18 19 20 21 22 23 25 28 30 31 32 34 
3600 34 1 4 5 11 12 13 14 15 16 17 18 19 20 22 23 24 27 28 29 30 31 32 33 
3600 35 2 6 7 8 36 37 38 39 40 41 43 45 46 47 48 49 50 51 52 53 54 55 56 57 
3600 36 2 6 7 8 35 38 39 40 41 43 44 47 48 49 50 51 53 54 57 
3600 37 2 6 7 8 35 38 39 40 41 42 43 45 46 47 48 49 50 51 52 53 54 55 56 57 
3600 38 2 6 7 8 35 36 37 39 40 41 43 44 46 47 48 49 50 51 52 53 54 55 56 57 
3600 39 2 6 7 8 35 36 37 38 40 41 43 45 46 47 48 49 50 51 52 53 54 55 56 57 
3600 40 2 6 7 8 35 36 37 38 39 41 42 43 45 46 47 48 49 50 51 52 53 54 55 56 57 
3600 41 2 6 7 8 35 36 37 38 39 40 42 43 45 46 47 48 49 50 51 52 53 54 55 56 57 
3600 42 37 40 41 46 47 48 54 57 
3600 43 2 6 7 8 35 36 37 38 39 40 41 45 46 47 48 49 50 51 52 53 54 55 56 57 
3600 44 36 38 48 
3600 45 2 6 7 8 35 37 39 40 41 43 46 49 50 51 52 53 54 55 56 57 
3600 46 2 6 7 8 35 37 38 39 40 41 42 43 45 47 48 49 50 52 53 54 55 56 57 
3600 47 2 6 7 8 35 36 37 38 39 40 41 42 43 46 48 49 50 53 54 55 56 57 
3600 48 2 6 7 8 35 36 37 38 39 40 41 42 43 44 46 47 49 50 53 54 55 56 57 
3600 49 2 6 7 8 35 36 37 38 39 40 41 43 45 46 47 48 50 51 52 53 54 55 56 57 
3600 50 2 6 7 8 35 36 37 38 39 40 41 43 45 46 47 48 49 51 52 53 54 55 56 57 
3600 51 2 6 7 8 35 36 37 38 39 40 41 43 45 49 50 52 53 55 56 57 
3600 52 2 6 7 8 35 37 38 39 40 41 43 45 46 49 50 51 53 55 56 57 
3600 53 2 6 7 8 35 36 37 38 39 40 41 43 45 46 47 48 49 50 51 52 54 55 56 57 
3600 54 2 6 7 8 35 36 37 38 39 40 41 42 43 45 46 47 48 49 50 53 55 56 57 
3600 55 2 6 7 8 35 37 38 39 40 41 43 45 46 47 48 49 50 51 52 53 54 56 57 
3600 56 2 6 7 8 35 37 38 39 40 41 43 45 46 47 48 49 50 51 52 53 54 55 57 
3600 57 2 6 7 8 35 36 37 38 39 40 41 42 43 45 46 47 48 49 50 51 52 53 54 55 56 
3600 58 3 9 10 60 63 64 66 67 68 70 73 74 75 81 84 
3600 59 60 61 62 65 72 77 79 81 85 
3600 60 3 9 10 58 59 63 64 65 66 67 68 72 73 74 75 77 79 81 82 84 85 
3600 61 59 62 65 72 77 79 81 85 
3600 62 59 61 65 71 72 77 79 81 85 
3600 63 3 9 10 58 60 64 66 67 68 69 70 72 74 75 76 78 79 80 81 82 83 84 
3600 64 3 9 10 58 60 63 66 67 68 73 74 75 81 84 
3600 65 3 9 10 59 60 61 62 67 71 72 75 77 79 81 82 84 85 
3600 66 3 9 10 58 60 63 64 67 68 70 72 73 74 75 79 80 81 82 84 
3600 67 3 9 10 58 60 63 64 65 66 68 69 70 72 74 75 76 79 80 81 82 84 85 
3600 68 3 9 10 58 60 63 64 66 67 70 73 74 75 81 84 
3600 69 3 9 10 63 67 70 72 75 76 80 82 84 
3600 70 3 9 10 58 63 66 67 68 69 74 75 78 80 81 83 84 
3600 71 62 65 72 76 81 82 85 
3600 72 3 9 10 59 60 61 62 63 65 66 67 69 71 75 76 77 79 80 81 82 84 85 
3600 73 58 60 64 66 68 74 
3600 74 3 9 10 58 60 63 64 66 67 68 70 73 75 78 81 83 84 
3600 75 3 9 10 58 60 63 64 65 66 67 68 69 70 72 74 77 79 80 81 82 84 85 
3600 76 3 9 10 63 67 69 71 72 80 82 
3600 77 3 9 10 59 60 61 62 65 72 75 79 81 84 85 
3600 78 63 70 74 80 83 
3600 79 3 9 10 59 60 61 62 63 65 66 67 72 75 77 81 84 85 
3600 80 3 9 10 63 66 67 69 70 72 75 76 78 81 82 83 84 
3600 81 3 9 10 58 59 60 61 62 63 64 65 66 67 68 70 71 72 74 75 77 79 80 82 84 85 
3600 82 3 9 10 60 63 65 66 67 69 71 72 75 76 80 81 84 85 
3600 83 63 70 74 78 80 
3600 84 3 9 10 58 60 63 64 65 66 67 68 69 70 72 74 75 77 79 80 81 82 85 
3600 85 3 9 10 59 60 61 62 65 67 71 72 75 77 79 81 82 84 
3600 86 0 1 3 
3600 87 0 1 2 3 
3600 88 0 1 2 3 
3600 89 0 1 2 3 
3600 90 0 1 2 3 
3600 91 0 1 2 
3600 92 0 1 2 3 
3600 93 0 2 3 
3600 94 0 1 2 3 
3600 95 0 1 
5400 0 86 87 88 89 90 91 92 93 94 95 
5400 1 4 5 11 12 13 14 15 16 18 19 20 22 23 24 25 27 28 29 30 31 32 33 34 86 87 88 89 90 91 92 94 95 
5400 2 6 7 8 35 36 37 38 39 40 41 43 45 46 47 48 49 50 51 52 53 54 55 56 57 87 88 89 90 91 92 93 94 
5400 3 9 10 58 60 63 64 65 66 67 68 69 70 72 75 76 77 79 80 81 82 84 86 87 88 89 90 92 93 94 
5400 4 1 5 11 12 13 14 15 16 18 19 20 22 23 24 25 27 28 29 30 31 32 33 34 
5400 5 1 4 11 12 13 14 15 16 18 19 20 22 23 24 25 27 28 29 30 31 32 33 34 
5400 6 2 7 8 35 36 37 38 39 40 41 43 45 46 47 48 49 50 51 52 53 54 55 56 57 
5400 7 2 6 8 35 36 37 38 39 40 41 43 45 46 47 48 49 50 51 52 53 54 55 56 57 
5400 8 2 6 7 35 36 37 38 39 40 41 43 45 46 47 48 49 50 51 52 53 54 55 56 57 
5400 9 3 10 58 60 63 64 65 66 67 68 69 70 72 75 76 77 79 80 81 82 84 
5400 10 3 9 58 60 63 64 65 66 67 68 69 70 72 75 76 77 79 80 81 82 84 
5400 11 1 4 5 12 13 14 15 16 18 19 20 22 23 24 25 27 28 30 31 32 33 34 
5400 12 1 4 5 11 13 14 15 16 18 19 20 21 22 24 25 27 28 30 31 32 33 34 
5400 13 1 4 5 11 12 14 15 16 18 19 20 21 22 24 25 27 28 30 31 32 33 34 
5400 14 1 4 5 11 12 13 15 16 18 19 20 22 23 24 25 27 28 29 30 31 32 33 34 
5400 15 1 4 5 11 12 13 14 16 18 19 20 21 22 23 24 25 27 28 30 31 32 33 34 
5400 16 1 4 5 11 12 13 14 15 18 19 20 22 23 24 25 27 28 29 30 31 32 33 34 
5400 17 21 
5400 18 1 4 5 11 12 13 14 15 16 19 20 22 23 24 25 27 28 29 30 31 32 33 34 
5400 19 1 4 5 11 12 13 14 15 16 18 20 22 23 24 27 28 29 30 31 32 33 34 
5400 20 1 4 5 11 12 13 14 15 16 18 19 21 22 23 24 25 27 28 30 31 32 33 34 
5400 21 12 13 15 17 20 22 25 27 33 
5400 22 1 4 5 11 12 13 14 15 16 18 19 20 21 24 25 27 28 30 31 32 33 34 
5400 23 1 4 5 11 14 15 16 18 19 20 24 28 29 30 31 32 33 34 
5400 24 1 4 5 11 12 13 14 15 16 18 19 20 22 23 27 28 29 30 31 32 34 
5400 25 1 4 5 11 12 13 14 15 16 18 20 21 22 27 28 30 31 32 33 
5400 26 27 
5400 27 1 4 5 11 12 13 14 15 16 18 19 20 21 22 24 25 26 28 30 31 32 34 
5400 28 1 4 5 11 12 13 14 15 16 18 19 20 22 23 24 25 27 29 30 31 32 33 34 
5400 29 1 4 5 14 16 18 19 23 24 28 30 31 32 34 
5400 30 1 4 5 11 12 13 14 15 16 18 19 20 22 23 24 25 27 28 29 31 32 33 34 
5400 31 1 4 5 11 12 13 14 15 16 18 19 20 22 23 24 25 27 28 29 30 32 33 34 
5400 32 1 4 5 11 12 13 14 15 16 18 19 20 22 23 24 25 27 28 29 30 31 33 34 
5400 33 1 4 5 11 12 13 14 15 16 18 19 20 21 22 23 25 28 30 31 32 34 
5400 34 1 4 5 11 12 13 14 15 16 18 19 20 22 23 24 27 28 29 30 31 32 33 
5400 35 2 6 7 8 36 37 38 39 40 41 43 45 46 47 48 49 50 51 52 53 54 55 56 57 
5400 36 2 6 7 8 35 38 39 40 41 43 44 47 48 49 50 51 53 54 57 
5400 37 2 6 7 8 35 38 39 40 41 42 43 45 46 47 48 49 50 51 52 53 54 55 56 57 
5400 38 2 6 7 8 35 36 37 39 40 41 43 44 46 47 48 49 50 51 52 53 54 55 56 57 
5400 39 2 6 7 8 35 36 37 38 40 41 43 45 46 47 48 49 50 51 52 53 54 55 56 57 
5400 40 2 6 7 8 35 36 37 38 39 41 42 43 45 46 47 48 49 50 51 52 53 54 55 56 57 
5400 41 2 6 7 8 35 36 37 38 39 40 42 43 45 46 47 48 49 50 51 52 53 54 55 56 57 
5400 42 37 40 41 46 47 48 54 57 
5400 43 2 6 7 8 35 36 37 38 39 40 41 45 46 47 48 49 50 51 52 53 54 55 56 57 
5400 44 36 38 48 51 
5400 45 2 6 7 8 35 37 39 40 41 43 46 49 50 51 52 53 54 55 56 57 
5400 46 2 6 7 8 35 37 38 39 40 41 42 43 45 47 48 49 50 52 53 54 55 56 57 
5400 47 2 6 7 8 35 36 37 38 39 40 41 42 43 46 48 49 50 51 53 54 55 57 
5400 48 2 6 7 8 35 36 37 38 39 40 41 42 43 44 46 47 49 50 51 53 54 55 57 
5400 49 2 6 7 8 35 36 37 38 39 40 41 43 45 46 47 48 50 51 52 53 54 55 56 57 
5400 50 2 6 7 8 35 36 37 38 39 40 41 43 45 46 47 48 49 51 52 53 54 55 56 57 
5400 51 2 6 7 8 35 36 37 38 39 40 41 43 44 45 47 48 49 50 52 53 54 55 56 57 
5400 52 2 6 7 8 35 37 38 39 40 41 43 45 46 49 50 51 53 55 56 57 
5400 53 2 6 7 8 35 36 37 38 39 40 41 43 45 46 47 48 49 50 51 52 54 55 56 57 
5400 54 2 6 7 8 35 36 37 38 39 40 41 42 43 45 46 47 48 49 50 51 53 55 56 57 
5400 55 2 6 7 8 35 37 38 39 40 41 43 45 46 47 48 49 50 51 52 53 54 56 57 
5400 56 2 6 7 8 35 37 38 39 40 41 43 45 46 49 50 51 52 53 54 55 57 
5400 57 2 6 7 8 35 36 37 38 39 40 41 42 43 45 46 47 48 49 50 51 52 53 54 55 56 
5400 58 3 9 10 60 63 64 66 67 68 70 73 74 75 81 84 
5400 59 60 61 62 65 67 77 79 85 
5400 60 3 9 10 58 59 63 64 65 66 67 68 72 73 74 75 77 79 81 82 84 
5400 61 59 62 65 67 77 79 84 85 
5400 62 59 61 65 67 71 72 77 79 84 85 
5400 63 3 9 10 58 60 64 66 67 68 69 70 72 75 76 77 79 80 81 82 84 
5400 64 3 9 10 58 60 63 66 67 68 73 74 75 81 84 
5400 65 3 9 10 59 60 61 62 67 71 72 75 77 79 81 82 84 85 
5400 66 3 9 10 58 60 63 64 67 68 70 72 73 74 75 79 80 81 82 84 
5400 67 3 9 10 58 59 60 61 62 63 64 65 66 68 69 70 74 75 76 77 79 80 81 82 84 85 
5400 68 3 9 10 58 60 63 64 66 67 70 73 74 75 81 84 
5400 69 3 9 10 63 67 70 72 75 76 80 82 84 
5400 70 3 9 10 58 63 66 67 68 69 75 78 80 81 83 84 
5400 71 62 65 72 76 77 82 
5400 72 3 9 10 60 62 63 65 66 69 71 75 76 77 80 81 82 84 
5400 73 58 60 64 66 68 74 
5400 74 58 60 64 66 67 68 73 75 81 84 
5400 75 3 9 10 58 60 63 64 65 66 67 68 69 70 72 74 77 79 80 81 82 84 
5400 76 3 9 10 63 67 69 71 72 77 80 82 
5400 77 3 9 10 59 60 61 62 63 65 67 71 72 75 76 79 81 82 84 85 
5400 78 70 80 83 
5400 79 3 9 10 59 60 61 62 63 65 66 67 75 77 81 84 85 
5400 80 3 9 10 63 66 67 69 70 72 75 76 78 81 82 83 84 
5400 81 3 9 10 58 60 63 64 65 66 67 68 70 72 74 75 77 79 80 82 84 
5400 82 3 9 10 60 63 65 66 67 69 71 72 75 76 77 80 81 84 
5400 83 70 78 80 
5400 84 3 9 10 58 60 61 62 63 64 65 66 67 68 69 70 72 74 75 77 79 80 81 82 85 
5400 85 59 61 62 65 67 77 79 84 
5400 86 0 1 3 
5400 87 0 1 2 3 
5400 88 0 1 2 3 
5400 89 0 1 2 3 
5400 90 0 1 2 3 
5400 91 0 1 2 
5400 92 0 1 2 3 
5400 93 0 2 3 
5400 94 0 1 2 3 
5400 95 0 1 
7200 0 86 87 88 89 90 91 92 93 94 95 
7200 1 4 5 11 12 13 14 15 16 18 19 20 22 23 24 25 27 28 30 31 32 33 34 86 87 88 89 90 91 92 94 95 
7200 2 6 7 8 35 36 37 38 39 40 41 43 45 46 47 48 49 50 51 52 53 54 55 56 57 87 88 89 90 91 92 93 94 
7200 3 9 10 58 60 63 64 65 66 67 68 69 70 72 75 76 77 79 80 81 82 84 86 87 88 89 90 92 93 94 
7200 4 1 5 11 12 13 14 15 16 18 19 20 22 23 24 25 27 28 30 31 32 33 34 
7200 5 1 4 11 12 13 14 15 16 18 19 20 22 23 24 25 27 28 30 31 32 33 34 
7200 6 2 7 8 35 36 37 38 39 40 41 43 45 46 47 48 49 50 51 52 53 54 55 56 57 
7200 7 2 6 8 35 36 37 38 39 40 41 43 45 46 47 48 49 50 51 52 53 54 55 56 57 
7200 8 2 6 7 35 36 37 38 39 40 41 43 45 46 47 48 49 50 51 52 53 54 55 56 57 
7200 9 3 10 58 60 63 64 65 66 67 68 69 70 72 75 76 77 79 80 81 82 84 
7200 10 3 9 58 60 63 64 65 66 67 68 69 70 72 75 76 77 79 80 81 82 84 
7200 11 1 4 5 12 13 14 15 16 18 19 20 22 23 24 25 27 28 30 31 32 33 34 
7200 12 1 4 5 11 13 14 15 16 18 19 20 21 22 24 25 27 28 30 31 32 33 34 
7200 13 1 4 5 11 12 14 15 18 19 20 21 22 24 25 26 27 28 30 31 32 33 34 
7200 14 1 4 5 11 12 13 15 16 18 19 20 22 23 24 25 27 28 30 31 32 33 34 
7200 15 1 4 5 11 12 13 14 16 18 19 20 21 22 23 24 25 27 28 30 31 32 33 34 
7200 16 1 4 5 11 12 14 15 18 19 20 22 23 24 25 27 28 29 30 31 32 33 34 
7200 17 21 
7200 18 1 4 5 11 12 13 14 15 16 19 20 22 23 24 25 27 28 30 31 32 33 34 
7200 19 1 4 5 11 12 13 14 15 16 18 20 22 23 24 27 28 30 31 32 33 34 
7200 20 1 4 5 11 12 13 14 15 16 18 19 21 22 23 24 25 27 28 30 31 32 33 34 
7200 21 12 13 15 17 20 22 25 27 33 
7200 22 1 4 5 11 12 13 14 15 16 18 19 20 21 24 25 27 28 30 31 32 33 34 
7200 23 1 4 5 11 14 15 16 18 19 20 24 28 29 30 31 32 33 34 
7200 24 1 4 5 11 12 13 14 15 16 18 19 20 22 23 27 28 30 31 32 34 
7200 25 1 4 5 11 12 13 14 15 16 18 20 21 22 27 28 30 31 32 33 
7200 26 13 27 
7200 27 1 4 5 11 12 13 14 15 16 18 19 20 21 22 24 25 26 28 30 31 32 34 
7200 28 1 4 5 11 12 13 14 15 16 18 19 20 22 23 24 25 27 30 31 32 33 34 
7200 29 16 23 34 
7200 30 1 4 5 11 12 13 14 15 16 18 19 20 22 23 24 25 27 28 31 32 33 34 
7200 31 1 4 5 11 12 13 14 15 16 18 19 20 22 23 24 25 27 28 30 32 33 34 
7200 32 1 4 5 11 12 13 14 15 16 18 19 20 22 23 24 25 27 28 30 31 33 34 
7200 33 1 4 5 11 12 13 14 15 16 18 19 20 21 22 23 25 28 30 31 32 34 
7200 34 1 4 5 11 12 13 14 15 16 18 19 20 22 23 24 27 28 29 30 31 32 33 
7200 35 2 6 7 8 36 37 38 39 40 41 43 45 46 47 48 49 50 51 52 53 54 55 56 57 
7200 36 2 6 7 8 35 37 38 39 40 41 42 43 44 45 46 47 48 49 50 51 53 54 55 56 57 
7200 37 2 6 7 8 35 36 38 39 40 41 42 43 45 46 47 48 49 50 51 52 53 54 55 56 57 
7200 38 2 6 7 8 35 36 37 39 40 41 43 44 46 47 48 49 50 51 52 53 54 55 56 57 
7200 39 2 6 7 8 35 36 37 38 40 41 43 45 46 47 48 49 50 51 52 53 54 55 56 57 
7200 40 2 6 7 8 35 36 37 38 39 41 42 43 45 46 47 48 49 50 51 52 53 54 55 56 57 
7200 41 2 6 7 8 35 36 37 38 39 40 42 43 45 46 47 48 49 50 51 52 53 54 55 56 57 
7200 42 36 37 40 41 46 47 48 54 57 
7200 43 2 6 7 8 35 36 37 38 39 40 41 45 46 47 48 49 50 51 52 53 54 55 56 57 
7200 44 36 38 48 50 
7200 45 2 6 7 8 35 36 37 39 40 41 43 46 49 50 51 52 53 54 55 56 57 
7200 46 2 6 7 8 35 36 37 38 39 40 41 42 43 45 47 48 49 50 52 53 54 55 56 57 
7200 47 2 6 7 8 35 36 37 38 39 40 41 42 43 46 48 49 50 53 54 55 57 
7200 48 2 6 7 8 35 36 37 38 39 40 41 42 43 44 46 47 49 50 53 54 55 57 
7200 49 2 6 7 8 35 36 37 38 39 40 41 43 45 46 47 48 50 51 52 53 54 55 56 57 
7200 50 2 6 7 8 35 36 37 38 39 40 41 43 44 45 46 47 48 49 51 52 53 54 55 56 57 
7200 51 2 6 7 8 35 36 37 38 39 40 41 43 45 49 50 52 53 55 56 57 
7200 52 2 6 7 8 35 37 38 39 40 41 43 45 46 49 50 51 53 55 56 57 
7200 53 2 6 7 8 35 36 37 38 39 40 41 43 45 46 47 48 49 50 51 52 54 55 56 57 
7200 54 2 6 7 8 35 36 37 38 39 40 41 42 43 45 46 47 48 49 50 53 55 56 57 
7200 55 2 6 7 8 35 36 37 38 39 40 41 43 45 46 47 48 49 50 51 52 53 54 56 57 
7200 56 2 6 7 8 35 36 37 38 39 40 41 43 45 46 49 50 51 52 53 54 55 57 
7200 57 2 6 7 8 35 36 37 38 39 40 41 42 43 45 46 47 48 49 50 51 52 53 54 55 56 
7200 58 3 9 10 60 63 64 66 67 68 70 73 74 75 81 84 
7200 59 60 61 62 65 77 79 85 
7200 60 3 9 10 58 59 61 62 63 64 65 66 67 68 72 73 74 75 77 79 81 82 84 85 
7200 61 59 60 62 65 77 79 85 
7200 62 59 60 61 65 71 72 77 79 85 
7200 63 3 9 10 58 60 64 66 67 68 69 70 72 75 76 79 80 81 82 84 
7200 64 3 9 10 58 60 63 65 66 67 68 73 74 75 81 84 
7200 65 3 9 10 59 60 61 62 64 67 71 72 74 75 79 81 82 84 85 
7200 66 3 9 10 58 60 63 64 67 68 70 72 73 74 75 79 80 81 82 84 
7200 67 3 9 10 58 60 63 64 65 66 68 69 70 72 75 76 79 80 81 82 84 
7200 68 3 9 10 58 60 63 64 66 67 70 73 74 75 81 84 
7200 69 3 9 10 63 67 70 72 75 76 80 82 84 
7200 70 3 9 10 58 63 66 67 68 69 75 78 80 81 83 84 
7200 71 62 65 72 76 82 
7200 72 3 9 10 60 62 63 65 66 67 69 71 75 76 80 81 82 84 
7200 73 58 60 64 66 68 74 
7200 74 58 60 64 65 66 68 73 75 81 84 
7200 75 3 9 10 58 60 63 64 65 66 67 68 69 70 72 74 77 79 80 81 82 84 
7200 76 3 9 10 63 67 69 71 72 80 82 
7200 77 3 9 10 59 60 61 62 75 79 81 84 85 
7200 78 70 80 83 
7200 79 3 9 10 59 60 61 62 63 65 66 67 75 77 81 84 85 
7200 80 3 9 10 63 66 67 69 70 72 75 76 78 81 82 83 84 
7200 81 3 9 10 58 60 63 64 65 66 67 68 70 72 74 75 77 79 80 82 84 
7200 82 3 9 10 60 63 65 66 67 69 71 72 75 76 80 81 84 
7200 83 70 78 80 
7200 84 3 9 10 58 60 63 64 65 66 67 68 69 70 72 74 75 77 79 80 81 82 
7200 85 59 60 61 62 65 77 79 
7200 86 0 1 3 
7200 87 0 1 2 3 
7200 88 0 1 2 3 
7200 89 0 1 2 3 
7200 90 0 1 2 3 
7200 91 0 1 2 
7200 92 0 1 2 3 
7200 93 0 2 3 
7200 94 0 1 2 3 
7200 95 0 1 
9000 0 86 87 88 89 90 91 92 93 94 95 
9000 1 4 5 11 12 13 14 15 16 18 19 20 22 23 24 25 27 28 30 31 32 33 34 86 87 88 89 90 91 92 94 95 
9000 2 6 7 8 35 36 37 38 39 40 41 43 45 46 47 48 49 50 51 52 53 54 55 56 57 87 88 89 90 91 92 93 94 
9000 3 9 10 58 60 63 64 65 66 67 68 69 70 72 75 76 77 79 80 81 82 84 86 87 88 89 90 92 93 94 
9000 4 1 5 11 12 13 14 15 16 18 19 20 22 23 24 25 27 28 30 31 32 33 34 
9000 5 1 4 11 12 13 14 15 16 18 19 20 22 23 24 25 27 28 30 31 32 33 34 
9000 6 2 7 8 35 36 37 38 39 40 41 43 45 46 47 48 49 50 51 52 53 54 55 56 57 
9000 7 2 6 8 35 36 37 38 39 40 41 43 45 46 47 48 49 50 51 52 53 54 55 56 57 
9000 8 2 6 7 35 36 37 38 39 40 41 43 45 46 47 48 49 50 51 52 53 54 55 56 57 
9000 9 3 10 58 60 63 64 65 66 67 68 69 70 72 75 76 77 79 80 81 82 84 
9000 10 3 9 58 60 63 64 65 66 67 68 69 70 72 75 76 77 79 80 81 82 84 
9000 11 1 4 5 12 13 14 15 16 18 19 20 22 23 24 25 27 28 30 31 32 33 34 
9000 12 1 4 5 11 13 14 15 16 18 19 20 21 22 24 25 27 28 30 31 32 33 34 
9000 13 1 4 5 11 12 14 15 16 18 19 20 21 22 24 25 27 28 30 31 32 33 34 
9000 14 1 4 5 11 12 13 15 16 18 19 20 22 23 24 25 27 28 30 31 32 33 34 
9000 15 1 4 5 11 12 13 14 16 18 19 20 21 22 23 24 25 27 28 30 31 32 33 34 
9000 16 1 4 5 11 12 13 14 15 18 19 20 22 23 24 25 27 28 30 31 32 33 34 
9000 17 21 
9000 18 1 4 5 11 12 13 14 15 16 19 20 22 23 24 25 27 28 30 31 32 33 34 
9000 19 1 4 5 11 12 13 14 15 16 18 20 22 23 24 27 28 30 31 32 33 34 
9000 20 1 4 5 11 12 13 14 15 16 18 19 21 22 23 24 25 27 28 30 31 32 33 34 
9000 21 12 13 15 17 20 22 25 27 33 
9000 22 1 4 5 11 12 13 14 15 16 18 19 20 21 24 25 26 27 28 30 31 32 33 34 
9000 23 1 4 5 11 14 15 16 18 19 20 24 28 29 30 31 32 33 34 
9000 24 1 4 5 11 12 13 14 15 16 18 19 20 22 23 27 28 30 31 32 34 
9000 25 1 4 5 11 12 13 14 15 16 18 20 21 22 27 28 30 31 32 33 
9000 26 22 27 
9000 27 1 4 5 11 12 13 14 15 16 18 19 20 21 22 24 25 26 28 30 31 32 34 
9000 28 1 4 5 11 12 13 14 15 16 18 19 20 22 23 24 25 27 30 31 32 33 34 
9000 29 23 34 
9000 30 1 4 5 11 12 13 14 15 16 18 19 20 22 23 24 25 27 28 31 32 33 34 
9000 31 1 4 5 11 12 13 14 15 16 18 19 20 22 23 24 25 27 28 30 32 33 34 
9000 32 1 4 5 11 12 13 14 15 16 18 19 20 22 23 24 25 27 28 30 31 33 34 
9000 33 1 4 5 11 12 13 14 15 16 18 19 20 21 22 23 25 28 30 31 32 34 
9000 34 1 4 5 11 12 13 14 15 16 18 19 20 22 23 24 27 28 29 30 31 32 33 
9000 35 2 6 7 8 36 37 38 39 40 41 43 45 46 47 48 49 50 51 52 53 54 55 56 57 
9000 36 2 6 7 8 35 38 39 40 41 43 44 46 47 48 49 50 51 53 54 57 
9000 37 2 6 7 8 35 38 39 40 41 42 43 45 46 47 48 49 50 51 52 53 54 55 56 57 
9000 38 2 6 7 8 35 36 37 39 40 41 43 44 46 47 48 49 50 51 52 53 54 55 56 57 
9000 39 2 6 7 8 35 36 37 38 40 41 43 45 46 47 48 49 50 51 52 53 54 55 56 57 
9000 40 2 6 7 8 35 36 37 38 39 41 42 43 45 46 47 48 49 50 51 52 53 54 55 56 57 
9000 41 2 6 7 8 35 36 37 38 39 40 42 43 45 46 47 48 49 50 51 52 53 54 55 56 57 
9000 42 37 40 41 46 47 48 50 54 57 
9000 43 2 6 7 8 35 36 37 38 39 40 41 45 46 47 48 49 50 51 52 53 54 55 56 57 
9000 44 36 38 46 48 
9000 45 2 6 7 8 35 37 39 40 41 43 49 50 51 52 53 54 55 56 57 
9000 46 2 6 7 8 35 36 37 38 39 40 41 42 43 44 47 48 49 50 53 54 55 57 
9000 47 2 6 7 8 35 36 37 38 39 40 41 42 43 46 48 49 50 53 54 55 57 
9000 48 2 6 7 8 35 36 37 38 39 40 41 42 43 44 46 47 49 50 53 54 55 57 
9000 49 2 6 7 8 35 36 37 38 39 40 41 43 45 46 47 48 50 51 52 53 54 55 56 57 
9000 50 2 6 7 8 35 36 37 38 39 40 41 42 43 45 46 47 48 49 51 52 53 54 55 56 57 
9000 51 2 6 7 8 35 36 37 38 39 40 41 43 45 49 50 52 53 55 56 57 
9000 52 2 6 7 8 35 37 38 39 40 41 43 45 49 50 51 53 55 56 57 
9000 53 2 6 7 8 35 36 37 38 39 40 41 43 45 46 47 48 49 50 51 52 54 55 56 57 
9000 54 2 6 7 8 35 36 37 38 39 40 41 42 43 45 46 47 48 49 50 53 55 56 57 
9000 55 2 6 7 8 35 37 38 39 40 41 43 45 46 47 48 49 50 51 52 53 54 56 57 
9000 56 2 6 7 8 35 37 38 39 40 41 43 45 49 50 51 52 53 54 55 57 
9000 57 2 6 7 8 35 36 37 38 39 40 41 42 43 45 46 47 48 49 50 51 52 53 54 55 56 
9000 58 3 9 10 60 63 64 66 67 68 70 73 74 75 81 84 
9000 59 60 61 62 65 77 79 85 
9000 60 3 9 10 58 59 63 64 65 66 67 68 72 73 74 75 77 79 81 82 84 
9000 61 59 62 65 77 79 85 
9000 62 59 61 65 71 72 77 79 85 
9000 63 3 9 10 58 60 64 66 67 68 69 70 72 75 76 79 80 81 82 84 
9000 64 3 9 10 58 60 63 66 67 68 73 74 75 81 84 
9000 65 3 9 10 59 60 61 62 67 71 72 75 77 79 81 82 84 85 
9000 66 3 9 10 58 60 63 64 67 68 70 72 73 74 75 79 80 81 82 84 
9000 67 3 9 10 58 60 63 64 65 66 68 69 70 72 75 76 79 80 81 82 84 
9000 68 3 9 10 58 60 63 64 66 67 70 73 74 75 81 84 
9000 69 3 9 10 63 67 70 72 75 76 80 82 84 
9000 70 3 9 10 58 63 66 67 68 69 75 78 80 81 83 84 
9000 71 62 65 72 76 82 
9000 72 3 9 10 60 62 63 65 66 67 69 71 75 76 80 81 82 84 
9000 73 58 60 64 66 68 74 75 81 
9000 74 58 60 64 66 68 73 75 81 84 
9000 75 3 9 10 58 60 63 64 65 66 67 68 69 70 72 73 74 77 79 80 81 82 84 
9000 76 3 9 10 63 67 69 71 72 80 82 
9000 77 3 9 10 59 60 61 62 65 75 79 81 84 85 
9000 78 70 80 83 
9000 79 3 9 10 59 60 61 62 63 65 66 67 75 77 81 84 85 
9000 80 3 9 10 63 66 67 69 70 72 75 76 78 81 82 83 84 
9000 81 3 9 10 58 60 63 64 65 66 67 68 70 72 73 74 75 77 79 80 82 84 
9000 82 3 9 10 60 63 65 66 67 69 71 72 75 76 80 81 84 
9000 83 70 78 80 
9000 84 3 9 10 58 60 63 64 65 66 67 68 69 70 72 74 75 77 79 80 81 82 
9000 85 59 61 62 65 77 79 
9000 86 0 1 3 
9000 87 0 1 2 3 
9000 88 0 1 2 3 
9000 89 0 1 2 3 
9000 90 0 1 2 3 
9000 91 0 1 2 
9000 92 0 1 2 3 
9000 93 0 2 3 
9000 94 0 1 2 3 
9000 95 0 1 
10800 0 86 87 88 89 90 91 92 93 94 95 
10800 1 4 5 11 12 13 14 15 16 18 19 20 22 23 24 25 27 28 30 31 32 33 34 86 87 88 89 90 91 92 94 95 
10800 2 6 7 8 35 36 37 38 39 40 41 43 45 46 47 48 49 50 51 52 53 54 55 56 57 87 88 89 90 91 92 93 94 
10800 3 9 10 58 60 63 64 65 66 67 68 69 70 72 75 76 77 78 79 80 81 82 84 86 87 88 89 90 92 93 94 
10800 4 1 5 11 12 13 14 15 16 18 19 20 22 23 24 25 27 28 30 31 32 33 34 
10800 5 1 4 11 12 13 14 15 16 18 19 20 22 23 24 25 27 28 30 31 32 33 34 
10800 6 2 7 8 35 36 37 38 39 40 41 43 45 46 47 48 49 50 51 52 53 54 55 56 57 
10800 7 2 6 8 35 36 37 38 39 40 41 43 45 46 47 48 49 50 51 52 53 54 55 56 57 
10800 8 2 6 7 35 36 37 38 39 40 41 43 45 46 47 48 49 50 51 52 53 54 55 56 57 
10800 9 3 10 58 60 63 64 65 66 67 68 69 70 72 75 76 77 78 79 80 81 82 84 
10800 10 3 9 58 60 63 64 65 66 67 68 69 70 72 75 76 77 78 79 80 81 82 84 
10800 11 1 4 5 12 13 14 15 16 18 19 20 22 23 24 25 27 28 30 31 32 33 34 
10800 12 1 4 5 11 13 14 15 16 18 19 20 21 22 24 25 27 28 30 31 32 33 34 
10800 13 1 4 5 11 12 14 15 16 18 19 20 21 22 24 25 27 28 30 31 32 33 34 
10800 14 1 4 5 11 12 13 15 16 18 19 20 22 23 24 25 27 28 30 31 32 33 34 
10800 15 1 4 5 11 12 13 14 16 18 19 20 21 22 23 24 25 26 27 28 30 31 32 33 34 
10800 16 1 4 5 11 12 13 14 15 18 19 20 22 23 24 25 27 28 30 31 32 33 34 
10800 17 21 
10800 18 1 4 5 11 12 13 14 15 16 19 20 22 23 24 25 27 28 30 31 32 33 34 
10800 19 1 4 5 11 12 13 14 15 16 18 20 22 23 24 27 28 30 31 32 33 34 
10800 20 1 4 5 11 12 13 14 15 16 18 19 21 22 23 24 25 27 28 30 31 32 33 34 
10800 21 12 13 15 17 20 22 25 26 27 33 
10800 22 1 4 5 11 12 13 14 15 16 18 19 20 21 24 25 27 28 30 31 32 33 34 
10800 23 1 4 5 11 14 15 16 18 19 20 24 28 29 30 31 32 33 34 
10800 24 1 4 5 11 12 13 14 15 16 18 19 20 22 23 27 28 30 31 32 34 
10800 25 1 4 5 11 12 13 14 15 16 18 20 21 22 27 28 30 31 32 33 
10800 26 15 21 27 
10800 27 1 4 5 11 12 13 14 15 16 18 19 20 21 22 24 25 26 28 30 31 32 34 
10800 28 1 4 5 11 12 13 14 15 16 18 19 20 22 23 24 25 27 30 31 32 33 34 
10800 29 23 30 34 
10800 30 1 4 5 11 12 13 14 15 16 18 19 20 22 23 24 25 27 28 29 31 32 33 34 
10800 31 1 4 5 11 12 13 14 15 16 18 19 20 22 23 24 25 27 28 30 32 33 34 
10800 32 1 4 5 11 12 13 14 15 16 18 19 20 22 23 24 25 27 28 30 31 33 34 
10800 33 1 4 5 11 12 13 14 15 16 18 19 20 21 22 23 25 28 30 31 32 34 
10800 34 1 4 5 11 12 13 14 15 16 18 19 20 22 23 24 27 28 29 30 31 32 33 
10800 35 2 6 7 8 36 37 38 39 40 41 43 45 46 47 48 49 50 51 52 53 54 55 56 57 
10800 36 2 6 7 8 35 38 39 40 41 43 44 47 48 49 50 51 53 54 57 
10800 37 2 6 7 8 35 38 39 40 41 42 43 45 46 47 48 49 50 51 52 53 54 55 56 57 
10800 38 2 6 7 8 35 36 37 39 40 41 43 44 46 47 48 49 50 51 52 53 54 55 56 57 
10800 39 2 6 7 8 35 36 37 38 40 41 43 45 46 47 48 49 50 51 52 53 54 55 56 57 
10800 40 2 6 7 8 35 36 37 38 39 41 42 43 45 46 47 48 49 50 51 52 53 54 55 56 57 
10800 41 2 6 7 8 35 36 37 38 39 40 42 43 45 46 47 48 49 50 51 52 53 54 55 56 57 
10800 42 37 40 41 46 47 48 54 57 
10800 43 2 6 7 8 35 36 37 38 39 40 41 45 46 47 48 49 50 51 52 53 54 55 56 57 
10800 44 36 38 48 
10800 45 2 6 7 8 35 37 39 40 41 43 46 49 50 51 52 53 54 55 56 57 
10800 46 2 6 7 8 35 37 38 39 40 41 42 43 45 47 48 49 50 52 53 54 55 56 57 
10800 47 2 6 7 8 35 36 37 38 39 40 41 42 43 46 48 49 50 53 54 55 57 
10800 48 2 6 7 8 35 36 37 38 39 40 41 42 43 44 46 47 49 50 53 54 55 57 
10800 49 2 6 7 8 35 36 37 38 39 40 41 43 45 46 47 48 50 51 52 53 54 55 56 57 
10800 50 2 6 7 8 35 36 37 38 39 40 41 43 45 46 47 48 49 51 52 53 54 55 56 57 
10800 51 2 6 7 8 35 36 37 38 39 40 41 43 45 49 50 52 53 55 56 57 
10800 52 2 6 7 8 35 37 38 39 40 41 43 45 46 49 50 51 53 55 56 57 
10800 53 2 6 7 8 35 36 37 38 39 40 41 43 45 46 47 48 49 50 51 52 54 55 56 57 
10800 54 2 6 7 8 35 36 37 38 39 40 41 42 43 45 46 47 48 49 50 53 55 56 57 
10800 55 2 6 7 8 35 37 38 39 40 41 43 45 46 47 48 49 50 51 52 53 54 56 57 
10800 56 2 6 7 8 35 37 38 39 40 41 43 45 46 49 50 51 52 53 54 55 57 
10800 57 2 6 7 8 35 36 37 38 39 40 41 42 43 45 46 47 48 49 50 51 52 53 54 55 56 
10800 58 3 9 10 60 63 64 66 67 68 70 73 74 75 78 81 84 
10800 59 60 61 62 65 68 77 79 85 
10800 60 3 9 10 58 59 63 64 65 66 67 68 72 73 74 75 77 78 79 81 82 84 
10800 61 59 62 65 68 77 79 85 
10800 62 59 61 65 68 71 72 77 79 85 
10800 63 3 9 10 58 60 64 65 66 67 68 69 70 72 75 76 77 78 79 80 81 82 84 
10800 64 3 9 10 58 60 63 66 67 68 73 74 75 78 81 84 
10800 65 3 9 10 59 60 61 62 63 67 68 71 72 75 77 79 81 82 84 85 
10800 66 3 9 10 58 60 63 64 67 68 70 72 73 74 75 78 79 80 81 82 84 
10800 67 3 9 10 58 60 63 64 65 66 68 69 70 72 75 76 78 79 80 81 82 84 
10800 68 3 9 10 58 59 60 61 62 63 64 65 66 67 70 71 73 74 75 77 78 79 81 84 85 
10800 69 3 9 10 63 67 70 72 75 76 78 80 82 84 
10800 70 3 9 10 58 63 66 67 68 69 75 78 80 81 83 84 
10800 71 62 65 68 72 76 82 
10800 72 3 9 10 60 62 63 65 66 67 69 71 75 76 78 80 81 82 84 
10800 73 58 60 64 66 68 74 
10800 74 58 60 64 66 68 73 75 81 84 
10800 75 3 9 10 58 60 63 64 65 66 67 68 69 70 72 74 77 78 79 80 81 82 84 
10800 76 3 9 10 63 67 69 71 72 80 82 
10800 77 3 9 10 59 60 61 62 63 65 68 75 79 81 84 85 
10800 78 3 9 10 58 60 63 64 66 67 68 69 70 72 75 80 81 82 83 84 
10800 79 3 9 10 59 60 61 62 63 65 66 67 68 75 77 81 84 85 
10800 80 3 9 10 63 66 67 69 70 72 75 76 78 81 82 83 84 
10800 81 3 9 10 58 60 63 64 65 66 67 68 70 72 74 75 77 78 79 80 82 84 
10800 82 3 9 10 60 63 65 66 67 69 71 72 75 76 78 80 81 84 
10800 83 70 78 80 
10800 84 3 9 10 58 60 63 64 65 66 67 68 69 70 72 74 75 77 78 79 80 81 82 
10800 85 59 61 62 65 68 77 79 
10800 86 0 1 3 
10800 87 0 1 2 3 
10800 88 0 1 2 3 
10800 89 0 1 2 3 
10800 90 0 1 2 3 
10800 91 0 1 2 
10800 92 0 1 2 3 
10800 93 0 2 3 
10800 94 0 1 2 3 
10800 95 0 1 
12600 0 86 87 88 89 90 91 92 93 94 95 
12600 1 4 5 11 12 13 14 15 16 18 19 20 22 23 24 25 27 28 30 31 32 33 34 86 87 88 89 90 91 92 94 95 
12600 2 6 7 8 35 36 37 38 39 40 41 42 43 45 46 47 48 49 50 51 52 53 54 55 56 57 87 88 89 90 91 92 93 94 
12600 3 9 10 58 60 63 64 65 66 67 68 69 70 71 72 75 76 77 79 80 81 82 84 86 87 88 89 90 92 93 94 
12600 4 1 5 11 12 13 14 15 16 18 19 20 22 23 24 25 27 28 30 31 32 33 34 
12600 5 1 4 11 12 13 14 15 16 18 19 20 22 23 24 25 27 28 30 31 32 33 34 
12600 6 2 7 8 35 36 37 38 39 40 41 42 43 45 46 47 48 49 50 51 52 53 54 55 56 57 
12600 7 2 6 8 35 36 37 38 39 40 41 42 43 45 46 47 48 49 50 51 52 53 54 55 56 57 
12600 8 2 6 7 35 36 37 38 39 40 41 42 43 45 46 47 48 49 50 51 52 53 54 55 56 57 
12600 9 3 10 58 60 63 64 65 66 67 68 69 70 71 72 75 76 77 79 80 81 82 84 
12600 10 3 9 58 60 63 64 65 66 67 68 69 70 71 72 75 76 77 79 80 81 82 84 
12600 11 1 4 5 12 13 14 15 16 18 19 20 22 23 24 25 27 28 30 31 32 33 34 
12600 12 1 4 5 11 13 14 15 16 18 19 20 21 22 24 25 27 28 30 31 32 33 34 
12600 13 1 4 5 11 12 14 15 16 18 19 20 21 22 24 25 27 28 30 31 32 33 34 
12600 14 1 4 5 11 12 13 15 16 18 19 20 22 23 24 25 27 28 30 31 32 33 34 
12600 15 1 4 5 11 12 13 14 16 18 19 20 21 22 23 24 25 27 28 30 31 32 33 34 
12600 16 1 4 5 11 12 13 14 15 18 19 20 22 23 24 25 27 28 30 31 32 33 34 
12600 17 21 
12600 18 1 4 5 11 12 13 14 15 16 19 20 22 23 24 25 27 28 30 31 32 33 34 
12600 19 1 4 5 11 12 13 14 15 16 18 20 22 23 24 27 28 30 31 32 33 34 
12600 20 1 4 5 11 12 13 14 15 16 18 19 21 22 23 24 25 27 28 30 31 32 33 34 
12600 21 12 13 15 17 20 22 25 27 33 
12600 22 1 4 5 11 12 13 14 15 16 18 19 20 21 23 24 25 27 28 30 31 32 33 34 
12600 23 1 4 5 11 14 15 16 18 19 20 22 24 28 29 30 31 32 33 34 
12600 24 1 4 5 11 12 13 14 15 16 18 19 20 22 23 27 28 29 30 31 32 34 
12600 25 1 4 5 11 12 13 14 15 16 18 20 21 22 27 28 30 31 32 33 
12600 26 27 
12600 27 1 4 5 11 12 13 14 15 16 18 19 20 21 22 24 25 26 28 30 31 32 34 
12600 28 1 4 5 11 12 13 14 15 16 18 19 20 22 23 24 25 27 29 30 31 32 33 34 
12600 29 23 24 28 34 
12600 30 1 4 5 11 12 13 14 15 16 18 19 20 22 23 24 25 27 28 31 32 33 34 
12600 31 1 4 5 11 12 13 14 15 16 18 19 20 22 23 24 25 27 28 30 32 33 34 
12600 32 1 4 5 11 12 13 14 15 16 18 19 20 22 23 24 25 27 28 30 31 33 34 
12600 33 1 4 5 11 12 13 14 15 16 18 19 20 21 22 23 25 28 30 31 32 34 
12600 34 1 4 5 11 12 13 14 15 16 18 19 20 22 23 24 27 28 29 30 31 32 33 
12600 35 2 6 7 8 36 38 39 40 41 43 45 46 47 48 49 50 51 52 53 54 55 56 57 
12600 36 2 6 7 8 35 38 39 40 41 43 44 47 48 49 50 51 53 54 57 
12600 37 2 6 7 8 38 39 40 41 42 43 45 46 47 48 49 50 51 52 53 54 55 56 57 
12600 38 2 6 7 8 35 36 37 39 40 41 42 43 44 46 47 48 49 50 51 52 53 54 55 56 57 
12600 39 2 6 7 8 35 36 37 38 40 41 43 45 46 47 48 49 50 51 52 53 54 55 56 57 
12600 40 2 6 7 8 35 36 37 38 39 41 42 43 45 46 47 48 49 50 51 52 53 54 55 56 57 
12600 41 2 6 7 8 35 36 37 38 39 40 42 43 45 46 47 48 49 50 51 52 53 54 55 56 57 
12600 42 2 6 7 8 37 38 40 41 43 45 46 47 48 49 50 53 54 55 56 57 
12600 43 2 6 7 8 35 36 37 38 39 40 41 42 45 46 47 48 49 50 51 52 53 54 55 56 57 
12600 44 36 38 48 
12600 45 2 6 7 8 35 37 39 40 41 42 43 46 49 50 51 52 53 54 55 56 57 
12600 46 2 6 7 8 35 37 38 39 40 41 42 43 45 47 48 49 50 52 53 54 55 56 57 
12600 47 2 6 7 8 35 36 37 38 39 40 41 42 43 46 48 49 50 53 54 55 57 
12600 48 2 6 7 8 35 36 37 38 39 40 41 42 43 44 46 47 49 50 53 54 55 57 
12600 49 2 6 7 8 35 36 37 38 39 40 41 42 43 45 46 47 48 50 51 52 53 54 55 56 57 
12600 50 2 6 7 8 35 36 37 38 39 40 41 42 43 45 46 47 48 49 51 52 53 54 55 56 57 
12600 51 2 6 7 8 35 36 37 38 39 40 41 43 45 49 50 52 53 55 56 57 
12600 52 2 6 7 8 35 37 38 39 40 41 43 45 46 49 50 51 53 55 56 57 
12600 53 2 6 7 8 35 36 37 38 39 40 41 42 43 45 46 47 48 49 50 51 52 54 55 56 57 
12600 54 2 6 7 8 35 36 37 38 39 40 41 42 43 45 46 47 48 49 50 53 55 56 57 
12600 55 2 6 7 8 35 37 38 39 40 41 42 43 45 46 47 48 49 50 51 52 53 54 56 57 
12600 56 2 6 7 8 35 37 38 39 40 41 42 43 45 46 49 50 51 52 53 54 55 57 
12600 57 2 6 7 8 35 36 37 38 39 40 41 42 43 45 46 47 48 49 50 51 52 53 54 55 56 
12600 58 3 9 10 60 63 64 66 67 68 70 71 73 74 75 81 84 
12600 59 60 61 62 65 71 75 77 79 85 
12600 60 3 9 10 58 59 63 64 65 66 67 68 71 72 73 74 75 77 79 81 82 84 
12600 61 59 62 65 77 79 85 
12600 62 59 61 65 71 72 75 77 79 85 
12600 63 3 9 10 58 60 64 66 67 68 69 70 71 72 75 76 79 80 81 82 84 
12600 64 3 9 10 58 60 63 66 67 68 71 73 74 75 81 84 
12600 65 3 9 10 59 60 61 62 67 71 72 75 77 79 81 82 84 85 
12600 66 3 9 10 58 60 63 64 67 68 70 71 72 73 74 75 79 80 81 82 84 
12600 67 3 9 10 58 60 63 64 65 66 68 69 70 71 72 75 76 79 80 81 82 84 
12600 68 3 9 10 58 60 63 64 66 67 70 71 73 74 75 81 84 
12600 69 3 9 10 63 67 70 72 75 76 80 82 84 
12600 70 3 9 10 58 63 66 67 68 69 75 78 80 81 83 84 
12600 71 3 9 10 58 59 60 62 63 64 65 66 67 68 72 74 75 76 77 79 81 82 84 
12600 72 3 9 10 60 62 63 65 66 67 69 71 75 76 80 81 82 84 
12600 73 58 60 64 66 68 74 
12600 74 58 60 64 66 68 71 73 75 81 84 
12600 75 3 9 10 58 59 60 62 63 64 65 66 67 68 69 70 71 72 74 77 79 80 81 82 84 
12600 76 3 9 10 63 67 69 71 72 80 82 
12600 77 3 9 10 59 60 61 62 65 71 75 79 81 84 85 
12600 78 70 80 83 
12600 79 3 9 10 59 60 61 62 63 65 66 67 71 75 77 81 84 85 
12600 80 3 9 10 63 66 67 69 70 72 75 76 78 81 82 83 84 
12600 81 3 9 10 58 60 63 64 65 66 67 68 70 71 72 74 75 77 79 80 82 84 
12600 82 3 9 10 60 63 65 66 67 69 71 72 75 76 80 81 84 
12600 83 70 78 80 
12600 84 3 9 10 58 60 63 64 65 66 67 68 69 70 71 72 74 75 77 79 80 81 82 
12600 85 59 61 62 65 77 79 
12600 86 0 1 3 
12600 87 0 1 2 3 
12600 88 0 1 2 3 
12600 89 0 1 2 3 
12600 90 0 1 2 3 
12600 91 0 1 2 
12600 92 0 1 2 3 
12600 93 0 2 3 
12600 94 0 1 2 3 
12600 95 0 1 
14400 0 86 87 88 89 90 91 92 93 94 95 
14400 1 4 5 11 12 13 14 15 16 18 19 20 22 23 24 25 27 28 30 31 32 33 34 86 87 88 89 90 91 92 94 95 
14400 2 6 7 8 35 36 37 38 39 40 41 43 45 46 47 48 49 50 51 52 53 54 55 56 57 87 88 89 90 91 92 93 94 
14400 3 9 10 58 60 63 64 65 66 67 68 69 70 72 75 76 77 79 80 81 82 84 86 87 88 89 90 92 93 94 
14400 4 1 5 11 12 13 14 15 16 18 19 20 22 23 24 25 27 28 30 31 32 33 34 
14400 5 1 4 11 12 13 14 15 16 18 19 20 22 23 24 25 27 28 30 31 32 33 34 
14400 6 2 7 8 35 36 37 38 39 40 41 43 45 46 47 48 49 50 51 52 53 54 55 56 57 
14400 7 2 6 8 35 36 37 38 39 40 41 43 45 46 47 48 49 50 51 52 53 54 55 56 57 
14400 8 2 6 7 35 36 37 38 39 40 41 43 45 46 47 48 49 50 51 52 53 54 55 56 57 
14400 9 3 10 58 60 63 64 65 66 67 68 69 70 72 75 76 77 79 80 81 82 84 
14400 10 3 9 58 60 63 64 65 66 67 68 69 70 72 75 76 77 79 80 81 82 84 
14400 11 1 4 5 12 13 14 15 16 18 19 20 22 23 24 25 27 28 29 30 31 32 33 34 
14400 12 1 4 5 11 13 14 15 16 18 19 20 21 22 24 25 27 28 30 31 32 33 34 
14400 13 1 4 5 11 12 14 15 16 18 19 20 21 22 24 25 27 28 30 31 32 33 34 
14400 14 1 4 5 11 12 13 15 16 18 19 20 22 23 24 25 27 28 30 31 32 33 34 
14400 15 1 4 5 11 12 13 14 16 17 18 19 20 21 22 23 24 25 27 28 30 32 33 34 
14400 16 1 4 5 11 12 13 14 15 18 19 20 21 22 24 25 27 28 30 31 32 33 34 
14400 17 15 21 
14400 18 1 4 5 11 12 13 14 15 16 19 20 22 23 24 25 27 28 30 31 32 33 34 
14400 19 1 4 5 11 12 13 14 15 16 18 20 22 23 24 27 28 30 31 32 33 34 
14400 20 1 4 5 11 12 13 14 15 16 18 19 21 22 23 24 25 27 28 30 31 32 33 34 
14400 21 12 13 15 16 17 20 22 25 27 33 
14400 22 1 4 5 11 12 13 14 15 16 18 19 20 21 24 25 27 28 30 31 32 33 34 
14400 23 1 4 5 11 14 15 18 19 20 24 28 29 30 31 32 33 34 
14400 24 1 4 5 11 12 13 14 15 16 18 19 20 22 23 27 28 30 31 32 34 
14400 25 1 4 5 11 12 13 14 15 16 18 20 21 22 27 28 30 31 32 33 
14400 26 27 
14400 27 1 4 5 11 12 13 14 15 16 18 19 20 21 22 24 25 26 28 30 31 32 34 
14400 28 1 4 5 11 12 13 14 15 16 18 19 20 22 23 24 25 27 30 31 32 33 34 
14400 29 11 23 30 31 34 
14400 30 1 4 5 11 12 13 14 15 16 18 19 20 22 23 24 25 27 28 29 31 32 33 34 
14400 31 1 4 5 11 12 13 14 16 18 19 20 22 23 24 25 27 28 29 30 32 33 34 
14400 32 1 4 5 11 12 13 14 15 16 18 19 20 22 23 24 25 27 28 30 31 33 34 
14400 33 1 4 5 11 12 13 14 15 16 18 19 20 21 22 23 25 28 30 31 32 34 
14400 34 1 4 5 11 12 13 14 15 16 18 19 20 22 23 24 27 28 29 30 31 32 33 
14400 35 2 6 7 8 36 37 38 39 40 41 42 43 45 46 47 48 49 50 51 52 53 54 55 56 57 
14400 36 2 6 7 8 35 38 39 40 41 42 43 44 46 47 48 49 50 51 53 54 57 
14400 37 2 6 7 8 35 38 39 40 41 42 43 45 46 47 48 49 50 51 52 53 54 55 56 57 
14400 38 2 6 7 8 35 36 37 39 40 41 43 44 46 47 48 49 50 51 52 53 54 55 56 57 
14400 39 2 6 7 8 35 36 37 38 40 41 43 45 46 47 48 49 50 51 52 53 54 55 56 57 
14400 40 2 6 7 8 35 36 37 38 39 41 42 43 45 46 47 48 49 50 51 52 53 54 55 56 57 
14400 41 2 6 7 8 35 36 37 38 39 40 42 43 45 46 47 48 49 50 51 52 53 54 55 56 57 
14400 42 35 36 37 40 41 46 47 48 54 57 
14400 43 2 6 7 8 35 36 37 38 39 40 41 45 46 47 48 49 50 51 52 53 54 55 56 57 
14400 44 36 38 48 
14400 45 2 6 7 8 35 37 39 40 41 43 46 49 50 51 52 53 54 55 56 57 
14400 46 2 6 7 8 35 36 37 38 39 40 41 42 43 45 47 48 49 50 52 53 54 55 56 57 
14400 47 2 6 7 8 35 36 37 38 39 40 41 42 43 46 48 49 50 53 54 55 56 57 
14400 48 2 6 7 8 35 36 37 38 39 40 41 42 43 44 46 47 49 50 53 54 55 57 
14400 49 2 6 7 8 35 36 37 38 39 40 41 43 45 46 47 48 50 51 52 53 54 55 56 57 
14400 50 2 6 7 8 35 36 37 38 39 40 41 43 45 46 47 48 49 51 52 53 54 55 56 57 
14400 51 2 6 7 8 35 36 37 38 39 40 41 43 45 49 50 52 53 55 56 57 
14400 52 2 6 7 8 35 37 38 39 40 41 43 45 46 49 50 51 53 55 56 57 
14400 53 2 6 7 8 35 36 37 38 39 40 41 43 45 46 47 48 49 50 51 52 54 55 56 57 
14400 54 2 6 7 8 35 36 37 38 39 40 41 42 43 45 46 47 48 49 50 53 55 56 57 
14400 55 2 6 7 8 35 37 38 39 40 41 43 45 46 47 48 49 50 51 52 53 54 56 57 
14400 56 2 6 7 8 35 37 38 39 40 41 43 45 46 47 49 50 51 52 53 54 55 57 
14400 57 2 6 7 8 35 36 37 38 39 40 41 42 43 45 46 47 48 49 50 51 52 53 54 55 56 
14400 58 3 9 10 60 63 64 66 67 68 70 72 73 74 75 81 84 
14400 59 60 61 62 65 77 79 85 
14400 60 3 9 10 58 59 63 64 65 66 67 68 70 72 73 74 75 77 79 80 81 82 84 
14400 61 59 62 65 77 79 85 
14400 62 59 61 65 71 72 77 79 85 
14400 63 3 9 10 58 60 64 66 67 68 69 70 72 75 76 79 80 81 82 84 
14400 64 3 9 10 58 60 63 66 67 68 73 74 75 81 84 
14400 65 3 9 10 59 60 61 62 67 71 72 75 77 79 81 82 84 85 
14400 66 3 9 10 58 60 63 64 67 68 70 72 73 74 75 79 80 81 82 84 
14400 67 3 9 10 58 60 63 64 65 66 68 69 70 72 73 74 75 76 79 80 81 82 84 
14400 68 3 9 10 58 60 63 64 66 67 70 72 73 74 75 81 84 
14400 69 3 9 10 63 67 70 72 75 76 80 82 84 
14400 70 3 9 10 58 60 63 66 67 68 69 72 75 78 80 81 83 84 
14400 71 62 65 72 76 82 
14400 72 3 9 10 58 60 62 63 65 66 67 68 69 70 71 75 76 78 80 81 82 83 84 
14400 73 58 60 64 66 67 68 74 75 
14400 74 58 60 64 66 67 68 73 75 81 84 
14400 75 3 9 10 58 60 63 64 65 66 67 68 69 70 72 73 74 77 79 80 81 82 83 84 
14400 76 3 9 10 63 67 69 71 72 80 82 
14400 77 3 9 10 59 60 61 62 65 75 79 81 84 85 
14400 78 70 72 80 83 
14400 79 3 9 10 59 60 61 62 63 65 66 67 75 77 81 84 85 
14400 80 3 9 10 60 63 66 67 69 70 72 75 76 78 81 82 83 84 
14400 81 3 9 10 58 60 63 64 65 66 67 68 70 72 74 75 77 79 80 82 84 
14400 82 3 9 10 60 63 65 66 67 69 71 72 75 76 80 81 84 
14400 83 70 72 75 78 80 
14400 84 3 9 10 58 60 63 64 65 66 67 68 69 70 72 74 75 77 79 80 81 82 
14400 85 59 61 62 65 77 79 
14400 86 0 1 3 
14400 87 0 1 2 3 
14400 88 0 1 2 3 
14400 89 0 1 2 3 
14400 90 0 1 2 3 
14400 91 0 1 2 
14400 92 0 1 2 3 
14400 93 0 2 3 
14400 94 0 1 2 3 
14400 95 0 1 
16200 0 86 87 88 89 90 91 92 93 94 95 
16200 1 4 5 11 12 13 14 15 16 18 19 20 22 23 24 25 27 28 30 31 32 33 34 86 87 88 89 90 91 92 94 95 
16200 2 6 7 8 35 36 37 38 39 40 41 43 45 46 47 48 49 50 51 52 53 54 55 56 57 87 88 89 90 91 92 93 94 
16200 3 9 10 58 60 63 64 65 66 67 68 69 70 72 75 76 77 79 80 81 82 84 86 87 88 89 90 92 93 94 
16200 4 1 5 11 12 13 14 15 16 18 19 20 22 23 24 25 27 28 30 31 32 33 34 
16200 5 1 4 11 12 13 14 15 16 18 19 20 22 23 24 25 27 28 30 31 32 33 34 
16200 6 2 7 8 35 36 37 38 39 40 41 43 45 46 47 48 49 50 51 52 53 54 55 56 57 
16200 7 2 6 8 35 36 37 38 39 40 41 43 45 46 47 48 49 50 51 52 53 54 55 56 57 
16200 8 2 6 7 35 36 37 38 39 40 41 43 45 46 47 48 49 50 51 52 53 54 55 56 57 
16200 9 3 10 58 60 63 64 65 66 67 68 69 70 72 75 76 77 79 80 81 82 84 
16200 10 3 9 58 60 63 64 65 66 67 68 69 70 72 75 76 77 79 80 81 82 84 
16200 11 1 4 5 12 13 14 15 16 18 19 20 22 23 24 25 27 28 30 31 32 33 34 
16200 12 1 4 5 11 13 14 15 16 18 19 20 21 22 24 25 27 28 29 30 31 32 33 34 
16200 13 1 4 5 11 12 14 15 16 18 19 20 21 22 24 25 27 28 30 31 32 33 34 
16200 14 1 4 5 11 12 13 15 16 18 19 20 22 23 24 25 27 28 30 31 32 33 34 
16200 15 1 4 5 11 12 13 14 16 18 19 20 21 22 23 24 25 27 28 30 31 32 33 34 
16200 16 1 4 5 11 12 13 14 15 18 19 20 22 23 24 25 27 28 30 31 32 33 34 
16200 17 21 
16200 18 1 4 5 11 12 13 14 15 16 19 20 22 23 24 25 27 28 30 31 32 33 34 
16200 19 1 4 5 11 12 13 14 15 16 18 20 22 23 24 27 28 30 31 32 33 34 
16200 20 1 4 5 11 12 13 14 15 16 18 19 21 22 23 24 25 27 28 29 30 31 32 33 34 
16200 21 12 13 15 17 20 22 25 27 33 
16200 22 1 4 5 11 12 13 14 15 16 18 19 20 21 24 25 27 28 30 31 32 33 34 
16200 23 1 4 5 11 14 15 16 18 19 20 24 28 29 30 31 32 33 34 
16200 24 1 4 5 11 12 13 14 15 16 18 19 20 22 23 27 28 30 31 32 34 
16200 25 1 4 5 11 12 13 14 15 16 18 20 21 22 27 28 30 31 32 33 
16200 26 27 
16200 27 1 4 5 11 12 13 14 15 16 18 19 20 21 22 24 25 26 28 30 31 32 34 
16200 28 1 4 5 11 12 13 14 15 16 18 19 20 22 23 24 25 27 30 31 32 33 34 
16200 29 12 20 23 34 
16200 30 1 4 5 11 12 13 14 15 16 18 19 20 22 23 24 25 27 28 31 32 33 34 
16200 31 1 4 5 11 12 13 14 15 16 18 19 20 22 23 24 25 27 28 30 32 33 34 
16200 32 1 4 5 11 12 13 14 15 16 18 19 20 22 23 24 25 27 28 30 31 33 34 
16200 33 1 4 5 11 12 13 14 15 16 18 19 20 21 22 23 25 28 30 31 32 34 
16200 34 1 4 5 11 12 13 14 15 16 18 19 20 22 23 24 27 28 29 30 31 32 33 
16200 35 2 6 7 8 36 37 38 39 40 41 43 45 46 47 48 49 50 51 52 53 54 55 56 57 
16200 36 2 6 7 8 35 38 39 40 41 43 44 47 48 49 50 51 53 54 57 
16200 37 2 6 7 8 35 38 39 40 41 42 43 45 46 47 48 49 50 51 52 53 54 55 56 57 
16200 38 2 6 7 8 35 36 37 39 40 41 43 44 46 47 48 49 50 51 52 53 54 55 56 57 
16200 39 2 6 7 8 35 36 37 38 40 41 43 45 46 47 48 49 50 51 52 53 54 55 56 57 
16200 40 2 6 7 8 35 36 37 38 39 41 42 43 45 46 47 48 49 50 51 52 53 54 55 56 57 
16200 41 2 6 7 8 35 36 37 38 39 40 42 43 45 46 47 48 49 50 51 52 53 54 55 56 57 
16200 42 37 40 41 46 47 48 49 54 57 
16200 43 2 6 7 8 35 36 37 38 39 40 41 45 46 47 48 49 50 51 52 53 54 55 56 57 
16200 44 36 38 48 
16200 45 2 6 7 8 35 37 39 40 41 43 46 49 50 51 52 53 54 55 56 57 
16200 46 2 6 7 8 35 37 38 39 40 41 42 43 45 47 48 49 50 52 53 54 55 56 57 
16200 47 2 6 7 8 35 36 37 38 39 40 41 42 43 46 48 49 50 53 54 55 57 
16200 48 2 6 7 8 35 36 37 38 39 40 41 42 43 44 46 47 49 50 53 54 55 57 
16200 49 2 6 7 8 35 36 37 38 39 40 41 42 43 45 46 47 48 50 51 52 53 54 55 57 
16200 50 2 6 7 8 35 36 37 38 39 40 41 43 45 46 47 48 49 51 52 53 54 55 56 57 
16200 51 2 6 7 8 35 36 37 38 39 40 41 43 45 49 50 52 53 55 56 57 
16200 52 2 6 7 8 35 37 38 39 40 41 43 45 46 49 50 51 53 55 56 57 
16200 53 2 6 7 8 35 36 37 38 39 40 41 43 45 46 47 48 49 50 51 52 54 55 56 57 
16200 54 2 6 7 8 35 36 37 38 39 40 41 42 43 45 46 47 48 49 50 53 55 56 57 
16200 55 2 6 7 8 35 37 38 39 40 41 43 45 46 47 48 49 50 51 52 53 54 56 57 
16200 56 2 6 7 8 35 37 38 39 40 41 43 45 46 50 51 52 53 54 55 57 
16200 57 2 6 7 8 35 36 37 38 39 40 41 42 43 45 46 47 48 49 50 51 52 53 54 55 56 
16200 58 3 9 10 60 63 64 66 67 68 70 73 74 75 81 84 
16200 59 60 61 62 65 77 79 84 85 
16200 60 3 9 10 58 59 63 64 65 66 67 68 72 73 74 75 77 79 81 82 84 
16200 61 59 62 65 77 79 84 85 
16200 62 59 61 65 71 72 77 79 84 85 
16200 63 3 9 10 58 60 64 66 67 68 69 70 72 75 76 79 80 81 82 84 
16200 64 3 9 10 58 60 63 66 67 68 73 74 75 81 84 
16200 65 3 9 10 59 60 61 62 67 71 72 75 77 79 81 82 84 85 
16200 66 3 9 10 58 60 63 64 67 68 70 72 73 74 75 79 80 81 82 84 
16200 67 3 9 10 58 60 63 64 65 66 68 69 70 72 75 76 79 80 81 82 84 
16200 68 3 9 10 58 60 63 64 66 67 70 73 74 75 81 84 
16200 69 3 9 10 63 67 70 72 75 76 78 80 81 82 84 
16200 70 3 9 10 58 63 66 67 68 69 75 78 80 81 83 84 
16200 71 62 65 72 76 82 
16200 72 3 9 10 60 62 63 65 66 67 69 71 75 76 80 81 82 84 
16200 73 58 60 64 66 68 74 
16200 74 58 60 64 66 68 73 75 81 84 
16200 75 3 9 10 58 60 63 64 65 66 67 68 69 70 72 74 77 79 80 81 82 84 
16200 76 3 9 10 63 67 69 71 72 80 82 
16200 77 3 9 10 59 60 61 62 65 75 79 81 84 85 
16200 78 69 70 80 81 83 
16200 79 3 9 10 59 60 61 62 63 65 66 67 75 77 81 84 85 
16200 80 3 9 10 63 66 67 69 70 72 75 76 78 81 82 83 84 
16200 81 3 9 10 58 60 63 64 65 66 67 68 69 70 72 74 75 77 78 79 80 82 83 84 
16200 82 3 9 10 60 63 65 66 67 69 71 72 75 76 80 81 84 
16200 83 70 78 80 81 
16200 84 3 9 10 58 59 60 61 62 63 64 65 66 67 68 69 70 72 74 75 77 79 80 81 82 85 
16200 85 59 61 62 65 77 79 84 
16200 86 0 1 3 
16200 87 0 1 2 3 
16200 88 0 1 2 3 
16200 89 0 1 2 3 
16200 90 0 1 2 3 
16200 91 0 1 2 
16200 92 0 1 2 3 
16200 93 0 2 3 
16200 94 0 1 2 3 
16200 95 0 1 
18000 0 86 87 88 89 90 91 92 93 94 95 
18000 1 4 5 11 12 13 14 15 16 18 19 20 22 23 24 25 27 28 30 31 32 33 34 86 87 88 89 90 91 92 94 95 
18000 2 6 7 8 35 36 37 38 39 40 41 43 45 46 47 48 49 50 51 52 53 54 55 56 57 87 88 89 90 91 92 93 94 
18000 3 9 10 58 60 63 64 65 66 67 68 69 70 72 75 76 77 79 80 81 82 84 86 87 88 89 90 92 93 94 
18000 4 1 5 11 12 13 14 15 16 18 19 20 22 23 24 25 27 28 30 31 32 33 34 
18000 5 1 4 11 12 13 14 15 16 18 19 20 22 23 24 25 27 28 30 31 32 33 34 
18000 6 2 7 8 35 36 37 38 39 40 41 43 45 46 47 48 49 50 51 52 53 54 55 56 57 
18000 7 2 6 8 35 36 37 38 39 40 41 43 45 46 47 48 49 50 51 52 53 54 55 56 57 
18000 8 2 6 7 35 36 37 38 39 40 41 43 45 46 47 48 49 50 51 52 53 54 55 56 57 
18000 9 3 10 58 60 63 64 65 66 67 68 69 70 72 75 76 77 79 80 81 82 84 
18000 10 3 9 58 60 63 64 65 66 67 68 69 70 72 75 76 77 79 80 81 82 84 
18000 11 1 4 5 12 13 14 15 16 18 19 20 22 23 24 25 27 28 30 31 32 33 34 
18000 12 1 4 5 11 13 14 15 16 18 19 20 21 22 24 25 27 28 30 31 32 33 34 
18000 13 1 4 5 11 12 14 15 16 18 19 20 21 22 24 25 27 28 30 31 32 33 34 
18000 14 1 4 5 11 12 13 15 16 17 18 19 20 21 22 23 24 25 27 28 30 31 32 33 34 
18000 15 1 4 5 11 12 13 14 16 18 19 20 21 22 23 24 25 27 28 30 31 32 33 34 
18000 16 1 4 5 11 12 13 14 15 17 18 19 20 21 22 23 25 27 28 30 31 32 33 34 
18000 17 14 16 21 25 
18000 18 1 4 5 11 12 13 14 15 16 19 20 22 23 24 25 27 28 30 31 32 33 34 
18000 19 1 4 5 11 12 13 14 15 16 18 20 22 23 24 27 28 30 31 32 33 34 
18000 20 1 4 5 11 12 13 14 15 16 18 19 21 22 23 24 25 27 28 30 31 32 33 34 
18000 21 12 13 14 15 16 17 20 22 25 27 31 33 
18000 22 1 4 5 11 12 13 14 15 16 18 19 20 21 24 25 27 28 30 31 32 33 34 
18000 23 1 4 5 11 14 15 16 18 19 20 24 28 29 30 31 32 33 34 
18000 24 1 4 5 11 12 13 14 15 18 19 20 22 23 27 28 29 30 31 32 34 
18000 25 1 4 5 11 12 13 14 15 16 17 18 20 21 22 27 28 30 31 32 33 
18000 26 27 
18000 27 1 4 5 11 12 13 14 15 16 18 19 20 21 22 24 25 26 28 30 31 32 34 
18000 28 1 4 5 11 12 13 14 15 16 18 19 20 22 23 24 25 27 29 30 31 32 33 34 
18000 29 23 24 28 34 
18000 30 1 4 5 11 12 13 14 15 16 18 19 20 22 23 24 25 27 28 31 32 33 34 
18000 31 1 4 5 11 12 13 14 15 16 18 19 20 21 22 23 24 25 27 28 30 32 33 34 
18000 32 1 4 5 11 12 13 14 15 16 18 19 20 22 23 24 25 27 28 30 31 33 34 
18000 33 1 4 5 11 12 13 14 15 16 18 19 20 21 22 23 25 28 30 31 32 34 
18000 34 1 4 5 11 12 13 14 15 16 18 19 20 22 23 24 27 28 29 30 31 32 33 
18000 35 2 6 7 8 36 37 38 39 40 41 43 45 46 47 48 49 50 51 52 53 54 55 56 57 
18000 36 2 6 7 8 35 38 39 40 41 43 44 47 48 49 50 51 53 54 57 
18000 37 2 6 7 8 35 38 39 40 41 42 43 45 46 47 48 49 50 51 52 53 54 55 56 57 
18000 38 2 6 7 8 35 36 37 39 40 41 43 44 46 47 48 49 50 51 52 53 54 55 56 57 
18000 39 2 6 7 8 35 36 37 38 40 41 43 45 46 47 48 49 50 51 52 53 54 55 56 57 
18000 40 2 6 7 8 35 36 37 38 39 41 42 43 45 46 47 48 49 50 51 52 53 54 55 56 57 
18000 41 2 6 7 8 35 36 37 38 39 40 42 43 45 46 47 48 49 50 51 52 53 54 55 56 57 
18000 42 37 40 41 46 47 48 54 57 
18000 43 2 6 7 8 35 36 37 38 39 40 41 45 46 47 48 49 50 51 52 53 54 55 56 57 
18000 44 36 38 48 
18000 45 2 6 7 8 35 37 39 40 41 43 46 49 50 51 52 53 54 55 56 57 
18000 46 2 6 7 8 35 37 38 39 40 41 42 43 45 47 48 49 50 52 53 54 55 56 57 
18000 47 2 6 7 8 35 36 37 38 39 40 41 42 43 46 48 49 50 53 54 55 57 
18000 48 2 6 7 8 35 36 37 38 39 40 41 42 43 44 46 47 49 50 53 54 55 57 
18000 49 2 6 7 8 35 36 37 38 39 40 41 43 45 46 47 48 50 51 52 53 54 55 56 57 
18000 50 2 6 7 8 35 36 37 38 39 40 41 43 45 46 47 48 49 51 52 53 54 55 56 57 
18000 51 2 6 7 8 35 36 37 38 39 40 41 43 45 49 50 52 53 55 56 57 
18000 52 2 6 7 8 35 37 38 39 40 41 43 45 46 49 50 51 53 55 56 57 
18000 53 2 6 7 8 35 36 37 38 39 40 41 43 45 46 47 48 49 50 51 52 54 55 56 57 
18000 54 2 6 7 8 35 36 37 38 39 40 41 42 43 45 46 47 48 49 50 53 55 56 57 
18000 55 2 6 7 8 35 37 38 39 40 41 43 45 46 47 48 49 50 51 52 53 54 56 57 
18000 56 2 6 7 8 35 37 38 39 40 41 43 45 46 49 50 51 52 53 54 55 57 
18000 57 2 6 7 8 35 36 37 38 39 40 41 42 43 45 46 47 48 49 50 51 52 53 54 55 56 
18000 58 3 9 10 60 63 64 66 67 68 70 73 74 75 81 84 
18000 59 60 61 62 65 77 79 84 85 
18000 60 3 9 10 58 59 63 64 65 66 67 68 72 73 74 75 77 79 81 82 84 
18000 61 59 62 65 77 79 85 
18000 62 59 61 65 71 72 77 79 84 85 
18000 63 3 9 10 58 60 64 66 67 68 69 70 72 75 76 79 80 81 82 84 
18000 64 3 9 10 58 60 63 66 67 68 73 74 75 81 84 
18000 65 3 9 10 59 60 61 62 67 71 72 75 77 79 81 82 84 85 
18000 66 3 9 10 58 60 63 64 67 68 70 72 73 74 75 79 80 81 82 84 
18000 67 3 9 10 58 60 63 64 65 66 68 69 70 72 75 76 79 80 81 82 84 
18000 68 3 9 10 58 60 63 64 66 67 70 73 74 75 81 84 
18000 69 3 9 10 63 67 70 72 75 76 80 82 84 
18000 70 3 9 10 58 63 66 67 68 69 75 78 80 81 83 84 
18000 71 62 65 72 76 82 
18000 72 3 9 10 60 62 63 65 66 67 69 71 75 76 80 81 82 84 
18000 73 58 60 64 66 68 74 81 
18000 74 58 60 64 66 68 73 75 81 84 
18000 75 3 9 10 58 60 63 64 65 66 67 68 69 70 72 74 77 79 80 81 82 84 
18000 76 3 9 10 63 67 69 71 72 80 82 
18000 77 3 9 10 59 60 61 62 65 75 79 81 84 85 
18000 78 70 80 83 
18000 79 3 9 10 59 60 61 62 63 65 66 67 75 77 81 84 85 
18000 80 3 9 10 63 66 67 69 70 72 75 76 78 81 82 83 84 
18000 81 3 9 10 58 60 63 64 65 66 67 68 70 72 73 74 75 77 79 80 82 84 
18000 82 3 9 10 60 63 65 66 67 69 71 72 75 76 80 81 84 
18000 83 70 78 80 
18000 84 3 9 10 58 59 60 62 63 64 65 66 67 68 69 70 72 74 75 77 79 80 81 82 
18000 85 59 61 62 65 77 79 
18000 86 0 1 3 
18000 87 0 1 2 3 
18000 88 0 1 2 3 
18000 89 0 1 2 3 
18000 90 0 1 2 3 
18000 91 0 1 2 
18000 92 0 1 2 3 
18000 93 0 2 3 
18000 94 0 1 2 3 
18000 95 0 1 
19800 0 86 87 88 89 90 91 92 93 94 95 
19800 1 4 5 11 12 13 14 15 16 18 19 20 22 23 24 25 27 28 30 31 32 33 34 86 87 88 89 90 91 92 94 95 
19800 2 6 7 8 35 36 37 38 39 40 41 43 45 46 47 48 49 50 51 52 53 54 55 56 57 87 88 89 90 91 92 93 94 
19800 3 9 10 58 59 60 63 64 65 66 67 68 69 70 72 75 76 77 79 80 81 82 84 86 87 88 89 90 92 93 94 
19800 4 1 5 11 12 13 14 15 16 18 19 20 22 23 24 25 27 28 30 31 32 33 34 
19800 5 1 4 11 12 13 14 15 16 18 19 20 22 23 24 25 27 28 30 31 32 33 34 
19800 6 2 7 8 35 36 37 38 39 40 41 43 45 46 47 48 49 50 51 52 53 54 55 56 57 
19800 7 2 6 8 35 36 37 38 39 40 41 43 45 46 47 48 49 50 51 52 53 54 55 56 57 
19800 8 2 6 7 35 36 37 38 39 40 41 43 45 46 47 48 49 50 51 52 53 54 55 56 57 
19800 9 3 10 58 59 60 63 64 65 66 67 68 69 70 72 75 76 77 79 80 81 82 84 
19800 10 3 9 58 59 60 63 64 65 66 67 68 69 70 72 75 76 77 79 80 81 82 84 
19800 11 1 4 5 12 13 14 15 16 18 19 20 22 23 24 25 27 28 30 31 32 33 34 
19800 12 1 4 5 11 13 14 15 16 18 19 20 21 22 24 25 27 28 30 31 32 33 34 
19800 13 1 4 5 11 12 14 15 16 18 19 20 21 22 24 25 27 28 30 31 32 33 34 
19800 14 1 4 5 11 12 13 15 16 18 19 20 22 23 24 25 27 28 30 31 32 33 34 
19800 15 1 4 5 11 12 13 14 16 18 19 20 21 22 23 24 25 27 28 30 31 32 33 34 
19800 16 1 4 5 11 12 13 14 15 18 19 20 22 23 24 25 27 28 30 31 32 33 34 
19800 17 21 
19800 18 1 4 5 11 12 13 14 15 16 19 20 22 23 24 25 27 28 30 31 32 33 34 
19800 19 1 4 5 11 12 13 14 15 16 18 20 22 23 24 27 28 30 31 32 33 34 
19800 20 1 4 5 11 12 13 14 15 16 18 19 21 22 23 24 25 27 28 30 31 32 33 34 
19800 21 12 13 15 17 20 22 25 27 33 
19800 22 1 4 5 11 12 13 14 15 16 18 19 20 21 24 25 27 28 30 31 32 33 34 
19800 23 1 4 5 11 14 15 16 18 19 20 24 28 29 30 31 32 33 34 
19800 24 1 4 5 11 12 13 14 15 16 18 19 20 22 23 27 28 30 31 32 34 
19800 25 1 4 5 11 12 13 14 15 16 18 20 21 22 27 28 30 31 32 33 
19800 26 27 
19800 27 1 4 5 11 12 13 14 15 16 18 19 20 21 22 24 25 26 28 30 31 32 34 
19800 28 1 4 5 11 12 13 14 15 16 18 19 20 22 23 24 25 27 30 31 32 33 34 
19800 29 23 34 
19800 30 1 4 5 11 12 13 14 15 16 18 19 20 22 23 24 25 27 28 31 32 33 34 
19800 31 1 4 5 11 12 13 14 15 16 18 19 20 22 23 24 25 27 28 30 32 33 34 
19800 32 1 4 5 11 12 13 14 15 16 18 19 20 22 23 24 25 27 28 30 31 33 34 
19800 33 1 4 5 11 12 13 14 15 16 18 19 20 21 22 23 25 28 30 31 32 34 
19800 34 1 4 5 11 12 13 14 15 16 18 19 20 22 23 24 27 28 29 30 31 32 33 
19800 35 2 6 7 8 36 37 38 39 40 41 43 45 46 47 48 49 50 51 52 53 54 55 56 57 
19800 36 2 6 7 8 35 38 39 40 41 44 49 51 53 57 
19800 37 2 6 7 8 35 38 39 40 41 42 43 45 46 47 48 49 50 51 52 53 54 55 56 57 
19800 38 2 6 7 8 35 36 37 39 40 41 43 44 46 47 48 49 50 51 52 53 54 55 56 57 
19800 39 2 6 7 8 35 36 37 38 40 41 43 45 46 47 48 49 50 51 52 53 54 55 56 57 
19800 40 2 6 7 8 35 36 37 38 39 41 42 43 45 46 47 48 49 50 51 52 53 54 55 56 57 
19800 41 2 6 7 8 35 36 37 38 39 40 42 43 45 46 47 48 49 50 51 52 53 54 55 56 57 
19800 42 37 40 41 46 47 48 54 57 
19800 43 2 6 7 8 35 37 38 39 40 41 45 46 47 48 49 50 51 52 53 54 55 56 57 
19800 44 36 38 48 49 
19800 45 2 6 7 8 35 37 39 40 41 43 46 49 50 51 52 53 54 55 56 57 
19800 46 2 6 7 8 35 37 38 39 40 41 42 43 45 47 48 49 50 52 53 54 55 56 57 
19800 47 2 6 7 8 35 37 38 39 40 41 42 43 46 48 49 50 53 54 55 57 
19800 48 2 6 7 8 35 37 38 39 40 41 42 43 44 46 47 49 50 53 54 55 57 
19800 49 2 6 7 8 35 36 37 38 39 40 41 43 44 45 46 47 48 50 51 52 53 54 55 56 57 
19800 50 2 6 7 8 35 37 38 39 40 41 43 45 46 47 48 49 51 52 53 54 55 56 57 
19800 51 2 6 7 8 35 36 37 38 39 40 41 43 45 49 50 52 53 55 56 57 
19800 52 2 6 7 8 35 37 38 39 40 41 43 45 46 49 50 51 53 55 56 57 
19800 53 2 6 7 8 35 36 37 38 39 40 41 43 45 46 47 48 49 50 51 52 54 55 56 57 
19800 54 2 6 7 8 35 37 38 39 40 41 42 43 45 46 47 48 49 50 53 55 56 57 
19800 55 2 6 7 8 35 37 38 39 40 41 43 45 46 47 48 49 50 51 52 53 54 56 57 
19800 56 2 6 7 8 35 37 38 39 40 41 43 45 46 49 50 51 52 53 54 55 57 
19800 57 2 6 7 8 35 36 37 38 39 40 41 42 43 45 46 47 48 49 50 51 52 53 54 55 56 
19800 58 3 9 10 59 60 63 64 66 67 68 70 73 74 75 81 84 
19800 59 3 9 10 58 60 61 62 63 64 65 66 67 68 73 74 75 77 79 81 84 85 
19800 60 3 9 10 58 59 63 64 65 66 67 68 72 73 74 75 77 79 81 82 84 
19800 61 59 62 65 77 79 82 85 
19800 62 59 61 65 71 72 77 79 82 85 
19800 63 3 9 10 58 59 60 64 66 67 68 69 70 72 75 76 79 80 81 82 84 
19800 64 3 9 10 58 59 60 63 66 67 68 73 74 75 81 84 
19800 65 3 9 10 59 60 61 62 67 71 72 75 77 79 81 82 84 85 
19800 66 3 9 10 58 59 60 63 64 67 68 70 72 73 74 75 79 80 81 82 84 
19800 67 3 9 10 58 59 60 63 64 65 66 68 69 70 72 75 76 79 80 81 82 84 
19800 68 3 9 10 58 59 60 63 64 66 67 70 73 74 75 81 84 
19800 69 3 9 10 63 67 70 72 75 76 80 82 84 
19800 70 3 9 10 58 63 66 67 68 69 75 78 80 81 83 84 
19800 71 62 65 72 76 82 
19800 72 3 9 10 60 62 63 65 66 67 69 71 75 76 80 81 82 84 
19800 73 58 59 60 64 66 68 74 81 
19800 74 58 59 60 64 66 68 73 75 81 84 
19800 75 3 9 10 58 59 60 63 64 65 66 67 68 69 70 72 74 77 79 80 81 82 84 
19800 76 3 9 10 63 67 69 71 72 80 82 
19800 77 3 9 10 59 60 61 62 65 75 79 81 82 84 85 
19800 78 70 80 83 
19800 79 3 9 10 59 60 61 62 63 65 66 67 75 77 81 82 84 85 
19800 80 3 9 10 63 66 67 69 70 72 75 76 78 81 82 83 84 
19800 81 3 9 10 58 59 60 63 64 65 66 67 68 70 72 73 74 75 77 79 80 82 84 
19800 82 3 9 10 60 61 62 63 65 66 67 69 71 72 75 76 77 79 80 81 84 85 
19800 83 70 78 80 
19800 84 3 9 10 58 59 60 63 64 65 66 67 68 69 70 72 74 75 77 79 80 81 82 
19800 85 59 61 62 65 77 79 82 
19800 86 0 1 3 
19800 87 0 1 2 3 
19800 88 0 1 2 3 
19800 89 0 1 2 3 
19800 90 0 1 2 3 
19800 91 0 1 2 
19800 92 0 1 2 3 
19800 93 0 2 3 
19800 94 0 1 2 3 
19800 95 0 1 
