0 61
0 0 82 83 84 85 86 87 88 89 90 91 92 93 94 95 96 97 98 99 100 101 102 103 104 105 106 107 108 109 110 111 
0 1 0 83 84 85 87 89 90 93 95 96 99 100 102 104 106 107 108 110 
0 2 0 1 3 4 83 85 86 88 89 91 92 94 96 97 100 101 103 106 107 109 110 111 
0 3 0 1 8 82 83 84 86 87 88 89 91 92 93 96 97 99 101 104 105 107 108 110 111 
0 4 0 1 3 9 82 83 84 85 86 88 89 90 92 94 95 97 98 99 100 102 104 105 107 108 109 
0 5 0 4 82 84 85 87 88 90 93 95 97 98 99 101 102 103 106 107 108 111 
0 6 
0 7 
0 8 3 
0 9 
0 10 5 
0 11 1 6 
0 12 1 
0 13 11 
0 14 11 
0 15 1 
0 16 1 6 
0 17 11 
0 18 11 
0 19 1 6 
0 20 1 6 
0 21 1 
0 22 6 
0 23 1 
0 24 11 
0 25 1 6 
0 26 1 6 
0 27 35 
0 28 34 
0 29 2 
0 30 36 
0 31 2 
0 32 29 
0 33 34 
0 34 2 
0 35 2 7 
0 36 2 7 
0 37 35 
0 38 39 
0 39 3 8 
0 40 3 8 
0 41 3 8 
0 42 3 8 
0 43 3 
0 44 3 8 
0 45 3 8 
0 46 3 8 
0 47 39 
0 48 3 8 
0 49 3 8 
0 50 3 8 
0 51 3 8 
0 52 3 8 
0 53 3 8 
0 54 4 
0 55 9 
0 56 9 
0 57 4 9 
0 58 4 
0 59 4 9 
0 60 4 9 
0 61 4 9 
0 62 4 
0 63 4 
0 64 4 9 
0 65 71 
0 66 70 
0 67 70 
0 68 71 
0 69 71 
0 70 5 
0 71 5 
0 72 74 
0 73 5 
0 74 5 
0 75 5 
0 76 78 
0 77 71 
0 78 5 
0 79 5 10 
0 80 71 
0 81 5 
0 82 0 3 4 5 
0 83 0 1 2 3 4 
0 84 0 1 3 4 5 
0 85 0 1 2 4 5 
0 86 0 2 3 4 
0 87 0 1 3 5 
0 88 0 2 3 4 5 
0 89 0 1 2 3 4 
0 90 0 1 4 5 
0 91 0 2 3 
0 92 0 2 3 4 
0 93 0 1 3 5 
0 94 0 2 4 
0 95 0 1 4 5 
0 96 0 1 2 3 
0 97 0 2 3 4 5 
0 98 0 4 5 
0 99 0 1 3 4 5 
0 100 0 1 2 4 
0 101 0 2 3 5 
0 102 0 1 4 5 
0 103 0 2 5 
0 104 0 1 3 4 
0 105 0 3 4 
0 106 0 1 2 5 
0 107 0 1 2 3 4 5 
0 108 0 1 3 4 5 
0 109 0 2 4 
0 110 0 1 2 3 
0 111 0 2 3 5 
