0 61
0 0 165 166 167 168 169 170 171 172 173 174 175 176 177 178 179 180 181 182 183 184 185 186 187 188 189 190 191 192 193 194 
0 1 11 21 22 23 25 26 28 30 32 166 168 171 174 176 180 183 187 191 
0 2 12 35 40 42 46 50 109 110 165 169 172 176 178 179 182 186 189 193 
0 3 13 51 52 54 55 56 59 61 62 63 165 168 173 175 178 180 182 186 188 193 
0 4 14 65 72 73 74 75 167 169 171 175 176 179 183 184 189 192 
0 5 15 77 78 79 80 81 82 83 84 85 86 87 88 166 168 172 174 177 181 182 184 188 193 
0 6 16 92 94 98 167 170 171 176 178 180 181 186 189 193 
0 7 17 43 104 105 107 108 111 117 165 168 172 173 178 180 183 185 187 190 
0 8 18 125 167 168 172 174 178 180 182 186 188 191 
0 9 19 133 135 136 143 166 169 172 173 177 179 182 185 188 192 194 
0 10 20 146 151 152 158 162 167 170 171 173 177 179 181 187 190 194 
0 11 1 21 22 23 25 26 28 30 32 
0 12 2 35 40 42 46 50 109 110 
0 13 3 51 52 54 55 56 59 61 62 63 
0 14 4 65 72 73 74 75 
0 15 5 77 78 79 80 81 82 83 84 85 86 87 88 
0 16 6 92 94 98 
0 17 7 43 104 105 107 108 111 117 
0 18 8 125 
0 19 9 133 135 136 143 
0 20 10 146 151 152 158 162 
0 21 1 11 22 23 27 31 
0 22 1 11 21 23 26 28 30 31 32 
0 23 1 11 21 22 24 27 28 30 31 
0 24 23 30 31 
0 25 1 11 26 28 32 
0 26 1 11 22 25 28 30 32 
0 27 21 23 
0 28 1 11 22 23 25 26 30 32 
0 29 
0 30 1 11 22 23 24 26 28 31 32 
0 31 21 22 23 24 30 
0 32 1 11 22 25 26 28 30 
0 33 
0 34 47 
0 35 2 12 36 37 42 46 49 104 109 110 
0 36 35 43 46 48 104 105 107 109 110 115 
0 37 35 38 41 47 49 103 109 110 116 120 
0 38 37 41 49 103 107 109 110 116 117 120 
0 39 45 
0 40 2 12 42 50 
0 41 37 38 49 103 107 109 110 116 120 
0 42 2 12 35 40 46 109 
0 43 7 17 36 48 104 105 106 115 
0 44 50 
0 45 39 
0 46 2 12 35 36 42 48 109 
0 47 34 37 49 103 
0 48 36 43 46 104 106 115 
0 49 35 37 38 41 47 103 109 110 116 
0 50 2 12 40 44 
0 51 3 13 52 53 54 55 57 58 59 
0 52 3 13 51 53 54 55 58 59 60 
0 53 51 52 54 58 59 60 
0 54 3 13 51 52 53 55 58 59 60 
0 55 3 13 51 52 54 59 61 62 63 
0 56 3 13 61 
0 57 51 138 141 142 
0 58 51 52 53 54 59 60 
0 59 3 13 51 52 53 54 55 58 60 62 
0 60 52 53 54 58 59 
0 61 3 13 55 56 62 63 
0 62 3 13 55 59 61 63 138 
0 63 3 13 55 61 62 138 
0 64 67 72 73 
0 65 4 14 68 70 72 73 75 76 
0 66 70 75 
0 67 64 73 
0 68 65 71 73 76 
0 69 75 
0 70 65 66 71 75 
0 71 68 70 76 
0 72 4 14 64 65 74 
0 73 4 14 64 65 67 68 76 
0 74 4 14 72 
0 75 4 14 65 66 69 70 
0 76 65 68 71 73 
0 77 5 15 78 80 81 83 85 88 
0 78 5 15 77 79 80 81 82 83 85 86 88 
0 79 5 15 78 81 82 83 84 86 87 88 
0 80 5 15 77 78 81 82 83 84 85 86 
0 81 5 15 77 78 79 80 82 83 84 85 86 88 
0 82 5 15 78 79 80 81 83 84 85 86 87 88 
0 83 5 15 77 78 79 80 81 82 84 85 86 87 
0 84 5 15 79 80 81 82 83 86 87 
0 85 5 15 77 78 80 81 82 83 86 88 
0 86 5 15 78 79 80 81 82 83 84 85 87 
0 87 5 15 79 82 83 84 86 
0 88 5 15 77 78 79 81 82 85 
0 89 92 95 
0 90 91 97 99 100 
0 91 90 97 99 100 
0 92 6 16 89 95 101 
0 93 94 96 
0 94 6 16 93 96 98 
0 95 89 92 
0 96 93 94 
0 97 90 91 99 100 101 
0 98 6 16 94 
0 99 90 91 97 100 
0 100 90 91 97 99 101 
0 101 92 97 100 
0 102 106 114 115 
0 103 37 38 41 47 49 116 120 
0 104 7 17 35 36 43 48 105 107 109 110 115 117 
0 105 7 17 36 43 104 106 107 114 115 
0 106 43 48 102 105 114 115 
0 107 7 17 36 38 41 104 105 108 111 116 117 120 
0 108 7 17 107 111 112 116 117 120 
0 109 2 12 35 36 37 38 41 42 46 49 104 110 
0 110 2 12 35 36 37 38 41 49 104 109 
0 111 7 17 107 108 112 117 118 119 120 
0 112 108 111 113 117 118 119 
0 113 112 118 119 
0 114 102 105 106 115 
0 115 36 43 48 102 104 105 106 114 
0 116 37 38 41 49 103 107 108 117 120 
0 117 7 17 38 104 107 108 111 112 116 120 
0 118 111 112 113 119 
0 119 111 112 113 118 
0 120 37 38 41 103 107 108 111 116 117 
0 121 122 127 132 
0 122 121 127 132 
0 123 131 
0 124 128 130 
0 125 8 18 
0 126 128 
0 127 121 122 132 
0 128 124 126 130 
0 129 130 148 153 154 160 161 162 
0 130 124 128 129 145 
0 131 123 
0 132 121 122 127 
0 133 9 19 136 139 143 
0 134 139 141 
0 135 9 19 137 
0 136 9 19 133 143 
0 137 135 
0 138 57 62 63 140 141 142 144 
0 139 133 134 
0 140 138 144 
0 141 57 134 138 142 144 
0 142 57 138 141 
0 143 9 19 133 136 
0 144 138 140 141 
0 145 130 148 149 154 164 
0 146 10 20 152 155 158 
0 147 151 153 157 160 161 162 163 
0 148 129 145 149 153 154 160 161 162 164 
0 149 145 148 154 156 164 
0 150 156 159 
0 151 10 20 147 152 157 158 160 161 162 163 
0 152 10 20 146 151 157 158 
0 153 129 147 148 154 160 161 162 163 
0 154 129 145 148 149 153 160 161 162 164 
0 155 146 159 
0 156 149 150 164 
0 157 147 151 152 163 
0 158 10 20 146 151 152 162 
0 159 150 155 
0 160 129 147 148 151 153 154 161 162 163 
0 161 129 147 148 151 153 154 160 162 163 
0 162 10 20 129 147 148 151 153 154 158 160 161 163 
0 163 147 151 153 157 160 161 162 
0 164 145 148 149 154 156 
0 165 0 2 3 7 
0 166 0 1 5 9 
0 167 0 4 6 8 10 
0 168 0 1 3 5 7 8 
0 169 0 2 4 9 
0 170 0 6 10 
0 171 0 1 4 6 10 
0 172 0 2 5 7 8 9 
0 173 0 3 7 9 10 
0 174 0 1 5 8 
0 175 0 3 4 
0 176 0 1 2 4 6 
0 177 0 5 9 10 
0 178 0 2 3 6 7 8 
0 179 0 2 4 9 10 
0 180 0 1 3 6 7 8 
0 181 0 5 6 10 
0 182 0 2 3 5 8 9 
0 183 0 1 4 7 
0 184 0 4 5 
0 185 0 7 9 
0 186 0 2 3 6 8 
0 187 0 1 7 10 
0 188 0 3 5 8 9 
0 189 0 2 4 6 
0 190 0 7 10 
0 191 0 1 8 
0 192 0 4 9 
0 193 0 2 3 5 6 
0 194 0 9 10 
