0 960
0 0 151 152 153 154 155 156 157 158 159 160 161 162 163 164 165 166 167 168 169 170 171 172 173 174 175 176 177 178 179 180 
0 1 6 7 8 9 24 25 28 29 31 32 33 35 36 37 38 41 42 43 44 46 47 48 151 152 153 155 156 157 158 160 162 163 165 166 169 170 172 174 175 178 179 
0 2 10 11 49 50 52 55 56 57 59 61 62 63 64 65 67 68 69 71 72 151 152 154 155 156 157 159 160 161 162 165 167 168 170 171 172 175 176 178 
0 3 12 13 14 15 73 74 75 76 77 78 79 80 81 82 83 84 85 86 87 88 89 90 91 92 93 94 95 96 97 98 99 100 101 151 153 155 157 158 159 161 164 166 167 169 171 173 174 176 177 178 180 
0 4 16 17 18 102 103 104 105 106 107 108 109 110 111 112 113 114 115 116 117 118 119 120 121 122 123 124 151 152 153 155 156 157 158 160 162 163 164 165 168 170 173 174 175 178 179 180 
0 5 19 20 21 22 125 126 127 128 129 130 131 132 133 134 135 136 137 138 139 140 141 142 143 144 145 146 147 148 149 150 151 153 154 156 158 160 161 164 165 166 167 169 171 172 173 176 177 178 
0 6 1 7 8 9 24 25 28 29 31 32 33 35 36 37 38 41 42 43 44 46 47 48 
0 7 1 6 8 9 24 25 28 29 31 32 33 35 36 37 38 41 42 43 44 46 47 48 
0 8 1 6 7 9 24 25 28 29 31 32 33 35 36 37 38 41 42 43 44 46 47 48 
0 9 1 6 7 8 24 25 28 29 31 32 33 35 36 37 38 41 42 43 44 46 47 48 
0 10 2 11 49 50 52 55 56 57 59 61 62 63 64 65 67 68 69 71 72 
0 11 2 10 49 50 52 55 56 57 59 61 62 63 64 65 67 68 69 71 72 
0 12 3 13 14 15 73 74 75 76 77 78 79 80 81 82 83 84 85 86 87 88 89 90 91 92 93 94 95 96 97 98 99 100 101 
0 13 3 12 14 15 73 74 75 76 77 78 79 80 81 82 83 84 85 86 87 88 89 90 91 92 93 94 95 96 97 98 99 100 101 
0 14 3 12 13 15 73 74 75 76 77 78 79 80 81 82 83 84 85 86 87 88 89 90 91 92 93 94 95 96 97 98 99 100 101 
0 15 3 12 13 14 73 74 75 76 77 78 79 80 81 82 83 84 85 86 87 88 89 90 91 92 93 94 95 96 97 98 99 100 101 
0 16 4 17 18 102 103 104 105 106 107 108 109 110 111 112 113 114 115 116 117 118 119 120 121 122 123 124 
0 17 4 16 18 102 103 104 105 106 107 108 109 110 111 112 113 114 115 116 117 118 119 120 121 122 123 124 
0 18 4 16 17 102 103 104 105 106 107 108 109 110 111 112 113 114 115 116 117 118 119 120 121 122 123 124 
0 19 5 20 21 22 125 126 127 128 129 130 131 132 133 134 135 136 137 138 139 140 141 142 143 144 145 146 147 148 149 150 
0 20 5 19 21 22 125 126 127 128 129 130 131 132 133 134 135 136 137 138 139 140 141 142 143 144 145 146 147 148 149 150 
0 21 5 19 20 22 125 126 127 128 129 130 131 132 133 134 135 136 137 138 139 140 141 142 143 144 145 146 147 148 149 150 
0 22 5 19 20 21 125 126 127 128 129 130 131 132 133 134 135 136 137 138 139 140 141 142 143 144 145 146 147 148 149 150 
0 23 27 29 30 33 40 41 42 45 47 48 
0 24 1 6 7 8 9 27 28 29 30 31 32 33 35 36 37 38 41 42 43 45 46 47 48 
0 25 1 6 7 8 9 28 29 30 33 38 42 43 44 48 
0 26 28 30 31 32 35 36 37 38 39 41 43 44 46 47 
0 27 23 24 29 30 40 41 42 45 47 
0 28 1 6 7 8 9 24 25 26 29 30 31 32 33 34 35 36 37 38 39 41 43 44 46 47 
0 29 1 6 7 8 9 23 24 25 27 28 33 35 37 38 41 42 45 46 47 48 
0 30 23 24 25 26 27 28 31 32 36 38 40 44 45 
0 31 1 6 7 8 9 24 26 28 30 32 34 35 36 37 38 39 41 43 44 46 47 
0 32 1 6 7 8 9 24 26 28 30 31 33 35 36 37 38 41 42 43 44 46 47 
0 33 1 6 7 8 9 23 24 25 28 29 32 35 36 37 38 42 46 48 
0 34 28 31 35 37 39 41 43 44 46 47 
0 35 1 6 7 8 9 24 26 28 29 31 32 33 34 36 37 38 39 42 46 48 
0 36 1 6 7 8 9 24 26 28 30 31 32 33 35 37 38 41 43 46 47 
0 37 1 6 7 8 9 24 26 28 29 31 32 33 34 35 36 38 39 41 42 43 44 46 47 48 
0 38 1 6 7 8 9 24 25 26 28 29 30 31 32 33 35 36 37 42 43 44 48 
0 39 26 28 31 34 35 37 40 41 42 43 44 47 48 
0 40 23 27 30 39 41 42 45 47 48 
0 41 1 6 7 8 9 23 24 26 27 28 29 31 32 34 36 37 39 40 42 43 44 45 46 47 
0 42 1 6 7 8 9 23 24 25 27 29 32 33 35 37 38 39 40 41 45 47 48 
0 43 1 6 7 8 9 24 25 26 28 31 32 34 36 37 38 39 41 44 46 47 48 
0 44 1 6 7 8 9 25 26 28 30 31 32 34 37 38 39 41 43 47 48 
0 45 23 24 27 29 30 40 41 42 47 
0 46 1 6 7 8 9 24 26 28 29 31 32 33 34 35 36 37 41 43 47 
0 47 1 6 7 8 9 23 24 26 27 28 29 31 32 34 36 37 39 40 41 42 43 44 45 46 
0 48 1 6 7 8 9 23 24 25 29 33 35 37 38 39 40 42 43 44 
0 49 2 10 11 50 51 53 55 56 62 64 68 70 72 
0 50 2 10 11 49 52 53 56 62 64 65 69 71 72 
0 51 49 54 55 57 61 64 68 70 71 72 
0 52 2 10 11 50 53 55 56 58 59 62 64 65 66 67 68 69 70 71 
0 53 49 50 52 55 56 59 60 61 62 64 65 67 69 70 71 
0 54 51 61 63 67 68 70 72 
0 55 2 10 11 49 51 52 53 58 64 66 68 69 70 72 
0 56 2 10 11 49 50 52 53 57 58 62 64 65 66 69 70 71 
0 57 2 10 11 51 56 58 59 60 61 62 65 66 71 
0 58 52 55 56 57 62 66 68 69 
0 59 2 10 11 52 53 57 60 61 62 63 65 67 68 69 
0 60 53 57 59 61 63 65 69 71 
0 61 2 10 11 51 53 54 57 59 60 63 65 67 69 71 
0 62 2 10 11 49 50 52 53 56 57 58 59 64 65 66 67 69 71 72 
0 63 2 10 11 54 59 60 61 65 67 68 69 70 
0 64 2 10 11 49 50 51 52 53 55 56 62 67 69 70 72 
0 65 2 10 11 50 52 53 56 57 59 60 61 62 63 67 68 69 71 
0 66 52 55 56 57 58 62 67 68 69 70 
0 67 2 10 11 52 53 54 59 61 62 63 64 65 66 68 69 70 
0 68 2 10 11 49 51 52 54 55 58 59 63 65 66 67 69 70 72 
0 69 2 10 11 50 52 53 55 56 58 59 60 61 62 63 64 65 66 67 68 70 71 
0 70 49 51 52 53 54 55 56 63 64 66 67 68 69 72 
0 71 2 10 11 50 51 52 53 56 57 60 61 62 65 69 
0 72 2 10 11 49 50 51 54 55 62 64 68 70 
0 73 3 12 13 14 15 76 78 79 80 81 82 83 84 85 86 87 88 89 92 94 96 97 99 101 
0 74 3 12 13 14 15 75 77 78 80 83 85 87 88 89 90 92 93 94 95 97 98 99 100 101 
0 75 3 12 13 14 15 74 76 77 79 81 82 83 85 89 91 92 94 95 96 97 99 100 
0 76 3 12 13 14 15 73 75 77 79 81 82 85 86 87 89 91 92 94 96 97 100 
0 77 3 12 13 14 15 74 75 76 78 79 81 82 83 85 89 91 92 94 95 96 97 99 100 101 
0 78 3 12 13 14 15 73 74 77 79 80 81 84 86 87 88 89 90 92 93 94 95 96 97 98 99 100 101 
0 79 3 12 13 14 15 73 75 76 77 78 80 81 82 83 84 85 86 87 88 89 91 92 94 95 96 97 99 100 101 
0 80 3 12 13 14 15 73 74 78 79 81 83 84 85 86 87 88 89 90 92 93 94 95 96 97 98 99 100 101 
0 81 3 12 13 14 15 73 75 76 77 78 79 80 82 83 84 85 86 87 88 89 90 91 94 95 96 97 99 100 101 
0 82 3 12 13 14 15 73 75 76 77 79 81 83 85 86 87 89 91 94 96 97 
0 83 3 12 13 14 15 73 74 75 77 79 80 81 82 84 85 86 87 88 89 90 91 92 93 94 95 96 97 98 99 100 101 
0 84 3 12 13 14 15 73 78 79 80 81 83 85 86 87 88 89 90 92 93 94 96 97 98 99 101 
0 85 3 12 13 14 15 73 74 75 76 77 79 80 81 82 83 84 88 89 90 91 92 93 94 95 96 97 98 99 100 101 
0 86 3 12 13 14 15 73 76 78 79 80 81 82 83 84 87 88 91 92 93 94 96 99 100 
0 87 3 12 13 14 15 73 74 76 78 79 80 81 82 83 84 86 88 89 90 91 92 93 94 95 96 98 99 100 101 
0 88 3 12 13 14 15 73 74 78 79 80 81 83 84 85 86 87 89 90 92 93 94 95 96 97 98 99 100 101 
0 89 3 12 13 14 15 73 74 75 76 77 78 79 80 81 82 83 84 85 87 88 90 91 92 93 94 95 96 97 98 99 100 101 
0 90 3 12 13 14 15 74 78 80 81 83 84 85 87 88 89 93 94 95 96 97 98 100 101 
0 91 3 12 13 14 15 75 76 77 79 81 82 83 85 86 87 89 92 94 95 96 97 99 100 
0 92 3 12 13 14 15 73 74 75 76 77 78 79 80 83 84 85 86 87 88 89 91 93 94 95 96 97 98 99 100 
0 93 3 12 13 14 15 74 78 80 83 84 85 86 87 88 89 90 92 94 95 97 98 99 100 101 
0 94 3 12 13 14 15 73 74 75 76 77 78 79 80 81 82 83 84 85 86 87 88 89 90 91 92 93 95 96 97 98 99 100 101 
0 95 3 12 13 14 15 74 75 77 78 79 80 81 83 85 87 88 89 90 91 92 93 94 96 97 98 99 100 101 
0 96 3 12 13 14 15 73 75 76 77 78 79 80 81 82 83 84 85 86 87 88 89 90 91 92 94 95 97 99 100 101 
0 97 3 12 13 14 15 73 74 75 76 77 78 79 80 81 82 83 84 85 88 89 90 91 92 93 94 95 96 98 99 100 101 
0 98 3 12 13 14 15 74 78 80 83 84 85 87 88 89 90 92 93 94 95 97 99 100 101 
0 99 3 12 13 14 15 73 74 75 77 78 79 80 81 83 84 85 86 87 88 89 91 92 93 94 95 96 97 98 100 
0 100 3 12 13 14 15 74 75 76 77 78 79 80 81 83 85 86 87 88 89 90 91 92 93 94 95 96 97 98 99 101 
0 101 3 12 13 14 15 73 74 77 78 79 80 81 83 84 85 87 88 89 90 93 94 95 96 97 98 100 
0 102 4 16 17 18 103 104 106 107 108 109 110 111 112 113 114 115 116 117 118 119 120 121 122 123 124 
0 103 4 16 17 18 102 105 106 107 108 109 110 111 112 113 114 115 117 118 119 120 121 122 123 124 
0 104 4 16 17 18 102 105 106 107 109 110 111 112 113 114 116 117 118 121 123 
0 105 4 16 17 18 103 104 106 107 108 109 110 111 112 113 114 115 116 118 120 122 123 124 
0 106 4 16 17 18 102 103 104 105 107 108 109 110 111 112 113 114 115 116 117 118 119 120 121 122 123 124 
0 107 4 16 17 18 102 103 104 105 106 108 109 110 111 112 113 114 115 116 117 118 120 121 122 123 124 
0 108 4 16 17 18 102 103 105 106 107 109 110 111 112 113 114 115 116 117 118 119 120 121 122 123 124 
0 109 4 16 17 18 102 103 104 105 106 107 108 110 111 112 113 114 115 116 117 118 119 120 121 122 123 124 
0 110 4 16 17 18 102 103 104 105 106 107 108 109 111 112 113 114 115 116 117 118 120 121 123 124 
0 111 4 16 17 18 102 103 104 105 106 107 108 109 110 112 113 114 115 116 117 118 119 120 121 122 123 124 
0 112 4 16 17 18 102 103 104 105 106 107 108 109 110 111 113 114 115 116 117 118 119 120 121 122 123 124 
0 113 4 16 17 18 102 103 104 105 106 107 108 109 110 111 112 114 115 116 117 118 119 120 121 122 123 
0 114 4 16 17 18 102 103 104 105 106 107 108 109 110 111 112 113 115 116 117 118 119 120 121 122 123 124 
0 115 4 16 17 18 102 103 105 106 107 108 109 110 111 112 113 114 116 117 118 119 120 121 122 123 124 
0 116 4 16 17 18 102 104 105 106 107 108 109 110 111 112 113 114 115 117 118 119 120 121 123 
0 117 4 16 17 18 102 103 104 106 107 108 109 110 111 112 113 114 115 116 118 119 120 121 122 123 124 
0 118 4 16 17 18 102 103 104 105 106 107 108 109 110 111 112 113 114 115 116 117 119 120 121 122 123 124 
0 119 4 16 17 18 102 103 106 108 109 111 112 113 114 115 116 117 118 120 121 122 123 124 
0 120 4 16 17 18 102 103 105 106 107 108 109 110 111 112 113 114 115 116 117 118 119 121 122 123 124 
0 121 4 16 17 18 102 103 104 106 107 108 109 110 111 112 113 114 115 116 117 118 119 120 122 123 124 
0 122 4 16 17 18 102 103 105 106 107 108 109 111 112 113 114 115 117 118 119 120 121 124 
0 123 4 16 17 18 102 103 104 105 106 107 108 109 110 111 112 113 114 115 116 117 118 119 120 121 124 
0 124 4 16 17 18 102 103 105 106 107 108 109 110 111 112 114 115 117 118 119 120 121 122 123 
0 125 5 19 20 21 22 126 127 128 129 130 131 132 133 134 135 136 137 138 139 140 141 142 143 144 145 147 148 149 150 
0 126 5 19 20 21 22 125 127 128 129 130 132 133 134 135 136 137 138 139 140 141 142 143 144 145 146 147 148 149 150 
0 127 5 19 20 21 22 125 126 128 129 130 131 132 133 135 136 137 138 139 140 141 142 143 144 145 146 147 148 149 150 
0 128 5 19 20 21 22 125 126 127 129 130 131 132 133 134 135 136 138 139 140 141 142 144 145 146 147 148 150 
0 129 5 19 20 21 22 125 126 127 128 130 131 132 133 134 135 136 137 138 139 140 141 142 143 144 145 146 147 148 149 150 
0 130 5 19 20 21 22 125 126 127 128 129 131 132 133 134 135 136 137 138 139 140 141 142 143 144 145 146 147 148 149 150 
0 131 5 19 20 21 22 125 127 128 129 130 132 133 134 135 136 137 138 139 141 143 144 145 147 148 149 150 
0 132 5 19 20 21 22 125 126 127 128 129 130 131 133 136 137 138 139 140 141 142 143 144 145 146 148 149 150 
0 133 5 19 20 21 22 125 126 127 128 129 130 131 132 134 135 136 137 138 139 140 141 142 143 144 145 146 147 148 149 150 
0 134 5 19 20 21 22 125 126 128 129 130 131 133 135 136 137 138 139 140 141 142 143 144 145 146 147 148 149 150 
0 135 5 19 20 21 22 125 126 127 128 129 130 131 133 134 136 137 138 139 140 141 142 143 144 145 146 147 148 149 150 
0 136 5 19 20 21 22 125 126 127 128 129 130 131 132 133 134 135 137 138 139 140 141 142 143 144 145 146 147 148 149 150 
0 137 5 19 20 21 22 125 126 127 129 130 131 132 133 134 135 136 138 139 140 141 142 143 144 145 147 148 149 150 
0 138 5 19 20 21 22 125 126 127 128 129 130 131 132 133 134 135 136 137 139 141 143 144 145 146 147 148 149 150 
0 139 5 19 20 21 22 125 126 127 128 129 130 131 132 133 134 135 136 137 138 140 141 142 143 144 145 146 147 148 149 150 
0 140 5 19 20 21 22 125 126 127 128 129 130 132 133 134 135 136 137 139 141 142 143 144 145 146 147 148 149 150 
0 141 5 19 20 21 22 125 126 127 128 129 130 131 132 133 134 135 136 137 138 139 140 142 143 144 145 147 148 149 150 
0 142 5 19 20 21 22 125 126 127 128 129 130 132 133 134 135 136 137 139 140 141 143 144 145 146 147 148 150 
0 143 5 19 20 21 22 125 126 127 129 130 131 132 133 134 135 136 137 138 139 140 141 142 144 145 146 147 148 149 150 
0 144 5 19 20 21 22 125 126 127 128 129 130 131 132 133 134 135 136 137 138 139 140 141 142 143 145 146 147 148 149 150 
0 145 5 19 20 21 22 125 126 127 128 129 130 131 132 133 134 135 136 137 138 139 140 141 142 143 144 147 148 149 150 
0 146 5 19 20 21 22 126 127 128 129 130 132 133 134 135 136 138 139 140 142 143 144 147 149 150 
0 147 5 19 20 21 22 125 126 127 128 129 130 131 133 134 135 136 137 138 139 140 141 142 143 144 145 146 148 150 
0 148 5 19 20 21 22 125 126 127 128 129 130 131 132 133 134 135 136 137 138 139 140 141 142 143 144 145 147 149 150 
0 149 5 19 20 21 22 125 126 127 129 130 131 132 133 134 135 136 137 138 139 140 141 143 144 145 146 148 150 
0 150 5 19 20 21 22 125 126 127 128 129 130 131 132 133 134 135 136 137 138 139 140 141 142 143 144 145 146 147 148 149 
0 151 0 1 2 3 4 5 
0 152 0 1 2 4 
0 153 0 1 3 4 5 
0 154 0 2 5 
0 155 0 1 2 3 4 
0 156 0 1 2 4 5 
0 157 0 1 2 3 4 
0 158 0 1 3 4 5 
0 159 0 2 3 
0 160 0 1 2 4 5 
0 161 0 2 3 5 
0 162 0 1 2 4 
0 163 0 1 4 
0 164 0 3 4 5 
0 165 0 1 2 4 5 
0 166 0 1 3 5 
0 167 0 2 3 5 
0 168 0 2 4 
0 169 0 1 3 5 
0 170 0 1 2 4 
0 171 0 2 3 5 
0 172 0 1 2 5 
0 173 0 3 4 5 
0 174 0 1 3 4 
0 175 0 1 2 4 
0 176 0 2 3 5 
0 177 0 3 5 
0 178 0 1 2 3 4 5 
0 179 0 1 4 
0 180 0 3 4 
