0 961
0 0 82 83 84 85 86 87 88 89 90 91 92 93 94 95 96 97 98 99 100 101 102 103 104 105 106 107 108 109 110 111 
0 1 6 11 12 15 16 19 20 21 22 23 25 26 83 84 85 87 89 90 93 95 96 99 100 102 104 106 107 108 110 
0 2 7 29 31 34 35 36 83 85 86 88 89 91 92 94 96 97 100 101 103 106 107 109 110 111 
0 3 8 39 40 41 42 43 44 45 46 48 49 50 51 52 53 82 83 84 86 87 88 89 91 92 93 96 97 99 101 104 105 107 108 110 111 
0 4 9 54 55 56 57 58 59 60 61 62 63 64 82 83 84 85 86 88 89 90 92 94 95 97 98 99 100 102 104 105 107 108 109 
0 5 10 70 71 73 74 75 78 79 81 82 84 85 87 88 90 93 95 97 98 99 101 102 103 106 107 108 111 
0 6 1 11 12 15 16 19 20 21 22 23 25 26 
0 7 2 29 31 34 35 36 
0 8 3 39 40 41 42 43 44 45 46 48 49 50 51 52 53 
0 9 4 54 55 56 57 58 59 60 61 62 63 64 
0 10 5 70 71 73 74 75 78 79 81 
0 11 1 6 13 14 16 17 18 19 20 21 22 23 24 26 
0 12 1 6 15 18 19 20 21 22 23 25 26 
0 13 11 14 15 16 17 18 19 21 25 
0 14 11 13 15 16 17 18 19 23 26 
0 15 1 6 12 13 14 16 18 19 20 21 23 25 26 
0 16 1 6 11 13 14 15 18 19 21 22 23 25 26 
0 17 11 13 14 18 19 20 22 26 
0 18 11 12 13 14 15 16 17 19 21 25 
0 19 1 6 11 12 13 14 15 16 17 18 20 21 22 23 25 
0 20 1 6 11 12 15 17 19 21 22 23 24 26 
0 21 1 6 11 12 13 15 16 18 19 20 22 24 25 
0 22 1 6 11 12 16 17 19 20 21 23 25 26 
0 23 1 6 11 12 14 15 16 19 20 22 26 
0 24 11 20 21 
0 25 1 6 12 13 15 16 18 19 21 22 
0 26 1 6 11 12 14 15 16 17 20 22 23 
0 27 30 35 37 
0 28 33 34 35 
0 29 2 7 31 32 33 36 
0 30 27 32 36 37 
0 31 2 7 29 34 36 
0 32 29 30 
0 33 28 29 34 35 36 
0 34 2 7 28 31 33 
0 35 2 7 27 28 33 37 
0 36 2 7 29 30 31 33 37 
0 37 27 30 35 36 
0 38 39 40 42 44 45 47 51 52 
0 39 3 8 38 40 42 44 47 49 50 51 53 
0 40 3 8 38 39 41 42 43 44 46 47 48 49 50 51 52 
0 41 3 8 40 42 43 44 45 46 48 49 50 52 53 
0 42 3 8 38 39 40 41 44 45 46 47 48 49 51 52 53 
0 43 3 8 40 41 46 48 49 50 52 
0 44 3 8 38 39 40 41 42 45 47 48 49 50 51 52 53 
0 45 3 8 38 41 42 44 48 49 51 52 53 
0 46 3 8 40 41 42 43 48 
0 47 38 39 40 42 44 48 49 50 51 53 
0 48 3 8 40 41 42 43 44 45 46 47 49 51 52 53 
0 49 3 8 39 40 41 42 43 44 45 47 48 50 51 52 53 
0 50 3 8 39 40 41 43 44 47 49 51 52 53 
0 51 3 8 38 39 40 42 44 45 47 48 49 50 52 53 
0 52 3 8 38 40 41 42 43 44 45 48 49 50 51 53 
0 53 3 8 39 41 42 44 45 47 48 49 50 51 52 
0 54 4 9 55 56 57 58 59 60 62 
0 55 4 9 54 56 57 59 60 61 62 63 
0 56 4 9 54 55 57 58 59 60 61 63 
0 57 4 9 54 55 56 58 59 60 63 64 
0 58 4 9 54 56 57 59 60 61 62 63 
0 59 4 9 54 55 56 57 58 60 61 62 63 64 
0 60 4 9 54 55 56 57 58 59 61 63 64 
0 61 4 9 55 56 58 59 60 62 63 64 
0 62 4 9 54 55 58 59 61 63 64 
0 63 4 9 55 56 57 58 59 60 61 62 64 
0 64 4 9 57 59 60 61 62 63 
0 65 67 68 69 71 73 77 79 80 
0 66 67 69 70 71 72 74 75 
0 67 65 66 70 73 77 78 79 81 
0 68 65 69 71 72 73 74 76 77 80 81 
0 69 65 66 68 71 73 75 77 78 80 
0 70 5 10 66 67 74 75 81 
0 71 5 10 65 66 68 69 73 75 77 78 80 
0 72 66 68 74 76 77 78 
0 73 5 10 65 67 68 69 71 79 80 
0 74 5 10 66 68 70 72 79 80 81 
0 75 5 10 66 69 70 71 78 81 
0 76 68 72 77 78 
0 77 65 67 68 69 71 72 76 78 
0 78 5 10 67 69 71 72 75 76 77 81 
0 79 5 10 65 67 73 74 
0 80 65 68 69 71 73 74 81 
0 81 5 10 67 68 70 74 75 78 80 
0 82 0 3 4 5 
0 83 0 1 2 3 4 
0 84 0 1 3 4 5 
0 85 0 1 2 4 5 
0 86 0 2 3 4 
0 87 0 1 3 5 
0 88 0 2 3 4 5 
0 89 0 1 2 3 4 
0 90 0 1 4 5 
0 91 0 2 3 
0 92 0 2 3 4 
0 93 0 1 3 5 
0 94 0 2 4 
0 95 0 1 4 5 
0 96 0 1 2 3 
0 97 0 2 3 4 5 
0 98 0 4 5 
0 99 0 1 3 4 5 
0 100 0 1 2 4 
0 101 0 2 3 5 
0 102 0 1 4 5 
0 103 0 2 5 
0 104 0 1 3 4 
0 105 0 3 4 
0 106 0 1 2 5 
0 107 0 1 2 3 4 5 
0 108 0 1 3 4 5 
0 109 0 2 4 
0 110 0 1 2 3 
0 111 0 2 3 5 
900 0 82 83 84 85 86 87 88 89 90 91 92 93 94 95 96 97 98 99 100 101 102 103 104 105 106 107 108 109 110 111 
900 1 6 11 13 14 15 16 17 18 21 23 24 25 26 83 84 85 87 89 90 93 95 96 99 100 102 104 106 107 108 110 
900 2 7 27 28 32 34 35 83 85 86 88 89 91 92 94 96 97 100 101 103 106 107 109 110 111 
900 3 8 38 39 40 41 42 43 44 46 47 48 49 50 51 52 53 82 83 84 86 87 88 89 91 92 93 96 97 99 101 104 105 107 108 110 111 
900 4 9 54 55 56 57 58 59 60 61 62 63 64 82 83 84 85 86 88 89 90 92 94 95 97 98 99 100 102 104 105 107 108 109 
900 5 10 65 66 69 76 79 81 82 84 85 87 88 90 93 95 97 98 99 101 102 103 106 107 108 111 
900 6 1 11 13 14 15 16 17 18 21 23 24 25 26 
900 7 2 27 28 32 34 35 
900 8 3 38 39 40 41 42 43 44 46 47 48 49 50 51 52 53 
900 9 4 54 55 56 57 58 59 60 61 62 63 64 
900 10 5 65 66 69 76 79 81 
900 11 1 6 12 13 14 17 21 23 25 26 
900 12 11 14 15 16 17 19 22 23 
900 13 1 6 11 14 15 16 17 18 21 23 24 25 26 
900 14 1 6 11 12 13 15 16 17 18 19 20 22 23 26 
900 15 1 6 12 13 14 16 17 18 19 21 22 24 26 
900 16 1 6 12 13 14 15 17 18 19 21 22 23 25 26 
900 17 1 6 11 12 13 14 15 16 18 19 21 22 23 24 25 26 
900 18 1 6 13 14 15 16 17 21 24 26 
900 19 12 14 15 16 17 22 23 25 
900 20 14 21 
900 21 1 6 11 13 15 16 17 18 20 24 25 26 
900 22 12 14 15 16 17 19 24 
900 23 1 6 11 12 13 14 16 17 19 25 26 
900 24 1 6 13 15 17 18 21 22 26 
900 25 1 6 11 13 16 17 19 21 23 26 
900 26 1 6 11 13 14 15 16 17 18 21 23 24 25 
900 27 2 7 28 32 35 37 
900 28 2 7 27 32 33 35 37 
900 29 31 33 34 36 
900 30 37 
900 31 29 33 34 
900 32 2 7 27 28 35 37 
900 33 28 29 31 34 36 
900 34 2 7 29 31 33 
900 35 2 7 27 28 32 37 
900 36 29 33 
900 37 27 28 30 32 35 
900 38 3 8 39 40 42 43 46 48 51 53 
900 39 3 8 38 40 41 42 43 44 46 47 48 49 51 52 53 
900 40 3 8 38 39 41 42 44 45 46 47 48 49 50 51 52 
900 41 3 8 39 40 42 45 46 47 48 49 50 51 52 
900 42 3 8 38 39 40 41 43 45 46 47 48 49 50 51 52 53 
900 43 3 8 38 39 42 44 47 48 51 52 53 
900 44 3 8 39 40 43 46 50 52 53 
900 45 40 41 42 46 47 49 50 52 
900 46 3 8 38 39 40 41 42 44 45 48 50 51 
900 47 3 8 39 40 41 42 43 45 48 49 50 51 52 53 
900 48 3 8 38 39 40 41 42 43 46 47 51 52 53 
900 49 3 8 39 40 41 42 45 47 50 52 
900 50 3 8 40 41 42 44 45 46 47 49 52 
900 51 3 8 38 39 40 41 42 43 46 47 48 53 
900 52 3 8 39 40 41 42 43 44 45 47 48 49 50 53 
900 53 3 8 38 39 42 43 44 47 48 51 52 
900 54 4 9 55 56 57 58 59 60 61 62 63 64 
900 55 4 9 54 57 58 59 60 61 62 63 64 
900 56 4 9 54 57 58 59 60 61 62 63 64 
900 57 4 9 54 55 56 58 59 60 61 62 63 64 
900 58 4 9 54 55 56 57 59 60 61 62 63 64 
900 59 4 9 54 55 56 57 58 60 61 62 63 64 
900 60 4 9 54 55 56 57 58 59 61 62 63 64 
900 61 4 9 54 55 56 57 58 59 60 62 63 64 
900 62 4 9 54 55 56 57 58 59 60 61 63 64 
900 63 4 9 54 55 56 57 58 59 60 61 62 64 
900 64 4 9 54 55 56 57 58 59 60 61 62 63 
900 65 5 10 66 67 68 70 75 76 78 79 80 
900 66 5 10 65 71 72 73 74 78 
900 67 65 68 70 72 76 77 78 79 80 
900 68 65 67 70 72 74 75 76 78 79 80 
900 69 5 10 76 77 78 81 
900 70 65 67 68 72 74 76 77 78 79 
900 71 66 73 78 81 
900 72 66 67 68 70 74 75 77 80 
900 73 66 71 77 
900 74 66 68 70 72 75 
900 75 65 68 72 74 79 
900 76 5 10 65 67 68 69 70 78 79 80 81 
900 77 67 69 70 72 73 80 
900 78 65 66 67 68 69 70 71 76 80 81 
900 79 5 10 65 67 68 70 75 76 81 
900 80 65 67 68 72 76 77 78 
900 81 5 10 69 71 76 78 79 
900 82 0 3 4 5 
900 83 0 1 2 3 4 
900 84 0 1 3 4 5 
900 85 0 1 2 4 5 
900 86 0 2 3 4 
900 87 0 1 3 5 
900 88 0 2 3 4 5 
900 89 0 1 2 3 4 
900 90 0 1 4 5 
900 91 0 2 3 
900 92 0 2 3 4 
900 93 0 1 3 5 
900 94 0 2 4 
900 95 0 1 4 5 
900 96 0 1 2 3 
900 97 0 2 3 4 5 
900 98 0 4 5 
900 99 0 1 3 4 5 
900 100 0 1 2 4 
900 101 0 2 3 5 
900 102 0 1 4 5 
900 103 0 2 5 
900 104 0 1 3 4 
900 105 0 3 4 
900 106 0 1 2 5 
900 107 0 1 2 3 4 5 
900 108 0 1 3 4 5 
900 109 0 2 4 
900 110 0 1 2 3 
900 111 0 2 3 5 
