0 960
0 0 84 85 86 87 88 89 90 91 92 93 94 95 96 97 98 99 100 101 102 103 104 105 106 107 108 109 110 111 112 113 
0 1 4 5 13 14 15 16 17 18 19 20 21 22 23 24 25 26 27 28 29 30 31 32 33 34 85 88 89 90 91 93 94 95 97 99 100 103 105 106 108 109 110 111 113 
0 2 6 7 8 9 39 40 41 42 43 46 48 51 52 54 55 57 58 84 86 88 89 90 91 93 94 96 98 100 101 102 104 107 108 110 112 113 
0 3 10 11 12 59 60 61 62 63 64 65 66 68 69 71 72 73 75 76 77 78 79 80 83 84 87 88 89 90 91 92 93 96 97 99 100 101 102 106 107 109 110 112 
0 4 1 5 13 14 15 16 17 18 19 20 21 22 23 24 25 26 27 28 29 30 31 32 33 34 
0 5 1 4 13 14 15 16 17 18 19 20 21 22 23 24 25 26 27 28 29 30 31 32 33 34 
0 6 2 7 8 9 39 40 41 42 43 46 48 51 52 54 55 57 58 
0 7 2 6 8 9 39 40 41 42 43 46 48 51 52 54 55 57 58 
0 8 2 6 7 9 39 40 41 42 43 46 48 51 52 54 55 57 58 
0 9 2 6 7 8 39 40 41 42 43 46 48 51 52 54 55 57 58 
0 10 3 11 12 59 60 61 62 63 64 65 66 68 69 71 72 73 75 76 77 78 79 80 83 
0 11 3 10 12 59 60 61 62 63 64 65 66 68 69 71 72 73 75 76 77 78 79 80 83 
0 12 3 10 11 59 60 61 62 63 64 65 66 68 69 71 72 73 75 76 77 78 79 80 83 
0 13 1 4 5 14 16 17 19 20 21 22 25 26 28 30 31 32 33 34 
0 14 1 4 5 13 16 18 19 20 21 22 24 25 27 29 30 31 32 34 
0 15 1 4 5 16 17 18 19 21 22 23 24 26 27 28 29 31 33 
0 16 1 4 5 13 14 15 17 18 19 20 21 22 24 25 26 27 28 29 30 31 32 33 34 
0 17 1 4 5 13 15 16 18 19 20 21 22 23 24 26 27 28 30 31 32 33 
0 18 1 4 5 14 15 16 17 19 21 23 26 27 28 29 31 33 34 
0 19 1 4 5 13 14 15 16 17 18 20 21 23 24 25 26 27 28 29 30 31 32 33 34 
0 20 1 4 5 13 14 16 17 19 21 22 24 25 26 28 30 31 32 33 34 
0 21 1 4 5 13 14 15 16 17 18 19 20 22 25 26 27 28 29 30 31 32 33 
0 22 1 4 5 13 14 15 16 17 20 21 23 24 26 30 31 32 
0 23 1 4 5 15 17 18 19 22 24 26 27 28 29 30 31 33 
0 24 1 4 5 14 15 16 17 19 20 22 23 25 26 27 28 29 30 31 33 34 
0 25 1 4 5 13 14 16 19 20 21 24 27 28 30 32 33 34 
0 26 1 4 5 13 15 16 17 18 19 20 21 22 23 24 27 28 29 30 31 32 33 
0 27 1 4 5 14 15 16 17 18 19 21 23 24 25 26 28 29 33 34 
0 28 1 4 5 13 15 16 17 18 19 20 21 23 24 25 26 27 30 31 32 33 
0 29 1 4 5 14 15 16 18 19 21 23 24 26 27 32 33 34 
0 30 1 4 5 13 14 16 17 19 20 21 22 23 24 25 26 28 31 32 33 34 
0 31 1 4 5 13 14 15 16 17 18 19 20 21 22 23 24 26 28 30 32 33 
0 32 1 4 5 13 14 16 17 19 20 21 22 25 26 28 29 30 31 33 
0 33 1 4 5 13 15 16 17 18 19 20 21 23 24 25 26 27 28 29 30 31 32 
0 34 1 4 5 13 14 16 18 19 20 24 25 27 29 30 
0 35 37 38 39 40 41 44 46 47 48 51 53 54 55 56 
0 36 38 39 43 48 50 51 56 
0 37 35 40 41 44 45 46 47 53 54 55 56 57 58 
0 38 35 36 39 40 41 43 48 50 51 52 57 
0 39 2 6 7 8 9 35 36 38 40 41 43 48 51 52 53 54 55 56 57 
0 40 2 6 7 8 9 35 37 38 39 41 43 46 48 49 51 52 53 54 55 57 58 
0 41 2 6 7 8 9 35 37 38 39 40 42 43 45 48 49 51 52 53 54 55 56 57 58 
0 42 2 6 7 8 9 41 44 45 47 48 49 51 52 55 57 58 
0 43 2 6 7 8 9 36 38 39 40 41 48 50 51 52 56 
0 44 35 37 42 46 47 48 51 53 54 56 
0 45 37 41 42 47 53 54 55 56 57 58 
0 46 2 6 7 8 9 35 37 40 44 48 51 53 54 55 56 58 
0 47 35 37 42 44 45 54 56 57 58 
0 48 2 6 7 8 9 35 36 38 39 40 41 42 43 44 46 49 51 52 56 57 
0 49 40 41 42 48 50 52 57 58 
0 50 36 38 43 49 51 52 55 58 
0 51 2 6 7 8 9 35 36 38 39 40 41 42 43 44 46 48 50 52 55 56 57 
0 52 2 6 7 8 9 38 39 40 41 42 43 48 49 50 51 57 58 
0 53 35 37 39 40 41 44 45 46 54 55 56 57 58 
0 54 2 6 7 8 9 35 37 39 40 41 44 45 46 47 53 55 56 57 58 
0 55 2 6 7 8 9 35 37 39 40 41 42 45 46 50 51 53 54 56 58 
0 56 35 36 37 39 41 43 44 45 46 47 48 51 53 54 55 57 58 
0 57 2 6 7 8 9 37 38 39 40 41 42 45 47 48 49 51 52 53 54 56 58 
0 58 2 6 7 8 9 37 40 41 42 45 46 47 49 50 52 53 54 55 56 57 
0 59 3 10 11 12 60 61 66 67 71 72 73 76 77 79 
0 60 3 10 11 12 59 61 62 63 66 67 71 72 73 76 77 79 83 
0 61 3 10 11 12 59 60 63 65 66 67 68 71 73 76 77 78 79 81 83 
0 62 3 10 11 12 60 63 64 67 68 69 70 71 74 75 78 80 81 82 83 
0 63 3 10 11 12 60 61 62 64 65 68 69 70 71 72 74 75 76 77 78 79 80 82 83 
0 64 3 10 11 12 62 63 65 68 69 70 71 74 75 76 78 79 80 82 83 
0 65 3 10 11 12 61 63 64 66 68 70 71 72 73 74 75 76 77 78 79 81 83 
0 66 3 10 11 12 59 60 61 65 67 68 70 71 72 73 76 77 78 79 81 
0 67 59 60 61 62 66 71 72 73 76 79 81 82 
0 68 3 10 11 12 61 62 63 64 65 66 70 71 73 74 75 77 78 79 81 
0 69 3 10 11 12 62 63 64 72 73 74 75 77 78 80 82 83 
0 70 62 63 64 65 66 68 71 74 76 77 78 79 
0 71 3 10 11 12 59 60 61 62 63 64 65 66 67 68 70 73 76 77 78 79 81 82 83 
0 72 3 10 11 12 59 60 63 65 66 67 69 73 74 76 79 80 83 
0 73 3 10 11 12 59 60 61 65 66 67 68 69 71 72 76 77 78 79 80 81 83 
0 74 62 63 64 65 68 69 70 72 75 78 79 82 83 
0 75 3 10 11 12 62 63 64 65 68 69 74 78 79 80 82 83 
0 76 3 10 11 12 59 60 61 63 64 65 66 67 70 71 72 73 78 79 
0 77 3 10 11 12 59 60 61 63 65 66 68 69 70 71 73 78 79 80 81 83 
0 78 3 10 11 12 61 62 63 64 65 66 68 69 70 71 73 74 75 76 77 79 80 83 
0 79 3 10 11 12 59 60 61 63 64 65 66 67 68 70 71 72 73 74 75 76 77 78 81 
0 80 3 10 11 12 62 63 64 69 72 73 75 77 78 82 83 
0 81 61 62 65 66 67 68 71 73 77 79 82 
0 82 62 63 64 67 69 71 74 75 80 81 
0 83 3 10 11 12 60 61 62 63 64 65 69 71 72 73 74 75 77 78 80 
0 84 0 2 3 
0 85 0 1 
0 86 0 2 
0 87 0 3 
0 88 0 1 2 3 
0 89 0 1 2 3 
0 90 0 1 2 3 
0 91 0 1 2 3 
0 92 0 3 
0 93 0 1 2 3 
0 94 0 1 2 
0 95 0 1 
0 96 0 2 3 
0 97 0 1 3 
0 98 0 2 
0 99 0 1 3 
0 100 0 1 2 3 
0 101 0 2 3 
0 102 0 2 3 
0 103 0 1 
0 104 0 2 
0 105 0 1 
0 106 0 1 3 
0 107 0 2 3 
0 108 0 1 2 
0 109 0 1 3 
0 110 0 1 2 3 
0 111 0 1 
0 112 0 2 3 
0 113 0 1 2 
