0 21600
0 0 6 7 254 255 256 257 258 259 260 261 262 263 264 265 266 267 268 269 270 271 272 273 274 275 276 277 278 279 280 281 282 283 
0 1 50 51 
0 2 82 124 
0 3 120 121 
0 4 126 127 
0 5 192 193 
0 6 0 223 254 258 263 264 266 273 276 279 283 
0 7 0 252 254 257 262 265 272 275 278 279 281 
0 8 50 51 
0 9 50 51 
0 10 50 51 
0 11 82 124 
0 12 120 121 
0 13 120 121 
0 14 120 121 
0 15 126 127 
0 16 126 127 
0 17 192 193 
0 18 222 223 
0 19 251 252 
0 20 251 252 
0 21 30 31 
0 22 50 51 
0 23 49 50 
0 24 50 51 
0 25 33 40 43 
0 26 34 39 
0 27 50 51 
0 28 45 48 
0 29 45 48 
0 30 21 51 
0 31 21 42 
0 32 44 49 
0 33 25 51 
0 34 26 42 
0 35 44 
0 36 50 51 
0 37 50 51 
0 38 41 42 
0 39 26 42 
0 40 25 46 
0 41 38 51 
0 42 31 34 38 39 
0 43 25 46 
0 44 32 35 
0 45 28 29 
0 46 40 43 
0 47 50 51 
0 48 28 29 
0 49 23 32 
0 50 1 8 9 10 22 23 24 27 36 37 47 
0 51 1 8 9 10 22 24 27 30 33 36 37 41 47 
0 52 124 125 
0 53 82 124 
0 54 81 82 
0 55 59 63 
0 56 82 124 
0 57 124 125 
0 58 124 125 
0 59 55 124 
0 60 61 125 
0 61 60 77 146 
0 62 134 150 
0 63 55 82 
0 64 124 125 
0 65 125 126 
0 66 82 125 
0 67 122 126 
0 68 124 125 
0 69 81 82 
0 70 126 127 
0 71 81 82 
0 72 124 125 
0 73 124 126 
0 74 126 127 
0 75 81 82 
0 76 123 127 
0 77 61 125 
0 78 81 82 
0 79 126 127 
0 80 124 125 
0 81 54 69 71 75 78 
0 82 2 11 53 54 56 63 66 69 71 75 78 158 
0 83 120 121 
0 84 120 121 
0 85 98 121 
0 86 120 121 
0 87 120 121 
0 88 119 120 
0 89 120 121 
0 90 100 102 
0 91 120 121 
0 92 120 121 
0 93 120 121 
0 94 100 120 
0 95 120 121 
0 96 120 121 
0 97 120 121 
0 98 85 121 
0 99 120 121 
0 100 90 94 
0 101 120 121 
0 102 90 121 
0 103 119 120 
0 104 120 121 
0 105 106 114 
0 106 105 120 
0 107 120 121 
0 108 120 121 
0 109 120 121 
0 110 120 121 
0 111 120 121 
0 112 120 121 
0 113 120 121 
0 114 105 120 
0 115 120 121 
0 116 120 121 
0 117 120 121 
0 118 119 120 
0 119 88 103 118 
0 120 3 12 13 14 83 84 86 87 88 89 91 92 93 94 95 96 97 99 101 103 104 106 107 108 109 110 111 112 113 114 115 116 117 118 
0 121 3 12 13 14 83 84 85 86 87 89 91 92 93 95 96 97 98 99 101 102 104 107 108 109 110 111 112 113 115 116 117 
0 122 67 132 154 159 
0 123 76 129 130 138 141 142 153 
0 124 2 11 52 53 56 57 58 59 64 68 72 73 80 158 
0 125 52 57 58 60 64 65 66 68 72 77 80 128 131 139 148 160 
0 126 4 15 16 65 67 70 73 74 79 128 129 130 131 133 135 136 137 138 139 140 141 142 143 144 145 147 148 149 151 152 153 154 155 157 159 160 161 162 
0 127 4 15 16 70 74 76 79 133 135 136 137 140 143 144 145 147 149 151 152 155 156 157 161 162 
0 128 125 126 
0 129 123 126 
0 130 123 126 
0 131 125 126 
0 132 122 146 
0 133 126 127 
0 134 62 150 156 
0 135 126 127 
0 136 126 127 
0 137 126 127 
0 138 123 126 
0 139 125 126 
0 140 126 127 
0 141 123 126 
0 142 123 126 
0 143 126 127 
0 144 126 127 
0 145 126 127 
0 146 61 132 
0 147 126 127 
0 148 125 126 
0 149 126 127 
0 150 62 134 
0 151 126 127 
0 152 126 127 
0 153 123 126 
0 154 122 126 
0 155 126 127 
0 156 127 134 
0 157 126 127 
0 158 82 124 
0 159 122 126 
0 160 125 126 
0 161 126 127 
0 162 126 127 
0 163 192 193 
0 164 192 193 
0 165 192 193 
0 166 192 193 
0 167 192 193 
0 168 192 193 
0 169 192 193 
0 170 192 193 
0 171 192 193 
0 172 192 193 
0 173 192 193 
0 174 192 193 
0 175 192 193 
0 176 192 193 
0 177 182 185 
0 178 187 190 
0 179 188 189 
0 180 192 193 
0 181 192 193 
0 182 177 189 
0 183 192 193 
0 184 192 193 
0 185 177 193 
0 186 188 189 
0 187 178 193 
0 188 179 186 
0 189 179 182 186 
0 190 178 193 
0 191 192 193 
0 192 5 17 163 164 165 166 167 168 169 170 171 172 173 174 175 176 180 181 183 184 191 
0 193 5 17 163 164 165 166 167 168 169 170 171 172 173 174 175 176 180 181 183 184 185 187 190 191 
0 194 216 222 
0 195 222 223 
0 196 222 223 
0 197 222 223 
0 198 221 223 
0 199 221 222 
0 200 221 222 
0 201 221 222 
0 202 221 222 
0 203 222 223 
0 204 221 222 
0 205 222 223 
0 206 222 223 
0 207 219 223 
0 208 222 223 
0 209 222 223 
0 210 221 222 
0 211 222 223 
0 212 221 222 
0 213 215 223 
0 214 222 223 
0 215 213 221 
0 216 194 222 
0 217 222 223 
0 218 222 223 
0 219 207 223 
0 220 222 223 
0 221 198 199 200 201 202 204 210 212 215 
0 222 18 194 195 196 197 199 200 201 202 203 204 205 206 208 209 210 211 212 214 216 217 218 220 
0 223 6 18 195 196 197 198 203 205 206 207 208 209 211 213 214 217 218 219 220 
0 224 245 253 
0 225 251 252 
0 226 240 253 
0 227 251 252 
0 228 240 252 
0 229 252 253 
0 230 251 252 
0 231 252 253 
0 232 251 252 
0 233 252 253 
0 234 251 252 
0 235 251 252 
0 236 252 253 
0 237 251 252 
0 238 251 252 
0 239 251 252 
0 240 226 228 
0 241 251 252 
0 242 251 252 
0 243 249 252 
0 244 251 252 
0 245 224 249 
0 246 251 252 
0 247 252 253 
0 248 250 253 
0 249 243 245 
0 250 248 253 
0 251 19 20 225 227 230 232 234 235 237 238 239 241 242 244 246 
0 252 7 19 20 225 227 228 229 230 231 232 233 234 235 236 237 238 239 241 242 243 244 246 247 
0 253 224 226 229 231 233 236 247 248 250 
0 254 0 6 7 
0 255 0 
0 256 0 
0 257 0 7 
0 258 0 6 
0 259 0 
0 260 0 
0 261 0 
0 262 0 7 
0 263 0 6 
0 264 0 6 
0 265 0 7 
0 266 0 6 
0 267 0 
0 268 0 
0 269 0 
0 270 0 
0 271 0 
0 272 0 7 
0 273 0 6 
0 274 0 
0 275 0 7 
0 276 0 6 
0 277 0 
0 278 0 7 
0 279 0 6 7 
0 280 0 
0 281 0 7 
0 282 0 
0 283 0 6 
1800 0 6 7 254 255 256 257 258 259 260 261 262 263 264 265 266 267 268 269 270 271 272 273 274 275 276 277 278 279 280 281 282 283 
1800 1 50 51 
1800 2 82 124 
1800 3 120 121 
1800 4 126 127 
1800 5 192 193 
1800 6 0 223 254 258 263 264 266 273 276 279 283 
1800 7 0 252 254 257 262 265 272 275 278 279 281 
1800 8 50 51 
1800 9 50 51 
1800 10 50 51 
1800 11 82 124 
1800 12 120 121 
1800 13 120 121 
1800 14 120 121 
1800 15 126 127 
1800 16 126 127 
1800 17 192 193 
1800 18 222 223 
1800 19 251 252 
1800 20 251 252 
1800 21 50 51 
1800 22 50 51 
1800 23 30 42 
1800 24 50 51 
1800 25 40 43 46 
1800 26 30 31 
1800 27 50 51 
1800 28 44 45 48 
1800 29 45 48 
1800 30 23 26 
1800 31 26 42 
1800 32 35 49 
1800 33 50 51 
1800 34 42 43 
1800 35 32 44 
1800 36 50 51 
1800 37 50 51 
1800 38 41 42 
1800 39 50 51 
1800 40 25 46 
1800 41 38 51 
1800 42 23 31 34 38 
1800 43 25 34 
1800 44 28 35 
1800 45 28 29 
1800 46 25 40 
1800 47 50 51 
1800 48 28 29 
1800 49 32 
1800 50 1 8 9 10 21 22 24 27 33 36 37 39 47 
1800 51 1 8 9 10 21 22 24 27 33 36 37 39 41 47 
1800 52 124 125 
1800 53 82 124 
1800 54 81 82 
1800 55 81 82 
1800 56 82 124 
1800 57 124 125 
1800 58 124 125 
1800 59 82 124 
1800 60 61 125 
1800 61 60 77 
1800 62 150 156 
1800 63 81 82 
1800 64 124 125 
1800 65 125 126 
1800 66 124 125 
1800 67 81 82 
1800 68 124 125 
1800 69 81 82 
1800 70 126 127 
1800 71 81 82 
1800 72 124 125 
1800 73 81 82 
1800 74 126 127 
1800 75 82 123 
1800 76 126 127 
1800 77 61 125 
1800 78 81 82 
1800 79 126 127 
1800 80 124 125 
1800 81 54 55 63 67 69 71 73 78 
1800 82 2 11 53 54 55 56 59 63 67 69 71 73 75 78 158 
1800 83 120 121 
1800 84 120 121 
1800 85 98 121 
1800 86 120 121 
1800 87 120 121 
1800 88 119 120 
1800 89 120 121 
1800 90 100 119 
1800 91 120 121 
1800 92 120 121 
1800 93 120 121 
1800 94 119 120 
1800 95 120 121 
1800 96 120 121 
1800 97 120 121 
1800 98 85 121 
1800 99 120 121 
1800 100 90 119 
1800 101 120 121 
1800 102 120 121 
1800 103 119 120 
1800 104 120 121 
1800 105 120 121 
1800 106 119 120 
1800 107 120 121 
1800 108 120 121 
1800 109 120 121 
1800 110 120 121 
1800 111 120 121 
1800 112 120 121 
1800 113 120 121 
1800 114 119 120 
1800 115 120 121 
1800 116 120 121 
1800 117 120 121 
1800 118 119 120 
1800 119 88 90 94 100 103 106 114 118 
1800 120 3 12 13 14 83 84 86 87 88 89 91 92 93 94 95 96 97 99 101 102 103 104 105 106 107 108 109 110 111 112 113 114 115 116 117 118 
1800 121 3 12 13 14 83 84 85 86 87 89 91 92 93 95 96 97 98 99 101 102 104 105 107 108 109 110 111 112 113 115 116 117 
1800 122 132 154 159 
1800 123 75 129 130 134 142 153 
1800 124 2 11 52 53 56 57 58 59 64 66 68 72 80 158 
1800 125 52 57 58 60 64 65 66 68 72 77 80 128 131 139 160 
1800 126 4 15 16 65 70 74 76 79 128 129 130 131 133 135 136 137 138 139 140 141 142 143 144 145 147 148 149 151 152 153 154 155 157 159 160 161 162 
1800 127 4 15 16 70 74 76 79 133 134 135 136 137 138 140 143 144 145 147 148 149 150 151 152 155 156 157 161 162 
1800 128 125 126 
1800 129 123 126 
1800 130 123 126 
1800 131 125 126 
1800 132 122 146 
1800 133 126 127 
1800 134 123 127 
1800 135 126 127 
1800 136 126 127 
1800 137 126 127 
1800 138 126 127 
1800 139 125 126 
1800 140 126 127 
1800 141 126 146 
1800 142 123 126 
1800 143 126 127 
1800 144 126 127 
1800 145 126 127 
1800 146 132 141 
1800 147 126 127 
1800 148 126 127 
1800 149 126 127 
1800 150 62 127 
1800 151 126 127 
1800 152 126 127 
1800 153 123 126 
1800 154 122 126 
1800 155 126 127 
1800 156 62 127 
1800 157 126 127 
1800 158 82 124 
1800 159 122 126 
1800 160 125 126 
1800 161 126 127 
1800 162 126 127 
1800 163 192 193 
1800 164 192 193 
1800 165 192 193 
1800 166 192 193 
1800 167 192 193 
1800 168 192 193 
1800 169 192 193 
1800 170 192 193 
1800 171 192 193 
1800 172 192 193 
1800 173 192 193 
1800 174 192 193 
1800 175 192 193 
1800 176 192 193 
1800 177 182 185 
1800 178 187 190 
1800 179 188 189 
1800 180 192 193 
1800 181 192 193 
1800 182 177 189 
1800 183 192 193 
1800 184 192 193 
1800 185 177 193 
1800 186 188 189 
1800 187 178 193 
1800 188 179 186 
1800 189 179 182 186 
1800 190 178 193 
1800 191 192 193 
1800 192 5 17 163 164 165 166 167 168 169 170 171 172 173 174 175 176 180 181 183 184 191 
1800 193 5 17 163 164 165 166 167 168 169 170 171 172 173 174 175 176 180 181 183 184 185 187 190 191 
1800 194 222 223 
1800 195 222 223 
1800 196 222 223 
1800 197 222 223 
1800 198 221 223 
1800 199 221 222 
1800 200 221 222 
1800 201 221 222 
1800 202 221 222 
1800 203 222 223 
1800 204 221 222 
1800 205 222 223 
1800 206 222 223 
1800 207 222 223 
1800 208 222 223 
1800 209 222 223 
1800 210 222 223 
1800 211 222 223 
1800 212 222 223 
1800 213 215 223 
1800 214 222 223 
1800 215 213 221 
1800 216 221 222 
1800 217 222 223 
1800 218 222 223 
1800 219 222 223 
1800 220 222 223 
1800 221 198 199 200 201 202 204 215 216 
1800 222 18 194 195 196 197 199 200 201 202 203 204 205 206 207 208 209 210 211 212 214 216 217 218 219 220 
1800 223 6 18 194 195 196 197 198 203 205 206 207 208 209 210 211 212 213 214 217 218 219 220 
1800 224 245 253 
1800 225 251 252 
1800 226 252 253 
1800 227 251 252 
1800 228 240 252 
1800 229 252 253 
1800 230 251 252 
1800 231 252 253 
1800 232 251 252 
1800 233 252 253 
1800 234 251 252 
1800 235 251 252 
1800 236 252 253 
1800 237 251 252 
1800 238 251 252 
1800 239 251 252 
1800 240 228 
1800 241 251 252 
1800 242 251 252 
1800 243 251 252 
1800 244 251 252 
1800 245 224 249 
1800 246 251 252 
1800 247 252 253 
1800 248 250 253 
1800 249 245 253 
1800 250 248 253 
1800 251 19 20 225 227 230 232 234 235 237 238 239 241 242 243 244 246 
1800 252 7 19 20 225 226 227 228 229 230 231 232 233 234 235 236 237 238 239 241 242 243 244 246 247 
1800 253 224 226 229 231 233 236 247 248 249 250 
1800 254 0 6 7 
1800 255 0 
1800 256 0 
1800 257 0 7 
1800 258 0 6 
1800 259 0 
1800 260 0 
1800 261 0 
1800 262 0 7 
1800 263 0 6 
1800 264 0 6 
1800 265 0 7 
1800 266 0 6 
1800 267 0 
1800 268 0 
1800 269 0 
1800 270 0 
1800 271 0 
1800 272 0 7 
1800 273 0 6 
1800 274 0 
1800 275 0 7 
1800 276 0 6 
1800 277 0 
1800 278 0 7 
1800 279 0 6 7 
1800 280 0 
1800 281 0 7 
1800 282 0 
1800 283 0 6 
3600 0 6 7 254 255 256 257 258 259 260 261 262 263 264 265 266 267 268 269 270 271 272 273 274 275 276 277 278 279 280 281 282 283 
3600 1 50 51 
3600 2 82 124 
3600 3 120 121 
3600 4 126 127 
3600 5 192 193 
3600 6 0 223 254 258 263 264 266 273 276 279 283 
3600 7 0 251 254 257 262 265 272 275 278 279 281 
3600 8 50 51 
3600 9 50 51 
3600 10 50 51 
3600 11 82 124 
3600 12 120 121 
3600 13 120 121 
3600 14 120 121 
3600 15 126 127 
3600 16 126 127 
3600 17 192 193 
3600 18 222 223 
3600 19 249 251 
3600 20 249 251 
3600 21 30 31 
3600 22 30 51 
3600 23 30 42 
3600 24 30 51 
3600 25 33 36 
3600 26 34 39 
3600 27 50 51 
3600 28 32 44 45 
3600 29 45 48 
3600 30 21 22 23 24 
3600 31 21 42 
3600 32 28 50 
3600 33 25 51 
3600 34 26 51 
3600 35 44 
3600 36 25 42 
3600 37 50 51 
3600 38 50 51 
3600 39 26 42 
3600 40 46 47 
3600 41 42 49 
3600 42 23 31 36 39 41 
3600 43 46 47 
3600 44 28 35 
3600 45 28 29 
3600 46 40 43 
3600 47 40 43 
3600 48 29 49 
3600 49 41 48 
3600 50 1 8 9 10 27 32 37 38 
3600 51 1 8 9 10 22 24 27 33 34 37 38 
3600 52 124 125 
3600 53 124 125 
3600 54 81 82 
3600 55 59 63 
3600 56 82 124 
3600 57 124 125 
3600 58 124 125 
3600 59 55 124 
3600 60 61 125 
3600 61 60 77 
3600 62 134 150 
3600 63 55 75 
3600 64 124 125 
3600 65 125 126 
3600 66 124 125 
3600 67 81 82 
3600 68 124 125 
3600 69 81 82 
3600 70 126 127 
3600 71 81 82 
3600 72 124 125 
3600 73 81 82 
3600 74 126 127 
3600 75 63 82 
3600 76 126 127 
3600 77 61 125 
3600 78 81 82 
3600 79 126 127 
3600 80 124 125 
3600 81 54 67 69 71 73 78 
3600 82 2 11 54 56 67 69 71 73 75 78 
3600 83 120 121 
3600 84 120 121 
3600 85 115 121 
3600 86 120 121 
3600 87 120 121 
3600 88 119 120 
3600 89 120 121 
3600 90 100 119 
3600 91 120 121 
3600 92 120 121 
3600 93 120 121 
3600 94 119 120 
3600 95 120 121 
3600 96 120 121 
3600 97 120 121 
3600 98 120 121 
3600 99 120 121 
3600 100 90 119 
3600 101 120 121 
3600 102 119 121 
3600 103 119 120 
3600 104 120 121 
3600 105 106 114 
3600 106 105 120 
3600 107 120 121 
3600 108 120 121 
3600 109 120 121 
3600 110 120 121 
3600 111 120 121 
3600 112 120 121 
3600 113 120 121 
3600 114 105 120 
3600 115 85 121 
3600 116 120 121 
3600 117 120 121 
3600 118 119 120 
3600 119 88 90 94 100 102 103 118 
3600 120 3 12 13 14 83 84 86 87 88 89 91 92 93 94 95 96 97 98 99 101 103 104 106 107 108 109 110 111 112 113 114 116 117 118 
3600 121 3 12 13 14 83 84 85 86 87 89 91 92 93 95 96 97 98 99 101 102 104 107 108 109 110 111 112 113 115 116 117 
3600 122 132 154 
3600 123 129 130 138 141 153 
3600 124 2 11 52 53 56 57 58 59 64 66 68 72 80 
3600 125 52 53 57 58 60 64 65 66 68 72 77 80 128 131 139 148 160 
3600 126 4 15 16 65 70 74 76 79 128 129 130 131 133 135 136 137 138 139 140 141 142 143 144 145 147 148 149 151 152 153 154 155 157 158 159 160 161 162 
3600 127 4 15 16 70 74 76 79 133 135 136 137 140 142 143 144 145 147 149 151 152 155 156 157 158 161 162 
3600 128 125 126 
3600 129 123 126 
3600 130 123 126 
3600 131 125 126 
3600 132 122 146 
3600 133 126 127 
3600 134 62 150 156 
3600 135 126 127 
3600 136 126 127 
3600 137 126 127 
3600 138 123 126 
3600 139 125 126 
3600 140 126 127 
3600 141 123 126 
3600 142 126 127 
3600 143 126 127 
3600 144 126 127 
3600 145 126 127 
3600 146 132 159 
3600 147 126 127 
3600 148 125 126 
3600 149 126 127 
3600 150 62 134 
3600 151 126 127 
3600 152 126 127 
3600 153 123 126 
3600 154 122 126 
3600 155 126 127 
3600 156 127 134 
3600 157 126 127 
3600 158 126 127 
3600 159 126 146 
3600 160 125 126 
3600 161 126 127 
3600 162 126 127 
3600 163 192 193 
3600 164 192 193 
3600 165 192 193 
3600 166 192 193 
3600 167 188 189 
3600 168 192 193 
3600 169 192 193 
3600 170 192 193 
3600 171 192 193 
3600 172 192 193 
3600 173 192 193 
3600 174 192 193 
3600 175 192 193 
3600 176 192 193 
3600 177 185 193 
3600 178 187 190 
3600 179 192 193 
3600 180 192 193 
3600 181 192 193 
3600 182 188 189 
3600 183 192 193 
3600 184 192 193 
3600 185 177 193 
3600 186 188 189 
3600 187 178 193 
3600 188 167 182 186 
3600 189 167 182 186 
3600 190 178 193 
3600 191 192 193 
3600 192 5 17 163 164 165 166 168 169 170 171 172 173 174 175 176 179 180 181 183 184 191 
3600 193 5 17 163 164 165 166 168 169 170 171 172 173 174 175 176 177 179 180 181 183 184 185 187 190 191 
3600 194 216 222 
3600 195 222 223 
3600 196 215 223 
3600 197 222 223 
3600 198 221 223 
3600 199 221 222 
3600 200 221 222 
3600 201 221 222 
3600 202 221 222 
3600 203 222 223 
3600 204 221 222 
3600 205 222 223 
3600 206 222 223 
3600 207 222 223 
3600 208 222 223 
3600 209 222 223 
3600 210 221 222 
3600 211 222 223 
3600 212 222 223 
3600 213 222 223 
3600 214 222 223 
3600 215 196 221 
3600 216 194 222 
3600 217 222 223 
3600 218 222 223 
3600 219 220 223 
3600 220 219 223 
3600 221 198 199 200 201 202 204 210 215 
3600 222 18 194 195 197 199 200 201 202 203 204 205 206 207 208 209 210 211 212 213 214 216 217 218 
3600 223 6 18 195 196 197 198 203 205 206 207 208 209 211 212 213 214 217 218 219 220 
3600 224 245 253 
3600 225 249 251 
3600 226 251 253 
3600 227 249 251 
3600 228 251 252 
3600 229 251 253 
3600 230 251 253 
3600 231 251 253 
3600 232 249 251 
3600 233 251 253 
3600 234 248 251 
3600 235 249 251 
3600 236 251 253 
3600 237 249 251 
3600 238 249 251 
3600 239 249 251 
3600 240 251 252 
3600 241 249 251 
3600 242 249 251 
3600 243 244 251 
3600 244 243 251 
3600 245 224 252 
3600 246 249 251 
3600 247 251 253 
3600 248 234 253 
3600 249 19 20 225 227 232 235 237 238 239 241 242 246 
3600 250 251 253 
3600 251 7 19 20 225 226 227 228 229 230 231 232 233 234 235 236 237 238 239 240 241 242 243 244 246 247 250 
3600 252 228 240 245 
3600 253 224 226 229 230 231 233 236 247 248 250 
3600 254 0 6 7 
3600 255 0 
3600 256 0 
3600 257 0 7 
3600 258 0 6 
3600 259 0 
3600 260 0 
3600 261 0 
3600 262 0 7 
3600 263 0 6 
3600 264 0 6 
3600 265 0 7 
3600 266 0 6 
3600 267 0 
3600 268 0 
3600 269 0 
3600 270 0 
3600 271 0 
3600 272 0 7 
3600 273 0 6 
3600 274 0 
3600 275 0 7 
3600 276 0 6 
3600 277 0 
3600 278 0 7 
3600 279 0 6 7 
3600 280 0 
3600 281 0 7 
3600 282 0 
3600 283 0 6 
5400 0 6 7 254 255 256 257 258 259 260 261 262 263 264 265 266 267 268 269 270 271 272 273 274 275 276 277 278 279 280 281 282 283 
5400 1 50 51 
5400 2 124 125 
5400 3 120 121 
5400 4 126 127 
5400 5 192 193 
5400 6 0 223 254 258 263 264 266 273 276 279 283 
5400 7 0 252 254 257 262 265 272 275 278 279 281 
5400 8 50 51 
5400 9 50 51 
5400 10 50 51 
5400 11 124 125 
5400 12 120 121 
5400 13 120 121 
5400 14 120 121 
5400 15 127 128 
5400 16 126 127 
5400 17 192 193 
5400 18 222 223 
5400 19 251 252 
5400 20 251 252 
5400 21 50 51 
5400 22 50 51 
5400 23 47 50 
5400 24 50 51 
5400 25 50 51 
5400 26 34 39 
5400 27 50 51 
5400 28 45 48 
5400 29 45 48 
5400 30 50 51 
5400 31 49 51 
5400 32 44 49 
5400 33 50 51 
5400 34 26 35 
5400 35 34 44 
5400 36 42 51 
5400 37 50 51 
5400 38 41 42 
5400 39 26 42 
5400 40 43 46 
5400 41 38 51 
5400 42 36 38 39 
5400 43 40 46 
5400 44 32 35 
5400 45 28 29 
5400 46 40 43 
5400 47 23 51 
5400 48 28 29 
5400 49 31 32 
5400 50 1 8 9 10 21 22 23 24 25 27 30 33 37 
5400 51 1 8 9 10 21 22 24 25 27 30 31 33 36 37 41 47 
5400 52 124 125 
5400 53 124 125 
5400 54 81 82 
5400 55 80 81 
5400 56 124 125 
5400 57 124 125 
5400 58 124 125 
5400 59 124 125 
5400 60 61 77 
5400 61 60 77 
5400 62 134 150 
5400 63 81 82 
5400 64 124 125 
5400 65 124 125 
5400 66 81 82 
5400 67 81 82 
5400 68 124 125 
5400 69 81 82 
5400 70 126 127 
5400 71 81 82 
5400 72 124 125 
5400 73 81 82 
5400 74 123 127 
5400 75 125 127 
5400 76 124 127 
5400 77 60 61 
5400 78 81 82 
5400 79 127 131 
5400 80 55 125 
5400 81 54 55 63 66 67 69 71 73 78 
5400 82 54 63 66 67 69 71 73 78 158 
5400 83 120 121 
5400 84 120 121 
5400 85 98 121 
5400 86 120 121 
5400 87 120 121 
5400 88 120 121 
5400 89 120 121 
5400 90 100 102 
5400 91 120 121 
5400 92 120 121 
5400 93 120 121 
5400 94 119 120 
5400 95 120 121 
5400 96 120 121 
5400 97 120 121 
5400 98 85 121 
5400 99 120 121 
5400 100 90 120 
5400 101 120 121 
5400 102 90 121 
5400 103 120 121 
5400 104 120 121 
5400 105 106 114 
5400 106 105 121 
5400 107 120 121 
5400 108 120 121 
5400 109 120 121 
5400 110 120 121 
5400 111 120 121 
5400 112 120 121 
5400 113 120 121 
5400 114 105 121 
5400 115 120 121 
5400 116 120 121 
5400 117 120 121 
5400 118 120 121 
5400 119 94 121 
5400 120 3 12 13 14 83 84 86 87 88 89 91 92 93 94 95 96 97 99 100 101 103 104 107 108 109 110 111 112 113 115 116 117 118 
5400 121 3 12 13 14 83 84 85 86 87 88 89 91 92 93 95 96 97 98 99 101 102 103 104 106 107 108 109 110 111 112 113 114 115 116 117 118 119 
5400 122 131 148 154 160 
5400 123 74 129 130 133 138 141 142 153 
5400 124 2 11 52 53 56 57 58 59 64 65 68 72 76 158 
5400 125 2 11 52 53 56 57 58 59 64 65 68 72 75 80 
5400 126 4 16 70 128 129 130 132 135 136 137 138 139 140 141 142 143 144 145 147 148 149 151 152 153 154 155 156 157 159 160 161 162 
5400 127 4 15 16 70 74 75 76 79 133 135 136 137 139 140 143 144 145 147 149 151 152 155 156 157 161 162 
5400 128 15 126 
5400 129 123 126 
5400 130 123 126 
5400 131 79 122 
5400 132 126 146 
5400 133 123 127 
5400 134 62 150 
5400 135 126 127 
5400 136 126 127 
5400 137 126 127 
5400 138 123 126 
5400 139 126 127 
5400 140 126 127 
5400 141 123 126 
5400 142 123 126 
5400 143 126 127 
5400 144 126 127 
5400 145 126 127 
5400 146 132 159 
5400 147 126 127 
5400 148 122 126 
5400 149 126 127 
5400 150 62 134 
5400 151 126 127 
5400 152 126 127 
5400 153 123 126 
5400 154 122 126 
5400 155 126 127 
5400 156 126 127 
5400 157 126 127 
5400 158 82 124 
5400 159 126 146 
5400 160 122 126 
5400 161 126 127 
5400 162 126 127 
5400 163 192 193 
5400 164 192 193 
5400 165 192 193 
5400 166 192 193 
5400 167 188 189 
5400 168 192 193 
5400 169 192 193 
5400 170 192 193 
5400 171 192 193 
5400 172 192 193 
5400 173 192 193 
5400 174 192 193 
5400 175 192 193 
5400 176 192 193 
5400 177 189 192 
5400 178 192 193 
5400 179 188 189 
5400 180 192 193 
5400 181 192 193 
5400 182 188 189 
5400 183 192 193 
5400 184 192 193 
5400 185 192 193 
5400 186 188 189 
5400 187 192 193 
5400 188 167 179 182 186 
5400 189 167 177 179 182 186 
5400 190 192 193 
5400 191 192 193 
5400 192 5 17 163 164 165 166 168 169 170 171 172 173 174 175 176 177 178 180 181 183 184 185 187 190 191 
5400 193 5 17 163 164 165 166 168 169 170 171 172 173 174 175 176 178 180 181 183 184 185 187 190 191 
5400 194 215 222 
5400 195 222 223 
5400 196 222 223 
5400 197 222 223 
5400 198 221 223 
5400 199 221 222 
5400 200 221 222 
5400 201 221 222 
5400 202 221 222 
5400 203 222 223 
5400 204 221 222 
5400 205 222 223 
5400 206 222 223 
5400 207 222 223 
5400 208 219 223 
5400 209 222 223 
5400 210 221 222 
5400 211 222 223 
5400 212 221 222 
5400 213 222 223 
5400 214 222 223 
5400 215 194 221 
5400 216 221 222 
5400 217 222 223 
5400 218 222 223 
5400 219 208 223 
5400 220 222 223 
5400 221 198 199 200 201 202 204 210 212 215 216 
5400 222 18 194 195 196 197 199 200 201 202 203 204 205 206 207 209 210 211 212 213 214 216 217 218 220 
5400 223 6 18 195 196 197 198 203 205 206 207 208 209 211 213 214 217 218 219 220 
5400 224 249 253 
5400 225 251 252 
5400 226 252 253 
5400 227 252 253 
5400 228 240 252 
5400 229 252 253 
5400 230 251 252 
5400 231 252 253 
5400 232 251 252 
5400 233 252 253 
5400 234 251 252 
5400 235 240 252 
5400 236 252 253 
5400 237 251 252 
5400 238 251 252 
5400 239 251 252 
5400 240 228 235 
5400 241 252 253 
5400 242 251 252 
5400 243 251 252 
5400 244 251 252 
5400 245 252 253 
5400 246 251 252 
5400 247 252 253 
5400 248 250 253 
5400 249 224 253 
5400 250 248 253 
5400 251 19 20 225 230 232 234 237 238 239 242 243 244 246 
5400 252 7 19 20 225 226 227 228 229 230 231 232 233 234 235 236 237 238 239 241 242 243 244 245 246 247 
5400 253 224 226 227 229 231 233 236 241 245 247 248 249 250 
5400 254 0 6 7 
5400 255 0 
5400 256 0 
5400 257 0 7 
5400 258 0 6 
5400 259 0 
5400 260 0 
5400 261 0 
5400 262 0 7 
5400 263 0 6 
5400 264 0 6 
5400 265 0 7 
5400 266 0 6 
5400 267 0 
5400 268 0 
5400 269 0 
5400 270 0 
5400 271 0 
5400 272 0 7 
5400 273 0 6 
5400 274 0 
5400 275 0 7 
5400 276 0 6 
5400 277 0 
5400 278 0 7 
5400 279 0 6 7 
5400 280 0 
5400 281 0 7 
5400 282 0 
5400 283 0 6 
7200 0 6 7 254 255 256 257 258 259 260 261 262 263 264 265 266 267 268 269 270 271 272 273 274 275 276 277 278 279 280 281 282 283 
7200 1 50 51 
7200 2 82 124 
7200 3 120 121 
7200 4 126 127 
7200 5 192 193 
7200 6 0 223 254 258 263 264 266 273 276 279 283 
7200 7 0 252 254 257 262 265 272 275 278 279 281 
7200 8 50 51 
7200 9 50 51 
7200 10 50 51 
7200 11 82 124 
7200 12 120 121 
7200 13 120 121 
7200 14 120 121 
7200 15 126 127 
7200 16 126 127 
7200 17 192 193 
7200 18 222 223 
7200 19 251 252 
7200 20 251 252 
7200 21 50 51 
7200 22 48 50 
7200 23 50 51 
7200 24 30 51 
7200 25 31 33 40 46 
7200 26 34 39 
7200 27 50 51 
7200 28 44 45 
7200 29 32 45 48 
7200 30 24 51 
7200 31 25 42 
7200 32 29 49 
7200 33 25 51 
7200 34 26 42 
7200 35 41 44 
7200 36 50 51 
7200 37 50 51 
7200 38 42 51 
7200 39 26 42 
7200 40 25 43 
7200 41 35 49 
7200 42 31 34 38 39 
7200 43 40 46 
7200 44 28 35 
7200 45 28 29 
7200 46 25 43 
7200 47 50 51 
7200 48 22 29 
7200 49 32 41 
7200 50 1 8 9 10 21 22 23 27 36 37 47 
7200 51 1 8 9 10 21 23 24 27 30 33 36 37 38 47 
7200 52 124 125 
7200 53 124 125 
7200 54 81 82 
7200 55 80 81 
7200 56 82 124 
7200 57 124 125 
7200 58 124 125 
7200 59 82 124 
7200 60 61 125 
7200 61 60 77 
7200 62 81 127 
7200 63 126 127 
7200 64 124 125 
7200 65 125 126 
7200 66 81 82 
7200 67 126 127 
7200 68 125 126 
7200 69 126 127 
7200 70 126 127 
7200 71 81 82 
7200 72 124 125 
7200 73 81 82 
7200 74 126 127 
7200 75 126 127 
7200 76 124 127 
7200 77 61 125 
7200 78 81 82 
7200 79 125 126 
7200 80 55 125 
7200 81 54 55 62 66 71 73 78 
7200 82 2 11 54 56 59 66 71 73 78 158 
7200 83 120 121 
7200 84 120 121 
7200 85 98 121 
7200 86 120 121 
7200 87 120 121 
7200 88 119 120 
7200 89 120 121 
7200 90 100 119 
7200 91 120 121 
7200 92 120 121 
7200 93 120 121 
7200 94 119 120 
7200 95 120 121 
7200 96 120 121 
7200 97 120 121 
7200 98 85 121 
7200 99 120 121 
7200 100 90 119 
7200 101 120 121 
7200 102 120 121 
7200 103 119 120 
7200 104 120 121 
7200 105 106 114 
7200 106 105 120 
7200 107 120 121 
7200 108 120 121 
7200 109 120 121 
7200 110 120 121 
7200 111 120 121 
7200 112 120 121 
7200 113 120 121 
7200 114 105 120 
7200 115 120 121 
7200 116 120 121 
7200 117 120 121 
7200 118 119 120 
7200 119 88 90 94 100 103 118 
7200 120 3 12 13 14 83 84 86 87 88 89 91 92 93 94 95 96 97 99 101 102 103 104 106 107 108 109 110 111 112 113 114 115 116 117 118 
7200 121 3 12 13 14 83 84 85 86 87 89 91 92 93 95 96 97 98 99 101 102 104 107 108 109 110 111 112 113 115 116 117 
7200 122 132 154 
7200 123 129 138 142 153 
7200 124 2 11 52 53 56 57 58 59 64 72 76 158 
7200 125 52 53 57 58 60 64 65 68 72 77 79 80 128 131 139 141 148 160 
7200 126 4 15 16 63 65 67 68 69 70 74 75 79 128 129 130 131 133 135 136 137 138 139 140 141 142 143 144 145 147 148 149 151 152 153 154 155 157 159 160 161 162 
7200 127 4 15 16 62 63 67 69 70 74 75 76 130 133 135 136 137 140 143 144 145 147 149 150 151 152 155 156 157 161 162 
7200 128 125 126 
7200 129 123 126 
7200 130 126 127 
7200 131 125 126 
7200 132 122 146 
7200 133 126 127 
7200 134 150 156 
7200 135 126 127 
7200 136 126 127 
7200 137 126 127 
7200 138 123 126 
7200 139 125 126 
7200 140 126 127 
7200 141 125 126 
7200 142 123 126 
7200 143 126 127 
7200 144 126 127 
7200 145 126 127 
7200 146 132 159 
7200 147 126 127 
7200 148 125 126 
7200 149 126 127 
7200 150 127 134 
7200 151 126 127 
7200 152 126 127 
7200 153 123 126 
7200 154 122 126 
7200 155 126 127 
7200 156 127 134 
7200 157 126 127 
7200 158 82 124 
7200 159 126 146 
7200 160 125 126 
7200 161 126 127 
7200 162 126 127 
7200 163 192 193 
7200 164 192 193 
7200 165 192 193 
7200 166 192 193 
7200 167 189 191 
7200 168 192 193 
7200 169 192 193 
7200 170 192 193 
7200 171 192 193 
7200 172 192 193 
7200 173 192 193 
7200 174 192 193 
7200 175 192 193 
7200 176 192 193 
7200 177 185 193 
7200 178 187 190 
7200 179 189 191 
7200 180 192 193 
7200 181 192 193 
7200 182 189 191 
7200 183 192 193 
7200 184 192 193 
7200 185 177 193 
7200 186 188 189 
7200 187 178 193 
7200 188 186 193 
7200 189 167 179 182 186 
7200 190 178 193 
7200 191 167 179 182 
7200 192 5 17 163 164 165 166 168 169 170 171 172 173 174 175 176 180 181 183 184 
7200 193 5 17 163 164 165 166 168 169 170 171 172 173 174 175 176 177 180 181 183 184 185 187 188 190 
7200 194 216 222 
7200 195 222 223 
7200 196 222 223 
7200 197 222 223 
7200 198 221 223 
7200 199 221 222 
7200 200 221 222 
7200 201 221 222 
7200 202 221 222 
7200 203 222 223 
7200 204 221 222 
7200 205 222 223 
7200 206 222 223 
7200 207 222 223 
7200 208 222 223 
7200 209 222 223 
7200 210 221 222 
7200 211 222 223 
7200 212 221 222 
7200 213 215 223 
7200 214 222 223 
7200 215 213 221 
7200 216 194 222 
7200 217 222 223 
7200 218 222 223 
7200 219 221 223 
7200 220 222 223 
7200 221 198 199 200 201 202 204 210 212 215 219 
7200 222 18 194 195 196 197 199 200 201 202 203 204 205 206 207 208 209 210 211 212 214 216 217 218 220 
7200 223 6 18 195 196 197 198 203 205 206 207 208 209 211 213 214 217 218 219 220 
7200 224 240 245 
7200 225 251 252 
7200 226 252 253 
7200 227 251 252 
7200 228 240 252 
7200 229 252 253 
7200 230 251 252 
7200 231 252 253 
7200 232 252 253 
7200 233 252 253 
7200 234 252 253 
7200 235 251 252 
7200 236 252 253 
7200 237 251 252 
7200 238 252 253 
7200 239 251 252 
7200 240 224 228 
7200 241 251 252 
7200 242 251 252 
7200 243 251 252 
7200 244 251 252 
7200 245 224 249 
7200 246 251 252 
7200 247 252 253 
7200 248 252 253 
7200 249 245 250 
7200 250 249 253 
7200 251 19 20 225 227 230 235 237 239 241 242 243 244 246 
7200 252 7 19 20 225 226 227 228 229 230 231 232 233 234 235 236 237 238 239 241 242 243 244 246 247 248 
7200 253 226 229 231 232 233 234 236 238 247 248 250 
7200 254 0 6 7 
7200 255 0 
7200 256 0 
7200 257 0 7 
7200 258 0 6 
7200 259 0 
7200 260 0 
7200 261 0 
7200 262 0 7 
7200 263 0 6 
7200 264 0 6 
7200 265 0 7 
7200 266 0 6 
7200 267 0 
7200 268 0 
7200 269 0 
7200 270 0 
7200 271 0 
7200 272 0 7 
7200 273 0 6 
7200 274 0 
7200 275 0 7 
7200 276 0 6 
7200 277 0 
7200 278 0 7 
7200 279 0 6 7 
7200 280 0 
7200 281 0 7 
7200 282 0 
7200 283 0 6 
9000 0 6 7 254 255 256 257 258 259 260 261 262 263 264 265 266 267 268 269 270 271 272 273 274 275 276 277 278 279 280 281 282 283 
9000 1 50 51 
9000 2 82 124 
9000 3 120 121 
9000 4 126 127 
9000 5 192 193 
9000 6 0 223 254 258 263 264 266 273 276 279 283 
9000 7 0 252 254 257 262 265 272 275 278 279 281 
9000 8 50 51 
9000 9 50 51 
9000 10 50 51 
9000 11 82 124 
9000 12 120 121 
9000 13 120 121 
9000 14 120 121 
9000 15 126 127 
9000 16 126 127 
9000 17 192 193 
9000 18 222 223 
9000 19 251 252 
9000 20 251 252 
9000 21 30 31 
9000 22 50 51 
9000 23 30 49 
9000 24 50 51 
9000 25 50 51 
9000 26 34 42 
9000 27 30 31 
9000 28 45 48 
9000 29 45 48 
9000 30 21 23 27 
9000 31 21 27 
9000 32 44 49 
9000 33 50 51 
9000 34 26 42 
9000 35 44 
9000 36 42 51 
9000 37 50 51 
9000 38 41 42 
9000 39 43 
9000 40 43 46 
9000 41 38 51 
9000 42 26 34 36 38 
9000 43 39 40 46 
9000 44 32 35 
9000 45 28 29 
9000 46 40 43 
9000 47 50 51 
9000 48 28 29 
9000 49 23 32 
9000 50 1 8 9 10 22 24 25 33 37 47 
9000 51 1 8 9 10 22 24 25 33 36 37 41 47 
9000 52 124 125 
9000 53 82 124 
9000 54 82 124 
9000 55 78 80 
9000 56 82 124 
9000 57 124 125 
9000 58 124 125 
9000 59 82 124 
9000 60 125 126 
9000 61 77 125 
9000 62 127 150 
9000 63 81 82 
9000 64 125 126 
9000 65 125 126 
9000 66 81 82 
9000 67 81 82 
9000 68 124 125 
9000 69 123 127 
9000 70 126 127 
9000 71 81 82 
9000 72 124 125 
9000 73 81 82 
9000 74 123 127 
9000 75 81 82 
9000 76 126 127 
9000 77 61 125 
9000 78 55 82 
9000 79 125 126 
9000 80 55 126 
9000 81 63 66 67 71 73 75 
9000 82 2 11 53 54 56 59 63 66 67 71 73 75 78 134 
9000 83 120 121 
9000 84 120 121 
9000 85 98 121 
9000 86 120 121 
9000 87 120 121 
9000 88 119 120 
9000 89 120 121 
9000 90 100 121 
9000 91 120 121 
9000 92 120 121 
9000 93 120 121 
9000 94 120 121 
9000 95 120 121 
9000 96 120 121 
9000 97 120 121 
9000 98 85 121 
9000 99 120 121 
9000 100 90 121 
9000 101 120 121 
9000 102 120 121 
9000 103 119 120 
9000 104 120 121 
9000 105 117 118 
9000 106 119 120 
9000 107 120 121 
9000 108 120 121 
9000 109 120 121 
9000 110 120 121 
9000 111 120 121 
9000 112 120 121 
9000 113 120 121 
9000 114 119 120 
9000 115 120 121 
9000 116 120 121 
9000 117 105 121 
9000 118 105 120 
9000 119 88 103 106 114 
9000 120 3 12 13 14 83 84 86 87 88 89 91 92 93 94 95 96 97 99 101 102 103 104 106 107 108 109 110 111 112 113 114 115 116 118 
9000 121 3 12 13 14 83 84 85 86 87 89 90 91 92 93 94 95 96 97 98 99 100 101 102 104 107 108 109 110 111 112 113 115 116 117 
9000 122 132 154 159 
9000 123 69 74 129 134 138 141 143 150 151 153 156 
9000 124 2 11 52 53 54 56 57 58 59 68 72 158 
9000 125 52 57 58 60 61 64 65 68 72 77 79 128 130 131 139 148 158 160 
9000 126 4 15 16 60 64 65 70 76 79 80 128 129 131 133 135 136 137 138 139 140 141 142 143 144 145 146 147 148 149 152 153 154 155 157 159 160 161 162 
9000 127 4 15 16 62 69 70 74 76 130 133 135 136 137 140 142 144 145 147 149 151 152 155 156 157 161 162 
9000 128 125 126 
9000 129 123 126 
9000 130 125 127 
9000 131 125 126 
9000 132 122 146 
9000 133 126 127 
9000 134 82 123 
9000 135 126 127 
9000 136 126 127 
9000 137 126 127 
9000 138 123 126 
9000 139 125 126 
9000 140 126 127 
9000 141 123 126 
9000 142 126 127 
9000 143 123 126 
9000 144 126 127 
9000 145 126 127 
9000 146 126 132 
9000 147 126 127 
9000 148 125 126 
9000 149 126 127 
9000 150 62 123 
9000 151 123 127 
9000 152 126 127 
9000 153 123 126 
9000 154 122 126 
9000 155 126 127 
9000 156 123 127 
9000 157 126 127 
9000 158 124 125 
9000 159 122 126 
9000 160 125 126 
9000 161 126 127 
9000 162 126 127 
9000 163 192 193 
9000 164 192 193 
9000 165 192 193 
9000 166 191 193 
9000 167 192 193 
9000 168 192 193 
9000 169 191 193 
9000 170 192 193 
9000 171 192 193 
9000 172 192 193 
9000 173 192 193 
9000 174 192 193 
9000 175 192 193 
9000 176 192 193 
9000 177 182 185 
9000 178 192 193 
9000 179 192 193 
9000 180 192 193 
9000 181 192 193 
9000 182 177 193 
9000 183 192 193 
9000 184 192 193 
9000 185 177 193 
9000 186 192 193 
9000 187 192 193 
9000 188 192 193 
9000 189 192 193 
9000 190 192 193 
9000 191 166 169 
9000 192 5 17 163 164 165 167 168 170 171 172 173 174 175 176 178 179 180 181 183 184 186 187 188 189 190 
9000 193 5 17 163 164 165 166 167 168 169 170 171 172 173 174 175 176 178 179 180 181 182 183 184 185 186 187 188 189 190 
9000 194 216 222 
9000 195 222 223 
9000 196 222 223 
9000 197 222 223 
9000 198 221 223 
9000 199 222 223 
9000 200 221 222 
9000 201 221 222 
9000 202 221 222 
9000 203 222 223 
9000 204 221 222 
9000 205 222 223 
9000 206 222 223 
9000 207 219 223 
9000 208 222 223 
9000 209 222 223 
9000 210 221 222 
9000 211 222 223 
9000 212 221 222 
9000 213 215 223 
9000 214 222 223 
9000 215 213 221 
9000 216 194 222 
9000 217 222 223 
9000 218 222 223 
9000 219 207 223 
9000 220 222 223 
9000 221 198 200 201 202 204 210 212 215 
9000 222 18 194 195 196 197 199 200 201 202 203 204 205 206 208 209 210 211 212 214 216 217 218 220 
9000 223 6 18 195 196 197 198 199 203 205 206 207 208 209 211 213 214 217 218 219 220 
9000 224 245 253 
9000 225 252 253 
9000 226 252 253 
9000 227 251 252 
9000 228 252 253 
9000 229 252 253 
9000 230 251 252 
9000 231 252 253 
9000 232 251 252 
9000 233 252 253 
9000 234 240 252 
9000 235 251 252 
9000 236 252 253 
9000 237 251 252 
9000 238 251 252 
9000 239 240 253 
9000 240 234 239 
9000 241 251 252 
9000 242 251 252 
9000 243 249 252 
9000 244 251 252 
9000 245 224 249 
9000 246 251 252 
9000 247 252 253 
9000 248 252 253 
9000 249 243 245 250 
9000 250 249 253 
9000 251 19 20 227 230 232 235 237 238 241 242 244 246 
9000 252 7 19 20 225 226 227 228 229 230 231 232 233 234 235 236 237 238 241 242 243 244 246 247 248 
9000 253 224 225 226 228 229 231 233 236 239 247 248 250 
9000 254 0 6 7 
9000 255 0 
9000 256 0 
9000 257 0 7 
9000 258 0 6 
9000 259 0 
9000 260 0 
9000 261 0 
9000 262 0 7 
9000 263 0 6 
9000 264 0 6 
9000 265 0 7 
9000 266 0 6 
9000 267 0 
9000 268 0 
9000 269 0 
9000 270 0 
9000 271 0 
9000 272 0 7 
9000 273 0 6 
9000 274 0 
9000 275 0 7 
9000 276 0 6 
9000 277 0 
9000 278 0 7 
9000 279 0 6 7 
9000 280 0 
9000 281 0 7 
9000 282 0 
9000 283 0 6 
10800 0 6 7 254 255 256 257 258 259 260 261 262 263 264 265 266 267 268 269 270 271 272 273 274 275 276 277 278 279 280 281 282 283 
10800 1 50 51 
10800 2 124 126 
10800 3 120 121 
10800 4 126 127 
10800 5 192 193 
10800 6 0 223 254 258 263 264 266 273 276 279 283 
10800 7 0 252 254 257 262 265 272 275 278 279 281 
10800 8 50 51 
10800 9 50 51 
10800 10 50 51 
10800 11 124 126 
10800 12 120 121 
10800 13 120 121 
10800 14 120 121 
10800 15 123 127 
10800 16 123 127 
10800 17 192 193 
10800 18 222 223 
10800 19 251 252 
10800 20 251 252 
10800 21 30 31 
10800 22 50 51 
10800 23 30 42 
10800 24 50 51 
10800 25 39 46 
10800 26 34 39 
10800 27 50 51 
10800 28 29 44 
10800 29 28 45 48 
10800 30 21 23 
10800 31 21 42 
10800 32 44 49 
10800 33 50 51 
10800 34 26 42 
10800 35 44 
10800 36 50 51 
10800 37 50 51 
10800 38 50 51 
10800 39 25 26 
10800 40 43 46 
10800 41 49 50 
10800 42 23 31 34 
10800 43 40 46 
10800 44 28 32 35 
10800 45 29 51 
10800 46 25 40 43 
10800 47 50 51 
10800 48 29 51 
10800 49 32 41 
10800 50 1 8 9 10 22 24 27 33 36 37 38 41 47 
10800 51 1 8 9 10 22 24 27 33 36 37 38 45 47 48 
10800 52 125 126 
10800 53 124 126 
10800 54 81 82 
10800 55 63 126 
10800 56 124 126 
10800 57 125 126 
10800 58 125 126 
10800 59 124 126 
10800 60 125 126 
10800 61 77 125 
10800 62 78 150 
10800 63 55 126 
10800 64 125 126 
10800 65 125 126 
10800 66 82 126 
10800 67 126 127 
10800 68 125 126 
10800 69 82 126 
10800 70 123 127 
10800 71 82 126 
10800 72 125 126 
10800 73 82 126 
10800 74 123 127 
10800 75 82 126 
10800 76 123 127 
10800 77 61 125 
10800 78 62 81 
10800 79 131 160 
10800 80 125 126 
10800 81 54 78 
10800 82 54 66 69 71 73 75 
10800 83 120 121 
10800 84 120 121 
10800 85 98 121 
10800 86 120 121 
10800 87 120 121 
10800 88 119 120 
10800 89 120 121 
10800 90 100 120 
10800 91 120 121 
10800 92 120 121 
10800 93 120 121 
10800 94 119 120 
10800 95 120 121 
10800 96 120 121 
10800 97 120 121 
10800 98 85 121 
10800 99 120 121 
10800 100 90 119 
10800 101 120 121 
10800 102 120 121 
10800 103 119 120 
10800 104 120 121 
10800 105 114 118 
10800 106 119 120 
10800 107 120 121 
10800 108 120 121 
10800 109 120 121 
10800 110 120 121 
10800 111 120 121 
10800 112 120 121 
10800 113 120 121 
10800 114 105 120 
10800 115 120 121 
10800 116 120 121 
10800 117 120 121 
10800 118 105 120 
10800 119 88 94 100 103 106 
10800 120 3 12 13 14 83 84 86 87 88 89 90 91 92 93 94 95 96 97 99 101 102 103 104 106 107 108 109 110 111 112 113 114 115 116 117 118 
10800 121 3 12 13 14 83 84 85 86 87 89 91 92 93 95 96 97 98 99 101 102 104 107 108 109 110 111 112 113 115 116 117 
10800 122 129 130 132 138 139 141 142 153 154 159 
10800 123 15 16 70 74 76 129 130 135 136 137 138 140 141 142 143 145 147 149 151 152 153 154 155 157 159 161 162 
10800 124 2 11 53 56 59 158 
10800 125 52 57 58 60 61 64 65 68 72 77 80 128 131 139 148 160 
10800 126 2 4 11 52 53 55 56 57 58 59 60 63 64 65 66 67 68 69 71 72 73 75 80 133 158 
10800 127 4 15 16 67 70 74 76 133 135 136 137 140 143 145 147 149 151 152 155 156 157 161 162 
10800 128 125 144 
10800 129 122 123 
10800 130 122 123 
10800 131 79 125 
10800 132 122 146 
10800 133 126 127 
10800 134 150 156 
10800 135 123 127 
10800 136 123 127 
10800 137 123 127 
10800 138 122 123 
10800 139 122 125 
10800 140 123 127 
10800 141 122 123 
10800 142 122 123 
10800 143 123 127 
10800 144 128 146 148 
10800 145 123 127 
10800 146 132 144 
10800 147 123 127 
10800 148 125 144 
10800 149 123 127 
10800 150 62 134 
10800 151 123 127 
10800 152 123 127 
10800 153 122 123 
10800 154 122 123 
10800 155 123 127 
10800 156 127 134 
10800 157 123 127 
10800 158 124 126 
10800 159 122 123 
10800 160 79 125 
10800 161 123 127 
10800 162 123 127 
10800 163 192 193 
10800 164 192 193 
10800 165 192 193 
10800 166 192 193 
10800 167 188 189 
10800 168 192 193 
10800 169 192 193 
10800 170 192 193 
10800 171 192 193 
10800 172 192 193 
10800 173 192 193 
10800 174 192 193 
10800 175 192 193 
10800 176 192 193 
10800 177 182 185 
10800 178 187 190 
10800 179 188 189 
10800 180 192 193 
10800 181 192 193 
10800 182 177 189 
10800 183 192 193 
10800 184 192 193 
10800 185 177 193 
10800 186 188 189 
10800 187 178 193 
10800 188 167 179 186 
10800 189 167 179 182 186 
10800 190 178 193 
10800 191 192 193 
10800 192 5 17 163 164 165 166 168 169 170 171 172 173 174 175 176 180 181 183 184 191 
10800 193 5 17 163 164 165 166 168 169 170 171 172 173 174 175 176 180 181 183 184 185 187 190 191 
10800 194 216 222 
10800 195 222 223 
10800 196 222 223 
10800 197 222 223 
10800 198 221 223 
10800 199 221 222 
10800 200 222 223 
10800 201 221 222 
10800 202 221 222 
10800 203 222 223 
10800 204 221 222 
10800 205 222 223 
10800 206 222 223 
10800 207 219 223 
10800 208 222 223 
10800 209 222 223 
10800 210 221 222 
10800 211 222 223 
10800 212 222 223 
10800 213 222 223 
10800 214 222 223 
10800 215 216 221 
10800 216 194 215 
10800 217 222 223 
10800 218 222 223 
10800 219 207 223 
10800 220 222 223 
10800 221 198 199 201 202 204 210 215 
10800 222 18 194 195 196 197 199 200 201 202 203 204 205 206 208 209 210 211 212 213 214 217 218 220 
10800 223 6 18 195 196 197 198 200 203 205 206 207 208 209 211 212 213 214 217 218 219 220 
10800 224 245 253 
10800 225 251 252 
10800 226 252 253 
10800 227 251 252 
10800 228 251 252 
10800 229 252 253 
10800 230 251 252 
10800 231 242 253 
10800 232 252 253 
10800 233 252 253 
10800 234 252 253 
10800 235 251 252 
10800 236 252 253 
10800 237 251 252 
10800 238 251 252 
10800 239 251 252 
10800 240 251 252 
10800 241 251 252 
10800 242 231 246 
10800 243 251 252 
10800 244 251 252 
10800 245 224 249 
10800 246 242 252 
10800 247 252 253 
10800 248 250 253 
10800 249 245 253 
10800 250 248 253 
10800 251 19 20 225 227 228 230 235 237 238 239 240 241 243 244 
10800 252 7 19 20 225 226 227 228 229 230 232 233 234 235 236 237 238 239 240 241 243 244 246 247 
10800 253 224 226 229 231 232 233 234 236 247 248 249 250 
10800 254 0 6 7 
10800 255 0 
10800 256 0 
10800 257 0 7 
10800 258 0 6 
10800 259 0 
10800 260 0 
10800 261 0 
10800 262 0 7 
10800 263 0 6 
10800 264 0 6 
10800 265 0 7 
10800 266 0 6 
10800 267 0 
10800 268 0 
10800 269 0 
10800 270 0 
10800 271 0 
10800 272 0 7 
10800 273 0 6 
10800 274 0 
10800 275 0 7 
10800 276 0 6 
10800 277 0 
10800 278 0 7 
10800 279 0 6 7 
10800 280 0 
10800 281 0 7 
10800 282 0 
10800 283 0 6 
12600 0 6 7 254 255 256 257 258 259 260 261 262 263 264 265 266 267 268 269 270 271 272 273 274 275 276 277 278 279 280 281 282 283 
12600 1 50 51 
12600 2 124 126 
12600 3 120 121 
12600 4 126 127 
12600 5 192 193 
12600 6 0 223 254 258 263 264 266 273 276 279 283 
12600 7 0 252 254 257 262 265 272 275 278 279 281 
12600 8 50 51 
12600 9 50 51 
12600 10 50 51 
12600 11 124 126 
12600 12 120 121 
12600 13 120 121 
12600 14 120 121 
12600 15 122 127 
12600 16 122 127 
12600 17 192 193 
12600 18 222 223 
12600 19 251 252 
12600 20 251 252 
12600 21 50 51 
12600 22 50 51 
12600 23 30 42 
12600 24 50 51 
12600 25 31 33 
12600 26 39 45 
12600 27 50 51 
12600 28 29 48 
12600 29 28 30 
12600 30 23 29 
12600 31 25 42 
12600 32 44 49 
12600 33 25 51 
12600 34 50 51 
12600 35 44 51 
12600 36 50 51 
12600 37 50 51 
12600 38 50 51 
12600 39 26 42 
12600 40 43 46 
12600 41 48 50 
12600 42 23 31 39 
12600 43 40 46 
12600 44 32 35 
12600 45 26 50 
12600 46 40 43 
12600 47 50 51 
12600 48 28 41 
12600 49 32 51 
12600 50 1 8 9 10 21 22 24 27 34 36 37 38 41 45 47 
12600 51 1 8 9 10 21 22 24 27 33 34 35 36 37 38 47 49 
12600 52 125 126 
12600 53 124 126 
12600 54 82 126 
12600 55 61 63 
12600 56 124 126 
12600 57 125 126 
12600 58 125 126 
12600 59 124 126 
12600 60 77 125 
12600 61 55 125 
12600 62 134 150 
12600 63 55 82 
12600 64 125 126 
12600 65 125 126 
12600 66 81 82 
12600 67 81 82 
12600 68 125 126 
12600 69 125 126 
12600 70 122 125 
12600 71 81 82 
12600 72 125 126 
12600 73 82 126 
12600 74 122 127 
12600 75 123 126 
12600 76 123 127 
12600 77 60 125 
12600 78 81 82 
12600 79 127 131 
12600 80 125 126 
12600 81 66 67 71 78 
12600 82 54 63 66 67 71 73 78 
12600 83 120 121 
12600 84 120 121 
12600 85 118 121 
12600 86 120 121 
12600 87 120 121 
12600 88 119 120 
12600 89 120 121 
12600 90 100 111 
12600 91 120 121 
12600 92 120 121 
12600 93 120 121 
12600 94 119 120 
12600 95 120 121 
12600 96 120 121 
12600 97 120 121 
12600 98 120 121 
12600 99 120 121 
12600 100 90 111 
12600 101 120 121 
12600 102 120 121 
12600 103 119 120 
12600 104 120 121 
12600 105 117 119 
12600 106 119 120 
12600 107 120 121 
12600 108 120 121 
12600 109 120 121 
12600 110 120 121 
12600 111 90 100 
12600 112 120 121 
12600 113 120 121 
12600 114 119 120 
12600 115 120 121 
12600 116 120 121 
12600 117 105 121 
12600 118 85 121 
12600 119 88 94 103 105 106 114 
12600 120 3 12 13 14 83 84 86 87 88 89 91 92 93 94 95 96 97 98 99 101 102 103 104 106 107 108 109 110 112 113 114 115 116 
12600 121 3 12 13 14 83 84 85 86 87 89 91 92 93 95 96 97 98 99 101 102 104 107 108 109 110 112 113 115 116 117 118 
12600 122 15 16 70 74 129 130 132 133 135 136 137 138 139 140 141 145 147 149 152 153 154 155 159 162 
12600 123 75 76 
12600 124 2 11 53 56 59 158 
12600 125 52 57 58 60 61 64 65 68 69 70 72 77 80 128 131 139 142 148 151 160 
12600 126 2 4 11 52 53 54 56 57 58 59 64 65 68 69 72 73 75 80 142 151 157 158 160 161 
12600 127 4 15 16 74 76 79 133 135 136 140 143 145 147 149 152 155 156 157 161 162 
12600 128 125 144 
12600 129 122 143 
12600 130 122 153 
12600 131 79 125 
12600 132 122 146 
12600 133 122 127 
12600 134 62 150 156 
12600 135 122 127 
12600 136 122 127 
12600 137 122 144 
12600 138 122 144 
12600 139 122 125 
12600 140 122 127 
12600 141 122 144 
12600 142 125 126 
12600 143 127 129 
12600 144 128 137 138 141 148 154 
12600 145 122 127 
12600 146 132 159 
12600 147 122 127 
12600 148 125 144 
12600 149 122 127 
12600 150 62 134 
12600 151 125 126 
12600 152 122 127 
12600 153 122 130 
12600 154 122 144 
12600 155 122 127 
12600 156 127 134 
12600 157 126 127 
12600 158 124 126 
12600 159 122 146 
12600 160 125 126 
12600 161 126 127 
12600 162 122 127 
12600 163 192 193 
12600 164 192 193 
12600 165 192 193 
12600 166 192 193 
12600 167 188 189 
12600 168 192 193 
12600 169 192 193 
12600 170 192 193 
12600 171 192 193 
12600 172 192 193 
12600 173 192 193 
12600 174 192 193 
12600 175 192 193 
12600 176 192 193 
12600 177 185 193 
12600 178 187 190 
12600 179 192 193 
12600 180 192 193 
12600 181 192 193 
12600 182 188 189 
12600 183 192 193 
12600 184 192 193 
12600 185 177 193 
12600 186 188 189 
12600 187 178 193 
12600 188 167 182 186 
12600 189 167 182 186 
12600 190 178 193 
12600 191 192 193 
12600 192 5 17 163 164 165 166 168 169 170 171 172 173 174 175 176 179 180 181 183 184 191 
12600 193 5 17 163 164 165 166 168 169 170 171 172 173 174 175 176 177 179 180 181 183 184 185 187 190 191 
12600 194 217 222 
12600 195 222 223 
12600 196 222 223 
12600 197 222 223 
12600 198 221 223 
12600 199 221 222 
12600 200 221 222 
12600 201 221 222 
12600 202 221 222 
12600 203 222 223 
12600 204 221 222 
12600 205 222 223 
12600 206 222 223 
12600 207 219 223 
12600 208 221 223 
12600 209 222 223 
12600 210 221 222 
12600 211 222 223 
12600 212 221 222 
12600 213 215 223 
12600 214 222 223 
12600 215 213 221 
12600 216 221 222 
12600 217 194 223 
12600 218 222 223 
12600 219 207 223 
12600 220 222 223 
12600 221 198 199 200 201 202 204 208 210 212 215 216 
12600 222 18 194 195 196 197 199 200 201 202 203 204 205 206 209 210 211 212 214 216 218 220 
12600 223 6 18 195 196 197 198 203 205 206 207 208 209 211 213 214 217 218 219 220 
12600 224 245 253 
12600 225 251 252 
12600 226 251 252 
12600 227 251 252 
12600 228 251 252 
12600 229 251 252 
12600 230 251 252 
12600 231 251 252 
12600 232 251 252 
12600 233 251 252 
12600 234 251 252 
12600 235 251 252 
12600 236 251 252 
12600 237 252 253 
12600 238 252 253 
12600 239 240 252 
12600 240 239 247 
12600 241 251 252 
12600 242 251 252 
12600 243 252 253 
12600 244 252 253 
12600 245 224 253 
12600 246 251 252 
12600 247 240 252 
12600 248 250 252 
12600 249 252 253 
12600 250 248 253 
12600 251 19 20 225 226 227 228 229 230 231 232 233 234 235 236 241 242 246 
12600 252 7 19 20 225 226 227 228 229 230 231 232 233 234 235 236 237 238 239 241 242 243 244 246 247 248 249 
12600 253 224 237 238 243 244 245 249 250 
12600 254 0 6 7 
12600 255 0 
12600 256 0 
12600 257 0 7 
12600 258 0 6 
12600 259 0 
12600 260 0 
12600 261 0 
12600 262 0 7 
12600 263 0 6 
12600 264 0 6 
12600 265 0 7 
12600 266 0 6 
12600 267 0 
12600 268 0 
12600 269 0 
12600 270 0 
12600 271 0 
12600 272 0 7 
12600 273 0 6 
12600 274 0 
12600 275 0 7 
12600 276 0 6 
12600 277 0 
12600 278 0 7 
12600 279 0 6 7 
12600 280 0 
12600 281 0 7 
12600 282 0 
12600 283 0 6 
14400 0 6 7 254 255 256 257 258 259 260 261 262 263 264 265 266 267 268 269 270 271 272 273 274 275 276 277 278 279 280 281 282 283 
14400 1 50 51 
14400 2 124 139 
14400 3 120 121 
14400 4 126 127 
14400 5 192 193 
14400 6 0 223 254 258 263 264 266 273 276 279 283 
14400 7 0 252 254 257 262 265 272 275 278 279 281 
14400 8 50 51 
14400 9 50 51 
14400 10 50 51 
14400 11 82 124 
14400 12 120 121 
14400 13 120 121 
14400 14 120 121 
14400 15 126 127 
14400 16 126 127 
14400 17 192 193 
14400 18 222 223 
14400 19 251 252 
14400 20 251 252 
14400 21 50 51 
14400 22 50 51 
14400 23 30 42 
14400 24 50 51 
14400 25 31 33 
14400 26 30 34 
14400 27 50 51 
14400 28 45 48 
14400 29 48 51 
14400 30 23 26 34 39 
14400 31 25 42 
14400 32 44 49 
14400 33 25 51 
14400 34 26 30 
14400 35 44 
14400 36 50 51 
14400 37 50 51 
14400 38 41 50 
14400 39 30 42 
14400 40 43 46 
14400 41 38 51 
14400 42 23 31 39 
14400 43 40 46 
14400 44 32 35 49 
14400 45 28 51 
14400 46 40 43 
14400 47 50 51 
14400 48 28 29 
14400 49 32 44 
14400 50 1 8 9 10 21 22 24 27 36 37 38 47 
14400 51 1 8 9 10 21 22 24 27 29 33 36 37 41 45 47 
14400 52 124 125 
14400 53 124 126 
14400 54 82 139 
14400 55 59 63 
14400 56 124 139 
14400 57 126 127 
14400 58 124 125 
14400 59 55 124 
14400 60 61 77 
14400 61 60 77 
14400 62 134 150 
14400 63 55 82 
14400 64 124 125 
14400 65 125 126 
14400 66 82 139 
14400 67 81 82 
14400 68 124 125 
14400 69 82 139 
14400 70 126 127 
14400 71 81 82 
14400 72 124 125 
14400 73 82 139 
14400 74 126 127 
14400 75 82 139 
14400 76 123 127 
14400 77 60 61 
14400 78 82 139 
14400 79 126 146 
14400 80 124 125 
14400 81 67 71 
14400 82 11 54 63 66 67 69 71 73 75 78 
14400 83 120 121 
14400 84 120 121 
14400 85 90 98 
14400 86 120 121 
14400 87 120 121 
14400 88 119 120 
14400 89 120 121 
14400 90 85 98 100 
14400 91 120 121 
14400 92 120 121 
14400 93 120 121 
14400 94 120 121 
14400 95 120 121 
14400 96 119 120 
14400 97 120 121 
14400 98 85 90 
14400 99 120 121 
14400 100 90 102 
14400 101 120 121 
14400 102 100 120 
14400 103 119 120 
14400 104 120 121 
14400 105 111 114 
14400 106 119 120 
14400 107 120 121 
14400 108 120 121 
14400 109 120 121 
14400 110 120 121 
14400 111 105 121 
14400 112 120 121 
14400 113 120 121 
14400 114 105 120 
14400 115 120 121 
14400 116 120 121 
14400 117 120 121 
14400 118 120 121 
14400 119 88 96 103 106 
14400 120 3 12 13 14 83 84 86 87 88 89 91 92 93 94 95 96 97 99 101 102 103 104 106 107 108 109 110 112 113 114 115 116 117 118 
14400 121 3 12 13 14 83 84 86 87 89 91 92 93 94 95 97 99 101 104 107 108 109 110 111 112 113 115 116 117 118 
14400 122 126 130 
14400 123 76 129 138 141 152 153 159 
14400 124 2 11 52 53 56 58 59 64 68 72 80 158 
14400 125 52 58 64 65 68 72 80 131 148 160 
14400 126 4 15 16 53 57 65 70 74 79 122 128 129 130 131 132 133 135 136 137 138 140 141 142 143 144 145 147 148 149 151 152 153 154 155 157 159 160 161 162 
14400 127 4 15 16 57 70 74 76 128 133 135 136 137 140 142 143 144 145 147 149 151 154 155 156 157 161 162 
14400 128 126 127 
14400 129 123 126 
14400 130 122 126 
14400 131 125 126 
14400 132 126 146 
14400 133 126 127 
14400 134 62 150 156 
14400 135 126 127 
14400 136 126 127 
14400 137 126 127 
14400 138 123 126 
14400 139 2 54 56 66 69 73 75 78 158 
14400 140 126 127 
14400 141 123 126 
14400 142 126 127 
14400 143 126 127 
14400 144 126 127 
14400 145 126 127 
14400 146 79 132 
14400 147 126 127 
14400 148 125 126 
14400 149 126 127 
14400 150 62 134 
14400 151 126 127 
14400 152 123 126 
14400 153 123 126 
14400 154 126 127 
14400 155 126 127 
14400 156 127 134 
14400 157 126 127 
14400 158 124 139 
14400 159 123 126 
14400 160 125 126 
14400 161 126 127 
14400 162 126 127 
14400 163 192 193 
14400 164 192 193 
14400 165 192 193 
14400 166 192 193 
14400 167 192 193 
14400 168 192 193 
14400 169 192 193 
14400 170 192 193 
14400 171 192 193 
14400 172 192 193 
14400 173 192 193 
14400 174 192 193 
14400 175 192 193 
14400 176 192 193 
14400 177 182 185 
14400 178 187 190 
14400 179 188 189 
14400 180 192 193 
14400 181 192 193 
14400 182 177 189 
14400 183 192 193 
14400 184 192 193 
14400 185 177 193 
14400 186 188 189 
14400 187 178 193 
14400 188 179 186 
14400 189 179 182 186 
14400 190 178 193 
14400 191 192 193 
14400 192 5 17 163 164 165 166 167 168 169 170 171 172 173 174 175 176 180 181 183 184 191 
14400 193 5 17 163 164 165 166 167 168 169 170 171 172 173 174 175 176 180 181 183 184 185 187 190 191 
14400 194 216 222 
14400 195 222 223 
14400 196 222 223 
14400 197 222 223 
14400 198 221 223 
14400 199 221 222 
14400 200 222 223 
14400 201 221 222 
14400 202 222 223 
14400 203 221 222 
14400 204 221 222 
14400 205 222 223 
14400 206 222 223 
14400 207 219 223 
14400 208 222 223 
14400 209 222 223 
14400 210 221 222 
14400 211 222 223 
14400 212 222 223 
14400 213 215 223 
14400 214 222 223 
14400 215 213 221 
14400 216 194 222 
14400 217 222 223 
14400 218 222 223 
14400 219 207 223 
14400 220 222 223 
14400 221 198 199 201 203 204 210 215 
14400 222 18 194 195 196 197 199 200 201 202 203 204 205 206 208 209 210 211 212 214 216 217 218 220 
14400 223 6 18 195 196 197 198 200 202 205 206 207 208 209 211 212 213 214 217 218 219 220 
14400 224 245 253 
14400 225 251 252 
14400 226 252 253 
14400 227 251 252 
14400 228 240 252 
14400 229 252 253 
14400 230 251 252 
14400 231 252 253 
14400 232 251 252 
14400 233 240 253 
14400 234 251 252 
14400 235 251 252 
14400 236 252 253 
14400 237 251 252 
14400 238 252 253 
14400 239 251 252 
14400 240 228 233 
14400 241 251 252 
14400 242 251 252 
14400 243 247 252 
14400 244 251 252 
14400 245 224 249 
14400 246 251 252 
14400 247 243 253 
14400 248 250 253 
14400 249 245 253 
14400 250 248 253 
14400 251 19 20 225 227 230 232 234 235 237 239 241 242 244 246 
14400 252 7 19 20 225 226 227 228 229 230 231 232 234 235 236 237 238 239 241 242 243 244 246 
14400 253 224 226 229 231 233 236 238 247 248 249 250 
14400 254 0 6 7 
14400 255 0 
14400 256 0 
14400 257 0 7 
14400 258 0 6 
14400 259 0 
14400 260 0 
14400 261 0 
14400 262 0 7 
14400 263 0 6 
14400 264 0 6 
14400 265 0 7 
14400 266 0 6 
14400 267 0 
14400 268 0 
14400 269 0 
14400 270 0 
14400 271 0 
14400 272 0 7 
14400 273 0 6 
14400 274 0 
14400 275 0 7 
14400 276 0 6 
14400 277 0 
14400 278 0 7 
14400 279 0 6 7 
14400 280 0 
14400 281 0 7 
14400 282 0 
14400 283 0 6 
16200 0 6 7 254 255 256 257 258 259 260 261 262 263 264 265 266 267 268 269 270 271 272 273 274 275 276 277 278 279 280 281 282 283 
16200 1 50 51 
16200 2 82 124 
16200 3 120 121 
16200 4 126 127 
16200 5 192 193 
16200 6 0 223 254 258 263 264 266 273 276 279 283 
16200 7 0 252 254 257 262 265 272 275 278 279 281 
16200 8 50 51 
16200 9 50 51 
16200 10 50 51 
16200 11 82 124 
16200 12 120 121 
16200 13 120 121 
16200 14 120 121 
16200 15 126 127 
16200 16 126 127 
16200 17 192 193 
16200 18 222 223 
16200 19 251 252 
16200 20 251 252 
16200 21 30 31 
16200 22 50 51 
16200 23 30 42 
16200 24 50 51 
16200 25 33 36 
16200 26 34 39 
16200 27 50 51 
16200 28 45 48 
16200 29 45 48 
16200 30 21 23 
16200 31 21 42 
16200 32 44 49 
16200 33 25 51 
16200 34 26 42 
16200 35 44 49 
16200 36 25 42 
16200 37 50 51 
16200 38 42 51 
16200 39 26 42 
16200 40 43 46 
16200 41 50 51 
16200 42 23 31 34 36 38 39 
16200 43 40 46 
16200 44 32 35 
16200 45 28 29 
16200 46 40 43 
16200 47 50 51 
16200 48 28 29 
16200 49 32 35 
16200 50 1 8 9 10 22 24 27 37 41 47 
16200 51 1 8 9 10 22 24 27 33 37 38 41 47 
16200 52 125 127 
16200 53 82 124 
16200 54 81 82 
16200 55 59 63 
16200 56 124 125 
16200 57 124 125 
16200 58 124 125 
16200 59 55 124 
16200 60 61 125 
16200 61 60 77 
16200 62 150 156 
16200 63 55 82 
16200 64 124 125 
16200 65 125 126 
16200 66 81 82 
16200 67 81 82 
16200 68 124 125 
16200 69 125 126 
16200 70 126 127 
16200 71 81 82 
16200 72 124 125 
16200 73 81 82 
16200 74 126 127 
16200 75 81 82 
16200 76 123 127 
16200 77 61 125 
16200 78 81 82 
16200 79 125 126 
16200 80 124 125 
16200 81 54 66 67 71 73 75 78 
16200 82 2 11 53 54 63 66 67 71 73 75 78 158 
16200 83 120 121 
16200 84 120 121 
16200 85 98 121 
16200 86 120 121 
16200 87 120 121 
16200 88 119 120 
16200 89 120 121 
16200 90 100 121 
16200 91 120 121 
16200 92 120 121 
16200 93 120 121 
16200 94 120 121 
16200 95 120 121 
16200 96 120 121 
16200 97 120 121 
16200 98 85 105 
16200 99 120 121 
16200 100 90 121 
16200 101 120 121 
16200 102 120 121 
16200 103 119 120 
16200 104 120 121 
16200 105 98 120 
16200 106 119 120 
16200 107 120 121 
16200 108 120 121 
16200 109 120 121 
16200 110 120 121 
16200 111 120 121 
16200 112 120 121 
16200 113 119 120 
16200 114 119 120 
16200 115 120 121 
16200 116 120 121 
16200 117 120 121 
16200 118 119 120 
16200 119 88 103 106 113 114 118 
16200 120 3 12 13 14 83 84 86 87 88 89 91 92 93 94 95 96 97 99 101 102 103 104 105 106 107 108 109 110 111 112 113 114 115 116 117 118 
16200 121 3 12 13 14 83 84 85 86 87 89 90 91 92 93 94 95 96 97 99 100 101 102 104 107 108 109 110 111 112 115 116 117 
16200 122 132 153 154 
16200 123 76 129 130 138 141 142 153 
16200 124 2 11 53 56 57 58 59 64 68 72 80 158 
16200 125 52 56 57 58 60 64 65 68 69 72 77 79 80 128 131 139 148 160 
16200 126 4 15 16 65 69 70 74 79 128 129 130 131 133 135 136 137 138 139 140 141 142 143 145 147 148 149 151 152 155 157 159 160 161 162 
16200 127 4 15 16 52 70 74 76 133 135 136 137 140 143 144 145 147 149 151 152 155 157 161 162 
16200 128 125 126 
16200 129 123 126 
16200 130 123 126 
16200 131 125 126 
16200 132 122 146 
16200 133 126 127 
16200 134 150 156 
16200 135 126 127 
16200 136 126 127 
16200 137 126 127 
16200 138 123 126 
16200 139 125 126 
16200 140 126 127 
16200 141 123 126 
16200 142 123 126 
16200 143 126 127 
16200 144 127 154 
16200 145 126 127 
16200 146 132 159 
16200 147 126 127 
16200 148 125 126 
16200 149 126 127 
16200 150 62 134 
16200 151 126 127 
16200 152 126 127 
16200 153 122 123 
16200 154 122 144 
16200 155 126 127 
16200 156 62 134 
16200 157 126 127 
16200 158 82 124 
16200 159 126 146 
16200 160 125 126 
16200 161 126 127 
16200 162 126 127 
16200 163 192 193 
16200 164 192 193 
16200 165 192 193 
16200 166 192 193 
16200 167 188 189 
16200 168 192 193 
16200 169 191 192 
16200 170 192 193 
16200 171 192 193 
16200 172 192 193 
16200 173 192 193 
16200 174 192 193 
16200 175 192 193 
16200 176 192 193 
16200 177 182 185 
16200 178 190 193 
16200 179 188 189 
16200 180 192 193 
16200 181 192 193 
16200 182 177 189 
16200 183 192 193 
16200 184 192 193 
16200 185 177 193 
16200 186 188 189 
16200 187 192 193 
16200 188 167 179 186 
16200 189 167 179 182 186 
16200 190 178 193 
16200 191 169 193 
16200 192 5 17 163 164 165 166 168 169 170 171 172 173 174 175 176 180 181 183 184 187 
16200 193 5 17 163 164 165 166 168 170 171 172 173 174 175 176 178 180 181 183 184 185 187 190 191 
16200 194 216 222 
16200 195 222 223 
16200 196 222 223 
16200 197 222 223 
16200 198 222 223 
16200 199 221 222 
16200 200 222 223 
16200 201 221 222 
16200 202 221 222 
16200 203 222 223 
16200 204 221 222 
16200 205 222 223 
16200 206 222 223 
16200 207 222 223 
16200 208 220 223 
16200 209 222 223 
16200 210 221 222 
16200 211 222 223 
16200 212 221 222 
16200 213 215 223 
16200 214 222 223 
16200 215 213 221 
16200 216 194 222 
16200 217 219 223 
16200 218 222 223 
16200 219 217 223 
16200 220 208 223 
16200 221 199 201 202 204 210 212 215 
16200 222 18 194 195 196 197 198 199 200 201 202 203 204 205 206 207 209 210 211 212 214 216 218 
16200 223 6 18 195 196 197 198 200 203 205 206 207 208 209 211 213 214 217 218 219 220 
16200 224 245 253 
16200 225 251 252 
16200 226 252 253 
16200 227 251 252 
16200 228 240 252 
16200 229 252 253 
16200 230 252 253 
16200 231 252 253 
16200 232 251 252 
16200 233 252 253 
16200 234 251 252 
16200 235 251 252 
16200 236 252 253 
16200 237 251 252 
16200 238 240 252 
16200 239 251 252 
16200 240 228 238 
16200 241 251 252 
16200 242 251 252 
16200 243 252 253 
16200 244 251 252 
16200 245 224 249 
16200 246 251 252 
16200 247 252 253 
16200 248 252 253 
16200 249 245 253 
16200 250 251 253 
16200 251 19 20 225 227 232 234 235 237 239 241 242 244 246 250 
16200 252 7 19 20 225 226 227 228 229 230 231 232 233 234 235 236 237 238 239 241 242 243 244 246 247 248 
16200 253 224 226 229 230 231 233 236 243 247 248 249 250 
16200 254 0 6 7 
16200 255 0 
16200 256 0 
16200 257 0 7 
16200 258 0 6 
16200 259 0 
16200 260 0 
16200 261 0 
16200 262 0 7 
16200 263 0 6 
16200 264 0 6 
16200 265 0 7 
16200 266 0 6 
16200 267 0 
16200 268 0 
16200 269 0 
16200 270 0 
16200 271 0 
16200 272 0 7 
16200 273 0 6 
16200 274 0 
16200 275 0 7 
16200 276 0 6 
16200 277 0 
16200 278 0 7 
16200 279 0 6 7 
16200 280 0 
16200 281 0 7 
16200 282 0 
16200 283 0 6 
18000 0 6 7 254 255 256 257 258 259 260 261 262 263 264 265 266 267 268 269 270 271 272 273 274 275 276 277 278 279 280 281 282 283 
18000 1 50 51 
18000 2 82 124 
18000 3 119 121 
18000 4 126 127 
18000 5 192 193 
18000 6 0 223 254 258 263 264 266 273 276 279 283 
18000 7 0 252 254 257 262 265 272 275 278 279 281 
18000 8 50 51 
18000 9 50 51 
18000 10 50 51 
18000 11 82 124 
18000 12 119 121 
18000 13 119 121 
18000 14 119 121 
18000 15 126 127 
18000 16 126 127 
18000 17 192 193 
18000 18 222 223 
18000 19 251 252 
18000 20 251 252 
18000 21 50 51 
18000 22 50 51 
18000 23 30 42 
18000 24 50 51 
18000 25 31 33 39 
18000 26 50 51 
18000 27 50 51 
18000 28 45 48 
18000 29 45 48 
18000 30 23 51 
18000 31 25 42 
18000 32 49 50 
18000 33 25 41 
18000 34 41 42 
18000 35 44 49 
18000 36 50 51 
18000 37 50 51 
18000 38 50 51 
18000 39 25 42 
18000 40 43 46 
18000 41 33 34 
18000 42 23 31 34 39 
18000 43 40 46 
18000 44 35 51 
18000 45 28 29 
18000 46 40 43 
18000 47 49 50 
18000 48 28 29 
18000 49 32 35 47 
18000 50 1 8 9 10 21 22 24 26 27 32 36 37 38 47 
18000 51 1 8 9 10 21 22 24 26 27 30 36 37 38 44 
18000 52 124 125 
18000 53 82 124 
18000 54 81 82 
18000 55 59 63 
18000 56 125 126 
18000 57 124 125 
18000 58 124 125 
18000 59 55 124 
18000 60 77 146 
18000 61 125 127 
18000 62 134 150 
18000 63 55 82 
18000 64 124 125 
18000 65 125 126 
18000 66 81 82 
18000 67 81 82 
18000 68 124 125 
18000 69 82 124 
18000 70 126 127 
18000 71 81 82 
18000 72 125 126 
18000 73 80 81 
18000 74 126 127 
18000 75 82 124 
18000 76 123 127 
18000 77 60 125 
18000 78 81 82 
18000 79 126 127 
18000 80 73 125 
18000 81 54 66 67 71 73 78 
18000 82 2 11 53 54 63 66 67 69 71 75 78 158 
18000 83 120 121 
18000 84 120 121 
18000 85 98 120 
18000 86 120 121 
18000 87 119 121 
18000 88 119 120 
18000 89 119 121 
18000 90 100 120 
18000 91 120 121 
18000 92 119 121 
18000 93 120 121 
18000 94 119 120 
18000 95 119 121 
18000 96 119 121 
18000 97 119 121 
18000 98 85 120 
18000 99 119 121 
18000 100 90 120 
18000 101 119 121 
18000 102 119 121 
18000 103 119 120 
18000 104 120 121 
18000 105 114 120 
18000 106 118 119 
18000 107 120 121 
18000 108 119 121 
18000 109 120 121 
18000 110 119 121 
18000 111 119 121 
18000 112 119 121 
18000 113 120 121 
18000 114 105 119 
18000 115 120 121 
18000 116 119 121 
18000 117 119 121 
18000 118 106 119 
18000 119 3 12 13 14 87 88 89 92 94 95 96 97 99 101 102 103 106 108 110 111 112 114 116 117 118 
18000 120 83 84 85 86 88 90 91 93 94 98 100 103 104 105 107 109 113 115 
18000 121 3 12 13 14 83 84 86 87 89 91 92 93 95 96 97 99 101 102 104 107 108 109 110 111 112 113 115 116 117 
18000 122 126 132 
18000 123 76 127 
18000 124 2 11 52 53 57 58 59 64 68 69 75 158 
18000 125 52 56 57 58 61 64 65 68 72 77 80 128 129 130 131 139 141 142 145 153 154 159 160 
18000 126 4 15 16 56 65 70 72 74 79 122 128 129 130 131 133 135 136 137 138 139 140 141 142 143 144 145 147 148 149 151 152 153 154 155 157 159 160 161 162 
18000 127 4 15 16 61 70 74 76 79 123 133 135 136 137 138 140 143 144 147 148 149 151 152 155 156 157 161 162 
18000 128 125 126 
18000 129 125 126 
18000 130 125 126 
18000 131 125 126 
18000 132 122 146 
18000 133 126 127 
18000 134 62 150 156 
18000 135 126 127 
18000 136 126 127 
18000 137 126 127 
18000 138 126 127 
18000 139 125 126 
18000 140 126 127 
18000 141 125 126 
18000 142 125 126 
18000 143 126 127 
18000 144 126 127 
18000 145 125 126 
18000 146 60 132 
18000 147 126 127 
18000 148 126 127 
18000 149 126 127 
18000 150 62 134 
18000 151 126 127 
18000 152 126 127 
18000 153 125 126 
18000 154 125 126 
18000 155 126 127 
18000 156 127 134 
18000 157 126 127 
18000 158 82 124 
18000 159 125 126 
18000 160 125 126 
18000 161 126 127 
18000 162 126 127 
18000 163 192 193 
18000 164 192 193 
18000 165 192 193 
18000 166 192 193 
18000 167 188 189 
18000 168 192 193 
18000 169 192 193 
18000 170 192 193 
18000 171 192 193 
18000 172 192 193 
18000 173 192 193 
18000 174 192 193 
18000 175 192 193 
18000 176 192 193 
18000 177 185 186 
18000 178 189 190 
18000 179 192 193 
18000 180 192 193 
18000 181 192 193 
18000 182 188 189 
18000 183 192 193 
18000 184 192 193 
18000 185 177 193 
18000 186 177 189 
18000 187 192 193 
18000 188 167 182 
18000 189 167 178 182 186 
18000 190 178 193 
18000 191 192 193 
18000 192 5 17 163 164 165 166 168 169 170 171 172 173 174 175 176 179 180 181 183 184 187 191 
18000 193 5 17 163 164 165 166 168 169 170 171 172 173 174 175 176 179 180 181 183 184 185 187 190 191 
18000 194 195 222 
18000 195 194 219 
18000 196 222 223 
18000 197 222 223 
18000 198 221 223 
18000 199 221 222 
18000 200 221 222 
18000 201 221 222 
18000 202 221 222 
18000 203 222 223 
18000 204 221 222 
18000 205 222 223 
18000 206 222 223 
18000 207 222 223 
18000 208 222 223 
18000 209 222 223 
18000 210 221 222 
18000 211 222 223 
18000 212 221 222 
18000 213 215 223 
18000 214 222 223 
18000 215 213 221 
18000 216 221 222 
18000 217 222 223 
18000 218 222 223 
18000 219 195 223 
18000 220 222 223 
18000 221 198 199 200 201 202 204 210 212 215 216 
18000 222 18 194 196 197 199 200 201 202 203 204 205 206 207 208 209 210 211 212 214 216 217 218 220 
18000 223 6 18 196 197 198 203 205 206 207 208 209 211 213 214 217 218 219 220 
18000 224 245 253 
18000 225 251 252 
18000 226 252 253 
18000 227 251 252 
18000 228 251 252 
18000 229 252 253 
18000 230 251 252 
18000 231 252 253 
18000 232 251 252 
18000 233 252 253 
18000 234 251 252 
18000 235 251 252 
18000 236 240 253 
18000 237 251 252 
18000 238 251 252 
18000 239 251 252 
18000 240 236 252 
18000 241 251 252 
18000 242 251 252 
18000 243 249 252 
18000 244 251 252 
18000 245 224 249 
18000 246 251 252 
18000 247 252 253 
18000 248 250 253 
18000 249 243 245 
18000 250 248 253 
18000 251 19 20 225 227 228 230 232 234 235 237 238 239 241 242 244 246 
18000 252 7 19 20 225 226 227 228 229 230 231 232 233 234 235 237 238 239 240 241 242 243 244 246 247 
18000 253 224 226 229 231 233 236 247 248 250 
18000 254 0 6 7 
18000 255 0 
18000 256 0 
18000 257 0 7 
18000 258 0 6 
18000 259 0 
18000 260 0 
18000 261 0 
18000 262 0 7 
18000 263 0 6 
18000 264 0 6 
18000 265 0 7 
18000 266 0 6 
18000 267 0 
18000 268 0 
18000 269 0 
18000 270 0 
18000 271 0 
18000 272 0 7 
18000 273 0 6 
18000 274 0 
18000 275 0 7 
18000 276 0 6 
18000 277 0 
18000 278 0 7 
18000 279 0 6 7 
18000 280 0 
18000 281 0 7 
18000 282 0 
18000 283 0 6 
