0 21600
0 0 5 6 7 254 255 256 257 258 259 260 261 262 263 264 265 266 267 268 269 270 271 272 273 274 275 276 277 278 279 280 281 282 283 
0 1 48 50 51 
0 2 81 82 124 
0 3 119 120 121 
0 4 124 126 127 
0 5 0 192 193 255 258 261 263 271 273 275 280 282 
0 6 0 222 223 254 258 263 264 266 273 276 279 283 
0 7 0 251 252 254 257 262 265 272 275 278 279 281 
0 8 48 
0 9 48 
0 10 48 
0 11 81 
0 12 119 
0 13 119 
0 14 119 
0 15 123 
0 16 123 
0 17 191 192 
0 18 221 222 
0 19 249 251 
0 20 249 
0 21 30 31 42 
0 22 48 
0 23 47 49 50 
0 24 48 
0 25 31 39 40 
0 26 39 
0 27 48 
0 28 44 45 
0 29 45 
0 30 21 50 
0 31 21 25 
0 32 50 
0 33 50 
0 34 41 
0 35 44 
0 36 48 
0 37 48 
0 38 41 50 
0 39 25 26 
0 40 25 43 46 
0 41 34 38 
0 42 21 
0 43 40 
0 44 28 35 
0 45 28 29 51 
0 46 40 
0 47 23 
0 48 1 8 9 10 22 24 27 36 37 
0 49 23 
0 50 1 23 30 32 33 38 
0 51 1 45 
0 52 82 125 
0 53 81 
0 54 80 81 
0 55 58 59 63 
0 56 81 
0 57 82 
0 58 55 124 
0 59 55 
0 60 61 77 125 
0 61 60 
0 62 127 
0 63 55 
0 64 82 
0 65 124 
0 66 81 
0 67 122 126 153 
0 68 82 
0 69 80 
0 70 123 
0 71 80 
0 72 82 
0 73 124 139 
0 74 123 
0 75 80 
0 76 82 123 
0 77 60 
0 78 80 
0 79 131 160 
0 80 54 69 71 75 78 
0 81 2 11 53 54 56 66 158 
0 82 2 52 57 64 68 72 76 
0 83 119 
0 84 119 
0 85 119 
0 86 119 
0 87 119 
0 88 118 119 
0 89 119 
0 90 99 102 
0 91 100 120 
0 92 119 
0 93 119 
0 94 100 
0 95 119 
0 96 119 
0 97 119 
0 98 119 
0 99 90 120 
0 100 91 94 
0 101 119 
0 102 90 
0 103 105 119 
0 104 119 
0 105 103 106 114 
0 106 105 
0 107 119 
0 108 119 
0 109 119 
0 110 119 
0 111 119 
0 112 119 
0 113 119 
0 114 105 
0 115 119 
0 116 119 
0 117 119 
0 118 88 
0 119 3 12 13 14 83 84 85 86 87 88 89 92 93 95 96 97 98 101 103 104 107 108 109 110 111 112 113 115 116 117 
0 120 3 91 99 
0 121 3 
0 122 67 129 130 138 142 148 159 
0 123 15 16 70 74 76 133 136 137 140 141 143 145 147 149 151 152 155 156 157 161 162 
0 124 2 4 58 65 73 
0 125 52 60 128 131 135 
0 126 4 67 
0 127 4 62 150 
0 128 125 144 
0 129 122 
0 130 122 
0 131 79 125 
0 132 141 
0 133 123 
0 134 150 
0 135 125 
0 136 123 
0 137 123 
0 138 122 
0 139 73 
0 140 123 
0 141 123 132 
0 142 122 
0 143 123 
0 144 128 154 
0 145 123 
0 146 159 
0 147 123 
0 148 122 
0 149 123 
0 150 127 134 
0 151 123 
0 152 123 
0 153 67 
0 154 144 
0 155 123 
0 156 123 
0 157 123 
0 158 81 
0 159 122 146 
0 160 79 
0 161 123 
0 162 123 
0 163 191 
0 164 191 
0 165 191 
0 166 191 
0 167 191 
0 168 191 
0 169 191 
0 170 191 
0 171 191 
0 172 191 
0 173 191 
0 174 191 
0 175 191 
0 176 191 
0 177 179 182 185 
0 178 184 190 
0 179 177 188 189 
0 180 191 
0 181 191 
0 182 177 
0 183 191 
0 184 178 192 
0 185 177 192 
0 186 187 188 
0 187 186 
0 188 179 186 
0 189 179 
0 190 178 
0 191 17 163 164 165 166 167 168 169 170 171 172 173 174 175 176 180 181 183 
0 192 5 17 184 185 
0 193 5 
0 194 203 216 
0 195 221 
0 196 221 
0 197 221 
0 198 220 221 
0 199 220 
0 200 220 
0 201 220 
0 202 220 
0 203 194 222 
0 204 220 
0 205 219 222 
0 206 221 
0 207 219 
0 208 221 
0 209 221 
0 210 220 
0 211 221 
0 212 215 221 
0 213 215 
0 214 221 
0 215 212 213 
0 216 194 
0 217 221 
0 218 221 
0 219 205 207 
0 220 198 199 200 201 202 204 210 
0 221 18 195 196 197 198 206 208 209 211 212 214 217 218 
0 222 6 18 203 205 
0 223 6 
0 224 249 
0 225 249 
0 226 240 252 253 
0 227 249 
0 228 240 
0 229 251 
0 230 249 
0 231 250 252 
0 232 249 
0 233 251 
0 234 249 
0 235 249 
0 236 251 
0 237 249 
0 238 249 
0 239 249 
0 240 226 228 
0 241 249 
0 242 249 
0 243 245 249 
0 244 249 
0 245 243 
0 246 249 
0 247 251 
0 248 250 
0 249 19 20 224 225 227 230 232 234 235 237 238 239 241 242 243 244 246 
0 250 231 248 
0 251 7 19 229 233 236 247 
0 252 7 226 231 
0 253 226 
0 254 0 6 7 
0 255 0 5 
0 256 0 
0 257 0 7 
0 258 0 5 6 
0 259 0 
0 260 0 
0 261 0 5 
0 262 0 7 
0 263 0 5 6 
0 264 0 6 
0 265 0 7 
0 266 0 6 
0 267 0 
0 268 0 
0 269 0 
0 270 0 
0 271 0 5 
0 272 0 7 
0 273 0 5 6 
0 274 0 
0 275 0 5 7 
0 276 0 6 
0 277 0 
0 278 0 7 
0 279 0 6 7 
0 280 0 5 
0 281 0 7 
0 282 0 5 
0 283 0 6 
1800 0 5 6 7 254 255 256 257 258 259 260 261 262 263 264 265 266 267 268 269 270 271 272 273 274 275 276 277 278 279 280 281 282 283 
1800 1 48 50 51 
1800 2 81 82 124 
1800 3 119 120 121 
1800 4 124 126 127 
1800 5 0 192 193 255 258 261 263 271 273 275 280 282 
1800 6 0 222 223 254 258 263 264 266 273 276 279 283 
1800 7 0 251 252 254 257 262 265 272 275 278 279 281 
1800 8 48 
1800 9 48 
1800 10 48 
1800 11 81 
1800 12 119 
1800 13 119 
1800 14 119 
1800 15 123 
1800 16 123 
1800 17 191 192 
1800 18 221 222 
1800 19 249 251 
1800 20 249 
1800 21 48 
1800 22 48 
1800 23 27 30 42 
1800 24 48 
1800 25 31 
1800 26 27 31 
1800 27 23 26 51 
1800 28 44 45 
1800 29 45 
1800 30 23 
1800 31 25 26 
1800 32 35 44 49 
1800 33 48 
1800 34 41 43 
1800 35 32 
1800 36 47 50 
1800 37 48 
1800 38 41 50 
1800 39 48 
1800 40 43 
1800 41 34 38 
1800 42 23 
1800 43 34 40 46 
1800 44 28 32 
1800 45 28 29 51 
1800 46 43 
1800 47 36 
1800 48 1 8 9 10 21 22 24 33 37 39 
1800 49 32 
1800 50 1 36 38 
1800 51 1 27 45 
1800 52 82 
1800 53 81 
1800 54 80 81 
1800 55 80 
1800 56 81 
1800 57 82 
1800 58 82 
1800 59 81 
1800 60 61 77 125 
1800 61 60 
1800 62 127 
1800 63 78 81 
1800 64 82 
1800 65 124 
1800 66 82 
1800 67 78 
1800 68 82 
1800 69 80 
1800 70 123 
1800 71 80 
1800 72 82 
1800 73 80 
1800 74 123 
1800 75 81 
1800 76 124 
1800 77 60 
1800 78 63 67 
1800 79 131 
1800 80 54 55 69 71 73 
1800 81 2 11 53 54 56 59 63 75 158 
1800 82 2 52 57 58 64 66 68 72 134 
1800 83 118 120 
1800 84 119 
1800 85 115 
1800 86 119 
1800 87 119 
1800 88 118 
1800 89 119 
1800 90 117 
1800 91 119 
1800 92 119 
1800 93 119 
1800 94 117 119 
1800 95 119 
1800 96 119 
1800 97 119 
1800 98 115 
1800 99 119 
1800 100 117 
1800 101 119 
1800 102 119 
1800 103 118 
1800 104 119 
1800 105 118 
1800 106 118 
1800 107 119 
1800 108 119 
1800 109 119 
1800 110 119 
1800 111 119 
1800 112 119 
1800 113 119 
1800 114 118 
1800 115 85 98 121 
1800 116 119 
1800 117 90 94 100 
1800 118 83 88 103 105 106 114 
1800 119 3 12 13 14 84 86 87 89 91 92 93 94 95 96 97 99 101 102 104 107 108 109 110 111 112 113 116 
1800 120 3 83 
1800 121 3 115 
1800 122 129 130 139 142 153 154 159 
1800 123 15 16 70 74 133 134 135 136 140 145 147 149 150 151 152 155 156 157 161 
1800 124 2 4 65 76 138 
1800 125 60 128 131 137 139 148 162 
1800 126 4 137 
1800 127 4 62 
1800 128 125 144 
1800 129 122 
1800 130 122 
1800 131 79 125 
1800 132 143 
1800 133 123 
1800 134 82 123 
1800 135 123 
1800 136 123 
1800 137 125 126 
1800 138 124 
1800 139 122 125 
1800 140 123 
1800 141 146 
1800 142 122 
1800 143 132 154 
1800 144 128 160 
1800 145 123 
1800 146 141 159 
1800 147 123 
1800 148 125 
1800 149 123 
1800 150 123 
1800 151 123 
1800 152 123 
1800 153 122 
1800 154 122 143 
1800 155 123 
1800 156 123 
1800 157 123 
1800 158 81 
1800 159 122 146 
1800 160 144 
1800 161 123 
1800 162 125 
1800 163 191 
1800 164 191 
1800 165 191 
1800 166 191 
1800 167 191 
1800 168 191 
1800 169 191 
1800 170 191 
1800 171 191 
1800 172 191 
1800 173 191 
1800 174 191 
1800 175 191 
1800 176 191 
1800 177 181 182 185 
1800 178 184 190 
1800 179 188 189 191 
1800 180 191 
1800 181 177 192 
1800 182 177 
1800 183 191 
1800 184 178 192 
1800 185 177 
1800 186 187 188 
1800 187 186 
1800 188 179 186 
1800 189 179 
1800 190 178 
1800 191 17 163 164 165 166 167 168 169 170 171 172 173 174 175 176 179 180 183 
1800 192 5 17 181 184 
1800 193 5 
1800 194 221 
1800 195 221 
1800 196 221 
1800 197 221 
1800 198 220 221 
1800 199 220 
1800 200 220 
1800 201 220 
1800 202 220 
1800 203 221 
1800 204 220 
1800 205 221 
1800 206 221 
1800 207 221 
1800 208 221 
1800 209 221 
1800 210 219 222 
1800 211 221 
1800 212 215 222 
1800 213 215 
1800 214 221 
1800 215 212 213 
1800 216 220 
1800 217 221 
1800 218 221 
1800 219 210 
1800 220 198 199 200 201 202 204 216 
1800 221 18 194 195 196 197 198 203 205 206 207 208 209 211 214 217 218 
1800 222 6 18 210 212 
1800 223 6 
1800 224 249 
1800 225 249 
1800 226 251 253 
1800 227 249 
1800 228 240 251 
1800 229 251 
1800 230 249 
1800 231 250 252 
1800 232 249 
1800 233 251 
1800 234 249 
1800 235 249 
1800 236 251 
1800 237 249 
1800 238 249 
1800 239 249 
1800 240 228 
1800 241 249 
1800 242 249 
1800 243 245 251 
1800 244 249 
1800 245 243 
1800 246 249 
1800 247 251 
1800 248 250 
1800 249 19 20 224 225 227 230 232 234 235 237 238 239 241 242 244 246 
1800 250 231 248 
1800 251 7 19 226 228 229 233 236 243 247 
1800 252 7 231 
1800 253 226 
1800 254 0 6 7 
1800 255 0 5 
1800 256 0 
1800 257 0 7 
1800 258 0 5 6 
1800 259 0 
1800 260 0 
1800 261 0 5 
1800 262 0 7 
1800 263 0 5 6 
1800 264 0 6 
1800 265 0 7 
1800 266 0 6 
1800 267 0 
1800 268 0 
1800 269 0 
1800 270 0 
1800 271 0 5 
1800 272 0 7 
1800 273 0 5 6 
1800 274 0 
1800 275 0 5 7 
1800 276 0 6 
1800 277 0 
1800 278 0 7 
1800 279 0 6 7 
1800 280 0 5 
1800 281 0 7 
1800 282 0 5 
1800 283 0 6 
3600 0 5 6 7 254 255 256 257 258 259 260 261 262 263 264 265 266 267 268 269 270 271 272 273 274 275 276 277 278 279 280 281 282 283 
3600 1 48 50 51 
3600 2 81 82 124 
3600 3 119 120 121 
3600 4 124 126 127 
3600 5 0 192 193 255 258 261 263 271 273 275 280 282 
3600 6 0 222 223 254 258 263 264 266 273 276 279 283 
3600 7 0 249 251 254 257 262 265 272 275 278 279 281 
3600 8 48 
3600 9 48 
3600 10 48 
3600 11 81 
3600 12 119 
3600 13 119 
3600 14 119 
3600 15 123 
3600 16 123 
3600 17 191 192 
3600 18 221 222 
3600 19 248 249 
3600 20 248 
3600 21 30 31 42 
3600 22 42 51 
3600 23 27 42 
3600 24 42 
3600 25 31 36 39 
3600 26 39 
3600 27 23 
3600 28 32 
3600 29 45 47 
3600 30 21 
3600 31 21 25 
3600 32 28 49 50 
3600 33 50 
3600 34 48 
3600 35 44 
3600 36 25 41 
3600 37 48 
3600 38 48 
3600 39 25 26 
3600 40 43 46 47 
3600 41 36 
3600 42 21 22 23 24 
3600 43 40 
3600 44 35 50 
3600 45 29 51 
3600 46 40 
3600 47 29 40 
3600 48 1 8 9 10 34 37 38 
3600 49 32 
3600 50 1 32 33 44 
3600 51 1 22 45 
3600 52 82 125 
3600 53 82 
3600 54 80 81 
3600 55 58 59 63 
3600 56 81 
3600 57 122 124 
3600 58 55 124 
3600 59 55 
3600 60 61 77 125 
3600 61 60 
3600 62 127 
3600 63 55 75 
3600 64 82 
3600 65 124 
3600 66 123 124 
3600 67 78 81 
3600 68 82 
3600 69 80 
3600 70 123 
3600 71 80 
3600 72 82 
3600 73 80 
3600 74 123 
3600 75 63 
3600 76 123 
3600 77 60 
3600 78 67 
3600 79 131 160 
3600 80 54 69 71 73 
3600 81 2 11 54 56 67 
3600 82 2 52 53 64 68 72 
3600 83 119 
3600 84 119 
3600 85 113 115 
3600 86 119 
3600 87 119 
3600 88 118 119 
3600 89 119 
3600 90 102 
3600 91 119 
3600 92 119 
3600 93 119 
3600 94 117 119 
3600 95 119 
3600 96 119 
3600 97 119 
3600 98 117 
3600 99 119 
3600 100 102 
3600 101 119 
3600 102 90 100 121 
3600 103 105 119 
3600 104 119 
3600 105 103 106 114 
3600 106 105 
3600 107 119 
3600 108 119 
3600 109 119 
3600 110 119 
3600 111 119 
3600 112 119 
3600 113 85 120 
3600 114 105 
3600 115 85 
3600 116 119 
3600 117 94 98 
3600 118 88 
3600 119 3 12 13 14 83 84 86 87 88 89 91 92 93 94 95 96 97 99 101 103 104 107 108 109 110 111 112 116 
3600 120 3 113 
3600 121 3 102 
3600 122 57 128 129 130 138 139 148 153 154 
3600 123 15 16 66 70 74 76 133 135 136 137 140 141 142 143 145 147 151 152 155 157 161 162 
3600 124 2 4 57 58 65 66 158 
3600 125 52 60 131 
3600 126 4 149 156 
3600 127 4 62 150 
3600 128 122 
3600 129 122 
3600 130 122 
3600 131 79 125 
3600 132 141 
3600 133 123 
3600 134 150 
3600 135 123 
3600 136 123 
3600 137 123 
3600 138 122 
3600 139 122 
3600 140 123 
3600 141 123 132 
3600 142 123 
3600 143 123 
3600 144 154 
3600 145 123 
3600 146 149 159 
3600 147 123 
3600 148 122 
3600 149 126 146 
3600 150 127 134 
3600 151 123 
3600 152 123 
3600 153 122 
3600 154 122 144 
3600 155 123 
3600 156 126 
3600 157 123 
3600 158 124 
3600 159 146 
3600 160 79 
3600 161 123 
3600 162 123 
3600 163 191 
3600 164 191 
3600 165 191 
3600 166 191 
3600 167 187 188 189 
3600 168 191 
3600 169 191 
3600 170 191 
3600 171 191 
3600 172 191 
3600 173 191 
3600 174 191 
3600 175 191 
3600 176 191 
3600 177 182 185 
3600 178 184 190 
3600 179 191 
3600 180 191 
3600 181 191 
3600 182 177 188 
3600 183 191 
3600 184 178 192 
3600 185 177 192 
3600 186 191 
3600 187 167 
3600 188 167 182 
3600 189 167 
3600 190 178 
3600 191 17 163 164 165 166 168 169 170 171 172 173 174 175 176 179 180 181 183 186 
3600 192 5 17 184 185 
3600 193 5 
3600 194 212 216 
3600 195 221 
3600 196 218 
3600 197 221 
3600 198 220 221 
3600 199 220 
3600 200 220 
3600 201 220 
3600 202 220 
3600 203 221 
3600 204 220 
3600 205 221 
3600 206 221 
3600 207 221 
3600 208 221 
3600 209 221 
3600 210 220 
3600 211 219 222 
3600 212 194 222 
3600 213 221 
3600 214 221 
3600 215 216 
3600 216 194 215 
3600 217 221 
3600 218 196 222 
3600 219 211 
3600 220 198 199 200 201 202 204 210 
3600 221 18 195 197 198 203 205 206 207 208 209 213 214 217 
3600 222 6 18 211 212 218 
3600 223 6 
3600 224 251 
3600 225 248 
3600 226 249 253 
3600 227 247 249 
3600 228 244 251 252 
3600 229 250 251 
3600 230 249 
3600 231 250 
3600 232 247 
3600 233 249 
3600 234 247 
3600 235 248 
3600 236 250 
3600 237 248 
3600 238 248 
3600 239 248 
3600 240 244 
3600 241 248 
3600 242 248 
3600 243 249 
3600 244 228 240 
3600 245 249 
3600 246 248 
3600 247 227 232 234 
3600 248 19 20 225 235 237 238 239 241 242 246 
3600 249 7 19 226 227 230 233 243 245 
3600 250 229 231 236 
3600 251 7 224 228 229 
3600 252 228 
3600 253 226 
3600 254 0 6 7 
3600 255 0 5 
3600 256 0 
3600 257 0 7 
3600 258 0 5 6 
3600 259 0 
3600 260 0 
3600 261 0 5 
3600 262 0 7 
3600 263 0 5 6 
3600 264 0 6 
3600 265 0 7 
3600 266 0 6 
3600 267 0 
3600 268 0 
3600 269 0 
3600 270 0 
3600 271 0 5 
3600 272 0 7 
3600 273 0 5 6 
3600 274 0 
3600 275 0 5 7 
3600 276 0 6 
3600 277 0 
3600 278 0 7 
3600 279 0 6 7 
3600 280 0 5 
3600 281 0 7 
3600 282 0 5 
3600 283 0 6 
5400 0 5 6 7 254 255 256 257 258 259 260 261 262 263 264 265 266 267 268 269 270 271 272 273 274 275 276 277 278 279 280 281 282 283 
5400 1 48 50 51 
5400 2 82 124 125 
5400 3 119 120 121 
5400 4 124 126 127 
5400 5 0 192 193 255 258 261 263 271 273 275 280 282 
5400 6 0 222 223 254 258 263 264 266 273 276 279 283 
5400 7 0 251 252 254 257 262 265 272 275 278 279 281 
5400 8 48 
5400 9 48 
5400 10 48 
5400 11 82 
5400 12 119 
5400 13 119 
5400 14 119 
5400 15 128 
5400 16 123 
5400 17 191 192 
5400 18 221 222 
5400 19 249 251 
5400 20 249 
5400 21 48 
5400 22 49 50 
5400 23 42 47 50 
5400 24 48 
5400 25 47 
5400 26 34 39 
5400 27 47 
5400 28 45 
5400 29 45 
5400 30 47 
5400 31 46 49 
5400 32 35 44 49 
5400 33 43 50 
5400 34 26 
5400 35 32 
5400 36 41 42 
5400 37 48 
5400 38 50 
5400 39 26 41 
5400 40 51 
5400 41 36 39 
5400 42 23 36 
5400 43 33 
5400 44 32 
5400 45 28 29 51 
5400 46 31 
5400 47 23 25 27 30 
5400 48 1 8 9 10 21 24 37 
5400 49 22 31 32 
5400 50 1 22 23 33 38 
5400 51 1 40 45 
5400 52 82 
5400 53 82 
5400 54 80 81 
5400 55 78 80 
5400 56 82 
5400 57 82 
5400 58 82 
5400 59 82 
5400 60 79 
5400 61 131 
5400 62 127 
5400 63 78 
5400 64 82 
5400 65 82 
5400 66 80 
5400 67 78 
5400 68 82 
5400 69 80 
5400 70 123 
5400 71 80 
5400 72 82 
5400 73 80 
5400 74 122 
5400 75 124 
5400 76 123 
5400 77 128 
5400 78 55 63 67 
5400 79 60 131 160 
5400 80 54 55 66 69 71 73 
5400 81 54 158 
5400 82 2 11 52 53 56 57 58 59 64 65 68 72 158 
5400 83 119 
5400 84 119 
5400 85 119 
5400 86 119 
5400 87 119 
5400 88 119 
5400 89 119 
5400 90 99 100 102 
5400 91 119 
5400 92 119 
5400 93 119 
5400 94 117 119 
5400 95 119 
5400 96 119 
5400 97 119 
5400 98 115 
5400 99 90 120 
5400 100 90 
5400 101 119 
5400 102 90 
5400 103 105 120 
5400 104 119 
5400 105 103 106 114 
5400 106 105 
5400 107 119 
5400 108 119 
5400 109 119 
5400 110 119 
5400 111 119 
5400 112 119 
5400 113 119 
5400 114 105 
5400 115 98 120 
5400 116 119 
5400 117 94 
5400 118 119 
5400 119 3 12 13 14 83 84 85 86 87 88 89 91 92 93 94 95 96 97 101 104 107 108 109 110 111 112 113 116 118 
5400 120 3 99 103 115 
5400 121 3 
5400 122 74 129 130 131 133 138 142 148 153 154 
5400 123 16 70 76 130 135 136 137 139 140 141 144 145 147 149 151 152 155 156 157 161 162 
5400 124 2 4 75 
5400 125 2 
5400 126 4 128 144 
5400 127 4 62 134 150 
5400 128 15 77 126 
5400 129 122 
5400 130 122 123 
5400 131 61 79 122 
5400 132 141 
5400 133 122 
5400 134 127 
5400 135 123 
5400 136 123 
5400 137 123 
5400 138 122 
5400 139 123 
5400 140 123 
5400 141 123 132 
5400 142 122 
5400 143 154 
5400 144 123 126 
5400 145 123 
5400 146 148 159 
5400 147 123 
5400 148 122 146 
5400 149 123 
5400 150 127 
5400 151 123 
5400 152 123 
5400 153 122 
5400 154 122 143 
5400 155 123 
5400 156 123 
5400 157 123 
5400 158 81 82 
5400 159 146 
5400 160 79 
5400 161 123 
5400 162 123 
5400 163 191 
5400 164 191 
5400 165 191 
5400 166 191 
5400 167 188 189 191 
5400 168 191 
5400 169 191 
5400 170 191 
5400 171 191 
5400 172 191 
5400 173 191 
5400 174 191 
5400 175 191 
5400 176 191 
5400 177 185 
5400 178 191 
5400 179 191 
5400 180 191 
5400 181 191 
5400 182 191 
5400 183 191 
5400 184 191 
5400 185 177 192 
5400 186 187 188 
5400 187 186 
5400 188 167 186 
5400 189 167 
5400 190 191 
5400 191 17 163 164 165 166 167 168 169 170 171 172 173 174 175 176 178 179 180 181 182 183 184 190 
5400 192 5 17 185 
5400 193 5 
5400 194 218 
5400 195 221 
5400 196 221 
5400 197 221 
5400 198 220 221 
5400 199 220 
5400 200 220 
5400 201 220 
5400 202 220 
5400 203 221 
5400 204 220 
5400 205 221 
5400 206 221 
5400 207 219 222 
5400 208 219 
5400 209 221 
5400 210 220 
5400 211 221 
5400 212 220 
5400 213 215 222 
5400 214 221 
5400 215 213 
5400 216 220 
5400 217 221 
5400 218 194 222 
5400 219 207 208 
5400 220 198 199 200 201 202 204 210 212 216 
5400 221 18 195 196 197 198 203 205 206 209 211 214 217 
5400 222 6 18 207 213 218 
5400 223 6 
5400 224 241 
5400 225 249 
5400 226 251 253 
5400 227 251 
5400 228 240 251 
5400 229 251 
5400 230 249 
5400 231 251 
5400 232 249 
5400 233 251 
5400 234 249 
5400 235 240 
5400 236 251 
5400 237 249 
5400 238 249 
5400 239 249 
5400 240 228 235 
5400 241 224 252 
5400 242 249 
5400 243 249 
5400 244 249 
5400 245 250 252 
5400 246 249 
5400 247 251 
5400 248 250 
5400 249 19 20 225 230 232 234 237 238 239 242 243 244 246 
5400 250 245 248 
5400 251 7 19 226 227 228 229 231 233 236 247 
5400 252 7 241 245 
5400 253 226 
5400 254 0 6 7 
5400 255 0 5 
5400 256 0 
5400 257 0 7 
5400 258 0 5 6 
5400 259 0 
5400 260 0 
5400 261 0 5 
5400 262 0 7 
5400 263 0 5 6 
5400 264 0 6 
5400 265 0 7 
5400 266 0 6 
5400 267 0 
5400 268 0 
5400 269 0 
5400 270 0 
5400 271 0 5 
5400 272 0 7 
5400 273 0 5 6 
5400 274 0 
5400 275 0 5 7 
5400 276 0 6 
5400 277 0 
5400 278 0 7 
5400 279 0 6 7 
5400 280 0 5 
5400 281 0 7 
5400 282 0 5 
5400 283 0 6 
7200 0 5 6 7 254 255 256 257 258 259 260 261 262 263 264 265 266 267 268 269 270 271 272 273 274 275 276 277 278 279 280 281 282 283 
7200 1 48 50 51 
7200 2 81 82 124 
7200 3 119 120 121 
7200 4 124 126 127 
7200 5 0 192 193 255 258 261 263 271 273 275 280 282 
7200 6 0 222 223 254 258 263 264 266 273 276 279 283 
7200 7 0 251 252 254 257 262 265 272 275 278 279 281 
7200 8 48 
7200 9 48 
7200 10 48 
7200 11 81 
7200 12 119 
7200 13 119 
7200 14 119 
7200 15 128 
7200 16 123 
7200 17 191 192 
7200 18 221 222 
7200 19 249 251 
7200 20 249 
7200 21 48 
7200 22 47 48 
7200 23 47 
7200 24 30 42 51 
7200 25 31 39 46 
7200 26 39 
7200 27 47 
7200 28 32 
7200 29 32 
7200 30 24 
7200 31 25 51 
7200 32 28 29 49 
7200 33 50 
7200 34 41 42 
7200 35 41 
7200 36 47 
7200 37 48 
7200 38 50 
7200 39 25 26 
7200 40 46 
7200 41 34 35 49 
7200 42 24 34 
7200 43 46 
7200 44 48 
7200 45 51 
7200 46 25 40 43 
7200 47 22 23 27 36 
7200 48 1 8 9 10 21 22 37 44 
7200 49 32 41 
7200 50 1 33 38 
7200 51 1 24 31 45 
7200 52 82 125 
7200 53 82 
7200 54 80 81 
7200 55 78 80 
7200 56 81 
7200 57 82 
7200 58 82 
7200 59 81 
7200 60 61 77 125 
7200 61 60 
7200 62 80 
7200 63 125 
7200 64 82 
7200 65 124 
7200 66 80 
7200 67 123 126 
7200 68 124 
7200 69 124 
7200 70 123 
7200 71 80 
7200 72 82 
7200 73 80 
7200 74 123 
7200 75 124 
7200 76 123 
7200 77 60 
7200 78 55 
7200 79 131 160 
7200 80 54 55 62 66 71 73 
7200 81 2 11 54 56 59 158 
7200 82 2 52 53 57 58 64 72 
7200 83 119 
7200 84 119 
7200 85 115 
7200 86 119 
7200 87 119 
7200 88 118 119 
7200 89 119 
7200 90 109 
7200 91 119 
7200 92 119 
7200 93 119 
7200 94 117 119 
7200 95 119 
7200 96 119 
7200 97 119 
7200 98 115 
7200 99 119 
7200 100 109 
7200 101 119 
7200 102 119 
7200 103 118 
7200 104 105 120 
7200 105 104 106 114 
7200 106 105 
7200 107 119 
7200 108 119 
7200 109 90 100 121 
7200 110 119 
7200 111 119 
7200 112 119 
7200 113 119 
7200 114 105 
7200 115 85 98 121 
7200 116 119 
7200 117 94 
7200 118 88 103 
7200 119 3 12 13 14 83 84 86 87 88 89 91 92 93 94 95 96 97 99 101 102 107 108 110 111 112 113 116 
7200 120 3 104 
7200 121 3 109 115 
7200 122 129 139 142 153 154 
7200 123 16 67 70 74 76 130 133 135 136 137 138 140 141 143 145 147 149 150 151 152 155 156 157 161 
7200 124 2 4 65 68 69 75 
7200 125 52 60 63 128 131 139 148 162 
7200 126 4 67 
7200 127 4 134 
7200 128 15 125 
7200 129 122 
7200 130 123 
7200 131 79 125 
7200 132 138 
7200 133 123 
7200 134 127 
7200 135 123 
7200 136 123 
7200 137 123 
7200 138 123 132 
7200 139 122 125 
7200 140 123 
7200 141 123 
7200 142 122 
7200 143 123 
7200 144 154 
7200 145 123 
7200 146 148 159 
7200 147 123 
7200 148 125 146 
7200 149 123 
7200 150 123 
7200 151 123 
7200 152 123 
7200 153 122 
7200 154 122 144 
7200 155 123 
7200 156 123 
7200 157 123 
7200 158 81 
7200 159 146 
7200 160 79 
7200 161 123 
7200 162 125 
7200 163 191 
7200 164 191 
7200 165 191 
7200 166 191 
7200 167 188 189 191 
7200 168 191 
7200 169 191 
7200 170 191 
7200 171 191 
7200 172 191 
7200 173 191 
7200 174 191 
7200 175 191 
7200 176 191 
7200 177 182 185 
7200 178 184 190 
7200 179 188 
7200 180 191 
7200 181 191 
7200 182 177 189 
7200 183 191 
7200 184 178 192 
7200 185 177 
7200 186 187 188 
7200 187 186 
7200 188 167 179 186 
7200 189 167 182 
7200 190 178 
7200 191 17 163 164 165 166 167 168 169 170 171 172 173 174 175 176 180 181 183 
7200 192 5 17 184 
7200 193 5 
7200 194 203 216 
7200 195 221 
7200 196 221 
7200 197 221 
7200 198 220 221 
7200 199 220 
7200 200 220 
7200 201 220 
7200 202 220 
7200 203 194 222 
7200 204 220 
7200 205 221 
7200 206 220 
7200 207 219 222 
7200 208 221 
7200 209 221 
7200 210 220 
7200 211 221 
7200 212 215 221 
7200 213 215 
7200 214 221 
7200 215 212 213 
7200 216 194 
7200 217 220 
7200 218 221 
7200 219 207 
7200 220 198 199 200 201 202 204 206 210 217 
7200 221 18 195 196 197 198 205 208 209 211 212 214 218 
7200 222 6 18 203 207 
7200 223 6 
7200 224 240 
7200 225 249 
7200 226 251 253 
7200 227 249 
7200 228 240 251 
7200 229 251 
7200 230 249 
7200 231 251 
7200 232 251 
7200 233 251 
7200 234 251 
7200 235 249 
7200 236 251 
7200 237 248 251 
7200 238 251 
7200 239 249 
7200 240 224 228 
7200 241 249 
7200 242 249 
7200 243 245 251 
7200 244 249 
7200 245 243 
7200 246 249 
7200 247 251 
7200 248 237 250 
7200 249 19 20 225 227 230 235 239 241 242 244 246 
7200 250 248 
7200 251 7 19 226 228 229 231 232 233 234 236 237 238 243 247 
7200 252 7 
7200 253 226 
7200 254 0 6 7 
7200 255 0 5 
7200 256 0 
7200 257 0 7 
7200 258 0 5 6 
7200 259 0 
7200 260 0 
7200 261 0 5 
7200 262 0 7 
7200 263 0 5 6 
7200 264 0 6 
7200 265 0 7 
7200 266 0 6 
7200 267 0 
7200 268 0 
7200 269 0 
7200 270 0 
7200 271 0 5 
7200 272 0 7 
7200 273 0 5 6 
7200 274 0 
7200 275 0 5 7 
7200 276 0 6 
7200 277 0 
7200 278 0 7 
7200 279 0 6 7 
7200 280 0 5 
7200 281 0 7 
7200 282 0 5 
7200 283 0 6 
9000 0 5 6 7 254 255 256 257 258 259 260 261 262 263 264 265 266 267 268 269 270 271 272 273 274 275 276 277 278 279 280 281 282 283 
9000 1 48 50 51 
9000 2 81 82 124 
9000 3 119 120 121 
9000 4 124 126 127 
9000 5 0 192 193 255 258 261 263 271 273 275 280 282 
9000 6 0 222 223 254 258 263 264 266 273 276 279 283 
9000 7 0 251 252 254 257 262 265 272 275 278 279 281 
9000 8 48 
9000 9 48 
9000 10 48 
9000 11 81 
9000 12 119 
9000 13 119 
9000 14 119 
9000 15 123 
9000 16 123 
9000 17 191 192 
9000 18 221 222 
9000 19 249 251 
9000 20 249 
9000 21 30 31 42 
9000 22 48 
9000 23 27 30 49 
9000 24 48 
9000 25 47 50 
9000 26 41 
9000 27 23 
9000 28 45 
9000 29 45 
9000 30 21 23 
9000 31 21 
9000 32 44 50 
9000 33 40 50 
9000 34 41 
9000 35 44 
9000 36 41 42 51 
9000 37 47 
9000 38 50 
9000 39 43 
9000 40 33 43 
9000 41 26 34 36 
9000 42 21 36 
9000 43 39 40 
9000 44 32 35 
9000 45 28 29 51 
9000 46 51 
9000 47 25 37 
9000 48 1 8 9 10 22 24 
9000 49 23 
9000 50 1 25 32 33 38 
9000 51 1 36 45 46 
9000 52 82 
9000 53 81 
9000 54 81 
9000 55 73 78 80 
9000 56 81 
9000 57 82 
9000 58 82 
9000 59 81 
9000 60 61 77 126 
9000 61 60 
9000 62 74 
9000 63 80 81 
9000 64 124 
9000 65 124 
9000 66 80 
9000 67 78 
9000 68 82 
9000 69 82 
9000 70 123 
9000 71 80 
9000 72 82 
9000 73 55 
9000 74 62 123 
9000 75 80 
9000 76 123 
9000 77 60 
9000 78 55 67 
9000 79 124 
9000 80 55 63 66 71 75 
9000 81 2 11 53 54 56 59 63 134 
9000 82 2 52 57 58 68 69 72 158 
9000 83 119 
9000 84 119 
9000 85 115 
9000 86 119 
9000 87 119 
9000 88 118 119 
9000 89 119 
9000 90 104 
9000 91 119 
9000 92 119 
9000 93 119 
9000 94 119 
9000 95 119 
9000 96 119 
9000 97 119 
9000 98 115 
9000 99 119 
9000 100 104 
9000 101 119 
9000 102 119 
9000 103 118 
9000 104 90 100 121 
9000 105 116 117 118 
9000 106 118 
9000 107 119 
9000 108 119 
9000 109 119 
9000 110 119 
9000 111 119 
9000 112 119 
9000 113 119 
9000 114 118 
9000 115 85 98 121 
9000 116 105 
9000 117 105 
9000 118 88 103 105 106 114 
9000 119 3 12 13 14 83 84 86 87 88 89 91 92 93 94 95 96 97 99 101 102 107 108 109 110 111 112 113 
9000 120 3 
9000 121 3 104 115 
9000 122 129 138 139 141 143 151 153 156 
9000 123 15 16 70 74 76 133 134 135 136 137 138 140 142 145 147 149 155 157 161 162 
9000 124 2 4 64 65 79 130 
9000 125 130 148 
9000 126 4 60 131 152 
9000 127 4 
9000 128 144 
9000 129 122 
9000 130 124 125 
9000 131 126 132 146 
9000 132 131 
9000 133 123 
9000 134 81 123 
9000 135 123 
9000 136 123 
9000 137 123 
9000 138 122 123 
9000 139 122 
9000 140 123 
9000 141 122 
9000 142 123 
9000 143 122 
9000 144 128 148 154 159 160 
9000 145 123 
9000 146 131 
9000 147 123 
9000 148 125 144 
9000 149 123 
9000 150 152 
9000 151 122 
9000 152 126 150 
9000 153 122 
9000 154 144 
9000 155 123 
9000 156 122 
9000 157 123 
9000 158 82 
9000 159 144 
9000 160 144 
9000 161 123 
9000 162 123 
9000 163 191 
9000 164 191 
9000 165 191 
9000 166 190 191 
9000 167 191 
9000 168 191 
9000 169 190 
9000 170 191 
9000 171 191 
9000 172 191 
9000 173 191 
9000 174 191 
9000 175 191 
9000 176 191 
9000 177 179 182 185 
9000 178 191 
9000 179 177 192 
9000 180 191 
9000 181 191 
9000 182 177 
9000 183 191 
9000 184 191 
9000 185 177 
9000 186 191 
9000 187 191 
9000 188 191 
9000 189 191 
9000 190 166 169 
9000 191 17 163 164 165 166 167 168 170 171 172 173 174 175 176 178 180 181 183 184 186 187 188 189 
9000 192 5 17 179 
9000 193 5 
9000 194 207 216 
9000 195 221 
9000 196 221 
9000 197 221 
9000 198 220 221 
9000 199 221 
9000 200 220 
9000 201 220 
9000 202 220 
9000 203 221 
9000 204 220 
9000 205 219 222 
9000 206 221 
9000 207 194 219 
9000 208 221 
9000 209 221 
9000 210 220 
9000 211 221 
9000 212 215 221 
9000 213 215 
9000 214 221 
9000 215 212 213 
9000 216 194 
9000 217 221 
9000 218 221 
9000 219 205 207 
9000 220 198 200 201 202 204 210 
9000 221 18 195 196 197 198 199 203 206 208 209 211 212 214 217 218 
9000 222 6 18 205 
9000 223 6 
9000 224 249 
9000 225 251 253 
9000 226 251 
9000 227 249 
9000 228 240 252 
9000 229 251 
9000 230 249 
9000 231 251 
9000 232 249 
9000 233 251 
9000 234 240 
9000 235 249 
9000 236 251 
9000 237 249 
9000 238 249 
9000 239 240 
9000 240 228 234 239 
9000 241 249 
9000 242 249 
9000 243 245 249 
9000 244 249 
9000 245 243 
9000 246 249 
9000 247 251 
9000 248 250 252 
9000 249 19 20 224 227 230 232 235 237 238 241 242 243 244 246 
9000 250 248 
9000 251 7 19 225 226 229 231 233 236 247 
9000 252 7 228 248 
9000 253 225 
9000 254 0 6 7 
9000 255 0 5 
9000 256 0 
9000 257 0 7 
9000 258 0 5 6 
9000 259 0 
9000 260 0 
9000 261 0 5 
9000 262 0 7 
9000 263 0 5 6 
9000 264 0 6 
9000 265 0 7 
9000 266 0 6 
9000 267 0 
9000 268 0 
9000 269 0 
9000 270 0 
9000 271 0 5 
9000 272 0 7 
9000 273 0 5 6 
9000 274 0 
9000 275 0 5 7 
9000 276 0 6 
9000 277 0 
9000 278 0 7 
9000 279 0 6 7 
9000 280 0 5 
9000 281 0 7 
9000 282 0 5 
9000 283 0 6 
10800 0 5 6 7 254 255 256 257 258 259 260 261 262 263 264 265 266 267 268 269 270 271 272 273 274 275 276 277 278 279 280 281 282 283 
10800 1 48 50 51 
10800 2 82 124 126 
10800 3 119 120 121 
10800 4 124 127 
10800 5 0 192 193 255 258 261 263 271 273 275 280 282 
10800 6 0 222 223 254 258 263 264 266 273 276 279 283 
10800 7 0 251 252 254 257 262 265 272 275 278 279 281 
10800 8 48 
10800 9 48 
10800 10 48 
10800 11 82 
10800 12 119 
10800 13 119 
10800 14 119 
10800 15 128 
10800 16 122 
10800 17 191 192 
10800 18 221 222 
10800 19 249 251 
10800 20 249 
10800 21 30 31 42 
10800 22 48 
10800 23 27 42 
10800 24 48 
10800 25 31 39 40 43 46 
10800 26 39 
10800 27 23 50 
10800 28 45 
10800 29 45 
10800 30 21 
10800 31 21 25 
10800 32 44 50 
10800 33 47 50 
10800 34 41 
10800 35 44 
10800 36 47 
10800 37 48 
10800 38 48 
10800 39 25 26 41 
10800 40 25 
10800 41 34 39 49 
10800 42 21 23 
10800 43 25 
10800 44 32 35 
10800 45 28 29 51 
10800 46 25 
10800 47 33 36 
10800 48 1 8 9 10 22 24 37 38 
10800 49 41 
10800 50 1 27 32 33 
10800 51 1 45 
10800 52 124 125 
10800 53 82 
10800 54 80 81 82 
10800 55 59 63 126 
10800 56 82 
10800 57 124 
10800 58 124 
10800 59 55 
10800 60 124 
10800 61 160 
10800 62 78 
10800 63 55 
10800 64 124 
10800 65 124 
10800 66 81 
10800 67 124 
10800 68 124 
10800 69 81 
10800 70 123 146 
10800 71 81 
10800 72 124 
10800 73 81 
10800 74 143 
10800 75 78 82 
10800 76 82 123 
10800 77 131 
10800 78 62 75 
10800 79 131 148 160 
10800 80 54 
10800 81 54 66 69 71 73 
10800 82 2 11 53 54 56 75 76 158 
10800 83 119 
10800 84 119 
10800 85 115 
10800 86 119 
10800 87 119 
10800 88 118 119 
10800 89 119 
10800 90 109 
10800 91 119 
10800 92 119 
10800 93 119 
10800 94 117 119 
10800 95 119 
10800 96 119 
10800 97 119 
10800 98 115 
10800 99 119 
10800 100 112 
10800 101 119 
10800 102 119 
10800 103 118 
10800 104 119 
10800 105 108 114 
10800 106 118 
10800 107 119 
10800 108 105 120 
10800 109 90 120 
10800 110 119 
10800 111 119 
10800 112 100 120 
10800 113 119 
10800 114 105 
10800 115 85 98 121 
10800 116 119 
10800 117 94 
10800 118 88 103 106 
10800 119 3 12 13 14 83 84 86 87 88 89 91 92 93 94 95 96 97 99 101 102 104 107 110 111 113 116 
10800 120 3 108 109 112 
10800 121 3 115 
10800 122 16 130 135 136 137 140 145 149 151 154 155 161 162 
10800 123 70 76 136 147 
10800 124 2 4 52 57 58 60 64 65 67 68 72 133 
10800 125 52 128 131 
10800 126 2 55 
10800 127 4 150 
10800 128 15 125 144 
10800 129 144 
10800 130 122 153 
10800 131 77 79 125 
10800 132 144 
10800 133 124 
10800 134 150 
10800 135 122 
10800 136 122 123 
10800 137 122 
10800 138 143 
10800 139 144 
10800 140 122 
10800 141 143 
10800 142 153 
10800 143 74 138 141 154 
10800 144 128 129 132 139 152 157 159 
10800 145 122 
10800 146 70 
10800 147 123 156 
10800 148 79 
10800 149 122 
10800 150 127 134 
10800 151 122 
10800 152 144 
10800 153 130 142 
10800 154 122 143 
10800 155 122 
10800 156 147 
10800 157 144 
10800 158 82 
10800 159 144 
10800 160 61 79 
10800 161 122 
10800 162 122 
10800 163 191 
10800 164 191 
10800 165 191 
10800 166 191 
10800 167 188 189 191 
10800 168 191 
10800 169 191 
10800 170 191 
10800 171 191 
10800 172 191 
10800 173 191 
10800 174 191 
10800 175 191 
10800 176 191 
10800 177 180 182 185 
10800 178 184 187 190 
10800 179 191 
10800 180 177 192 
10800 181 191 
10800 182 177 
10800 183 191 
10800 184 178 192 
10800 185 177 
10800 186 191 
10800 187 178 
10800 188 167 
10800 189 167 
10800 190 178 
10800 191 17 163 164 165 166 167 168 169 170 171 172 173 174 175 176 179 181 183 186 
10800 192 5 17 180 184 
10800 193 5 
10800 194 214 216 
10800 195 221 
10800 196 221 
10800 197 221 
10800 198 220 221 
10800 199 220 
10800 200 221 
10800 201 220 
10800 202 220 
10800 203 221 
10800 204 220 
10800 205 219 222 
10800 206 221 
10800 207 219 
10800 208 221 
10800 209 221 
10800 210 220 
10800 211 221 
10800 212 221 
10800 213 215 222 
10800 214 194 222 
10800 215 213 
10800 216 194 
10800 217 221 
10800 218 221 
10800 219 205 207 
10800 220 198 199 201 202 204 210 
10800 221 18 195 196 197 198 200 203 206 208 209 211 212 217 218 
10800 222 6 18 205 213 214 
10800 223 6 
10800 224 249 
10800 225 249 
10800 226 251 253 
10800 227 249 
10800 228 244 251 
10800 229 251 
10800 230 249 
10800 231 242 250 253 
10800 232 251 
10800 233 251 
10800 234 251 
10800 235 249 
10800 236 251 
10800 237 249 
10800 238 249 
10800 239 249 
10800 240 244 
10800 241 249 
10800 242 231 246 
10800 243 245 251 
10800 244 228 240 
10800 245 243 
10800 246 242 
10800 247 251 
10800 248 250 
10800 249 19 20 224 225 227 230 235 237 238 239 241 
10800 250 231 248 
10800 251 7 19 226 228 229 232 233 234 236 243 247 
10800 252 7 
10800 253 226 231 
10800 254 0 6 7 
10800 255 0 5 
10800 256 0 
10800 257 0 7 
10800 258 0 5 6 
10800 259 0 
10800 260 0 
10800 261 0 5 
10800 262 0 7 
10800 263 0 5 6 
10800 264 0 6 
10800 265 0 7 
10800 266 0 6 
10800 267 0 
10800 268 0 
10800 269 0 
10800 270 0 
10800 271 0 5 
10800 272 0 7 
10800 273 0 5 6 
10800 274 0 
10800 275 0 5 7 
10800 276 0 6 
10800 277 0 
10800 278 0 7 
10800 279 0 6 7 
10800 280 0 5 
10800 281 0 7 
10800 282 0 5 
10800 283 0 6 
12600 0 5 6 7 254 255 256 257 258 259 260 261 262 263 264 265 266 267 268 269 270 271 272 273 274 275 276 277 278 279 280 281 282 283 
12600 1 48 50 51 
12600 2 123 124 126 
12600 3 119 120 121 
12600 4 124 127 
12600 5 0 192 193 255 258 261 263 271 273 275 280 282 
12600 6 0 222 223 254 258 263 264 266 273 276 279 283 
12600 7 0 251 252 254 257 262 265 272 275 278 279 281 
12600 8 48 
12600 9 48 
12600 10 48 
12600 11 123 
12600 12 119 
12600 13 119 
12600 14 119 
12600 15 144 
12600 16 143 
12600 17 191 192 
12600 18 221 222 
12600 19 249 251 
12600 20 249 
12600 21 48 
12600 22 48 
12600 23 27 30 42 
12600 24 48 
12600 25 31 39 40 43 46 
12600 26 39 
12600 27 23 50 
12600 28 29 
12600 29 28 30 41 
12600 30 23 29 
12600 31 25 51 
12600 32 44 50 
12600 33 50 
12600 34 48 
12600 35 51 
12600 36 47 50 
12600 37 48 
12600 38 48 
12600 39 25 26 
12600 40 25 
12600 41 29 
12600 42 23 
12600 43 25 
12600 44 32 
12600 45 49 50 
12600 46 25 
12600 47 36 
12600 48 1 8 9 10 21 22 24 34 37 38 
12600 49 45 
12600 50 1 27 32 33 36 45 
12600 51 1 31 35 
12600 52 124 
12600 53 123 
12600 54 81 82 126 
12600 55 59 61 63 
12600 56 123 
12600 57 124 
12600 58 124 
12600 59 55 124 
12600 60 131 
12600 61 55 
12600 62 127 
12600 63 55 
12600 64 124 
12600 65 124 
12600 66 80 81 
12600 67 80 
12600 68 124 
12600 69 124 
12600 70 144 
12600 71 80 
12600 72 124 
12600 73 81 
12600 74 144 
12600 75 82 
12600 76 122 123 
12600 77 80 
12600 78 80 
12600 79 129 131 
12600 80 66 67 71 77 78 
12600 81 54 66 73 
12600 82 54 75 
12600 83 119 
12600 84 119 
12600 85 115 
12600 86 119 
12600 87 119 
12600 88 118 119 
12600 89 119 
12600 90 102 111 
12600 91 119 
12600 92 119 
12600 93 119 
12600 94 117 119 
12600 95 119 
12600 96 119 
12600 97 119 
12600 98 100 120 
12600 99 119 
12600 100 98 
12600 101 119 
12600 102 90 120 
12600 103 118 
12600 104 119 
12600 105 114 
12600 106 118 
12600 107 119 
12600 108 119 
12600 109 119 
12600 110 119 
12600 111 90 
12600 112 119 
12600 113 119 
12600 114 105 119 
12600 115 85 120 
12600 116 119 
12600 117 94 
12600 118 88 103 106 
12600 119 3 12 13 14 83 84 86 87 88 89 91 92 93 94 95 96 97 99 101 104 107 108 109 110 112 113 114 116 
12600 120 3 98 102 115 
12600 121 3 
12600 122 76 136 140 147 
12600 123 2 11 53 56 76 158 
12600 124 2 4 52 57 58 59 64 65 68 69 72 142 151 160 161 
12600 125 131 142 157 
12600 126 2 54 
12600 127 4 62 150 
12600 128 143 
12600 129 79 
12600 130 144 
12600 131 60 79 125 
12600 132 141 
12600 133 144 
12600 134 150 
12600 135 144 
12600 136 122 144 
12600 137 143 144 
12600 138 143 
12600 139 144 
12600 140 122 153 
12600 141 132 144 
12600 142 124 125 
12600 143 16 128 137 138 154 
12600 144 15 70 74 130 133 135 136 137 139 141 145 148 149 152 155 162 
12600 145 144 
12600 146 148 159 
12600 147 122 156 
12600 148 144 146 
12600 149 144 
12600 150 127 134 
12600 151 124 
12600 152 144 
12600 153 140 
12600 154 143 
12600 155 144 
12600 156 147 
12600 157 125 
12600 158 123 
12600 159 146 
12600 160 124 
12600 161 124 
12600 162 144 
12600 163 191 
12600 164 191 
12600 165 191 
12600 166 191 
12600 167 188 189 191 
12600 168 191 
12600 169 191 
12600 170 191 
12600 171 191 
12600 172 191 
12600 173 191 
12600 174 191 
12600 175 191 
12600 176 191 
12600 177 183 185 
12600 178 184 190 
12600 179 191 
12600 180 191 
12600 181 191 
12600 182 191 
12600 183 177 192 
12600 184 178 192 
12600 185 177 
12600 186 187 188 
12600 187 186 
12600 188 167 186 
12600 189 167 
12600 190 178 
12600 191 17 163 164 165 166 167 168 169 170 171 172 173 174 175 176 179 180 181 182 
12600 192 5 17 183 184 
12600 193 5 
12600 194 216 217 
12600 195 221 
12600 196 221 
12600 197 221 
12600 198 220 221 
12600 199 220 
12600 200 220 
12600 201 220 
12600 202 220 
12600 203 221 
12600 204 220 
12600 205 219 222 
12600 206 221 
12600 207 219 
12600 208 220 
12600 209 221 
12600 210 220 
12600 211 221 
12600 212 215 221 
12600 213 215 
12600 214 221 
12600 215 212 213 
12600 216 194 221 
12600 217 194 
12600 218 221 
12600 219 205 207 
12600 220 198 199 200 201 202 204 208 210 
12600 221 18 195 196 197 198 203 206 209 211 212 214 216 218 
12600 222 6 18 205 
12600 223 6 
12600 224 249 
12600 225 249 
12600 226 249 
12600 227 249 
12600 228 240 251 
12600 229 249 
12600 230 249 
12600 231 250 251 
12600 232 249 
12600 233 249 
12600 234 249 
12600 235 249 
12600 236 249 
12600 237 251 253 
12600 238 251 
12600 239 240 
12600 240 228 239 247 
12600 241 249 
12600 242 249 
12600 243 251 
12600 244 251 
12600 245 249 
12600 246 249 
12600 247 240 
12600 248 250 
12600 249 19 20 224 225 226 227 229 230 232 233 234 235 236 241 242 245 246 
12600 250 231 248 
12600 251 7 19 228 231 237 238 243 244 
12600 252 7 
12600 253 237 
12600 254 0 6 7 
12600 255 0 5 
12600 256 0 
12600 257 0 7 
12600 258 0 5 6 
12600 259 0 
12600 260 0 
12600 261 0 5 
12600 262 0 7 
12600 263 0 5 6 
12600 264 0 6 
12600 265 0 7 
12600 266 0 6 
12600 267 0 
12600 268 0 
12600 269 0 
12600 270 0 
12600 271 0 5 
12600 272 0 7 
12600 273 0 5 6 
12600 274 0 
12600 275 0 5 7 
12600 276 0 6 
12600 277 0 
12600 278 0 7 
12600 279 0 6 7 
12600 280 0 5 
12600 281 0 7 
12600 282 0 5 
12600 283 0 6 
14400 0 5 6 7 254 255 256 257 258 259 260 261 262 263 264 265 266 267 268 269 270 271 272 273 274 275 276 277 278 279 280 281 282 283 
14400 1 48 50 51 
14400 2 82 124 139 
14400 3 119 120 121 
14400 4 124 126 127 
14400 5 0 192 193 255 258 261 263 271 273 275 280 282 
14400 6 0 222 223 254 258 263 264 266 273 276 279 283 
14400 7 0 251 252 254 257 262 265 272 275 278 279 281 
14400 8 48 
14400 9 48 
14400 10 48 
14400 11 81 82 
14400 12 119 
14400 13 119 
14400 14 119 
14400 15 123 
14400 16 123 
14400 17 191 192 
14400 18 221 222 
14400 19 249 251 
14400 20 249 
14400 21 48 
14400 22 48 
14400 23 27 30 42 
14400 24 48 
14400 25 31 43 46 
14400 26 39 
14400 27 23 50 
14400 28 45 
14400 29 47 48 
14400 30 23 32 49 
14400 31 25 40 42 
14400 32 30 44 
14400 33 50 
14400 34 42 
14400 35 44 
14400 36 48 
14400 37 48 
14400 38 41 48 
14400 39 26 42 
14400 40 31 
14400 41 38 
14400 42 23 31 34 39 
14400 43 25 
14400 44 32 35 
14400 45 28 50 
14400 46 25 
14400 47 29 
14400 48 1 8 9 10 21 22 24 29 36 37 38 
14400 49 30 
14400 50 1 27 33 45 
14400 51 1 
14400 52 139 
14400 53 67 124 
14400 54 81 
14400 55 58 59 63 
14400 56 82 
14400 57 125 
14400 58 55 124 
14400 59 55 
14400 60 125 
14400 61 125 
14400 62 127 
14400 63 55 75 
14400 64 82 
14400 65 124 
14400 66 81 
14400 67 53 
14400 68 139 
14400 69 81 
14400 70 123 
14400 71 80 81 
14400 72 82 
14400 73 81 
14400 74 123 
14400 75 63 
14400 76 123 139 
14400 77 125 
14400 78 81 
14400 79 144 146 
14400 80 71 
14400 81 11 54 66 69 71 73 78 
14400 82 2 11 56 64 72 158 
14400 83 119 
14400 84 119 
14400 85 90 121 
14400 86 119 
14400 87 119 
14400 88 118 119 
14400 89 119 
14400 90 85 
14400 91 119 
14400 92 119 
14400 93 119 
14400 94 100 120 
14400 95 119 
14400 96 118 
14400 97 119 
14400 98 121 
14400 99 119 
14400 100 94 102 
14400 101 119 
14400 102 100 
14400 103 118 
14400 104 119 
14400 105 106 111 114 
14400 106 105 119 
14400 107 119 
14400 108 119 
14400 109 119 
14400 110 119 
14400 111 105 
14400 112 119 
14400 113 119 
14400 114 105 
14400 115 119 
14400 116 119 
14400 117 119 
14400 118 88 96 103 
14400 119 3 12 13 14 83 84 86 87 88 89 91 92 93 95 97 99 101 104 106 107 108 109 110 112 113 115 116 117 
14400 120 3 94 
14400 121 3 85 98 
14400 122 129 130 132 138 141 152 153 
14400 123 15 16 70 74 76 131 133 135 136 137 140 142 145 149 151 154 155 157 159 160 161 162 
14400 124 2 4 53 58 65 148 
14400 125 57 60 61 77 128 148 
14400 126 4 130 147 
14400 127 4 62 150 
14400 128 125 
14400 129 122 
14400 130 122 126 143 
14400 131 123 
14400 132 122 
14400 133 123 
14400 134 150 
14400 135 123 
14400 136 123 
14400 137 123 
14400 138 122 
14400 139 2 52 68 76 
14400 140 123 
14400 141 122 
14400 142 123 
14400 143 130 
14400 144 79 
14400 145 123 
14400 146 79 159 
14400 147 126 156 
14400 148 124 125 
14400 149 123 
14400 150 127 134 
14400 151 123 
14400 152 122 
14400 153 122 
14400 154 123 
14400 155 123 
14400 156 147 
14400 157 123 
14400 158 82 
14400 159 123 146 
14400 160 123 
14400 161 123 
14400 162 123 
14400 163 191 
14400 164 191 
14400 165 191 
14400 166 191 
14400 167 191 
14400 168 191 
14400 169 191 
14400 170 191 
14400 171 191 
14400 172 191 
14400 173 191 
14400 174 191 
14400 175 191 
14400 176 191 
14400 177 179 182 185 
14400 178 184 190 
14400 179 177 188 189 
14400 180 191 
14400 181 191 
14400 182 177 
14400 183 191 
14400 184 178 192 
14400 185 177 192 
14400 186 187 188 
14400 187 186 
14400 188 179 186 
14400 189 179 
14400 190 178 
14400 191 17 163 164 165 166 167 168 169 170 171 172 173 174 175 176 180 181 183 
14400 192 5 17 184 185 
14400 193 5 
14400 194 212 216 
14400 195 221 
14400 196 221 
14400 197 221 
14400 198 220 221 
14400 199 220 
14400 200 221 
14400 201 220 
14400 202 221 
14400 203 220 
14400 204 220 
14400 205 219 222 
14400 206 221 
14400 207 219 
14400 208 221 
14400 209 221 
14400 210 220 
14400 211 215 222 
14400 212 194 222 
14400 213 215 
14400 214 221 
14400 215 211 213 
14400 216 194 
14400 217 221 
14400 218 221 
14400 219 205 207 
14400 220 198 199 201 203 204 210 
14400 221 18 195 196 197 198 200 202 206 208 209 214 217 218 
14400 222 6 18 205 211 212 
14400 223 6 
14400 224 249 
14400 225 249 
14400 226 251 253 
14400 227 249 
14400 228 240 251 
14400 229 251 
14400 230 249 
14400 231 251 
14400 232 249 
14400 233 240 
14400 234 249 
14400 235 249 
14400 236 251 
14400 237 249 
14400 238 251 
14400 239 249 
14400 240 228 233 
14400 241 249 
14400 242 249 
14400 243 245 247 252 
14400 244 249 
14400 245 243 
14400 246 249 
14400 247 243 250 
14400 248 250 
14400 249 19 20 224 225 227 230 232 234 235 237 239 241 242 244 246 
14400 250 247 248 
14400 251 7 19 226 228 229 231 236 238 
14400 252 7 243 
14400 253 226 
14400 254 0 6 7 
14400 255 0 5 
14400 256 0 
14400 257 0 7 
14400 258 0 5 6 
14400 259 0 
14400 260 0 
14400 261 0 5 
14400 262 0 7 
14400 263 0 5 6 
14400 264 0 6 
14400 265 0 7 
14400 266 0 6 
14400 267 0 
14400 268 0 
14400 269 0 
14400 270 0 
14400 271 0 5 
14400 272 0 7 
14400 273 0 5 6 
14400 274 0 
14400 275 0 5 7 
14400 276 0 6 
14400 277 0 
14400 278 0 7 
14400 279 0 6 7 
14400 280 0 5 
14400 281 0 7 
14400 282 0 5 
14400 283 0 6 
16200 0 5 6 7 254 255 256 257 258 259 260 261 262 263 264 265 266 267 268 269 270 271 272 273 274 275 276 277 278 279 280 281 282 283 
16200 1 48 50 51 
16200 2 81 82 124 
16200 3 119 120 121 
16200 4 124 126 127 
16200 5 0 192 193 255 258 261 263 271 273 275 280 282 
16200 6 0 222 223 254 258 263 264 266 273 276 279 283 
16200 7 0 251 252 254 257 262 265 272 275 278 279 281 
16200 8 48 
16200 9 48 
16200 10 48 
16200 11 81 
16200 12 119 
16200 13 119 
16200 14 119 
16200 15 123 
16200 16 123 
16200 17 191 192 
16200 18 221 222 
16200 19 249 251 
16200 20 249 
16200 21 30 31 42 
16200 22 48 
16200 23 27 42 
16200 24 48 
16200 25 31 39 40 43 46 
16200 26 39 
16200 27 23 50 
16200 28 44 45 
16200 29 45 
16200 30 21 
16200 31 21 25 
16200 32 49 50 
16200 33 50 
16200 34 41 
16200 35 41 
16200 36 51 
16200 37 48 
16200 38 50 
16200 39 25 26 
16200 40 25 
16200 41 34 35 51 
16200 42 21 23 
16200 43 25 
16200 44 28 
16200 45 28 29 51 
16200 46 25 
16200 47 48 
16200 48 1 8 9 10 22 24 37 47 
16200 49 32 
16200 50 1 27 32 33 38 
16200 51 1 36 41 45 
16200 52 124 125 
16200 53 81 
16200 54 80 81 
16200 55 58 59 63 
16200 56 82 
16200 57 124 144 
16200 58 55 124 
16200 59 55 
16200 60 61 77 131 160 
16200 61 60 
16200 62 134 
16200 63 55 
16200 64 82 
16200 65 124 
16200 66 80 
16200 67 80 
16200 68 82 
16200 69 124 
16200 70 123 
16200 71 80 
16200 72 82 
16200 73 80 
16200 74 123 
16200 75 80 
16200 76 82 123 
16200 77 60 
16200 78 80 
16200 79 124 
16200 80 54 66 67 71 73 75 78 
16200 81 2 11 53 54 158 
16200 82 2 56 64 68 72 76 
16200 83 119 
16200 84 119 
16200 85 115 
16200 86 119 
16200 87 119 
16200 88 118 119 
16200 89 119 
16200 90 113 
16200 91 119 
16200 92 119 
16200 93 119 
16200 94 119 
16200 95 119 
16200 96 119 
16200 97 119 
16200 98 121 
16200 99 119 
16200 100 113 
16200 101 119 
16200 102 119 
16200 103 118 
16200 104 119 
16200 105 118 
16200 106 118 
16200 107 119 
16200 108 119 
16200 109 119 
16200 110 119 
16200 111 119 
16200 112 119 
16200 113 90 100 120 
16200 114 118 
16200 115 85 120 
16200 116 119 
16200 117 119 
16200 118 88 103 105 106 114 
16200 119 3 12 13 14 83 84 86 87 88 89 91 92 93 94 95 96 97 99 101 102 104 107 108 109 110 111 112 116 117 
16200 120 3 113 115 
16200 121 3 98 
16200 122 129 130 138 139 142 153 
16200 123 15 16 70 74 76 135 136 137 140 141 145 147 149 151 152 155 157 161 162 
16200 124 2 4 52 57 58 65 69 79 
16200 125 52 131 133 139 
16200 126 4 
16200 127 4 150 156 
16200 128 144 
16200 129 122 
16200 130 122 
16200 131 60 125 
16200 132 141 
16200 133 125 
16200 134 62 150 
16200 135 123 
16200 136 123 
16200 137 123 
16200 138 122 
16200 139 122 125 
16200 140 123 
16200 141 123 132 
16200 142 122 
16200 143 154 
16200 144 57 128 148 154 
16200 145 123 
16200 146 153 159 
16200 147 123 
16200 148 144 
16200 149 123 
16200 150 127 134 
16200 151 123 
16200 152 123 
16200 153 122 146 
16200 154 143 144 
16200 155 123 
16200 156 127 
16200 157 123 
16200 158 81 
16200 159 146 
16200 160 60 
16200 161 123 
16200 162 123 
16200 163 191 
16200 164 191 
16200 165 191 
16200 166 191 
16200 167 188 189 191 
16200 168 191 
16200 169 190 191 
16200 170 191 
16200 171 191 
16200 172 191 
16200 173 191 
16200 174 191 
16200 175 191 
16200 176 191 
16200 177 180 182 185 
16200 178 187 
16200 179 191 
16200 180 177 192 
16200 181 191 
16200 182 177 
16200 183 191 
16200 184 191 
16200 185 177 
16200 186 187 188 
16200 187 178 186 
16200 188 167 186 
16200 189 167 
16200 190 169 
16200 191 17 163 164 165 166 167 168 169 170 171 172 173 174 175 176 179 181 183 184 
16200 192 5 17 180 
16200 193 5 
16200 194 203 
16200 195 221 
16200 196 221 
16200 197 221 
16200 198 221 
16200 199 220 221 
16200 200 221 
16200 201 220 
16200 202 220 
16200 203 194 222 
16200 204 220 
16200 205 221 
16200 206 221 
16200 207 219 222 
16200 208 216 220 
16200 209 221 
16200 210 220 
16200 211 221 
16200 212 215 221 
16200 213 215 
16200 214 221 
16200 215 212 213 
16200 216 208 
16200 217 219 
16200 218 221 
16200 219 207 217 
16200 220 199 201 202 204 208 210 
16200 221 18 195 196 197 198 199 200 205 206 209 211 212 214 218 
16200 222 6 18 203 207 
16200 223 6 
16200 224 249 
16200 225 249 
16200 226 251 253 
16200 227 249 
16200 228 240 251 
16200 229 251 
16200 230 251 
16200 231 251 
16200 232 249 
16200 233 251 
16200 234 249 
16200 235 249 
16200 236 251 
16200 237 245 251 
16200 238 240 
16200 239 249 
16200 240 228 238 
16200 241 249 
16200 242 249 
16200 243 251 
16200 244 249 
16200 245 237 
16200 246 249 
16200 247 251 
16200 248 250 252 
16200 249 19 20 224 225 227 232 234 235 239 241 242 244 246 
16200 250 248 
16200 251 7 19 226 228 229 230 231 233 236 237 243 247 
16200 252 7 248 
16200 253 226 
16200 254 0 6 7 
16200 255 0 5 
16200 256 0 
16200 257 0 7 
16200 258 0 5 6 
16200 259 0 
16200 260 0 
16200 261 0 5 
16200 262 0 7 
16200 263 0 5 6 
16200 264 0 6 
16200 265 0 7 
16200 266 0 6 
16200 267 0 
16200 268 0 
16200 269 0 
16200 270 0 
16200 271 0 5 
16200 272 0 7 
16200 273 0 5 6 
16200 274 0 
16200 275 0 5 7 
16200 276 0 6 
16200 277 0 
16200 278 0 7 
16200 279 0 6 7 
16200 280 0 5 
16200 281 0 7 
16200 282 0 5 
16200 283 0 6 
18000 0 5 6 7 254 255 256 257 258 259 260 261 262 263 264 265 266 267 268 269 270 271 272 273 274 275 276 277 278 279 280 281 282 283 
18000 1 48 50 51 
18000 2 81 82 124 
18000 3 118 119 121 
18000 4 125 126 127 
18000 5 0 192 193 255 258 261 263 271 273 275 280 282 
18000 6 0 222 223 254 258 263 264 266 273 276 279 283 
18000 7 0 251 252 254 257 262 265 272 275 278 279 281 
18000 8 48 
18000 9 48 
18000 10 48 
18000 11 81 
18000 12 118 
18000 13 118 
18000 14 118 
18000 15 125 
18000 16 125 
18000 17 191 192 
18000 18 221 222 
18000 19 249 251 
18000 20 249 
18000 21 48 
18000 22 48 
18000 23 27 30 42 
18000 24 48 
18000 25 31 39 40 43 46 
18000 26 48 
18000 27 23 50 
18000 28 45 
18000 29 45 
18000 30 23 
18000 31 25 51 
18000 32 48 
18000 33 41 51 
18000 34 39 
18000 35 44 
18000 36 47 50 
18000 37 48 
18000 38 48 
18000 39 25 34 
18000 40 25 
18000 41 33 
18000 42 23 
18000 43 25 
18000 44 35 50 
18000 45 28 29 51 
18000 46 25 
18000 47 36 49 
18000 48 1 8 9 10 21 22 24 26 32 37 38 
18000 49 47 
18000 50 1 27 36 44 
18000 51 1 31 33 45 
18000 52 82 
18000 53 81 
18000 54 80 81 
18000 55 58 59 63 
18000 56 124 
18000 57 82 
18000 58 55 124 
18000 59 55 
18000 60 125 
18000 61 77 125 
18000 62 127 
18000 63 55 
18000 64 82 
18000 65 124 
18000 66 80 
18000 67 78 81 
18000 68 82 
18000 69 81 
18000 70 123 
18000 71 80 
18000 72 124 
18000 73 78 
18000 74 123 
18000 75 81 
18000 76 82 123 
18000 77 61 
18000 78 67 73 
18000 79 131 
18000 80 54 66 71 
18000 81 2 11 53 54 67 69 75 158 
18000 82 2 52 57 64 68 76 
18000 83 119 120 
18000 84 119 
18000 85 121 
18000 86 119 
18000 87 118 
18000 88 118 
18000 89 118 
18000 90 102 
18000 91 119 
18000 92 118 
18000 93 119 
18000 94 100 119 
18000 95 118 
18000 96 117 119 
18000 97 117 
18000 98 121 
18000 99 118 
18000 100 94 
18000 101 118 
18000 102 90 119 
18000 103 118 
18000 104 119 
18000 105 106 114 
18000 106 105 118 
18000 107 119 
18000 108 118 
18000 109 119 
18000 110 118 
18000 111 117 
18000 112 118 
18000 113 119 
18000 114 105 
18000 115 119 
18000 116 118 
18000 117 96 97 111 
18000 118 3 12 13 14 87 88 89 92 95 99 101 103 106 108 110 112 116 
18000 119 3 83 84 86 91 93 94 96 102 104 107 109 113 115 
18000 120 83 
18000 121 3 85 98 
18000 122 139 154 159 
18000 123 70 74 76 129 130 135 136 137 140 141 142 143 147 151 152 153 156 160 
18000 124 2 56 58 65 72 145 162 
18000 125 4 15 16 60 61 128 131 132 133 138 139 145 148 149 155 157 161 
18000 126 4 146 
18000 127 4 62 150 
18000 128 125 144 
18000 129 123 
18000 130 123 
18000 131 79 125 
18000 132 125 
18000 133 125 
18000 134 150 
18000 135 123 
18000 136 123 
18000 137 123 
18000 138 125 
18000 139 122 125 
18000 140 123 
18000 141 123 
18000 142 123 
18000 143 123 
18000 144 128 
18000 145 124 125 
18000 146 126 
18000 147 123 
18000 148 125 
18000 149 125 
18000 150 127 134 
18000 151 123 
18000 152 123 
18000 153 123 
18000 154 122 
18000 155 125 
18000 156 123 
18000 157 125 
18000 158 81 
18000 159 122 
18000 160 123 
18000 161 125 
18000 162 124 
18000 163 191 
18000 164 191 
18000 165 191 
18000 166 191 
18000 167 188 189 191 
18000 168 191 
18000 169 191 
18000 170 191 
18000 171 191 
18000 172 191 
18000 173 191 
18000 174 191 
18000 175 191 
18000 176 191 
18000 177 182 185 186 
18000 178 187 190 
18000 179 191 
18000 180 191 
18000 181 191 
18000 182 177 188 
18000 183 191 
18000 184 191 
18000 185 177 
18000 186 177 
18000 187 178 192 
18000 188 167 182 
18000 189 167 
18000 190 178 
18000 191 17 163 164 165 166 167 168 169 170 171 172 173 174 175 176 179 180 181 183 184 
18000 192 5 17 187 
18000 193 5 
18000 194 216 
18000 195 223 
18000 196 221 
18000 197 221 
18000 198 220 221 
18000 199 220 
18000 200 220 
18000 201 220 
18000 202 220 
18000 203 221 
18000 204 220 
18000 205 221 
18000 206 221 
18000 207 219 222 
18000 208 221 
18000 209 221 
18000 210 220 
18000 211 221 
18000 212 215 221 
18000 213 215 
18000 214 221 
18000 215 212 213 
18000 216 194 221 
18000 217 221 
18000 218 221 
18000 219 207 
18000 220 198 199 200 201 202 204 210 
18000 221 18 196 197 198 203 205 206 208 209 211 212 214 216 217 218 
18000 222 6 18 207 
18000 223 6 195 
18000 224 249 
18000 225 249 
18000 226 251 253 
18000 227 249 
18000 228 240 251 
18000 229 251 
18000 230 249 
18000 231 250 252 
18000 232 249 
18000 233 251 
18000 234 249 
18000 235 249 
18000 236 240 
18000 237 249 
18000 238 249 
18000 239 249 
18000 240 228 236 
18000 241 249 
18000 242 249 
18000 243 251 
18000 244 245 251 
18000 245 244 
18000 246 249 
18000 247 251 
18000 248 250 
18000 249 19 20 224 225 227 230 232 234 235 237 238 239 241 242 246 
18000 250 231 248 
18000 251 7 19 226 228 229 233 243 244 247 
18000 252 7 231 
18000 253 226 
18000 254 0 6 7 
18000 255 0 5 
18000 256 0 
18000 257 0 7 
18000 258 0 5 6 
18000 259 0 
18000 260 0 
18000 261 0 5 
18000 262 0 7 
18000 263 0 5 6 
18000 264 0 6 
18000 265 0 7 
18000 266 0 6 
18000 267 0 
18000 268 0 
18000 269 0 
18000 270 0 
18000 271 0 5 
18000 272 0 7 
18000 273 0 5 6 
18000 274 0 
18000 275 0 5 7 
18000 276 0 6 
18000 277 0 
18000 278 0 7 
18000 279 0 6 7 
18000 280 0 5 
18000 281 0 7 
18000 282 0 5 
18000 283 0 6 
