0 21600
0 0 1 2 3 4 5 214 215 216 217 218 219 220 221 222 223 224 225 226 227 228 229 230 231 232 233 234 235 236 237 238 239 240 241 242 243 
0 1 0 2 3 4 5 6 12 13 14 15 16 17 18 19 20 21 22 23 24 25 26 27 28 29 30 31 32 34 35 36 37 38 39 40 41 42 44 45 46 47 48 49 51 52 53 54 55 56 57 59 60 215 217 221 225 227 231 234 236 238 241 243 
0 2 0 1 3 4 5 7 61 62 63 64 65 66 67 68 69 70 71 73 74 75 76 78 79 80 81 82 83 84 85 86 87 88 89 90 112 127 215 219 220 222 224 228 230 233 236 239 240 242 
0 3 0 1 2 4 5 8 91 92 93 95 96 97 98 99 101 102 104 105 106 107 109 111 113 114 115 116 117 118 120 121 122 124 125 126 127 128 129 130 133 214 216 221 223 224 226 228 233 237 238 240 242 243 
0 4 0 1 2 3 5 137 138 139 140 141 142 143 144 145 146 147 148 149 150 151 152 153 154 155 156 157 159 160 161 162 163 164 165 166 167 168 169 170 171 172 173 174 175 176 177 178 179 180 216 218 219 222 223 227 229 233 237 238 239 242 
0 5 0 1 2 3 4 10 11 182 183 184 185 187 188 189 190 191 192 193 195 196 198 199 201 202 203 205 206 207 208 211 212 215 217 219 223 225 227 231 232 235 239 240 241 243 
0 6 1 12 13 14 15 16 17 18 19 20 21 22 23 24 25 26 27 28 29 30 31 32 34 35 36 37 38 39 40 41 42 44 45 46 47 48 49 51 52 53 54 55 56 57 59 60 
0 7 2 67 68 69 70 74 75 76 78 81 
0 8 3 91 92 93 95 96 97 98 99 101 102 104 105 106 107 109 111 113 114 115 116 117 118 120 121 122 124 125 126 127 128 129 130 133 
0 9 137 138 139 140 141 142 143 144 145 146 147 148 149 150 151 152 153 154 155 156 157 159 160 161 162 163 164 165 166 167 168 169 170 171 172 173 174 175 176 177 178 179 180 
0 10 5 11 182 183 184 185 187 188 189 190 191 192 193 195 196 198 199 201 202 203 205 206 207 208 211 212 
0 11 5 10 182 183 184 185 187 188 189 190 191 192 193 195 196 198 199 201 202 203 205 206 207 208 211 212 
0 12 1 6 58 
0 13 1 6 
0 14 1 6 
0 15 1 6 33 
0 16 1 6 
0 17 1 6 
0 18 1 6 43 
0 19 1 6 
0 20 1 6 
0 21 1 6 
0 22 1 6 
0 23 1 6 
0 24 1 6 
0 25 1 6 
0 26 1 6 
0 27 1 6 
0 28 1 6 
0 29 1 6 
0 30 1 6 
0 31 1 6 
0 32 1 6 
0 33 15 
0 34 1 6 
0 35 1 6 
0 36 1 6 
0 37 1 6 
0 38 1 6 
0 39 1 6 
0 40 1 6 
0 41 1 6 
0 42 1 6 
0 43 18 
0 44 1 6 
0 45 1 6 
0 46 1 6 
0 47 1 6 
0 48 1 6 
0 49 1 6 
0 50 
0 51 1 6 
0 52 1 6 
0 53 1 6 
0 54 1 6 
0 55 1 6 
0 56 1 6 
0 57 1 6 
0 58 12 
0 59 1 6 
0 60 1 6 
0 61 2 
0 62 2 72 135 
0 63 2 
0 64 2 131 
0 65 2 
0 66 2 
0 67 2 7 
0 68 2 7 
0 69 2 7 
0 70 2 7 
0 71 2 
0 72 62 
0 73 2 
0 74 2 7 
0 75 2 7 
0 76 2 7 
0 77 81 
0 78 2 7 
0 79 2 
0 80 2 
0 81 2 7 77 
0 82 2 
0 83 2 
0 84 2 
0 85 2 
0 86 2 
0 87 2 
0 88 2 
0 89 2 
0 90 2 
0 91 3 8 
0 92 3 8 
0 93 3 8 
0 94 129 
0 95 3 8 
0 96 3 8 
0 97 3 8 
0 98 3 8 
0 99 3 8 
0 100 129 
0 101 3 8 
0 102 3 8 
0 103 129 
0 104 3 8 
0 105 3 8 
0 106 3 8 
0 107 3 8 
0 108 129 
0 109 3 8 
0 110 129 
0 111 3 8 
0 112 2 
0 113 3 8 
0 114 3 8 
0 115 3 8 
0 116 3 8 
0 117 3 8 
0 118 3 8 
0 119 129 
0 120 3 8 
0 121 3 8 
0 122 3 8 
0 123 129 
0 124 3 8 
0 125 3 8 
0 126 3 8 
0 127 2 3 8 
0 128 3 8 
0 129 3 8 94 100 103 108 110 119 123 132 134 
0 130 3 8 
0 131 64 
0 132 129 
0 133 3 8 
0 134 129 
0 135 62 
0 136 141 
0 137 4 9 
0 138 4 9 158 
0 139 4 9 
0 140 4 9 
0 141 4 9 136 
0 142 4 9 
0 143 4 9 
0 144 4 9 
0 145 4 9 
0 146 4 9 
0 147 4 9 
0 148 4 9 
0 149 4 9 
0 150 4 9 
0 151 4 9 
0 152 4 9 
0 153 4 9 
0 154 4 9 
0 155 4 9 
0 156 4 9 
0 157 4 9 
0 158 138 194 
0 159 4 9 
0 160 4 9 
0 161 4 9 
0 162 4 9 
0 163 4 9 
0 164 4 9 
0 165 4 9 
0 166 4 9 
0 167 4 9 
0 168 4 9 
0 169 4 9 
0 170 4 9 
0 171 4 9 
0 172 4 9 
0 173 4 9 
0 174 4 9 
0 175 4 9 
0 176 4 9 
0 177 4 9 
0 178 4 9 
0 179 4 9 
0 180 4 9 
0 181 182 
0 182 5 10 11 181 200 213 
0 183 5 10 11 204 
0 184 5 10 11 
0 185 5 10 11 
0 186 188 197 
0 187 5 10 11 
0 188 5 10 11 186 
0 189 5 10 11 
0 190 5 10 11 
0 191 5 10 11 
0 192 5 10 11 
0 193 5 10 11 209 
0 194 158 
0 195 5 10 11 
0 196 5 10 11 
0 197 186 
0 198 5 10 11 
0 199 5 10 11 
0 200 182 210 
0 201 5 10 11 
0 202 5 10 11 
0 203 5 10 11 
0 204 183 
0 205 5 10 11 
0 206 5 10 11 
0 207 5 10 11 
0 208 5 10 11 
0 209 193 
0 210 200 
0 211 5 10 11 
0 212 5 10 11 
0 213 182 
0 214 0 3 
0 215 0 1 2 5 
0 216 0 3 4 
0 217 0 1 5 
0 218 0 4 
0 219 0 2 4 5 
0 220 0 2 
0 221 0 1 3 
0 222 0 2 4 
0 223 0 3 4 5 
0 224 0 2 3 
0 225 0 1 5 
0 226 0 3 
0 227 0 1 4 5 
0 228 0 2 3 
0 229 0 4 
0 230 0 2 
0 231 0 1 5 
0 232 0 5 
0 233 0 2 3 4 
0 234 0 1 
0 235 0 5 
0 236 0 1 2 
0 237 0 3 4 
0 238 0 1 3 4 
0 239 0 2 4 5 
0 240 0 2 3 5 
0 241 0 1 5 
0 242 0 2 3 4 
0 243 0 1 3 5 
