0 21600
0 0 1 2 3 4 5 215 216 217 218 219 220 221 222 223 224 225 226 227 228 229 230 231 232 233 234 235 236 237 238 239 240 241 242 243 244 
0 1 0 2 3 4 5 6 7 16 17 19 20 21 22 23 24 25 26 27 28 29 30 31 32 35 36 37 38 39 41 42 43 46 47 49 50 51 52 53 54 55 56 57 58 215 218 222 224 227 231 233 234 238 240 242 
0 2 0 1 3 4 5 8 9 10 59 60 61 62 63 64 65 66 67 68 69 70 71 72 73 74 75 76 77 78 79 80 81 82 83 84 85 86 87 88 217 218 222 223 229 230 233 235 236 240 243 
0 3 0 1 2 4 5 11 12 13 90 91 92 94 95 96 98 99 100 102 103 104 105 107 108 109 111 112 113 114 115 117 118 119 120 122 123 124 127 128 129 130 132 133 134 137 215 219 221 225 231 232 235 236 239 242 
0 4 0 1 2 3 5 14 138 141 142 143 144 146 147 148 149 151 152 153 154 155 156 157 158 160 162 163 164 165 167 168 169 170 172 173 174 175 176 177 178 179 180 217 219 221 224 228 230 233 235 237 241 242 
0 5 0 1 2 3 4 15 183 185 186 187 188 189 190 191 192 193 194 195 196 198 200 201 202 203 204 205 206 207 208 209 210 211 212 213 214 215 216 217 218 219 220 221 222 223 225 226 231 234 236 241 243 244 
0 6 1 7 16 17 19 20 21 22 23 24 25 26 27 28 29 30 31 32 35 36 37 38 39 41 42 43 46 47 49 50 51 52 53 54 55 56 57 58 
0 7 1 6 16 17 19 23 24 25 26 27 29 30 31 32 36 41 46 50 53 56 57 
0 8 2 9 10 62 63 64 72 73 74 86 
0 9 2 8 10 59 60 61 62 63 64 65 66 67 68 69 70 71 72 73 74 75 76 77 78 79 80 81 82 83 84 85 86 87 88 
0 10 2 8 9 59 61 62 63 71 72 73 74 78 79 80 81 82 85 
0 11 3 12 13 90 91 92 94 95 96 98 99 100 102 103 104 105 107 108 109 111 112 113 114 115 117 118 119 120 122 123 124 127 128 129 130 132 133 134 137 
0 12 3 11 13 90 91 92 94 95 96 98 99 100 102 103 104 105 107 108 109 111 112 113 114 115 117 118 119 120 122 123 124 127 128 129 130 132 133 134 137 
0 13 3 11 12 90 91 92 94 95 96 98 99 100 102 103 104 105 107 108 109 111 112 113 114 115 117 118 119 120 122 123 124 127 128 129 130 132 133 134 137 
0 14 4 151 152 179 
0 15 5 
0 16 1 6 7 18 33 34 40 
0 17 1 6 7 
0 18 16 
0 19 1 6 7 48 
0 20 1 6 
0 21 1 6 45 
0 22 1 6 
0 23 1 6 7 
0 24 1 6 7 44 
0 25 1 6 7 
0 26 1 6 7 
0 27 1 6 7 
0 28 1 6 
0 29 1 6 7 
0 30 1 6 7 
0 31 1 6 7 
0 32 1 6 7 
0 33 16 
0 34 16 
0 35 1 6 
0 36 1 6 7 
0 37 1 6 
0 38 1 6 
0 39 1 6 
0 40 16 
0 41 1 6 7 
0 42 1 6 
0 43 1 6 
0 44 24 
0 45 21 
0 46 1 6 7 
0 47 1 6 
0 48 19 
0 49 1 6 
0 50 1 6 7 
0 51 1 6 
0 52 1 6 
0 53 1 6 7 
0 54 1 6 
0 55 1 6 
0 56 1 6 7 
0 57 1 6 7 
0 58 1 6 
0 59 2 9 10 
0 60 2 9 
0 61 2 9 10 
0 62 2 8 9 10 
0 63 2 8 9 10 
0 64 2 8 9 
0 65 2 9 
0 66 2 9 
0 67 2 9 
0 68 2 9 
0 69 2 9 
0 70 2 9 
0 71 2 9 10 
0 72 2 8 9 10 
0 73 2 8 9 10 
0 74 2 8 9 10 
0 75 2 9 
0 76 2 9 
0 77 2 9 
0 78 2 9 10 
0 79 2 9 10 
0 80 2 9 10 
0 81 2 9 10 
0 82 2 9 10 
0 83 2 9 
0 84 2 9 
0 85 2 9 10 
0 86 2 8 9 
0 87 2 9 
0 88 2 9 
0 89 101 
0 90 3 11 12 13 
0 91 3 11 12 13 
0 92 3 11 12 13 
0 93 128 
0 94 3 11 12 13 
0 95 3 11 12 13 
0 96 3 11 12 13 
0 97 123 
0 98 3 11 12 13 
0 99 3 11 12 13 
0 100 3 11 12 13 116 
0 101 89 129 
0 102 3 11 12 13 
0 103 3 11 12 13 
0 104 3 11 12 13 
0 105 3 11 12 13 
0 106 128 
0 107 3 11 12 13 
0 108 3 11 12 13 
0 109 3 11 12 13 
0 110 128 
0 111 3 11 12 13 
0 112 3 11 12 13 
0 113 3 11 12 13 
0 114 3 11 12 13 
0 115 3 11 12 13 
0 116 100 
0 117 3 11 12 13 
0 118 3 11 12 13 
0 119 3 11 12 13 
0 120 3 11 12 13 
0 121 131 
0 122 3 11 12 13 
0 123 3 11 12 13 97 
0 124 3 11 12 13 
0 125 128 
0 126 128 135 
0 127 3 11 12 13 
0 128 3 11 12 13 93 106 110 125 126 
0 129 3 11 12 13 101 131 
0 130 3 11 12 13 
0 131 121 129 
0 132 3 11 12 13 
0 133 3 11 12 13 136 
0 134 3 11 12 13 
0 135 126 
0 136 133 
0 137 3 11 12 13 
0 138 4 139 159 161 
0 139 138 
0 140 141 
0 141 4 140 145 171 
0 142 4 
0 143 4 
0 144 4 
0 145 141 
0 146 4 
0 147 4 
0 148 4 150 166 181 
0 149 4 
0 150 148 
0 151 4 14 
0 152 4 14 
0 153 4 
0 154 4 
0 155 4 
0 156 4 
0 157 4 
0 158 4 
0 159 138 
0 160 4 
0 161 138 
0 162 4 
0 163 4 
0 164 4 
0 165 4 
0 166 148 
0 167 4 
0 168 4 
0 169 4 
0 170 4 
0 171 141 
0 172 4 
0 173 4 
0 174 4 
0 175 4 
0 176 4 
0 177 4 
0 178 4 
0 179 4 14 
0 180 4 
0 181 148 
0 182 215 
0 183 5 199 
0 184 192 
0 185 5 197 
0 186 5 
0 187 5 
0 188 5 
0 189 5 
0 190 5 
0 191 5 
0 192 5 184 
0 193 5 221 
0 194 5 
0 195 5 
0 196 5 
0 197 185 
0 198 5 
0 199 183 
0 200 5 
0 201 5 
0 202 5 
0 203 5 
0 204 5 
0 205 5 
0 206 5 
0 207 5 
0 208 5 
0 209 5 
0 210 5 
0 211 5 
0 212 5 
0 213 5 
0 214 5 
0 215 0 1 3 5 182 
0 216 0 5 
0 217 0 2 4 5 
0 218 0 1 2 5 
0 219 0 3 4 5 
0 220 0 5 
0 221 0 3 4 5 193 
0 222 0 1 2 5 
0 223 0 2 5 
0 224 0 1 4 
0 225 0 3 5 
0 226 0 5 
0 227 0 1 
0 228 0 4 
0 229 0 2 
0 230 0 2 4 
0 231 0 1 3 5 
0 232 0 3 
0 233 0 1 2 4 
0 234 0 1 5 
0 235 0 2 3 4 
0 236 0 2 3 5 
0 237 0 4 
0 238 0 1 
0 239 0 3 
0 240 0 1 2 
0 241 0 4 5 
0 242 0 1 3 4 
0 243 0 2 5 
0 244 0 5 
1800 0 1 2 3 4 5 215 216 217 218 219 220 221 222 223 224 225 226 227 228 229 230 231 232 233 234 235 236 237 238 239 240 241 242 243 244 
1800 1 0 2 3 4 5 6 7 16 17 19 20 21 22 23 24 25 26 27 28 29 30 31 32 35 36 37 38 39 41 42 43 44 46 47 49 50 51 52 53 54 55 56 57 58 215 218 222 224 227 231 233 234 238 240 242 
1800 2 0 1 3 4 5 8 9 10 59 60 61 62 63 64 65 66 67 68 69 70 71 72 73 74 75 76 77 78 79 80 81 82 83 84 85 86 87 88 217 218 222 223 229 230 233 235 236 240 243 
1800 3 0 1 2 4 5 11 12 13 90 91 92 94 96 98 99 100 102 103 104 105 107 108 109 111 112 113 114 115 117 118 119 120 122 123 124 127 128 129 130 132 133 134 136 137 215 219 221 225 231 232 235 236 239 242 
1800 4 0 1 2 3 5 14 138 141 142 143 144 146 147 148 149 151 152 153 154 155 156 157 158 160 162 163 164 165 167 168 169 170 172 173 174 175 176 177 178 179 180 217 219 221 224 228 230 233 235 237 241 242 
1800 5 0 1 2 3 4 15 183 185 186 187 188 189 190 191 192 193 194 195 196 198 200 201 202 203 204 205 206 207 208 209 210 211 212 213 214 216 217 218 219 220 221 222 223 225 226 231 234 236 241 243 244 
1800 6 1 7 16 17 19 20 21 22 23 24 25 26 27 28 29 30 31 32 35 36 37 38 39 41 42 43 44 46 47 49 50 51 52 53 54 55 56 57 58 
1800 7 1 6 16 17 19 23 24 25 26 27 29 30 31 32 36 41 46 50 53 56 57 
1800 8 2 9 10 62 63 64 72 73 74 86 
1800 9 2 8 10 59 60 61 62 63 64 65 66 67 68 69 70 71 72 73 74 75 76 77 78 79 80 81 82 83 84 85 86 87 88 
1800 10 2 8 9 59 61 62 63 71 72 73 74 78 79 80 81 82 85 
1800 11 3 12 13 90 91 92 94 96 98 99 100 102 103 104 105 107 108 109 111 112 113 114 115 117 118 119 120 122 123 124 127 128 129 130 132 133 134 136 137 
1800 12 3 11 13 90 91 92 94 96 98 99 100 102 103 104 105 107 108 109 111 112 113 114 115 117 118 119 120 122 123 124 127 128 129 130 132 133 134 136 137 
1800 13 3 11 12 90 91 92 94 96 98 99 100 102 103 104 105 107 108 109 111 112 113 114 115 117 118 119 120 122 123 124 127 128 129 130 132 133 134 136 137 
1800 14 4 151 152 179 
1800 15 5 
1800 16 1 6 7 18 
1800 17 1 6 7 
1800 18 16 
1800 19 1 6 7 48 
1800 20 1 6 
1800 21 1 6 33 40 45 
1800 22 1 6 
1800 23 1 6 7 34 
1800 24 1 6 7 
1800 25 1 6 7 
1800 26 1 6 7 
1800 27 1 6 7 
1800 28 1 6 
1800 29 1 6 7 
1800 30 1 6 7 
1800 31 1 6 7 
1800 32 1 6 7 
1800 33 21 
1800 34 23 
1800 35 1 6 
1800 36 1 6 7 
1800 37 1 6 
1800 38 1 6 
1800 39 1 6 
1800 40 21 
1800 41 1 6 7 
1800 42 1 6 
1800 43 1 6 
1800 44 1 6 
1800 45 21 
1800 46 1 6 7 
1800 47 1 6 
1800 48 19 
1800 49 1 6 
1800 50 1 6 7 
1800 51 1 6 
1800 52 1 6 
1800 53 1 6 7 
1800 54 1 6 
1800 55 1 6 
1800 56 1 6 7 
1800 57 1 6 7 
1800 58 1 6 
1800 59 2 9 10 
1800 60 2 9 
1800 61 2 9 10 
1800 62 2 8 9 10 
1800 63 2 8 9 10 
1800 64 2 8 9 
1800 65 2 9 
1800 66 2 9 
1800 67 2 9 
1800 68 2 9 
1800 69 2 9 
1800 70 2 9 
1800 71 2 9 10 
1800 72 2 8 9 10 
1800 73 2 8 9 10 
1800 74 2 8 9 10 
1800 75 2 9 
1800 76 2 9 
1800 77 2 9 
1800 78 2 9 10 
1800 79 2 9 10 
1800 80 2 9 10 
1800 81 2 9 10 
1800 82 2 9 10 
1800 83 2 9 
1800 84 2 9 
1800 85 2 9 10 
1800 86 2 8 9 
1800 87 2 9 
1800 88 2 9 
1800 89 101 
1800 90 3 11 12 13 
1800 91 3 11 12 13 
1800 92 3 11 12 13 
1800 93 136 
1800 94 3 11 12 13 125 
1800 95 136 
1800 96 3 11 12 13 
1800 97 123 
1800 98 3 11 12 13 
1800 99 3 11 12 13 
1800 100 3 11 12 13 116 
1800 101 89 129 
1800 102 3 11 12 13 
1800 103 3 11 12 13 
1800 104 3 11 12 13 
1800 105 3 11 12 13 
1800 106 136 
1800 107 3 11 12 13 
1800 108 3 11 12 13 
1800 109 3 11 12 13 
1800 110 128 
1800 111 3 11 12 13 
1800 112 3 11 12 13 
1800 113 3 11 12 13 
1800 114 3 11 12 13 
1800 115 3 11 12 13 
1800 116 100 
1800 117 3 11 12 13 
1800 118 3 11 12 13 
1800 119 3 11 12 13 
1800 120 3 11 12 13 
1800 121 124 
1800 122 3 11 12 13 
1800 123 3 11 12 13 97 
1800 124 3 11 12 13 121 
1800 125 94 
1800 126 136 
1800 127 3 11 12 13 
1800 128 3 11 12 13 110 
1800 129 3 11 12 13 101 131 
1800 130 3 11 12 13 
1800 131 129 
1800 132 3 11 12 13 
1800 133 3 11 12 13 
1800 134 3 11 12 13 
1800 135 136 
1800 136 3 11 12 13 93 95 106 126 135 
1800 137 3 11 12 13 
1800 138 4 139 159 161 
1800 139 138 
1800 140 141 
1800 141 4 140 145 171 
1800 142 4 
1800 143 4 
1800 144 4 181 
1800 145 141 
1800 146 4 
1800 147 4 
1800 148 4 150 166 
1800 149 4 
1800 150 148 
1800 151 4 14 
1800 152 4 14 
1800 153 4 
1800 154 4 
1800 155 4 
1800 156 4 
1800 157 4 
1800 158 4 
1800 159 138 
1800 160 4 
1800 161 138 
1800 162 4 
1800 163 4 
1800 164 4 
1800 165 4 
1800 166 148 
1800 167 4 
1800 168 4 
1800 169 4 
1800 170 4 
1800 171 141 
1800 172 4 
1800 173 4 
1800 174 4 
1800 175 4 
1800 176 4 
1800 177 4 
1800 178 4 
1800 179 4 14 
1800 180 4 
1800 181 144 
1800 182 183 
1800 183 5 182 199 215 
1800 184 209 
1800 185 5 
1800 186 5 
1800 187 5 
1800 188 5 
1800 189 5 221 
1800 190 5 
1800 191 5 
1800 192 5 
1800 193 5 
1800 194 5 
1800 195 5 
1800 196 5 
1800 197 217 
1800 198 5 
1800 199 183 
1800 200 5 
1800 201 5 
1800 202 5 
1800 203 5 
1800 204 5 
1800 205 5 
1800 206 5 
1800 207 5 
1800 208 5 
1800 209 5 184 
1800 210 5 
1800 211 5 
1800 212 5 
1800 213 5 
1800 214 5 
1800 215 0 1 3 183 
1800 216 0 5 
1800 217 0 2 4 5 197 
1800 218 0 1 2 5 
1800 219 0 3 4 5 
1800 220 0 5 
1800 221 0 3 4 5 189 
1800 222 0 1 2 5 
1800 223 0 2 5 
1800 224 0 1 4 
1800 225 0 3 5 
1800 226 0 5 
1800 227 0 1 
1800 228 0 4 
1800 229 0 2 
1800 230 0 2 4 
1800 231 0 1 3 5 
1800 232 0 3 
1800 233 0 1 2 4 
1800 234 0 1 5 
1800 235 0 2 3 4 
1800 236 0 2 3 5 
1800 237 0 4 
1800 238 0 1 
1800 239 0 3 
1800 240 0 1 2 
1800 241 0 4 5 
1800 242 0 1 3 4 
1800 243 0 2 5 
1800 244 0 5 
3600 0 1 2 3 4 5 215 216 217 218 219 220 221 222 223 224 225 226 227 228 229 230 231 232 233 234 235 236 237 238 239 240 241 242 243 244 
3600 1 0 2 3 4 5 6 7 16 17 19 20 21 22 23 24 25 26 27 28 29 30 31 32 35 36 37 38 39 41 42 43 46 47 49 50 51 52 53 54 55 56 57 58 215 218 222 224 227 231 233 234 238 240 242 
3600 2 0 1 3 4 5 8 9 10 59 60 61 62 63 64 65 66 67 68 69 70 71 72 73 74 75 76 77 78 79 80 81 82 83 84 85 86 87 88 217 218 222 223 229 230 233 235 236 240 243 
3600 3 0 1 2 4 5 11 12 13 90 91 92 94 96 98 99 100 102 103 104 105 107 108 109 111 112 113 114 115 116 118 119 120 122 123 124 126 127 128 129 130 132 133 134 137 215 219 221 225 231 232 235 236 239 242 
3600 4 0 1 2 3 5 14 138 141 142 143 144 146 147 148 149 151 152 153 154 155 156 157 158 159 160 162 163 164 165 167 168 169 170 172 173 174 175 176 177 178 179 180 217 219 221 224 228 230 233 235 237 241 242 
3600 5 0 1 2 3 4 15 183 185 186 187 188 189 190 191 192 193 194 195 196 198 200 201 202 203 204 205 206 207 208 209 210 211 212 213 214 216 217 218 219 220 221 222 223 225 226 231 234 236 241 243 244 
3600 6 1 7 16 17 19 20 21 22 23 24 25 26 27 28 29 30 31 32 35 36 37 38 39 41 42 43 46 47 49 50 51 52 53 54 55 56 57 58 
3600 7 1 6 16 17 19 23 24 25 26 27 29 30 31 32 36 41 46 50 53 56 57 
3600 8 2 9 10 62 63 64 72 73 74 86 
3600 9 2 8 10 59 60 61 62 63 64 65 66 67 68 69 70 71 72 73 74 75 76 77 78 79 80 81 82 83 84 85 86 87 88 
3600 10 2 8 9 59 61 62 63 71 72 73 74 78 79 80 81 82 85 
3600 11 3 12 13 90 91 92 94 96 98 99 100 102 103 104 105 107 108 109 111 112 113 114 115 116 118 119 120 122 123 124 126 127 128 129 130 132 133 134 137 
3600 12 3 11 13 90 91 92 94 96 98 99 100 102 103 104 105 107 108 109 111 112 113 114 115 116 118 119 120 122 123 124 126 127 128 129 130 132 133 134 137 
3600 13 3 11 12 90 91 92 94 96 98 99 100 102 103 104 105 107 108 109 111 112 113 114 115 116 118 119 120 122 123 124 126 127 128 129 130 132 133 134 137 
3600 14 4 151 152 179 
3600 15 5 
3600 16 1 6 7 18 
3600 17 1 6 7 44 45 48 
3600 18 16 
3600 19 1 6 7 
3600 20 1 6 
3600 21 1 6 33 40 
3600 22 1 6 
3600 23 1 6 7 34 
3600 24 1 6 7 
3600 25 1 6 7 
3600 26 1 6 7 
3600 27 1 6 7 
3600 28 1 6 
3600 29 1 6 7 
3600 30 1 6 7 
3600 31 1 6 7 
3600 32 1 6 7 
3600 33 21 
3600 34 23 
3600 35 1 6 
3600 36 1 6 7 
3600 37 1 6 
3600 38 1 6 
3600 39 1 6 
3600 40 21 
3600 41 1 6 7 
3600 42 1 6 
3600 43 1 6 
3600 44 17 
3600 45 17 
3600 46 1 6 7 
3600 47 1 6 
3600 48 17 
3600 49 1 6 
3600 50 1 6 7 
3600 51 1 6 
3600 52 1 6 
3600 53 1 6 7 
3600 54 1 6 
3600 55 1 6 
3600 56 1 6 7 
3600 57 1 6 7 
3600 58 1 6 
3600 59 2 9 10 
3600 60 2 9 
3600 61 2 9 10 
3600 62 2 8 9 10 
3600 63 2 8 9 10 
3600 64 2 8 9 
3600 65 2 9 
3600 66 2 9 
3600 67 2 9 
3600 68 2 9 
3600 69 2 9 
3600 70 2 9 
3600 71 2 9 10 
3600 72 2 8 9 10 
3600 73 2 8 9 10 
3600 74 2 8 9 10 
3600 75 2 9 
3600 76 2 9 
3600 77 2 9 
3600 78 2 9 10 
3600 79 2 9 10 
3600 80 2 9 10 
3600 81 2 9 10 
3600 82 2 9 10 
3600 83 2 9 
3600 84 2 9 
3600 85 2 9 10 
3600 86 2 8 9 
3600 87 2 9 
3600 88 2 9 
3600 89 116 
3600 90 3 11 12 13 
3600 91 3 11 12 13 97 
3600 92 3 11 12 13 
3600 93 128 
3600 94 3 11 12 13 
3600 95 128 
3600 96 3 11 12 13 
3600 97 91 
3600 98 3 11 12 13 
3600 99 3 11 12 13 121 
3600 100 3 11 12 13 
3600 101 129 
3600 102 3 11 12 13 
3600 103 3 11 12 13 
3600 104 3 11 12 13 
3600 105 3 11 12 13 
3600 106 128 
3600 107 3 11 12 13 
3600 108 3 11 12 13 
3600 109 3 11 12 13 
3600 110 128 
3600 111 3 11 12 13 
3600 112 3 11 12 13 
3600 113 3 11 12 13 
3600 114 3 11 12 13 
3600 115 3 11 12 13 
3600 116 3 11 12 13 89 
3600 117 134 
3600 118 3 11 12 13 
3600 119 3 11 12 13 
3600 120 3 11 12 13 
3600 121 99 
3600 122 3 11 12 13 
3600 123 3 11 12 13 
3600 124 3 11 12 13 
3600 125 128 
3600 126 3 11 12 13 135 
3600 127 3 11 12 13 
3600 128 3 11 12 13 93 95 106 110 125 
3600 129 3 11 12 13 101 131 
3600 130 3 11 12 13 
3600 131 129 
3600 132 3 11 12 13 
3600 133 3 11 12 13 136 
3600 134 3 11 12 13 117 
3600 135 126 
3600 136 133 
3600 137 3 11 12 13 
3600 138 4 139 161 
3600 139 138 
3600 140 141 
3600 141 4 140 145 171 
3600 142 4 
3600 143 4 
3600 144 4 
3600 145 141 
3600 146 4 
3600 147 4 
3600 148 4 150 166 181 
3600 149 4 
3600 150 148 
3600 151 4 14 
3600 152 4 14 
3600 153 4 
3600 154 4 
3600 155 4 
3600 156 4 
3600 157 4 
3600 158 4 
3600 159 4 
3600 160 4 
3600 161 138 
3600 162 4 
3600 163 4 
3600 164 4 
3600 165 4 
3600 166 148 
3600 167 4 
3600 168 4 
3600 169 4 
3600 170 4 
3600 171 141 
3600 172 4 
3600 173 4 
3600 174 4 
3600 175 4 
3600 176 4 
3600 177 4 
3600 178 4 
3600 179 4 14 
3600 180 4 
3600 181 148 
3600 182 218 
3600 183 5 199 215 
3600 184 216 
3600 185 5 
3600 186 5 
3600 187 5 197 221 
3600 188 5 
3600 189 5 
3600 190 5 
3600 191 5 
3600 192 5 
3600 193 5 
3600 194 5 
3600 195 5 
3600 196 5 
3600 197 187 
3600 198 5 
3600 199 183 
3600 200 5 
3600 201 5 
3600 202 5 
3600 203 5 
3600 204 5 
3600 205 5 
3600 206 5 
3600 207 5 
3600 208 5 
3600 209 5 
3600 210 5 
3600 211 5 
3600 212 5 
3600 213 5 
3600 214 5 
3600 215 0 1 3 183 
3600 216 0 5 184 
3600 217 0 2 4 5 
3600 218 0 1 2 5 182 
3600 219 0 3 4 5 
3600 220 0 5 
3600 221 0 3 4 5 187 
3600 222 0 1 2 5 
3600 223 0 2 5 
3600 224 0 1 4 
3600 225 0 3 5 
3600 226 0 5 
3600 227 0 1 
3600 228 0 4 
3600 229 0 2 
3600 230 0 2 4 
3600 231 0 1 3 5 
3600 232 0 3 
3600 233 0 1 2 4 
3600 234 0 1 5 
3600 235 0 2 3 4 
3600 236 0 2 3 5 
3600 237 0 4 
3600 238 0 1 
3600 239 0 3 
3600 240 0 1 2 
3600 241 0 4 5 
3600 242 0 1 3 4 
3600 243 0 2 5 
3600 244 0 5 
5400 0 1 2 3 4 5 215 216 217 218 219 220 221 222 223 224 225 226 227 228 229 230 231 232 233 234 235 236 237 238 239 240 241 242 243 244 
5400 1 0 2 3 4 5 6 7 16 17 19 20 21 22 23 24 25 26 27 28 29 30 31 32 35 36 37 38 39 41 43 46 47 49 50 51 52 53 54 55 56 57 58 215 218 222 224 227 231 233 234 238 240 242 
5400 2 0 1 3 4 5 8 9 10 59 60 61 62 63 64 65 66 67 68 69 70 71 72 73 74 75 76 77 78 79 80 81 82 83 84 85 86 87 88 217 218 222 223 229 230 233 235 236 240 243 
5400 3 0 1 2 4 5 11 12 13 90 91 92 94 96 98 99 100 102 103 104 105 107 108 109 111 112 113 114 115 118 119 120 122 123 124 127 128 129 130 132 133 134 136 137 215 219 221 225 231 232 235 236 239 242 
5400 4 0 1 2 3 5 14 138 141 142 143 144 146 147 148 149 151 152 153 154 155 156 157 158 160 162 163 164 165 167 168 169 170 172 173 174 175 176 177 178 179 180 217 219 221 224 228 230 233 235 237 241 242 
5400 5 0 1 2 3 4 15 183 185 186 187 188 189 190 191 192 193 194 195 196 197 198 200 201 202 203 204 205 206 207 208 209 210 211 212 213 214 216 217 218 219 220 221 222 223 225 226 231 234 236 241 243 244 
5400 6 1 7 16 17 19 20 21 22 23 24 25 26 27 28 29 30 31 32 35 36 37 38 39 41 43 46 47 49 50 51 52 53 54 55 56 57 58 
5400 7 1 6 16 17 19 23 24 25 26 27 29 30 31 32 36 41 46 50 53 56 57 
5400 8 2 9 10 62 63 64 72 73 74 86 
5400 9 2 8 10 59 60 61 62 63 64 65 66 67 68 69 70 71 72 73 74 75 76 77 78 79 80 81 82 83 84 85 86 87 88 
5400 10 2 8 9 59 61 62 63 71 72 73 74 78 79 80 81 82 85 
5400 11 3 12 13 90 91 92 94 96 98 99 100 102 103 104 105 107 108 109 111 112 113 114 115 118 119 120 122 123 124 127 128 129 130 132 133 134 136 137 
5400 12 3 11 13 90 91 92 94 96 98 99 100 102 103 104 105 107 108 109 111 112 113 114 115 118 119 120 122 123 124 127 128 129 130 132 133 134 136 137 
5400 13 3 11 12 90 91 92 94 96 98 99 100 102 103 104 105 107 108 109 111 112 113 114 115 118 119 120 122 123 124 127 128 129 130 132 133 134 136 137 
5400 14 4 151 152 179 
5400 15 5 
5400 16 1 6 7 18 
5400 17 1 6 7 
5400 18 16 
5400 19 1 6 7 42 48 
5400 20 1 6 
5400 21 1 6 33 40 45 
5400 22 1 6 
5400 23 1 6 7 34 
5400 24 1 6 7 
5400 25 1 6 7 
5400 26 1 6 7 44 
5400 27 1 6 7 
5400 28 1 6 
5400 29 1 6 7 
5400 30 1 6 7 
5400 31 1 6 7 
5400 32 1 6 7 
5400 33 21 
5400 34 23 
5400 35 1 6 
5400 36 1 6 7 
5400 37 1 6 
5400 38 1 6 
5400 39 1 6 
5400 40 21 
5400 41 1 6 7 
5400 42 19 
5400 43 1 6 
5400 44 26 
5400 45 21 
5400 46 1 6 7 
5400 47 1 6 
5400 48 19 
5400 49 1 6 
5400 50 1 6 7 
5400 51 1 6 
5400 52 1 6 
5400 53 1 6 7 
5400 54 1 6 
5400 55 1 6 
5400 56 1 6 7 
5400 57 1 6 7 
5400 58 1 6 
5400 59 2 9 10 
5400 60 2 9 
5400 61 2 9 10 
5400 62 2 8 9 10 
5400 63 2 8 9 10 
5400 64 2 8 9 
5400 65 2 9 
5400 66 2 9 
5400 67 2 9 
5400 68 2 9 
5400 69 2 9 
5400 70 2 9 
5400 71 2 9 10 
5400 72 2 8 9 10 
5400 73 2 8 9 10 
5400 74 2 8 9 10 
5400 75 2 9 
5400 76 2 9 
5400 77 2 9 
5400 78 2 9 10 
5400 79 2 9 10 
5400 80 2 9 10 
5400 81 2 9 10 
5400 82 2 9 10 
5400 83 2 9 
5400 84 2 9 
5400 85 2 9 10 
5400 86 2 8 9 
5400 87 2 9 
5400 88 2 9 
5400 89 111 
5400 90 3 11 12 13 
5400 91 3 11 12 13 
5400 92 3 11 12 13 
5400 93 136 
5400 94 3 11 12 13 
5400 95 136 
5400 96 3 11 12 13 
5400 97 103 
5400 98 3 11 12 13 
5400 99 3 11 12 13 
5400 100 3 11 12 13 
5400 101 129 
5400 102 3 11 12 13 
5400 103 3 11 12 13 97 
5400 104 3 11 12 13 
5400 105 3 11 12 13 
5400 106 136 
5400 107 3 11 12 13 
5400 108 3 11 12 13 
5400 109 3 11 12 13 
5400 110 128 
5400 111 3 11 12 13 89 
5400 112 3 11 12 13 
5400 113 3 11 12 13 
5400 114 3 11 12 13 
5400 115 3 11 12 13 
5400 116 130 
5400 117 128 
5400 118 3 11 12 13 
5400 119 3 11 12 13 
5400 120 3 11 12 13 
5400 121 132 
5400 122 3 11 12 13 
5400 123 3 11 12 13 
5400 124 3 11 12 13 
5400 125 136 
5400 126 136 
5400 127 3 11 12 13 
5400 128 3 11 12 13 110 117 
5400 129 3 11 12 13 101 131 
5400 130 3 11 12 13 116 
5400 131 129 
5400 132 3 11 12 13 121 
5400 133 3 11 12 13 
5400 134 3 11 12 13 
5400 135 136 
5400 136 3 11 12 13 93 95 106 125 126 135 
5400 137 3 11 12 13 
5400 138 4 139 159 161 
5400 139 138 
5400 140 141 
5400 141 4 140 145 171 
5400 142 4 
5400 143 4 
5400 144 4 
5400 145 141 
5400 146 4 
5400 147 4 
5400 148 4 150 166 181 
5400 149 4 
5400 150 148 
5400 151 4 14 
5400 152 4 14 
5400 153 4 
5400 154 4 
5400 155 4 
5400 156 4 
5400 157 4 
5400 158 4 
5400 159 138 
5400 160 4 
5400 161 138 
5400 162 4 
5400 163 4 
5400 164 4 
5400 165 4 
5400 166 148 
5400 167 4 
5400 168 4 
5400 169 4 
5400 170 4 
5400 171 141 
5400 172 4 
5400 173 4 
5400 174 4 
5400 175 4 
5400 176 4 
5400 177 4 
5400 178 4 
5400 179 4 14 
5400 180 4 
5400 181 148 
5400 182 205 
5400 183 5 199 215 
5400 184 200 
5400 185 5 
5400 186 5 
5400 187 5 
5400 188 5 
5400 189 5 
5400 190 5 
5400 191 5 
5400 192 5 
5400 193 5 
5400 194 5 
5400 195 5 
5400 196 5 
5400 197 5 
5400 198 5 
5400 199 183 
5400 200 5 184 
5400 201 5 
5400 202 5 
5400 203 5 
5400 204 5 
5400 205 5 182 
5400 206 5 
5400 207 5 
5400 208 5 
5400 209 5 
5400 210 5 
5400 211 5 
5400 212 5 
5400 213 5 
5400 214 5 
5400 215 0 1 3 183 
5400 216 0 5 
5400 217 0 2 4 5 
5400 218 0 1 2 5 
5400 219 0 3 4 5 
5400 220 0 5 
5400 221 0 3 4 5 
5400 222 0 1 2 5 
5400 223 0 2 5 
5400 224 0 1 4 
5400 225 0 3 5 
5400 226 0 5 
5400 227 0 1 
5400 228 0 4 
5400 229 0 2 
5400 230 0 2 4 
5400 231 0 1 3 5 
5400 232 0 3 
5400 233 0 1 2 4 
5400 234 0 1 5 
5400 235 0 2 3 4 
5400 236 0 2 3 5 
5400 237 0 4 
5400 238 0 1 
5400 239 0 3 
5400 240 0 1 2 
5400 241 0 4 5 
5400 242 0 1 3 4 
5400 243 0 2 5 
5400 244 0 5 
7200 0 1 2 3 4 5 215 216 217 218 219 220 221 222 223 224 225 226 227 228 229 230 231 232 233 234 235 236 237 238 239 240 241 242 243 244 
7200 1 0 2 3 4 5 6 7 16 17 19 20 21 22 23 24 25 26 27 28 29 30 31 32 35 36 37 38 39 41 42 43 46 47 49 50 51 52 53 54 55 56 57 58 215 218 222 224 227 231 233 234 238 240 242 
7200 2 0 1 3 4 5 8 9 10 59 60 61 62 63 64 65 66 67 68 69 70 71 72 73 74 75 76 77 78 79 80 81 82 83 84 85 86 87 88 217 218 222 223 229 230 233 235 236 240 243 
7200 3 0 1 2 4 5 11 12 13 90 91 92 94 96 98 99 100 101 102 103 104 105 107 108 109 111 112 113 114 115 117 118 119 120 122 123 124 127 128 129 132 133 134 137 215 219 221 225 231 232 235 236 239 242 
7200 4 0 1 2 3 5 14 138 141 142 143 144 146 147 148 149 151 152 153 154 155 156 157 158 160 162 163 164 165 167 168 169 170 172 173 174 175 176 177 178 179 180 181 217 219 221 224 228 230 233 235 237 241 242 
7200 5 0 1 2 3 4 15 183 185 186 187 188 189 190 191 192 193 194 195 196 198 200 201 202 203 204 205 206 207 208 209 210 211 212 213 214 216 217 218 219 220 221 222 223 225 226 231 234 236 241 243 244 
7200 6 1 7 16 17 19 20 21 22 23 24 25 26 27 28 29 30 31 32 35 36 37 38 39 41 42 43 46 47 49 50 51 52 53 54 55 56 57 58 
7200 7 1 6 16 17 19 23 24 25 26 27 29 30 31 32 36 41 46 50 53 56 57 
7200 8 2 9 10 62 63 64 72 73 74 86 
7200 9 2 8 10 59 60 61 62 63 64 65 66 67 68 69 70 71 72 73 74 75 76 77 78 79 80 81 82 83 84 85 86 87 88 
7200 10 2 8 9 59 61 62 63 71 72 73 74 78 79 80 81 82 85 
7200 11 3 12 13 90 91 92 94 96 98 99 100 101 102 103 104 105 107 108 109 111 112 113 114 115 117 118 119 120 122 123 124 127 128 129 132 133 134 137 
7200 12 3 11 13 90 91 92 94 96 98 99 100 101 102 103 104 105 107 108 109 111 112 113 114 115 117 118 119 120 122 123 124 127 128 129 132 133 134 137 
7200 13 3 11 12 90 91 92 94 96 98 99 100 101 102 103 104 105 107 108 109 111 112 113 114 115 117 118 119 120 122 123 124 127 128 129 132 133 134 137 
7200 14 4 151 152 179 
7200 15 5 
7200 16 1 6 7 18 44 45 48 
7200 17 1 6 7 
7200 18 16 
7200 19 1 6 7 
7200 20 1 6 
7200 21 1 6 33 40 
7200 22 1 6 
7200 23 1 6 7 34 
7200 24 1 6 7 
7200 25 1 6 7 
7200 26 1 6 7 
7200 27 1 6 7 
7200 28 1 6 
7200 29 1 6 7 
7200 30 1 6 7 
7200 31 1 6 7 
7200 32 1 6 7 
7200 33 21 
7200 34 23 
7200 35 1 6 
7200 36 1 6 7 
7200 37 1 6 
7200 38 1 6 
7200 39 1 6 
7200 40 21 
7200 41 1 6 7 
7200 42 1 6 
7200 43 1 6 
7200 44 16 
7200 45 16 
7200 46 1 6 7 
7200 47 1 6 
7200 48 16 
7200 49 1 6 
7200 50 1 6 7 
7200 51 1 6 
7200 52 1 6 
7200 53 1 6 7 
7200 54 1 6 
7200 55 1 6 
7200 56 1 6 7 
7200 57 1 6 7 
7200 58 1 6 
7200 59 2 9 10 
7200 60 2 9 
7200 61 2 9 10 
7200 62 2 8 9 10 
7200 63 2 8 9 10 
7200 64 2 8 9 
7200 65 2 9 
7200 66 2 9 
7200 67 2 9 
7200 68 2 9 
7200 69 2 9 
7200 70 2 9 
7200 71 2 9 10 
7200 72 2 8 9 10 
7200 73 2 8 9 10 
7200 74 2 8 9 10 
7200 75 2 9 
7200 76 2 9 
7200 77 2 9 
7200 78 2 9 10 
7200 79 2 9 10 
7200 80 2 9 10 
7200 81 2 9 10 
7200 82 2 9 10 
7200 83 2 9 
7200 84 2 9 
7200 85 2 9 10 
7200 86 2 8 9 
7200 87 2 9 
7200 88 2 9 
7200 89 120 
7200 90 3 11 12 13 
7200 91 3 11 12 13 
7200 92 3 11 12 13 130 
7200 93 128 
7200 94 3 11 12 13 97 
7200 95 128 
7200 96 3 11 12 13 
7200 97 94 
7200 98 3 11 12 13 
7200 99 3 11 12 13 
7200 100 3 11 12 13 
7200 101 3 11 12 13 
7200 102 3 11 12 13 
7200 103 3 11 12 13 
7200 104 3 11 12 13 
7200 105 3 11 12 13 
7200 106 128 
7200 107 3 11 12 13 
7200 108 3 11 12 13 
7200 109 3 11 12 13 
7200 110 128 
7200 111 3 11 12 13 
7200 112 3 11 12 13 
7200 113 3 11 12 13 
7200 114 3 11 12 13 
7200 115 3 11 12 13 
7200 116 134 
7200 117 3 11 12 13 
7200 118 3 11 12 13 
7200 119 3 11 12 13 
7200 120 3 11 12 13 89 
7200 121 134 
7200 122 3 11 12 13 
7200 123 3 11 12 13 
7200 124 3 11 12 13 
7200 125 128 
7200 126 128 
7200 127 3 11 12 13 
7200 128 3 11 12 13 93 95 106 110 125 126 135 136 
7200 129 3 11 12 13 
7200 130 92 
7200 131 134 
7200 132 3 11 12 13 
7200 133 3 11 12 13 
7200 134 3 11 12 13 116 121 131 
7200 135 128 
7200 136 128 
7200 137 3 11 12 13 
7200 138 4 139 159 161 
7200 139 138 
7200 140 141 
7200 141 4 140 145 171 
7200 142 4 
7200 143 4 
7200 144 4 
7200 145 141 
7200 146 4 
7200 147 4 
7200 148 4 150 166 
7200 149 4 
7200 150 148 
7200 151 4 14 
7200 152 4 14 
7200 153 4 
7200 154 4 
7200 155 4 
7200 156 4 
7200 157 4 
7200 158 4 
7200 159 138 
7200 160 4 
7200 161 138 
7200 162 4 
7200 163 4 
7200 164 4 
7200 165 4 
7200 166 148 
7200 167 4 
7200 168 4 
7200 169 4 
7200 170 4 
7200 171 141 
7200 172 4 
7200 173 4 
7200 174 4 
7200 175 4 
7200 176 4 
7200 177 4 
7200 178 4 
7200 179 4 14 
7200 180 4 
7200 181 4 
7200 182 206 
7200 183 5 215 
7200 184 209 
7200 185 5 
7200 186 5 
7200 187 5 
7200 188 5 
7200 189 5 
7200 190 5 221 
7200 191 5 
7200 192 5 
7200 193 5 
7200 194 5 
7200 195 5 
7200 196 5 
7200 197 204 
7200 198 5 
7200 199 207 
7200 200 5 
7200 201 5 
7200 202 5 
7200 203 5 
7200 204 5 197 
7200 205 5 
7200 206 5 182 
7200 207 5 199 
7200 208 5 
7200 209 5 184 
7200 210 5 
7200 211 5 
7200 212 5 
7200 213 5 
7200 214 5 
7200 215 0 1 3 183 
7200 216 0 5 
7200 217 0 2 4 5 
7200 218 0 1 2 5 
7200 219 0 3 4 5 
7200 220 0 5 
7200 221 0 3 4 5 190 
7200 222 0 1 2 5 
7200 223 0 2 5 
7200 224 0 1 4 
7200 225 0 3 5 
7200 226 0 5 
7200 227 0 1 
7200 228 0 4 
7200 229 0 2 
7200 230 0 2 4 
7200 231 0 1 3 5 
7200 232 0 3 
7200 233 0 1 2 4 
7200 234 0 1 5 
7200 235 0 2 3 4 
7200 236 0 2 3 5 
7200 237 0 4 
7200 238 0 1 
7200 239 0 3 
7200 240 0 1 2 
7200 241 0 4 5 
7200 242 0 1 3 4 
7200 243 0 2 5 
7200 244 0 5 
9000 0 1 2 3 4 5 215 216 217 218 219 220 221 222 223 224 225 226 227 228 229 230 231 232 233 234 235 236 237 238 239 240 241 242 243 244 
9000 1 0 2 3 4 5 6 7 16 17 19 20 21 22 23 24 25 26 27 28 29 30 31 32 33 35 36 37 38 39 41 42 43 45 46 47 49 50 51 52 53 54 55 56 57 58 215 218 222 224 227 231 233 234 238 240 242 
9000 2 0 1 3 4 5 8 9 10 59 60 61 62 63 64 65 66 67 68 69 70 71 72 73 74 75 76 77 78 79 80 81 82 83 84 85 86 87 88 217 218 222 223 229 230 233 235 236 240 243 
9000 3 0 1 2 4 5 11 12 13 90 91 92 96 98 99 100 102 103 104 105 107 108 109 111 112 113 114 115 117 118 119 120 122 123 124 127 128 129 130 132 133 134 137 215 219 221 225 231 232 235 236 239 242 
9000 4 0 1 2 3 5 14 138 141 142 143 144 145 146 147 148 149 150 151 152 153 154 155 156 157 158 160 162 163 164 165 167 168 169 170 172 173 174 175 176 177 178 179 180 217 219 221 224 228 230 233 235 237 241 242 
9000 5 0 1 2 3 4 15 183 185 186 187 188 189 190 191 192 193 194 195 196 198 200 201 202 203 204 205 206 207 208 209 210 211 212 213 214 216 217 218 219 220 221 222 223 225 226 231 234 236 241 243 244 
9000 6 1 7 16 17 19 20 21 22 23 24 25 26 27 28 29 30 31 32 33 35 36 37 38 39 41 42 43 45 46 47 49 50 51 52 53 54 55 56 57 58 
9000 7 1 6 16 17 19 23 24 25 26 27 29 30 31 32 36 41 46 50 53 56 57 
9000 8 2 9 10 62 63 64 72 73 74 86 
9000 9 2 8 10 59 60 61 62 63 64 65 66 67 68 69 70 71 72 73 74 75 76 77 78 79 80 81 82 83 84 85 86 87 88 
9000 10 2 8 9 59 61 62 63 71 72 73 74 78 79 80 81 82 85 
9000 11 3 12 13 90 91 92 96 98 99 100 102 103 104 105 107 108 109 111 112 113 114 115 117 118 119 120 122 123 124 127 128 129 130 132 133 134 137 
9000 12 3 11 13 90 91 92 96 98 99 100 102 103 104 105 107 108 109 111 112 113 114 115 117 118 119 120 122 123 124 127 128 129 130 132 133 134 137 
9000 13 3 11 12 90 91 92 96 98 99 100 102 103 104 105 107 108 109 111 112 113 114 115 117 118 119 120 122 123 124 127 128 129 130 132 133 134 137 
9000 14 4 151 152 179 
9000 15 5 
9000 16 1 6 7 18 
9000 17 1 6 7 
9000 18 16 
9000 19 1 6 7 48 
9000 20 1 6 
9000 21 1 6 40 
9000 22 1 6 34 
9000 23 1 6 7 
9000 24 1 6 7 
9000 25 1 6 7 
9000 26 1 6 7 44 
9000 27 1 6 7 
9000 28 1 6 
9000 29 1 6 7 
9000 30 1 6 7 
9000 31 1 6 7 
9000 32 1 6 7 
9000 33 1 6 
9000 34 22 
9000 35 1 6 
9000 36 1 6 7 
9000 37 1 6 
9000 38 1 6 
9000 39 1 6 
9000 40 21 
9000 41 1 6 7 
9000 42 1 6 
9000 43 1 6 
9000 44 26 
9000 45 1 6 
9000 46 1 6 7 
9000 47 1 6 
9000 48 19 
9000 49 1 6 
9000 50 1 6 7 
9000 51 1 6 
9000 52 1 6 
9000 53 1 6 7 
9000 54 1 6 
9000 55 1 6 
9000 56 1 6 7 
9000 57 1 6 7 
9000 58 1 6 
9000 59 2 9 10 
9000 60 2 9 
9000 61 2 9 10 
9000 62 2 8 9 10 
9000 63 2 8 9 10 
9000 64 2 8 9 
9000 65 2 9 
9000 66 2 9 
9000 67 2 9 
9000 68 2 9 
9000 69 2 9 
9000 70 2 9 
9000 71 2 9 10 
9000 72 2 8 9 10 
9000 73 2 8 9 10 
9000 74 2 8 9 10 
9000 75 2 9 
9000 76 2 9 
9000 77 2 9 
9000 78 2 9 10 
9000 79 2 9 10 
9000 80 2 9 10 
9000 81 2 9 10 
9000 82 2 9 10 
9000 83 2 9 
9000 84 2 9 
9000 85 2 9 10 
9000 86 2 8 9 
9000 87 2 9 
9000 88 2 9 
9000 89 91 
9000 90 3 11 12 13 97 116 
9000 91 3 11 12 13 89 
9000 92 3 11 12 13 
9000 93 137 
9000 94 110 
9000 95 128 
9000 96 3 11 12 13 
9000 97 90 
9000 98 3 11 12 13 121 
9000 99 3 11 12 13 
9000 100 3 11 12 13 
9000 101 129 
9000 102 3 11 12 13 
9000 103 3 11 12 13 
9000 104 3 11 12 13 
9000 105 3 11 12 13 
9000 106 128 
9000 107 3 11 12 13 135 
9000 108 3 11 12 13 
9000 109 3 11 12 13 
9000 110 94 128 
9000 111 3 11 12 13 
9000 112 3 11 12 13 
9000 113 3 11 12 13 
9000 114 3 11 12 13 
9000 115 3 11 12 13 
9000 116 90 
9000 117 3 11 12 13 
9000 118 3 11 12 13 
9000 119 3 11 12 13 
9000 120 3 11 12 13 
9000 121 98 
9000 122 3 11 12 13 
9000 123 3 11 12 13 
9000 124 3 11 12 13 
9000 125 128 
9000 126 137 
9000 127 3 11 12 13 
9000 128 3 11 12 13 95 106 110 125 
9000 129 3 11 12 13 101 
9000 130 3 11 12 13 
9000 131 134 
9000 132 3 11 12 13 
9000 133 3 11 12 13 136 
9000 134 3 11 12 13 131 
9000 135 107 
9000 136 133 
9000 137 3 11 12 13 93 126 
9000 138 4 139 159 161 
9000 139 138 
9000 140 141 
9000 141 4 140 171 181 
9000 142 4 
9000 143 4 
9000 144 4 
9000 145 4 166 
9000 146 4 
9000 147 4 
9000 148 4 
9000 149 4 
9000 150 4 
9000 151 4 14 
9000 152 4 14 
9000 153 4 
9000 154 4 
9000 155 4 
9000 156 4 
9000 157 4 
9000 158 4 
9000 159 138 
9000 160 4 
9000 161 138 
9000 162 4 
9000 163 4 
9000 164 4 
9000 165 4 
9000 166 145 
9000 167 4 
9000 168 4 
9000 169 4 
9000 170 4 
9000 171 141 
9000 172 4 
9000 173 4 
9000 174 4 
9000 175 4 
9000 176 4 
9000 177 4 
9000 178 4 
9000 179 4 14 
9000 180 4 
9000 181 141 
9000 182 204 
9000 183 5 199 215 
9000 184 209 
9000 185 5 
9000 186 5 
9000 187 5 
9000 188 5 
9000 189 5 
9000 190 5 
9000 191 5 
9000 192 5 
9000 193 5 221 
9000 194 5 
9000 195 5 
9000 196 5 
9000 197 212 
9000 198 5 
9000 199 183 
9000 200 5 
9000 201 5 
9000 202 5 
9000 203 5 
9000 204 5 182 
9000 205 5 
9000 206 5 
9000 207 5 
9000 208 5 
9000 209 5 184 
9000 210 5 
9000 211 5 
9000 212 5 197 
9000 213 5 
9000 214 5 
9000 215 0 1 3 183 
9000 216 0 5 
9000 217 0 2 4 5 
9000 218 0 1 2 5 
9000 219 0 3 4 5 
9000 220 0 5 
9000 221 0 3 4 5 193 
9000 222 0 1 2 5 
9000 223 0 2 5 
9000 224 0 1 4 
9000 225 0 3 5 
9000 226 0 5 
9000 227 0 1 
9000 228 0 4 
9000 229 0 2 
9000 230 0 2 4 
9000 231 0 1 3 5 
9000 232 0 3 
9000 233 0 1 2 4 
9000 234 0 1 5 
9000 235 0 2 3 4 
9000 236 0 2 3 5 
9000 237 0 4 
9000 238 0 1 
9000 239 0 3 
9000 240 0 1 2 
9000 241 0 4 5 
9000 242 0 1 3 4 
9000 243 0 2 5 
9000 244 0 5 
10800 0 1 2 3 4 5 215 216 217 218 219 220 221 222 223 224 225 226 227 228 229 230 231 232 233 234 235 236 237 238 239 240 241 242 243 244 
10800 1 0 2 3 4 5 6 7 16 17 18 19 20 21 22 23 24 25 26 27 28 29 30 31 32 35 36 37 38 39 41 42 43 46 47 49 50 51 52 53 54 55 56 57 58 215 218 222 224 227 231 233 234 238 240 242 
10800 2 0 1 3 4 5 8 9 10 59 60 61 62 63 64 65 66 67 68 69 70 71 72 73 74 75 76 77 78 79 80 81 82 83 84 85 86 87 88 217 218 222 223 229 230 233 235 236 240 243 
10800 3 0 1 2 4 5 11 12 13 90 91 92 94 96 98 99 100 101 102 103 104 105 107 108 109 111 112 113 114 115 117 118 119 120 122 123 124 127 128 129 130 132 133 134 137 215 219 221 225 231 232 235 236 239 242 
10800 4 0 1 2 3 5 14 138 141 142 143 144 146 147 148 149 151 152 153 154 155 156 157 158 160 162 163 164 165 167 168 169 170 172 173 174 175 176 177 178 179 180 217 219 221 224 228 230 233 235 237 241 242 
10800 5 0 1 2 3 4 15 183 185 186 187 188 189 190 191 192 193 194 195 196 198 200 201 202 203 204 205 206 207 208 209 210 211 212 213 214 216 217 218 219 220 221 222 223 225 226 231 234 236 241 243 244 
10800 6 1 7 16 17 18 19 20 21 22 23 24 25 26 27 28 29 30 31 32 35 36 37 38 39 41 42 43 46 47 49 50 51 52 53 54 55 56 57 58 
10800 7 1 6 16 17 18 19 23 24 25 26 27 29 30 31 32 36 41 46 50 53 56 57 
10800 8 2 9 10 62 63 64 72 73 74 86 
10800 9 2 8 10 59 60 61 62 63 64 65 66 67 68 69 70 71 72 73 74 75 76 77 78 79 80 81 82 83 84 85 86 87 88 
10800 10 2 8 9 59 61 62 63 71 72 73 74 78 79 80 81 82 85 
10800 11 3 12 13 90 91 92 94 96 98 99 100 101 102 103 104 105 107 108 109 111 112 113 114 115 117 118 119 120 122 123 124 127 128 129 130 132 133 134 137 
10800 12 3 11 13 90 91 92 94 96 98 99 100 101 102 103 104 105 107 108 109 111 112 113 114 115 117 118 119 120 122 123 124 127 128 129 130 132 133 134 137 
10800 13 3 11 12 90 91 92 94 96 98 99 100 101 102 103 104 105 107 108 109 111 112 113 114 115 117 118 119 120 122 123 124 127 128 129 130 132 133 134 137 
10800 14 4 151 152 179 
10800 15 5 
10800 16 1 6 7 
10800 17 1 6 7 
10800 18 1 6 7 34 
10800 19 1 6 7 48 
10800 20 1 6 
10800 21 1 6 33 40 45 
10800 22 1 6 
10800 23 1 6 7 
10800 24 1 6 7 
10800 25 1 6 7 
10800 26 1 6 7 44 
10800 27 1 6 7 
10800 28 1 6 
10800 29 1 6 7 
10800 30 1 6 7 
10800 31 1 6 7 
10800 32 1 6 7 
10800 33 21 
10800 34 18 
10800 35 1 6 
10800 36 1 6 7 
10800 37 1 6 
10800 38 1 6 
10800 39 1 6 
10800 40 21 
10800 41 1 6 7 
10800 42 1 6 
10800 43 1 6 
10800 44 26 
10800 45 21 
10800 46 1 6 7 
10800 47 1 6 
10800 48 19 
10800 49 1 6 
10800 50 1 6 7 
10800 51 1 6 
10800 52 1 6 
10800 53 1 6 7 
10800 54 1 6 
10800 55 1 6 
10800 56 1 6 7 
10800 57 1 6 7 
10800 58 1 6 
10800 59 2 9 10 
10800 60 2 9 
10800 61 2 9 10 
10800 62 2 8 9 10 
10800 63 2 8 9 10 
10800 64 2 8 9 
10800 65 2 9 
10800 66 2 9 
10800 67 2 9 
10800 68 2 9 
10800 69 2 9 
10800 70 2 9 
10800 71 2 9 10 
10800 72 2 8 9 10 
10800 73 2 8 9 10 
10800 74 2 8 9 10 
10800 75 2 9 
10800 76 2 9 
10800 77 2 9 
10800 78 2 9 10 
10800 79 2 9 10 
10800 80 2 9 10 
10800 81 2 9 10 
10800 82 2 9 10 
10800 83 2 9 
10800 84 2 9 
10800 85 2 9 10 
10800 86 2 8 9 
10800 87 2 9 
10800 88 2 9 
10800 89 101 
10800 90 3 11 12 13 
10800 91 3 11 12 13 
10800 92 3 11 12 13 
10800 93 129 
10800 94 3 11 12 13 
10800 95 128 
10800 96 3 11 12 13 
10800 97 101 
10800 98 3 11 12 13 
10800 99 3 11 12 13 
10800 100 3 11 12 13 116 
10800 101 3 11 12 13 89 97 
10800 102 3 11 12 13 
10800 103 3 11 12 13 
10800 104 3 11 12 13 
10800 105 3 11 12 13 
10800 106 128 
10800 107 3 11 12 13 
10800 108 3 11 12 13 
10800 109 3 11 12 13 
10800 110 128 
10800 111 3 11 12 13 
10800 112 3 11 12 13 
10800 113 3 11 12 13 
10800 114 3 11 12 13 
10800 115 3 11 12 13 
10800 116 100 
10800 117 3 11 12 13 
10800 118 3 11 12 13 
10800 119 3 11 12 13 
10800 120 3 11 12 13 
10800 121 137 
10800 122 3 11 12 13 
10800 123 3 11 12 13 
10800 124 3 11 12 13 
10800 125 128 
10800 126 128 135 
10800 127 3 11 12 13 
10800 128 3 11 12 13 95 106 110 125 126 
10800 129 3 11 12 13 93 
10800 130 3 11 12 13 
10800 131 134 
10800 132 3 11 12 13 
10800 133 3 11 12 13 136 
10800 134 3 11 12 13 131 
10800 135 126 
10800 136 133 
10800 137 3 11 12 13 121 
10800 138 4 139 159 161 166 
10800 139 138 
10800 140 141 
10800 141 4 140 145 171 
10800 142 4 
10800 143 4 
10800 144 4 150 181 
10800 145 141 
10800 146 4 
10800 147 4 
10800 148 4 
10800 149 4 
10800 150 144 
10800 151 4 14 
10800 152 4 14 
10800 153 4 
10800 154 4 
10800 155 4 
10800 156 4 
10800 157 4 
10800 158 4 
10800 159 138 
10800 160 4 
10800 161 138 
10800 162 4 
10800 163 4 
10800 164 4 
10800 165 4 
10800 166 138 
10800 167 4 
10800 168 4 
10800 169 4 
10800 170 4 
10800 171 141 
10800 172 4 
10800 173 4 
10800 174 4 
10800 175 4 
10800 176 4 
10800 177 4 
10800 178 4 
10800 179 4 14 
10800 180 4 
10800 181 144 
10800 182 207 
10800 183 5 215 
10800 184 209 
10800 185 5 
10800 186 5 
10800 187 5 197 221 
10800 188 5 
10800 189 5 
10800 190 5 
10800 191 5 
10800 192 5 
10800 193 5 
10800 194 5 
10800 195 5 
10800 196 5 
10800 197 187 
10800 198 5 
10800 199 207 
10800 200 5 
10800 201 5 
10800 202 5 
10800 203 5 
10800 204 5 
10800 205 5 
10800 206 5 
10800 207 5 182 199 
10800 208 5 
10800 209 5 184 
10800 210 5 
10800 211 5 
10800 212 5 
10800 213 5 
10800 214 5 
10800 215 0 1 3 183 
10800 216 0 5 
10800 217 0 2 4 5 
10800 218 0 1 2 5 
10800 219 0 3 4 5 
10800 220 0 5 
10800 221 0 3 4 5 187 
10800 222 0 1 2 5 
10800 223 0 2 5 
10800 224 0 1 4 
10800 225 0 3 5 
10800 226 0 5 
10800 227 0 1 
10800 228 0 4 
10800 229 0 2 
10800 230 0 2 4 
10800 231 0 1 3 5 
10800 232 0 3 
10800 233 0 1 2 4 
10800 234 0 1 5 
10800 235 0 2 3 4 
10800 236 0 2 3 5 
10800 237 0 4 
10800 238 0 1 
10800 239 0 3 
10800 240 0 1 2 
10800 241 0 4 5 
10800 242 0 1 3 4 
10800 243 0 2 5 
10800 244 0 5 
12600 0 1 2 3 4 5 215 216 217 218 219 220 221 222 223 224 225 226 227 228 229 230 231 232 233 234 235 236 237 238 239 240 241 242 243 244 
12600 1 0 2 3 4 5 6 7 16 17 18 19 20 21 22 23 24 25 26 27 28 29 30 31 32 35 36 37 38 39 41 42 43 45 46 47 49 50 51 52 53 54 55 56 57 58 215 218 222 224 227 231 233 234 238 240 242 
12600 2 0 1 3 4 5 8 9 10 59 60 61 62 63 64 65 66 67 68 69 70 71 72 73 74 75 76 77 78 79 80 81 82 83 84 85 86 87 88 217 218 222 223 229 230 233 235 236 240 243 
12600 3 0 1 2 4 5 11 12 13 90 91 92 94 96 98 99 100 102 103 104 105 107 108 109 111 112 113 114 115 117 118 119 120 122 123 124 127 128 129 130 131 132 133 134 136 137 215 219 221 225 231 232 235 236 239 242 
12600 4 0 1 2 3 5 14 138 141 142 143 144 146 147 148 149 151 152 153 154 155 156 157 158 160 162 163 164 165 167 168 169 170 172 173 174 175 176 177 178 179 180 217 219 221 224 228 230 233 235 237 241 242 
12600 5 0 1 2 3 4 15 183 185 186 187 188 189 190 191 192 193 195 196 198 200 201 202 203 204 205 206 207 208 209 210 211 212 213 214 216 217 218 219 220 221 222 223 225 226 231 234 236 241 243 244 
12600 6 1 7 16 17 18 19 20 21 22 23 24 25 26 27 28 29 30 31 32 35 36 37 38 39 41 42 43 45 46 47 49 50 51 52 53 54 55 56 57 58 
12600 7 1 6 16 17 18 19 23 24 25 26 27 29 30 31 32 36 41 46 50 53 56 57 
12600 8 2 9 10 62 63 64 72 73 74 86 
12600 9 2 8 10 59 60 61 62 63 64 65 66 67 68 69 70 71 72 73 74 75 76 77 78 79 80 81 82 83 84 85 86 87 88 
12600 10 2 8 9 59 61 62 63 71 72 73 74 78 79 80 81 82 85 
12600 11 3 12 13 90 91 92 94 96 98 99 100 102 103 104 105 107 108 109 111 112 113 114 115 117 118 119 120 122 123 124 127 128 129 130 131 132 133 134 136 137 
12600 12 3 11 13 90 91 92 94 96 98 99 100 102 103 104 105 107 108 109 111 112 113 114 115 117 118 119 120 122 123 124 127 128 129 130 131 132 133 134 136 137 
12600 13 3 11 12 90 91 92 94 96 98 99 100 102 103 104 105 107 108 109 111 112 113 114 115 117 118 119 120 122 123 124 127 128 129 130 131 132 133 134 136 137 
12600 14 4 151 152 179 
12600 15 5 
12600 16 1 6 7 
12600 17 1 6 7 
12600 18 1 6 7 34 48 
12600 19 1 6 7 
12600 20 1 6 
12600 21 1 6 33 40 
12600 22 1 6 
12600 23 1 6 7 
12600 24 1 6 7 
12600 25 1 6 7 
12600 26 1 6 7 44 
12600 27 1 6 7 
12600 28 1 6 
12600 29 1 6 7 
12600 30 1 6 7 
12600 31 1 6 7 
12600 32 1 6 7 
12600 33 21 
12600 34 18 
12600 35 1 6 
12600 36 1 6 7 
12600 37 1 6 
12600 38 1 6 
12600 39 1 6 
12600 40 21 
12600 41 1 6 7 
12600 42 1 6 
12600 43 1 6 
12600 44 26 
12600 45 1 6 
12600 46 1 6 7 
12600 47 1 6 
12600 48 18 
12600 49 1 6 
12600 50 1 6 7 
12600 51 1 6 
12600 52 1 6 
12600 53 1 6 7 
12600 54 1 6 
12600 55 1 6 
12600 56 1 6 7 
12600 57 1 6 7 
12600 58 1 6 
12600 59 2 9 10 
12600 60 2 9 
12600 61 2 9 10 
12600 62 2 8 9 10 
12600 63 2 8 9 10 
12600 64 2 8 9 
12600 65 2 9 
12600 66 2 9 
12600 67 2 9 
12600 68 2 9 
12600 69 2 9 
12600 70 2 9 
12600 71 2 9 10 
12600 72 2 8 9 10 
12600 73 2 8 9 10 
12600 74 2 8 9 10 
12600 75 2 9 
12600 76 2 9 
12600 77 2 9 
12600 78 2 9 10 
12600 79 2 9 10 
12600 80 2 9 10 
12600 81 2 9 10 
12600 82 2 9 10 
12600 83 2 9 
12600 84 2 9 
12600 85 2 9 10 
12600 86 2 8 9 
12600 87 2 9 
12600 88 2 9 
12600 89 91 
12600 90 3 11 12 13 
12600 91 3 11 12 13 89 97 
12600 92 3 11 12 13 
12600 93 136 
12600 94 3 11 12 13 
12600 95 136 
12600 96 3 11 12 13 
12600 97 91 
12600 98 3 11 12 13 
12600 99 3 11 12 13 
12600 100 3 11 12 13 
12600 101 129 
12600 102 3 11 12 13 
12600 103 3 11 12 13 
12600 104 3 11 12 13 
12600 105 3 11 12 13 121 
12600 106 136 
12600 107 3 11 12 13 
12600 108 3 11 12 13 
12600 109 3 11 12 13 
12600 110 128 
12600 111 3 11 12 13 
12600 112 3 11 12 13 
12600 113 3 11 12 13 
12600 114 3 11 12 13 
12600 115 3 11 12 13 
12600 116 137 
12600 117 3 11 12 13 
12600 118 3 11 12 13 
12600 119 3 11 12 13 
12600 120 3 11 12 13 
12600 121 105 
12600 122 3 11 12 13 
12600 123 3 11 12 13 
12600 124 3 11 12 13 
12600 125 136 
12600 126 136 
12600 127 3 11 12 13 
12600 128 3 11 12 13 110 
12600 129 3 11 12 13 101 
12600 130 3 11 12 13 
12600 131 3 11 12 13 
12600 132 3 11 12 13 
12600 133 3 11 12 13 
12600 134 3 11 12 13 
12600 135 136 
12600 136 3 11 12 13 93 95 106 125 126 135 
12600 137 3 11 12 13 116 
12600 138 4 139 159 161 
12600 139 138 
12600 140 141 
12600 141 4 140 145 171 
12600 142 4 
12600 143 4 
12600 144 4 
12600 145 141 
12600 146 4 
12600 147 4 
12600 148 4 150 166 181 
12600 149 4 
12600 150 148 
12600 151 4 14 
12600 152 4 14 
12600 153 4 
12600 154 4 
12600 155 4 
12600 156 4 
12600 157 4 
12600 158 4 
12600 159 138 
12600 160 4 
12600 161 138 
12600 162 4 
12600 163 4 
12600 164 4 
12600 165 4 
12600 166 148 
12600 167 4 
12600 168 4 
12600 169 4 
12600 170 4 
12600 171 141 
12600 172 4 
12600 173 4 
12600 174 4 
12600 175 4 
12600 176 4 
12600 177 4 
12600 178 4 
12600 179 4 14 
12600 180 4 
12600 181 148 
12600 182 208 
12600 183 5 199 215 
12600 184 209 
12600 185 5 
12600 186 5 
12600 187 5 
12600 188 5 
12600 189 5 
12600 190 5 
12600 191 5 
12600 192 5 
12600 193 5 221 
12600 194 195 
12600 195 5 194 
12600 196 5 
12600 197 203 
12600 198 5 
12600 199 183 
12600 200 5 
12600 201 5 
12600 202 5 
12600 203 5 197 
12600 204 5 
12600 205 5 
12600 206 5 
12600 207 5 
12600 208 5 182 
12600 209 5 184 
12600 210 5 
12600 211 5 
12600 212 5 
12600 213 5 
12600 214 5 
12600 215 0 1 3 183 
12600 216 0 5 
12600 217 0 2 4 5 
12600 218 0 1 2 5 
12600 219 0 3 4 5 
12600 220 0 5 
12600 221 0 3 4 5 193 
12600 222 0 1 2 5 
12600 223 0 2 5 
12600 224 0 1 4 
12600 225 0 3 5 
12600 226 0 5 
12600 227 0 1 
12600 228 0 4 
12600 229 0 2 
12600 230 0 2 4 
12600 231 0 1 3 5 
12600 232 0 3 
12600 233 0 1 2 4 
12600 234 0 1 5 
12600 235 0 2 3 4 
12600 236 0 2 3 5 
12600 237 0 4 
12600 238 0 1 
12600 239 0 3 
12600 240 0 1 2 
12600 241 0 4 5 
12600 242 0 1 3 4 
12600 243 0 2 5 
12600 244 0 5 
14400 0 1 2 3 4 5 215 216 217 218 219 220 221 222 223 224 225 226 227 228 229 230 231 232 233 234 235 236 237 238 239 240 241 242 243 244 
14400 1 0 2 3 4 5 6 7 16 17 19 20 21 22 23 24 25 26 27 28 29 30 31 32 35 36 37 38 39 41 42 43 46 47 49 50 51 52 53 54 55 56 57 58 215 218 222 224 227 231 233 234 238 240 242 
14400 2 0 1 3 4 5 8 9 10 59 60 61 62 63 64 65 66 67 68 69 70 71 72 73 74 75 76 77 78 79 80 81 82 83 84 85 86 87 88 217 218 222 223 229 230 233 235 236 240 243 
14400 3 0 1 2 4 5 11 12 13 90 91 92 93 94 96 98 99 100 102 103 104 105 107 108 109 111 112 113 114 115 117 118 119 120 122 123 124 127 128 129 130 132 133 134 137 215 219 221 225 231 232 235 236 239 242 
14400 4 0 1 2 3 5 14 138 141 142 143 144 146 147 148 149 151 152 153 154 155 156 157 158 160 162 163 164 165 167 168 169 170 172 173 174 175 176 177 178 179 180 217 219 221 224 228 230 233 235 237 241 242 
14400 5 0 1 2 3 4 15 183 185 186 187 188 189 190 191 192 193 194 195 196 198 200 201 202 203 204 205 206 207 208 209 210 211 212 213 214 215 216 217 218 219 220 221 222 223 225 226 231 234 236 241 243 244 
14400 6 1 7 16 17 19 20 21 22 23 24 25 26 27 28 29 30 31 32 35 36 37 38 39 41 42 43 46 47 49 50 51 52 53 54 55 56 57 58 
14400 7 1 6 16 17 19 23 24 25 26 27 29 30 31 32 36 41 46 50 53 56 57 
14400 8 2 9 10 62 63 64 72 73 74 86 
14400 9 2 8 10 59 60 61 62 63 64 65 66 67 68 69 70 71 72 73 74 75 76 77 78 79 80 81 82 83 84 85 86 87 88 
14400 10 2 8 9 59 61 62 63 71 72 73 74 78 79 80 81 82 85 
14400 11 3 12 13 90 91 92 93 94 96 98 99 100 102 103 104 105 107 108 109 111 112 113 114 115 117 118 119 120 122 123 124 127 128 129 130 132 133 134 137 
14400 12 3 11 13 90 91 92 93 94 96 98 99 100 102 103 104 105 107 108 109 111 112 113 114 115 117 118 119 120 122 123 124 127 128 129 130 132 133 134 137 
14400 13 3 11 12 90 91 92 93 94 96 98 99 100 102 103 104 105 107 108 109 111 112 113 114 115 117 118 119 120 122 123 124 127 128 129 130 132 133 134 137 
14400 14 4 151 152 179 
14400 15 5 
14400 16 1 6 7 18 
14400 17 1 6 7 
14400 18 16 
14400 19 1 6 7 48 
14400 20 1 6 
14400 21 1 6 33 40 45 
14400 22 1 6 
14400 23 1 6 7 34 
14400 24 1 6 7 
14400 25 1 6 7 
14400 26 1 6 7 44 
14400 27 1 6 7 
14400 28 1 6 
14400 29 1 6 7 
14400 30 1 6 7 
14400 31 1 6 7 
14400 32 1 6 7 
14400 33 21 
14400 34 23 
14400 35 1 6 
14400 36 1 6 7 
14400 37 1 6 
14400 38 1 6 
14400 39 1 6 
14400 40 21 
14400 41 1 6 7 
14400 42 1 6 
14400 43 1 6 
14400 44 26 
14400 45 21 
14400 46 1 6 7 
14400 47 1 6 
14400 48 19 
14400 49 1 6 
14400 50 1 6 7 
14400 51 1 6 
14400 52 1 6 
14400 53 1 6 7 
14400 54 1 6 
14400 55 1 6 
14400 56 1 6 7 
14400 57 1 6 7 
14400 58 1 6 
14400 59 2 9 10 
14400 60 2 9 
14400 61 2 9 10 
14400 62 2 8 9 10 
14400 63 2 8 9 10 
14400 64 2 8 9 
14400 65 2 9 
14400 66 2 9 
14400 67 2 9 
14400 68 2 9 
14400 69 2 9 
14400 70 2 9 
14400 71 2 9 10 
14400 72 2 8 9 10 
14400 73 2 8 9 10 
14400 74 2 8 9 10 
14400 75 2 9 
14400 76 2 9 
14400 77 2 9 
14400 78 2 9 10 
14400 79 2 9 10 
14400 80 2 9 10 
14400 81 2 9 10 
14400 82 2 9 10 
14400 83 2 9 
14400 84 2 9 
14400 85 2 9 10 
14400 86 2 8 9 
14400 87 2 9 
14400 88 2 9 
14400 89 123 
14400 90 3 11 12 13 
14400 91 3 11 12 13 
14400 92 3 11 12 13 
14400 93 3 11 12 13 
14400 94 3 11 12 13 
14400 95 128 
14400 96 3 11 12 13 
14400 97 100 
14400 98 3 11 12 13 
14400 99 3 11 12 13 
14400 100 3 11 12 13 97 116 
14400 101 129 
14400 102 3 11 12 13 
14400 103 3 11 12 13 
14400 104 3 11 12 13 
14400 105 3 11 12 13 
14400 106 128 
14400 107 3 11 12 13 
14400 108 3 11 12 13 
14400 109 3 11 12 13 
14400 110 128 
14400 111 3 11 12 13 
14400 112 3 11 12 13 121 
14400 113 3 11 12 13 
14400 114 3 11 12 13 
14400 115 3 11 12 13 
14400 116 100 
14400 117 3 11 12 13 
14400 118 3 11 12 13 
14400 119 3 11 12 13 
14400 120 3 11 12 13 
14400 121 112 
14400 122 3 11 12 13 
14400 123 3 11 12 13 89 
14400 124 3 11 12 13 
14400 125 128 
14400 126 128 
14400 127 3 11 12 13 
14400 128 3 11 12 13 95 106 110 125 126 
14400 129 3 11 12 13 101 131 
14400 130 3 11 12 13 
14400 131 129 
14400 132 3 11 12 13 135 
14400 133 3 11 12 13 136 
14400 134 3 11 12 13 
14400 135 132 
14400 136 133 
14400 137 3 11 12 13 
14400 138 4 139 159 161 
14400 139 138 
14400 140 141 
14400 141 4 140 145 171 
14400 142 4 
14400 143 4 
14400 144 4 
14400 145 141 
14400 146 4 
14400 147 4 
14400 148 4 150 166 181 
14400 149 4 
14400 150 148 
14400 151 4 14 
14400 152 4 14 
14400 153 4 
14400 154 4 
14400 155 4 
14400 156 4 
14400 157 4 
14400 158 4 
14400 159 138 
14400 160 4 
14400 161 138 
14400 162 4 
14400 163 4 
14400 164 4 
14400 165 4 
14400 166 148 
14400 167 4 
14400 168 4 
14400 169 4 
14400 170 4 
14400 171 141 
14400 172 4 
14400 173 4 
14400 174 4 
14400 175 4 
14400 176 4 
14400 177 4 
14400 178 4 
14400 179 4 14 
14400 180 4 
14400 181 148 
14400 182 183 
14400 183 5 182 199 
14400 184 185 
14400 185 5 184 
14400 186 5 
14400 187 5 
14400 188 5 197 221 
14400 189 5 
14400 190 5 
14400 191 5 
14400 192 5 
14400 193 5 
14400 194 5 
14400 195 5 
14400 196 5 
14400 197 188 
14400 198 5 
14400 199 183 
14400 200 5 
14400 201 5 
14400 202 5 
14400 203 5 
14400 204 5 
14400 205 5 
14400 206 5 
14400 207 5 
14400 208 5 
14400 209 5 
14400 210 5 
14400 211 5 
14400 212 5 
14400 213 5 
14400 214 5 
14400 215 0 1 3 5 
14400 216 0 5 
14400 217 0 2 4 5 
14400 218 0 1 2 5 
14400 219 0 3 4 5 
14400 220 0 5 
14400 221 0 3 4 5 188 
14400 222 0 1 2 5 
14400 223 0 2 5 
14400 224 0 1 4 
14400 225 0 3 5 
14400 226 0 5 
14400 227 0 1 
14400 228 0 4 
14400 229 0 2 
14400 230 0 2 4 
14400 231 0 1 3 5 
14400 232 0 3 
14400 233 0 1 2 4 
14400 234 0 1 5 
14400 235 0 2 3 4 
14400 236 0 2 3 5 
14400 237 0 4 
14400 238 0 1 
14400 239 0 3 
14400 240 0 1 2 
14400 241 0 4 5 
14400 242 0 1 3 4 
14400 243 0 2 5 
14400 244 0 5 
16200 0 1 2 3 4 5 215 216 217 218 219 220 221 222 223 224 225 226 227 228 229 230 231 232 233 234 235 236 237 238 239 240 241 242 243 244 
16200 1 0 2 3 4 5 6 7 16 17 19 20 21 22 23 24 25 26 27 28 29 30 31 32 35 36 37 38 39 41 42 43 46 47 49 50 51 52 53 54 55 56 57 58 215 218 222 224 227 231 233 234 238 240 242 
16200 2 0 1 3 4 5 8 9 10 59 60 61 62 63 64 65 66 67 68 69 70 71 72 73 74 75 76 77 78 79 80 81 82 83 84 85 86 87 88 217 218 222 223 229 230 233 235 236 240 243 
16200 3 0 1 2 4 5 11 12 13 89 90 91 92 93 94 96 98 99 100 102 103 104 105 107 108 109 111 112 113 114 115 117 118 119 120 122 123 124 127 128 129 130 132 133 134 137 215 219 221 225 231 232 235 236 239 242 
16200 4 0 1 2 3 5 14 138 141 142 143 144 146 147 148 149 151 152 153 154 155 156 157 158 160 162 163 164 165 167 168 169 170 172 173 174 175 176 177 178 179 180 217 219 221 224 228 230 233 235 237 241 242 
16200 5 0 1 2 3 4 15 183 185 186 187 188 189 190 191 192 193 194 195 196 198 200 201 202 203 204 205 206 207 208 209 210 211 212 213 214 216 217 218 219 220 221 222 223 225 226 231 234 236 241 243 244 
16200 6 1 7 16 17 19 20 21 22 23 24 25 26 27 28 29 30 31 32 35 36 37 38 39 41 42 43 46 47 49 50 51 52 53 54 55 56 57 58 
16200 7 1 6 16 17 19 23 24 25 26 27 29 30 31 32 36 41 46 50 53 56 57 
16200 8 2 9 10 62 63 64 72 73 74 86 
16200 9 2 8 10 59 60 61 62 63 64 65 66 67 68 69 70 71 72 73 74 75 76 77 78 79 80 81 82 83 84 85 86 87 88 
16200 10 2 8 9 59 61 62 63 71 72 73 74 78 79 80 81 82 85 
16200 11 3 12 13 89 90 91 92 93 94 96 98 99 100 102 103 104 105 107 108 109 111 112 113 114 115 117 118 119 120 122 123 124 127 128 129 130 132 133 134 137 
16200 12 3 11 13 89 90 91 92 93 94 96 98 99 100 102 103 104 105 107 108 109 111 112 113 114 115 117 118 119 120 122 123 124 127 128 129 130 132 133 134 137 
16200 13 3 11 12 89 90 91 92 93 94 96 98 99 100 102 103 104 105 107 108 109 111 112 113 114 115 117 118 119 120 122 123 124 127 128 129 130 132 133 134 137 
16200 14 4 151 152 179 
16200 15 5 
16200 16 1 6 7 18 
16200 17 1 6 7 33 34 40 
16200 18 16 
16200 19 1 6 7 44 45 48 
16200 20 1 6 
16200 21 1 6 
16200 22 1 6 
16200 23 1 6 7 
16200 24 1 6 7 
16200 25 1 6 7 
16200 26 1 6 7 
16200 27 1 6 7 
16200 28 1 6 
16200 29 1 6 7 
16200 30 1 6 7 
16200 31 1 6 7 
16200 32 1 6 7 
16200 33 17 
16200 34 17 
16200 35 1 6 
16200 36 1 6 7 
16200 37 1 6 
16200 38 1 6 
16200 39 1 6 
16200 40 17 
16200 41 1 6 7 
16200 42 1 6 
16200 43 1 6 
16200 44 19 
16200 45 19 
16200 46 1 6 7 
16200 47 1 6 
16200 48 19 
16200 49 1 6 
16200 50 1 6 7 
16200 51 1 6 
16200 52 1 6 
16200 53 1 6 7 
16200 54 1 6 
16200 55 1 6 
16200 56 1 6 7 
16200 57 1 6 7 
16200 58 1 6 
16200 59 2 9 10 
16200 60 2 9 
16200 61 2 9 10 
16200 62 2 8 9 10 
16200 63 2 8 9 10 
16200 64 2 8 9 
16200 65 2 9 
16200 66 2 9 
16200 67 2 9 
16200 68 2 9 
16200 69 2 9 
16200 70 2 9 
16200 71 2 9 10 
16200 72 2 8 9 10 
16200 73 2 8 9 10 
16200 74 2 8 9 10 
16200 75 2 9 
16200 76 2 9 
16200 77 2 9 
16200 78 2 9 10 
16200 79 2 9 10 
16200 80 2 9 10 
16200 81 2 9 10 
16200 82 2 9 10 
16200 83 2 9 
16200 84 2 9 
16200 85 2 9 10 
16200 86 2 8 9 
16200 87 2 9 
16200 88 2 9 
16200 89 3 11 12 13 97 
16200 90 3 11 12 13 
16200 91 3 11 12 13 
16200 92 3 11 12 13 
16200 93 3 11 12 13 
16200 94 3 11 12 13 
16200 95 128 
16200 96 3 11 12 13 
16200 97 89 
16200 98 3 11 12 13 
16200 99 3 11 12 13 
16200 100 3 11 12 13 
16200 101 129 
16200 102 3 11 12 13 
16200 103 3 11 12 13 
16200 104 3 11 12 13 
16200 105 3 11 12 13 
16200 106 128 
16200 107 3 11 12 13 
16200 108 3 11 12 13 
16200 109 3 11 12 13 
16200 110 128 
16200 111 3 11 12 13 
16200 112 3 11 12 13 
16200 113 3 11 12 13 
16200 114 3 11 12 13 
16200 115 3 11 12 13 
16200 116 129 
16200 117 3 11 12 13 
16200 118 3 11 12 13 
16200 119 3 11 12 13 
16200 120 3 11 12 13 
16200 121 131 
16200 122 3 11 12 13 
16200 123 3 11 12 13 
16200 124 3 11 12 13 
16200 125 134 
16200 126 134 
16200 127 3 11 12 13 
16200 128 3 11 12 13 95 106 110 
16200 129 3 11 12 13 101 116 131 
16200 130 3 11 12 13 
16200 131 121 129 
16200 132 3 11 12 13 
16200 133 3 11 12 13 136 
16200 134 3 11 12 13 125 126 135 
16200 135 134 
16200 136 133 
16200 137 3 11 12 13 
16200 138 4 139 159 161 
16200 139 138 
16200 140 141 
16200 141 4 140 145 150 171 
16200 142 4 
16200 143 4 
16200 144 4 
16200 145 141 
16200 146 4 
16200 147 4 181 
16200 148 4 166 
16200 149 4 
16200 150 141 
16200 151 4 14 
16200 152 4 14 
16200 153 4 
16200 154 4 
16200 155 4 
16200 156 4 
16200 157 4 
16200 158 4 
16200 159 138 
16200 160 4 
16200 161 138 
16200 162 4 
16200 163 4 
16200 164 4 
16200 165 4 
16200 166 148 
16200 167 4 
16200 168 4 
16200 169 4 
16200 170 4 
16200 171 141 
16200 172 4 
16200 173 4 
16200 174 4 
16200 175 4 
16200 176 4 
16200 177 4 
16200 178 4 
16200 179 4 14 
16200 180 4 
16200 181 147 
16200 182 183 
16200 183 5 182 199 215 
16200 184 209 
16200 185 5 
16200 186 5 
16200 187 5 
16200 188 5 
16200 189 5 
16200 190 5 
16200 191 5 
16200 192 5 
16200 193 5 197 221 
16200 194 5 
16200 195 5 
16200 196 5 
16200 197 193 
16200 198 5 
16200 199 183 
16200 200 5 
16200 201 5 
16200 202 5 
16200 203 5 
16200 204 5 
16200 205 5 
16200 206 5 
16200 207 5 
16200 208 5 
16200 209 5 184 
16200 210 5 
16200 211 5 
16200 212 5 
16200 213 5 
16200 214 5 
16200 215 0 1 3 183 
16200 216 0 5 
16200 217 0 2 4 5 
16200 218 0 1 2 5 
16200 219 0 3 4 5 
16200 220 0 5 
16200 221 0 3 4 5 193 
16200 222 0 1 2 5 
16200 223 0 2 5 
16200 224 0 1 4 
16200 225 0 3 5 
16200 226 0 5 
16200 227 0 1 
16200 228 0 4 
16200 229 0 2 
16200 230 0 2 4 
16200 231 0 1 3 5 
16200 232 0 3 
16200 233 0 1 2 4 
16200 234 0 1 5 
16200 235 0 2 3 4 
16200 236 0 2 3 5 
16200 237 0 4 
16200 238 0 1 
16200 239 0 3 
16200 240 0 1 2 
16200 241 0 4 5 
16200 242 0 1 3 4 
16200 243 0 2 5 
16200 244 0 5 
18000 0 1 2 3 4 5 215 216 217 218 219 220 221 222 223 224 225 226 227 228 229 230 231 232 233 234 235 236 237 238 239 240 241 242 243 244 
18000 1 0 2 3 4 5 6 7 16 17 19 20 21 22 23 24 25 26 27 28 29 30 31 32 35 36 37 38 39 41 42 43 46 47 49 50 51 52 53 54 55 56 57 58 215 218 222 224 227 231 233 234 238 240 242 
18000 2 0 1 3 4 5 8 9 10 59 60 61 62 63 64 65 66 67 68 69 70 71 72 73 74 75 76 77 78 79 80 81 82 83 84 85 86 87 88 217 218 222 223 229 230 233 235 236 240 243 
18000 3 0 1 2 4 5 11 12 13 90 91 92 94 96 97 98 99 100 102 103 104 105 107 108 109 111 112 113 114 115 117 118 119 120 122 123 124 127 128 129 130 132 133 134 136 137 215 219 221 225 231 232 235 236 239 242 
18000 4 0 1 2 3 5 14 138 141 142 143 144 146 147 148 149 151 152 153 154 155 156 157 158 160 162 163 164 165 167 168 169 170 171 172 173 174 175 176 177 178 179 180 217 219 221 224 228 230 233 235 237 241 242 
18000 5 0 1 2 3 4 15 183 185 186 187 188 189 190 191 192 193 194 195 196 198 200 201 202 203 204 205 206 207 208 209 210 211 212 213 214 216 217 218 219 220 221 222 223 225 226 231 234 236 241 243 244 
18000 6 1 7 16 17 19 20 21 22 23 24 25 26 27 28 29 30 31 32 35 36 37 38 39 41 42 43 46 47 49 50 51 52 53 54 55 56 57 58 
18000 7 1 6 16 17 19 23 24 25 26 27 29 30 31 32 36 41 46 50 53 56 57 
18000 8 2 9 10 62 63 64 72 73 74 86 
18000 9 2 8 10 59 60 61 62 63 64 65 66 67 68 69 70 71 72 73 74 75 76 77 78 79 80 81 82 83 84 85 86 87 88 
18000 10 2 8 9 59 61 62 63 71 72 73 74 78 79 80 81 82 85 
18000 11 3 12 13 90 91 92 94 96 97 98 99 100 102 103 104 105 107 108 109 111 112 113 114 115 117 118 119 120 122 123 124 127 128 129 130 132 133 134 136 137 
18000 12 3 11 13 90 91 92 94 96 97 98 99 100 102 103 104 105 107 108 109 111 112 113 114 115 117 118 119 120 122 123 124 127 128 129 130 132 133 134 136 137 
18000 13 3 11 12 90 91 92 94 96 97 98 99 100 102 103 104 105 107 108 109 111 112 113 114 115 117 118 119 120 122 123 124 127 128 129 130 132 133 134 136 137 
18000 14 4 151 152 179 
18000 15 5 
18000 16 1 6 7 18 40 
18000 17 1 6 7 
18000 18 16 
18000 19 1 6 7 48 
18000 20 1 6 
18000 21 1 6 45 
18000 22 1 6 
18000 23 1 6 7 34 
18000 24 1 6 7 
18000 25 1 6 7 
18000 26 1 6 7 44 
18000 27 1 6 7 
18000 28 1 6 
18000 29 1 6 7 
18000 30 1 6 7 
18000 31 1 6 7 
18000 32 1 6 7 
18000 33 50 
18000 34 23 
18000 35 1 6 
18000 36 1 6 7 
18000 37 1 6 
18000 38 1 6 
18000 39 1 6 
18000 40 16 
18000 41 1 6 7 
18000 42 1 6 
18000 43 1 6 
18000 44 26 
18000 45 21 
18000 46 1 6 7 
18000 47 1 6 
18000 48 19 
18000 49 1 6 
18000 50 1 6 7 33 
18000 51 1 6 
18000 52 1 6 
18000 53 1 6 7 
18000 54 1 6 
18000 55 1 6 
18000 56 1 6 7 
18000 57 1 6 7 
18000 58 1 6 
18000 59 2 9 10 
18000 60 2 9 
18000 61 2 9 10 
18000 62 2 8 9 10 
18000 63 2 8 9 10 
18000 64 2 8 9 
18000 65 2 9 
18000 66 2 9 
18000 67 2 9 
18000 68 2 9 
18000 69 2 9 
18000 70 2 9 
18000 71 2 9 10 
18000 72 2 8 9 10 
18000 73 2 8 9 10 
18000 74 2 8 9 10 
18000 75 2 9 
18000 76 2 9 
18000 77 2 9 
18000 78 2 9 10 
18000 79 2 9 10 
18000 80 2 9 10 
18000 81 2 9 10 
18000 82 2 9 10 
18000 83 2 9 
18000 84 2 9 
18000 85 2 9 10 
18000 86 2 8 9 
18000 87 2 9 
18000 88 2 9 
18000 89 97 
18000 90 3 11 12 13 
18000 91 3 11 12 13 
18000 92 3 11 12 13 116 
18000 93 136 
18000 94 3 11 12 13 
18000 95 136 
18000 96 3 11 12 13 
18000 97 3 11 12 13 89 
18000 98 3 11 12 13 
18000 99 3 11 12 13 
18000 100 3 11 12 13 
18000 101 129 
18000 102 3 11 12 13 
18000 103 3 11 12 13 
18000 104 3 11 12 13 
18000 105 3 11 12 13 
18000 106 136 
18000 107 3 11 12 13 
18000 108 3 11 12 13 
18000 109 3 11 12 13 
18000 110 128 
18000 111 3 11 12 13 
18000 112 3 11 12 13 
18000 113 3 11 12 13 
18000 114 3 11 12 13 
18000 115 3 11 12 13 
18000 116 92 
18000 117 3 11 12 13 
18000 118 3 11 12 13 
18000 119 3 11 12 13 
18000 120 3 11 12 13 
18000 121 131 
18000 122 3 11 12 13 
18000 123 3 11 12 13 
18000 124 3 11 12 13 
18000 125 136 
18000 126 136 
18000 127 3 11 12 13 
18000 128 3 11 12 13 110 
18000 129 3 11 12 13 101 131 
18000 130 3 11 12 13 
18000 131 121 129 
18000 132 3 11 12 13 
18000 133 3 11 12 13 
18000 134 3 11 12 13 
18000 135 136 
18000 136 3 11 12 13 93 95 106 125 126 135 
18000 137 3 11 12 13 
18000 138 4 139 159 161 
18000 139 138 
18000 140 141 
18000 141 4 140 145 
18000 142 4 
18000 143 4 150 166 181 
18000 144 4 
18000 145 141 
18000 146 4 
18000 147 4 
18000 148 4 
18000 149 4 
18000 150 143 
18000 151 4 14 
18000 152 4 14 
18000 153 4 
18000 154 4 
18000 155 4 
18000 156 4 
18000 157 4 
18000 158 4 
18000 159 138 
18000 160 4 
18000 161 138 
18000 162 4 
18000 163 4 
18000 164 4 
18000 165 4 
18000 166 143 
18000 167 4 
18000 168 4 
18000 169 4 
18000 170 4 
18000 171 4 
18000 172 4 
18000 173 4 
18000 174 4 
18000 175 4 
18000 176 4 
18000 177 4 
18000 178 4 
18000 179 4 14 
18000 180 4 
18000 181 143 
18000 182 207 
18000 183 5 199 215 
18000 184 209 
18000 185 5 
18000 186 5 
18000 187 5 
18000 188 5 
18000 189 5 
18000 190 5 
18000 191 5 
18000 192 5 
18000 193 5 221 
18000 194 5 
18000 195 5 
18000 196 5 
18000 197 208 
18000 198 5 
18000 199 183 
18000 200 5 
18000 201 5 
18000 202 5 
18000 203 5 
18000 204 5 
18000 205 5 
18000 206 5 
18000 207 5 182 
18000 208 5 197 
18000 209 5 184 
18000 210 5 
18000 211 5 
18000 212 5 
18000 213 5 
18000 214 5 
18000 215 0 1 3 183 
18000 216 0 5 
18000 217 0 2 4 5 
18000 218 0 1 2 5 
18000 219 0 3 4 5 
18000 220 0 5 
18000 221 0 3 4 5 193 
18000 222 0 1 2 5 
18000 223 0 2 5 
18000 224 0 1 4 
18000 225 0 3 5 
18000 226 0 5 
18000 227 0 1 
18000 228 0 4 
18000 229 0 2 
18000 230 0 2 4 
18000 231 0 1 3 5 
18000 232 0 3 
18000 233 0 1 2 4 
18000 234 0 1 5 
18000 235 0 2 3 4 
18000 236 0 2 3 5 
18000 237 0 4 
18000 238 0 1 
18000 239 0 3 
18000 240 0 1 2 
18000 241 0 4 5 
18000 242 0 1 3 4 
18000 243 0 2 5 
18000 244 0 5 
