0 21600
1800 0 1 2 3 4 5 237 238 239 240 241 242 243 244 245 246 247 248 249 250 251 252 253 254 255 256 257 258 259 260 261 262 263 264 265 266 
1800 1 0 2 3 4 5 6 7 8 16 17 18 19 20 21 22 23 24 25 26 27 28 29 30 31 32 33 35 36 37 38 39 41 42 43 44 45 46 48 49 50 51 52 53 54 55 56 58 237 240 241 243 244 246 247 248 249 250 252 253 254 255 256 258 259 261 263 265 
1800 2 0 1 3 4 5 9 59 62 64 65 66 67 69 70 71 72 73 74 75 76 77 79 80 81 83 84 85 86 88 89 90 91 92 93 94 95 96 99 100 101 102 104 105 106 107 108 238 239 240 242 245 246 247 249 251 253 255 257 258 260 263 265 266 
1800 3 0 1 2 4 5 10 11 109 111 115 116 118 119 121 123 124 125 126 127 128 129 130 131 132 133 134 135 136 137 138 139 140 237 239 241 244 246 248 249 251 252 254 255 256 257 259 260 261 262 264 
1800 4 0 1 2 3 5 12 146 147 148 149 150 151 152 154 155 156 158 159 160 161 162 165 166 169 170 174 175 177 178 179 181 182 183 184 185 186 187 188 189 190 191 193 238 239 240 241 243 245 248 250 251 253 254 255 256 258 259 261 263 264 
1800 5 0 1 2 3 4 15 197 199 200 201 202 203 204 205 206 208 210 211 215 216 218 219 220 222 223 224 225 227 229 232 233 234 235 236 238 239 241 242 245 246 247 248 249 251 252 253 254 256 258 260 261 262 265 266 
1800 6 1 7 8 16 17 18 19 20 21 22 23 24 25 26 27 28 29 30 31 32 33 35 36 37 38 39 41 42 43 44 45 46 48 49 50 51 52 53 54 55 56 58 
1800 7 1 6 16 17 18 19 23 24 25 26 27 29 30 31 32 36 41 46 48 50 53 56 
1800 8 1 6 16 24 29 30 32 35 46 58 
1800 9 2 59 62 64 65 66 67 69 70 71 72 73 74 75 76 77 79 80 81 83 84 85 86 88 89 90 91 92 93 94 95 96 99 100 101 102 104 105 106 107 108 
1800 10 3 11 119 138 
1800 11 3 10 109 111 115 116 118 119 121 123 124 125 126 127 128 129 130 131 132 133 134 135 136 137 138 139 140 
1800 12 4 13 146 147 148 149 150 151 152 154 155 156 158 159 160 161 162 165 166 169 170 174 175 177 178 179 181 182 183 184 185 186 187 188 189 190 191 193 
1800 13 12 146 147 148 149 150 151 152 154 155 156 158 159 160 161 162 165 166 169 170 174 175 177 178 179 181 182 183 184 185 186 187 188 189 190 191 193 
1800 14 220 232 233 234 235 236 
1800 15 5 
1800 16 1 6 7 8 47 57 
1800 17 1 6 7 
1800 18 1 6 7 
1800 19 1 6 7 
1800 20 1 6 
1800 21 1 6 
1800 22 1 6 40 
1800 23 1 6 7 
1800 24 1 6 7 8 
1800 25 1 6 7 
1800 26 1 6 7 231 
1800 27 1 6 7 213 
1800 28 1 6 
1800 29 1 6 7 8 
1800 30 1 6 7 8 
1800 31 1 6 7 
1800 32 1 6 7 8 
1800 33 1 6 
1800 34 56 
1800 35 1 6 8 
1800 36 1 6 7 
1800 37 1 6 
1800 38 1 6 
1800 39 1 6 
1800 40 22 
1800 41 1 6 7 
1800 42 1 6 
1800 43 1 6 
1800 44 1 6 
1800 45 1 6 
1800 46 1 6 7 8 
1800 47 16 
1800 48 1 6 7 
1800 49 1 6 
1800 50 1 6 7 
1800 51 1 6 
1800 52 1 6 
1800 53 1 6 7 
1800 54 1 6 
1800 55 1 6 
1800 56 1 6 7 34 
1800 57 16 
1800 58 1 6 8 
1800 59 2 9 61 
1800 60 67 
1800 61 59 
1800 62 2 9 63 68 
1800 63 62 
1800 64 2 9 98 
1800 65 2 9 
1800 66 2 9 
1800 67 2 9 60 97 
1800 68 62 
1800 69 2 9 
1800 70 2 9 
1800 71 2 9 
1800 72 2 9 
1800 73 2 9 
1800 74 2 9 
1800 75 2 9 
1800 76 2 9 
1800 77 2 9 
1800 78 98 
1800 79 2 9 
1800 80 2 9 
1800 81 2 9 
1800 82 87 
1800 83 2 9 
1800 84 2 9 
1800 85 2 9 
1800 86 2 9 
1800 87 82 88 
1800 88 2 9 87 
1800 89 2 9 103 
1800 90 2 9 
1800 91 2 9 
1800 92 2 9 
1800 93 2 9 
1800 94 2 9 
1800 95 2 9 
1800 96 2 9 
1800 97 67 
1800 98 64 78 
1800 99 2 9 
1800 100 2 9 
1800 101 2 9 
1800 102 2 9 
1800 103 89 
1800 104 2 9 
1800 105 2 9 
1800 106 2 9 
1800 107 2 9 
1800 108 2 9 
1800 109 3 11 
1800 110 129 
1800 111 3 11 
1800 112 136 
1800 113 124 
1800 114 138 
1800 115 3 11 
1800 116 3 11 
1800 117 136 
1800 118 3 11 
1800 119 3 10 11 
1800 120 136 
1800 121 3 11 
1800 122 136 
1800 123 3 11 
1800 124 3 11 113 
1800 125 3 11 
1800 126 3 11 
1800 127 3 11 
1800 128 3 11 
1800 129 3 11 110 
1800 130 3 11 
1800 131 3 11 141 
1800 132 3 11 145 
1800 133 3 11 
1800 134 3 11 
1800 135 3 11 
1800 136 3 11 112 117 120 122 142 144 
1800 137 3 11 143 
1800 138 3 10 11 114 
1800 139 3 11 
1800 140 3 11 
1800 141 131 
1800 142 136 
1800 143 137 
1800 144 136 
1800 145 132 
1800 146 4 12 13 
1800 147 4 12 13 168 
1800 148 4 12 13 173 
1800 149 4 12 13 
1800 150 4 12 13 164 171 
1800 151 4 12 13 
1800 152 4 12 13 
1800 153 169 
1800 154 4 12 13 
1800 155 4 12 13 176 
1800 156 4 12 13 
1800 157 158 
1800 158 4 12 13 157 
1800 159 4 12 13 180 
1800 160 4 12 13 192 
1800 161 4 12 13 
1800 162 4 12 13 
1800 163 182 
1800 164 150 
1800 165 4 12 13 
1800 166 4 12 13 
1800 167 187 
1800 168 147 
1800 169 4 12 13 153 
1800 170 4 12 13 
1800 171 150 
1800 172 182 
1800 173 148 
1800 174 4 12 13 
1800 175 4 12 13 
1800 176 155 
1800 177 4 12 13 
1800 178 4 12 13 
1800 179 4 12 13 
1800 180 159 
1800 181 4 12 13 
1800 182 4 12 13 163 172 
1800 183 4 12 13 
1800 184 4 12 13 
1800 185 4 12 13 
1800 186 4 12 13 
1800 187 4 12 13 167 
1800 188 4 12 13 
1800 189 4 12 13 
1800 190 4 12 13 
1800 191 4 12 13 
1800 192 160 
1800 193 4 12 13 
1800 194 197 
1800 195 218 
1800 196 197 
1800 197 5 194 196 228 230 
1800 198 199 
1800 199 5 198 
1800 200 5 209 
1800 201 5 214 
1800 202 5 
1800 203 5 
1800 204 5 
1800 205 5 
1800 206 5 
1800 207 220 
1800 208 5 
1800 209 200 221 
1800 210 5 
1800 211 5 
1800 212 216 
1800 213 27 
1800 214 201 
1800 215 5 
1800 216 5 212 
1800 217 222 
1800 218 5 195 
1800 219 5 
1800 220 5 14 207 
1800 221 209 
1800 222 5 217 226 
1800 223 5 
1800 224 5 
1800 225 5 
1800 226 222 
1800 227 5 
1800 228 197 
1800 229 5 
1800 230 197 
1800 231 26 
1800 232 5 14 
1800 233 5 14 
1800 234 5 14 
1800 235 5 14 
1800 236 5 14 
1800 237 0 1 3 
1800 238 0 2 4 5 
1800 239 0 2 3 4 5 
1800 240 0 1 2 4 
1800 241 0 1 3 4 5 
1800 242 0 2 5 
1800 243 0 1 4 
1800 244 0 1 3 
1800 245 0 2 4 5 
1800 246 0 1 2 3 5 
1800 247 0 1 2 5 
1800 248 0 1 3 4 5 
1800 249 0 1 2 3 5 
1800 250 0 1 4 
1800 251 0 2 3 4 5 
1800 252 0 1 3 5 
1800 253 0 1 2 4 5 
1800 254 0 1 3 4 5 
1800 255 0 1 2 3 4 
1800 256 0 1 3 4 5 
1800 257 0 2 3 
1800 258 0 1 2 4 5 
1800 259 0 1 3 4 
1800 260 0 2 3 5 
1800 261 0 1 3 4 5 
1800 262 0 3 5 
1800 263 0 1 2 4 
1800 264 0 3 4 
1800 265 0 1 2 5 
1800 266 0 2 5 
