0 21600
0 0 4 5 214 215 216 217 218 219 220 221 222 223 224 225 226 227 228 229 230 231 232 233 234 235 236 237 238 239 240 241 242 243 
0 1 59 60 
0 2 112 127 
0 3 126 127 
0 4 0 137 216 218 219 222 223 227 229 233 237 238 239 242 
0 5 0 212 215 217 219 223 225 227 231 232 235 239 240 241 243 
0 6 59 60 
0 7 112 127 
0 8 125 126 
0 9 179 180 
0 10 211 212 
0 11 211 212 
0 12 59 60 
0 13 59 60 
0 14 57 60 
0 15 57 60 
0 16 59 60 
0 17 57 60 
0 18 59 60 
0 19 30 60 
0 20 59 60 
0 21 59 60 
0 22 59 60 
0 23 59 60 
0 24 59 60 
0 25 57 60 
0 26 59 60 
0 27 59 60 
0 28 59 60 
0 29 59 60 
0 30 19 60 
0 31 57 60 
0 32 59 60 
0 33 49 57 
0 34 57 60 
0 35 59 60 
0 36 57 60 
0 37 59 60 
0 38 59 60 
0 39 59 60 
0 40 59 60 
0 41 59 60 
0 42 59 60 
0 43 54 58 
0 44 59 60 
0 45 57 60 
0 46 57 60 
0 47 59 60 
0 48 59 60 
0 49 33 60 
0 50 
0 51 59 60 
0 52 59 60 
0 53 59 60 
0 54 43 60 
0 55 59 60 
0 56 59 60 
0 57 14 15 17 25 31 33 34 36 45 46 
0 58 43 59 
0 59 1 6 12 13 16 18 20 21 22 23 24 26 27 28 29 32 35 37 38 39 40 41 42 44 47 48 51 52 53 55 56 58 
0 60 1 6 12 13 14 15 16 17 18 19 20 21 22 23 24 25 26 27 28 29 30 31 32 34 35 36 37 38 39 40 41 42 44 45 46 47 48 49 51 52 53 54 55 56 
0 61 90 112 
0 62 112 127 
0 63 112 127 
0 64 112 127 
0 65 112 127 
0 66 90 112 
0 67 90 112 
0 68 90 127 
0 69 112 127 
0 70 88 90 
0 71 112 127 
0 72 131 135 
0 73 112 127 
0 74 87 90 
0 75 112 127 
0 76 90 112 
0 77 81 89 
0 78 112 127 
0 79 112 127 
0 80 112 127 
0 81 77 90 
0 82 112 127 
0 83 88 90 
0 84 90 112 
0 85 112 127 
0 86 112 127 
0 87 74 127 
0 88 70 83 
0 89 77 90 
0 90 61 66 67 68 70 74 76 81 83 84 89 
0 91 125 126 
0 92 125 126 
0 93 125 126 
0 94 100 132 
0 95 124 126 
0 96 125 126 
0 97 125 126 
0 98 125 126 
0 99 125 126 
0 100 94 108 
0 101 125 126 
0 102 125 126 
0 103 125 134 
0 104 125 126 
0 105 125 126 
0 106 125 126 
0 107 125 126 
0 108 100 123 
0 109 125 126 
0 110 119 123 
0 111 125 126 
0 112 2 7 61 62 63 64 65 66 67 69 71 73 75 76 78 79 80 82 84 85 86 
0 113 125 126 
0 114 125 126 
0 115 125 126 
0 116 125 126 
0 117 125 126 
0 118 124 126 
0 119 110 123 
0 120 125 126 
0 121 125 126 
0 122 125 126 
0 123 108 110 119 128 132 
0 124 95 118 
0 125 8 91 92 93 96 97 98 99 101 102 103 104 105 106 107 109 111 113 114 115 116 117 120 121 122 129 130 133 134 
0 126 3 8 91 92 93 95 96 97 98 99 101 102 104 105 106 107 109 111 113 114 115 116 117 118 120 121 122 128 129 130 133 
0 127 2 3 7 62 63 64 65 68 69 71 73 75 78 79 80 82 85 86 87 
0 128 123 126 
0 129 125 126 
0 130 125 126 
0 131 72 135 
0 132 94 123 
0 133 125 126 
0 134 103 125 
0 135 72 131 
0 136 137 179 
0 137 4 136 138 139 140 141 142 143 144 145 146 147 148 149 151 152 153 154 156 157 159 160 161 162 163 164 165 167 168 169 170 171 172 173 175 176 177 178 
0 138 137 180 
0 139 137 180 
0 140 137 180 
0 141 137 180 
0 142 137 180 
0 143 137 180 
0 144 137 180 
0 145 137 180 
0 146 137 180 
0 147 137 180 
0 148 137 180 
0 149 137 180 
0 150 179 180 
0 151 137 180 
0 152 137 180 
0 153 137 180 
0 154 137 180 
0 155 156 159 
0 156 137 155 
0 157 137 180 
0 158 194 209 
0 159 137 155 
0 160 137 180 
0 161 137 180 
0 162 137 180 
0 163 137 180 
0 164 137 180 
0 165 137 180 
0 166 168 179 
0 167 137 180 
0 168 137 166 
0 169 137 180 
0 170 137 180 
0 171 137 180 
0 172 137 180 
0 173 137 180 
0 174 178 180 
0 175 137 180 
0 176 137 180 
0 177 137 180 
0 178 137 174 
0 179 9 136 150 166 
0 180 9 138 139 140 141 142 143 144 145 146 147 148 149 150 151 152 153 154 157 160 161 162 163 164 165 167 169 170 171 172 173 174 175 176 177 
0 181 200 213 
0 182 189 191 
0 183 190 202 
0 184 189 191 
0 185 190 202 
0 186 188 192 196 208 
0 187 212 213 
0 188 186 202 
0 189 182 184 
0 190 183 185 
0 191 182 184 
0 192 186 202 
0 193 211 212 
0 194 158 197 
0 195 211 212 
0 196 186 202 
0 197 194 209 
0 198 211 212 
0 199 211 212 
0 200 181 210 
0 201 211 212 
0 202 183 185 188 192 196 
0 203 211 212 
0 204 211 212 
0 205 211 212 
0 206 211 212 
0 207 211 212 
0 208 186 212 
0 209 158 197 
0 210 200 213 
0 211 10 11 193 195 198 199 201 203 204 205 206 207 
0 212 5 10 11 187 193 195 198 199 201 203 204 205 206 207 208 
0 213 181 187 210 
0 214 0 
0 215 0 5 
0 216 0 4 
0 217 0 5 
0 218 0 4 
0 219 0 4 5 
0 220 0 
0 221 0 
0 222 0 4 
0 223 0 4 5 
0 224 0 
0 225 0 5 
0 226 0 
0 227 0 4 5 
0 228 0 
0 229 0 4 
0 230 0 
0 231 0 5 
0 232 0 5 
0 233 0 4 
0 234 0 
0 235 0 5 
0 236 0 
0 237 0 4 
0 238 0 4 
0 239 0 4 5 
0 240 0 5 
0 241 0 5 
0 242 0 4 
0 243 0 5 
1800 0 4 5 214 215 216 217 218 219 220 221 222 223 224 225 226 227 228 229 230 231 232 233 234 235 236 237 238 239 240 241 242 243 
1800 1 59 60 
1800 2 90 112 
1800 3 126 127 
1800 4 0 137 216 218 219 222 223 227 229 233 237 238 239 242 
1800 5 0 212 215 217 219 223 225 227 231 232 235 239 240 241 243 
1800 6 59 60 
1800 7 90 112 
1800 8 126 127 
1800 9 179 180 
1800 10 211 212 
1800 11 211 212 
1800 12 59 60 
1800 13 59 60 
1800 14 58 59 
1800 15 57 60 
1800 16 59 60 
1800 17 57 60 
1800 18 59 60 
1800 19 59 60 
1800 20 59 60 
1800 21 59 60 
1800 22 59 60 
1800 23 59 60 
1800 24 59 60 
1800 25 57 58 
1800 26 59 60 
1800 27 59 60 
1800 28 59 60 
1800 29 59 60 
1800 30 59 60 
1800 31 57 60 
1800 32 59 60 
1800 33 59 60 
1800 34 57 60 
1800 35 59 60 
1800 36 56 60 
1800 37 59 60 
1800 38 59 60 
1800 39 59 60 
1800 40 59 60 
1800 41 50 59 
1800 42 59 60 
1800 43 54 58 
1800 44 59 60 
1800 45 57 60 
1800 46 57 60 
1800 47 59 60 
1800 48 59 60 
1800 49 59 60 
1800 50 41 57 
1800 51 59 60 
1800 52 59 60 
1800 53 59 60 
1800 54 43 60 
1800 55 59 60 
1800 56 36 60 
1800 57 15 17 25 31 34 45 46 50 
1800 58 14 25 43 
1800 59 1 6 12 13 14 16 18 19 20 21 22 23 24 26 27 28 29 30 32 33 35 37 38 39 40 41 42 44 47 48 49 51 52 53 55 
1800 60 1 6 12 13 15 16 17 18 19 20 21 22 23 24 26 27 28 29 30 31 32 33 34 35 36 37 38 39 40 42 44 45 46 47 48 49 51 52 53 54 55 56 
1800 61 90 112 
1800 62 90 112 
1800 63 90 112 
1800 64 112 118 
1800 65 90 112 
1800 66 90 112 
1800 67 90 112 
1800 68 88 90 
1800 69 90 112 
1800 70 88 90 
1800 71 90 112 
1800 72 131 135 
1800 73 90 112 
1800 74 87 90 
1800 75 90 112 
1800 76 90 112 
1800 77 81 89 
1800 78 90 112 
1800 79 90 112 
1800 80 90 112 
1800 81 77 90 
1800 82 90 112 
1800 83 88 90 
1800 84 90 112 
1800 85 90 112 
1800 86 109 112 
1800 87 74 112 
1800 88 68 70 83 
1800 89 77 90 
1800 90 2 7 61 62 63 65 66 67 68 69 70 71 73 74 75 76 78 79 80 81 82 83 84 85 89 
1800 91 126 127 
1800 92 126 127 
1800 93 126 127 
1800 94 100 108 
1800 95 126 127 
1800 96 126 127 
1800 97 126 127 
1800 98 126 127 
1800 99 126 127 
1800 100 94 108 
1800 101 126 127 
1800 102 126 127 
1800 103 126 127 
1800 104 126 127 
1800 105 126 127 
1800 106 126 127 
1800 107 126 127 
1800 108 94 100 
1800 109 86 127 
1800 110 119 123 
1800 111 126 127 
1800 112 2 7 61 62 63 64 65 66 67 69 71 73 75 76 78 79 80 82 84 85 86 87 
1800 113 126 127 
1800 114 126 127 
1800 115 126 127 
1800 116 126 127 
1800 117 126 127 
1800 118 64 127 
1800 119 110 123 
1800 120 126 127 
1800 121 126 127 
1800 122 126 127 
1800 123 110 119 
1800 124 127 132 
1800 125 127 134 
1800 126 3 8 91 92 93 95 96 97 98 99 101 102 103 104 105 106 107 111 113 114 115 116 117 120 121 122 128 129 130 132 133 
1800 127 3 8 91 92 93 95 96 97 98 99 101 102 103 104 105 106 107 109 111 113 114 115 116 117 118 120 121 122 124 125 128 129 130 133 134 
1800 128 126 127 
1800 129 126 127 
1800 130 126 127 
1800 131 72 135 
1800 132 124 126 
1800 133 126 127 
1800 134 125 127 
1800 135 72 131 
1800 136 137 179 
1800 137 4 136 138 139 140 141 142 143 144 145 146 147 148 149 151 152 153 154 156 157 159 160 161 162 163 164 165 167 168 169 170 171 172 173 175 176 177 178 
1800 138 137 180 
1800 139 137 180 
1800 140 137 180 
1800 141 137 180 
1800 142 137 180 
1800 143 137 180 
1800 144 137 180 
1800 145 137 180 
1800 146 137 180 
1800 147 137 180 
1800 148 137 180 
1800 149 137 180 
1800 150 179 180 
1800 151 137 180 
1800 152 137 180 
1800 153 137 180 
1800 154 137 180 
1800 155 156 159 
1800 156 137 155 
1800 157 137 180 
1800 158 174 180 
1800 159 137 155 
1800 160 137 180 
1800 161 137 180 
1800 162 137 180 
1800 163 137 180 
1800 164 137 180 
1800 165 137 180 
1800 166 168 179 
1800 167 137 180 
1800 168 137 166 
1800 169 137 180 
1800 170 137 180 
1800 171 137 180 
1800 172 137 180 
1800 173 137 180 
1800 174 158 180 
1800 175 137 180 
1800 176 137 180 
1800 177 137 180 
1800 178 137 180 
1800 179 9 136 150 166 
1800 180 9 138 139 140 141 142 143 144 145 146 147 148 149 150 151 152 153 154 157 158 160 161 162 163 164 165 167 169 170 171 172 173 174 175 176 177 178 
1800 181 198 200 
1800 182 189 191 
1800 183 211 212 
1800 184 212 213 
1800 185 190 202 
1800 186 192 196 208 
1800 187 212 213 
1800 188 190 202 
1800 189 182 191 
1800 190 185 188 
1800 191 182 189 
1800 192 186 202 
1800 193 212 213 
1800 194 197 209 
1800 195 211 212 
1800 196 186 202 
1800 197 194 209 
1800 198 181 202 
1800 199 211 212 
1800 200 181 210 
1800 201 211 212 
1800 202 185 188 192 196 198 
1800 203 211 212 
1800 204 211 212 
1800 205 211 212 
1800 206 211 212 
1800 207 211 212 
1800 208 186 212 
1800 209 194 197 
1800 210 200 213 
1800 211 10 11 183 195 199 201 203 204 205 206 207 
1800 212 5 10 11 183 184 187 193 195 199 201 203 204 205 206 207 208 
1800 213 184 187 193 210 
1800 214 0 
1800 215 0 5 
1800 216 0 4 
1800 217 0 5 
1800 218 0 4 
1800 219 0 4 5 
1800 220 0 
1800 221 0 
1800 222 0 4 
1800 223 0 4 5 
1800 224 0 
1800 225 0 5 
1800 226 0 
1800 227 0 4 5 
1800 228 0 
1800 229 0 4 
1800 230 0 
1800 231 0 5 
1800 232 0 5 
1800 233 0 4 
1800 234 0 
1800 235 0 5 
1800 236 0 
1800 237 0 4 
1800 238 0 4 
1800 239 0 4 5 
1800 240 0 5 
1800 241 0 5 
1800 242 0 4 
1800 243 0 5 
3600 0 4 5 214 215 216 217 218 219 220 221 222 223 224 225 226 227 228 229 230 231 232 233 234 235 236 237 238 239 240 241 242 243 
3600 1 59 60 
3600 2 96 112 
3600 3 126 127 
3600 4 0 137 216 218 219 222 223 227 229 233 237 238 239 242 
3600 5 0 212 215 217 219 223 225 227 231 232 235 239 240 241 243 
3600 6 59 60 
3600 7 96 112 
3600 8 126 127 
3600 9 179 180 
3600 10 211 212 
3600 11 211 212 
3600 12 59 60 
3600 13 59 60 
3600 14 59 60 
3600 15 57 60 
3600 16 59 60 
3600 17 59 60 
3600 18 59 60 
3600 19 59 60 
3600 20 59 60 
3600 21 59 60 
3600 22 59 60 
3600 23 59 60 
3600 24 59 60 
3600 25 57 60 
3600 26 59 60 
3600 27 59 60 
3600 28 59 60 
3600 29 59 60 
3600 30 59 60 
3600 31 57 60 
3600 32 59 60 
3600 33 49 57 
3600 34 59 60 
3600 35 59 60 
3600 36 59 60 
3600 37 59 60 
3600 38 59 60 
3600 39 59 60 
3600 40 59 60 
3600 41 59 60 
3600 42 59 60 
3600 43 54 58 
3600 44 50 60 
3600 45 59 60 
3600 46 59 60 
3600 47 59 60 
3600 48 59 60 
3600 49 33 57 
3600 50 44 56 
3600 51 59 60 
3600 52 59 60 
3600 53 59 60 
3600 54 43 60 
3600 55 59 60 
3600 56 50 60 
3600 57 15 25 31 33 49 
3600 58 43 59 
3600 59 1 6 12 13 14 16 17 18 19 20 21 22 23 24 26 27 28 29 30 32 34 35 36 37 38 39 40 41 42 45 46 47 48 51 52 53 55 58 
3600 60 1 6 12 13 14 15 16 17 18 19 20 21 22 23 24 25 26 27 28 29 30 31 32 34 35 36 37 38 39 40 41 42 44 45 46 47 48 51 52 53 54 55 56 
3600 61 90 112 
3600 62 109 112 
3600 63 96 112 
3600 64 96 112 
3600 65 96 112 
3600 66 96 112 
3600 67 112 114 
3600 68 90 96 
3600 69 112 114 
3600 70 96 112 
3600 71 112 118 
3600 72 131 135 
3600 73 96 112 
3600 74 96 112 
3600 75 96 112 
3600 76 96 112 
3600 77 81 89 
3600 78 112 114 
3600 79 112 114 
3600 80 96 112 
3600 81 77 90 
3600 82 96 112 
3600 83 89 90 
3600 84 90 112 
3600 85 96 112 
3600 86 112 114 
3600 87 96 112 
3600 88 96 112 
3600 89 77 83 
3600 90 61 68 81 83 84 
3600 91 126 127 
3600 92 126 127 
3600 93 126 127 
3600 94 100 123 
3600 95 126 127 
3600 96 2 7 63 64 65 66 68 70 73 74 75 76 80 82 85 87 88 
3600 97 126 127 
3600 98 126 127 
3600 99 126 127 
3600 100 94 124 
3600 101 126 127 
3600 102 126 127 
3600 103 127 134 
3600 104 126 127 
3600 105 126 127 
3600 106 126 127 
3600 107 126 127 
3600 108 126 127 
3600 109 62 127 
3600 110 119 123 
3600 111 126 127 
3600 112 2 7 61 62 63 64 65 66 67 69 70 71 73 74 75 76 78 79 80 82 84 85 86 87 88 
3600 113 126 127 
3600 114 67 69 78 79 86 
3600 115 126 127 
3600 116 126 127 
3600 117 126 127 
3600 118 71 127 
3600 119 110 123 
3600 120 126 127 
3600 121 126 127 
3600 122 126 127 
3600 123 94 110 119 
3600 124 100 127 
3600 125 126 127 
3600 126 3 8 91 92 93 95 97 98 99 101 102 104 105 106 107 108 111 113 115 116 117 120 121 122 125 128 129 130 132 133 
3600 127 3 8 91 92 93 95 97 98 99 101 102 103 104 105 106 107 108 109 111 113 115 116 117 118 120 121 122 124 125 128 129 130 132 133 134 
3600 128 126 127 
3600 129 126 127 
3600 130 126 127 
3600 131 72 135 
3600 132 126 127 
3600 133 126 127 
3600 134 103 127 
3600 135 72 131 
3600 136 137 180 
3600 137 4 136 138 139 140 141 142 143 144 145 146 147 148 149 151 152 153 154 156 157 159 160 161 162 163 164 165 167 168 169 170 171 172 173 175 176 177 178 
3600 138 137 180 
3600 139 137 180 
3600 140 137 180 
3600 141 137 180 
3600 142 137 180 
3600 143 137 180 
3600 144 137 180 
3600 145 137 180 
3600 146 137 180 
3600 147 137 180 
3600 148 137 180 
3600 149 137 180 
3600 150 179 180 
3600 151 137 180 
3600 152 137 180 
3600 153 137 180 
3600 154 137 180 
3600 155 156 159 
3600 156 137 155 
3600 157 137 180 
3600 158 174 180 
3600 159 137 155 
3600 160 137 180 
3600 161 137 180 
3600 162 137 179 
3600 163 137 180 
3600 164 137 180 
3600 165 137 180 
3600 166 168 179 
3600 167 137 180 
3600 168 137 166 
3600 169 137 180 
3600 170 137 180 
3600 171 137 180 
3600 172 137 180 
3600 173 137 180 
3600 174 158 210 
3600 175 137 180 
3600 176 137 180 
3600 177 137 180 
3600 178 137 180 
3600 179 9 150 162 166 
3600 180 9 136 138 139 140 141 142 143 144 145 146 147 148 149 150 151 152 153 154 157 158 160 161 163 164 165 167 169 170 171 172 173 175 176 177 178 
3600 181 198 200 
3600 182 189 191 
3600 183 190 202 
3600 184 212 213 
3600 185 190 202 
3600 186 188 195 205 208 
3600 187 211 213 
3600 188 186 202 
3600 189 182 191 
3600 190 183 185 
3600 191 182 189 
3600 192 211 212 
3600 193 211 212 
3600 194 197 209 
3600 195 186 202 
3600 196 211 212 
3600 197 194 209 
3600 198 181 202 
3600 199 211 212 
3600 200 181 213 
3600 201 202 203 
3600 202 183 185 188 195 198 201 
3600 203 201 212 
3600 204 211 212 
3600 205 186 212 
3600 206 207 211 
3600 207 206 212 
3600 208 186 212 
3600 209 194 197 
3600 210 174 213 
3600 211 10 11 187 192 193 196 199 204 206 
3600 212 5 10 11 184 192 193 196 199 203 204 205 207 208 
3600 213 184 187 200 210 
3600 214 0 
3600 215 0 5 
3600 216 0 4 
3600 217 0 5 
3600 218 0 4 
3600 219 0 4 5 
3600 220 0 
3600 221 0 
3600 222 0 4 
3600 223 0 4 5 
3600 224 0 
3600 225 0 5 
3600 226 0 
3600 227 0 4 5 
3600 228 0 
3600 229 0 4 
3600 230 0 
3600 231 0 5 
3600 232 0 5 
3600 233 0 4 
3600 234 0 
3600 235 0 5 
3600 236 0 
3600 237 0 4 
3600 238 0 4 
3600 239 0 4 5 
3600 240 0 5 
3600 241 0 5 
3600 242 0 4 
3600 243 0 5 
5400 0 4 5 214 215 216 217 218 219 220 221 222 223 224 225 226 227 228 229 230 231 232 233 234 235 236 237 238 239 240 241 242 243 
5400 1 59 60 
5400 2 112 127 
5400 3 126 127 
5400 4 0 137 216 218 219 222 223 227 229 233 237 238 239 242 
5400 5 0 212 215 217 219 223 225 227 231 232 235 239 240 241 243 
5400 6 59 60 
5400 7 112 127 
5400 8 125 126 
5400 9 179 180 
5400 10 211 212 
5400 11 211 212 
5400 12 59 60 
5400 13 59 60 
5400 14 59 60 
5400 15 57 60 
5400 16 59 60 
5400 17 58 60 
5400 18 59 60 
5400 19 30 60 
5400 20 59 60 
5400 21 59 60 
5400 22 59 60 
5400 23 59 60 
5400 24 59 60 
5400 25 57 60 
5400 26 59 60 
5400 27 59 60 
5400 28 59 60 
5400 29 59 60 
5400 30 19 60 
5400 31 57 60 
5400 32 59 60 
5400 33 52 57 
5400 34 57 60 
5400 35 59 60 
5400 36 57 60 
5400 37 59 60 
5400 38 59 60 
5400 39 59 60 
5400 40 59 60 
5400 41 59 60 
5400 42 59 60 
5400 43 54 58 
5400 44 59 60 
5400 45 57 60 
5400 46 59 60 
5400 47 59 60 
5400 48 59 60 
5400 49 59 60 
5400 50 
5400 51 59 60 
5400 52 33 60 
5400 53 59 60 
5400 54 43 60 
5400 55 59 60 
5400 56 59 60 
5400 57 15 25 31 33 34 36 45 
5400 58 17 43 
5400 59 1 6 12 13 14 16 18 20 21 22 23 24 26 27 28 29 32 35 37 38 39 40 41 42 44 46 47 48 49 51 53 55 56 
5400 60 1 6 12 13 14 15 16 17 18 19 20 21 22 23 24 25 26 27 28 29 30 31 32 34 35 36 37 38 39 40 41 42 44 45 46 47 48 49 51 52 53 54 55 56 
5400 61 90 112 
5400 62 112 127 
5400 63 112 127 
5400 64 117 118 
5400 65 90 112 
5400 66 112 127 
5400 67 112 127 
5400 68 88 90 
5400 69 112 127 
5400 70 88 90 
5400 71 90 112 
5400 72 131 135 
5400 73 112 127 
5400 74 87 90 
5400 75 90 112 
5400 76 90 112 
5400 77 89 90 
5400 78 112 127 
5400 79 112 127 
5400 80 90 112 
5400 81 89 90 
5400 82 90 112 
5400 83 112 126 
5400 84 90 112 
5400 85 90 112 
5400 86 112 126 
5400 87 74 112 
5400 88 68 70 
5400 89 77 81 
5400 90 61 65 68 70 71 74 75 76 77 80 81 82 84 85 
5400 91 125 126 
5400 92 125 126 
5400 93 125 126 
5400 94 108 132 
5400 95 124 126 
5400 96 125 126 
5400 97 125 126 
5400 98 125 126 
5400 99 125 126 
5400 100 108 132 
5400 101 125 126 
5400 102 125 126 
5400 103 125 134 
5400 104 125 126 
5400 105 125 126 
5400 106 125 126 
5400 107 125 126 
5400 108 94 100 110 119 
5400 109 125 126 
5400 110 108 119 
5400 111 125 126 
5400 112 2 7 61 62 63 65 66 67 69 71 73 75 76 78 79 80 82 83 84 85 86 87 
5400 113 125 126 
5400 114 125 126 
5400 115 125 126 
5400 116 125 126 
5400 117 64 125 
5400 118 64 126 
5400 119 108 110 
5400 120 125 126 
5400 121 125 126 
5400 122 125 126 
5400 123 126 128 
5400 124 95 126 
5400 125 8 91 92 93 96 97 98 99 101 102 103 104 105 106 107 109 111 113 114 115 116 117 120 121 122 129 130 133 134 
5400 126 3 8 83 86 91 92 93 95 96 97 98 99 101 102 104 105 106 107 109 111 113 114 115 116 118 120 121 122 123 124 128 129 130 133 
5400 127 2 3 7 62 63 66 67 69 73 78 79 
5400 128 123 126 
5400 129 125 126 
5400 130 125 126 
5400 131 72 135 
5400 132 94 100 
5400 133 125 126 
5400 134 103 125 
5400 135 72 131 
5400 136 137 180 
5400 137 4 136 138 139 140 141 142 143 144 145 146 147 148 149 150 151 152 153 154 156 157 159 160 161 162 163 164 165 167 168 169 170 171 172 175 176 177 178 
5400 138 137 180 
5400 139 137 180 
5400 140 137 180 
5400 141 137 180 
5400 142 137 179 
5400 143 137 180 
5400 144 137 180 
5400 145 137 180 
5400 146 137 180 
5400 147 137 180 
5400 148 137 180 
5400 149 137 180 
5400 150 137 180 
5400 151 137 180 
5400 152 137 180 
5400 153 137 180 
5400 154 137 180 
5400 155 158 159 
5400 156 137 180 
5400 157 137 180 
5400 158 155 180 
5400 159 137 155 
5400 160 137 180 
5400 161 137 180 
5400 162 137 180 
5400 163 137 180 
5400 164 137 180 
5400 165 137 180 
5400 166 179 180 
5400 167 137 180 
5400 168 137 180 
5400 169 137 180 
5400 170 137 180 
5400 171 137 180 
5400 172 137 180 
5400 173 179 180 
5400 174 178 180 
5400 175 137 180 
5400 176 137 180 
5400 177 137 180 
5400 178 137 174 
5400 179 9 142 166 173 
5400 180 9 136 138 139 140 141 143 144 145 146 147 148 149 150 151 152 153 154 156 157 158 160 161 162 163 164 165 166 167 168 169 170 171 172 173 174 175 176 177 
5400 181 198 200 213 
5400 182 189 191 
5400 183 190 202 
5400 184 189 191 
5400 185 190 202 
5400 186 188 192 195 196 208 
5400 187 190 191 
5400 188 186 202 
5400 189 182 184 
5400 190 183 185 187 
5400 191 182 184 187 
5400 192 186 202 
5400 193 211 212 
5400 194 197 209 
5400 195 186 202 
5400 196 186 202 
5400 197 194 209 
5400 198 181 202 
5400 199 211 212 
5400 200 181 210 
5400 201 211 212 
5400 202 183 185 188 192 195 196 198 
5400 203 211 212 
5400 204 211 212 
5400 205 211 212 
5400 206 211 212 
5400 207 211 212 
5400 208 186 212 
5400 209 194 197 
5400 210 200 213 
5400 211 10 11 193 199 201 203 204 205 206 207 
5400 212 5 10 11 193 199 201 203 204 205 206 207 208 
5400 213 181 210 
5400 214 0 
5400 215 0 5 
5400 216 0 4 
5400 217 0 5 
5400 218 0 4 
5400 219 0 4 5 
5400 220 0 
5400 221 0 
5400 222 0 4 
5400 223 0 4 5 
5400 224 0 
5400 225 0 5 
5400 226 0 
5400 227 0 4 5 
5400 228 0 
5400 229 0 4 
5400 230 0 
5400 231 0 5 
5400 232 0 5 
5400 233 0 4 
5400 234 0 
5400 235 0 5 
5400 236 0 
5400 237 0 4 
5400 238 0 4 
5400 239 0 4 5 
5400 240 0 5 
5400 241 0 5 
5400 242 0 4 
5400 243 0 5 
7200 0 4 5 214 215 216 217 218 219 220 221 222 223 224 225 226 227 228 229 230 231 232 233 234 235 236 237 238 239 240 241 242 243 
7200 1 59 60 
7200 2 112 126 
7200 3 126 127 
7200 4 0 137 216 218 219 222 223 227 229 233 237 238 239 242 
7200 5 0 212 215 217 219 223 225 227 231 232 235 239 240 241 243 
7200 6 59 60 
7200 7 112 126 
7200 8 125 127 
7200 9 179 180 
7200 10 211 212 
7200 11 211 212 
7200 12 59 60 
7200 13 59 60 
7200 14 57 60 
7200 15 57 60 
7200 16 59 60 
7200 17 57 60 
7200 18 59 60 
7200 19 59 60 
7200 20 59 60 
7200 21 59 60 
7200 22 59 60 
7200 23 59 60 
7200 24 59 60 
7200 25 57 60 
7200 26 59 60 
7200 27 59 60 
7200 28 59 60 
7200 29 59 60 
7200 30 59 60 
7200 31 57 60 
7200 32 59 60 
7200 33 56 57 
7200 34 57 60 
7200 35 59 60 
7200 36 57 60 
7200 37 50 60 
7200 38 59 60 
7200 39 59 60 
7200 40 59 60 
7200 41 59 60 
7200 42 59 60 
7200 43 51 58 
7200 44 59 60 
7200 45 57 60 
7200 46 57 60 
7200 47 59 60 
7200 48 59 60 
7200 49 59 60 
7200 50 37 54 
7200 51 43 60 
7200 52 59 60 
7200 53 59 60 
7200 54 50 58 
7200 55 59 60 
7200 56 33 60 
7200 57 14 15 17 25 31 33 34 36 45 46 
7200 58 43 54 
7200 59 1 6 12 13 16 18 19 20 21 22 23 24 26 27 28 29 30 32 35 38 39 40 41 42 44 47 48 49 52 53 55 
7200 60 1 6 12 13 14 15 16 17 18 19 20 21 22 23 24 25 26 27 28 29 30 31 32 34 35 36 37 38 39 40 41 42 44 45 46 47 48 49 51 52 53 55 56 
7200 61 112 126 
7200 62 112 126 
7200 63 112 126 
7200 64 112 126 
7200 65 112 126 
7200 66 120 126 
7200 67 112 126 
7200 68 90 126 
7200 69 112 126 
7200 70 90 126 
7200 71 112 126 
7200 72 124 127 
7200 73 112 126 
7200 74 90 126 
7200 75 112 126 
7200 76 112 126 
7200 77 81 89 
7200 78 112 126 
7200 79 90 112 
7200 80 112 126 
7200 81 77 90 
7200 82 90 112 
7200 83 90 126 
7200 84 112 126 
7200 85 112 126 
7200 86 118 126 
7200 87 112 126 
7200 88 112 126 
7200 89 77 90 
7200 90 68 70 74 79 81 82 83 89 
7200 91 125 127 
7200 92 125 127 
7200 93 125 127 
7200 94 100 132 
7200 95 124 127 
7200 96 125 127 
7200 97 125 127 
7200 98 125 127 
7200 99 125 127 
7200 100 94 108 
7200 101 125 127 
7200 102 125 127 
7200 103 125 134 
7200 104 125 127 
7200 105 125 127 
7200 106 125 127 
7200 107 125 127 
7200 108 100 123 
7200 109 125 127 
7200 110 119 123 
7200 111 125 127 
7200 112 2 7 61 62 63 64 65 67 69 71 73 75 76 78 79 80 82 84 85 87 88 
7200 113 125 127 
7200 114 125 127 
7200 115 125 127 
7200 116 125 127 
7200 117 125 127 
7200 118 86 127 
7200 119 110 123 
7200 120 66 127 
7200 121 125 127 
7200 122 127 128 
7200 123 108 110 119 128 132 134 
7200 124 72 95 131 135 
7200 125 8 91 92 93 96 97 98 99 101 102 103 104 105 106 107 109 111 113 114 115 116 117 121 129 130 133 
7200 126 2 3 7 61 62 63 64 65 66 67 68 69 70 71 73 74 75 76 78 80 83 84 85 86 87 88 
7200 127 3 8 72 91 92 93 95 96 97 98 99 101 102 104 105 106 107 109 111 113 114 115 116 117 118 120 121 122 129 130 131 133 135 
7200 128 122 123 
7200 129 125 127 
7200 130 125 127 
7200 131 124 127 
7200 132 94 123 
7200 133 125 127 
7200 134 103 123 
7200 135 124 127 
7200 136 137 166 
7200 137 4 136 138 139 140 141 142 143 144 145 146 147 148 149 151 152 153 154 156 157 158 159 160 161 162 163 164 165 167 168 169 170 171 172 173 174 175 176 177 178 
7200 138 137 180 
7200 139 137 180 
7200 140 137 180 
7200 141 137 180 
7200 142 137 180 
7200 143 137 180 
7200 144 137 180 
7200 145 137 180 
7200 146 137 180 
7200 147 137 180 
7200 148 137 180 
7200 149 137 180 
7200 150 179 180 
7200 151 137 180 
7200 152 137 180 
7200 153 137 180 
7200 154 137 180 
7200 155 156 159 
7200 156 137 155 
7200 157 137 180 
7200 158 137 180 
7200 159 137 155 
7200 160 137 180 
7200 161 137 180 
7200 162 137 180 
7200 163 137 180 
7200 164 137 180 
7200 165 137 180 
7200 166 136 179 
7200 167 137 180 
7200 168 137 180 
7200 169 137 180 
7200 170 137 180 
7200 171 137 180 
7200 172 137 180 
7200 173 137 180 
7200 174 137 180 
7200 175 137 180 
7200 176 137 180 
7200 177 137 180 
7200 178 137 180 
7200 179 9 150 166 
7200 180 9 138 139 140 141 142 143 144 145 146 147 148 149 150 151 152 153 154 157 158 160 161 162 163 164 165 167 168 169 170 171 172 173 174 175 176 177 178 
7200 181 198 200 
7200 182 189 191 
7200 183 211 212 
7200 184 190 191 
7200 185 190 202 
7200 186 188 192 194 195 196 208 209 
7200 187 212 213 
7200 188 186 202 
7200 189 182 191 
7200 190 184 185 
7200 191 182 184 189 
7200 192 186 202 
7200 193 211 212 
7200 194 186 197 
7200 195 186 202 
7200 196 186 202 
7200 197 194 209 
7200 198 181 202 
7200 199 211 212 
7200 200 181 210 
7200 201 202 203 
7200 202 185 188 192 195 196 198 201 
7200 203 201 212 
7200 204 207 211 
7200 205 211 212 
7200 206 211 212 
7200 207 204 212 
7200 208 186 212 
7200 209 186 197 
7200 210 200 213 
7200 211 10 11 183 193 199 204 205 206 
7200 212 5 10 11 183 187 193 199 203 205 206 207 208 
7200 213 187 210 
7200 214 0 
7200 215 0 5 
7200 216 0 4 
7200 217 0 5 
7200 218 0 4 
7200 219 0 4 5 
7200 220 0 
7200 221 0 
7200 222 0 4 
7200 223 0 4 5 
7200 224 0 
7200 225 0 5 
7200 226 0 
7200 227 0 4 5 
7200 228 0 
7200 229 0 4 
7200 230 0 
7200 231 0 5 
7200 232 0 5 
7200 233 0 4 
7200 234 0 
7200 235 0 5 
7200 236 0 
7200 237 0 4 
7200 238 0 4 
7200 239 0 4 5 
7200 240 0 5 
7200 241 0 5 
7200 242 0 4 
7200 243 0 5 
9000 0 4 5 214 215 216 217 218 219 220 221 222 223 224 225 226 227 228 229 230 231 232 233 234 235 236 237 238 239 240 241 242 243 
9000 1 59 60 
9000 2 90 112 
9000 3 125 126 
9000 4 0 137 216 218 219 222 223 227 229 233 237 238 239 242 
9000 5 0 212 215 217 219 223 225 227 231 232 235 239 240 241 243 
9000 6 59 60 
9000 7 90 112 
9000 8 125 126 
9000 9 179 180 
9000 10 211 212 
9000 11 211 212 
9000 12 59 60 
9000 13 59 60 
9000 14 57 60 
9000 15 57 60 
9000 16 59 60 
9000 17 57 60 
9000 18 59 60 
9000 19 59 60 
9000 20 59 60 
9000 21 59 60 
9000 22 59 60 
9000 23 59 60 
9000 24 59 60 
9000 25 59 60 
9000 26 59 60 
9000 27 59 60 
9000 28 59 60 
9000 29 59 60 
9000 30 59 60 
9000 31 57 60 
9000 32 59 60 
9000 33 48 57 
9000 34 57 60 
9000 35 59 60 
9000 36 57 60 
9000 37 59 60 
9000 38 59 60 
9000 39 59 60 
9000 40 59 60 
9000 41 59 60 
9000 42 59 60 
9000 43 54 58 
9000 44 57 60 
9000 45 57 60 
9000 46 57 60 
9000 47 59 60 
9000 48 33 60 
9000 49 50 60 
9000 50 49 59 
9000 51 59 60 
9000 52 59 60 
9000 53 59 60 
9000 54 43 60 
9000 55 59 60 
9000 56 58 60 
9000 57 14 15 17 31 33 34 36 44 45 46 
9000 58 43 56 
9000 59 1 6 12 13 16 18 19 20 21 22 23 24 25 26 27 28 29 30 32 35 37 38 39 40 41 42 47 50 51 52 53 55 
9000 60 1 6 12 13 14 15 16 17 18 19 20 21 22 23 24 25 26 27 28 29 30 31 32 34 35 36 37 38 39 40 41 42 44 45 46 47 48 49 51 52 53 54 55 56 
9000 61 112 124 
9000 62 118 120 
9000 63 90 112 
9000 64 107 112 
9000 65 90 112 
9000 66 90 112 
9000 67 101 112 
9000 68 88 90 
9000 69 101 112 
9000 70 88 90 
9000 71 90 112 
9000 72 131 135 
9000 73 90 112 
9000 74 87 90 
9000 75 90 112 
9000 76 90 112 
9000 77 89 124 
9000 78 112 124 
9000 79 107 112 
9000 80 90 112 
9000 81 112 124 
9000 82 90 112 
9000 83 88 90 
9000 84 90 112 
9000 85 90 112 
9000 86 112 124 
9000 87 74 112 
9000 88 68 70 83 
9000 89 77 124 
9000 90 2 7 63 65 66 68 70 71 73 74 75 76 80 82 83 84 85 
9000 91 126 127 
9000 92 125 126 
9000 93 125 126 
9000 94 100 132 
9000 95 126 127 
9000 96 125 126 
9000 97 125 126 
9000 98 125 126 
9000 99 125 126 
9000 100 94 108 
9000 101 67 69 
9000 102 125 126 
9000 103 127 134 
9000 104 126 127 
9000 105 125 126 
9000 106 125 126 
9000 107 64 79 
9000 108 100 132 
9000 109 125 126 
9000 110 126 127 
9000 111 125 126 
9000 112 2 7 61 63 64 65 66 67 69 71 73 75 76 78 79 80 81 82 84 85 86 87 
9000 113 125 126 
9000 114 125 126 
9000 115 125 126 
9000 116 125 126 
9000 117 125 126 
9000 118 62 126 
9000 119 125 126 
9000 120 62 126 
9000 121 125 126 
9000 122 125 126 
9000 123 126 128 
9000 124 61 77 78 81 86 89 
9000 125 3 8 92 93 96 97 98 99 102 105 106 109 111 113 114 115 116 117 119 121 122 129 130 133 
9000 126 3 8 91 92 93 95 96 97 98 99 102 104 105 106 109 110 111 113 114 115 116 117 118 119 120 121 122 123 128 129 130 133 
9000 127 91 95 103 104 110 134 
9000 128 123 126 
9000 129 125 126 
9000 130 125 126 
9000 131 72 135 
9000 132 94 108 
9000 133 125 126 
9000 134 103 127 
9000 135 72 131 
9000 136 137 179 
9000 137 4 136 138 139 140 141 142 143 144 145 146 147 148 149 151 152 153 154 156 157 158 160 161 162 163 164 165 167 169 170 171 172 173 174 175 176 177 178 
9000 138 137 180 
9000 139 137 180 
9000 140 137 180 
9000 141 137 180 
9000 142 137 180 
9000 143 137 180 
9000 144 137 180 
9000 145 137 180 
9000 146 137 180 
9000 147 137 180 
9000 148 137 180 
9000 149 137 180 
9000 150 179 180 
9000 151 137 180 
9000 152 137 180 
9000 153 137 180 
9000 154 137 180 
9000 155 156 159 
9000 156 137 155 
9000 157 137 180 
9000 158 137 180 
9000 159 155 180 
9000 160 137 180 
9000 161 137 180 
9000 162 137 180 
9000 163 137 180 
9000 164 137 180 
9000 165 137 180 
9000 166 178 179 
9000 167 137 180 
9000 168 179 180 
9000 169 137 180 
9000 170 137 180 
9000 171 137 180 
9000 172 137 180 
9000 173 137 180 
9000 174 137 180 
9000 175 137 180 
9000 176 137 180 
9000 177 137 180 
9000 178 137 166 
9000 179 9 136 150 166 168 
9000 180 9 138 139 140 141 142 143 144 145 146 147 148 149 150 151 152 153 154 157 158 159 160 161 162 163 164 165 167 168 169 170 171 172 173 174 175 176 177 
9000 181 198 200 
9000 182 189 191 
9000 183 212 213 
9000 184 212 213 
9000 185 190 202 
9000 186 192 196 208 
9000 187 212 213 
9000 188 190 202 
9000 189 182 191 
9000 190 185 188 
9000 191 182 189 
9000 192 186 202 
9000 193 211 212 
9000 194 197 209 
9000 195 211 212 
9000 196 186 202 
9000 197 194 209 
9000 198 181 202 
9000 199 211 212 
9000 200 181 210 
9000 201 211 212 
9000 202 185 188 192 196 198 
9000 203 211 212 
9000 204 211 212 
9000 205 211 212 
9000 206 211 212 
9000 207 211 212 
9000 208 186 212 
9000 209 194 197 
9000 210 200 213 
9000 211 10 11 193 195 199 201 203 204 205 206 207 
9000 212 5 10 11 183 184 187 193 195 199 201 203 204 205 206 207 208 
9000 213 183 184 187 210 
9000 214 0 
9000 215 0 5 
9000 216 0 4 
9000 217 0 5 
9000 218 0 4 
9000 219 0 4 5 
9000 220 0 
9000 221 0 
9000 222 0 4 
9000 223 0 4 5 
9000 224 0 
9000 225 0 5 
9000 226 0 
9000 227 0 4 5 
9000 228 0 
9000 229 0 4 
9000 230 0 
9000 231 0 5 
9000 232 0 5 
9000 233 0 4 
9000 234 0 
9000 235 0 5 
9000 236 0 
9000 237 0 4 
9000 238 0 4 
9000 239 0 4 5 
9000 240 0 5 
9000 241 0 5 
9000 242 0 4 
9000 243 0 5 
10800 0 4 5 214 215 216 217 218 219 220 221 222 223 224 225 226 227 228 229 230 231 232 233 234 235 236 237 238 239 240 241 242 243 
10800 1 59 60 
10800 2 90 112 
10800 3 126 127 
10800 4 0 137 216 218 219 222 223 227 229 233 237 238 239 242 
10800 5 0 212 215 217 219 223 225 227 231 232 235 239 240 241 243 
10800 6 59 60 
10800 7 90 112 
10800 8 126 127 
10800 9 179 180 
10800 10 211 212 
10800 11 211 212 
10800 12 59 60 
10800 13 59 60 
10800 14 57 60 
10800 15 57 60 
10800 16 59 60 
10800 17 57 60 
10800 18 59 60 
10800 19 59 60 
10800 20 59 60 
10800 21 59 60 
10800 22 59 60 
10800 23 57 60 
10800 24 59 60 
10800 25 57 60 
10800 26 59 60 
10800 27 59 60 
10800 28 59 60 
10800 29 59 60 
10800 30 59 60 
10800 31 59 60 
10800 32 59 60 
10800 33 57 60 
10800 34 57 60 
10800 35 59 60 
10800 36 57 60 
10800 37 59 60 
10800 38 59 60 
10800 39 59 60 
10800 40 59 60 
10800 41 59 60 
10800 42 59 60 
10800 43 54 58 
10800 44 59 60 
10800 45 57 60 
10800 46 59 60 
10800 47 59 60 
10800 48 59 60 
10800 49 59 60 
10800 50 54 59 
10800 51 59 60 
10800 52 59 60 
10800 53 59 60 
10800 54 43 50 
10800 55 59 60 
10800 56 59 60 
10800 57 14 15 17 23 25 33 34 36 45 
10800 58 43 59 
10800 59 1 6 12 13 16 18 19 20 21 22 24 26 27 28 29 30 31 32 35 37 38 39 40 41 42 44 46 47 48 49 50 51 52 53 55 56 58 
10800 60 1 6 12 13 14 15 16 17 18 19 20 21 22 23 24 25 26 27 28 29 30 31 32 33 34 35 36 37 38 39 40 41 42 44 45 46 47 48 49 51 52 53 55 56 
10800 61 90 112 
10800 62 90 112 
10800 63 90 112 
10800 64 90 112 
10800 65 90 112 
10800 66 90 112 
10800 67 90 112 
10800 68 88 90 
10800 69 90 112 
10800 70 126 127 
10800 71 90 112 
10800 72 131 135 
10800 73 90 112 
10800 74 87 90 
10800 75 90 112 
10800 76 90 112 
10800 77 126 127 
10800 78 90 112 
10800 79 90 112 
10800 80 90 112 
10800 81 89 90 
10800 82 90 112 
10800 83 88 90 
10800 84 90 112 
10800 85 90 112 
10800 86 121 124 
10800 87 74 112 
10800 88 68 83 
10800 89 81 127 
10800 90 2 7 61 62 63 64 65 66 67 68 69 71 73 74 75 76 78 79 80 81 82 83 84 85 
10800 91 126 127 
10800 92 126 127 
10800 93 126 127 
10800 94 108 132 
10800 95 126 127 
10800 96 126 127 
10800 97 126 127 
10800 98 126 127 
10800 99 126 127 
10800 100 121 124 
10800 101 124 125 
10800 102 126 127 
10800 103 125 134 
10800 104 126 127 
10800 105 126 127 
10800 106 126 127 
10800 107 126 127 
10800 108 94 110 132 
10800 109 126 127 
10800 110 108 119 
10800 111 126 127 
10800 112 2 7 61 62 63 64 65 66 67 69 71 73 75 76 78 79 80 82 84 85 87 
10800 113 126 127 
10800 114 126 127 
10800 115 126 127 
10800 116 124 125 
10800 117 126 127 
10800 118 126 127 
10800 119 110 123 134 
10800 120 126 127 
10800 121 86 100 
10800 122 126 127 
10800 123 119 128 
10800 124 86 100 101 116 
10800 125 101 103 116 
10800 126 3 8 70 77 91 92 93 95 96 97 98 99 102 104 105 106 107 109 111 113 114 115 117 118 120 122 128 129 130 133 
10800 127 3 8 70 77 89 91 92 93 95 96 97 98 99 102 104 105 106 107 109 111 113 114 115 117 118 120 122 129 130 133 
10800 128 123 126 
10800 129 126 127 
10800 130 126 127 
10800 131 72 135 
10800 132 94 108 
10800 133 126 127 
10800 134 103 119 
10800 135 72 131 
10800 136 137 180 
10800 137 4 136 138 139 140 141 142 143 144 145 146 147 148 149 151 152 153 154 156 157 159 160 161 162 163 164 165 166 167 168 169 170 171 172 173 175 176 177 178 
10800 138 137 180 
10800 139 137 180 
10800 140 137 180 
10800 141 137 202 
10800 142 137 180 
10800 143 137 180 
10800 144 137 180 
10800 145 137 180 
10800 146 137 180 
10800 147 137 180 
10800 148 137 180 
10800 149 137 180 
10800 150 179 180 
10800 151 137 180 
10800 152 137 180 
10800 153 137 180 
10800 154 137 180 
10800 155 156 159 
10800 156 137 155 
10800 157 137 180 
10800 158 180 209 
10800 159 137 155 
10800 160 137 180 
10800 161 137 180 
10800 162 137 180 
10800 163 137 202 
10800 164 137 180 
10800 165 137 180 
10800 166 137 180 
10800 167 137 180 
10800 168 137 180 
10800 169 137 180 
10800 170 137 180 
10800 171 137 180 
10800 172 137 180 
10800 173 137 180 
10800 174 178 180 
10800 175 137 180 
10800 176 137 180 
10800 177 137 180 
10800 178 137 174 
10800 179 9 150 
10800 180 9 136 138 139 140 142 143 144 145 146 147 148 149 150 151 152 153 154 157 158 160 161 162 164 165 166 167 168 169 170 171 172 173 174 175 176 177 
10800 181 198 200 
10800 182 189 191 
10800 183 190 202 
10800 184 189 191 
10800 185 190 191 
10800 186 188 194 197 
10800 187 212 213 
10800 188 186 202 
10800 189 182 184 
10800 190 183 185 
10800 191 182 184 185 
10800 192 202 203 
10800 193 211 212 
10800 194 186 202 
10800 195 202 212 
10800 196 212 213 
10800 197 186 209 
10800 198 181 202 
10800 199 211 212 
10800 200 181 210 
10800 201 211 212 
10800 202 141 163 183 188 192 194 195 198 
10800 203 192 212 
10800 204 211 212 
10800 205 211 212 
10800 206 211 212 
10800 207 211 212 
10800 208 211 212 
10800 209 158 197 
10800 210 200 213 
10800 211 10 11 193 199 201 204 205 206 207 208 
10800 212 5 10 11 187 193 195 196 199 201 203 204 205 206 207 208 
10800 213 187 196 210 
10800 214 0 
10800 215 0 5 
10800 216 0 4 
10800 217 0 5 
10800 218 0 4 
10800 219 0 4 5 
10800 220 0 
10800 221 0 
10800 222 0 4 
10800 223 0 4 5 
10800 224 0 
10800 225 0 5 
10800 226 0 
10800 227 0 4 5 
10800 228 0 
10800 229 0 4 
10800 230 0 
10800 231 0 5 
10800 232 0 5 
10800 233 0 4 
10800 234 0 
10800 235 0 5 
10800 236 0 
10800 237 0 4 
10800 238 0 4 
10800 239 0 4 5 
10800 240 0 5 
10800 241 0 5 
10800 242 0 4 
10800 243 0 5 
12600 0 4 5 214 215 216 217 218 219 220 221 222 223 224 225 226 227 228 229 230 231 232 233 234 235 236 237 238 239 240 241 242 243 
12600 1 59 60 
12600 2 90 112 
12600 3 126 127 
12600 4 0 137 216 218 219 222 223 227 229 233 237 238 239 242 
12600 5 0 212 215 217 219 223 225 227 231 232 235 239 240 241 243 
12600 6 59 60 
12600 7 90 112 
12600 8 126 127 
12600 9 179 180 
12600 10 211 212 
12600 11 211 212 
12600 12 59 60 
12600 13 59 60 
12600 14 57 60 
12600 15 57 60 
12600 16 50 60 
12600 17 57 60 
12600 18 59 60 
12600 19 59 60 
12600 20 59 60 
12600 21 59 60 
12600 22 59 60 
12600 23 59 60 
12600 24 59 60 
12600 25 57 60 
12600 26 59 60 
12600 27 59 60 
12600 28 59 60 
12600 29 59 60 
12600 30 59 60 
12600 31 57 60 
12600 32 59 60 
12600 33 57 60 
12600 34 51 57 
12600 35 59 60 
12600 36 57 60 
12600 37 50 60 
12600 38 59 60 
12600 39 59 60 
12600 40 59 60 
12600 41 59 60 
12600 42 59 60 
12600 43 58 60 
12600 44 59 60 
12600 45 57 60 
12600 46 57 60 
12600 47 59 60 
12600 48 59 60 
12600 49 59 60 
12600 50 16 37 
12600 51 34 60 
12600 52 59 60 
12600 53 59 60 
12600 54 59 60 
12600 55 59 60 
12600 56 59 60 
12600 57 14 15 17 25 31 33 34 36 45 46 
12600 58 43 60 
12600 59 1 6 12 13 18 19 20 21 22 23 24 26 27 28 29 30 32 35 38 39 40 41 42 44 47 48 49 52 53 54 55 56 
12600 60 1 6 12 13 14 15 16 17 18 19 20 21 22 23 24 25 26 27 28 29 30 31 32 33 35 36 37 38 39 40 41 42 43 44 45 46 47 48 49 51 52 53 54 55 56 58 
12600 61 125 127 
12600 62 90 112 
12600 63 90 112 
12600 64 90 112 
12600 65 90 112 
12600 66 112 113 
12600 67 90 112 
12600 68 88 90 
12600 69 90 112 
12600 70 88 90 
12600 71 90 112 
12600 72 118 131 
12600 73 90 112 
12600 74 87 90 
12600 75 90 112 
12600 76 90 112 
12600 77 81 89 
12600 78 90 112 
12600 79 90 112 
12600 80 90 112 
12600 81 77 90 
12600 82 90 112 
12600 83 90 112 
12600 84 90 112 
12600 85 90 112 
12600 86 118 124 
12600 87 74 112 
12600 88 68 70 
12600 89 77 90 
12600 90 2 7 62 63 64 65 67 68 69 70 71 73 74 75 76 78 79 80 81 82 83 84 85 89 
12600 91 126 127 
12600 92 126 127 
12600 93 126 127 
12600 94 127 132 
12600 95 127 132 
12600 96 126 127 
12600 97 126 127 
12600 98 126 127 
12600 99 126 127 
12600 100 108 123 
12600 101 126 127 
12600 102 126 127 
12600 103 126 127 
12600 104 126 127 
12600 105 126 127 
12600 106 126 127 
12600 107 126 127 
12600 108 100 110 119 
12600 109 126 127 
12600 110 108 119 
12600 111 126 127 
12600 112 2 7 62 63 64 65 66 67 69 71 73 75 76 78 79 80 82 83 84 85 87 
12600 113 66 127 
12600 114 126 127 
12600 115 126 127 
12600 116 126 127 
12600 117 126 127 
12600 118 72 86 131 
12600 119 108 110 
12600 120 126 127 
12600 121 126 127 
12600 122 126 127 
12600 123 100 128 
12600 124 86 134 135 
12600 125 61 134 
12600 126 3 8 91 92 93 96 97 98 99 101 102 103 104 105 106 107 109 111 114 115 116 117 120 121 122 128 129 130 133 
12600 127 3 8 61 91 92 93 94 95 96 97 98 99 101 102 103 104 105 106 107 109 111 113 114 115 116 117 120 121 122 129 130 133 135 
12600 128 123 126 
12600 129 126 127 
12600 130 126 127 
12600 131 72 118 
12600 132 94 95 
12600 133 126 127 
12600 134 124 125 
12600 135 124 127 
12600 136 158 211 
12600 137 4 138 139 140 141 142 143 144 145 147 148 149 151 152 153 154 155 156 157 159 160 161 162 163 164 165 167 169 170 171 172 173 175 176 177 
12600 138 137 180 
12600 139 137 180 
12600 140 137 180 
12600 141 137 180 
12600 142 137 180 
12600 143 137 180 
12600 144 137 211 
12600 145 137 180 
12600 146 179 180 
12600 147 137 180 
12600 148 137 180 
12600 149 137 180 
12600 150 179 180 
12600 151 137 180 
12600 152 137 180 
12600 153 137 180 
12600 154 137 180 
12600 155 137 180 
12600 156 137 180 
12600 157 137 180 
12600 158 136 180 
12600 159 137 180 
12600 160 137 180 
12600 161 137 180 
12600 162 137 180 
12600 163 137 180 
12600 164 137 180 
12600 165 137 180 
12600 166 173 179 
12600 167 137 180 
12600 168 178 180 
12600 169 137 180 
12600 170 137 180 
12600 171 137 180 
12600 172 137 180 
12600 173 137 166 
12600 174 178 180 
12600 175 137 180 
12600 176 137 180 
12600 177 137 180 
12600 178 168 174 
12600 179 9 146 150 166 
12600 180 9 138 139 140 141 142 143 145 146 147 148 149 150 151 152 153 154 155 156 157 158 159 160 161 162 163 164 165 167 168 169 170 171 172 174 175 176 177 
12600 181 200 213 
12600 182 189 191 
12600 183 211 212 
12600 184 189 191 
12600 185 190 202 
12600 186 188 192 196 208 
12600 187 212 213 
12600 188 186 202 
12600 189 182 184 
12600 190 185 202 
12600 191 182 184 
12600 192 186 202 
12600 193 211 212 
12600 194 197 209 
12600 195 211 212 
12600 196 186 202 
12600 197 194 209 
12600 198 202 203 
12600 199 211 212 
12600 200 181 210 
12600 201 211 212 
12600 202 185 188 190 192 196 198 
12600 203 198 212 
12600 204 211 212 
12600 205 211 212 
12600 206 211 212 
12600 207 211 212 
12600 208 186 212 
12600 209 194 197 
12600 210 200 213 
12600 211 10 11 136 144 183 193 195 199 201 204 205 206 207 
12600 212 5 10 11 183 187 193 195 199 201 203 204 205 206 207 208 
12600 213 181 187 210 
12600 214 0 
12600 215 0 5 
12600 216 0 4 
12600 217 0 5 
12600 218 0 4 
12600 219 0 4 5 
12600 220 0 
12600 221 0 
12600 222 0 4 
12600 223 0 4 5 
12600 224 0 
12600 225 0 5 
12600 226 0 
12600 227 0 4 5 
12600 228 0 
12600 229 0 4 
12600 230 0 
12600 231 0 5 
12600 232 0 5 
12600 233 0 4 
12600 234 0 
12600 235 0 5 
12600 236 0 
12600 237 0 4 
12600 238 0 4 
12600 239 0 4 5 
12600 240 0 5 
12600 241 0 5 
12600 242 0 4 
12600 243 0 5 
14400 0 4 5 214 215 216 217 218 219 220 221 222 223 224 225 226 227 228 229 230 231 232 233 234 235 236 237 238 239 240 241 242 243 
14400 1 59 60 
14400 2 104 112 
14400 3 126 127 
14400 4 0 137 216 218 219 222 223 227 229 233 237 238 239 242 
14400 5 0 212 215 217 219 223 225 227 231 232 235 239 240 241 243 
14400 6 59 60 
14400 7 104 112 
14400 8 126 127 
14400 9 179 180 
14400 10 211 212 
14400 11 211 212 
14400 12 59 60 
14400 13 59 60 
14400 14 48 57 
14400 15 59 60 
14400 16 59 60 
14400 17 57 60 
14400 18 59 60 
14400 19 30 53 
14400 20 59 60 
14400 21 59 60 
14400 22 59 60 
14400 23 59 60 
14400 24 59 60 
14400 25 51 60 
14400 26 59 60 
14400 27 59 60 
14400 28 59 60 
14400 29 59 60 
14400 30 19 60 
14400 31 51 60 
14400 32 59 60 
14400 33 48 49 
14400 34 53 60 
14400 35 59 60 
14400 36 57 60 
14400 37 59 60 
14400 38 59 60 
14400 39 59 60 
14400 40 59 60 
14400 41 59 60 
14400 42 59 60 
14400 43 54 58 
14400 44 59 60 
14400 45 57 60 
14400 46 57 60 
14400 47 59 60 
14400 48 14 33 
14400 49 33 60 
14400 50 
14400 51 25 31 
14400 52 59 60 
14400 53 19 34 
14400 54 43 60 
14400 55 59 60 
14400 56 59 60 
14400 57 14 17 36 45 46 
14400 58 43 59 
14400 59 1 6 12 13 15 16 18 20 21 22 23 24 26 27 28 29 32 35 37 38 39 40 41 42 44 47 52 55 56 58 
14400 60 1 6 12 13 15 16 17 18 20 21 22 23 24 25 26 27 28 29 30 31 32 34 35 36 37 38 39 40 41 42 44 45 46 47 49 52 54 55 56 
14400 61 104 112 
14400 62 90 112 
14400 63 90 112 
14400 64 104 112 
14400 65 104 112 
14400 66 104 112 
14400 67 104 112 
14400 68 90 104 
14400 69 104 112 
14400 70 104 112 
14400 71 104 112 
14400 72 131 134 135 
14400 73 104 112 
14400 74 88 90 
14400 75 104 112 
14400 76 104 112 
14400 77 83 89 
14400 78 104 112 
14400 79 104 112 
14400 80 104 112 
14400 81 89 90 
14400 82 104 112 
14400 83 77 112 
14400 84 104 112 
14400 85 90 112 
14400 86 126 127 
14400 87 104 112 
14400 88 74 112 
14400 89 77 81 
14400 90 62 63 68 74 81 85 
14400 91 126 127 
14400 92 126 127 
14400 93 126 127 
14400 94 100 108 132 
14400 95 126 127 
14400 96 126 127 
14400 97 126 127 
14400 98 126 127 
14400 99 126 127 
14400 100 94 123 
14400 101 126 127 
14400 102 126 127 
14400 103 125 134 
14400 104 2 7 61 64 65 66 67 68 69 70 71 73 75 76 78 79 80 82 84 87 
14400 105 126 127 
14400 106 126 127 
14400 107 126 127 
14400 108 94 123 
14400 109 126 127 
14400 110 119 123 
14400 111 126 127 
14400 112 2 7 61 62 63 64 65 66 67 69 70 71 73 75 76 78 79 80 82 83 84 85 87 88 
14400 113 126 127 
14400 114 126 127 
14400 115 126 127 
14400 116 126 127 
14400 117 126 127 
14400 118 126 127 
14400 119 110 123 
14400 120 126 127 
14400 121 126 127 
14400 122 126 127 
14400 123 100 108 110 119 132 
14400 124 126 127 
14400 125 103 127 
14400 126 3 8 86 91 92 93 95 96 97 98 99 101 102 105 106 107 109 111 113 114 115 116 117 118 120 121 122 124 128 129 130 133 
14400 127 3 8 86 91 92 93 95 96 97 98 99 101 102 105 106 107 109 111 113 114 115 116 117 118 120 121 122 124 125 128 129 130 133 
14400 128 126 127 
14400 129 126 127 
14400 130 126 127 
14400 131 72 135 
14400 132 94 123 
14400 133 126 127 
14400 134 72 103 
14400 135 72 131 
14400 136 137 179 
14400 137 4 136 138 139 140 141 142 143 144 146 147 148 149 151 152 153 154 156 157 158 159 160 161 162 163 164 165 167 168 169 170 171 172 173 175 176 177 178 
14400 138 137 180 
14400 139 137 180 
14400 140 137 180 
14400 141 137 180 
14400 142 137 180 
14400 143 137 180 
14400 144 137 180 
14400 145 179 180 
14400 146 137 180 
14400 147 137 180 
14400 148 137 180 
14400 149 137 180 
14400 150 179 180 
14400 151 137 180 
14400 152 137 180 
14400 153 137 180 
14400 154 137 180 
14400 155 156 159 
14400 156 137 155 
14400 157 137 180 
14400 158 137 180 
14400 159 137 155 
14400 160 137 180 
14400 161 137 180 
14400 162 137 180 
14400 163 137 180 
14400 164 137 180 
14400 165 137 180 
14400 166 168 179 
14400 167 137 180 
14400 168 137 166 
14400 169 137 180 
14400 170 137 180 
14400 171 137 180 
14400 172 137 180 
14400 173 137 180 
14400 174 178 180 
14400 175 137 180 
14400 176 137 180 
14400 177 137 180 
14400 178 137 174 
14400 179 9 136 145 150 166 
14400 180 9 138 139 140 141 142 143 144 145 146 147 148 149 150 151 152 153 154 157 158 160 161 162 163 164 165 167 169 170 171 172 173 174 175 176 177 
14400 181 198 200 
14400 182 189 191 
14400 183 190 202 
14400 184 189 191 
14400 185 190 191 
14400 186 188 192 208 
14400 187 212 213 
14400 188 186 202 
14400 189 182 184 
14400 190 183 185 
14400 191 182 184 185 
14400 192 186 195 
14400 193 209 211 
14400 194 197 209 
14400 195 192 202 
14400 196 211 212 
14400 197 194 209 
14400 198 181 202 
14400 199 211 212 
14400 200 181 213 
14400 201 211 212 
14400 202 183 188 195 198 
14400 203 211 212 
14400 204 211 212 
14400 205 211 212 
14400 206 211 212 
14400 207 211 212 
14400 208 186 211 
14400 209 193 194 197 
14400 210 212 213 
14400 211 10 11 193 196 199 201 203 204 205 206 207 208 
14400 212 5 10 11 187 196 199 201 203 204 205 206 207 210 
14400 213 187 200 210 
14400 214 0 
14400 215 0 5 
14400 216 0 4 
14400 217 0 5 
14400 218 0 4 
14400 219 0 4 5 
14400 220 0 
14400 221 0 
14400 222 0 4 
14400 223 0 4 5 
14400 224 0 
14400 225 0 5 
14400 226 0 
14400 227 0 4 5 
14400 228 0 
14400 229 0 4 
14400 230 0 
14400 231 0 5 
14400 232 0 5 
14400 233 0 4 
14400 234 0 
14400 235 0 5 
14400 236 0 
14400 237 0 4 
14400 238 0 4 
14400 239 0 4 5 
14400 240 0 5 
14400 241 0 5 
14400 242 0 4 
14400 243 0 5 
16200 0 4 5 214 215 216 217 218 219 220 221 222 223 224 225 226 227 228 229 230 231 232 233 234 235 236 237 238 239 240 241 242 243 
16200 1 59 60 
16200 2 90 112 
16200 3 126 127 
16200 4 0 137 216 218 219 222 223 227 229 233 237 238 239 242 
16200 5 0 212 215 217 219 223 225 227 231 232 235 239 240 241 243 
16200 6 59 60 
16200 7 90 112 
16200 8 126 127 
16200 9 179 180 
16200 10 211 212 
16200 11 211 212 
16200 12 59 60 
16200 13 59 60 
16200 14 57 60 
16200 15 57 60 
16200 16 33 43 50 
16200 17 57 60 
16200 18 59 60 
16200 19 59 60 
16200 20 59 60 
16200 21 59 60 
16200 22 59 60 
16200 23 59 60 
16200 24 57 60 
16200 25 57 60 
16200 26 59 60 
16200 27 59 60 
16200 28 59 60 
16200 29 59 60 
16200 30 59 60 
16200 31 33 50 
16200 32 57 60 
16200 33 16 31 
16200 34 57 60 
16200 35 59 60 
16200 36 57 60 
16200 37 59 60 
16200 38 59 60 
16200 39 59 60 
16200 40 59 60 
16200 41 57 60 
16200 42 59 60 
16200 43 16 58 
16200 44 59 60 
16200 45 57 60 
16200 46 57 60 
16200 47 58 60 
16200 48 59 60 
16200 49 59 60 
16200 50 16 31 
16200 51 59 60 
16200 52 59 60 
16200 53 59 60 
16200 54 59 60 
16200 55 59 60 
16200 56 59 60 
16200 57 14 15 17 24 25 32 34 36 41 45 46 
16200 58 43 47 
16200 59 1 6 12 13 18 19 20 21 22 23 26 27 28 29 30 35 37 38 39 40 42 44 48 49 51 52 53 54 55 56 
16200 60 1 6 12 13 14 15 17 18 19 20 21 22 23 24 25 26 27 28 29 30 32 34 35 36 37 38 39 40 41 42 44 45 46 47 48 49 51 52 53 54 55 56 
16200 61 90 112 
16200 62 96 112 
16200 63 90 112 
16200 64 125 127 
16200 65 90 112 
16200 66 90 112 
16200 67 109 112 
16200 68 88 90 
16200 69 96 112 
16200 70 88 90 
16200 71 90 112 
16200 72 131 135 
16200 73 90 112 
16200 74 87 90 
16200 75 90 112 
16200 76 90 112 
16200 77 85 89 
16200 78 113 125 
16200 79 96 112 
16200 80 90 112 
16200 81 89 90 
16200 82 126 127 
16200 83 88 90 
16200 84 90 112 
16200 85 77 112 
16200 86 112 115 
16200 87 74 112 
16200 88 68 70 83 
16200 89 77 81 
16200 90 2 7 61 63 65 66 68 70 71 73 74 75 76 80 81 83 84 
16200 91 126 127 
16200 92 126 127 
16200 93 126 127 
16200 94 100 132 
16200 95 126 127 
16200 96 62 69 79 
16200 97 126 127 
16200 98 126 127 
16200 99 126 127 
16200 100 94 108 
16200 101 126 127 
16200 102 126 127 
16200 103 125 134 
16200 104 126 127 
16200 105 126 127 
16200 106 126 127 
16200 107 126 127 
16200 108 100 132 
16200 109 67 127 
16200 110 119 123 
16200 111 126 127 
16200 112 2 7 61 62 63 65 66 67 69 71 73 75 76 79 80 84 85 86 87 
16200 113 78 127 
16200 114 126 127 
16200 115 86 127 
16200 116 126 127 
16200 117 126 127 
16200 118 126 127 
16200 119 110 123 
16200 120 126 127 
16200 121 126 127 
16200 122 126 127 
16200 123 110 119 128 
16200 124 126 127 
16200 125 64 78 103 134 
16200 126 3 8 82 91 92 93 95 97 98 99 101 102 104 105 106 107 111 114 116 117 118 120 121 122 124 128 129 130 133 
16200 127 3 8 64 82 91 92 93 95 97 98 99 101 102 104 105 106 107 109 111 113 114 115 116 117 118 120 121 122 124 129 130 133 
16200 128 123 126 
16200 129 126 127 
16200 130 126 127 
16200 131 72 135 
16200 132 94 108 
16200 133 126 127 
16200 134 103 125 
16200 135 72 131 
16200 136 137 179 
16200 137 4 136 138 139 140 141 142 143 144 145 146 147 148 149 151 152 153 154 156 157 159 160 161 162 163 164 165 167 168 169 170 171 172 173 175 176 177 178 
16200 138 137 180 
16200 139 137 180 
16200 140 137 180 
16200 141 137 180 
16200 142 137 180 
16200 143 137 180 
16200 144 137 180 
16200 145 137 180 
16200 146 137 195 
16200 147 137 180 
16200 148 137 180 
16200 149 137 180 
16200 150 179 180 
16200 151 137 180 
16200 152 137 180 
16200 153 137 180 
16200 154 137 180 
16200 155 156 159 
16200 156 137 155 
16200 157 137 180 
16200 158 175 180 
16200 159 137 155 
16200 160 137 180 
16200 161 137 180 
16200 162 137 180 
16200 163 137 180 
16200 164 137 180 
16200 165 137 180 
16200 166 168 179 
16200 167 137 180 
16200 168 137 166 
16200 169 137 180 
16200 170 137 180 
16200 171 137 180 
16200 172 137 180 
16200 173 137 180 
16200 174 178 180 
16200 175 137 158 
16200 176 137 180 
16200 177 137 180 
16200 178 137 174 
16200 179 9 136 150 166 
16200 180 9 138 139 140 141 142 143 144 145 147 148 149 150 151 152 153 154 157 158 160 161 162 163 164 165 167 169 170 171 172 173 174 176 177 
16200 181 198 200 
16200 182 189 191 
16200 183 211 212 
16200 184 189 191 
16200 185 190 202 
16200 186 188 192 196 208 
16200 187 212 213 
16200 188 186 202 
16200 189 182 184 
16200 190 185 202 
16200 191 182 184 
16200 192 186 202 
16200 193 211 212 
16200 194 197 209 
16200 195 146 212 
16200 196 186 202 
16200 197 194 208 209 
16200 198 181 202 
16200 199 211 212 
16200 200 181 210 
16200 201 211 212 
16200 202 185 188 190 192 196 198 
16200 203 211 212 
16200 204 211 212 
16200 205 211 212 
16200 206 211 212 
16200 207 211 212 
16200 208 186 197 
16200 209 194 197 
16200 210 200 213 
16200 211 10 11 183 193 199 201 203 204 205 206 207 
16200 212 5 10 11 183 187 193 195 199 201 203 204 205 206 207 
16200 213 187 210 
16200 214 0 
16200 215 0 5 
16200 216 0 4 
16200 217 0 5 
16200 218 0 4 
16200 219 0 4 5 
16200 220 0 
16200 221 0 
16200 222 0 4 
16200 223 0 4 5 
16200 224 0 
16200 225 0 5 
16200 226 0 
16200 227 0 4 5 
16200 228 0 
16200 229 0 4 
16200 230 0 
16200 231 0 5 
16200 232 0 5 
16200 233 0 4 
16200 234 0 
16200 235 0 5 
16200 236 0 
16200 237 0 4 
16200 238 0 4 
16200 239 0 4 5 
16200 240 0 5 
16200 241 0 5 
16200 242 0 4 
16200 243 0 5 
18000 0 4 5 214 215 216 217 218 219 220 221 222 223 224 225 226 227 228 229 230 231 232 233 234 235 236 237 238 239 240 241 242 243 
18000 1 59 60 
18000 2 90 112 
18000 3 126 127 
18000 4 0 137 216 218 219 222 223 227 229 233 237 238 239 242 
18000 5 0 212 215 217 219 223 225 227 231 232 235 239 240 241 243 
18000 6 59 60 
18000 7 90 112 
18000 8 126 127 
18000 9 179 180 
18000 10 211 212 
18000 11 211 212 
18000 12 59 60 
18000 13 59 60 
18000 14 57 60 
18000 15 57 60 
18000 16 59 60 
18000 17 57 60 
18000 18 59 60 
18000 19 59 60 
18000 20 57 60 
18000 21 59 60 
18000 22 59 60 
18000 23 59 60 
18000 24 59 60 
18000 25 57 60 
18000 26 57 60 
18000 27 59 60 
18000 28 59 60 
18000 29 59 60 
18000 30 59 60 
18000 31 59 60 
18000 32 59 60 
18000 33 49 57 
18000 34 57 60 
18000 35 59 60 
18000 36 57 60 
18000 37 59 60 
18000 38 59 60 
18000 39 59 60 
18000 40 59 60 
18000 41 59 60 
18000 42 59 60 
18000 43 54 58 
18000 44 59 60 
18000 45 57 60 
18000 46 59 60 
18000 47 59 60 
18000 48 59 60 
18000 49 33 60 
18000 50 
18000 51 59 60 
18000 52 59 60 
18000 53 59 60 
18000 54 43 60 
18000 55 59 60 
18000 56 59 60 
18000 57 14 15 17 20 25 26 33 34 36 45 
18000 58 43 59 
18000 59 1 6 12 13 16 18 19 21 22 23 24 27 28 29 30 31 32 35 37 38 39 40 41 42 44 46 47 48 51 52 53 55 56 58 
18000 60 1 6 12 13 14 15 16 17 18 19 20 21 22 23 24 25 26 27 28 29 30 31 32 34 35 36 37 38 39 40 41 42 44 45 46 47 48 49 51 52 53 54 55 56 
18000 61 90 112 
18000 62 90 112 
18000 63 90 112 
18000 64 112 118 
18000 65 90 112 
18000 66 90 112 
18000 67 90 112 
18000 68 89 90 
18000 69 90 112 
18000 70 88 90 
18000 71 90 112 
18000 72 131 135 
18000 73 90 112 
18000 74 87 90 
18000 75 90 112 
18000 76 90 112 
18000 77 81 89 
18000 78 90 112 
18000 79 90 112 
18000 80 90 112 
18000 81 77 90 
18000 82 90 112 
18000 83 88 90 
18000 84 89 90 
18000 85 90 112 
18000 86 112 117 
18000 87 74 112 
18000 88 70 83 
18000 89 68 77 84 
18000 90 2 7 61 62 63 65 66 67 68 69 70 71 73 74 75 76 78 79 80 81 82 83 84 85 
18000 91 126 127 
18000 92 126 127 
18000 93 126 127 
18000 94 126 127 
18000 95 126 127 
18000 96 126 127 
18000 97 126 127 
18000 98 126 127 
18000 99 126 127 
18000 100 108 132 
18000 101 126 127 
18000 102 126 127 
18000 103 125 134 
18000 104 126 127 
18000 105 126 127 
18000 106 126 127 
18000 107 126 127 
18000 108 100 132 
18000 109 126 127 
18000 110 119 123 
18000 111 126 127 
18000 112 2 7 61 62 63 64 65 66 67 69 71 73 75 76 78 79 80 82 85 86 87 
18000 113 126 127 
18000 114 126 127 
18000 115 126 127 
18000 116 126 127 
18000 117 86 127 
18000 118 64 127 
18000 119 110 123 
18000 120 126 127 
18000 121 126 127 
18000 122 126 127 
18000 123 110 119 
18000 124 126 127 
18000 125 103 128 134 
18000 126 3 8 91 92 93 94 95 96 97 98 99 101 102 104 105 106 107 109 111 113 114 115 116 120 121 122 124 128 129 130 133 
18000 127 3 8 91 92 93 94 95 96 97 98 99 101 102 104 105 106 107 109 111 113 114 115 116 117 118 120 121 122 124 129 130 133 
18000 128 125 126 
18000 129 126 127 
18000 130 126 127 
18000 131 72 135 
18000 132 100 108 
18000 133 126 127 
18000 134 103 125 
18000 135 72 131 
18000 136 137 179 
18000 137 4 136 138 139 140 141 142 143 144 145 146 147 148 149 151 152 153 154 156 157 159 160 161 162 163 164 165 167 168 169 170 171 172 173 175 176 177 
18000 138 137 180 
18000 139 137 180 
18000 140 137 180 
18000 141 137 180 
18000 142 137 180 
18000 143 137 180 
18000 144 137 180 
18000 145 137 180 
18000 146 137 180 
18000 147 137 180 
18000 148 137 180 
18000 149 137 180 
18000 150 179 180 
18000 151 137 180 
18000 152 137 180 
18000 153 137 180 
18000 154 137 180 
18000 155 156 159 
18000 156 137 155 
18000 157 137 180 
18000 158 178 180 
18000 159 137 155 
18000 160 137 180 
18000 161 137 180 
18000 162 137 180 
18000 163 137 180 
18000 164 137 180 
18000 165 137 180 
18000 166 168 179 
18000 167 137 180 
18000 168 137 166 
18000 169 137 180 
18000 170 137 180 
18000 171 137 180 
18000 172 137 180 
18000 173 137 180 
18000 174 178 180 
18000 175 137 180 
18000 176 137 180 
18000 177 137 180 
18000 178 158 174 
18000 179 9 136 150 166 
18000 180 9 138 139 140 141 142 143 144 145 146 147 148 149 150 151 152 153 154 157 158 160 161 162 163 164 165 167 169 170 171 172 173 174 175 176 177 
18000 181 198 200 
18000 182 189 191 
18000 183 190 197 
18000 184 191 202 
18000 185 190 191 
18000 186 188 194 195 196 208 209 
18000 187 212 213 
18000 188 186 202 
18000 189 182 213 
18000 190 183 185 
18000 191 182 184 185 
18000 192 212 213 
18000 193 211 212 
18000 194 186 197 
18000 195 186 202 
18000 196 186 202 
18000 197 183 194 209 
18000 198 181 202 
18000 199 211 212 
18000 200 181 210 
18000 201 211 212 
18000 202 184 188 195 196 198 
18000 203 211 212 
18000 204 211 212 
18000 205 211 212 
18000 206 212 213 
18000 207 211 212 
18000 208 186 212 
18000 209 186 197 
18000 210 200 213 
18000 211 10 11 193 199 201 203 204 205 207 
18000 212 5 10 11 187 192 193 199 201 203 204 205 206 207 208 
18000 213 187 189 192 206 210 
18000 214 0 
18000 215 0 5 
18000 216 0 4 
18000 217 0 5 
18000 218 0 4 
18000 219 0 4 5 
18000 220 0 
18000 221 0 
18000 222 0 4 
18000 223 0 4 5 
18000 224 0 
18000 225 0 5 
18000 226 0 
18000 227 0 4 5 
18000 228 0 
18000 229 0 4 
18000 230 0 
18000 231 0 5 
18000 232 0 5 
18000 233 0 4 
18000 234 0 
18000 235 0 5 
18000 236 0 
18000 237 0 4 
18000 238 0 4 
18000 239 0 4 5 
18000 240 0 5 
18000 241 0 5 
18000 242 0 4 
18000 243 0 5 
