0 21600
0 0 4 5 215 216 217 218 219 220 221 222 223 224 225 226 227 228 229 230 231 232 233 234 235 236 237 238 239 240 241 242 243 244 
0 1 44 45 
0 2 83 85 
0 3 122 123 
0 4 0 126 217 219 221 224 228 230 233 235 237 241 242 
0 5 0 214 216 220 221 225 226 231 234 236 241 243 244 
0 6 44 45 
0 7 44 45 
0 8 83 85 
0 9 122 123 
0 10 122 123 
0 11 125 126 
0 12 125 126 
0 13 125 126 
0 14 213 214 
0 15 44 45 
0 16 44 45 
0 17 44 45 
0 18 30 31 
0 19 44 45 
0 20 44 45 
0 21 44 45 
0 22 44 45 
0 23 44 45 
0 24 44 45 
0 25 44 45 
0 26 44 45 
0 27 44 45 
0 28 44 45 
0 29 44 45 
0 30 18 45 
0 31 18 45 
0 32 44 45 
0 33 44 45 
0 34 44 45 
0 35 44 45 
0 36 44 45 
0 37 44 45 
0 38 39 44 
0 39 38 45 
0 40 44 45 
0 41 44 45 
0 42 44 45 
0 43 44 45 
0 44 1 6 7 15 16 17 19 20 21 22 23 24 25 26 27 28 29 32 33 34 35 36 37 38 40 41 42 43 
0 45 1 6 7 15 16 17 19 20 21 22 23 24 25 26 27 28 29 30 31 32 33 34 35 36 37 39 40 41 42 43 
0 46 83 85 
0 47 80 85 
0 48 79 81 
0 49 63 84 
0 50 77 79 
0 51 83 84 
0 52 62 85 
0 53 83 84 
0 54 84 85 
0 55 83 85 
0 56 83 85 
0 57 83 84 
0 58 83 84 
0 59 84 85 
0 60 81 85 
0 61 62 85 
0 62 52 61 
0 63 49 80 
0 64 81 85 
0 65 83 85 
0 66 82 84 
0 67 84 85 
0 68 83 84 
0 69 82 84 
0 70 83 85 
0 71 80 85 
0 72 83 84 
0 73 81 85 
0 74 83 84 
0 75 83 85 
0 76 83 85 
0 77 50 85 
0 78 81 85 
0 79 48 50 
0 80 47 63 71 
0 81 48 60 64 73 78 
0 82 66 69 
0 83 2 8 46 51 53 55 56 57 58 65 68 70 72 74 75 76 
0 84 49 51 53 54 57 58 59 66 67 68 69 72 74 
0 85 2 8 46 47 52 54 55 56 59 60 61 64 65 67 70 71 73 75 76 77 78 
0 86 122 123 
0 87 122 123 
0 88 122 123 
0 89 122 123 
0 90 122 123 
0 91 120 123 
0 92 122 123 
0 93 120 123 
0 94 122 123 
0 95 122 123 
0 96 122 123 
0 97 122 123 
0 98 117 121 
0 99 122 123 
0 100 122 123 
0 101 122 123 
0 102 122 123 
0 103 120 123 
0 104 122 123 
0 105 120 123 
0 106 120 123 
0 107 115 121 
0 108 122 123 
0 109 122 123 
0 110 122 123 
0 111 122 123 
0 112 122 123 
0 113 119 122 
0 114 122 123 
0 115 107 123 
0 116 120 123 
0 117 98 123 
0 118 122 123 
0 119 113 122 
0 120 91 93 103 105 106 116 
0 121 98 107 
0 122 3 9 10 86 87 88 89 90 92 94 95 96 97 99 100 101 102 104 108 109 110 111 112 113 114 118 119 
0 123 3 9 10 86 87 88 89 90 91 92 93 94 95 96 97 99 100 101 102 103 104 105 106 108 109 110 111 112 114 115 116 117 118 
0 124 126 152 
0 125 11 12 13 128 129 130 132 135 137 138 139 140 142 143 144 145 146 147 148 149 150 153 154 156 157 158 161 162 164 166 168 169 
0 126 4 11 12 13 124 128 129 130 132 133 135 136 137 138 139 140 141 142 143 144 145 146 147 148 149 150 152 153 154 156 157 158 159 161 162 163 164 165 166 168 171 
0 127 133 136 141 167 169 171 
0 128 125 126 
0 129 125 126 
0 130 125 126 
0 131 134 155 
0 132 125 126 
0 133 126 127 
0 134 131 155 
0 135 125 126 
0 136 126 127 
0 137 125 126 
0 138 125 126 
0 139 125 126 
0 140 125 126 
0 141 126 127 
0 142 125 126 
0 143 125 126 
0 144 125 126 
0 145 125 126 
0 146 125 126 
0 147 125 126 
0 148 125 126 
0 149 125 126 
0 150 125 126 
0 151 160 172 
0 152 124 126 
0 153 125 126 
0 154 125 126 
0 155 131 134 
0 156 125 126 
0 157 125 126 
0 158 125 126 
0 159 126 172 
0 160 151 167 
0 161 125 126 
0 162 125 126 
0 163 126 170 
0 164 125 126 
0 165 126 170 
0 166 125 126 
0 167 127 160 
0 168 125 126 
0 169 125 127 
0 170 163 165 
0 171 126 127 
0 172 151 159 
0 173 213 214 
0 174 212 213 
0 175 213 214 
0 176 180 193 
0 177 211 214 
0 178 188 191 
0 179 213 214 
0 180 176 184 187 193 
0 181 213 214 
0 182 213 214 
0 183 213 214 
0 184 180 187 
0 185 213 214 
0 186 212 214 
0 187 180 184 
0 188 178 214 
0 189 199 214 
0 190 202 
0 191 178 214 
0 192 212 213 
0 193 176 180 
0 194 213 214 
0 195 213 214 
0 196 213 214 
0 197 211 214 
0 198 206 211 
0 199 189 214 
0 200 213 214 
0 201 213 214 
0 202 190 213 
0 203 213 214 
0 204 213 214 
0 205 213 214 
0 206 198 211 
0 207 211 212 
0 208 209 214 
0 209 208 212 
0 210 213 214 
0 211 177 197 198 206 207 
0 212 174 186 192 207 209 
0 213 14 173 174 175 179 181 182 183 185 192 194 195 196 200 201 202 203 204 205 210 
0 214 5 14 173 175 177 179 181 182 183 185 186 188 189 191 194 195 196 197 199 200 201 203 204 205 208 210 
0 215 0 
0 216 0 5 
0 217 0 4 
0 218 0 
0 219 0 4 
0 220 0 5 
0 221 0 4 5 
0 222 0 
0 223 0 
0 224 0 4 
0 225 0 5 
0 226 0 5 
0 227 0 
0 228 0 4 
0 229 0 
0 230 0 4 
0 231 0 5 
0 232 0 
0 233 0 4 
0 234 0 5 
0 235 0 4 
0 236 0 5 
0 237 0 4 
0 238 0 
0 239 0 
0 240 0 
0 241 0 4 5 
0 242 0 4 
0 243 0 5 
0 244 0 5 
1800 0 4 5 215 216 217 218 219 220 221 222 223 224 225 226 227 228 229 230 231 232 233 234 235 236 237 238 239 240 241 242 243 244 
1800 1 44 45 
1800 2 83 85 
1800 3 122 123 
1800 4 0 126 217 219 221 224 228 230 233 235 237 241 242 
1800 5 0 214 216 220 221 225 226 231 234 236 241 243 244 
1800 6 44 45 
1800 7 44 45 
1800 8 83 85 
1800 9 122 123 
1800 10 122 123 
1800 11 125 126 
1800 12 125 126 
1800 13 125 126 
1800 14 213 214 
1800 15 44 45 
1800 16 45 98 
1800 17 44 45 
1800 18 30 31 
1800 19 44 45 
1800 20 44 45 
1800 21 44 45 
1800 22 44 45 
1800 23 44 45 
1800 24 44 45 
1800 25 44 45 
1800 26 45 105 
1800 27 44 45 
1800 28 44 45 
1800 29 44 45 
1800 30 18 45 
1800 31 18 45 
1800 32 44 45 
1800 33 44 45 
1800 34 44 45 
1800 35 44 45 
1800 36 44 45 
1800 37 44 45 
1800 38 44 45 
1800 39 44 45 
1800 40 44 45 
1800 41 44 45 
1800 42 44 45 
1800 43 44 45 
1800 44 1 6 7 15 17 19 20 21 22 23 24 25 27 28 29 32 33 34 35 36 37 38 39 40 41 42 43 
1800 45 1 6 7 15 16 17 19 20 21 22 23 24 25 26 27 28 29 30 31 32 33 34 35 36 37 38 39 40 41 42 43 
1800 46 83 85 
1800 47 80 85 
1800 48 81 85 
1800 49 63 84 
1800 50 71 79 
1800 51 83 84 
1800 52 62 85 
1800 53 83 84 
1800 54 84 85 
1800 55 83 85 
1800 56 83 85 
1800 57 83 84 
1800 58 83 84 
1800 59 84 85 
1800 60 81 85 
1800 61 62 85 
1800 62 52 61 
1800 63 49 80 
1800 64 78 85 
1800 65 83 85 
1800 66 72 84 
1800 67 84 85 
1800 68 83 84 
1800 69 83 84 
1800 70 83 85 
1800 71 50 80 
1800 72 66 84 
1800 73 81 85 
1800 74 83 84 
1800 75 83 85 
1800 76 83 85 
1800 77 81 85 
1800 78 64 85 
1800 79 50 85 
1800 80 47 63 71 
1800 81 48 60 73 77 
1800 82 83 84 
1800 83 2 8 46 51 53 55 56 57 58 65 68 69 70 74 75 76 82 
1800 84 49 51 53 54 57 58 59 66 67 68 69 72 74 82 
1800 85 2 8 46 47 48 52 54 55 56 59 60 61 64 65 67 70 73 75 76 77 78 79 
1800 86 122 123 
1800 87 122 123 
1800 88 122 123 
1800 89 122 123 
1800 90 122 123 
1800 91 122 123 
1800 92 122 123 
1800 93 122 123 
1800 94 122 123 
1800 95 122 123 
1800 96 122 123 
1800 97 122 123 
1800 98 16 122 
1800 99 122 123 
1800 100 122 123 
1800 101 122 123 
1800 102 122 123 
1800 103 122 123 
1800 104 122 123 
1800 105 26 123 
1800 106 120 123 
1800 107 121 122 
1800 108 122 123 
1800 109 122 123 
1800 110 122 123 
1800 111 122 123 
1800 112 122 123 
1800 113 119 122 
1800 114 122 123 
1800 115 122 123 
1800 116 120 123 
1800 117 120 121 
1800 118 120 123 
1800 119 113 122 
1800 120 106 116 117 118 
1800 121 107 117 
1800 122 3 9 10 86 87 88 89 90 91 92 93 94 95 96 97 98 99 100 101 102 103 104 107 108 109 110 111 112 113 114 115 119 
1800 123 3 9 10 86 87 88 89 90 91 92 93 94 95 96 97 99 100 101 102 103 104 105 106 108 109 110 111 112 114 115 116 118 
1800 124 152 157 
1800 125 11 12 13 128 129 130 132 135 137 138 139 140 141 142 143 145 146 147 148 149 150 153 154 156 158 159 161 162 164 168 
1800 126 4 11 12 13 128 129 130 132 133 135 136 137 138 139 140 141 142 143 144 145 146 147 148 149 150 152 153 154 156 157 158 159 161 162 163 164 165 168 169 172 
1800 127 133 136 166 167 169 171 
1800 128 125 126 
1800 129 125 126 
1800 130 125 126 
1800 131 134 155 
1800 132 125 126 
1800 133 126 127 
1800 134 131 155 166 
1800 135 125 126 
1800 136 126 127 
1800 137 125 126 
1800 138 125 126 
1800 139 125 126 
1800 140 125 126 
1800 141 125 126 
1800 142 125 126 
1800 143 125 126 
1800 144 126 151 
1800 145 125 126 
1800 146 125 126 
1800 147 125 126 
1800 148 125 126 
1800 149 125 126 
1800 150 125 126 
1800 151 144 172 
1800 152 124 126 
1800 153 125 126 
1800 154 125 126 
1800 155 131 134 
1800 156 125 126 
1800 157 124 126 
1800 158 125 126 
1800 159 125 126 
1800 160 167 171 
1800 161 125 126 
1800 162 125 126 
1800 163 126 170 
1800 164 125 126 
1800 165 126 170 
1800 166 127 134 
1800 167 127 160 
1800 168 125 126 
1800 169 126 127 
1800 170 163 165 
1800 171 127 160 
1800 172 126 151 
1800 173 213 214 
1800 174 212 213 
1800 175 212 214 
1800 176 180 193 
1800 177 211 214 
1800 178 188 191 
1800 179 213 214 
1800 180 176 184 187 193 
1800 181 213 214 
1800 182 213 214 
1800 183 213 214 
1800 184 180 187 
1800 185 212 214 
1800 186 212 214 
1800 187 180 184 
1800 188 178 214 
1800 189 199 214 
1800 190 191 202 
1800 191 178 190 
1800 192 211 212 
1800 193 176 180 
1800 194 213 214 
1800 195 210 214 
1800 196 213 214 
1800 197 211 214 
1800 198 206 211 
1800 199 189 214 
1800 200 212 214 
1800 201 212 214 
1800 202 190 213 
1800 203 212 214 
1800 204 213 214 
1800 205 212 214 
1800 206 198 211 
1800 207 211 212 
1800 208 212 214 
1800 209 212 213 
1800 210 195 214 
1800 211 177 192 197 198 206 207 
1800 212 174 175 185 186 192 200 201 203 205 207 208 209 
1800 213 14 173 174 179 181 182 183 194 196 202 204 209 
1800 214 5 14 173 175 177 179 181 182 183 185 186 188 189 194 195 196 197 199 200 201 203 204 205 208 210 
1800 215 0 
1800 216 0 5 
1800 217 0 4 
1800 218 0 
1800 219 0 4 
1800 220 0 5 
1800 221 0 4 5 
1800 222 0 
1800 223 0 
1800 224 0 4 
1800 225 0 5 
1800 226 0 5 
1800 227 0 
1800 228 0 4 
1800 229 0 
1800 230 0 4 
1800 231 0 5 
1800 232 0 
1800 233 0 4 
1800 234 0 5 
1800 235 0 4 
1800 236 0 5 
1800 237 0 4 
1800 238 0 
1800 239 0 
1800 240 0 
1800 241 0 4 5 
1800 242 0 4 
1800 243 0 5 
1800 244 0 5 
3600 0 4 5 215 216 217 218 219 220 221 222 223 224 225 226 227 228 229 230 231 232 233 234 235 236 237 238 239 240 241 242 243 244 
3600 1 44 45 
3600 2 83 85 
3600 3 122 123 
3600 4 0 126 217 219 221 224 228 230 233 235 237 241 242 
3600 5 0 214 216 220 221 225 226 231 234 236 241 243 244 
3600 6 44 45 
3600 7 44 45 
3600 8 83 85 
3600 9 122 123 
3600 10 122 123 
3600 11 125 126 
3600 12 125 126 
3600 13 126 160 
3600 14 213 214 
3600 15 44 45 
3600 16 44 45 
3600 17 44 45 
3600 18 30 31 
3600 19 44 45 
3600 20 44 45 
3600 21 44 45 
3600 22 44 45 
3600 23 44 45 
3600 24 44 45 
3600 25 44 45 
3600 26 44 45 
3600 27 45 118 
3600 28 44 45 
3600 29 44 45 
3600 30 18 45 
3600 31 18 45 
3600 32 44 45 
3600 33 44 45 
3600 34 44 45 
3600 35 44 45 
3600 36 44 45 
3600 37 44 45 
3600 38 39 44 
3600 39 38 45 
3600 40 44 45 
3600 41 44 45 
3600 42 44 45 
3600 43 44 45 
3600 44 1 6 7 15 16 17 19 20 21 22 23 24 25 26 28 29 32 33 34 35 36 37 38 40 41 42 43 
3600 45 1 6 7 15 16 17 19 20 21 22 23 24 25 26 27 28 29 30 31 32 33 34 35 36 37 39 40 41 42 43 
3600 46 83 85 
3600 47 83 85 
3600 48 81 82 
3600 49 63 84 
3600 50 77 79 
3600 51 83 84 
3600 52 62 85 
3600 53 83 84 
3600 54 84 85 
3600 55 83 85 
3600 56 84 85 
3600 57 83 84 
3600 58 83 84 
3600 59 84 85 
3600 60 83 85 
3600 61 62 85 
3600 62 52 61 
3600 63 49 80 
3600 64 81 85 
3600 65 84 85 
3600 66 84 85 
3600 67 84 85 
3600 68 83 84 
3600 69 82 84 
3600 70 83 85 
3600 71 80 85 
3600 72 83 84 
3600 73 83 85 
3600 74 83 84 
3600 75 83 85 
3600 76 83 85 
3600 77 50 85 
3600 78 83 85 
3600 79 50 85 
3600 80 63 71 
3600 81 48 64 
3600 82 48 69 
3600 83 2 8 46 47 51 53 55 57 58 60 68 70 72 73 74 75 76 78 
3600 84 49 51 53 54 56 57 58 59 65 66 67 68 69 72 74 
3600 85 2 8 46 47 52 54 55 56 59 60 61 64 65 66 67 70 71 73 75 76 77 78 79 
3600 86 122 123 
3600 87 122 123 
3600 88 122 123 
3600 89 122 123 
3600 90 122 123 
3600 91 120 123 
3600 92 122 123 
3600 93 120 123 
3600 94 122 123 
3600 95 122 123 
3600 96 122 123 
3600 97 122 123 
3600 98 118 121 
3600 99 122 123 
3600 100 122 123 
3600 101 122 123 
3600 102 122 123 
3600 103 120 123 
3600 104 122 123 
3600 105 120 123 
3600 106 120 123 
3600 107 115 121 
3600 108 122 123 
3600 109 122 123 
3600 110 122 123 
3600 111 122 123 
3600 112 122 123 
3600 113 119 122 
3600 114 122 123 
3600 115 107 123 
3600 116 120 123 
3600 117 122 123 
3600 118 27 98 
3600 119 113 122 
3600 120 91 93 103 105 106 116 
3600 121 98 107 
3600 122 3 9 10 86 87 88 89 90 92 94 95 96 97 99 100 101 102 104 108 109 110 111 112 113 114 117 119 
3600 123 3 9 10 86 87 88 89 90 91 92 93 94 95 96 97 99 100 101 102 103 104 105 106 108 109 110 111 112 114 115 116 117 
3600 124 152 157 167 
3600 125 11 12 128 129 130 132 135 137 138 141 142 143 144 145 146 147 148 149 153 154 158 159 161 162 164 166 169 
3600 126 4 11 12 13 128 129 130 132 133 135 136 137 138 140 141 142 143 144 145 146 147 148 149 150 152 153 154 156 157 158 159 160 161 162 163 164 165 166 168 171 
3600 127 133 136 150 167 168 169 171 
3600 128 125 126 
3600 129 125 126 
3600 130 125 126 
3600 131 134 155 
3600 132 125 126 
3600 133 126 127 
3600 134 131 155 
3600 135 125 126 
3600 136 126 127 
3600 137 125 126 
3600 138 125 126 
3600 139 151 172 
3600 140 126 156 
3600 141 125 126 
3600 142 125 126 
3600 143 125 126 
3600 144 125 126 
3600 145 125 126 
3600 146 125 126 
3600 147 125 126 
3600 148 125 126 
3600 149 125 126 
3600 150 126 127 
3600 151 139 172 
3600 152 124 126 
3600 153 125 126 
3600 154 125 126 
3600 155 131 134 
3600 156 126 140 
3600 157 124 126 
3600 158 125 126 
3600 159 125 126 
3600 160 13 126 
3600 161 125 126 
3600 162 125 126 
3600 163 126 170 
3600 164 125 126 
3600 165 126 170 
3600 166 125 126 
3600 167 124 127 
3600 168 126 127 
3600 169 125 127 
3600 170 163 165 
3600 171 126 127 
3600 172 139 151 
3600 173 213 214 
3600 174 212 213 
3600 175 212 214 
3600 176 180 193 
3600 177 189 191 
3600 178 190 191 
3600 179 213 214 
3600 180 176 184 187 193 
3600 181 213 214 
3600 182 213 214 
3600 183 213 214 
3600 184 180 187 
3600 185 212 214 
3600 186 212 214 
3600 187 180 184 
3600 188 213 214 
3600 189 177 191 
3600 190 178 191 
3600 191 177 178 189 190 
3600 192 212 213 
3600 193 176 180 
3600 194 213 214 
3600 195 210 214 
3600 196 213 214 
3600 197 199 206 209 
3600 198 206 211 
3600 199 197 214 
3600 200 212 214 
3600 201 213 214 
3600 202 210 213 
3600 203 212 214 
3600 204 213 214 
3600 205 213 214 
3600 206 197 198 
3600 207 211 212 
3600 208 212 214 
3600 209 197 212 
3600 210 195 202 
3600 211 198 207 
3600 212 174 175 185 186 192 200 203 207 208 209 
3600 213 14 173 174 179 181 182 183 188 192 194 196 201 202 204 205 
3600 214 5 14 173 175 179 181 182 183 185 186 188 194 195 196 199 200 201 203 204 205 208 
3600 215 0 
3600 216 0 5 
3600 217 0 4 
3600 218 0 
3600 219 0 4 
3600 220 0 5 
3600 221 0 4 5 
3600 222 0 
3600 223 0 
3600 224 0 4 
3600 225 0 5 
3600 226 0 5 
3600 227 0 
3600 228 0 4 
3600 229 0 
3600 230 0 4 
3600 231 0 5 
3600 232 0 
3600 233 0 4 
3600 234 0 5 
3600 235 0 4 
3600 236 0 5 
3600 237 0 4 
3600 238 0 
3600 239 0 
3600 240 0 
3600 241 0 4 5 
3600 242 0 4 
3600 243 0 5 
3600 244 0 5 
5400 0 4 5 215 216 217 218 219 220 221 222 223 224 225 226 227 228 229 230 231 232 233 234 235 236 237 238 239 240 241 242 243 244 
5400 1 44 45 
5400 2 83 85 
5400 3 122 123 
5400 4 0 149 217 219 221 224 228 230 233 235 237 241 242 
5400 5 0 214 216 220 221 225 226 231 234 236 241 243 244 
5400 6 44 45 
5400 7 44 45 
5400 8 83 85 
5400 9 122 123 
5400 10 122 123 
5400 11 125 126 
5400 12 125 126 
5400 13 125 126 
5400 14 213 214 
5400 15 44 45 
5400 16 44 45 
5400 17 44 45 
5400 18 30 31 
5400 19 44 45 
5400 20 44 45 
5400 21 44 45 
5400 22 44 45 
5400 23 44 45 
5400 24 44 45 
5400 25 44 45 
5400 26 44 45 
5400 27 44 45 
5400 28 44 45 
5400 29 44 45 
5400 30 18 45 
5400 31 18 45 
5400 32 44 45 
5400 33 44 45 
5400 34 44 45 
5400 35 44 45 
5400 36 44 45 
5400 37 44 45 
5400 38 39 44 
5400 39 38 45 
5400 40 44 45 
5400 41 44 45 
5400 42 44 45 
5400 43 44 45 
5400 44 1 6 7 15 16 17 19 20 21 22 23 24 25 26 27 28 29 32 33 34 35 36 37 38 40 41 42 43 
5400 45 1 6 7 15 16 17 19 20 21 22 23 24 25 26 27 28 29 30 31 32 33 34 35 36 37 39 40 41 42 43 
5400 46 83 85 
5400 47 80 85 
5400 48 80 81 
5400 49 63 84 
5400 50 77 79 
5400 51 83 84 
5400 52 62 85 
5400 53 83 84 
5400 54 84 85 
5400 55 83 85 
5400 56 83 85 
5400 57 83 84 
5400 58 83 84 
5400 59 84 85 
5400 60 80 85 
5400 61 62 85 
5400 62 52 61 
5400 63 49 83 
5400 64 78 85 
5400 65 83 85 
5400 66 82 84 
5400 67 84 85 
5400 68 83 84 
5400 69 83 84 
5400 70 83 85 
5400 71 80 85 
5400 72 83 84 
5400 73 81 85 
5400 74 83 84 
5400 75 83 85 
5400 76 83 85 
5400 77 50 85 
5400 78 64 85 
5400 79 50 85 
5400 80 47 48 60 71 
5400 81 48 73 
5400 82 66 84 
5400 83 2 8 46 51 53 55 56 57 58 63 65 68 69 70 72 74 75 76 
5400 84 49 51 53 54 57 58 59 66 67 68 69 72 74 82 
5400 85 2 8 46 47 52 54 55 56 59 60 61 64 65 67 70 71 73 75 76 77 78 79 
5400 86 122 123 
5400 87 122 123 
5400 88 122 123 
5400 89 122 123 
5400 90 122 123 
5400 91 122 123 
5400 92 122 123 
5400 93 120 123 
5400 94 122 123 
5400 95 122 123 
5400 96 122 123 
5400 97 122 123 
5400 98 117 121 
5400 99 122 123 
5400 100 122 123 
5400 101 122 123 
5400 102 122 123 
5400 103 120 123 
5400 104 122 123 
5400 105 120 123 
5400 106 120 123 
5400 107 115 121 
5400 108 122 123 
5400 109 122 123 
5400 110 122 123 
5400 111 122 123 
5400 112 122 123 
5400 113 119 123 
5400 114 122 123 
5400 115 107 123 
5400 116 120 123 
5400 117 98 123 
5400 118 120 122 
5400 119 113 123 
5400 120 93 103 105 106 116 118 
5400 121 98 107 
5400 122 3 9 10 86 87 88 89 90 91 92 94 95 96 97 99 100 101 102 104 108 109 110 111 112 114 118 
5400 123 3 9 10 86 87 88 89 90 91 92 93 94 95 96 97 99 100 101 102 103 104 105 106 108 109 110 111 112 113 114 115 116 117 119 
5400 124 126 157 
5400 125 11 12 13 128 129 130 132 135 137 138 139 140 141 143 144 145 146 147 148 150 153 154 156 158 159 161 162 164 166 168 
5400 126 11 12 13 124 128 129 130 132 133 135 136 137 138 139 140 141 143 144 145 146 147 148 150 152 153 154 156 157 158 159 161 162 163 164 165 166 168 169 171 172 
5400 127 133 136 167 169 171 
5400 128 125 126 
5400 129 125 126 
5400 130 125 126 
5400 131 142 155 
5400 132 125 126 
5400 133 126 127 
5400 134 142 155 
5400 135 125 126 
5400 136 126 127 
5400 137 125 126 
5400 138 125 126 
5400 139 125 126 
5400 140 125 126 
5400 141 125 126 
5400 142 131 134 
5400 143 125 126 
5400 144 125 126 
5400 145 125 126 
5400 146 125 126 
5400 147 125 126 
5400 148 125 126 
5400 149 4 160 
5400 150 125 126 
5400 151 152 172 
5400 152 126 151 
5400 153 125 126 
5400 154 125 126 
5400 155 131 134 
5400 156 125 126 
5400 157 124 126 
5400 158 125 126 
5400 159 125 126 
5400 160 149 167 
5400 161 125 126 
5400 162 125 126 
5400 163 126 170 
5400 164 125 126 
5400 165 126 170 
5400 166 125 126 
5400 167 127 160 
5400 168 125 126 
5400 169 126 127 
5400 170 163 165 
5400 171 126 127 
5400 172 126 151 
5400 173 213 214 
5400 174 212 213 
5400 175 212 214 
5400 176 180 193 
5400 177 211 214 
5400 178 189 191 
5400 179 213 214 
5400 180 176 184 187 193 
5400 181 213 214 
5400 182 213 214 
5400 183 213 214 
5400 184 180 187 
5400 185 212 214 
5400 186 212 214 
5400 187 180 184 
5400 188 213 214 
5400 189 178 199 
5400 190 202 213 
5400 191 178 214 
5400 192 211 212 
5400 193 176 180 
5400 194 213 214 
5400 195 213 214 
5400 196 213 214 
5400 197 211 214 
5400 198 206 211 
5400 199 189 214 
5400 200 212 214 
5400 201 212 214 
5400 202 190 213 
5400 203 212 214 
5400 204 213 214 
5400 205 212 214 
5400 206 198 211 
5400 207 211 212 
5400 208 212 214 
5400 209 211 212 
5400 210 213 214 
5400 211 177 192 197 198 206 207 209 
5400 212 174 175 185 186 192 200 201 203 205 207 208 209 
5400 213 14 173 174 179 181 182 183 188 190 194 195 196 202 204 210 
5400 214 5 14 173 175 177 179 181 182 183 185 186 188 191 194 195 196 197 199 200 201 203 204 205 208 210 
5400 215 0 
5400 216 0 5 
5400 217 0 4 
5400 218 0 
5400 219 0 4 
5400 220 0 5 
5400 221 0 4 5 
5400 222 0 
5400 223 0 
5400 224 0 4 
5400 225 0 5 
5400 226 0 5 
5400 227 0 
5400 228 0 4 
5400 229 0 
5400 230 0 4 
5400 231 0 5 
5400 232 0 
5400 233 0 4 
5400 234 0 5 
5400 235 0 4 
5400 236 0 5 
5400 237 0 4 
5400 238 0 
5400 239 0 
5400 240 0 
5400 241 0 4 5 
5400 242 0 4 
5400 243 0 5 
5400 244 0 5 
7200 0 4 5 215 216 217 218 219 220 221 222 223 224 225 226 227 228 229 230 231 232 233 234 235 236 237 238 239 240 241 242 243 244 
7200 1 44 45 
7200 2 82 83 
7200 3 122 123 
7200 4 0 126 217 219 221 224 228 230 233 235 237 241 242 
7200 5 0 214 216 220 221 225 226 231 234 236 241 243 244 
7200 6 44 45 
7200 7 44 45 
7200 8 82 83 
7200 9 122 123 
7200 10 122 123 
7200 11 125 126 
7200 12 125 126 
7200 13 125 126 
7200 14 213 214 
7200 15 44 45 
7200 16 45 98 
7200 17 44 45 
7200 18 30 31 
7200 19 44 45 
7200 20 44 45 
7200 21 44 45 
7200 22 44 45 
7200 23 44 45 
7200 24 44 45 
7200 25 44 45 
7200 26 45 98 
7200 27 44 45 
7200 28 45 98 
7200 29 44 45 
7200 30 18 45 
7200 31 18 45 
7200 32 45 98 
7200 33 44 45 
7200 34 44 45 
7200 35 44 45 
7200 36 44 45 
7200 37 44 45 
7200 38 39 44 
7200 39 38 45 
7200 40 45 98 
7200 41 44 45 
7200 42 44 45 
7200 43 44 45 
7200 44 1 6 7 15 17 19 20 21 22 23 24 25 27 29 33 34 35 36 37 38 41 42 43 
7200 45 1 6 7 15 16 17 19 20 21 22 23 24 25 26 27 28 29 30 31 32 33 34 35 36 37 39 40 41 42 43 
7200 46 82 83 
7200 47 79 80 
7200 48 81 82 
7200 49 83 84 
7200 50 79 85 
7200 51 83 84 
7200 52 62 85 
7200 53 83 84 
7200 54 83 84 
7200 55 82 83 
7200 56 80 83 
7200 57 83 84 
7200 58 83 84 
7200 59 83 84 
7200 60 81 82 
7200 61 62 78 
7200 62 52 61 
7200 63 80 83 
7200 64 78 85 
7200 65 80 83 
7200 66 72 84 
7200 67 83 84 
7200 68 83 84 
7200 69 83 84 
7200 70 82 83 
7200 71 75 80 
7200 72 66 84 
7200 73 81 82 
7200 74 83 84 
7200 75 71 83 
7200 76 82 83 
7200 77 81 82 
7200 78 61 64 
7200 79 47 50 
7200 80 47 56 63 65 71 
7200 81 48 60 73 77 
7200 82 2 8 46 48 55 60 70 73 76 77 
7200 83 2 8 46 49 51 53 54 55 56 57 58 59 63 65 67 68 69 70 74 75 76 
7200 84 49 51 53 54 57 58 59 66 67 68 69 72 74 
7200 85 50 52 64 
7200 86 122 123 
7200 87 122 123 
7200 88 122 123 
7200 89 122 123 
7200 90 122 123 
7200 91 120 123 
7200 92 122 123 
7200 93 122 123 
7200 94 122 123 
7200 95 122 123 
7200 96 122 123 
7200 97 122 123 
7200 98 16 26 28 32 40 
7200 99 122 123 
7200 100 122 123 
7200 101 122 123 
7200 102 122 123 
7200 103 120 123 
7200 104 122 123 
7200 105 120 123 
7200 106 122 123 
7200 107 121 123 
7200 108 122 123 
7200 109 122 123 
7200 110 122 123 
7200 111 122 123 
7200 112 122 123 
7200 113 119 122 
7200 114 122 123 
7200 115 121 123 
7200 116 122 123 
7200 117 122 123 
7200 118 122 123 
7200 119 113 122 
7200 120 91 103 105 
7200 121 107 115 
7200 122 3 9 10 86 87 88 89 90 92 93 94 95 96 97 99 100 101 102 104 106 108 109 110 111 112 113 114 116 117 118 119 
7200 123 3 9 10 86 87 88 89 90 91 92 93 94 95 96 97 99 100 101 102 103 104 105 106 107 108 109 110 111 112 114 115 116 117 118 
7200 124 131 157 
7200 125 11 12 13 128 129 132 134 135 137 138 139 140 141 142 143 144 145 146 147 148 149 150 153 154 156 158 161 162 163 165 166 168 169 170 
7200 126 4 11 12 13 128 129 130 132 133 134 135 136 137 138 139 140 141 142 143 144 145 146 147 148 149 150 152 153 154 156 157 158 159 161 162 163 164 165 166 168 
7200 127 133 136 167 169 171 
7200 128 125 126 
7200 129 125 126 
7200 130 126 170 
7200 131 124 155 
7200 132 125 126 
7200 133 126 127 
7200 134 125 126 
7200 135 125 126 
7200 136 126 127 
7200 137 125 126 
7200 138 125 126 
7200 139 125 126 
7200 140 125 126 
7200 141 125 126 
7200 142 125 126 
7200 143 125 126 
7200 144 125 126 
7200 145 125 126 
7200 146 125 126 
7200 147 125 126 
7200 148 125 126 
7200 149 125 126 
7200 150 125 126 
7200 151 152 172 
7200 152 126 151 
7200 153 125 126 
7200 154 125 126 
7200 155 131 164 
7200 156 125 126 
7200 157 124 126 
7200 158 125 126 
7200 159 126 172 
7200 160 167 171 
7200 161 125 126 
7200 162 125 126 
7200 163 125 126 
7200 164 126 155 
7200 165 125 126 
7200 166 125 126 
7200 167 127 160 
7200 168 125 126 
7200 169 125 127 
7200 170 125 130 
7200 171 127 160 
7200 172 151 159 
7200 173 213 214 
7200 174 212 213 
7200 175 212 214 
7200 176 210 213 
7200 177 211 214 
7200 178 181 190 
7200 179 213 214 
7200 180 184 187 
7200 181 178 214 
7200 182 213 214 
7200 183 210 213 
7200 184 180 187 
7200 185 212 214 
7200 186 212 214 
7200 187 180 184 193 
7200 188 213 214 
7200 189 199 214 
7200 190 178 202 
7200 191 213 214 
7200 192 209 214 
7200 193 187 202 
7200 194 213 214 
7200 195 213 214 
7200 196 213 214 
7200 197 211 214 
7200 198 206 214 
7200 199 189 214 
7200 200 212 214 
7200 201 212 214 
7200 202 190 193 
7200 203 212 214 
7200 204 213 214 
7200 205 213 214 
7200 206 198 211 
7200 207 212 214 
7200 208 212 214 
7200 209 192 212 
7200 210 176 183 
7200 211 177 197 206 
7200 212 174 175 185 186 200 201 203 207 208 209 
7200 213 14 173 174 176 179 182 183 188 191 194 195 196 204 205 
7200 214 5 14 173 175 177 179 181 182 185 186 188 189 191 192 194 195 196 197 198 199 200 201 203 204 205 207 208 
7200 215 0 
7200 216 0 5 
7200 217 0 4 
7200 218 0 
7200 219 0 4 
7200 220 0 5 
7200 221 0 4 5 
7200 222 0 
7200 223 0 
7200 224 0 4 
7200 225 0 5 
7200 226 0 5 
7200 227 0 
7200 228 0 4 
7200 229 0 
7200 230 0 4 
7200 231 0 5 
7200 232 0 
7200 233 0 4 
7200 234 0 5 
7200 235 0 4 
7200 236 0 5 
7200 237 0 4 
7200 238 0 
7200 239 0 
7200 240 0 
7200 241 0 4 5 
7200 242 0 4 
7200 243 0 5 
7200 244 0 5 
9000 0 4 5 215 216 217 218 219 220 221 222 223 224 225 226 227 228 229 230 231 232 233 234 235 236 237 238 239 240 241 242 243 244 
9000 1 44 45 
9000 2 83 85 
9000 3 122 123 
9000 4 0 126 217 219 221 224 228 230 233 235 237 241 242 
9000 5 0 214 216 220 221 225 226 231 234 236 241 243 244 
9000 6 44 45 
9000 7 44 45 
9000 8 83 85 
9000 9 122 123 
9000 10 122 123 
9000 11 125 126 
9000 12 125 126 
9000 13 125 126 
9000 14 213 214 
9000 15 44 45 
9000 16 45 115 
9000 17 44 45 
9000 18 30 31 
9000 19 44 45 
9000 20 44 45 
9000 21 44 45 
9000 22 44 45 
9000 23 44 45 
9000 24 44 45 
9000 25 44 45 
9000 26 45 115 
9000 27 44 45 
9000 28 44 45 
9000 29 44 45 
9000 30 18 45 
9000 31 18 45 
9000 32 45 115 
9000 33 44 45 
9000 34 44 45 
9000 35 44 45 
9000 36 44 45 
9000 37 44 45 
9000 38 39 44 
9000 39 38 45 
9000 40 44 45 
9000 41 44 45 
9000 42 44 45 
9000 43 44 45 
9000 44 1 6 7 15 17 19 20 21 22 23 24 25 27 28 29 33 34 35 36 37 38 40 41 42 43 
9000 45 1 6 7 15 16 17 19 20 21 22 23 24 25 26 27 28 29 30 31 32 33 34 35 36 37 39 40 41 42 43 
9000 46 83 85 
9000 47 83 85 
9000 48 80 81 
9000 49 63 84 
9000 50 79 81 
9000 51 83 84 
9000 52 62 85 
9000 53 83 84 
9000 54 84 85 
9000 55 84 85 
9000 56 84 85 
9000 57 83 84 
9000 58 83 84 
9000 59 84 85 
9000 60 81 85 
9000 61 62 85 
9000 62 52 61 
9000 63 49 83 
9000 64 78 85 
9000 65 84 85 
9000 66 83 84 
9000 67 84 85 
9000 68 83 84 
9000 69 83 84 
9000 70 83 85 
9000 71 80 85 
9000 72 83 84 
9000 73 81 85 
9000 74 83 84 
9000 75 83 85 
9000 76 83 85 
9000 77 81 85 
9000 78 64 85 
9000 79 50 85 
9000 80 48 71 
9000 81 48 50 60 73 77 
9000 82 83 84 
9000 83 2 8 46 47 51 53 57 58 63 66 68 69 70 72 74 75 76 82 
9000 84 49 51 53 54 55 56 57 58 59 65 66 67 68 69 72 74 82 
9000 85 2 8 46 47 52 54 55 56 59 60 61 64 65 67 70 71 73 75 76 77 78 79 
9000 86 122 123 
9000 87 122 123 
9000 88 122 123 
9000 89 122 123 
9000 90 122 123 
9000 91 121 123 
9000 92 122 123 
9000 93 121 123 
9000 94 122 123 
9000 95 122 123 
9000 96 122 123 
9000 97 122 123 
9000 98 117 121 
9000 99 122 123 
9000 100 122 123 
9000 101 122 123 
9000 102 122 123 
9000 103 120 123 
9000 104 122 123 
9000 105 122 123 
9000 106 121 123 
9000 107 115 121 
9000 108 122 123 
9000 109 122 123 
9000 110 122 123 
9000 111 122 123 
9000 112 122 123 
9000 113 119 122 
9000 114 122 123 
9000 115 16 26 32 107 
9000 116 121 123 
9000 117 98 123 
9000 118 122 123 
9000 119 113 122 
9000 120 103 123 
9000 121 91 93 98 106 107 116 
9000 122 3 9 10 86 87 88 89 90 92 94 95 96 97 99 100 101 102 104 105 108 109 110 111 112 113 114 118 119 
9000 123 3 9 10 86 87 88 89 90 91 92 93 94 95 96 97 99 100 101 102 103 104 105 106 108 109 110 111 112 114 116 117 118 120 
9000 124 126 157 
9000 125 11 12 13 129 130 132 135 137 139 140 141 142 145 146 147 148 149 150 152 153 154 156 158 161 162 163 164 165 166 167 168 169 
9000 126 4 11 12 13 124 128 129 130 132 133 135 136 137 138 139 140 141 142 143 144 145 146 147 148 149 150 151 152 153 154 156 157 158 159 161 162 163 164 165 166 167 170 172 
9000 127 128 133 136 143 169 171 
9000 128 126 127 
9000 129 125 126 
9000 130 125 126 
9000 131 134 155 
9000 132 125 126 
9000 133 126 127 
9000 134 131 155 
9000 135 125 126 
9000 136 126 127 
9000 137 125 126 
9000 138 126 151 
9000 139 125 126 
9000 140 125 126 
9000 141 125 126 
9000 142 125 126 
9000 143 126 127 
9000 144 126 160 
9000 145 125 126 
9000 146 125 126 
9000 147 125 126 
9000 148 125 126 
9000 149 125 126 
9000 150 125 126 
9000 151 126 138 
9000 152 125 126 
9000 153 125 126 
9000 154 125 126 
9000 155 131 134 
9000 156 125 126 
9000 157 124 126 
9000 158 125 126 
9000 159 126 172 
9000 160 144 171 
9000 161 125 126 
9000 162 125 126 
9000 163 125 126 
9000 164 125 126 
9000 165 125 126 
9000 166 125 126 
9000 167 125 126 
9000 168 125 170 
9000 169 125 127 
9000 170 126 168 
9000 171 127 160 
9000 172 126 159 
9000 173 213 214 
9000 174 212 213 
9000 175 212 213 
9000 176 180 187 
9000 177 189 197 
9000 178 185 188 
9000 179 213 214 
9000 180 176 187 
9000 181 213 214 
9000 182 212 213 
9000 183 213 214 
9000 184 187 190 
9000 185 178 214 
9000 186 212 214 
9000 187 176 180 184 
9000 188 178 214 
9000 189 177 199 
9000 190 184 193 209 
9000 191 213 214 
9000 192 212 214 
9000 193 190 202 
9000 194 213 214 
9000 195 211 214 
9000 196 208 212 
9000 197 177 214 
9000 198 206 211 
9000 199 189 214 
9000 200 212 214 
9000 201 212 214 
9000 202 193 209 
9000 203 212 214 
9000 204 213 214 
9000 205 212 214 
9000 206 198 210 
9000 207 211 212 
9000 208 196 214 
9000 209 190 202 
9000 210 206 214 
9000 211 195 198 207 
9000 212 174 175 182 186 192 196 200 201 203 205 207 
9000 213 14 173 174 175 179 181 182 183 191 194 204 
9000 214 5 14 173 179 181 183 185 186 188 191 192 194 195 197 199 200 201 203 204 205 208 210 
9000 215 0 
9000 216 0 5 
9000 217 0 4 
9000 218 0 
9000 219 0 4 
9000 220 0 5 
9000 221 0 4 5 
9000 222 0 
9000 223 0 
9000 224 0 4 
9000 225 0 5 
9000 226 0 5 
9000 227 0 
9000 228 0 4 
9000 229 0 
9000 230 0 4 
9000 231 0 5 
9000 232 0 
9000 233 0 4 
9000 234 0 5 
9000 235 0 4 
9000 236 0 5 
9000 237 0 4 
9000 238 0 
9000 239 0 
9000 240 0 
9000 241 0 4 5 
9000 242 0 4 
9000 243 0 5 
9000 244 0 5 
10800 0 4 5 215 216 217 218 219 220 221 222 223 224 225 226 227 228 229 230 231 232 233 234 235 236 237 238 239 240 241 242 243 244 
10800 1 44 45 
10800 2 83 85 
10800 3 122 123 
10800 4 0 126 217 219 221 224 228 230 233 235 237 241 242 
10800 5 0 214 216 220 221 225 226 231 234 236 241 243 244 
10800 6 44 45 
10800 7 44 45 
10800 8 83 85 
10800 9 122 123 
10800 10 122 123 
10800 11 125 126 
10800 12 125 126 
10800 13 125 126 
10800 14 212 214 
10800 15 44 45 
10800 16 44 45 
10800 17 44 45 
10800 18 44 45 
10800 19 44 45 
10800 20 44 45 
10800 21 44 45 
10800 22 44 45 
10800 23 44 45 
10800 24 44 45 
10800 25 44 45 
10800 26 44 45 
10800 27 44 45 
10800 28 44 45 
10800 29 44 45 
10800 30 44 45 
10800 31 44 45 
10800 32 44 45 
10800 33 44 45 
10800 34 44 45 
10800 35 44 45 
10800 36 44 45 
10800 37 44 45 
10800 38 39 44 
10800 39 38 45 
10800 40 44 45 
10800 41 44 45 
10800 42 44 45 
10800 43 44 45 
10800 44 1 6 7 15 16 17 18 19 20 21 22 23 24 25 26 27 28 29 30 31 32 33 34 35 36 37 38 40 41 42 43 
10800 45 1 6 7 15 16 17 18 19 20 21 22 23 24 25 26 27 28 29 30 31 32 33 34 35 36 37 39 40 41 42 43 
10800 46 83 85 
10800 47 80 85 
10800 48 62 78 
10800 49 63 84 
10800 50 77 79 
10800 51 83 84 
10800 52 62 85 
10800 53 83 84 
10800 54 84 85 
10800 55 84 85 
10800 56 83 85 
10800 57 83 84 
10800 58 83 84 
10800 59 84 85 
10800 60 81 85 
10800 61 62 85 
10800 62 48 52 61 
10800 63 49 80 
10800 64 78 85 
10800 65 83 85 
10800 66 82 84 
10800 67 84 85 
10800 68 83 84 
10800 69 82 84 
10800 70 83 85 
10800 71 80 85 
10800 72 83 84 
10800 73 81 85 
10800 74 83 84 
10800 75 83 85 
10800 76 83 85 
10800 77 50 85 
10800 78 48 64 
10800 79 50 85 
10800 80 47 63 71 
10800 81 60 73 
10800 82 66 69 
10800 83 2 8 46 51 53 56 57 58 65 68 70 72 74 75 76 
10800 84 49 51 53 54 55 57 58 59 66 67 68 69 72 74 
10800 85 2 8 46 47 52 54 55 56 59 60 61 64 65 67 70 71 73 75 76 77 79 
10800 86 122 123 
10800 87 122 123 
10800 88 122 123 
10800 89 122 123 
10800 90 122 123 
10800 91 122 123 
10800 92 122 123 
10800 93 120 123 
10800 94 122 123 
10800 95 122 123 
10800 96 122 123 
10800 97 122 123 
10800 98 121 123 
10800 99 122 123 
10800 100 122 123 
10800 101 122 123 
10800 102 122 123 
10800 103 122 123 
10800 104 122 123 
10800 105 122 123 
10800 106 122 123 
10800 107 121 123 
10800 108 122 123 
10800 109 122 123 
10800 110 122 123 
10800 111 122 123 
10800 112 122 123 
10800 113 119 122 
10800 114 122 123 
10800 115 122 123 
10800 116 121 123 
10800 117 122 123 
10800 118 122 123 
10800 119 113 122 
10800 120 93 123 
10800 121 98 107 116 
10800 122 3 9 10 86 87 88 89 90 91 92 94 95 96 97 99 100 101 102 103 104 105 106 108 109 110 111 112 113 114 115 117 118 119 
10800 123 3 9 10 86 87 88 89 90 91 92 93 94 95 96 97 98 99 100 101 102 103 104 105 106 107 108 109 110 111 112 114 115 116 117 118 120 
10800 124 152 157 
10800 125 11 12 13 128 129 130 132 134 137 139 140 142 144 145 146 147 148 150 156 158 159 160 161 162 163 164 169 
10800 126 4 11 12 13 128 129 130 131 132 133 135 136 137 138 139 140 141 142 143 144 145 146 147 148 149 150 152 153 154 156 157 158 159 160 161 162 163 164 165 166 168 172 
10800 127 133 135 136 138 141 143 149 153 154 166 167 168 169 171 
10800 128 125 126 
10800 129 125 126 
10800 130 125 126 
10800 131 126 155 
10800 132 125 126 
10800 133 126 127 
10800 134 125 155 
10800 135 126 127 
10800 136 126 127 
10800 137 125 126 
10800 138 126 127 
10800 139 125 126 
10800 140 125 126 
10800 141 126 127 
10800 142 125 126 
10800 143 126 127 
10800 144 125 126 
10800 145 125 126 
10800 146 125 126 
10800 147 125 126 
10800 148 125 126 
10800 149 126 127 
10800 150 125 126 
10800 151 170 172 
10800 152 124 126 
10800 153 126 127 
10800 154 126 127 
10800 155 131 134 
10800 156 125 126 
10800 157 124 126 
10800 158 125 126 
10800 159 125 126 
10800 160 125 126 
10800 161 125 126 
10800 162 125 126 
10800 163 125 126 
10800 164 125 126 
10800 165 126 170 
10800 166 126 127 
10800 167 127 171 
10800 168 126 127 
10800 169 125 127 
10800 170 151 165 
10800 171 127 167 
10800 172 126 151 
10800 173 212 214 
10800 174 210 212 
10800 175 212 214 
10800 176 180 193 
10800 177 213 214 
10800 178 189 191 
10800 179 212 214 
10800 180 176 193 
10800 181 212 214 
10800 182 212 214 
10800 183 213 214 
10800 184 187 190 
10800 185 212 214 
10800 186 213 214 
10800 187 184 190 
10800 188 213 214 
10800 189 178 199 
10800 190 184 187 202 
10800 191 178 214 
10800 192 213 214 
10800 193 176 180 
10800 194 213 214 
10800 195 212 214 
10800 196 212 214 
10800 197 213 214 
10800 198 206 213 
10800 199 189 214 
10800 200 213 214 
10800 201 212 214 
10800 202 190 213 
10800 203 213 214 
10800 204 212 214 
10800 205 213 214 
10800 206 198 211 
10800 207 212 213 
10800 208 209 214 
10800 209 208 212 
10800 210 174 214 
10800 211 206 213 
10800 212 14 173 174 175 179 181 182 185 195 196 201 204 207 209 
10800 213 177 183 186 188 192 194 197 198 200 202 203 205 207 211 
10800 214 5 14 173 175 177 179 181 182 183 185 186 188 191 192 194 195 196 197 199 200 201 203 204 205 208 210 
10800 215 0 
10800 216 0 5 
10800 217 0 4 
10800 218 0 
10800 219 0 4 
10800 220 0 5 
10800 221 0 4 5 
10800 222 0 
10800 223 0 
10800 224 0 4 
10800 225 0 5 
10800 226 0 5 
10800 227 0 
10800 228 0 4 
10800 229 0 
10800 230 0 4 
10800 231 0 5 
10800 232 0 
10800 233 0 4 
10800 234 0 5 
10800 235 0 4 
10800 236 0 5 
10800 237 0 4 
10800 238 0 
10800 239 0 
10800 240 0 
10800 241 0 4 5 
10800 242 0 4 
10800 243 0 5 
10800 244 0 5 
12600 0 4 5 215 216 217 218 219 220 221 222 223 224 225 226 227 228 229 230 231 232 233 234 235 236 237 238 239 240 241 242 243 244 
12600 1 44 45 
12600 2 83 85 
12600 3 122 123 
12600 4 0 126 217 219 221 224 228 230 233 235 237 241 242 
12600 5 0 214 216 220 221 225 226 231 234 236 241 243 244 
12600 6 44 45 
12600 7 44 45 
12600 8 83 85 
12600 9 122 123 
12600 10 122 123 
12600 11 125 126 
12600 12 125 126 
12600 13 125 126 
12600 14 213 214 
12600 15 44 45 
12600 16 44 45 
12600 17 44 45 
12600 18 30 31 
12600 19 44 45 
12600 20 44 45 
12600 21 44 45 
12600 22 44 45 
12600 23 44 45 
12600 24 44 45 
12600 25 44 45 
12600 26 44 45 
12600 27 44 45 
12600 28 44 45 
12600 29 44 45 
12600 30 18 45 
12600 31 18 45 
12600 32 44 45 
12600 33 98 99 
12600 34 44 45 
12600 35 44 45 
12600 36 44 45 
12600 37 44 45 
12600 38 39 44 
12600 39 38 45 
12600 40 44 45 
12600 41 44 45 
12600 42 44 45 
12600 43 44 45 
12600 44 1 6 7 15 16 17 19 20 21 22 23 24 25 26 27 28 29 32 34 35 36 37 38 40 41 42 43 
12600 45 1 6 7 15 16 17 19 20 21 22 23 24 25 26 27 28 29 30 31 32 34 35 36 37 39 40 41 42 43 
12600 46 83 85 
12600 47 80 85 
12600 48 59 62 
12600 49 63 84 
12600 50 77 79 
12600 51 83 84 
12600 52 62 85 
12600 53 84 85 
12600 54 84 85 
12600 55 83 85 
12600 56 83 85 
12600 57 83 84 
12600 58 83 84 
12600 59 48 85 
12600 60 81 85 
12600 61 62 85 
12600 62 48 52 61 
12600 63 49 80 
12600 64 78 85 
12600 65 83 85 
12600 66 82 84 
12600 67 84 85 
12600 68 83 84 
12600 69 83 84 
12600 70 83 85 
12600 71 80 85 
12600 72 83 84 
12600 73 84 85 
12600 74 83 84 
12600 75 83 85 
12600 76 83 85 
12600 77 50 85 
12600 78 64 85 
12600 79 50 81 
12600 80 47 63 71 
12600 81 60 79 
12600 82 66 84 
12600 83 2 8 46 51 55 56 57 58 65 68 69 70 72 74 75 76 
12600 84 49 51 53 54 57 58 66 67 68 69 72 73 74 82 
12600 85 2 8 46 47 52 53 54 55 56 59 60 61 64 65 67 70 71 73 75 76 77 78 
12600 86 122 123 
12600 87 122 123 
12600 88 122 123 
12600 89 122 123 
12600 90 122 123 
12600 91 120 123 
12600 92 122 123 
12600 93 120 123 
12600 94 122 123 
12600 95 122 123 
12600 96 122 123 
12600 97 122 123 
12600 98 33 121 
12600 99 33 123 
12600 100 122 123 
12600 101 122 123 
12600 102 122 123 
12600 103 120 123 
12600 104 122 123 
12600 105 120 123 
12600 106 120 123 
12600 107 115 121 
12600 108 122 123 
12600 109 122 123 
12600 110 122 123 
12600 111 122 123 
12600 112 120 123 
12600 113 120 122 
12600 114 122 123 
12600 115 107 123 
12600 116 122 123 
12600 117 122 123 
12600 118 122 123 
12600 119 122 123 
12600 120 91 93 103 105 106 112 113 
12600 121 98 107 
12600 122 3 9 10 86 87 88 89 90 92 94 95 96 97 100 101 102 104 108 109 110 111 113 114 116 117 118 119 
12600 123 3 9 10 86 87 88 89 90 91 92 93 94 95 96 97 99 100 101 102 103 104 105 106 108 109 110 111 112 114 115 116 117 118 119 
12600 124 145 152 157 
12600 125 11 12 13 128 130 132 135 137 138 140 141 142 143 144 146 147 148 149 150 153 154 156 158 159 161 162 164 166 168 169 
12600 126 4 11 12 13 128 130 132 133 135 136 137 138 139 140 141 142 143 144 145 146 147 148 149 150 152 153 154 156 157 158 159 161 162 163 164 165 166 168 172 
12600 127 129 133 136 139 167 169 171 
12600 128 125 126 
12600 129 127 160 
12600 130 125 126 
12600 131 134 155 
12600 132 125 126 
12600 133 126 127 
12600 134 131 155 
12600 135 125 126 
12600 136 126 127 
12600 137 125 126 
12600 138 125 126 
12600 139 126 127 
12600 140 125 126 
12600 141 125 126 
12600 142 125 126 
12600 143 125 126 
12600 144 125 126 
12600 145 124 126 
12600 146 125 126 
12600 147 125 126 
12600 148 125 126 
12600 149 125 126 
12600 150 125 126 
12600 151 171 172 
12600 152 124 126 
12600 153 125 126 
12600 154 125 126 
12600 155 131 134 
12600 156 125 126 
12600 157 124 126 
12600 158 125 126 
12600 159 125 126 
12600 160 129 167 
12600 161 125 126 
12600 162 125 126 
12600 163 126 170 
12600 164 125 126 
12600 165 126 170 
12600 166 125 126 
12600 167 127 160 
12600 168 125 126 
12600 169 125 127 
12600 170 163 165 
12600 171 127 151 
12600 172 126 151 
12600 173 213 214 
12600 174 212 213 
12600 175 212 214 
12600 176 180 193 
12600 177 211 214 
12600 178 188 191 
12600 179 213 214 
12600 180 176 184 187 193 
12600 181 213 214 
12600 182 213 214 
12600 183 190 191 
12600 184 180 187 
12600 185 212 214 
12600 186 212 214 
12600 187 180 184 
12600 188 178 214 
12600 189 199 202 
12600 190 183 195 
12600 191 178 183 
12600 192 211 212 
12600 193 176 180 
12600 194 213 214 
12600 195 190 213 
12600 196 213 214 
12600 197 212 214 
12600 198 206 211 
12600 199 189 202 
12600 200 212 214 
12600 201 212 214 
12600 202 189 199 
12600 203 212 214 
12600 204 213 214 
12600 205 212 214 
12600 206 198 211 
12600 207 211 212 
12600 208 209 214 
12600 209 208 212 
12600 210 213 214 
12600 211 177 192 198 206 207 
12600 212 174 175 185 186 192 197 200 201 203 205 207 209 
12600 213 14 173 174 179 181 182 194 195 196 204 210 
12600 214 5 14 173 175 177 179 181 182 185 186 188 194 196 197 200 201 203 204 205 208 210 
12600 215 0 
12600 216 0 5 
12600 217 0 4 
12600 218 0 
12600 219 0 4 
12600 220 0 5 
12600 221 0 4 5 
12600 222 0 
12600 223 0 
12600 224 0 4 
12600 225 0 5 
12600 226 0 5 
12600 227 0 
12600 228 0 4 
12600 229 0 
12600 230 0 4 
12600 231 0 5 
12600 232 0 
12600 233 0 4 
12600 234 0 5 
12600 235 0 4 
12600 236 0 5 
12600 237 0 4 
12600 238 0 
12600 239 0 
12600 240 0 
12600 241 0 4 5 
12600 242 0 4 
12600 243 0 5 
12600 244 0 5 
14400 0 4 5 215 216 217 218 219 220 221 222 223 224 225 226 227 228 229 230 231 232 233 234 235 236 237 238 239 240 241 242 243 244 
14400 1 44 45 
14400 2 83 85 
14400 3 122 123 
14400 4 0 126 217 219 221 224 228 230 233 235 237 241 242 
14400 5 0 214 216 220 221 225 226 231 234 236 241 243 244 
14400 6 44 45 
14400 7 44 45 
14400 8 83 85 
14400 9 122 123 
14400 10 122 123 
14400 11 125 126 
14400 12 125 126 
14400 13 125 126 
14400 14 213 214 
14400 15 44 45 
14400 16 44 45 
14400 17 44 45 
14400 18 30 31 
14400 19 44 45 
14400 20 44 45 
14400 21 44 45 
14400 22 44 45 
14400 23 93 98 
14400 24 44 45 
14400 25 44 45 
14400 26 44 45 
14400 27 44 45 
14400 28 44 45 
14400 29 44 45 
14400 30 18 45 
14400 31 18 45 
14400 32 45 93 
14400 33 44 45 
14400 34 44 45 
14400 35 44 45 
14400 36 45 93 
14400 37 44 45 
14400 38 45 93 
14400 39 44 45 
14400 40 44 45 
14400 41 44 45 
14400 42 44 45 
14400 43 44 45 
14400 44 1 6 7 15 16 17 19 20 21 22 24 25 26 27 28 29 33 34 35 37 39 40 41 42 43 
14400 45 1 6 7 15 16 17 19 20 21 22 24 25 26 27 28 29 30 31 32 33 34 35 36 37 38 39 40 41 42 43 
14400 46 83 85 
14400 47 83 85 
14400 48 79 81 
14400 49 63 84 
14400 50 79 85 
14400 51 83 84 
14400 52 62 85 
14400 53 83 84 
14400 54 84 85 
14400 55 83 85 
14400 56 83 85 
14400 57 80 84 
14400 58 83 84 
14400 59 83 84 
14400 60 81 85 
14400 61 84 85 
14400 62 52 85 
14400 63 49 80 
14400 64 78 85 
14400 65 83 85 
14400 66 82 84 
14400 67 83 84 
14400 68 83 84 
14400 69 82 84 
14400 70 83 85 
14400 71 80 85 
14400 72 83 84 
14400 73 81 85 
14400 74 83 84 
14400 75 83 85 
14400 76 83 85 
14400 77 81 85 
14400 78 64 85 
14400 79 48 50 
14400 80 57 63 71 
14400 81 48 60 73 77 
14400 82 66 69 
14400 83 2 8 46 47 51 53 55 56 58 59 65 67 68 70 72 74 75 76 
14400 84 49 51 53 54 57 58 59 61 66 67 68 69 72 74 
14400 85 2 8 46 47 50 52 54 55 56 60 61 62 64 65 70 71 73 75 76 77 78 
14400 86 122 123 
14400 87 122 123 
14400 88 122 123 
14400 89 122 123 
14400 90 122 123 
14400 91 120 123 
14400 92 122 123 
14400 93 23 32 36 38 
14400 94 122 123 
14400 95 122 123 
14400 96 122 123 
14400 97 122 123 
14400 98 23 121 
14400 99 122 123 
14400 100 122 123 
14400 101 122 123 
14400 102 122 123 
14400 103 122 123 
14400 104 122 123 
14400 105 120 123 
14400 106 121 123 
14400 107 115 121 
14400 108 122 123 
14400 109 122 123 
14400 110 122 123 
14400 111 122 123 
14400 112 122 123 
14400 113 119 122 
14400 114 122 123 
14400 115 107 123 
14400 116 120 123 
14400 117 122 123 
14400 118 122 123 
14400 119 113 122 
14400 120 91 105 116 
14400 121 98 106 107 
14400 122 3 9 10 86 87 88 89 90 92 94 95 96 97 99 100 101 102 103 104 108 109 110 111 112 113 114 117 118 119 
14400 123 3 9 10 86 87 88 89 90 91 92 94 95 96 97 99 100 101 102 103 104 105 106 108 109 110 111 112 114 115 116 117 118 
14400 124 147 152 157 
14400 125 11 12 13 128 129 130 132 135 137 138 141 142 143 144 145 146 148 149 150 151 154 156 158 159 161 162 163 164 165 166 168 169 172 
14400 126 4 11 12 13 128 129 130 132 133 135 136 137 138 140 141 142 143 144 145 146 148 149 150 152 153 154 156 158 159 161 162 163 164 165 166 168 172 
14400 127 133 136 153 167 169 171 
14400 128 125 126 
14400 129 125 126 
14400 130 125 126 
14400 131 134 155 
14400 132 125 126 
14400 133 126 127 
14400 134 131 155 
14400 135 125 126 
14400 136 126 127 
14400 137 125 126 
14400 138 125 126 
14400 139 151 157 160 170 
14400 140 126 170 
14400 141 125 126 
14400 142 125 126 
14400 143 125 126 
14400 144 125 126 
14400 145 125 126 
14400 146 125 126 
14400 147 124 171 
14400 148 125 126 
14400 149 125 126 
14400 150 125 126 
14400 151 125 139 
14400 152 124 126 
14400 153 126 127 
14400 154 125 126 
14400 155 131 134 
14400 156 125 126 
14400 157 124 139 
14400 158 125 126 
14400 159 125 126 
14400 160 139 167 
14400 161 125 126 
14400 162 125 126 
14400 163 125 126 
14400 164 125 126 
14400 165 125 126 
14400 166 125 126 
14400 167 127 160 
14400 168 125 126 
14400 169 125 127 
14400 170 139 140 
14400 171 127 147 
14400 172 125 126 
14400 173 213 214 
14400 174 212 213 
14400 175 212 214 
14400 176 180 193 
14400 177 211 214 
14400 178 188 191 
14400 179 213 214 
14400 180 176 184 187 193 
14400 181 213 214 
14400 182 213 214 
14400 183 213 214 
14400 184 180 187 
14400 185 212 214 
14400 186 212 214 
14400 187 180 184 
14400 188 178 190 
14400 189 198 199 
14400 190 188 202 
14400 191 178 214 
14400 192 211 212 
14400 193 176 180 
14400 194 213 214 
14400 195 210 214 
14400 196 213 214 
14400 197 211 214 
14400 198 189 199 206 
14400 199 189 198 
14400 200 212 214 
14400 201 213 214 
14400 202 190 213 
14400 203 212 214 
14400 204 213 214 
14400 205 212 214 
14400 206 198 211 
14400 207 211 212 
14400 208 209 214 
14400 209 208 212 
14400 210 195 214 
14400 211 177 192 197 206 207 
14400 212 174 175 185 186 192 200 203 205 207 209 
14400 213 14 173 174 179 181 182 183 194 196 201 202 204 
14400 214 5 14 173 175 177 179 181 182 183 185 186 191 194 195 196 197 200 201 203 204 205 208 210 
14400 215 0 
14400 216 0 5 
14400 217 0 4 
14400 218 0 
14400 219 0 4 
14400 220 0 5 
14400 221 0 4 5 
14400 222 0 
14400 223 0 
14400 224 0 4 
14400 225 0 5 
14400 226 0 5 
14400 227 0 
14400 228 0 4 
14400 229 0 
14400 230 0 4 
14400 231 0 5 
14400 232 0 
14400 233 0 4 
14400 234 0 5 
14400 235 0 4 
14400 236 0 5 
14400 237 0 4 
14400 238 0 
14400 239 0 
14400 240 0 
14400 241 0 4 5 
14400 242 0 4 
14400 243 0 5 
14400 244 0 5 
16200 0 4 5 215 216 217 218 219 220 221 222 223 224 225 226 227 228 229 230 231 232 233 234 235 236 237 238 239 240 241 242 243 244 
16200 1 44 45 
16200 2 83 85 
16200 3 122 123 
16200 4 0 127 217 219 221 224 228 230 233 235 237 241 242 
16200 5 0 214 216 220 221 225 226 231 234 236 241 243 244 
16200 6 44 45 
16200 7 44 45 
16200 8 83 85 
16200 9 122 123 
16200 10 122 123 
16200 11 126 127 
16200 12 126 127 
16200 13 126 127 
16200 14 213 214 
16200 15 44 45 
16200 16 44 45 
16200 17 44 45 
16200 18 30 31 
16200 19 44 45 
16200 20 44 45 
16200 21 44 45 
16200 22 44 45 
16200 23 44 45 
16200 24 44 45 
16200 25 44 45 
16200 26 44 45 
16200 27 44 45 
16200 28 44 45 
16200 29 44 45 
16200 30 18 45 
16200 31 18 45 
16200 32 44 45 
16200 33 44 45 
16200 34 44 45 
16200 35 44 45 
16200 36 44 45 
16200 37 44 45 
16200 38 44 45 
16200 39 44 45 
16200 40 44 45 
16200 41 44 45 
16200 42 44 45 
16200 43 44 45 
16200 44 1 6 7 15 16 17 19 20 21 22 23 24 25 26 27 28 29 32 33 34 35 36 37 38 39 40 41 42 43 
16200 45 1 6 7 15 16 17 19 20 21 22 23 24 25 26 27 28 29 30 31 32 33 34 35 36 37 38 39 40 41 42 43 
16200 46 83 85 
16200 47 83 85 
16200 48 62 78 
16200 49 63 84 
16200 50 64 79 
16200 51 83 84 
16200 52 62 85 
16200 53 81 83 
16200 54 83 85 
16200 55 83 85 
16200 56 84 85 
16200 57 83 84 
16200 58 83 84 
16200 59 83 85 
16200 60 81 85 
16200 61 62 85 
16200 62 48 52 61 
16200 63 49 84 
16200 64 50 85 
16200 65 83 85 
16200 66 72 84 
16200 67 84 85 
16200 68 83 84 
16200 69 82 83 
16200 70 83 85 
16200 71 80 85 
16200 72 66 83 
16200 73 81 85 
16200 74 83 84 
16200 75 84 85 
16200 76 84 85 
16200 77 81 85 
16200 78 48 85 
16200 79 50 85 
16200 80 71 84 
16200 81 53 60 73 77 
16200 82 69 84 
16200 83 2 8 46 47 51 53 54 55 57 58 59 65 68 69 70 72 74 
16200 84 49 51 56 57 58 63 66 67 68 74 75 76 80 82 
16200 85 2 8 46 47 52 54 55 56 59 60 61 64 65 67 70 71 73 75 76 77 78 79 
16200 86 122 123 
16200 87 122 123 
16200 88 122 123 
16200 89 122 123 
16200 90 122 123 
16200 91 120 123 
16200 92 122 123 
16200 93 120 123 
16200 94 122 123 
16200 95 122 123 
16200 96 122 123 
16200 97 122 123 
16200 98 117 118 
16200 99 122 123 
16200 100 122 123 
16200 101 122 123 
16200 102 122 123 
16200 103 122 123 
16200 104 122 123 
16200 105 122 123 
16200 106 120 123 
16200 107 115 121 
16200 108 122 123 
16200 109 122 123 
16200 110 122 123 
16200 111 122 123 
16200 112 122 123 
16200 113 119 122 
16200 114 122 123 
16200 115 107 123 
16200 116 120 123 
16200 117 98 123 
16200 118 98 123 
16200 119 113 122 
16200 120 91 93 106 116 
16200 121 107 123 
16200 122 3 9 10 86 87 88 89 90 92 94 95 96 97 99 100 101 102 103 104 105 108 109 110 111 112 113 114 119 
16200 123 3 9 10 86 87 88 89 90 91 92 93 94 95 96 97 99 100 101 102 103 104 105 106 108 109 110 111 112 114 115 116 117 118 121 
16200 124 126 127 
16200 125 137 138 139 143 146 149 152 153 154 156 160 161 166 169 
16200 126 11 12 13 124 128 130 132 133 135 136 137 138 139 140 141 142 143 144 145 146 147 148 149 150 152 153 154 156 157 158 159 160 161 162 163 164 165 166 168 172 
16200 127 4 11 12 13 124 128 130 132 133 135 136 141 142 144 145 147 148 150 158 159 162 163 164 165 167 168 169 170 171 
16200 128 126 127 
16200 129 151 170 
16200 130 126 127 
16200 131 134 155 
16200 132 126 127 
16200 133 126 127 
16200 134 131 155 
16200 135 126 127 
16200 136 126 127 
16200 137 125 126 
16200 138 125 126 
16200 139 125 126 
16200 140 126 157 
16200 141 126 127 
16200 142 126 127 
16200 143 125 126 
16200 144 126 127 
16200 145 126 127 
16200 146 125 126 
16200 147 126 127 
16200 148 126 127 
16200 149 125 126 
16200 150 126 127 
16200 151 129 172 
16200 152 125 126 
16200 153 125 126 
16200 154 125 126 
16200 155 131 134 
16200 156 125 126 
16200 157 126 140 
16200 158 126 127 
16200 159 126 127 
16200 160 125 126 
16200 161 125 126 
16200 162 126 127 
16200 163 126 127 
16200 164 126 127 
16200 165 126 127 
16200 166 125 126 
16200 167 127 171 
16200 168 126 127 
16200 169 125 127 
16200 170 127 129 
16200 171 127 167 
16200 172 126 151 
16200 173 213 214 
16200 174 213 214 
16200 175 212 214 
16200 176 184 187 
16200 177 189 191 
16200 178 188 191 
16200 179 213 214 
16200 180 184 187 
16200 181 213 214 
16200 182 213 214 
16200 183 213 214 
16200 184 176 180 193 
16200 185 212 214 
16200 186 211 212 
16200 187 176 180 193 
16200 188 178 214 
16200 189 177 199 
16200 190 199 202 
16200 191 177 178 
16200 192 211 212 
16200 193 184 187 
16200 194 213 214 
16200 195 213 214 
16200 196 213 214 
16200 197 212 214 
16200 198 206 211 
16200 199 189 190 202 
16200 200 211 213 
16200 201 212 214 
16200 202 190 199 
16200 203 212 214 
16200 204 213 214 
16200 205 212 214 
16200 206 198 211 
16200 207 211 212 
16200 208 209 212 
16200 209 208 212 
16200 210 213 214 
16200 211 186 192 198 200 206 207 
16200 212 175 185 186 192 197 201 203 205 207 208 209 
16200 213 14 173 174 179 181 182 183 194 195 196 200 204 210 
16200 214 5 14 173 174 175 179 181 182 183 185 188 194 195 196 197 201 203 204 205 210 
16200 215 0 
16200 216 0 5 
16200 217 0 4 
16200 218 0 
16200 219 0 4 
16200 220 0 5 
16200 221 0 4 5 
16200 222 0 
16200 223 0 
16200 224 0 4 
16200 225 0 5 
16200 226 0 5 
16200 227 0 
16200 228 0 4 
16200 229 0 
16200 230 0 4 
16200 231 0 5 
16200 232 0 
16200 233 0 4 
16200 234 0 5 
16200 235 0 4 
16200 236 0 5 
16200 237 0 4 
16200 238 0 
16200 239 0 
16200 240 0 
16200 241 0 4 5 
16200 242 0 4 
16200 243 0 5 
16200 244 0 5 
18000 0 4 5 215 216 217 218 219 220 221 222 223 224 225 226 227 228 229 230 231 232 233 234 235 236 237 238 239 240 241 242 243 244 
18000 1 44 45 
18000 2 83 85 
18000 3 122 123 
18000 4 0 126 217 219 221 224 228 230 233 235 237 241 242 
18000 5 0 214 216 220 221 225 226 231 234 236 241 243 244 
18000 6 44 45 
18000 7 44 45 
18000 8 83 85 
18000 9 122 123 
18000 10 122 123 
18000 11 125 126 
18000 12 125 126 
18000 13 125 126 
18000 14 213 214 
18000 15 44 45 
18000 16 44 45 
18000 17 44 45 
18000 18 30 31 
18000 19 44 45 
18000 20 44 45 
18000 21 44 45 
18000 22 44 45 
18000 23 44 45 
18000 24 44 45 
18000 25 44 45 
18000 26 44 45 
18000 27 44 45 
18000 28 98 105 
18000 29 44 45 
18000 30 18 45 
18000 31 18 45 
18000 32 44 45 
18000 33 44 45 
18000 34 44 45 
18000 35 44 45 
18000 36 44 45 
18000 37 44 45 
18000 38 39 44 
18000 39 38 45 
18000 40 44 45 
18000 41 44 45 
18000 42 44 45 
18000 43 44 45 
18000 44 1 6 7 15 16 17 19 20 21 22 23 24 25 26 27 29 32 33 34 35 36 37 38 40 41 42 43 
18000 45 1 6 7 15 16 17 19 20 21 22 23 24 25 26 27 29 30 31 32 33 34 35 36 37 39 40 41 42 43 
18000 46 83 85 
18000 47 80 85 
18000 48 83 84 
18000 49 63 84 
18000 50 79 81 
18000 51 83 84 
18000 52 62 85 
18000 53 84 85 
18000 54 84 85 
18000 55 83 85 
18000 56 83 85 
18000 57 84 85 
18000 58 83 84 
18000 59 84 85 
18000 60 81 85 
18000 61 81 85 
18000 62 52 85 
18000 63 49 84 
18000 64 78 85 
18000 65 83 85 
18000 66 82 84 
18000 67 84 85 
18000 68 83 84 
18000 69 83 84 
18000 70 83 85 
18000 71 80 85 
18000 72 83 84 
18000 73 81 85 
18000 74 83 84 
18000 75 83 85 
18000 76 83 85 
18000 77 81 85 
18000 78 64 85 
18000 79 50 85 
18000 80 47 71 
18000 81 50 60 61 73 77 
18000 82 66 84 
18000 83 2 8 46 48 51 55 56 58 65 68 69 70 72 74 75 76 
18000 84 48 49 51 53 54 57 58 59 63 66 67 68 69 72 74 82 
18000 85 2 8 46 47 52 53 54 55 56 57 59 60 61 62 64 65 67 70 71 73 75 76 77 78 79 
18000 86 122 123 
18000 87 122 123 
18000 88 122 123 
18000 89 122 123 
18000 90 122 123 
18000 91 120 123 
18000 92 122 123 
18000 93 120 123 
18000 94 122 123 
18000 95 122 123 
18000 96 122 123 
18000 97 122 123 
18000 98 28 121 
18000 99 122 123 
18000 100 122 123 
18000 101 122 123 
18000 102 122 123 
18000 103 120 123 
18000 104 122 123 
18000 105 28 123 
18000 106 120 123 
18000 107 115 121 
18000 108 122 123 
18000 109 122 123 
18000 110 122 123 
18000 111 122 123 
18000 112 122 123 
18000 113 119 122 
18000 114 122 123 
18000 115 107 123 
18000 116 120 123 
18000 117 122 123 
18000 118 122 123 
18000 119 113 122 
18000 120 91 93 103 106 116 
18000 121 98 107 
18000 122 3 9 10 86 87 88 89 90 92 94 95 96 97 99 100 101 102 104 108 109 110 111 112 113 114 117 118 119 
18000 123 3 9 10 86 87 88 89 90 91 92 93 94 95 96 97 99 100 101 102 103 104 105 106 108 109 110 111 112 114 115 116 117 118 
18000 124 125 126 
18000 125 11 12 13 124 128 129 132 135 137 138 139 140 141 142 143 144 145 146 148 149 150 153 154 156 158 159 161 162 164 166 168 169 
18000 126 4 11 12 13 124 128 129 130 132 133 135 136 137 138 139 140 141 142 143 144 145 146 147 148 149 150 152 153 154 156 157 158 159 161 162 163 164 165 166 168 170 172 
18000 127 130 133 136 147 157 163 167 169 171 
18000 128 125 126 
18000 129 125 126 
18000 130 126 127 
18000 131 134 155 
18000 132 125 126 
18000 133 126 127 
18000 134 131 155 
18000 135 125 126 
18000 136 126 127 
18000 137 125 126 
18000 138 125 126 
18000 139 125 126 
18000 140 125 126 
18000 141 125 126 
18000 142 125 126 
18000 143 125 126 
18000 144 125 126 
18000 145 125 126 
18000 146 125 126 
18000 147 126 127 
18000 148 125 126 
18000 149 125 126 
18000 150 125 126 
18000 151 152 172 
18000 152 126 151 
18000 153 125 126 
18000 154 125 126 
18000 155 131 134 
18000 156 125 126 
18000 157 126 127 
18000 158 125 126 
18000 159 125 126 
18000 160 167 171 
18000 161 125 126 
18000 162 125 126 
18000 163 126 127 
18000 164 125 126 
18000 165 126 170 
18000 166 125 126 
18000 167 127 160 
18000 168 125 126 
18000 169 125 127 
18000 170 126 165 
18000 171 127 160 
18000 172 126 151 
18000 173 213 214 
18000 174 212 213 
18000 175 212 214 
18000 176 180 187 
18000 177 211 214 
18000 178 210 214 
18000 179 213 214 
18000 180 176 184 193 
18000 181 213 214 
18000 182 213 214 
18000 183 213 214 
18000 184 180 187 
18000 185 212 214 
18000 186 212 214 
18000 187 176 184 193 206 
18000 188 213 214 
18000 189 199 214 
18000 190 202 204 
18000 191 213 214 
18000 192 211 212 
18000 193 180 187 
18000 194 213 214 
18000 195 211 214 
18000 196 213 214 
18000 197 211 214 
18000 198 206 211 
18000 199 189 214 
18000 200 212 214 
18000 201 213 214 
18000 202 190 213 
18000 203 212 214 
18000 204 190 214 
18000 205 212 214 
18000 206 187 198 
18000 207 211 212 
18000 208 212 214 
18000 209 211 212 
18000 210 178 214 
18000 211 177 192 195 197 198 207 209 
18000 212 174 175 185 186 192 200 203 205 207 208 209 
18000 213 14 173 174 179 181 182 183 188 191 194 196 201 202 
18000 214 5 14 173 175 177 178 179 181 182 183 185 186 188 189 191 194 195 196 197 199 200 201 203 204 205 208 210 
18000 215 0 
18000 216 0 5 
18000 217 0 4 
18000 218 0 
18000 219 0 4 
18000 220 0 5 
18000 221 0 4 5 
18000 222 0 
18000 223 0 
18000 224 0 4 
18000 225 0 5 
18000 226 0 5 
18000 227 0 
18000 228 0 4 
18000 229 0 
18000 230 0 4 
18000 231 0 5 
18000 232 0 
18000 233 0 4 
18000 234 0 5 
18000 235 0 4 
18000 236 0 5 
18000 237 0 4 
18000 238 0 
18000 239 0 
18000 240 0 
18000 241 0 4 5 
18000 242 0 4 
18000 243 0 5 
18000 244 0 5 
