0 21600
0 0 1 2 3 4 5 224 225 226 227 228 229 230 231 232 233 234 235 236 237 238 239 240 241 242 243 244 245 246 247 248 249 250 251 252 253 
0 1 0 2 3 4 5 6 7 224 226 231 232 235 239 245 246 250 251 253 
0 2 0 1 3 4 5 8 9 10 224 226 230 232 235 239 244 247 248 251 
0 3 0 1 2 4 5 11 12 13 225 228 230 233 234 241 243 247 250 253 
0 4 0 1 2 3 5 14 148 225 226 230 231 237 238 241 246 249 252 
0 5 0 1 2 3 4 15 224 227 229 231 236 240 242 246 250 251 
0 6 1 7 
0 7 1 6 
0 8 2 9 10 71 
0 9 2 8 10 68 
0 10 2 8 9 
0 11 3 12 13 
0 12 3 11 13 102 
0 13 3 11 12 
0 14 4 172 175 
0 15 5 218 
0 16 38 40 
0 17 51 55 
0 18 20 
0 19 39 43 
0 20 18 31 
0 21 42 
0 22 31 35 
0 23 49 50 
0 24 41 49 
0 25 36 56 
0 26 44 57 
0 27 42 
0 28 47 58 
0 29 44 51 
0 30 51 54 
0 31 20 22 
0 32 36 53 
0 33 
0 34 46 
0 35 22 56 
0 36 25 32 
0 37 52 54 
0 38 16 45 
0 39 19 44 
0 40 16 
0 41 24 43 
0 42 21 27 
0 43 19 41 47 
0 44 26 29 39 
0 45 38 58 
0 46 34 52 
0 47 28 43 
0 48 
0 49 23 24 
0 50 23 55 
0 51 17 29 30 
0 52 37 46 
0 53 32 56 
0 54 30 37 
0 55 17 50 
0 56 25 35 53 
0 57 26 
0 58 28 45 
0 59 77 88 
0 60 74 75 
0 61 64 66 
0 62 66 
0 63 65 74 
0 64 61 69 
0 65 63 83 
0 66 61 62 
0 67 73 78 
0 68 9 85 
0 69 64 81 87 
0 70 
0 71 8 77 
0 72 78 82 
0 73 67 76 
0 74 60 63 
0 75 60 80 
0 76 73 84 
0 77 59 71 
0 78 67 72 
0 79 82 88 
0 80 75 85 
0 81 69 87 
0 82 72 79 86 
0 83 65 
0 84 76 85 
0 85 68 80 84 
0 86 82 88 
0 87 69 81 
0 88 59 79 86 
0 89 
0 90 95 104 
0 91 109 137 
0 92 105 123 
0 93 128 136 
0 94 108 111 
0 95 90 136 
0 96 104 119 
0 97 123 
0 98 105 131 
0 99 102 111 
0 100 116 120 
0 101 109 
0 102 12 99 
0 103 122 128 
0 104 90 96 
0 105 92 98 
0 106 115 126 
0 107 109 117 
0 108 94 122 
0 109 91 101 107 130 134 
0 110 
0 111 94 99 
0 112 119 120 131 
0 113 129 133 
0 114 129 132 
0 115 106 125 
0 116 100 
0 117 107 118 
0 118 117 124 130 
0 119 96 112 
0 120 100 112 
0 121 
0 122 103 108 127 
0 123 92 97 127 
0 124 118 133 
0 125 115 
0 126 106 135 
0 127 122 123 
0 128 93 103 
0 129 113 114 
0 130 109 118 
0 131 98 112 
0 132 114 137 
0 133 113 124 
0 134 109 
0 135 126 
0 136 93 95 
0 137 91 132 
0 138 144 156 
0 139 176 
0 140 
0 141 171 180 
0 142 148 150 158 
0 143 169 179 
0 144 138 176 
0 145 160 
0 146 159 174 
0 147 165 177 
0 148 4 142 
0 149 175 178 
0 150 142 160 
0 151 176 177 
0 152 162 180 
0 153 155 170 
0 154 170 173 
0 155 153 177 
0 156 138 171 
0 157 159 179 
0 158 142 177 
0 159 146 157 
0 160 145 150 
0 161 168 
0 162 152 169 
0 163 168 173 
0 164 178 179 
0 165 147 167 
0 166 
0 167 165 175 
0 168 161 163 
0 169 143 162 172 
0 170 153 154 
0 171 141 156 
0 172 14 169 
0 173 154 163 
0 174 146 179 
0 175 14 149 167 
0 176 139 144 151 
0 177 147 151 155 158 
0 178 149 164 
0 179 143 157 164 174 
0 180 141 152 
0 181 
0 182 
0 183 220 223 
0 184 203 
0 185 202 208 
0 186 189 191 
0 187 210 213 
0 188 190 219 
0 189 186 222 
0 190 188 216 
0 191 186 195 
0 192 196 205 
0 193 204 211 222 
0 194 201 217 
0 195 191 197 
0 196 192 205 
0 197 195 213 
0 198 200 215 
0 199 
0 200 198 
0 201 194 204 
0 202 185 209 
0 203 184 220 
0 204 193 201 
0 205 192 196 
0 206 214 216 
0 207 208 217 
0 208 185 207 212 
0 209 202 220 
0 210 187 215 
0 211 193 
0 212 208 220 
0 213 187 197 
0 214 206 219 
0 215 198 210 
0 216 190 206 
0 217 194 207 
0 218 15 221 223 
0 219 188 214 
0 220 183 203 209 212 
0 221 218 
0 222 189 193 
0 223 183 218 
0 224 0 1 2 5 
0 225 0 3 4 
0 226 0 1 2 4 
0 227 0 5 
0 228 0 3 
0 229 0 5 
0 230 0 2 3 4 
0 231 0 1 4 5 
0 232 0 1 2 
0 233 0 3 
0 234 0 3 
0 235 0 1 2 
0 236 0 5 
0 237 0 4 
0 238 0 4 
0 239 0 1 2 
0 240 0 5 
0 241 0 3 4 
0 242 0 5 
0 243 0 3 
0 244 0 2 
0 245 0 1 
0 246 0 1 4 5 
0 247 0 2 3 
0 248 0 2 
0 249 0 4 
0 250 0 1 3 5 
0 251 0 1 2 5 
0 252 0 4 
0 253 0 1 3 
1800 0 1 2 3 4 5 224 225 226 227 228 229 230 231 232 233 234 235 236 237 238 239 240 241 242 243 244 245 246 247 248 249 250 251 252 253 
1800 1 0 2 3 4 5 6 7 224 226 231 232 235 239 245 246 250 251 253 
1800 2 0 1 3 4 5 8 9 10 224 226 230 232 235 239 244 247 248 251 
1800 3 0 1 2 4 5 11 12 13 120 225 228 230 233 234 241 243 247 250 253 
1800 4 0 1 2 3 5 14 225 226 230 231 237 238 241 246 249 252 
1800 5 0 1 2 3 4 15 224 227 229 231 236 240 242 246 250 251 
1800 6 1 7 
1800 7 1 6 20 
1800 8 2 9 10 
1800 9 2 8 10 
1800 10 2 8 9 68 
1800 11 3 12 13 
1800 12 3 11 13 
1800 13 3 11 12 
1800 14 4 149 
1800 15 5 207 
1800 16 29 55 
1800 17 21 54 
1800 18 
1800 19 47 49 
1800 20 7 47 
1800 21 17 55 
1800 22 23 31 
1800 23 22 32 33 
1800 24 46 
1800 25 46 56 
1800 26 53 56 
1800 27 50 57 
1800 28 29 41 
1800 29 16 28 
1800 30 52 57 
1800 31 22 46 
1800 32 23 43 
1800 33 23 
1800 34 40 58 
1800 35 56 57 
1800 36 43 47 
1800 37 38 46 
1800 38 37 46 
1800 39 48 55 
1800 40 34 
1800 41 28 49 
1800 42 54 55 
1800 43 32 36 
1800 44 46 50 
1800 45 
1800 46 24 25 31 37 38 44 
1800 47 19 20 36 48 58 
1800 48 39 47 
1800 49 19 41 
1800 50 27 44 
1800 51 53 56 
1800 52 30 56 
1800 53 26 51 
1800 54 17 42 
1800 55 16 21 39 42 
1800 56 25 26 35 51 52 
1800 57 27 30 35 
1800 58 34 47 
1800 59 61 64 
1800 60 80 82 
1800 61 59 77 
1800 62 71 85 
1800 63 79 84 
1800 64 59 88 
1800 65 86 
1800 66 70 71 
1800 67 70 82 
1800 68 10 79 
1800 69 85 88 
1800 70 66 67 73 
1800 71 62 66 
1800 72 
1800 73 70 79 
1800 74 75 76 
1800 75 74 83 
1800 76 74 80 
1800 77 61 79 
1800 78 86 88 
1800 79 63 68 73 77 
1800 80 60 76 
1800 81 83 86 
1800 82 60 67 
1800 83 75 81 87 
1800 84 63 85 
1800 85 62 69 84 
1800 86 65 78 81 
1800 87 83 
1800 88 64 69 78 
1800 89 
1800 90 99 136 
1800 91 119 130 
1800 92 110 124 
1800 93 
1800 94 95 126 
1800 95 94 96 110 122 
1800 96 95 114 
1800 97 
1800 98 120 124 
1800 99 90 127 
1800 100 116 131 
1800 101 
1800 102 103 107 
1800 103 102 119 
1800 104 109 119 
1800 105 111 129 132 134 
1800 106 125 
1800 107 102 118 
1800 108 112 119 
1800 109 104 114 
1800 110 92 95 
1800 111 105 114 
1800 112 108 131 
1800 113 134 
1800 114 96 109 111 
1800 115 125 133 
1800 116 100 123 
1800 117 129 132 
1800 118 107 127 
1800 119 91 103 104 108 133 
1800 120 3 98 
1800 121 
1800 122 95 130 
1800 123 116 124 
1800 124 92 98 123 128 137 
1800 125 106 115 
1800 126 94 136 
1800 127 99 118 128 137 
1800 128 124 127 
1800 129 105 117 
1800 130 91 122 
1800 131 100 112 
1800 132 105 117 
1800 133 115 119 
1800 134 105 113 
1800 135 
1800 136 90 126 
1800 137 124 127 
1800 138 143 163 
1800 139 
1800 140 141 145 167 
1800 141 140 160 
1800 142 146 175 
1800 143 138 155 
1800 144 153 163 
1800 145 140 160 
1800 146 142 165 
1800 147 174 175 
1800 148 158 169 
1800 149 14 178 
1800 150 156 166 
1800 151 155 176 
1800 152 174 180 
1800 153 144 175 
1800 154 161 165 181 
1800 155 143 151 161 
1800 156 150 178 
1800 157 175 177 
1800 158 148 172 
1800 159 
1800 160 141 145 
1800 161 154 155 
1800 162 167 180 
1800 163 138 144 179 
1800 164 173 180 
1800 165 146 154 
1800 166 150 169 
1800 167 140 162 
1800 168 175 
1800 169 148 166 
1800 170 172 173 
1800 171 
1800 172 158 170 
1800 173 164 170 
1800 174 147 152 
1800 175 142 147 153 157 168 
1800 176 151 177 
1800 177 157 176 179 
1800 178 149 156 
1800 179 163 177 
1800 180 152 162 164 181 
1800 181 154 180 
1800 182 183 199 
1800 183 182 218 
1800 184 209 
1800 185 198 218 
1800 186 209 213 
1800 187 208 213 
1800 188 210 214 
1800 189 216 218 
1800 190 211 220 
1800 191 214 215 
1800 192 205 
1800 193 200 215 
1800 194 206 222 
1800 195 196 205 
1800 196 195 215 
1800 197 
1800 198 185 213 
1800 199 182 215 
1800 200 193 214 
1800 201 211 223 
1800 202 211 214 
1800 203 210 219 
1800 204 213 219 
1800 205 192 195 208 
1800 206 194 207 
1800 207 15 206 
1800 208 187 205 
1800 209 184 186 217 220 
1800 210 188 203 
1800 211 190 201 202 
1800 212 218 222 
1800 213 186 187 198 204 216 
1800 214 188 191 200 202 
1800 215 191 193 196 199 
1800 216 189 213 
1800 217 209 223 
1800 218 183 185 189 212 
1800 219 203 204 
1800 220 190 209 
1800 221 223 
1800 222 194 212 
1800 223 201 217 221 
1800 224 0 1 2 5 
1800 225 0 3 4 
1800 226 0 1 2 4 
1800 227 0 5 
1800 228 0 3 
1800 229 0 5 
1800 230 0 2 3 4 
1800 231 0 1 4 5 
1800 232 0 1 2 
1800 233 0 3 
1800 234 0 3 
1800 235 0 1 2 
1800 236 0 5 
1800 237 0 4 
1800 238 0 4 
1800 239 0 1 2 
1800 240 0 5 
1800 241 0 3 4 
1800 242 0 5 
1800 243 0 3 
1800 244 0 2 
1800 245 0 1 
1800 246 0 1 4 5 
1800 247 0 2 3 
1800 248 0 2 
1800 249 0 4 
1800 250 0 1 3 5 
1800 251 0 1 2 5 
1800 252 0 4 
1800 253 0 1 3 
3600 0 1 2 3 4 5 224 225 226 227 228 229 230 231 232 233 234 235 236 237 238 239 240 241 242 243 244 245 246 247 248 249 250 251 252 253 
3600 1 0 2 3 4 5 6 7 31 224 226 231 232 235 239 245 246 250 251 253 
3600 2 0 1 3 4 5 8 9 10 224 226 230 232 235 239 244 247 248 251 
3600 3 0 1 2 4 5 11 12 13 225 228 230 233 234 241 243 247 250 253 
3600 4 0 1 2 3 5 14 225 226 230 231 237 238 241 246 249 252 
3600 5 0 1 2 3 4 15 192 224 227 229 231 236 240 242 246 250 251 
3600 6 1 7 57 
3600 7 1 6 
3600 8 2 9 10 
3600 9 2 8 10 
3600 10 2 8 9 62 85 
3600 11 3 12 13 108 
3600 12 3 11 13 126 
3600 13 3 11 12 100 
3600 14 4 180 
3600 15 5 204 223 
3600 16 52 58 
3600 17 49 51 
3600 18 22 34 
3600 19 41 54 
3600 20 23 30 
3600 21 43 45 
3600 22 18 48 
3600 23 20 36 
3600 24 29 38 
3600 25 26 51 
3600 26 25 48 
3600 27 41 55 
3600 28 37 49 
3600 29 24 53 
3600 30 20 53 
3600 31 1 
3600 32 36 44 
3600 33 40 
3600 34 18 
3600 35 52 53 
3600 36 23 32 
3600 37 28 50 
3600 38 24 55 
3600 39 46 48 
3600 40 33 57 
3600 41 19 27 
3600 42 43 58 
3600 43 21 42 
3600 44 32 56 
3600 45 21 51 
3600 46 39 47 56 
3600 47 46 58 
3600 48 22 26 39 
3600 49 17 28 
3600 50 37 52 
3600 51 17 25 45 
3600 52 16 35 50 
3600 53 29 30 35 
3600 54 19 55 
3600 55 27 38 54 
3600 56 44 46 
3600 57 6 40 
3600 58 16 42 47 
3600 59 65 75 
3600 60 72 88 
3600 61 78 86 
3600 62 10 78 
3600 63 75 77 
3600 64 82 87 
3600 65 59 74 
3600 66 68 74 
3600 67 74 87 
3600 68 66 80 
3600 69 71 87 
3600 70 79 80 
3600 71 69 84 
3600 72 60 85 
3600 73 75 88 
3600 74 65 66 67 84 
3600 75 59 63 73 
3600 76 83 86 
3600 77 63 79 
3600 78 61 62 81 
3600 79 70 77 
3600 80 68 70 
3600 81 78 
3600 82 64 83 
3600 83 76 82 
3600 84 71 74 
3600 85 10 72 
3600 86 61 76 
3600 87 64 67 69 
3600 88 60 73 
3600 89 
3600 90 112 134 
3600 91 118 123 
3600 92 111 112 
3600 93 94 115 128 
3600 94 93 106 
3600 95 96 110 133 
3600 96 95 130 
3600 97 100 123 
3600 98 127 
3600 99 100 104 
3600 100 13 97 99 
3600 101 111 119 
3600 102 131 134 
3600 103 109 129 
3600 104 99 124 
3600 105 114 119 
3600 106 94 
3600 107 112 127 
3600 108 11 120 
3600 109 103 137 
3600 110 95 
3600 111 92 101 
3600 112 90 92 107 137 
3600 113 117 118 
3600 114 105 118 
3600 115 93 119 
3600 116 120 123 
3600 117 113 126 
3600 118 91 113 114 122 
3600 119 101 105 115 
3600 120 108 116 
3600 121 
3600 122 118 132 
3600 123 91 97 116 
3600 124 104 127 
3600 125 
3600 126 12 117 
3600 127 98 107 124 128 129 133 
3600 128 93 127 
3600 129 103 127 
3600 130 96 132 
3600 131 102 
3600 132 122 130 
3600 133 95 127 
3600 134 90 102 
3600 135 
3600 136 
3600 137 109 112 
3600 138 146 165 
3600 139 151 176 
3600 140 160 
3600 141 144 160 
3600 142 147 150 
3600 143 156 168 
3600 144 141 167 
3600 145 171 
3600 146 138 154 
3600 147 142 165 
3600 148 159 177 
3600 149 172 176 
3600 150 142 156 
3600 151 139 180 
3600 152 157 173 
3600 153 161 176 
3600 154 146 170 
3600 155 162 172 
3600 156 143 150 
3600 157 152 170 
3600 158 
3600 159 148 174 
3600 160 140 141 166 
3600 161 153 163 168 
3600 162 155 181 
3600 163 161 175 
3600 164 176 178 
3600 165 138 147 
3600 166 160 171 
3600 167 144 177 
3600 168 143 161 
3600 169 170 173 
3600 170 154 157 169 
3600 171 145 166 
3600 172 149 155 
3600 173 152 169 
3600 174 159 175 
3600 175 163 174 
3600 176 139 149 153 164 
3600 177 148 167 
3600 178 164 181 
3600 179 
3600 180 14 151 
3600 181 162 178 
3600 182 215 
3600 183 186 194 
3600 184 
3600 185 190 222 
3600 186 183 210 
3600 187 196 209 
3600 188 211 223 
3600 189 214 217 
3600 190 185 205 
3600 191 198 212 
3600 192 5 215 
3600 193 208 211 
3600 194 183 216 
3600 195 219 223 
3600 196 187 200 
3600 197 214 
3600 198 191 210 
3600 199 210 
3600 200 196 221 
3600 201 203 205 
3600 202 209 220 
3600 203 201 207 
3600 204 15 222 
3600 205 190 201 
3600 206 211 222 
3600 207 203 220 
3600 208 193 222 
3600 209 187 202 
3600 210 186 198 199 
3600 211 188 193 206 217 
3600 212 191 218 
3600 213 221 223 
3600 214 189 197 
3600 215 182 192 216 
3600 216 194 215 
3600 217 189 211 
3600 218 212 219 
3600 219 195 218 
3600 220 202 207 
3600 221 200 213 
3600 222 185 204 206 208 
3600 223 15 188 195 213 
3600 224 0 1 2 5 
3600 225 0 3 4 
3600 226 0 1 2 4 
3600 227 0 5 
3600 228 0 3 
3600 229 0 5 
3600 230 0 2 3 4 
3600 231 0 1 4 5 
3600 232 0 1 2 
3600 233 0 3 
3600 234 0 3 
3600 235 0 1 2 
3600 236 0 5 
3600 237 0 4 
3600 238 0 4 
3600 239 0 1 2 
3600 240 0 5 
3600 241 0 3 4 
3600 242 0 5 
3600 243 0 3 
3600 244 0 2 
3600 245 0 1 
3600 246 0 1 4 5 
3600 247 0 2 3 
3600 248 0 2 
3600 249 0 4 
3600 250 0 1 3 5 
3600 251 0 1 2 5 
3600 252 0 4 
3600 253 0 1 3 
5400 0 1 2 3 4 5 224 225 226 227 228 229 230 231 232 233 234 235 236 237 238 239 240 241 242 243 244 245 246 247 248 249 250 251 252 253 
5400 1 0 2 3 4 5 6 7 57 224 226 231 232 235 239 245 246 250 251 253 
5400 2 0 1 3 4 5 8 9 10 224 226 230 232 235 239 244 247 248 251 
5400 3 0 1 2 4 5 11 12 13 225 228 230 233 234 241 243 247 250 253 
5400 4 0 1 2 3 5 14 225 226 230 231 237 238 241 246 249 252 
5400 5 0 1 2 3 4 15 207 224 227 229 231 236 240 242 246 250 251 
5400 6 1 7 38 
5400 7 1 6 
5400 8 2 9 10 
5400 9 2 8 10 68 
5400 10 2 8 9 
5400 11 3 12 13 122 134 
5400 12 3 11 13 100 
5400 13 3 11 12 
5400 14 4 170 
5400 15 5 188 217 
5400 16 23 55 
5400 17 36 54 
5400 18 
5400 19 47 48 
5400 20 37 52 
5400 21 23 57 
5400 22 37 43 
5400 23 16 21 
5400 24 46 52 
5400 25 51 54 
5400 26 35 52 
5400 27 29 53 
5400 28 45 53 
5400 29 27 35 
5400 30 38 39 
5400 31 41 49 
5400 32 52 58 
5400 33 48 
5400 34 
5400 35 26 29 
5400 36 17 
5400 37 20 22 46 49 
5400 38 6 30 40 41 
5400 39 30 44 
5400 40 38 42 
5400 41 31 38 
5400 42 40 
5400 43 22 56 
5400 44 39 51 58 
5400 45 28 50 
5400 46 24 37 
5400 47 19 56 
5400 48 19 33 50 55 
5400 49 31 37 
5400 50 45 48 
5400 51 25 44 
5400 52 20 24 26 32 
5400 53 27 28 
5400 54 17 25 
5400 55 16 48 
5400 56 43 47 
5400 57 1 21 
5400 58 32 44 
5400 59 70 74 
5400 60 61 78 
5400 61 60 
5400 62 86 
5400 63 70 82 
5400 64 77 78 
5400 65 71 86 
5400 66 83 88 
5400 67 77 80 
5400 68 9 85 
5400 69 84 
5400 70 59 63 
5400 71 65 79 
5400 72 75 84 
5400 73 83 85 
5400 74 59 77 
5400 75 72 78 
5400 76 77 80 
5400 77 64 67 74 76 79 
5400 78 60 64 75 81 
5400 79 71 77 
5400 80 67 76 87 
5400 81 78 87 
5400 82 63 88 
5400 83 66 73 
5400 84 69 72 
5400 85 68 73 
5400 86 62 65 
5400 87 80 81 
5400 88 66 82 
5400 89 
5400 90 101 119 
5400 91 102 130 
5400 92 98 124 
5400 93 
5400 94 117 133 
5400 95 119 133 
5400 96 99 104 
5400 97 
5400 98 92 134 
5400 99 96 123 
5400 100 12 131 
5400 101 90 111 112 
5400 102 91 109 
5400 103 120 129 
5400 104 96 107 
5400 105 115 118 
5400 106 125 126 
5400 107 104 113 
5400 108 123 136 
5400 109 102 131 
5400 110 119 
5400 111 101 120 
5400 112 101 127 
5400 113 107 124 
5400 114 116 132 
5400 115 105 128 
5400 116 114 123 
5400 117 94 
5400 118 105 127 
5400 119 90 95 110 
5400 120 103 111 
5400 121 132 
5400 122 11 130 
5400 123 99 108 116 
5400 124 92 113 137 
5400 125 106 
5400 126 106 128 
5400 127 112 118 
5400 128 115 126 
5400 129 103 131 
5400 130 91 122 137 
5400 131 100 109 129 
5400 132 114 121 
5400 133 94 95 
5400 134 11 98 
5400 135 136 
5400 136 108 135 
5400 137 124 130 
5400 138 151 165 
5400 139 153 
5400 140 141 167 
5400 141 140 151 
5400 142 150 179 
5400 143 149 163 
5400 144 174 178 
5400 145 170 
5400 146 151 164 
5400 147 174 176 
5400 148 158 162 
5400 149 143 155 
5400 150 142 160 
5400 151 138 141 146 172 
5400 152 174 177 
5400 153 139 155 
5400 154 169 177 
5400 155 149 153 
5400 156 158 179 
5400 157 159 179 
5400 158 148 156 
5400 159 157 
5400 160 150 165 
5400 161 165 168 
5400 162 148 167 180 
5400 163 143 176 
5400 164 146 179 
5400 165 138 160 161 
5400 166 
5400 167 140 162 
5400 168 161 172 
5400 169 154 170 
5400 170 14 145 169 
5400 171 
5400 172 151 168 
5400 173 176 177 
5400 174 144 147 152 175 178 
5400 175 174 176 
5400 176 147 163 173 175 180 
5400 177 152 154 173 
5400 178 144 174 
5400 179 142 156 157 164 
5400 180 162 176 
5400 181 
5400 182 
5400 183 214 215 
5400 184 210 212 
5400 185 197 219 
5400 186 217 218 
5400 187 220 223 
5400 188 15 196 
5400 189 191 204 207 
5400 190 200 223 
5400 191 189 201 
5400 192 196 216 
5400 193 195 221 
5400 194 216 223 
5400 195 193 213 
5400 196 188 192 
5400 197 185 208 
5400 198 200 204 
5400 199 205 
5400 200 190 198 208 222 
5400 201 191 203 
5400 202 206 212 
5400 203 201 221 
5400 204 189 198 
5400 205 199 223 
5400 206 202 
5400 207 5 189 
5400 208 197 200 
5400 209 212 223 
5400 210 184 222 
5400 211 213 223 
5400 212 184 202 209 
5400 213 195 211 
5400 214 183 218 
5400 215 183 
5400 216 192 194 
5400 217 15 186 
5400 218 186 214 
5400 219 185 
5400 220 187 
5400 221 193 203 
5400 222 200 210 
5400 223 187 190 194 205 209 211 
5400 224 0 1 2 5 
5400 225 0 3 4 
5400 226 0 1 2 4 
5400 227 0 5 
5400 228 0 3 
5400 229 0 5 
5400 230 0 2 3 4 
5400 231 0 1 4 5 
5400 232 0 1 2 
5400 233 0 3 
5400 234 0 3 
5400 235 0 1 2 
5400 236 0 5 
5400 237 0 4 
5400 238 0 4 
5400 239 0 1 2 
5400 240 0 5 
5400 241 0 3 4 
5400 242 0 5 
5400 243 0 3 
5400 244 0 2 
5400 245 0 1 
5400 246 0 1 4 5 
5400 247 0 2 3 
5400 248 0 2 
5400 249 0 4 
5400 250 0 1 3 5 
5400 251 0 1 2 5 
5400 252 0 4 
5400 253 0 1 3 
7200 0 1 2 3 4 5 224 225 226 227 228 229 230 231 232 233 234 235 236 237 238 239 240 241 242 243 244 245 246 247 248 249 250 251 252 253 
7200 1 0 2 3 4 5 6 7 224 226 231 232 235 239 245 246 250 251 253 
7200 2 0 1 3 4 5 8 9 10 224 226 230 232 235 239 244 247 248 251 
7200 3 0 1 2 4 5 11 12 13 225 228 230 233 234 241 243 247 250 253 
7200 4 0 1 2 3 5 14 225 226 230 231 237 238 241 246 249 252 
7200 5 0 1 2 3 4 15 224 227 229 231 236 240 242 246 250 251 
7200 6 1 7 57 
7200 7 1 6 
7200 8 2 9 10 
7200 9 2 8 10 
7200 10 2 8 9 73 
7200 11 3 12 13 137 
7200 12 3 11 13 133 
7200 13 3 11 12 
7200 14 4 172 
7200 15 5 223 
7200 16 22 31 
7200 17 31 39 
7200 18 20 22 
7200 19 29 37 
7200 20 18 28 
7200 21 40 45 
7200 22 16 18 
7200 23 31 33 
7200 24 34 50 54 
7200 25 38 39 
7200 26 30 55 
7200 27 41 50 
7200 28 20 49 
7200 29 19 43 
7200 30 26 52 
7200 31 16 17 23 
7200 32 35 52 
7200 33 23 
7200 34 24 
7200 35 32 46 
7200 36 41 55 
7200 37 19 43 
7200 38 25 47 51 
7200 39 17 25 
7200 40 21 43 
7200 41 27 36 53 
7200 42 43 58 
7200 43 29 37 40 42 44 45 54 
7200 44 43 
7200 45 21 43 
7200 46 35 58 
7200 47 38 48 
7200 48 47 
7200 49 28 
7200 50 24 27 
7200 51 38 56 
7200 52 30 32 53 
7200 53 41 52 
7200 54 24 43 
7200 55 26 36 
7200 56 51 58 
7200 57 6 
7200 58 42 46 56 
7200 59 86 88 
7200 60 76 78 
7200 61 78 80 
7200 62 79 81 
7200 63 72 
7200 64 76 81 
7200 65 86 88 
7200 66 74 83 
7200 67 80 83 
7200 68 75 80 
7200 69 77 81 
7200 70 71 87 
7200 71 70 72 
7200 72 63 71 
7200 73 10 
7200 74 66 81 
7200 75 68 79 
7200 76 60 64 
7200 77 69 87 
7200 78 60 61 84 85 
7200 79 62 75 
7200 80 61 67 68 82 
7200 81 62 64 69 74 
7200 82 80 86 
7200 83 66 67 85 
7200 84 78 
7200 85 78 83 
7200 86 59 65 82 
7200 87 70 77 
7200 88 59 65 
7200 89 
7200 90 108 109 
7200 91 108 131 
7200 92 104 108 
7200 93 
7200 94 103 109 
7200 95 
7200 96 111 114 
7200 97 130 
7200 98 114 
7200 99 107 114 
7200 100 109 131 
7200 101 109 126 
7200 102 105 117 
7200 103 94 133 
7200 104 92 117 
7200 105 102 118 
7200 106 
7200 107 99 127 
7200 108 90 91 92 120 128 
7200 109 90 94 100 101 118 128 129 
7200 110 120 130 
7200 111 96 117 
7200 112 114 121 
7200 113 115 127 
7200 114 96 98 99 112 
7200 115 113 119 
7200 116 123 134 
7200 117 102 104 111 
7200 118 105 109 
7200 119 115 127 
7200 120 108 110 
7200 121 112 
7200 122 124 132 134 
7200 123 116 132 
7200 124 122 127 
7200 125 
7200 126 101 
7200 127 107 113 119 124 129 137 
7200 128 108 109 
7200 129 109 127 
7200 130 97 110 
7200 131 91 100 
7200 132 122 123 
7200 133 12 103 
7200 134 116 122 
7200 135 
7200 136 
7200 137 11 127 
7200 138 146 156 
7200 139 157 176 
7200 140 171 
7200 141 146 173 
7200 142 144 160 
7200 143 146 159 
7200 144 142 179 
7200 145 149 162 
7200 146 138 141 143 
7200 147 153 177 
7200 148 149 174 
7200 149 145 148 
7200 150 176 
7200 151 172 180 
7200 152 158 165 
7200 153 147 161 
7200 154 161 163 
7200 155 168 170 
7200 156 138 178 
7200 157 139 170 
7200 158 152 176 
7200 159 143 
7200 160 142 164 
7200 161 153 154 
7200 162 145 178 
7200 163 154 175 
7200 164 160 176 
7200 165 152 171 
7200 166 
7200 167 171 172 
7200 168 155 169 
7200 169 168 181 
7200 170 155 157 
7200 171 140 165 167 
7200 172 14 151 167 
7200 173 141 177 
7200 174 148 180 
7200 175 163 179 
7200 176 139 150 158 164 
7200 177 147 173 
7200 178 156 162 
7200 179 144 175 
7200 180 151 174 181 
7200 181 169 180 
7200 182 
7200 183 213 214 
7200 184 209 
7200 185 203 211 
7200 186 217 220 
7200 187 204 210 
7200 188 
7200 189 201 208 
7200 190 
7200 191 193 194 
7200 192 205 
7200 193 191 223 
7200 194 191 202 
7200 195 204 205 
7200 196 223 
7200 197 
7200 198 217 223 
7200 199 206 207 215 
7200 200 210 221 
7200 201 189 219 
7200 202 194 215 
7200 203 185 222 
7200 204 187 195 
7200 205 192 195 
7200 206 199 214 
7200 207 199 208 
7200 208 189 207 218 
7200 209 184 211 218 
7200 210 187 200 
7200 211 185 209 
7200 212 219 223 
7200 213 183 
7200 214 183 206 
7200 215 199 202 
7200 216 220 
7200 217 186 198 
7200 218 208 209 
7200 219 201 212 
7200 220 186 216 
7200 221 200 
7200 222 203 
7200 223 15 193 196 198 212 
7200 224 0 1 2 5 
7200 225 0 3 4 
7200 226 0 1 2 4 
7200 227 0 5 
7200 228 0 3 
7200 229 0 5 
7200 230 0 2 3 4 
7200 231 0 1 4 5 
7200 232 0 1 2 
7200 233 0 3 
7200 234 0 3 
7200 235 0 1 2 
7200 236 0 5 
7200 237 0 4 
7200 238 0 4 
7200 239 0 1 2 
7200 240 0 5 
7200 241 0 3 4 
7200 242 0 5 
7200 243 0 3 
7200 244 0 2 
7200 245 0 1 
7200 246 0 1 4 5 
7200 247 0 2 3 
7200 248 0 2 
7200 249 0 4 
7200 250 0 1 3 5 
7200 251 0 1 2 5 
7200 252 0 4 
7200 253 0 1 3 
9000 0 1 2 3 4 5 224 225 226 227 228 229 230 231 232 233 234 235 236 237 238 239 240 241 242 243 244 245 246 247 248 249 250 251 252 253 
9000 1 0 2 3 4 5 6 7 224 226 231 232 235 239 245 246 250 251 253 
9000 2 0 1 3 4 5 8 9 10 224 226 230 232 235 239 244 247 248 251 
9000 3 0 1 2 4 5 11 12 13 225 228 230 233 234 241 243 247 250 253 
9000 4 0 1 2 3 5 14 225 226 230 231 237 238 241 246 249 252 
9000 5 0 1 2 3 4 15 224 227 229 231 236 240 242 246 250 251 
9000 6 1 7 
9000 7 1 6 
9000 8 2 9 10 69 
9000 9 2 8 10 
9000 10 2 8 9 
9000 11 3 12 13 
9000 12 3 11 13 127 
9000 13 3 11 12 
9000 14 4 169 
9000 15 5 204 207 
9000 16 33 52 
9000 17 39 41 
9000 18 36 41 
9000 19 26 54 
9000 20 23 39 
9000 21 46 56 
9000 22 31 38 
9000 23 20 34 50 
9000 24 36 46 
9000 25 42 53 
9000 26 19 49 
9000 27 28 31 
9000 28 27 57 
9000 29 46 51 
9000 30 35 36 
9000 31 22 27 
9000 32 39 43 
9000 33 16 38 
9000 34 23 
9000 35 30 38 
9000 36 18 24 30 37 
9000 37 36 46 
9000 38 22 33 35 
9000 39 17 20 32 
9000 40 
9000 41 17 18 
9000 42 25 43 
9000 43 32 42 
9000 44 
9000 45 46 55 
9000 46 21 24 29 37 45 48 49 50 53 57 
9000 47 48 52 
9000 48 46 47 
9000 49 26 46 
9000 50 23 46 
9000 51 29 58 
9000 52 16 47 
9000 53 25 46 
9000 54 19 55 
9000 55 45 54 
9000 56 21 58 
9000 57 28 46 
9000 58 51 56 
9000 59 74 79 
9000 60 80 86 
9000 61 76 79 
9000 62 77 82 
9000 63 83 87 
9000 64 67 88 
9000 65 68 78 
9000 66 73 88 
9000 67 64 78 
9000 68 65 77 
9000 69 8 81 
9000 70 75 86 
9000 71 80 83 
9000 72 73 87 
9000 73 66 72 
9000 74 59 88 
9000 75 70 77 
9000 76 61 85 
9000 77 62 68 75 
9000 78 65 67 
9000 79 59 61 
9000 80 60 71 
9000 81 69 82 
9000 82 62 81 
9000 83 63 71 85 
9000 84 87 88 
9000 85 76 83 
9000 86 60 70 
9000 87 63 72 84 
9000 88 64 66 74 84 
9000 89 97 101 
9000 90 100 113 
9000 91 122 137 
9000 92 110 117 
9000 93 115 126 
9000 94 95 
9000 95 94 
9000 96 119 132 
9000 97 89 
9000 98 102 122 
9000 99 115 121 130 
9000 100 90 101 
9000 101 89 100 111 120 123 
9000 102 98 114 
9000 103 117 119 
9000 104 118 130 
9000 105 114 122 
9000 106 
9000 107 114 133 
9000 108 114 128 
9000 109 114 122 
9000 110 92 
9000 111 101 122 
9000 112 114 117 
9000 113 90 134 
9000 114 102 105 107 108 109 112 131 137 
9000 115 93 99 
9000 116 120 123 
9000 117 92 103 112 
9000 118 104 122 
9000 119 96 103 127 
9000 120 101 116 
9000 121 99 
9000 122 91 98 105 109 111 118 128 134 
9000 123 101 116 
9000 124 129 131 
9000 125 126 
9000 126 93 125 
9000 127 12 119 
9000 128 108 122 
9000 129 124 133 
9000 130 99 104 
9000 131 114 124 
9000 132 96 133 
9000 133 107 129 132 136 
9000 134 113 122 
9000 135 
9000 136 133 
9000 137 91 114 
9000 138 139 180 
9000 139 138 159 
9000 140 141 181 
9000 141 140 176 
9000 142 144 157 158 
9000 143 165 177 
9000 144 142 172 
9000 145 166 171 
9000 146 159 179 
9000 147 165 177 
9000 148 178 
9000 149 170 172 
9000 150 165 181 
9000 151 152 178 
9000 152 151 162 
9000 153 168 172 
9000 154 167 172 
9000 155 163 170 
9000 156 165 180 
9000 157 142 164 
9000 158 142 176 
9000 159 139 146 
9000 160 175 178 
9000 161 163 
9000 162 152 176 
9000 163 155 161 
9000 164 157 170 
9000 165 143 147 150 156 
9000 166 145 
9000 167 154 176 
9000 168 153 174 
9000 169 14 173 
9000 170 149 155 164 
9000 171 145 
9000 172 144 149 153 154 
9000 173 169 174 175 
9000 174 168 173 
9000 175 160 173 
9000 176 141 158 162 167 
9000 177 143 147 
9000 178 148 151 160 
9000 179 146 
9000 180 138 156 
9000 181 140 150 
9000 182 
9000 183 206 220 
9000 184 206 210 
9000 185 
9000 186 193 223 
9000 187 203 222 
9000 188 213 
9000 189 209 214 
9000 190 207 223 
9000 191 194 213 
9000 192 202 211 
9000 193 186 200 
9000 194 191 204 
9000 195 205 214 
9000 196 216 222 
9000 197 
9000 198 200 201 
9000 199 215 
9000 200 193 198 
9000 201 198 210 
9000 202 192 203 
9000 203 187 202 
9000 204 15 194 
9000 205 195 215 
9000 206 183 184 
9000 207 15 190 
9000 208 212 217 
9000 209 189 218 
9000 210 184 201 
9000 211 192 216 
9000 212 208 215 
9000 213 188 191 219 
9000 214 189 195 
9000 215 199 205 212 218 
9000 216 196 211 
9000 217 208 220 
9000 218 209 215 
9000 219 213 221 
9000 220 183 217 
9000 221 219 
9000 222 187 196 
9000 223 186 190 
9000 224 0 1 2 5 
9000 225 0 3 4 
9000 226 0 1 2 4 
9000 227 0 5 
9000 228 0 3 
9000 229 0 5 
9000 230 0 2 3 4 
9000 231 0 1 4 5 
9000 232 0 1 2 
9000 233 0 3 
9000 234 0 3 
9000 235 0 1 2 
9000 236 0 5 
9000 237 0 4 
9000 238 0 4 
9000 239 0 1 2 
9000 240 0 5 
9000 241 0 3 4 
9000 242 0 5 
9000 243 0 3 
9000 244 0 2 
9000 245 0 1 
9000 246 0 1 4 5 
9000 247 0 2 3 
9000 248 0 2 
9000 249 0 4 
9000 250 0 1 3 5 
9000 251 0 1 2 5 
9000 252 0 4 
9000 253 0 1 3 
10800 0 1 2 3 4 5 224 225 226 227 228 229 230 231 232 233 234 235 236 237 238 239 240 241 242 243 244 245 246 247 248 249 250 251 252 253 
10800 1 0 2 3 4 5 6 7 224 226 231 232 235 239 245 246 250 251 253 
10800 2 0 1 3 4 5 8 9 10 224 226 230 232 235 239 244 247 248 251 
10800 3 0 1 2 4 5 11 12 13 225 228 230 233 234 241 243 247 250 253 
10800 4 0 1 2 3 5 14 158 225 226 230 231 237 238 241 246 249 252 
10800 5 0 1 2 3 4 15 224 227 229 231 236 240 242 246 250 251 
10800 6 1 7 32 
10800 7 1 6 
10800 8 2 9 10 62 71 
10800 9 2 8 10 74 82 
10800 10 2 8 9 60 
10800 11 3 12 13 117 
10800 12 3 11 13 111 
10800 13 3 11 12 118 
10800 14 4 146 178 
10800 15 5 205 214 
10800 16 37 47 
10800 17 35 56 
10800 18 52 54 
10800 19 37 56 
10800 20 37 38 
10800 21 49 51 
10800 22 41 49 
10800 23 52 54 
10800 24 40 52 
10800 25 27 30 
10800 26 32 
10800 27 25 41 
10800 28 45 54 
10800 29 43 48 
10800 30 25 49 
10800 31 43 49 
10800 32 6 26 57 
10800 33 34 
10800 34 33 
10800 35 17 39 
10800 36 42 56 
10800 37 16 19 20 
10800 38 20 46 
10800 39 35 57 
10800 40 24 50 58 
10800 41 22 27 
10800 42 36 55 
10800 43 29 31 
10800 44 
10800 45 28 48 
10800 46 38 55 
10800 47 16 56 
10800 48 29 45 
10800 49 21 22 30 31 
10800 50 40 55 
10800 51 21 53 
10800 52 18 23 24 
10800 53 51 54 
10800 54 18 23 28 53 
10800 55 42 46 50 58 
10800 56 17 19 36 47 
10800 57 32 39 
10800 58 40 55 
10800 59 81 85 
10800 60 10 67 
10800 61 78 85 
10800 62 8 86 
10800 63 79 80 
10800 64 78 88 
10800 65 66 68 
10800 66 65 77 
10800 67 60 88 
10800 68 65 86 
10800 69 71 88 
10800 70 77 86 
10800 71 8 69 
10800 72 83 84 
10800 73 76 86 
10800 74 9 82 
10800 75 79 87 
10800 76 73 82 
10800 77 66 70 
10800 78 61 64 
10800 79 63 75 
10800 80 63 82 
10800 81 59 87 
10800 82 9 74 76 80 
10800 83 72 87 
10800 84 72 
10800 85 59 61 
10800 86 62 68 70 73 
10800 87 75 81 83 
10800 88 64 67 69 
10800 89 95 
10800 90 113 137 
10800 91 104 124 
10800 92 103 112 
10800 93 
10800 94 104 122 
10800 95 89 108 
10800 96 104 124 
10800 97 
10800 98 125 131 137 
10800 99 119 120 
10800 100 103 130 
10800 101 110 128 
10800 102 113 124 
10800 103 92 100 
10800 104 91 94 96 107 132 
10800 105 
10800 106 
10800 107 104 111 
10800 108 95 117 
10800 109 123 128 
10800 110 101 
10800 111 12 107 119 
10800 112 92 127 
10800 113 90 102 122 123 133 134 
10800 114 130 132 
10800 115 125 127 
10800 116 
10800 117 11 108 133 
10800 118 13 134 
10800 119 99 111 
10800 120 99 124 
10800 121 129 
10800 122 94 113 
10800 123 109 113 
10800 124 91 96 102 120 129 
10800 125 98 115 
10800 126 
10800 127 112 115 
10800 128 101 109 
10800 129 121 124 
10800 130 100 114 
10800 131 98 
10800 132 104 114 
10800 133 113 117 
10800 134 113 118 
10800 135 
10800 136 
10800 137 90 98 
10800 138 159 164 
10800 139 163 176 
10800 140 155 
10800 141 164 177 
10800 142 148 168 
10800 143 157 177 
10800 144 160 172 
10800 145 160 
10800 146 14 159 
10800 147 173 177 
10800 148 142 162 
10800 149 165 172 
10800 150 166 180 
10800 151 169 174 
10800 152 154 180 
10800 153 162 169 
10800 154 152 160 
10800 155 140 168 
10800 156 168 174 
10800 157 143 159 
10800 158 4 170 
10800 159 138 146 157 
10800 160 144 145 154 
10800 161 163 168 
10800 162 148 153 
10800 163 139 161 175 
10800 164 138 141 
10800 165 149 171 
10800 166 150 179 
10800 167 174 180 
10800 168 142 155 156 161 
10800 169 151 153 
10800 170 158 173 
10800 171 165 
10800 172 144 149 
10800 173 147 170 
10800 174 151 156 167 
10800 175 163 179 
10800 176 139 177 
10800 177 141 143 147 176 
10800 178 14 
10800 179 166 175 
10800 180 150 152 167 
10800 181 
10800 182 
10800 183 202 211 
10800 184 205 
10800 185 198 202 
10800 186 210 223 
10800 187 197 223 
10800 188 202 213 
10800 189 195 
10800 190 211 217 
10800 191 196 203 
10800 192 218 220 
10800 193 214 221 
10800 194 203 220 
10800 195 189 202 
10800 196 191 219 
10800 197 187 
10800 198 185 223 
10800 199 
10800 200 216 223 
10800 201 204 222 
10800 202 183 185 188 195 
10800 203 191 194 
10800 204 201 222 
10800 205 15 184 
10800 206 211 215 
10800 207 214 
10800 208 212 
10800 209 216 220 
10800 210 186 
10800 211 183 190 206 
10800 212 208 217 
10800 213 188 219 
10800 214 15 193 207 
10800 215 206 
10800 216 200 209 
10800 217 190 212 
10800 218 192 222 
10800 219 196 213 
10800 220 192 194 209 
10800 221 193 
10800 222 201 204 218 
10800 223 186 187 198 200 
10800 224 0 1 2 5 
10800 225 0 3 4 
10800 226 0 1 2 4 
10800 227 0 5 
10800 228 0 3 
10800 229 0 5 
10800 230 0 2 3 4 
10800 231 0 1 4 5 
10800 232 0 1 2 
10800 233 0 3 
10800 234 0 3 
10800 235 0 1 2 
10800 236 0 5 
10800 237 0 4 
10800 238 0 4 
10800 239 0 1 2 
10800 240 0 5 
10800 241 0 3 4 
10800 242 0 5 
10800 243 0 3 
10800 244 0 2 
10800 245 0 1 
10800 246 0 1 4 5 
10800 247 0 2 3 
10800 248 0 2 
10800 249 0 4 
10800 250 0 1 3 5 
10800 251 0 1 2 5 
10800 252 0 4 
10800 253 0 1 3 
12600 0 1 2 3 4 5 224 225 226 227 228 229 230 231 232 233 234 235 236 237 238 239 240 241 242 243 244 245 246 247 248 249 250 251 252 253 
12600 1 0 2 3 4 5 6 7 18 224 226 231 232 235 239 245 246 250 251 253 
12600 2 0 1 3 4 5 8 9 10 224 226 230 232 235 239 244 247 248 251 
12600 3 0 1 2 4 5 11 12 13 130 225 228 230 233 234 241 243 247 250 253 
12600 4 0 1 2 3 5 14 225 226 230 231 237 238 241 246 249 252 
12600 5 0 1 2 3 4 15 217 224 227 229 231 236 240 242 246 250 251 
12600 6 1 7 52 57 
12600 7 1 6 23 
12600 8 2 9 10 74 
12600 9 2 8 10 59 
12600 10 2 8 9 
12600 11 3 12 13 103 
12600 12 3 11 13 133 136 
12600 13 3 11 12 96 
12600 14 4 178 
12600 15 5 198 217 
12600 16 31 35 
12600 17 54 55 
12600 18 1 41 
12600 19 47 49 
12600 20 47 
12600 21 
12600 22 25 35 
12600 23 7 54 
12600 24 41 46 
12600 25 22 58 
12600 26 48 52 
12600 27 37 46 
12600 28 41 53 
12600 29 53 55 
12600 30 41 49 
12600 31 16 46 
12600 32 46 51 
12600 33 40 
12600 34 36 
12600 35 16 22 
12600 36 34 37 
12600 37 27 36 
12600 38 51 56 
12600 39 48 56 
12600 40 33 
12600 41 18 24 28 30 
12600 42 44 57 
12600 43 49 50 
12600 44 42 55 
12600 45 47 51 
12600 46 24 27 31 32 
12600 47 19 20 45 
12600 48 26 39 
12600 49 19 30 43 
12600 50 43 51 
12600 51 32 38 45 50 
12600 52 6 26 
12600 53 28 29 
12600 54 17 23 
12600 55 17 29 44 
12600 56 38 39 58 
12600 57 6 42 
12600 58 25 56 
12600 59 9 83 
12600 60 67 72 
12600 61 77 87 
12600 62 74 83 
12600 63 82 87 
12600 64 84 87 
12600 65 79 83 
12600 66 77 81 
12600 67 60 74 
12600 68 81 88 
12600 69 77 85 
12600 70 78 81 
12600 71 77 79 
12600 72 60 84 
12600 73 80 85 
12600 74 8 62 67 
12600 75 78 86 
12600 76 81 88 
12600 77 61 66 69 71 
12600 78 70 75 
12600 79 65 71 
12600 80 73 82 
12600 81 66 68 70 76 
12600 82 63 80 86 
12600 83 59 62 65 
12600 84 64 72 
12600 85 69 73 
12600 86 75 82 
12600 87 61 63 64 
12600 88 68 76 
12600 89 
12600 90 124 130 
12600 91 109 137 
12600 92 97 104 
12600 93 94 125 
12600 94 93 132 
12600 95 107 
12600 96 13 133 
12600 97 92 101 
12600 98 107 112 
12600 99 102 129 136 
12600 100 120 
12600 101 97 112 128 
12600 102 99 120 
12600 103 11 118 
12600 104 92 127 
12600 105 122 131 
12600 106 
12600 107 95 98 113 114 
12600 108 110 116 122 
12600 109 91 134 
12600 110 108 
12600 111 114 128 
12600 112 98 101 
12600 113 107 123 
12600 114 107 111 
12600 115 125 126 
12600 116 108 
12600 117 119 129 
12600 118 103 
12600 119 117 120 
12600 120 100 102 119 
12600 121 131 
12600 122 105 108 
12600 123 113 
12600 124 90 134 
12600 125 93 115 126 
12600 126 115 125 
12600 127 104 132 137 
12600 128 101 111 
12600 129 99 117 
12600 130 3 90 
12600 131 105 121 
12600 132 94 127 
12600 133 12 96 
12600 134 109 124 
12600 135 
12600 136 12 99 
12600 137 91 127 
12600 138 146 158 
12600 139 177 
12600 140 147 
12600 141 160 176 
12600 142 176 
12600 143 144 167 173 
12600 144 143 156 
12600 145 150 
12600 146 138 169 
12600 147 140 173 
12600 148 158 162 
12600 149 151 172 
12600 150 145 166 
12600 151 149 153 163 
12600 152 170 176 
12600 153 151 169 
12600 154 158 177 
12600 155 172 177 
12600 156 144 157 
12600 157 156 170 
12600 158 138 148 154 180 
12600 159 
12600 160 141 175 
12600 161 165 168 
12600 162 148 163 167 
12600 163 151 162 
12600 164 169 174 
12600 165 161 175 
12600 166 150 174 
12600 167 143 162 
12600 168 161 169 
12600 169 146 153 164 168 
12600 170 152 157 
12600 171 
12600 172 149 155 
12600 173 143 147 
12600 174 164 166 179 180 
12600 175 160 165 
12600 176 141 142 152 
12600 177 139 154 155 
12600 178 14 
12600 179 174 
12600 180 158 174 
12600 181 
12600 182 
12600 183 222 223 
12600 184 205 
12600 185 191 218 
12600 186 218 220 
12600 187 203 206 
12600 188 211 223 
12600 189 214 223 
12600 190 208 
12600 191 185 198 
12600 192 201 
12600 193 211 218 
12600 194 214 221 
12600 195 209 219 
12600 196 202 203 
12600 197 
12600 198 15 191 
12600 199 207 
12600 200 216 
12600 201 192 208 
12600 202 196 204 
12600 203 187 196 
12600 204 202 223 
12600 205 184 209 
12600 206 187 220 
12600 207 199 212 
12600 208 190 201 210 
12600 209 195 205 
12600 210 208 
12600 211 188 193 
12600 212 207 222 
12600 213 214 223 
12600 214 189 194 213 221 
12600 215 
12600 216 200 
12600 217 5 15 
12600 218 185 186 193 
12600 219 195 223 
12600 220 186 206 
12600 221 194 214 
12600 222 183 212 
12600 223 183 188 189 204 213 219 
12600 224 0 1 2 5 
12600 225 0 3 4 
12600 226 0 1 2 4 
12600 227 0 5 
12600 228 0 3 
12600 229 0 5 
12600 230 0 2 3 4 
12600 231 0 1 4 5 
12600 232 0 1 2 
12600 233 0 3 
12600 234 0 3 
12600 235 0 1 2 
12600 236 0 5 
12600 237 0 4 
12600 238 0 4 
12600 239 0 1 2 
12600 240 0 5 
12600 241 0 3 4 
12600 242 0 5 
12600 243 0 3 
12600 244 0 2 
12600 245 0 1 
12600 246 0 1 4 5 
12600 247 0 2 3 
12600 248 0 2 
12600 249 0 4 
12600 250 0 1 3 5 
12600 251 0 1 2 5 
12600 252 0 4 
12600 253 0 1 3 
14400 0 1 2 3 4 5 224 225 226 227 228 229 230 231 232 233 234 235 236 237 238 239 240 241 242 243 244 245 246 247 248 249 250 251 252 253 
14400 1 0 2 3 4 5 6 7 39 224 226 231 232 235 239 245 246 250 251 253 
14400 2 0 1 3 4 5 8 9 10 224 226 230 232 235 239 244 247 248 251 
14400 3 0 1 2 4 5 11 12 13 225 228 230 233 234 241 243 247 250 253 
14400 4 0 1 2 3 5 14 164 225 226 230 231 237 238 241 246 249 252 
14400 5 0 1 2 3 4 15 205 223 224 227 229 231 236 240 242 246 250 251 
14400 6 1 7 50 
14400 7 1 6 
14400 8 2 9 10 
14400 9 2 8 10 
14400 10 2 8 9 
14400 11 3 12 13 
14400 12 3 11 13 
14400 13 3 11 12 
14400 14 4 162 175 
14400 15 5 203 212 
14400 16 17 35 
14400 17 16 41 
14400 18 
14400 19 35 36 
14400 20 23 41 
14400 21 46 54 
14400 22 43 52 
14400 23 20 33 
14400 24 46 50 
14400 25 28 58 
14400 26 45 57 
14400 27 46 49 
14400 28 25 30 32 40 
14400 29 48 55 
14400 30 28 53 
14400 31 32 52 
14400 32 28 31 
14400 33 23 57 
14400 34 
14400 35 16 19 
14400 36 19 37 
14400 37 36 47 
14400 38 45 57 
14400 39 1 
14400 40 28 
14400 41 17 20 
14400 42 43 55 
14400 43 22 42 
14400 44 
14400 45 26 38 
14400 46 21 24 27 51 
14400 47 37 54 
14400 48 29 55 
14400 49 27 56 
14400 50 6 24 56 
14400 51 46 53 
14400 52 22 31 
14400 53 30 51 
14400 54 21 47 
14400 55 29 42 48 
14400 56 49 50 
14400 57 26 33 38 58 
14400 58 25 57 
14400 59 72 82 
14400 60 68 74 
14400 61 70 83 
14400 62 68 87 
14400 63 71 86 
14400 64 71 75 
14400 65 69 87 
14400 66 69 80 
14400 67 
14400 68 60 62 
14400 69 65 66 88 
14400 70 61 87 
14400 71 63 64 
14400 72 59 76 82 
14400 73 84 86 
14400 74 60 77 
14400 75 64 83 
14400 76 72 84 
14400 77 74 81 85 
14400 78 79 87 
14400 79 78 87 
14400 80 66 86 
14400 81 77 83 
14400 82 59 72 
14400 83 61 75 81 
14400 84 73 76 
14400 85 77 86 
14400 86 63 73 80 85 
14400 87 62 65 70 78 79 88 
14400 88 69 87 
14400 89 97 101 123 
14400 90 117 134 
14400 91 102 104 
14400 92 96 122 
14400 93 108 118 
14400 94 122 
14400 95 110 128 
14400 96 92 107 
14400 97 89 
14400 98 105 129 
14400 99 110 124 
14400 100 105 109 
14400 101 89 123 
14400 102 91 120 
14400 103 104 132 
14400 104 91 103 
14400 105 98 100 
14400 106 119 
14400 107 96 118 
14400 108 93 129 
14400 109 100 127 
14400 110 95 99 
14400 111 112 130 
14400 112 111 
14400 113 114 128 
14400 114 113 131 
14400 115 136 
14400 116 
14400 117 90 132 134 
14400 118 93 107 
14400 119 106 130 137 
14400 120 102 133 
14400 121 
14400 122 92 94 
14400 123 89 101 
14400 124 99 131 
14400 125 
14400 126 
14400 127 109 137 
14400 128 95 113 
14400 129 98 108 
14400 130 111 119 
14400 131 114 124 133 
14400 132 103 117 
14400 133 120 131 
14400 134 90 117 
14400 135 
14400 136 115 
14400 137 119 127 
14400 138 169 170 
14400 139 
14400 140 
14400 141 154 162 
14400 142 144 167 
14400 143 155 169 
14400 144 142 176 
14400 145 147 
14400 146 174 176 
14400 147 145 151 
14400 148 153 158 
14400 149 150 174 
14400 150 149 153 166 
14400 151 147 158 179 
14400 152 173 180 
14400 153 148 150 
14400 154 141 165 
14400 155 143 177 
14400 156 157 160 
14400 157 156 159 
14400 158 148 151 
14400 159 157 
14400 160 156 171 
14400 161 168 
14400 162 14 141 178 
14400 163 172 176 
14400 164 4 165 
14400 165 154 164 171 173 
14400 166 150 
14400 167 142 177 
14400 168 161 175 
14400 169 138 143 
14400 170 138 175 
14400 171 160 165 
14400 172 163 176 
14400 173 152 165 
14400 174 146 149 179 
14400 175 14 168 170 
14400 176 144 146 163 172 
14400 177 155 167 
14400 178 162 180 
14400 179 151 174 
14400 180 152 178 
14400 181 
14400 182 215 
14400 183 186 199 
14400 184 
14400 185 
14400 186 183 214 
14400 187 210 
14400 188 198 214 
14400 189 205 219 
14400 190 219 220 
14400 191 213 219 
14400 192 206 220 
14400 193 210 211 
14400 194 214 217 
14400 195 218 222 
14400 196 222 223 
14400 197 
14400 198 188 216 
14400 199 183 
14400 200 219 221 
14400 201 212 219 
14400 202 208 216 
14400 203 15 211 
14400 204 218 221 
14400 205 5 189 
14400 206 192 213 
14400 207 215 219 
14400 208 202 218 
14400 209 217 223 
14400 210 187 193 
14400 211 193 203 
14400 212 15 201 
14400 213 191 206 
14400 214 186 188 194 
14400 215 182 207 
14400 216 198 202 
14400 217 194 209 
14400 218 195 204 208 
14400 219 189 190 191 200 201 207 
14400 220 190 192 
14400 221 200 204 
14400 222 195 196 
14400 223 5 196 209 
14400 224 0 1 2 5 
14400 225 0 3 4 
14400 226 0 1 2 4 
14400 227 0 5 
14400 228 0 3 
14400 229 0 5 
14400 230 0 2 3 4 
14400 231 0 1 4 5 
14400 232 0 1 2 
14400 233 0 3 
14400 234 0 3 
14400 235 0 1 2 
14400 236 0 5 
14400 237 0 4 
14400 238 0 4 
14400 239 0 1 2 
14400 240 0 5 
14400 241 0 3 4 
14400 242 0 5 
14400 243 0 3 
14400 244 0 2 
14400 245 0 1 
14400 246 0 1 4 5 
14400 247 0 2 3 
14400 248 0 2 
14400 249 0 4 
14400 250 0 1 3 5 
14400 251 0 1 2 5 
14400 252 0 4 
14400 253 0 1 3 
16200 0 1 2 3 4 5 224 225 226 227 228 229 230 231 232 233 234 235 236 237 238 239 240 241 242 243 244 245 246 247 248 249 250 251 252 253 
16200 1 0 2 3 4 5 6 7 224 226 231 232 235 239 245 246 250 251 253 
16200 2 0 1 3 4 5 8 9 10 224 226 230 232 235 239 244 247 248 251 
16200 3 0 1 2 4 5 11 12 13 225 228 230 233 234 241 243 247 250 253 
16200 4 0 1 2 3 5 14 225 226 230 231 237 238 241 246 249 252 
16200 5 0 1 2 3 4 15 224 227 229 231 236 240 242 246 250 251 
16200 6 1 7 
16200 7 1 6 39 
16200 8 2 9 10 86 
16200 9 2 8 10 84 
16200 10 2 8 9 85 
16200 11 3 12 13 
16200 12 3 11 13 113 
16200 13 3 11 12 
16200 14 4 164 
16200 15 5 198 202 
16200 16 18 29 
16200 17 38 55 
16200 18 16 24 
16200 19 
16200 20 49 54 
16200 21 25 45 
16200 22 37 49 
16200 23 42 54 
16200 24 18 57 
16200 25 21 31 52 
16200 26 48 53 
16200 27 43 51 
16200 28 42 51 
16200 29 16 37 
16200 30 58 
16200 31 25 
16200 32 35 37 
16200 33 
16200 34 
16200 35 32 44 57 
16200 36 
16200 37 22 29 32 
16200 38 17 46 58 
16200 39 7 56 
16200 40 50 
16200 41 52 55 
16200 42 23 28 
16200 43 27 50 
16200 44 35 56 
16200 45 21 
16200 46 38 55 
16200 47 53 56 
16200 48 26 
16200 49 20 22 
16200 50 40 43 
16200 51 27 28 
16200 52 25 41 
16200 53 26 47 
16200 54 20 23 
16200 55 17 41 46 
16200 56 39 44 47 
16200 57 24 35 
16200 58 30 38 
16200 59 83 88 
16200 60 68 74 
16200 61 82 88 
16200 62 76 83 
16200 63 75 79 
16200 64 87 88 
16200 65 86 
16200 66 82 
16200 67 74 82 
16200 68 60 80 
16200 69 72 85 
16200 70 87 
16200 71 78 81 
16200 72 69 77 
16200 73 80 86 
16200 74 60 67 
16200 75 63 88 
16200 76 62 83 
16200 77 72 86 
16200 78 71 86 
16200 79 63 87 
16200 80 68 73 
16200 81 71 87 
16200 82 61 66 67 
16200 83 59 62 76 84 
16200 84 9 83 
16200 85 10 69 
16200 86 8 65 73 77 78 
16200 87 64 70 79 81 
16200 88 59 61 64 75 
16200 89 96 116 
16200 90 96 97 110 
16200 91 103 119 
16200 92 112 117 
16200 93 114 136 
16200 94 122 125 
16200 95 106 130 
16200 96 89 90 
16200 97 90 
16200 98 99 113 
16200 99 98 118 
16200 100 116 123 
16200 101 112 119 
16200 102 104 137 
16200 103 91 134 
16200 104 102 127 
16200 105 109 127 
16200 106 95 
16200 107 117 131 
16200 108 122 124 
16200 109 105 123 
16200 110 90 
16200 111 119 120 
16200 112 92 101 
16200 113 12 98 132 
16200 114 93 133 
16200 115 
16200 116 89 100 
16200 117 92 107 
16200 118 99 129 
16200 119 91 101 111 
16200 120 111 124 
16200 121 
16200 122 94 108 
16200 123 100 109 
16200 124 108 120 
16200 125 94 134 
16200 126 
16200 127 104 105 
16200 128 130 132 
16200 129 118 131 
16200 130 95 128 
16200 131 107 129 
16200 132 113 128 
16200 133 114 137 
16200 134 103 125 
16200 135 
16200 136 93 
16200 137 102 133 
16200 138 159 163 
16200 139 143 
16200 140 147 167 
16200 141 147 160 
16200 142 153 168 
16200 143 139 179 
16200 144 165 167 
16200 145 
16200 146 174 179 
16200 147 140 141 173 
16200 148 169 
16200 149 172 179 
16200 150 
16200 151 170 180 
16200 152 160 177 
16200 153 142 175 
16200 154 165 176 
16200 155 158 161 
16200 156 169 174 
16200 157 161 179 
16200 158 155 179 
16200 159 138 
16200 160 141 152 
16200 161 155 157 
16200 162 166 169 
16200 163 138 167 
16200 164 14 170 
16200 165 144 154 
16200 166 162 181 
16200 167 140 144 163 
16200 168 142 176 
16200 169 148 156 162 172 
16200 170 151 164 
16200 171 
16200 172 149 169 
16200 173 147 177 
16200 174 146 156 
16200 175 153 180 
16200 176 154 168 
16200 177 152 173 
16200 178 
16200 179 143 146 149 157 158 
16200 180 151 175 
16200 181 166 
16200 182 220 
16200 183 199 216 
16200 184 194 
16200 185 191 211 
16200 186 210 220 
16200 187 195 222 
16200 188 
16200 189 213 220 
16200 190 213 218 
16200 191 185 210 
16200 192 205 
16200 193 204 214 
16200 194 184 217 
16200 195 187 208 
16200 196 207 217 
16200 197 
16200 198 15 206 
16200 199 183 
16200 200 216 221 
16200 201 214 218 
16200 202 15 213 
16200 203 209 212 
16200 204 193 
16200 205 192 220 
16200 206 198 219 
16200 207 196 223 
16200 208 195 215 
16200 209 203 222 
16200 210 186 191 
16200 211 185 223 
16200 212 203 218 
16200 213 189 190 202 
16200 214 193 201 
16200 215 208 
16200 216 183 200 
16200 217 194 196 
16200 218 190 201 212 
16200 219 206 222 
16200 220 182 186 189 205 
16200 221 200 
16200 222 187 209 219 
16200 223 207 211 
16200 224 0 1 2 5 
16200 225 0 3 4 
16200 226 0 1 2 4 
16200 227 0 5 
16200 228 0 3 
16200 229 0 5 
16200 230 0 2 3 4 
16200 231 0 1 4 5 
16200 232 0 1 2 
16200 233 0 3 
16200 234 0 3 
16200 235 0 1 2 
16200 236 0 5 
16200 237 0 4 
16200 238 0 4 
16200 239 0 1 2 
16200 240 0 5 
16200 241 0 3 4 
16200 242 0 5 
16200 243 0 3 
16200 244 0 2 
16200 245 0 1 
16200 246 0 1 4 5 
16200 247 0 2 3 
16200 248 0 2 
16200 249 0 4 
16200 250 0 1 3 5 
16200 251 0 1 2 5 
16200 252 0 4 
16200 253 0 1 3 
18000 0 1 2 3 4 5 224 225 226 227 228 229 230 231 232 233 234 235 236 237 238 239 240 241 242 243 244 245 246 247 248 249 250 251 252 253 
18000 1 0 2 3 4 5 6 7 21 224 226 231 232 235 239 245 246 250 251 253 
18000 2 0 1 3 4 5 8 9 10 224 226 230 232 235 239 244 247 248 251 
18000 3 0 1 2 4 5 11 12 13 225 228 230 233 234 241 243 247 250 253 
18000 4 0 1 2 3 5 14 225 226 230 231 237 238 241 246 249 252 
18000 5 0 1 2 3 4 15 204 224 227 229 231 236 240 242 246 250 251 
18000 6 1 7 27 
18000 7 1 6 20 47 
18000 8 2 9 10 
18000 9 2 8 10 68 
18000 10 2 8 9 
18000 11 3 12 13 137 
18000 12 3 11 13 108 
18000 13 3 11 12 115 
18000 14 4 173 
18000 15 5 186 191 
18000 16 22 29 40 
18000 17 25 43 
18000 18 52 
18000 19 26 47 
18000 20 7 51 
18000 21 1 
18000 22 16 35 
18000 23 37 57 
18000 24 32 34 
18000 25 17 49 
18000 26 19 38 
18000 27 6 30 
18000 28 32 54 
18000 29 16 52 
18000 30 27 49 58 
18000 31 35 46 
18000 32 24 28 36 
18000 33 
18000 34 24 57 
18000 35 22 31 
18000 36 32 
18000 37 23 40 
18000 38 26 42 
18000 39 41 53 
18000 40 16 37 
18000 41 39 55 
18000 42 38 57 
18000 43 17 57 
18000 44 45 47 
18000 45 44 53 
18000 46 31 58 
18000 47 7 19 44 
18000 48 56 
18000 49 25 30 
18000 50 51 56 
18000 51 20 50 
18000 52 18 29 
18000 53 39 45 
18000 54 28 56 
18000 55 41 
18000 56 48 50 54 
18000 57 23 34 42 43 
18000 58 30 46 
18000 59 83 85 
18000 60 77 81 
18000 61 64 80 
18000 62 71 87 
18000 63 82 88 
18000 64 61 65 
18000 65 64 80 
18000 66 83 85 
18000 67 73 79 
18000 68 9 88 
18000 69 81 83 
18000 70 72 77 
18000 71 62 73 
18000 72 70 77 
18000 73 67 71 
18000 74 77 85 
18000 75 81 83 
18000 76 78 84 
18000 77 60 70 72 74 87 
18000 78 76 86 
18000 79 67 81 
18000 80 61 65 
18000 81 60 69 75 79 
18000 82 63 84 
18000 83 59 66 69 75 
18000 84 76 82 
18000 85 59 66 74 
18000 86 78 88 
18000 87 62 77 
18000 88 63 68 86 
18000 89 101 
18000 90 103 122 
18000 91 98 124 
18000 92 120 131 
18000 93 106 126 
18000 94 99 106 
18000 95 128 
18000 96 115 127 
18000 97 107 112 
18000 98 91 124 
18000 99 94 136 
18000 100 105 107 
18000 101 89 
18000 102 112 124 
18000 103 90 114 
18000 104 113 124 
18000 105 100 129 
18000 106 93 94 125 
18000 107 97 100 129 
18000 108 12 123 
18000 109 122 128 
18000 110 122 
18000 111 119 123 
18000 112 97 102 
18000 113 104 118 
18000 114 103 133 
18000 115 13 96 
18000 116 
18000 117 118 120 
18000 118 113 117 134 
18000 119 111 127 
18000 120 92 117 
18000 121 
18000 122 90 109 110 134 
18000 123 108 111 130 
18000 124 91 98 102 104 
18000 125 106 126 
18000 126 93 125 132 
18000 127 96 119 133 137 
18000 128 95 109 
18000 129 105 107 
18000 130 123 131 
18000 131 92 130 
18000 132 126 136 
18000 133 114 127 
18000 134 118 122 
18000 135 
18000 136 99 132 
18000 137 11 127 
18000 138 160 161 
18000 139 171 172 
18000 140 145 
18000 141 144 167 
18000 142 168 180 
18000 143 147 168 
18000 144 141 157 163 179 
18000 145 140 155 
18000 146 154 171 
18000 147 143 175 
18000 148 169 181 
18000 149 151 172 
18000 150 
18000 151 149 172 
18000 152 154 158 
18000 153 164 179 
18000 154 146 152 
18000 155 145 165 
18000 156 160 178 
18000 157 144 
18000 158 152 174 
18000 159 171 
18000 160 138 156 
18000 161 138 
18000 162 171 180 
18000 163 144 
18000 164 153 172 
18000 165 155 174 
18000 166 
18000 167 141 175 
18000 168 142 143 
18000 169 148 172 
18000 170 172 177 
18000 171 139 146 159 162 
18000 172 139 149 151 164 169 170 176 
18000 173 14 
18000 174 158 165 
18000 175 147 167 
18000 176 172 177 
18000 177 170 176 
18000 178 156 181 
18000 179 144 153 
18000 180 142 162 
18000 181 148 178 
18000 182 
18000 183 205 207 
18000 184 
18000 185 218 219 
18000 186 15 205 
18000 187 214 219 
18000 188 196 216 
18000 189 207 210 
18000 190 198 203 
18000 191 15 214 
18000 192 209 211 
18000 193 200 221 
18000 194 195 220 
18000 195 194 203 
18000 196 188 218 
18000 197 214 
18000 198 190 210 
18000 199 206 
18000 200 193 222 
18000 201 202 217 
18000 202 201 211 
18000 203 190 195 220 
18000 204 5 223 
18000 205 183 186 215 
18000 206 199 
18000 207 183 189 
18000 208 212 214 
18000 209 192 212 
18000 210 189 198 
18000 211 192 202 223 
18000 212 208 209 
18000 213 219 222 
18000 214 187 191 197 208 
18000 215 205 217 
18000 216 188 218 
18000 217 201 215 
18000 218 185 196 216 
18000 219 185 187 213 
18000 220 194 203 
18000 221 193 
18000 222 200 213 
18000 223 204 211 
18000 224 0 1 2 5 
18000 225 0 3 4 
18000 226 0 1 2 4 
18000 227 0 5 
18000 228 0 3 
18000 229 0 5 
18000 230 0 2 3 4 
18000 231 0 1 4 5 
18000 232 0 1 2 
18000 233 0 3 
18000 234 0 3 
18000 235 0 1 2 
18000 236 0 5 
18000 237 0 4 
18000 238 0 4 
18000 239 0 1 2 
18000 240 0 5 
18000 241 0 3 4 
18000 242 0 5 
18000 243 0 3 
18000 244 0 2 
18000 245 0 1 
18000 246 0 1 4 5 
18000 247 0 2 3 
18000 248 0 2 
18000 249 0 4 
18000 250 0 1 3 5 
18000 251 0 1 2 5 
18000 252 0 4 
18000 253 0 1 3 
