0 21600
0 0 3 4 5 215 216 217 218 219 220 221 222 223 224 225 226 227 228 229 230 231 232 233 234 235 236 237 238 239 240 241 242 243 244 
0 1 43 44 45 
0 2 81 83 85 
0 3 0 122 123 215 219 221 225 231 232 235 236 239 242 
0 4 0 125 126 217 219 221 224 228 230 233 235 237 241 242 
0 5 0 213 214 216 220 221 225 226 231 234 236 241 243 244 
0 6 43 44 45 
0 7 43 44 45 
0 8 81 83 85 
0 9 120 122 123 
0 10 120 122 123 
0 11 124 125 126 
0 12 124 125 126 
0 13 124 125 126 
0 14 212 213 214 
0 15 43 44 45 
0 16 43 44 45 
0 17 43 44 45 
0 18 27 30 31 
0 19 43 44 45 
0 20 43 44 45 
0 21 43 44 45 
0 22 43 44 45 
0 23 43 44 45 
0 24 43 44 45 
0 25 43 44 45 
0 26 43 44 45 
0 27 18 44 45 
0 28 43 44 45 
0 29 43 44 45 
0 30 18 44 45 
0 31 18 44 45 
0 32 43 44 45 
0 33 43 44 45 
0 34 43 44 45 
0 35 43 44 45 
0 36 43 44 45 
0 37 43 44 45 
0 38 39 42 44 
0 39 38 44 45 
0 40 43 44 45 
0 41 43 44 45 
0 42 38 44 45 
0 43 1 6 7 15 16 17 19 20 21 22 23 24 25 26 28 29 32 33 34 35 36 37 40 41 
0 44 1 6 7 15 16 17 19 20 21 22 23 24 25 26 27 28 29 30 31 32 33 34 35 36 37 38 39 40 41 42 
0 45 1 6 7 15 16 17 19 20 21 22 23 24 25 26 27 28 29 30 31 32 33 34 35 36 37 39 40 41 42 
0 46 81 83 85 
0 47 79 80 85 
0 48 78 79 81 
0 49 63 80 84 
0 50 64 77 79 
0 51 80 83 84 
0 52 62 78 85 
0 53 81 83 84 
0 54 83 84 85 
0 55 81 83 85 
0 56 80 83 85 
0 57 80 83 84 
0 58 82 83 84 
0 59 83 84 85 
0 60 79 81 85 
0 61 62 78 85 
0 62 52 61 85 
0 63 49 80 83 
0 64 50 81 85 
0 65 80 83 85 
0 66 72 82 84 
0 67 83 84 85 
0 68 82 83 84 
0 69 72 82 84 
0 70 81 83 85 
0 71 75 80 85 
0 72 66 69 84 
0 73 79 81 85 
0 74 81 83 84 
0 75 71 83 85 
0 76 81 83 85 
0 77 50 81 85 
0 78 48 52 61 
0 79 47 48 50 60 73 
0 80 47 49 51 56 57 63 65 71 
0 81 2 8 46 48 53 55 60 64 70 73 74 76 77 
0 82 58 66 68 69 
0 83 2 8 46 51 53 54 55 56 57 58 59 63 65 67 68 70 74 75 76 
0 84 49 51 53 54 57 58 59 66 67 68 69 72 74 
0 85 2 8 46 47 52 54 55 56 59 60 61 62 64 65 67 70 71 73 75 76 77 
0 86 121 122 123 
0 87 120 122 123 
0 88 121 122 123 
0 89 121 122 123 
0 90 120 122 123 
0 91 118 120 123 
0 92 121 122 123 
0 93 118 120 123 
0 94 120 122 123 
0 95 120 122 123 
0 96 120 122 123 
0 97 120 122 123 
0 98 115 117 121 
0 99 120 122 123 
0 100 120 122 123 
0 101 120 122 123 
0 102 107 122 123 
0 103 118 120 123 
0 104 120 122 123 
0 105 118 120 123 
0 106 118 120 123 
0 107 102 115 121 
0 108 120 122 123 
0 109 120 122 123 
0 110 121 122 123 
0 111 121 122 123 
0 112 120 122 123 
0 113 119 120 122 
0 114 119 122 123 
0 115 98 107 123 
0 116 119 120 123 
0 117 98 122 123 
0 118 91 93 103 105 106 
0 119 113 114 116 
0 120 9 10 87 90 91 93 94 95 96 97 99 100 101 103 104 105 106 108 109 112 113 116 
0 121 86 88 89 92 98 107 110 111 
0 122 3 9 10 86 87 88 89 90 92 94 95 96 97 99 100 101 102 104 108 109 110 111 112 113 114 117 
0 123 3 9 10 86 87 88 89 90 91 92 93 94 95 96 97 99 100 101 102 103 104 105 106 108 109 110 111 112 114 115 116 117 
0 124 11 12 13 128 129 130 132 135 137 138 139 140 142 143 144 145 146 147 148 149 150 152 153 154 156 157 161 162 166 169 
0 125 4 11 12 13 128 129 130 132 133 134 135 136 137 138 139 140 141 142 143 144 145 146 147 148 149 150 153 154 156 157 158 159 161 162 163 164 165 166 168 169 
0 126 4 11 12 13 128 129 130 132 133 135 136 137 138 139 140 141 142 143 144 145 146 147 148 149 150 152 153 154 156 157 158 159 161 162 163 164 165 166 168 172 
0 127 133 136 141 167 169 171 
0 128 124 125 126 
0 129 124 125 126 
0 130 124 125 126 
0 131 134 155 168 
0 132 124 125 126 
0 133 125 126 127 
0 134 125 131 155 
0 135 124 125 126 
0 136 125 126 127 
0 137 124 125 126 
0 138 124 125 126 
0 139 124 125 126 
0 140 124 125 126 
0 141 125 126 127 
0 142 124 125 126 
0 143 124 125 126 
0 144 124 125 126 
0 145 124 125 126 
0 146 124 125 126 
0 147 124 125 126 
0 148 124 125 126 
0 149 124 125 126 
0 150 124 125 126 
0 151 152 160 172 
0 152 124 126 151 
0 153 124 125 126 
0 154 124 125 126 
0 155 131 134 164 
0 156 124 125 126 
0 157 124 125 126 
0 158 125 126 170 
0 159 125 126 172 
0 160 151 167 171 
0 161 124 125 126 
0 162 124 125 126 
0 163 125 126 170 
0 164 125 126 155 
0 165 125 126 170 
0 166 124 125 126 
0 167 127 160 171 
0 168 125 126 131 
0 169 124 125 127 
0 170 158 163 165 
0 171 127 160 167 
0 172 126 151 159 
0 173 212 213 214 
0 174 210 212 213 
0 175 212 213 214 
0 176 180 184 193 
0 177 208 211 214 
0 178 185 188 191 
0 179 212 213 214 
0 180 176 184 187 193 
0 181 212 213 214 
0 182 212 213 214 
0 183 199 213 214 
0 184 176 180 187 
0 185 178 213 214 
0 186 211 212 214 
0 187 180 184 193 
0 188 178 213 214 
0 189 199 203 214 
0 190 202 
0 191 178 213 214 
0 192 211 212 213 
0 193 176 180 187 
0 194 212 213 214 
0 195 210 213 214 
0 196 212 213 214 
0 197 210 211 214 
0 198 206 208 211 
0 199 183 189 214 
0 200 212 213 214 
0 201 212 213 214 
0 202 190 210 213 
0 203 189 213 214 
0 204 212 213 214 
0 205 212 213 214 
0 206 198 207 211 
0 207 206 209 212 
0 208 177 198 209 
0 209 207 208 212 
0 210 174 195 197 202 
0 211 177 186 192 197 198 206 
0 212 14 173 174 175 179 181 182 186 192 194 196 200 201 204 205 207 209 
0 213 5 14 173 174 175 179 181 182 183 185 188 191 192 194 195 196 200 201 202 203 204 205 
0 214 5 14 173 175 177 179 181 182 183 185 186 188 189 191 194 195 196 197 199 200 201 203 204 205 
0 215 0 3 
0 216 0 5 
0 217 0 4 
0 218 0 
0 219 0 3 4 
0 220 0 5 
0 221 0 3 4 5 
0 222 0 
0 223 0 
0 224 0 4 
0 225 0 3 5 
0 226 0 5 
0 227 0 
0 228 0 4 
0 229 0 
0 230 0 4 
0 231 0 3 5 
0 232 0 3 
0 233 0 4 
0 234 0 5 
0 235 0 3 4 
0 236 0 3 5 
0 237 0 4 
0 238 0 
0 239 0 3 
0 240 0 
0 241 0 4 5 
0 242 0 3 4 
0 243 0 5 
0 244 0 5 
1800 0 3 4 5 215 216 217 218 219 220 221 222 223 224 225 226 227 228 229 230 231 232 233 234 235 236 237 238 239 240 241 242 243 244 
1800 1 43 44 45 
1800 2 81 83 85 
1800 3 0 122 123 215 219 221 225 231 232 235 236 239 242 
1800 4 0 125 126 217 219 221 224 228 230 233 235 237 241 242 
1800 5 0 213 214 216 220 221 225 226 231 234 236 241 243 244 
1800 6 43 44 45 
1800 7 43 44 45 
1800 8 81 83 85 
1800 9 120 122 123 
1800 10 120 122 123 
1800 11 124 125 126 
1800 12 124 125 126 
1800 13 124 125 126 
1800 14 212 213 214 
1800 15 43 44 45 
1800 16 44 45 98 
1800 17 43 44 45 
1800 18 28 30 31 
1800 19 43 44 45 
1800 20 43 44 45 
1800 21 43 44 45 
1800 22 43 44 45 
1800 23 43 44 45 
1800 24 43 44 45 
1800 25 43 44 45 
1800 26 44 45 105 
1800 27 43 44 45 
1800 28 18 44 45 
1800 29 43 44 45 
1800 30 18 44 45 
1800 31 18 44 45 
1800 32 43 44 45 
1800 33 43 44 45 
1800 34 43 44 45 
1800 35 43 44 45 
1800 36 43 44 45 
1800 37 43 44 45 
1800 38 39 44 45 
1800 39 38 44 45 
1800 40 43 44 45 
1800 41 43 44 45 
1800 42 43 44 45 
1800 43 1 6 7 15 17 19 20 21 22 23 24 25 27 29 32 33 34 35 36 37 40 41 42 
1800 44 1 6 7 15 16 17 19 20 21 22 23 24 25 26 27 28 29 30 31 32 33 34 35 36 37 38 39 40 41 42 
1800 45 1 6 7 15 16 17 19 20 21 22 23 24 25 26 27 28 29 30 31 32 33 34 35 36 37 38 39 40 41 42 
1800 46 81 83 85 
1800 47 78 80 85 
1800 48 79 81 85 
1800 49 63 80 84 
1800 50 64 71 79 
1800 51 80 83 84 
1800 52 62 78 85 
1800 53 81 83 84 
1800 54 83 84 85 
1800 55 81 83 85 
1800 56 80 83 85 
1800 57 80 83 84 
1800 58 82 83 84 
1800 59 83 84 85 
1800 60 79 81 85 
1800 61 62 78 85 
1800 62 52 61 85 
1800 63 49 80 83 
1800 64 50 78 85 
1800 65 80 83 85 
1800 66 72 82 84 
1800 67 83 84 85 
1800 68 82 83 84 
1800 69 82 83 84 
1800 70 81 83 85 
1800 71 50 80 85 
1800 72 66 83 84 
1800 73 79 81 85 
1800 74 81 83 84 
1800 75 80 83 85 
1800 76 81 83 85 
1800 77 79 81 85 
1800 78 47 52 61 64 
1800 79 48 50 60 73 77 
1800 80 47 49 51 56 57 63 65 71 75 
1800 81 2 8 46 48 53 55 60 70 73 74 76 77 
1800 82 58 66 68 69 
1800 83 2 8 46 51 53 54 55 56 57 58 59 63 65 67 68 69 70 72 74 75 76 
1800 84 49 51 53 54 57 58 59 66 67 68 69 72 74 
1800 85 2 8 46 47 48 52 54 55 56 59 60 61 62 64 65 67 70 71 73 75 76 77 
1800 86 121 122 123 
1800 87 121 122 123 
1800 88 121 122 123 
1800 89 121 122 123 
1800 90 120 122 123 
1800 91 121 122 123 
1800 92 121 122 123 
1800 93 120 122 123 
1800 94 120 122 123 
1800 95 120 122 123 
1800 96 120 122 123 
1800 97 120 122 123 
1800 98 16 121 122 
1800 99 120 122 123 
1800 100 120 122 123 
1800 101 120 122 123 
1800 102 121 122 123 
1800 103 120 122 123 
1800 104 120 122 123 
1800 105 26 120 123 
1800 106 118 120 123 
1800 107 117 121 122 
1800 108 120 122 123 
1800 109 120 122 123 
1800 110 121 122 123 
1800 111 121 122 123 
1800 112 120 122 123 
1800 113 119 120 122 
1800 114 120 122 123 
1800 115 121 122 123 
1800 116 119 120 123 
1800 117 107 120 121 
1800 118 106 120 123 
1800 119 113 116 122 
1800 120 9 10 90 93 94 95 96 97 99 100 101 103 104 105 106 108 109 112 113 114 116 117 118 
1800 121 86 87 88 89 91 92 98 102 107 110 111 115 117 
1800 122 3 9 10 86 87 88 89 90 91 92 93 94 95 96 97 98 99 100 101 102 103 104 107 108 109 110 111 112 113 114 115 119 
1800 123 3 9 10 86 87 88 89 90 91 92 93 94 95 96 97 99 100 101 102 103 104 105 106 108 109 110 111 112 114 115 116 118 
1800 124 11 12 13 128 129 130 132 135 137 141 142 143 145 146 147 148 149 150 152 153 154 156 157 159 161 162 164 168 
1800 125 4 11 12 13 128 129 130 132 133 135 136 137 139 141 142 143 144 145 146 147 148 149 150 153 154 156 158 159 161 162 163 164 165 168 169 
1800 126 4 11 12 13 128 129 130 132 133 135 136 137 138 139 140 141 142 143 144 145 146 147 148 149 150 152 153 154 156 157 158 159 161 162 163 164 165 168 169 171 172 
1800 127 133 136 166 167 169 171 
1800 128 124 125 126 
1800 129 124 125 126 
1800 130 124 125 126 
1800 131 134 138 155 
1800 132 124 125 126 
1800 133 125 126 127 
1800 134 131 155 166 
1800 135 124 125 126 
1800 136 125 126 127 
1800 137 124 125 126 
1800 138 126 131 155 
1800 139 125 126 160 
1800 140 126 157 172 
1800 141 124 125 126 
1800 142 124 125 126 
1800 143 124 125 126 
1800 144 125 126 151 
1800 145 124 125 126 
1800 146 124 125 126 
1800 147 124 125 126 
1800 148 124 125 126 
1800 149 124 125 126 
1800 150 124 125 126 
1800 151 144 152 172 
1800 152 124 126 151 
1800 153 124 125 126 
1800 154 124 125 126 
1800 155 131 134 138 
1800 156 124 125 126 
1800 157 124 126 140 
1800 158 125 126 170 
1800 159 124 125 126 
1800 160 139 167 171 
1800 161 124 125 126 
1800 162 124 125 126 
1800 163 125 126 170 
1800 164 124 125 126 
1800 165 125 126 170 
1800 166 127 134 167 
1800 167 127 160 166 
1800 168 124 125 126 
1800 169 125 126 127 
1800 170 158 163 165 
1800 171 126 127 160 
1800 172 126 140 151 
1800 173 212 213 214 
1800 174 210 212 213 
1800 175 211 212 214 
1800 176 180 184 193 
1800 177 208 211 214 
1800 178 185 188 191 
1800 179 212 213 214 
1800 180 176 184 187 193 
1800 181 212 213 214 
1800 182 212 213 214 
1800 183 199 213 214 
1800 184 176 180 187 
1800 185 178 212 214 
1800 186 211 212 214 
1800 187 180 184 193 
1800 188 178 213 214 
1800 189 199 203 214 
1800 190 191 202 
1800 191 178 190 214 
1800 192 210 211 212 
1800 193 176 180 187 
1800 194 212 213 214 
1800 195 205 210 214 
1800 196 212 213 214 
1800 197 210 211 214 
1800 198 206 208 211 
1800 199 183 189 214 
1800 200 211 212 214 
1800 201 211 212 214 
1800 202 190 210 213 
1800 203 189 212 214 
1800 204 212 213 214 
1800 205 195 212 214 
1800 206 198 208 211 
1800 207 209 211 212 
1800 208 177 198 206 
1800 209 207 212 213 
1800 210 174 192 195 197 202 
1800 211 175 177 186 192 197 198 200 201 206 207 
1800 212 14 173 174 175 179 181 182 185 186 192 194 196 200 201 203 204 205 207 209 
1800 213 5 14 173 174 179 181 182 183 188 194 196 202 204 209 
1800 214 5 14 173 175 177 179 181 182 183 185 186 188 189 191 194 195 196 197 199 200 201 203 204 205 
1800 215 0 3 
1800 216 0 5 
1800 217 0 4 
1800 218 0 
1800 219 0 3 4 
1800 220 0 5 
1800 221 0 3 4 5 
1800 222 0 
1800 223 0 
1800 224 0 4 
1800 225 0 3 5 
1800 226 0 5 
1800 227 0 
1800 228 0 4 
1800 229 0 
1800 230 0 4 
1800 231 0 3 5 
1800 232 0 3 
1800 233 0 4 
1800 234 0 5 
1800 235 0 3 4 
1800 236 0 3 5 
1800 237 0 4 
1800 238 0 
1800 239 0 3 
1800 240 0 
1800 241 0 4 5 
1800 242 0 3 4 
1800 243 0 5 
1800 244 0 5 
3600 0 3 4 5 215 216 217 218 219 220 221 222 223 224 225 226 227 228 229 230 231 232 233 234 235 236 237 238 239 240 241 242 243 244 
3600 1 43 44 45 
3600 2 82 83 85 
3600 3 0 122 123 215 219 221 225 231 232 235 236 239 242 
3600 4 0 125 126 217 219 221 224 228 230 233 235 237 241 242 
3600 5 0 213 214 216 220 221 225 226 231 234 236 241 243 244 
3600 6 43 44 45 
3600 7 43 44 45 
3600 8 82 83 85 
3600 9 120 122 123 
3600 10 120 122 123 
3600 11 124 125 126 
3600 12 124 125 126 
3600 13 150 160 168 
3600 14 212 213 214 
3600 15 43 44 45 
3600 16 43 44 45 
3600 17 43 44 45 
3600 18 30 31 37 
3600 19 43 44 45 
3600 20 43 44 45 
3600 21 43 44 45 
3600 22 43 44 45 
3600 23 43 44 45 
3600 24 43 44 45 
3600 25 43 44 45 
3600 26 43 44 45 
3600 27 44 45 118 
3600 28 43 44 45 
3600 29 43 44 45 
3600 30 18 44 45 
3600 31 18 44 45 
3600 32 43 44 45 
3600 33 43 44 45 
3600 34 43 44 45 
3600 35 43 44 45 
3600 36 43 44 45 
3600 37 18 44 45 
3600 38 39 42 44 
3600 39 38 44 45 
3600 40 43 44 45 
3600 41 43 44 45 
3600 42 38 44 45 
3600 43 1 6 7 15 16 17 19 20 21 22 23 24 25 26 28 29 32 33 34 35 36 40 41 
3600 44 1 6 7 15 16 17 19 20 21 22 23 24 25 26 27 28 29 30 31 32 33 34 35 36 37 38 39 40 41 42 
3600 45 1 6 7 15 16 17 19 20 21 22 23 24 25 26 27 28 29 30 31 32 33 34 35 36 37 39 40 41 42 
3600 46 82 83 85 
3600 47 82 83 85 
3600 48 79 81 82 
3600 49 63 80 84 
3600 50 64 77 79 
3600 51 82 83 84 
3600 52 62 78 85 
3600 53 82 83 84 
3600 54 83 84 85 
3600 55 82 83 85 
3600 56 83 84 85 
3600 57 82 83 84 
3600 58 82 83 84 
3600 59 83 84 85 
3600 60 82 83 85 
3600 61 62 78 85 
3600 62 52 61 85 
3600 63 49 80 83 
3600 64 50 81 85 
3600 65 83 84 85 
3600 66 83 84 85 
3600 67 83 84 85 
3600 68 82 83 84 
3600 69 72 82 84 
3600 70 82 83 85 
3600 71 80 83 85 
3600 72 69 83 84 
3600 73 82 83 85 
3600 74 82 83 84 
3600 75 82 83 85 
3600 76 82 83 85 
3600 77 50 82 85 
3600 78 52 61 85 
3600 79 48 50 85 
3600 80 49 63 71 
3600 81 48 64 82 
3600 82 2 8 46 47 48 51 53 55 57 58 60 68 69 70 73 74 75 76 77 81 
3600 83 2 8 46 47 51 53 54 55 56 57 58 59 60 63 65 66 67 68 70 71 72 73 74 75 76 
3600 84 49 51 53 54 56 57 58 59 65 66 67 68 69 72 74 
3600 85 2 8 46 47 52 54 55 56 59 60 61 62 64 65 66 67 70 71 73 75 76 77 78 79 
3600 86 121 122 123 
3600 87 120 122 123 
3600 88 121 122 123 
3600 89 121 122 123 
3600 90 120 122 123 
3600 91 118 120 123 
3600 92 121 122 123 
3600 93 118 120 123 
3600 94 120 122 123 
3600 95 120 122 123 
3600 96 120 122 123 
3600 97 120 122 123 
3600 98 117 118 121 
3600 99 120 122 123 
3600 100 120 122 123 
3600 101 120 122 123 
3600 102 107 122 123 
3600 103 118 120 123 
3600 104 120 122 123 
3600 105 118 120 123 
3600 106 118 120 123 
3600 107 102 115 121 
3600 108 120 122 123 
3600 109 120 122 123 
3600 110 121 122 123 
3600 111 121 122 123 
3600 112 120 122 123 
3600 113 119 120 122 
3600 114 120 122 123 
3600 115 107 121 123 
3600 116 119 120 123 
3600 117 98 122 123 
3600 118 27 91 93 98 103 105 106 
3600 119 113 116 122 
3600 120 9 10 87 90 91 93 94 95 96 97 99 100 101 103 104 105 106 108 109 112 113 114 116 
3600 121 86 88 89 92 98 107 110 111 115 
3600 122 3 9 10 86 87 88 89 90 92 94 95 96 97 99 100 101 102 104 108 109 110 111 112 113 114 117 119 
3600 123 3 9 10 86 87 88 89 90 91 92 93 94 95 96 97 99 100 101 102 103 104 105 106 108 109 110 111 112 114 115 116 117 
3600 124 11 12 128 129 130 132 135 137 138 141 142 143 144 145 146 147 148 149 152 153 154 157 159 161 162 164 166 167 169 
3600 125 4 11 12 128 129 130 131 132 133 134 135 136 137 138 141 142 143 144 145 146 147 148 149 153 154 155 158 159 161 162 163 164 165 166 169 
3600 126 4 11 12 128 129 130 132 133 135 136 137 138 140 141 142 143 144 145 146 147 148 149 150 152 153 154 156 157 158 159 160 161 162 163 164 165 166 168 171 
3600 127 133 136 150 167 168 169 171 
3600 128 124 125 126 
3600 129 124 125 126 
3600 130 124 125 126 
3600 131 125 134 155 
3600 132 124 125 126 
3600 133 125 126 127 
3600 134 125 131 155 
3600 135 124 125 126 
3600 136 125 126 127 
3600 137 124 125 126 
3600 138 124 125 126 
3600 139 151 160 172 
3600 140 126 156 157 
3600 141 124 125 126 
3600 142 124 125 126 
3600 143 124 125 126 
3600 144 124 125 126 
3600 145 124 125 126 
3600 146 124 125 126 
3600 147 124 125 126 
3600 148 124 125 126 
3600 149 124 125 126 
3600 150 13 126 127 
3600 151 139 152 172 
3600 152 124 126 151 
3600 153 124 125 126 
3600 154 124 125 126 
3600 155 125 131 134 
3600 156 126 140 172 
3600 157 124 126 140 
3600 158 125 126 170 
3600 159 124 125 126 
3600 160 13 126 139 
3600 161 124 125 126 
3600 162 124 125 126 
3600 163 125 126 170 
3600 164 124 125 126 
3600 165 125 126 170 
3600 166 124 125 126 
3600 167 124 127 171 
3600 168 13 126 127 
3600 169 124 125 127 
3600 170 158 163 165 
3600 171 126 127 167 
3600 172 139 151 156 
3600 173 212 213 214 
3600 174 210 212 213 
3600 175 211 212 214 
3600 176 180 184 193 
3600 177 186 189 191 
3600 178 188 190 191 
3600 179 212 213 214 
3600 180 176 184 187 193 
3600 181 212 213 214 
3600 182 212 213 214 
3600 183 210 213 214 
3600 184 176 180 187 
3600 185 210 212 214 
3600 186 177 212 214 
3600 187 180 184 193 
3600 188 178 213 214 
3600 189 177 191 214 
3600 190 178 191 205 
3600 191 177 178 189 190 
3600 192 211 212 213 
3600 193 176 180 187 
3600 194 212 213 214 
3600 195 205 210 214 
3600 196 212 213 214 
3600 197 199 206 209 
3600 198 206 210 211 
3600 199 197 203 214 
3600 200 211 212 214 
3600 201 202 213 214 
3600 202 201 210 213 
3600 203 199 212 214 
3600 204 212 213 214 
3600 205 190 195 214 
3600 206 197 198 211 
3600 207 210 211 212 
3600 208 209 212 214 
3600 209 197 208 212 
3600 210 174 183 185 195 198 202 207 
3600 211 175 192 198 200 206 207 
3600 212 14 173 174 175 179 181 182 185 186 192 194 196 200 203 204 207 208 209 
3600 213 5 14 173 174 179 181 182 183 188 192 194 196 201 202 204 
3600 214 5 14 173 175 179 181 182 183 185 186 188 189 194 195 196 199 200 201 203 204 205 208 
3600 215 0 3 
3600 216 0 5 
3600 217 0 4 
3600 218 0 
3600 219 0 3 4 
3600 220 0 5 
3600 221 0 3 4 5 
3600 222 0 
3600 223 0 
3600 224 0 4 
3600 225 0 3 5 
3600 226 0 5 
3600 227 0 
3600 228 0 4 
3600 229 0 
3600 230 0 4 
3600 231 0 3 5 
3600 232 0 3 
3600 233 0 4 
3600 234 0 5 
3600 235 0 3 4 
3600 236 0 3 5 
3600 237 0 4 
3600 238 0 
3600 239 0 3 
3600 240 0 
3600 241 0 4 5 
3600 242 0 3 4 
3600 243 0 5 
3600 244 0 5 
5400 0 3 4 5 215 216 217 218 219 220 221 222 223 224 225 226 227 228 229 230 231 232 233 234 235 236 237 238 239 240 241 242 243 244 
5400 1 43 44 45 
5400 2 81 83 85 
5400 3 0 122 123 215 219 221 225 231 232 235 236 239 242 
5400 4 0 126 149 217 219 221 224 228 230 233 235 237 241 242 
5400 5 0 213 214 216 220 221 225 226 231 234 236 241 243 244 
5400 6 43 44 45 
5400 7 43 44 45 
5400 8 81 83 85 
5400 9 120 122 123 
5400 10 120 122 123 
5400 11 124 125 126 
5400 12 124 125 126 
5400 13 124 125 126 
5400 14 212 213 214 
5400 15 43 44 45 
5400 16 43 44 45 
5400 17 43 44 45 
5400 18 27 30 31 
5400 19 43 44 45 
5400 20 43 44 45 
5400 21 43 44 45 
5400 22 43 44 45 
5400 23 43 44 45 
5400 24 43 44 45 
5400 25 43 44 45 
5400 26 43 44 45 
5400 27 18 44 45 
5400 28 43 44 45 
5400 29 43 44 45 
5400 30 18 44 45 
5400 31 18 44 45 
5400 32 43 44 45 
5400 33 43 44 45 
5400 34 43 44 45 
5400 35 43 44 45 
5400 36 43 44 45 
5400 37 43 44 45 
5400 38 39 42 44 
5400 39 38 44 45 
5400 40 43 44 45 
5400 41 43 44 45 
5400 42 38 44 45 
5400 43 1 6 7 15 16 17 19 20 21 22 23 24 25 26 28 29 32 33 34 35 36 37 40 41 
5400 44 1 6 7 15 16 17 19 20 21 22 23 24 25 26 27 28 29 30 31 32 33 34 35 36 37 38 39 40 41 42 
5400 45 1 6 7 15 16 17 19 20 21 22 23 24 25 26 27 28 29 30 31 32 33 34 35 36 37 39 40 41 42 
5400 46 81 83 85 
5400 47 79 80 85 
5400 48 79 80 81 
5400 49 63 83 84 
5400 50 64 77 79 
5400 51 82 83 84 
5400 52 62 78 85 
5400 53 81 83 84 
5400 54 83 84 85 
5400 55 81 83 85 
5400 56 80 83 85 
5400 57 82 83 84 
5400 58 82 83 84 
5400 59 83 84 85 
5400 60 79 80 85 
5400 61 62 78 85 
5400 62 52 61 85 
5400 63 49 80 83 
5400 64 50 78 85 
5400 65 80 83 85 
5400 66 72 82 84 
5400 67 83 84 85 
5400 68 82 83 84 
5400 69 82 83 84 
5400 70 81 83 85 
5400 71 76 80 85 
5400 72 66 83 84 
5400 73 80 81 85 
5400 74 81 83 84 
5400 75 80 83 85 
5400 76 71 83 85 
5400 77 50 81 85 
5400 78 52 61 64 
5400 79 47 48 50 60 
5400 80 47 48 56 60 63 65 71 73 75 
5400 81 2 8 46 48 53 55 70 73 74 77 
5400 82 51 57 58 66 68 69 
5400 83 2 8 46 49 51 53 54 55 56 57 58 59 63 65 67 68 69 70 72 74 75 76 
5400 84 49 51 53 54 57 58 59 66 67 68 69 72 74 
5400 85 2 8 46 47 52 54 55 56 59 60 61 62 64 65 67 70 71 73 75 76 77 
5400 86 121 122 123 
5400 87 120 122 123 
5400 88 121 122 123 
5400 89 121 122 123 
5400 90 120 122 123 
5400 91 120 122 123 
5400 92 121 122 123 
5400 93 118 120 123 
5400 94 121 122 123 
5400 95 121 122 123 
5400 96 120 122 123 
5400 97 120 122 123 
5400 98 115 117 121 
5400 99 120 122 123 
5400 100 121 122 123 
5400 101 120 122 123 
5400 102 121 122 123 
5400 103 118 120 123 
5400 104 120 122 123 
5400 105 118 120 123 
5400 106 118 120 123 
5400 107 108 115 121 
5400 108 107 122 123 
5400 109 120 122 123 
5400 110 121 122 123 
5400 111 121 122 123 
5400 112 120 122 123 
5400 113 119 122 123 
5400 114 121 122 123 
5400 115 98 107 123 
5400 116 119 120 123 
5400 117 98 122 123 
5400 118 93 103 105 106 
5400 119 113 116 123 
5400 120 9 10 87 90 91 93 96 97 99 101 103 104 105 106 109 112 116 
5400 121 86 88 89 92 94 95 98 100 102 107 110 111 114 
5400 122 3 9 10 86 87 88 89 90 91 92 94 95 96 97 99 100 101 102 104 108 109 110 111 112 113 114 117 
5400 123 3 9 10 86 87 88 89 90 91 92 93 94 95 96 97 99 100 101 102 103 104 105 106 108 109 110 111 112 113 114 115 116 117 119 
5400 124 11 12 13 129 130 132 135 137 138 141 143 144 145 146 147 148 150 152 153 154 156 157 161 162 164 166 168 
5400 125 11 12 13 128 129 130 132 133 135 136 137 138 139 140 141 143 144 145 146 147 148 150 153 154 156 158 159 161 162 163 164 165 166 168 171 
5400 126 4 11 12 13 128 129 130 132 133 135 136 137 138 139 140 141 143 144 145 146 147 148 150 152 153 154 156 157 158 159 161 162 163 164 165 166 168 169 171 172 
5400 127 133 136 167 169 171 
5400 128 125 126 151 
5400 129 124 125 126 
5400 130 124 125 126 
5400 131 134 142 155 
5400 132 124 125 126 
5400 133 125 126 127 
5400 134 131 142 155 
5400 135 124 125 126 
5400 136 125 126 127 
5400 137 124 125 126 
5400 138 124 125 126 
5400 139 125 126 160 
5400 140 125 126 157 
5400 141 124 125 126 
5400 142 131 134 155 
5400 143 124 125 126 
5400 144 124 125 126 
5400 145 124 125 126 
5400 146 124 125 126 
5400 147 124 125 126 
5400 148 124 125 126 
5400 149 4 155 160 
5400 150 124 125 126 
5400 151 128 152 172 
5400 152 124 126 151 
5400 153 124 125 126 
5400 154 124 125 126 
5400 155 131 134 142 149 
5400 156 124 125 126 
5400 157 124 126 140 
5400 158 125 126 170 
5400 159 125 126 172 
5400 160 139 149 167 
5400 161 124 125 126 
5400 162 124 125 126 
5400 163 125 126 170 
5400 164 124 125 126 
5400 165 125 126 170 
5400 166 124 125 126 
5400 167 127 160 169 
5400 168 124 125 126 
5400 169 126 127 167 
5400 170 158 163 165 
5400 171 125 126 127 
5400 172 126 151 159 
5400 173 212 213 214 
5400 174 210 212 213 
5400 175 211 212 214 
5400 176 180 184 193 
5400 177 199 211 214 
5400 178 188 189 191 
5400 179 212 213 214 
5400 180 176 184 187 193 
5400 181 212 213 214 
5400 182 212 213 214 
5400 183 205 213 214 
5400 184 176 180 187 
5400 185 210 212 214 
5400 186 211 212 214 
5400 187 180 184 193 
5400 188 178 213 214 
5400 189 178 199 214 
5400 190 195 202 213 
5400 191 178 213 214 
5400 192 210 211 212 
5400 193 176 180 187 
5400 194 212 213 214 
5400 195 190 202 214 
5400 196 212 213 214 
5400 197 210 211 214 
5400 198 206 208 211 
5400 199 177 189 214 
5400 200 211 212 214 
5400 201 211 212 214 
5400 202 190 195 213 
5400 203 211 212 214 
5400 204 212 213 214 
5400 205 183 212 214 
5400 206 198 207 211 
5400 207 206 211 212 
5400 208 198 212 214 
5400 209 210 211 212 
5400 210 174 185 192 197 209 
5400 211 175 177 186 192 197 198 200 201 203 206 207 209 
5400 212 14 173 174 175 179 181 182 185 186 192 194 196 200 201 203 204 205 207 208 209 
5400 213 5 14 173 174 179 181 182 183 188 190 191 194 196 202 204 
5400 214 5 14 173 175 177 179 181 182 183 185 186 188 189 191 194 195 196 197 199 200 201 203 204 205 208 
5400 215 0 3 
5400 216 0 5 
5400 217 0 4 
5400 218 0 
5400 219 0 3 4 
5400 220 0 5 
5400 221 0 3 4 5 
5400 222 0 
5400 223 0 
5400 224 0 4 
5400 225 0 3 5 
5400 226 0 5 
5400 227 0 
5400 228 0 4 
5400 229 0 
5400 230 0 4 
5400 231 0 3 5 
5400 232 0 3 
5400 233 0 4 
5400 234 0 5 
5400 235 0 3 4 
5400 236 0 3 5 
5400 237 0 4 
5400 238 0 
5400 239 0 3 
5400 240 0 
5400 241 0 4 5 
5400 242 0 3 4 
5400 243 0 5 
5400 244 0 5 
7200 0 3 4 5 215 216 217 218 219 220 221 222 223 224 225 226 227 228 229 230 231 232 233 234 235 236 237 238 239 240 241 242 243 244 
7200 1 43 44 45 
7200 2 81 82 83 
7200 3 0 122 123 215 219 221 225 231 232 235 236 239 242 
7200 4 0 125 126 217 219 221 224 228 230 233 235 237 241 242 
7200 5 0 213 214 216 220 221 225 226 231 234 236 241 243 244 
7200 6 43 44 45 
7200 7 43 44 45 
7200 8 81 82 83 
7200 9 120 122 123 
7200 10 120 122 123 
7200 11 124 125 126 
7200 12 124 125 126 
7200 13 124 125 126 
7200 14 212 213 214 
7200 15 43 44 45 
7200 16 44 45 98 
7200 17 43 44 45 
7200 18 27 30 31 
7200 19 43 44 45 
7200 20 43 44 45 
7200 21 43 44 45 
7200 22 43 44 45 
7200 23 43 44 45 
7200 24 43 44 45 
7200 25 43 44 45 
7200 26 44 45 98 
7200 27 18 44 45 
7200 28 44 45 98 
7200 29 43 44 45 
7200 30 18 44 45 
7200 31 18 44 45 
7200 32 44 45 98 
7200 33 43 44 45 
7200 34 43 44 45 
7200 35 43 44 45 
7200 36 43 44 45 
7200 37 43 44 45 
7200 38 39 43 44 
7200 39 38 44 45 
7200 40 44 45 98 
7200 41 43 44 45 
7200 42 43 44 45 
7200 43 1 6 7 15 17 19 20 21 22 23 24 25 29 33 34 35 36 37 38 41 42 
7200 44 1 6 7 15 16 17 19 20 21 22 23 24 25 26 27 28 29 30 31 32 33 34 35 36 37 38 39 40 41 42 
7200 45 1 6 7 15 16 17 19 20 21 22 23 24 25 26 27 28 29 30 31 32 33 34 35 36 37 39 40 41 42 
7200 46 81 82 83 
7200 47 78 79 80 
7200 48 80 81 82 
7200 49 82 83 84 
7200 50 64 79 85 
7200 51 80 83 84 
7200 52 62 78 85 
7200 53 82 83 84 
7200 54 81 83 84 
7200 55 81 82 83 
7200 56 78 80 83 
7200 57 80 83 84 
7200 58 82 83 84 
7200 59 81 83 84 
7200 60 79 81 82 
7200 61 62 77 78 
7200 62 52 61 83 
7200 63 75 80 83 
7200 64 50 78 85 
7200 65 78 80 83 
7200 66 72 82 84 
7200 67 81 83 84 
7200 68 82 83 84 
7200 69 82 83 84 
7200 70 71 82 83 
7200 71 70 75 80 
7200 72 66 83 84 
7200 73 79 81 82 
7200 74 82 83 84 
7200 75 63 71 83 
7200 76 81 82 83 
7200 77 61 81 82 
7200 78 47 52 56 61 64 65 
7200 79 47 50 60 73 
7200 80 47 48 51 56 57 63 65 71 
7200 81 2 8 46 48 54 55 59 60 67 73 76 77 
7200 82 2 8 46 48 49 53 55 58 60 66 68 69 70 73 74 76 77 
7200 83 2 8 46 49 51 53 54 55 56 57 58 59 62 63 65 67 68 69 70 72 74 75 76 
7200 84 49 51 53 54 57 58 59 66 67 68 69 72 74 
7200 85 50 52 64 
7200 86 121 122 123 
7200 87 120 122 123 
7200 88 121 122 123 
7200 89 121 122 123 
7200 90 120 122 123 
7200 91 118 120 123 
7200 92 121 122 123 
7200 93 121 122 123 
7200 94 120 122 123 
7200 95 120 122 123 
7200 96 120 122 123 
7200 97 120 122 123 
7200 98 16 26 28 32 40 
7200 99 120 122 123 
7200 100 120 122 123 
7200 101 120 122 123 
7200 102 121 122 123 
7200 103 118 120 123 
7200 104 120 122 123 
7200 105 118 120 123 
7200 106 120 122 123 
7200 107 115 121 123 
7200 108 120 122 123 
7200 109 120 122 123 
7200 110 121 122 123 
7200 111 121 122 123 
7200 112 120 122 123 
7200 113 119 120 122 
7200 114 119 122 123 
7200 115 107 121 123 
7200 116 120 122 123 
7200 117 121 122 123 
7200 118 91 103 105 
7200 119 113 114 122 
7200 120 9 10 87 90 91 94 95 96 97 99 100 101 103 104 105 106 108 109 112 113 116 
7200 121 86 88 89 92 93 102 107 110 111 115 117 
7200 122 3 9 10 86 87 88 89 90 92 93 94 95 96 97 99 100 101 102 104 106 108 109 110 111 112 113 114 116 117 119 
7200 123 3 9 10 86 87 88 89 90 91 92 93 94 95 96 97 99 100 101 102 103 104 105 106 107 108 109 110 111 112 114 115 116 117 
7200 124 11 12 13 129 131 132 134 135 137 138 139 140 142 143 144 145 146 147 148 149 150 153 154 156 157 158 162 163 166 169 
7200 125 4 11 12 13 128 129 130 132 133 134 135 136 137 138 139 140 142 143 144 145 146 147 148 149 150 152 153 154 156 158 159 161 162 163 164 165 166 168 169 170 
7200 126 4 11 12 13 128 129 130 132 133 134 135 136 137 138 139 140 141 142 143 144 145 146 147 148 149 150 152 153 154 156 157 158 159 161 162 163 164 165 166 168 172 
7200 127 133 136 167 169 171 
7200 128 125 126 151 
7200 129 124 125 126 
7200 130 125 126 170 
7200 131 124 155 168 
7200 132 124 125 126 
7200 133 125 126 127 
7200 134 124 125 126 
7200 135 124 125 126 
7200 136 125 126 127 
7200 137 124 125 126 
7200 138 124 125 126 
7200 139 124 125 126 
7200 140 124 125 126 
7200 141 126 157 160 
7200 142 124 125 126 
7200 143 124 125 126 
7200 144 124 125 126 
7200 145 124 125 126 
7200 146 124 125 126 
7200 147 124 125 126 
7200 148 124 125 126 
7200 149 124 125 126 
7200 150 124 125 126 
7200 151 128 152 172 
7200 152 125 126 151 
7200 153 124 125 126 
7200 154 124 125 126 
7200 155 131 161 164 
7200 156 124 125 126 
7200 157 124 126 141 
7200 158 124 125 126 
7200 159 125 126 172 
7200 160 141 167 171 
7200 161 125 126 155 
7200 162 124 125 126 
7200 163 124 125 126 
7200 164 125 126 155 
7200 165 125 126 170 
7200 166 124 125 126 
7200 167 127 160 171 
7200 168 125 126 131 
7200 169 124 125 127 
7200 170 125 130 165 
7200 171 127 160 167 
7200 172 126 151 159 
7200 173 212 213 214 
7200 174 209 212 213 
7200 175 211 212 214 
7200 176 190 210 213 
7200 177 208 211 214 
7200 178 181 188 190 
7200 179 212 213 214 
7200 180 184 187 202 
7200 181 178 213 214 
7200 182 212 213 214 
7200 183 208 210 213 
7200 184 180 187 193 
7200 185 210 212 214 
7200 186 211 212 214 
7200 187 180 184 193 
7200 188 178 213 214 
7200 189 199 208 214 
7200 190 176 178 202 
7200 191 212 213 214 
7200 192 209 212 214 
7200 193 184 187 202 
7200 194 212 213 214 
7200 195 210 213 214 
7200 196 212 213 214 
7200 197 210 211 214 
7200 198 206 211 214 
7200 199 189 208 214 
7200 200 211 212 214 
7200 201 211 212 214 
7200 202 180 190 193 
7200 203 211 212 214 
7200 204 212 213 214 
7200 205 212 213 214 
7200 206 198 207 211 
7200 207 206 212 214 
7200 208 177 183 189 199 
7200 209 174 192 212 
7200 210 176 183 185 195 197 
7200 211 175 177 186 197 198 200 201 203 206 
7200 212 14 173 174 175 179 182 185 186 191 192 194 196 200 201 203 204 205 207 209 
7200 213 5 14 173 174 176 179 181 182 183 188 191 194 195 196 204 205 
7200 214 5 14 173 175 177 179 181 182 185 186 188 189 191 192 194 195 196 197 198 199 200 201 203 204 205 207 
7200 215 0 3 
7200 216 0 5 
7200 217 0 4 
7200 218 0 
7200 219 0 3 4 
7200 220 0 5 
7200 221 0 3 4 5 
7200 222 0 
7200 223 0 
7200 224 0 4 
7200 225 0 3 5 
7200 226 0 5 
7200 227 0 
7200 228 0 4 
7200 229 0 
7200 230 0 4 
7200 231 0 3 5 
7200 232 0 3 
7200 233 0 4 
7200 234 0 5 
7200 235 0 3 4 
7200 236 0 3 5 
7200 237 0 4 
7200 238 0 
7200 239 0 3 
7200 240 0 
7200 241 0 4 5 
7200 242 0 3 4 
7200 243 0 5 
7200 244 0 5 
9000 0 3 4 5 215 216 217 218 219 220 221 222 223 224 225 226 227 228 229 230 231 232 233 234 235 236 237 238 239 240 241 242 243 244 
9000 1 43 44 45 
9000 2 81 83 85 
9000 3 0 122 123 215 219 221 225 231 232 235 236 239 242 
9000 4 0 125 126 217 219 221 224 228 230 233 235 237 241 242 
9000 5 0 213 214 216 220 221 225 226 231 234 236 241 243 244 
9000 6 43 44 45 
9000 7 43 44 45 
9000 8 81 83 85 
9000 9 121 122 123 
9000 10 121 122 123 
9000 11 124 125 126 
9000 12 124 125 126 
9000 13 124 125 126 
9000 14 212 213 214 
9000 15 43 44 45 
9000 16 44 45 115 
9000 17 43 44 45 
9000 18 27 30 31 
9000 19 43 44 45 
9000 20 43 44 45 
9000 21 43 44 45 
9000 22 43 44 45 
9000 23 43 44 45 
9000 24 43 44 45 
9000 25 43 44 45 
9000 26 44 45 115 
9000 27 18 44 45 
9000 28 43 44 45 
9000 29 43 44 45 
9000 30 18 44 45 
9000 31 18 44 45 
9000 32 44 45 115 
9000 33 43 44 45 
9000 34 43 44 45 
9000 35 43 44 45 
9000 36 43 44 45 
9000 37 43 44 45 
9000 38 39 42 44 
9000 39 38 44 45 
9000 40 43 44 45 
9000 41 43 44 45 
9000 42 38 44 45 
9000 43 1 6 7 15 17 19 20 21 22 23 24 25 28 29 33 34 35 36 37 40 41 
9000 44 1 6 7 15 16 17 19 20 21 22 23 24 25 26 27 28 29 30 31 32 33 34 35 36 37 38 39 40 41 42 
9000 45 1 6 7 15 16 17 19 20 21 22 23 24 25 26 27 28 29 30 31 32 33 34 35 36 37 39 40 41 42 
9000 46 81 83 85 
9000 47 80 83 85 
9000 48 79 80 81 
9000 49 63 83 84 
9000 50 64 79 81 
9000 51 80 83 84 
9000 52 53 62 85 
9000 53 52 83 84 
9000 54 83 84 85 
9000 55 83 84 85 
9000 56 83 84 85 
9000 57 80 83 84 
9000 58 82 83 84 
9000 59 83 84 85 
9000 60 80 81 85 
9000 61 62 78 85 
9000 62 52 61 85 
9000 63 49 80 83 
9000 64 50 78 85 
9000 65 83 84 85 
9000 66 82 83 84 
9000 67 83 84 85 
9000 68 82 83 84 
9000 69 82 83 84 
9000 70 81 83 85 
9000 71 75 80 85 
9000 72 81 83 84 
9000 73 80 81 85 
9000 74 81 83 84 
9000 75 71 83 85 
9000 76 81 83 85 
9000 77 80 81 85 
9000 78 61 64 85 
9000 79 48 50 85 
9000 80 47 48 51 57 60 63 71 73 77 
9000 81 2 8 46 48 50 60 70 72 73 74 76 77 
9000 82 58 66 68 69 
9000 83 2 8 46 47 49 51 53 54 55 56 57 58 59 63 65 66 67 68 69 70 72 74 75 76 
9000 84 49 51 53 54 55 56 57 58 59 65 66 67 68 69 72 74 
9000 85 2 8 46 47 52 54 55 56 59 60 61 62 64 65 67 70 71 73 75 76 77 78 79 
9000 86 121 122 123 
9000 87 121 122 123 
9000 88 121 122 123 
9000 89 121 122 123 
9000 90 121 122 123 
9000 91 120 121 123 
9000 92 121 122 123 
9000 93 120 121 123 
9000 94 121 122 123 
9000 95 121 122 123 
9000 96 121 122 123 
9000 97 120 122 123 
9000 98 115 117 121 
9000 99 121 122 123 
9000 100 120 122 123 
9000 101 121 122 123 
9000 102 121 122 123 
9000 103 118 120 123 
9000 104 121 122 123 
9000 105 120 122 123 
9000 106 107 121 123 
9000 107 106 115 121 
9000 108 121 122 123 
9000 109 121 122 123 
9000 110 121 122 123 
9000 111 121 122 123 
9000 112 121 122 123 
9000 113 119 120 122 
9000 114 119 122 123 
9000 115 16 26 32 98 107 
9000 116 120 121 123 
9000 117 98 122 123 
9000 118 103 122 123 
9000 119 113 114 122 
9000 120 91 93 97 100 103 105 113 116 
9000 121 9 10 86 87 88 89 90 91 92 93 94 95 96 98 99 101 102 104 106 107 108 109 110 111 112 116 
9000 122 3 9 10 86 87 88 89 90 92 94 95 96 97 99 100 101 102 104 105 108 109 110 111 112 113 114 117 118 119 
9000 123 3 9 10 86 87 88 89 90 91 92 93 94 95 96 97 99 100 101 102 103 104 105 106 108 109 110 111 112 114 116 117 118 
9000 124 11 12 13 129 130 132 135 137 141 142 145 146 147 148 149 150 152 153 154 156 157 158 161 162 163 166 167 169 
9000 125 4 11 12 13 128 129 130 132 133 134 135 136 137 138 139 140 141 142 143 144 145 146 147 148 149 150 152 153 154 156 158 159 161 162 163 164 165 166 167 168 169 
9000 126 4 11 12 13 128 129 130 132 133 135 136 137 138 139 140 141 142 143 144 145 146 147 148 149 150 151 152 153 154 156 157 158 159 161 162 163 164 165 166 167 170 171 172 
9000 127 128 133 136 143 169 171 
9000 128 125 126 127 
9000 129 124 125 126 
9000 130 124 125 126 
9000 131 134 155 168 
9000 132 124 125 126 
9000 133 125 126 127 
9000 134 125 131 155 
9000 135 124 125 126 
9000 136 125 126 127 
9000 137 124 125 126 
9000 138 125 126 151 
9000 139 125 126 160 
9000 140 125 126 157 
9000 141 124 125 126 
9000 142 124 125 126 
9000 143 125 126 127 
9000 144 125 126 160 
9000 145 124 125 126 
9000 146 124 125 126 
9000 147 124 125 126 
9000 148 124 125 126 
9000 149 124 125 126 
9000 150 124 125 126 
9000 151 126 138 172 
9000 152 124 125 126 
9000 153 124 125 126 
9000 154 124 125 126 
9000 155 131 134 164 
9000 156 124 125 126 
9000 157 124 126 140 
9000 158 124 125 126 
9000 159 125 126 172 
9000 160 139 144 171 
9000 161 124 125 126 
9000 162 124 125 126 
9000 163 124 125 126 
9000 164 125 126 155 
9000 165 125 126 170 
9000 166 124 125 126 
9000 167 124 125 126 
9000 168 125 131 170 
9000 169 124 125 127 
9000 170 126 165 168 
9000 171 126 127 160 
9000 172 126 151 159 
9000 173 212 213 214 
9000 174 211 212 213 
9000 175 208 212 213 
9000 176 180 187 193 
9000 177 189 191 197 
9000 178 183 185 188 
9000 179 212 213 214 
9000 180 176 184 187 
9000 181 212 213 214 
9000 182 210 212 213 
9000 183 178 213 214 
9000 184 180 187 190 
9000 185 178 212 214 
9000 186 211 212 214 
9000 187 176 180 184 
9000 188 178 213 214 
9000 189 177 199 214 
9000 190 184 193 202 209 
9000 191 177 213 214 
9000 192 211 212 214 
9000 193 176 190 202 
9000 194 212 213 214 
9000 195 210 211 214 
9000 196 207 208 212 
9000 197 177 211 214 
9000 198 206 210 211 
9000 199 189 211 214 
9000 200 211 212 214 
9000 201 211 212 214 
9000 202 190 193 209 
9000 203 211 212 214 
9000 204 212 213 214 
9000 205 211 212 214 
9000 206 198 207 210 
9000 207 196 206 212 
9000 208 175 196 214 
9000 209 190 202 212 
9000 210 182 195 198 206 
9000 211 174 186 192 195 197 198 199 200 201 203 205 
9000 212 14 173 174 175 179 181 182 185 186 192 194 196 200 201 203 204 205 207 209 
9000 213 5 14 173 174 175 179 181 182 183 188 191 194 204 
9000 214 5 14 173 179 181 183 185 186 188 189 191 192 194 195 197 199 200 201 203 204 205 208 
9000 215 0 3 
9000 216 0 5 
9000 217 0 4 
9000 218 0 
9000 219 0 3 4 
9000 220 0 5 
9000 221 0 3 4 5 
9000 222 0 
9000 223 0 
9000 224 0 4 
9000 225 0 3 5 
9000 226 0 5 
9000 227 0 
9000 228 0 4 
9000 229 0 
9000 230 0 4 
9000 231 0 3 5 
9000 232 0 3 
9000 233 0 4 
9000 234 0 5 
9000 235 0 3 4 
9000 236 0 3 5 
9000 237 0 4 
9000 238 0 
9000 239 0 3 
9000 240 0 
9000 241 0 4 5 
9000 242 0 3 4 
9000 243 0 5 
9000 244 0 5 
10800 0 3 4 5 215 216 217 218 219 220 221 222 223 224 225 226 227 228 229 230 231 232 233 234 235 236 237 238 239 240 241 242 243 244 
10800 1 43 44 45 
10800 2 81 83 85 
10800 3 0 122 123 215 219 221 225 231 232 235 236 239 242 
10800 4 0 125 126 217 219 221 224 228 230 233 235 237 241 242 
10800 5 0 212 214 216 220 221 225 226 231 234 236 241 243 244 
10800 6 43 44 45 
10800 7 43 44 45 
10800 8 81 83 85 
10800 9 120 122 123 
10800 10 120 122 123 
10800 11 124 125 126 
10800 12 124 125 126 
10800 13 124 125 126 
10800 14 211 212 214 
10800 15 43 44 45 
10800 16 43 44 45 
10800 17 43 44 45 
10800 18 43 44 45 
10800 19 43 44 45 
10800 20 43 44 45 
10800 21 43 44 45 
10800 22 43 44 45 
10800 23 43 44 45 
10800 24 43 44 45 
10800 25 43 44 45 
10800 26 43 44 45 
10800 27 43 44 45 
10800 28 43 44 45 
10800 29 43 44 45 
10800 30 43 44 45 
10800 31 43 44 45 
10800 32 43 44 45 
10800 33 43 44 45 
10800 34 43 44 45 
10800 35 43 44 45 
10800 36 43 44 45 
10800 37 43 44 45 
10800 38 39 42 44 
10800 39 38 44 45 
10800 40 43 44 45 
10800 41 43 44 45 
10800 42 38 44 45 
10800 43 1 6 7 15 16 17 18 19 20 21 22 23 24 25 26 27 28 29 30 31 32 33 34 35 36 37 40 41 
10800 44 1 6 7 15 16 17 18 19 20 21 22 23 24 25 26 27 28 29 30 31 32 33 34 35 36 37 38 39 40 41 42 
10800 45 1 6 7 15 16 17 18 19 20 21 22 23 24 25 26 27 28 29 30 31 32 33 34 35 36 37 39 40 41 42 
10800 46 81 83 85 
10800 47 79 80 85 
10800 48 59 62 78 
10800 49 63 80 84 
10800 50 64 77 79 
10800 51 80 83 84 
10800 52 62 78 85 
10800 53 81 83 84 
10800 54 83 84 85 
10800 55 83 84 85 
10800 56 80 83 85 
10800 57 80 83 84 
10800 58 82 83 84 
10800 59 48 84 85 
10800 60 79 81 85 
10800 61 62 78 85 
10800 62 48 52 61 
10800 63 49 80 83 
10800 64 50 78 85 
10800 65 80 83 85 
10800 66 72 82 84 
10800 67 83 84 85 
10800 68 82 83 84 
10800 69 72 82 84 
10800 70 81 83 85 
10800 71 75 80 85 
10800 72 66 69 84 
10800 73 79 81 85 
10800 74 81 83 84 
10800 75 71 83 85 
10800 76 81 83 85 
10800 77 50 81 85 
10800 78 48 52 61 64 
10800 79 47 50 60 73 
10800 80 47 49 51 56 57 63 65 71 
10800 81 2 8 46 53 60 70 73 74 76 77 
10800 82 58 66 68 69 
10800 83 2 8 46 51 53 54 55 56 57 58 63 65 67 68 70 74 75 76 
10800 84 49 51 53 54 55 57 58 59 66 67 68 69 72 74 
10800 85 2 8 46 47 52 54 55 56 59 60 61 64 65 67 70 71 73 75 76 77 
10800 86 121 122 123 
10800 87 121 122 123 
10800 88 121 122 123 
10800 89 121 122 123 
10800 90 120 122 123 
10800 91 120 122 123 
10800 92 121 122 123 
10800 93 118 120 123 
10800 94 120 122 123 
10800 95 120 122 123 
10800 96 120 122 123 
10800 97 120 122 123 
10800 98 117 121 123 
10800 99 120 122 123 
10800 100 120 122 123 
10800 101 120 122 123 
10800 102 121 122 123 
10800 103 120 122 123 
10800 104 120 122 123 
10800 105 121 122 123 
10800 106 120 122 123 
10800 107 116 121 123 
10800 108 120 122 123 
10800 109 120 122 123 
10800 110 121 122 123 
10800 111 121 122 123 
10800 112 120 122 123 
10800 113 119 120 122 
10800 114 119 122 123 
10800 115 121 122 123 
10800 116 107 121 123 
10800 117 98 122 123 
10800 118 93 122 123 
10800 119 113 114 122 
10800 120 9 10 90 91 93 94 95 96 97 99 100 101 103 104 106 108 109 112 113 
10800 121 86 87 88 89 92 98 102 105 107 110 111 115 116 
10800 122 3 9 10 86 87 88 89 90 91 92 94 95 96 97 99 100 101 102 103 104 105 106 108 109 110 111 112 113 114 115 117 118 119 
10800 123 3 9 10 86 87 88 89 90 91 92 93 94 95 96 97 98 99 100 101 102 103 104 105 106 107 108 109 110 111 112 114 115 116 117 118 
10800 124 11 12 13 128 129 130 132 137 139 140 142 144 145 146 147 148 150 152 156 157 158 159 160 161 162 164 169 
10800 125 4 11 12 13 128 129 130 132 133 134 135 136 137 139 140 142 143 144 145 146 147 148 149 150 153 154 156 158 159 160 161 162 164 165 166 168 169 
10800 126 4 11 12 13 128 129 130 131 132 133 135 136 137 138 139 140 142 143 144 145 146 147 148 149 150 152 153 154 156 157 158 159 160 161 162 163 164 165 166 168 171 172 
10800 127 133 135 136 138 143 149 153 154 166 167 168 169 171 
10800 128 124 125 126 
10800 129 124 125 126 
10800 130 124 125 126 
10800 131 126 134 155 
10800 132 124 125 126 
10800 133 125 126 127 
10800 134 125 131 155 
10800 135 125 126 127 
10800 136 125 126 127 
10800 137 124 125 126 
10800 138 126 127 155 
10800 139 124 125 126 
10800 140 124 125 126 
10800 141 152 157 167 172 
10800 142 124 125 126 
10800 143 125 126 127 
10800 144 124 125 126 
10800 145 124 125 126 
10800 146 124 125 126 
10800 147 124 125 126 
10800 148 124 125 126 
10800 149 125 126 127 
10800 150 124 125 126 
10800 151 163 170 172 
10800 152 124 126 141 
10800 153 125 126 127 
10800 154 125 126 127 
10800 155 131 134 138 
10800 156 124 125 126 
10800 157 124 126 141 
10800 158 124 125 126 
10800 159 124 125 126 
10800 160 124 125 126 
10800 161 124 125 126 
10800 162 124 125 126 
10800 163 126 151 170 
10800 164 124 125 126 
10800 165 125 126 170 
10800 166 125 126 127 
10800 167 127 141 171 
10800 168 125 126 127 
10800 169 124 125 127 
10800 170 151 163 165 
10800 171 126 127 167 
10800 172 126 141 151 
10800 173 210 212 214 
10800 174 209 210 212 
10800 175 211 212 214 
10800 176 180 187 193 
10800 177 212 213 214 
10800 178 188 189 191 
10800 179 211 212 214 
10800 180 176 184 193 
10800 181 211 212 214 
10800 182 211 212 214 
10800 183 212 213 214 
10800 184 180 187 190 
10800 185 199 212 214 
10800 186 212 213 214 
10800 187 176 184 190 
10800 188 178 213 214 
10800 189 178 199 214 
10800 190 184 187 193 202 
10800 191 178 212 214 
10800 192 212 213 214 
10800 193 176 180 190 
10800 194 212 213 214 
10800 195 210 212 214 
10800 196 211 212 214 
10800 197 212 213 214 
10800 198 206 211 213 
10800 199 185 189 214 
10800 200 212 213 214 
10800 201 211 212 214 
10800 202 190 212 213 
10800 203 212 213 214 
10800 204 210 212 214 
10800 205 212 213 214 
10800 206 198 211 213 
10800 207 211 212 213 
10800 208 209 212 214 
10800 209 174 208 212 
10800 210 173 174 195 204 
10800 211 14 175 179 181 182 196 198 201 206 207 
10800 212 5 14 173 174 175 177 179 181 182 183 185 186 191 192 194 195 196 197 200 201 202 203 204 205 207 208 209 
10800 213 177 183 186 188 192 194 197 198 200 202 203 205 206 207 
10800 214 5 14 173 175 177 179 181 182 183 185 186 188 189 191 192 194 195 196 197 199 200 201 203 204 205 208 
10800 215 0 3 
10800 216 0 5 
10800 217 0 4 
10800 218 0 
10800 219 0 3 4 
10800 220 0 5 
10800 221 0 3 4 5 
10800 222 0 
10800 223 0 
10800 224 0 4 
10800 225 0 3 5 
10800 226 0 5 
10800 227 0 
10800 228 0 4 
10800 229 0 
10800 230 0 4 
10800 231 0 3 5 
10800 232 0 3 
10800 233 0 4 
10800 234 0 5 
10800 235 0 3 4 
10800 236 0 3 5 
10800 237 0 4 
10800 238 0 
10800 239 0 3 
10800 240 0 
10800 241 0 4 5 
10800 242 0 3 4 
10800 243 0 5 
10800 244 0 5 
12600 0 3 4 5 215 216 217 218 219 220 221 222 223 224 225 226 227 228 229 230 231 232 233 234 235 236 237 238 239 240 241 242 243 244 
12600 1 43 44 45 
12600 2 81 83 85 
12600 3 0 122 123 215 219 221 225 231 232 235 236 239 242 
12600 4 0 125 126 217 219 221 224 228 230 233 235 237 241 242 
12600 5 0 213 214 216 220 221 225 226 231 234 236 241 243 244 
12600 6 43 44 45 
12600 7 43 44 45 
12600 8 81 83 85 
12600 9 120 122 123 
12600 10 120 122 123 
12600 11 124 125 126 
12600 12 124 125 126 
12600 13 124 125 126 
12600 14 212 213 214 
12600 15 43 44 45 
12600 16 43 44 45 
12600 17 43 44 45 
12600 18 27 30 31 
12600 19 43 44 45 
12600 20 43 44 45 
12600 21 43 44 45 
12600 22 43 44 45 
12600 23 43 44 45 
12600 24 43 44 45 
12600 25 43 44 45 
12600 26 43 44 45 
12600 27 18 44 45 
12600 28 43 44 45 
12600 29 43 44 45 
12600 30 18 44 45 
12600 31 18 44 45 
12600 32 43 44 45 
12600 33 45 98 99 
12600 34 43 44 45 
12600 35 43 44 45 
12600 36 43 44 45 
12600 37 43 44 45 
12600 38 39 42 44 
12600 39 38 44 45 
12600 40 43 44 45 
12600 41 43 44 45 
12600 42 38 44 45 
12600 43 1 6 7 15 16 17 19 20 21 22 23 24 25 26 28 29 32 34 35 36 37 40 41 
12600 44 1 6 7 15 16 17 19 20 21 22 23 24 25 26 27 28 29 30 31 32 34 35 36 37 38 39 40 41 42 
12600 45 1 6 7 15 16 17 19 20 21 22 23 24 25 26 27 28 29 30 31 32 33 34 35 36 37 39 40 41 42 
12600 46 81 83 85 
12600 47 79 80 85 
12600 48 58 59 62 
12600 49 63 80 84 
12600 50 64 77 79 
12600 51 80 83 84 
12600 52 62 78 85 
12600 53 83 84 85 
12600 54 83 84 85 
12600 55 81 83 85 
12600 56 80 83 85 
12600 57 80 83 84 
12600 58 48 83 84 
12600 59 48 84 85 
12600 60 80 81 85 
12600 61 62 78 85 
12600 62 48 52 61 
12600 63 49 80 83 
12600 64 50 78 85 
12600 65 80 83 85 
12600 66 72 82 84 
12600 67 83 84 85 
12600 68 82 83 84 
12600 69 82 83 84 
12600 70 81 83 85 
12600 71 76 80 85 
12600 72 66 83 84 
12600 73 83 84 85 
12600 74 81 83 84 
12600 75 80 83 85 
12600 76 71 83 85 
12600 77 50 81 85 
12600 78 52 61 64 
12600 79 47 50 85 
12600 80 47 49 51 56 57 60 63 65 71 75 
12600 81 2 8 46 55 60 70 74 77 
12600 82 66 68 69 
12600 83 2 8 46 51 53 54 55 56 57 58 63 65 67 68 69 70 72 73 74 75 76 
12600 84 49 51 53 54 57 58 59 66 67 68 69 72 73 74 
12600 85 2 8 46 47 52 53 54 55 56 59 60 61 64 65 67 70 71 73 75 76 77 79 
12600 86 121 122 123 
12600 87 120 122 123 
12600 88 121 122 123 
12600 89 121 122 123 
12600 90 120 122 123 
12600 91 119 120 123 
12600 92 121 122 123 
12600 93 118 120 123 
12600 94 120 122 123 
12600 95 120 122 123 
12600 96 120 122 123 
12600 97 120 122 123 
12600 98 33 120 121 
12600 99 33 122 123 
12600 100 120 122 123 
12600 101 120 122 123 
12600 102 121 122 123 
12600 103 118 120 123 
12600 104 120 122 123 
12600 105 119 120 123 
12600 106 119 120 123 
12600 107 110 115 121 
12600 108 120 122 123 
12600 109 120 122 123 
12600 110 107 122 123 
12600 111 121 122 123 
12600 112 118 120 123 
12600 113 119 120 122 
12600 114 120 122 123 
12600 115 107 121 123 
12600 116 120 122 123 
12600 117 121 122 123 
12600 118 93 103 112 
12600 119 91 105 106 113 
12600 120 9 10 87 90 91 93 94 95 96 97 98 100 101 103 104 105 106 108 109 112 113 114 116 
12600 121 86 88 89 92 98 102 107 111 115 117 
12600 122 3 9 10 86 87 88 89 90 92 94 95 96 97 99 100 101 102 104 108 109 110 111 113 114 116 117 
12600 123 3 9 10 86 87 88 89 90 91 92 93 94 95 96 97 99 100 101 102 103 104 105 106 108 109 110 111 112 114 115 116 117 
12600 124 11 12 13 128 130 132 135 137 138 141 142 143 144 145 146 147 148 149 150 152 154 156 157 161 162 164 166 169 
12600 125 4 11 12 13 128 130 132 133 134 135 136 137 138 140 141 142 143 144 146 147 148 149 150 153 154 156 158 159 161 162 163 164 165 166 168 169 
12600 126 4 11 12 13 128 130 132 133 135 136 137 138 139 140 141 142 143 144 145 146 147 148 149 150 152 153 154 156 157 158 159 161 162 163 164 165 166 168 171 
12600 127 129 133 136 139 167 169 171 
12600 128 124 125 126 
12600 129 127 160 167 
12600 130 124 125 126 
12600 131 134 155 168 
12600 132 124 125 126 
12600 133 125 126 127 
12600 134 125 131 155 
12600 135 124 125 126 
12600 136 125 126 127 
12600 137 124 125 126 
12600 138 124 125 126 
12600 139 126 127 160 
12600 140 125 126 157 
12600 141 124 125 126 
12600 142 124 125 126 
12600 143 124 125 126 
12600 144 124 125 126 
12600 145 124 126 172 
12600 146 124 125 126 
12600 147 124 125 126 
12600 148 124 125 126 
12600 149 124 125 126 
12600 150 124 125 126 
12600 151 153 171 172 
12600 152 124 126 172 
12600 153 125 126 151 
12600 154 124 125 126 
12600 155 131 134 159 
12600 156 124 125 126 
12600 157 124 126 140 
12600 158 125 126 170 
12600 159 125 126 155 
12600 160 129 139 167 
12600 161 124 125 126 
12600 162 124 125 126 
12600 163 125 126 170 
12600 164 124 125 126 
12600 165 125 126 170 
12600 166 124 125 126 
12600 167 127 129 160 
12600 168 125 126 131 
12600 169 124 125 127 
12600 170 158 163 165 
12600 171 126 127 151 
12600 172 145 151 152 
12600 173 212 213 214 
12600 174 210 212 213 
12600 175 211 212 214 
12600 176 180 184 193 
12600 177 210 211 214 
12600 178 185 188 191 
12600 179 212 213 214 
12600 180 176 184 187 193 
12600 181 212 213 214 
12600 182 212 213 214 
12600 183 188 190 191 
12600 184 176 180 187 
12600 185 178 212 214 
12600 186 211 212 214 
12600 187 180 184 193 
12600 188 178 183 214 
12600 189 199 202 214 
12600 190 183 195 202 
12600 191 178 183 214 
12600 192 210 211 212 
12600 193 176 180 187 
12600 194 212 213 214 
12600 195 190 210 213 
12600 196 212 213 214 
12600 197 211 212 214 
12600 198 206 210 211 
12600 199 189 202 214 
12600 200 211 212 214 
12600 201 211 212 214 
12600 202 189 190 199 
12600 203 211 212 214 
12600 204 212 213 214 
12600 205 211 212 214 
12600 206 198 210 211 
12600 207 209 211 212 
12600 208 209 212 214 
12600 209 207 208 212 
12600 210 174 177 192 195 198 206 
12600 211 175 177 186 192 197 198 200 201 203 205 206 207 
12600 212 14 173 174 175 179 181 182 185 186 192 194 196 197 200 201 203 204 205 207 208 209 
12600 213 5 14 173 174 179 181 182 194 195 196 204 
12600 214 5 14 173 175 177 179 181 182 185 186 188 189 191 194 196 197 199 200 201 203 204 205 208 
12600 215 0 3 
12600 216 0 5 
12600 217 0 4 
12600 218 0 
12600 219 0 3 4 
12600 220 0 5 
12600 221 0 3 4 5 
12600 222 0 
12600 223 0 
12600 224 0 4 
12600 225 0 3 5 
12600 226 0 5 
12600 227 0 
12600 228 0 4 
12600 229 0 
12600 230 0 4 
12600 231 0 3 5 
12600 232 0 3 
12600 233 0 4 
12600 234 0 5 
12600 235 0 3 4 
12600 236 0 3 5 
12600 237 0 4 
12600 238 0 
12600 239 0 3 
12600 240 0 
12600 241 0 4 5 
12600 242 0 3 4 
12600 243 0 5 
12600 244 0 5 
14400 0 3 4 5 215 216 217 218 219 220 221 222 223 224 225 226 227 228 229 230 231 232 233 234 235 236 237 238 239 240 241 242 243 244 
14400 1 43 44 45 
14400 2 81 83 85 
14400 3 0 122 123 215 219 221 225 231 232 235 236 239 242 
14400 4 0 125 126 217 219 221 224 228 230 233 235 237 241 242 
14400 5 0 213 214 216 220 221 225 226 231 234 236 241 243 244 
14400 6 43 44 45 
14400 7 43 44 45 
14400 8 81 83 85 
14400 9 120 122 123 
14400 10 120 122 123 
14400 11 124 125 126 
14400 12 124 125 126 
14400 13 124 125 126 
14400 14 212 213 214 
14400 15 43 44 45 
14400 16 43 44 45 
14400 17 43 44 45 
14400 18 29 30 31 
14400 19 43 44 45 
14400 20 43 44 45 
14400 21 43 44 45 
14400 22 43 44 45 
14400 23 45 93 98 
14400 24 43 44 45 
14400 25 43 44 45 
14400 26 43 44 45 
14400 27 43 44 45 
14400 28 43 44 45 
14400 29 18 44 45 
14400 30 18 44 45 
14400 31 18 44 45 
14400 32 44 45 93 
14400 33 43 44 45 
14400 34 43 44 45 
14400 35 43 44 45 
14400 36 44 45 93 
14400 37 43 44 45 
14400 38 44 45 93 
14400 39 43 44 45 
14400 40 43 44 45 
14400 41 43 44 45 
14400 42 43 44 45 
14400 43 1 6 7 15 16 17 19 20 21 22 24 25 26 27 28 33 34 35 37 39 40 41 42 
14400 44 1 6 7 15 16 17 19 20 21 22 24 25 26 27 28 29 30 31 32 33 34 35 36 37 38 39 40 41 42 
14400 45 1 6 7 15 16 17 19 20 21 22 23 24 25 26 27 28 29 30 31 32 33 34 35 36 37 38 39 40 41 42 
14400 46 81 83 85 
14400 47 80 83 85 
14400 48 78 79 81 
14400 49 63 80 84 
14400 50 64 79 85 
14400 51 82 83 84 
14400 52 62 78 85 
14400 53 81 83 84 
14400 54 82 84 85 
14400 55 81 83 85 
14400 56 80 83 85 
14400 57 78 80 84 
14400 58 82 83 84 
14400 59 81 83 84 
14400 60 79 81 85 
14400 61 83 84 85 
14400 62 52 83 85 
14400 63 49 80 83 
14400 64 50 78 85 
14400 65 80 83 85 
14400 66 72 82 84 
14400 67 82 83 84 
14400 68 82 83 84 
14400 69 80 82 84 
14400 70 81 83 85 
14400 71 80 83 85 
14400 72 66 83 84 
14400 73 79 81 85 
14400 74 81 83 84 
14400 75 79 83 85 
14400 76 81 83 85 
14400 77 80 81 85 
14400 78 48 52 57 64 
14400 79 48 50 60 73 75 
14400 80 47 49 56 57 63 65 69 71 77 
14400 81 2 8 46 48 53 55 59 60 70 73 74 76 77 
14400 82 51 54 58 66 67 68 69 
14400 83 2 8 46 47 51 53 55 56 58 59 61 62 63 65 67 68 70 71 72 74 75 76 
14400 84 49 51 53 54 57 58 59 61 66 67 68 69 72 74 
14400 85 2 8 46 47 50 52 54 55 56 60 61 62 64 65 70 71 73 75 76 77 
14400 86 121 122 123 
14400 87 120 122 123 
14400 88 121 122 123 
14400 89 121 122 123 
14400 90 120 122 123 
14400 91 118 120 123 
14400 92 121 122 123 
14400 93 23 32 36 38 
14400 94 120 122 123 
14400 95 120 122 123 
14400 96 120 122 123 
14400 97 120 122 123 
14400 98 23 117 121 
14400 99 120 122 123 
14400 100 120 122 123 
14400 101 120 122 123 
14400 102 121 122 123 
14400 103 121 122 123 
14400 104 121 122 123 
14400 105 118 120 123 
14400 106 118 121 123 
14400 107 112 115 121 
14400 108 120 122 123 
14400 109 120 122 123 
14400 110 121 122 123 
14400 111 121 122 123 
14400 112 107 122 123 
14400 113 119 120 122 
14400 114 120 122 123 
14400 115 107 121 123 
14400 116 119 120 123 
14400 117 98 122 123 
14400 118 91 105 106 
14400 119 113 116 122 
14400 120 9 10 87 90 91 94 95 96 97 99 100 101 105 108 109 113 114 116 
14400 121 86 88 89 92 98 102 103 104 106 107 110 111 115 
14400 122 3 9 10 86 87 88 89 90 92 94 95 96 97 99 100 101 102 103 104 108 109 110 111 112 113 114 117 119 
14400 123 3 9 10 86 87 88 89 90 91 92 94 95 96 97 99 100 101 102 103 104 105 106 108 109 110 111 112 114 115 116 117 
14400 124 11 12 13 128 129 130 132 135 137 138 141 142 143 144 145 146 147 148 149 150 152 154 156 157 158 159 161 162 163 164 165 166 168 169 
14400 125 4 11 12 13 128 129 130 132 133 135 136 137 138 141 142 143 144 145 146 148 149 150 151 153 154 156 158 159 160 161 162 163 164 165 166 168 169 
14400 126 4 11 12 13 128 129 130 131 132 133 134 135 136 137 138 140 141 142 143 144 145 146 148 149 150 152 153 154 155 156 158 159 161 162 163 164 165 166 168 171 172 
14400 127 133 136 153 167 169 171 
14400 128 124 125 126 
14400 129 124 125 126 
14400 130 124 125 126 
14400 131 126 134 155 
14400 132 124 125 126 
14400 133 125 126 127 
14400 134 126 131 155 
14400 135 124 125 126 
14400 136 125 126 127 
14400 137 124 125 126 
14400 138 124 125 126 
14400 139 151 157 160 167 170 
14400 140 126 151 170 
14400 141 124 125 126 
14400 142 124 125 126 
14400 143 124 125 126 
14400 144 124 125 126 
14400 145 124 125 126 
14400 146 124 125 126 
14400 147 124 170 171 
14400 148 124 125 126 
14400 149 124 125 126 
14400 150 124 125 126 
14400 151 125 139 140 
14400 152 124 126 172 
14400 153 125 126 127 
14400 154 124 125 126 
14400 155 126 131 134 
14400 156 124 125 126 
14400 157 124 139 172 
14400 158 124 125 126 
14400 159 124 125 126 
14400 160 125 139 167 
14400 161 124 125 126 
14400 162 124 125 126 
14400 163 124 125 126 
14400 164 124 125 126 
14400 165 124 125 126 
14400 166 124 125 126 
14400 167 127 139 160 
14400 168 124 125 126 
14400 169 124 125 127 
14400 170 139 140 147 
14400 171 126 127 147 
14400 172 126 152 157 
14400 173 212 213 214 
14400 174 210 212 213 
14400 175 211 212 214 
14400 176 180 184 193 
14400 177 208 211 214 
14400 178 185 188 191 
14400 179 212 213 214 
14400 180 176 184 187 193 
14400 181 212 213 214 
14400 182 212 213 214 
14400 183 210 213 214 
14400 184 176 180 187 
14400 185 178 212 214 
14400 186 211 212 214 
14400 187 180 184 193 
14400 188 178 190 214 
14400 189 198 199 214 
14400 190 188 202 
14400 191 178 213 214 
14400 192 210 211 212 
14400 193 176 180 187 
14400 194 212 213 214 
14400 195 205 210 214 
14400 196 212 213 214 
14400 197 210 211 214 
14400 198 189 199 206 
14400 199 189 198 214 
14400 200 211 212 214 
14400 201 212 213 214 
14400 202 190 210 213 
14400 203 211 212 214 
14400 204 212 213 214 
14400 205 195 212 214 
14400 206 198 207 211 
14400 207 206 209 212 
14400 208 177 209 214 
14400 209 207 208 212 
14400 210 174 183 192 195 197 202 
14400 211 175 177 186 192 197 200 203 206 
14400 212 14 173 174 175 179 181 182 185 186 192 194 196 200 201 203 204 205 207 209 
14400 213 5 14 173 174 179 181 182 183 191 194 196 201 202 204 
14400 214 5 14 173 175 177 179 181 182 183 185 186 188 189 191 194 195 196 197 199 200 201 203 204 205 208 
14400 215 0 3 
14400 216 0 5 
14400 217 0 4 
14400 218 0 
14400 219 0 3 4 
14400 220 0 5 
14400 221 0 3 4 5 
14400 222 0 
14400 223 0 
14400 224 0 4 
14400 225 0 3 5 
14400 226 0 5 
14400 227 0 
14400 228 0 4 
14400 229 0 
14400 230 0 4 
14400 231 0 3 5 
14400 232 0 3 
14400 233 0 4 
14400 234 0 5 
14400 235 0 3 4 
14400 236 0 3 5 
14400 237 0 4 
14400 238 0 
14400 239 0 3 
14400 240 0 
14400 241 0 4 5 
14400 242 0 3 4 
14400 243 0 5 
14400 244 0 5 
16200 0 3 4 5 215 216 217 218 219 220 221 222 223 224 225 226 227 228 229 230 231 232 233 234 235 236 237 238 239 240 241 242 243 244 
16200 1 43 44 45 
16200 2 81 83 85 
16200 3 0 122 123 215 219 221 225 231 232 235 236 239 242 
16200 4 0 126 127 217 219 221 224 228 230 233 235 237 241 242 
16200 5 0 213 214 216 220 221 225 226 231 234 236 241 243 244 
16200 6 43 44 45 
16200 7 43 44 45 
16200 8 81 83 85 
16200 9 120 122 123 
16200 10 120 122 123 
16200 11 125 126 127 
16200 12 125 126 127 
16200 13 125 126 127 
16200 14 212 213 214 
16200 15 43 44 45 
16200 16 43 44 45 
16200 17 43 44 45 
16200 18 27 30 31 
16200 19 43 44 45 
16200 20 43 44 45 
16200 21 43 44 45 
16200 22 43 44 45 
16200 23 43 44 45 
16200 24 43 44 45 
16200 25 43 44 45 
16200 26 43 44 45 
16200 27 18 44 45 
16200 28 43 44 45 
16200 29 43 44 45 
16200 30 18 44 45 
16200 31 18 44 45 
16200 32 43 44 45 
16200 33 43 44 45 
16200 34 43 44 45 
16200 35 43 44 45 
16200 36 43 44 45 
16200 37 43 44 45 
16200 38 39 44 45 
16200 39 38 44 45 
16200 40 43 44 45 
16200 41 43 44 45 
16200 42 43 44 45 
16200 43 1 6 7 15 16 17 19 20 21 22 23 24 25 26 28 29 32 33 34 35 36 37 40 41 42 
16200 44 1 6 7 15 16 17 19 20 21 22 23 24 25 26 27 28 29 30 31 32 33 34 35 36 37 38 39 40 41 42 
16200 45 1 6 7 15 16 17 19 20 21 22 23 24 25 26 27 28 29 30 31 32 33 34 35 36 37 38 39 40 41 42 
16200 46 81 83 85 
16200 47 81 83 85 
16200 48 59 62 78 
16200 49 63 80 84 
16200 50 64 77 79 
16200 51 81 83 84 
16200 52 60 62 85 
16200 53 79 81 83 
16200 54 81 83 85 
16200 55 81 83 85 
16200 56 83 84 85 
16200 57 81 83 84 
16200 58 82 83 84 
16200 59 48 83 85 
16200 60 52 81 85 
16200 61 62 78 85 
16200 62 48 52 61 
16200 63 49 80 84 
16200 64 50 81 85 
16200 65 80 83 85 
16200 66 72 82 84 
16200 67 83 84 85 
16200 68 82 83 84 
16200 69 81 82 83 
16200 70 81 83 85 
16200 71 75 80 85 
16200 72 66 81 83 
16200 73 79 81 85 
16200 74 81 83 84 
16200 75 71 84 85 
16200 76 83 84 85 
16200 77 50 81 85 
16200 78 48 61 85 
16200 79 50 53 73 
16200 80 49 63 65 71 
16200 81 2 8 46 47 51 53 54 55 57 60 64 69 70 72 73 74 77 
16200 82 58 66 68 69 
16200 83 2 8 46 47 51 53 54 55 56 57 58 59 65 67 68 69 70 72 74 76 
16200 84 49 51 56 57 58 63 66 67 68 74 75 76 
16200 85 2 8 46 47 52 54 55 56 59 60 61 64 65 67 70 71 73 75 76 77 78 
16200 86 121 122 123 
16200 87 120 122 123 
16200 88 121 122 123 
16200 89 121 122 123 
16200 90 120 122 123 
16200 91 118 120 123 
16200 92 121 122 123 
16200 93 118 120 123 
16200 94 120 122 123 
16200 95 120 122 123 
16200 96 120 122 123 
16200 97 120 122 123 
16200 98 117 118 121 
16200 99 120 122 123 
16200 100 120 122 123 
16200 101 120 122 123 
16200 102 121 122 123 
16200 103 107 122 123 
16200 104 120 122 123 
16200 105 120 122 123 
16200 106 118 120 123 
16200 107 103 115 121 
16200 108 120 122 123 
16200 109 120 122 123 
16200 110 121 122 123 
16200 111 121 122 123 
16200 112 120 122 123 
16200 113 119 120 122 
16200 114 119 122 123 
16200 115 107 121 123 
16200 116 119 120 123 
16200 117 98 122 123 
16200 118 91 93 98 106 
16200 119 113 114 116 
16200 120 9 10 87 90 91 93 94 95 96 97 99 100 101 104 105 106 108 109 112 113 116 
16200 121 86 88 89 92 98 102 107 110 111 115 
16200 122 3 9 10 86 87 88 89 90 92 94 95 96 97 99 100 101 102 103 104 105 108 109 110 111 112 113 114 117 
16200 123 3 9 10 86 87 88 89 90 91 92 93 94 95 96 97 99 100 101 102 103 104 105 106 108 109 110 111 112 114 115 116 117 
16200 124 131 137 138 139 143 146 149 152 153 154 155 156 161 166 
16200 125 11 12 13 128 130 132 133 134 135 136 137 138 139 140 141 142 143 144 145 146 147 148 149 150 152 153 154 156 158 159 160 161 162 163 164 166 168 169 
16200 126 4 11 12 13 128 130 132 133 135 136 137 138 139 140 141 142 143 144 145 146 147 148 149 150 152 153 154 156 157 158 159 160 161 162 163 164 165 166 168 171 172 
16200 127 4 11 12 13 128 129 130 132 133 135 136 141 142 144 145 147 148 150 158 159 162 163 164 165 167 168 169 170 171 
16200 128 125 126 127 
16200 129 127 151 170 
16200 130 125 126 127 
16200 131 124 134 155 
16200 132 125 126 127 
16200 133 125 126 127 
16200 134 125 131 155 
16200 135 125 126 127 
16200 136 125 126 127 
16200 137 124 125 126 
16200 138 124 125 126 
16200 139 124 125 126 
16200 140 125 126 157 
16200 141 125 126 127 
16200 142 125 126 127 
16200 143 124 125 126 
16200 144 125 126 127 
16200 145 125 126 127 
16200 146 124 125 126 
16200 147 125 126 127 
16200 148 125 126 127 
16200 149 124 125 126 
16200 150 125 126 127 
16200 151 129 160 172 
16200 152 124 125 126 
16200 153 124 125 126 
16200 154 124 125 126 
16200 155 124 131 134 
16200 156 124 125 126 
16200 157 126 140 172 
16200 158 125 126 127 
16200 159 125 126 127 
16200 160 125 126 151 
16200 161 124 125 126 
16200 162 125 126 127 
16200 163 125 126 127 
16200 164 125 126 127 
16200 165 126 127 170 
16200 166 124 125 126 
16200 167 127 169 171 
16200 168 125 126 127 
16200 169 125 127 167 
16200 170 127 129 165 
16200 171 126 127 167 
16200 172 126 151 157 
16200 173 212 213 214 
16200 174 212 213 214 
16200 175 211 212 214 
16200 176 180 184 187 
16200 177 186 189 191 
16200 178 185 188 191 
16200 179 212 213 214 
16200 180 176 187 193 
16200 181 212 213 214 
16200 182 212 213 214 
16200 183 210 213 214 
16200 184 176 187 193 
16200 185 178 212 214 
16200 186 177 211 212 
16200 187 176 180 184 193 
16200 188 178 213 214 
16200 189 177 199 208 
16200 190 199 200 202 
16200 191 177 178 214 
16200 192 210 211 212 
16200 193 180 184 187 
16200 194 212 213 214 
16200 195 211 213 214 
16200 196 212 213 214 
16200 197 211 212 214 
16200 198 206 208 211 
16200 199 189 190 202 
16200 200 190 211 213 
16200 201 211 212 214 
16200 202 190 199 214 
16200 203 211 212 214 
16200 204 212 213 214 
16200 205 211 212 214 
16200 206 198 208 211 
16200 207 209 211 212 
16200 208 189 198 206 209 
16200 209 207 208 212 
16200 210 183 192 214 
16200 211 175 186 192 195 197 198 200 201 203 205 206 207 
16200 212 14 173 174 175 179 181 182 185 186 192 194 196 197 201 203 204 205 207 209 
16200 213 5 14 173 174 179 181 182 183 188 194 195 196 200 204 
16200 214 5 14 173 174 175 179 181 182 183 185 188 191 194 195 196 197 201 202 203 204 205 210 
16200 215 0 3 
16200 216 0 5 
16200 217 0 4 
16200 218 0 
16200 219 0 3 4 
16200 220 0 5 
16200 221 0 3 4 5 
16200 222 0 
16200 223 0 
16200 224 0 4 
16200 225 0 3 5 
16200 226 0 5 
16200 227 0 
16200 228 0 4 
16200 229 0 
16200 230 0 4 
16200 231 0 3 5 
16200 232 0 3 
16200 233 0 4 
16200 234 0 5 
16200 235 0 3 4 
16200 236 0 3 5 
16200 237 0 4 
16200 238 0 
16200 239 0 3 
16200 240 0 
16200 241 0 4 5 
16200 242 0 3 4 
16200 243 0 5 
16200 244 0 5 
18000 0 3 4 5 215 216 217 218 219 220 221 222 223 224 225 226 227 228 229 230 231 232 233 234 235 236 237 238 239 240 241 242 243 244 
18000 1 43 44 45 
18000 2 81 83 85 
18000 3 0 122 123 215 219 221 225 231 232 235 236 239 242 
18000 4 0 125 126 217 219 221 224 228 230 233 235 237 241 242 
18000 5 0 213 214 216 220 221 225 226 231 234 236 241 243 244 
18000 6 43 44 45 
18000 7 43 44 45 
18000 8 81 83 85 
18000 9 120 122 123 
18000 10 120 122 123 
18000 11 124 125 126 
18000 12 124 125 126 
18000 13 124 125 126 
18000 14 212 213 214 
18000 15 43 44 45 
18000 16 43 44 45 
18000 17 43 44 45 
18000 18 27 30 31 
18000 19 43 44 45 
18000 20 43 44 45 
18000 21 43 44 45 
18000 22 43 44 45 
18000 23 43 44 45 
18000 24 43 44 45 
18000 25 43 44 45 
18000 26 43 44 45 
18000 27 18 44 45 
18000 28 45 98 105 
18000 29 43 44 45 
18000 30 18 44 45 
18000 31 18 44 45 
18000 32 43 44 45 
18000 33 43 44 45 
18000 34 43 44 45 
18000 35 43 44 45 
18000 36 43 44 45 
18000 37 43 44 45 
18000 38 39 42 44 
18000 39 38 44 45 
18000 40 43 44 45 
18000 41 43 44 45 
18000 42 38 44 45 
18000 43 1 6 7 15 16 17 19 20 21 22 23 24 25 26 29 32 33 34 35 36 37 40 41 
18000 44 1 6 7 15 16 17 19 20 21 22 23 24 25 26 27 29 30 31 32 33 34 35 36 37 38 39 40 41 42 
18000 45 1 6 7 15 16 17 19 20 21 22 23 24 25 26 27 28 29 30 31 32 33 34 35 36 37 39 40 41 42 
18000 46 81 83 85 
18000 47 79 80 85 
18000 48 81 83 84 
18000 49 63 80 84 
18000 50 64 79 81 
18000 51 80 83 84 
18000 52 61 62 85 
18000 53 83 84 85 
18000 54 83 84 85 
18000 55 81 83 85 
18000 56 80 83 85 
18000 57 83 84 85 
18000 58 82 83 84 
18000 59 83 84 85 
18000 60 79 81 85 
18000 61 52 81 85 
18000 62 52 83 85 
18000 63 49 80 84 
18000 64 50 78 85 
18000 65 80 83 85 
18000 66 72 82 84 
18000 67 83 84 85 
18000 68 82 83 84 
18000 69 82 83 84 
18000 70 82 83 85 
18000 71 75 80 85 
18000 72 66 83 84 
18000 73 79 81 85 
18000 74 81 83 84 
18000 75 71 83 85 
18000 76 81 83 85 
18000 77 79 81 85 
18000 78 64 84 85 
18000 79 47 50 60 73 77 
18000 80 47 49 51 56 63 65 71 
18000 81 2 8 46 48 50 55 60 61 73 74 76 77 
18000 82 58 66 68 69 70 
18000 83 2 8 46 48 51 53 54 55 56 57 58 59 62 65 67 68 69 70 72 74 75 76 
18000 84 48 49 51 53 54 57 58 59 63 66 67 68 69 72 74 78 
18000 85 2 8 46 47 52 53 54 55 56 57 59 60 61 62 64 65 67 70 71 73 75 76 77 78 
18000 86 121 122 123 
18000 87 120 122 123 
18000 88 121 122 123 
18000 89 121 122 123 
18000 90 120 122 123 
18000 91 118 120 123 
18000 92 121 122 123 
18000 93 118 120 123 
18000 94 121 122 123 
18000 95 120 122 123 
18000 96 120 122 123 
18000 97 120 122 123 
18000 98 28 117 121 
18000 99 120 122 123 
18000 100 120 122 123 
18000 101 120 122 123 
18000 102 107 122 123 
18000 103 118 120 123 
18000 104 121 122 123 
18000 105 28 120 123 
18000 106 118 120 123 
18000 107 102 115 121 
18000 108 120 122 123 
18000 109 120 122 123 
18000 110 121 122 123 
18000 111 121 122 123 
18000 112 120 122 123 
18000 113 119 120 122 
18000 114 119 122 123 
18000 115 107 121 123 
18000 116 119 120 123 
18000 117 98 122 123 
18000 118 91 93 103 106 
18000 119 113 114 116 
18000 120 9 10 87 90 91 93 95 96 97 99 100 101 103 105 106 108 109 112 113 116 
18000 121 86 88 89 92 94 98 104 107 110 111 115 
18000 122 3 9 10 86 87 88 89 90 92 94 95 96 97 99 100 101 102 104 108 109 110 111 112 113 114 117 
18000 123 3 9 10 86 87 88 89 90 91 92 93 94 95 96 97 99 100 101 102 103 104 105 106 108 109 110 111 112 114 115 116 117 
18000 124 11 12 13 129 132 135 137 138 141 142 143 144 145 146 148 149 150 152 153 154 156 157 158 159 161 162 164 166 168 169 172 
18000 125 4 11 12 13 128 129 130 132 133 134 135 136 137 138 139 141 142 143 144 145 146 147 148 149 150 153 154 156 158 159 161 162 164 165 166 168 169 
18000 126 4 11 12 13 128 129 130 132 133 135 136 137 138 139 140 141 142 143 144 145 146 147 148 149 150 152 153 154 156 157 158 159 161 162 163 164 165 166 168 170 172 
18000 127 130 133 136 147 157 163 167 169 171 
18000 128 125 126 151 
18000 129 124 125 126 
18000 130 125 126 127 
18000 131 134 140 155 
18000 132 124 125 126 
18000 133 125 126 127 
18000 134 125 131 155 
18000 135 124 125 126 
18000 136 125 126 127 
18000 137 124 125 126 
18000 138 124 125 126 
18000 139 125 126 160 
18000 140 126 131 155 
18000 141 124 125 126 
18000 142 124 125 126 
18000 143 124 125 126 
18000 144 124 125 126 
18000 145 124 125 126 
18000 146 124 125 126 
18000 147 125 126 127 
18000 148 124 125 126 
18000 149 124 125 126 
18000 150 124 125 126 
18000 151 128 152 172 
18000 152 124 126 151 
18000 153 124 125 126 
18000 154 124 125 126 
18000 155 131 134 140 
18000 156 124 125 126 
18000 157 124 126 127 
18000 158 124 125 126 
18000 159 124 125 126 
18000 160 139 167 171 
18000 161 124 125 126 
18000 162 124 125 126 
18000 163 126 127 170 
18000 164 124 125 126 
18000 165 125 126 170 
18000 166 124 125 126 
18000 167 127 160 171 
18000 168 124 125 126 
18000 169 124 125 127 
18000 170 126 163 165 
18000 171 127 160 167 
18000 172 124 126 151 
18000 173 212 213 214 
18000 174 210 212 213 
18000 175 211 212 214 
18000 176 184 187 193 
18000 177 208 211 214 
18000 178 204 210 214 
18000 179 212 213 214 
18000 180 184 187 193 
18000 181 212 213 214 
18000 182 212 213 214 
18000 183 210 213 214 
18000 184 176 180 187 
18000 185 210 212 214 
18000 186 211 212 214 
18000 187 176 180 184 193 206 
18000 188 212 213 214 
18000 189 199 203 214 
18000 190 196 202 204 
18000 191 211 213 214 
18000 192 210 211 212 
18000 193 176 180 187 
18000 194 212 213 214 
18000 195 199 211 214 
18000 196 190 213 214 
18000 197 210 211 214 
18000 198 206 209 211 
18000 199 189 195 214 
18000 200 211 212 214 
18000 201 212 213 214 
18000 202 190 210 213 
18000 203 189 212 214 
18000 204 178 190 214 
18000 205 211 212 214 
18000 206 187 198 211 
18000 207 209 211 212 
18000 208 177 212 214 
18000 209 198 207 212 
18000 210 174 178 183 185 192 197 202 
18000 211 175 177 186 191 192 195 197 198 200 205 206 207 
18000 212 14 173 174 175 179 181 182 185 186 188 192 194 200 201 203 205 207 208 209 
18000 213 5 14 173 174 179 181 182 183 188 191 194 196 201 202 
18000 214 5 14 173 175 177 178 179 181 182 183 185 186 188 189 191 194 195 196 197 199 200 201 203 204 205 208 
18000 215 0 3 
18000 216 0 5 
18000 217 0 4 
18000 218 0 
18000 219 0 3 4 
18000 220 0 5 
18000 221 0 3 4 5 
18000 222 0 
18000 223 0 
18000 224 0 4 
18000 225 0 3 5 
18000 226 0 5 
18000 227 0 
18000 228 0 4 
18000 229 0 
18000 230 0 4 
18000 231 0 3 5 
18000 232 0 3 
18000 233 0 4 
18000 234 0 5 
18000 235 0 3 4 
18000 236 0 3 5 
18000 237 0 4 
18000 238 0 
18000 239 0 3 
18000 240 0 
18000 241 0 4 5 
18000 242 0 3 4 
18000 243 0 5 
18000 244 0 5 
