0 21600
0 0 1 2 3 4 5 214 215 216 217 218 219 220 221 222 223 224 225 226 227 228 229 230 231 232 233 234 235 236 237 238 239 240 241 242 243 
0 1 0 56 57 59 60 215 217 221 225 227 231 234 236 238 241 243 
0 2 0 89 90 112 127 215 219 220 222 224 228 230 233 236 239 240 242 
0 3 0 124 125 126 127 214 216 221 223 224 226 228 233 237 238 240 242 243 
0 4 0 137 178 179 180 216 218 219 222 223 227 229 233 237 238 239 242 
0 5 0 207 208 211 212 215 217 219 223 225 227 231 232 235 239 240 241 243 
0 6 55 56 57 59 60 
0 7 88 89 90 112 127 
0 8 121 122 124 125 126 
0 9 176 177 178 179 180 
0 10 206 207 208 211 212 
0 11 206 207 208 211 212 
0 12 56 57 58 59 60 
0 13 55 56 58 59 60 
0 14 53 55 56 57 60 
0 15 48 49 51 57 60 
0 16 56 57 58 59 60 
0 17 53 55 56 57 60 
0 18 56 57 58 59 60 
0 19 27 30 56 58 60 
0 20 55 56 57 59 60 
0 21 55 56 57 59 60 
0 22 55 56 57 59 60 
0 23 55 56 57 59 60 
0 24 55 56 57 59 60 
0 25 48 49 51 57 60 
0 26 55 56 57 59 60 
0 27 19 43 58 59 60 
0 28 53 55 57 59 60 
0 29 55 56 57 59 60 
0 30 19 57 58 59 60 
0 31 48 49 51 57 60 
0 32 55 56 57 59 60 
0 33 40 47 48 49 57 
0 34 49 51 53 57 60 
0 35 55 56 57 59 60 
0 36 52 55 56 57 60 
0 37 55 56 57 59 60 
0 38 43 57 58 59 60 
0 39 55 56 57 59 60 
0 40 33 56 57 59 60 
0 41 55 56 57 59 60 
0 42 43 56 58 59 60 
0 43 27 38 42 54 58 
0 44 55 56 57 59 60 
0 45 54 55 56 57 60 
0 46 53 55 56 57 60 
0 47 33 56 57 59 60 
0 48 15 25 31 33 60 
0 49 15 25 31 33 34 
0 50 
0 51 15 25 31 34 60 
0 52 36 57 58 59 60 
0 53 14 17 28 34 46 
0 54 43 45 58 59 60 
0 55 6 13 14 17 20 21 22 23 24 26 28 29 32 35 36 37 39 41 44 45 46 
0 56 1 6 12 13 14 16 17 18 19 20 21 22 23 24 26 29 32 35 36 37 39 40 41 42 44 45 46 47 
0 57 1 6 12 14 15 16 17 18 20 21 22 23 24 25 26 28 29 30 31 32 33 34 35 36 37 38 39 40 41 44 45 46 47 52 
0 58 12 13 16 18 19 27 30 38 42 43 52 54 
0 59 1 6 12 13 16 18 20 21 22 23 24 26 27 28 29 30 32 35 37 38 39 40 41 42 44 47 52 54 
0 60 1 6 12 13 14 15 16 17 18 19 20 21 22 23 24 25 26 27 28 29 30 31 32 34 35 36 37 38 39 40 41 42 44 45 46 47 48 51 52 54 
0 61 87 88 89 90 112 
0 62 87 88 90 112 127 
0 63 87 88 90 112 127 
0 64 88 90 112 127 131 
0 65 88 89 90 112 127 
0 66 86 87 88 90 112 
0 67 77 88 89 90 112 
0 68 86 87 88 90 127 
0 69 87 88 90 112 127 
0 70 85 86 87 88 90 
0 71 87 88 90 112 127 
0 72 106 109 118 131 135 
0 73 90 96 109 112 127 
0 74 84 85 86 87 90 
0 75 88 89 90 112 127 
0 76 87 88 89 90 112 
0 77 67 81 89 
0 78 87 89 90 112 127 
0 79 87 88 90 112 127 
0 80 88 89 90 112 127 
0 81 77 85 87 89 90 
0 82 88 89 90 112 127 
0 83 85 86 87 88 90 
0 84 74 87 89 90 112 
0 85 70 74 81 83 127 
0 86 66 68 70 74 83 
0 87 61 62 63 66 68 69 70 71 74 76 78 79 81 83 84 
0 88 7 61 62 63 64 65 66 67 68 69 70 71 75 76 79 80 82 83 
0 89 2 7 61 65 67 75 76 77 78 80 81 82 84 
0 90 2 7 61 62 63 64 65 66 67 68 69 70 71 73 74 75 76 78 79 80 81 82 83 84 
0 91 121 122 124 125 126 
0 92 122 123 124 125 126 
0 93 121 122 124 125 126 
0 94 100 108 118 126 132 
0 95 121 122 123 124 126 
0 96 73 122 124 125 126 
0 97 122 123 124 125 126 
0 98 121 122 124 125 126 
0 99 122 123 124 125 126 
0 100 94 108 120 126 132 
0 101 121 122 124 125 126 
0 102 121 122 124 125 126 
0 103 114 120 122 125 134 
0 104 122 123 124 125 126 
0 105 121 122 124 125 126 
0 106 72 122 124 125 126 
0 107 110 123 124 125 126 
0 108 94 100 110 119 132 
0 109 72 73 124 125 126 
0 110 107 108 114 119 123 
0 111 122 123 124 125 126 
0 112 2 7 61 62 63 64 65 66 67 69 71 73 75 76 78 79 80 82 84 
0 113 121 122 124 125 126 
0 114 103 110 124 125 126 
0 115 121 122 124 125 126 
0 116 122 124 125 126 134 
0 117 121 122 124 125 126 
0 118 72 94 124 126 131 
0 119 108 110 123 128 132 
0 120 100 103 128 134 135 
0 121 8 91 93 95 98 101 102 105 113 115 117 133 135 
0 122 8 91 92 93 95 96 97 98 99 101 102 103 104 105 106 111 113 115 116 117 128 129 130 133 134 
0 123 92 95 97 99 104 107 110 111 119 128 129 130 132 
0 124 3 8 91 92 93 95 96 97 98 99 101 102 104 105 106 107 109 111 113 114 115 116 117 118 129 130 133 135 
0 125 3 8 91 92 93 96 97 98 99 101 102 103 104 105 106 107 109 111 113 114 115 116 117 129 130 133 134 
0 126 3 8 91 92 93 94 95 96 97 98 99 100 101 102 104 105 106 107 109 111 113 114 115 116 117 118 128 129 130 133 
0 127 2 3 7 62 63 64 65 68 69 71 73 75 78 79 80 82 85 131 
0 128 119 120 122 123 126 
0 129 122 123 124 125 126 
0 130 122 123 124 125 126 
0 131 64 72 118 127 135 
0 132 94 100 108 119 123 
0 133 121 122 124 125 126 
0 134 103 116 120 122 125 
0 135 72 120 121 124 131 
0 136 137 166 176 177 179 
0 137 4 136 138 139 140 141 142 143 144 145 146 147 148 149 151 152 153 154 156 157 159 160 161 162 163 164 165 167 168 169 170 171 172 173 175 
0 138 137 177 178 179 180 
0 139 137 177 178 179 180 
0 140 137 177 178 179 180 
0 141 137 177 178 179 180 
0 142 137 177 178 179 180 
0 143 137 177 178 179 180 
0 144 137 177 178 179 180 
0 145 137 177 178 179 180 
0 146 137 177 178 179 180 
0 147 137 176 177 178 180 
0 148 137 177 178 179 180 
0 149 137 177 178 179 180 
0 150 171 173 177 179 180 
0 151 137 177 178 179 180 
0 152 137 176 177 179 180 
0 153 137 177 178 179 180 
0 154 137 177 178 179 180 
0 155 156 159 171 173 179 
0 156 137 155 177 179 180 
0 157 137 176 177 178 180 
0 158 172 174 180 194 209 
0 159 137 155 177 179 180 
0 160 137 177 178 179 180 
0 161 137 176 177 178 180 
0 162 137 176 177 179 180 
0 163 137 177 178 179 180 
0 164 137 176 177 178 180 
0 165 137 176 177 178 180 
0 166 136 168 171 173 179 
0 167 137 177 178 179 180 
0 168 137 166 177 179 180 
0 169 137 177 178 179 180 
0 170 137 177 178 179 180 
0 171 137 150 155 166 180 
0 172 137 158 177 178 180 
0 173 137 150 155 166 180 
0 174 158 176 177 178 180 
0 175 137 177 178 179 180 
0 176 9 136 147 152 157 161 162 164 165 174 
0 177 9 136 138 139 140 141 142 143 144 145 146 147 148 149 150 151 152 153 154 156 157 159 160 161 162 163 164 165 167 168 169 170 172 174 175 
0 178 4 9 138 139 140 141 142 143 144 145 146 147 148 149 151 153 154 157 160 161 163 164 165 167 169 170 172 174 175 
0 179 4 9 136 138 139 140 141 142 143 144 145 146 148 149 150 151 152 153 154 155 156 159 160 162 163 166 167 168 169 170 175 
0 180 4 9 138 139 140 141 142 143 144 145 146 147 148 149 150 151 152 153 154 156 157 158 159 160 161 162 163 164 165 167 168 169 170 171 172 173 174 175 
0 181 182 189 198 200 213 
0 182 181 184 187 189 191 
0 183 185 187 188 190 202 
0 184 182 185 187 189 191 
0 185 183 184 187 190 202 
0 186 188 192 194 196 197 209 
0 187 182 183 184 185 213 
0 188 183 186 202 203 212 
0 189 181 182 184 191 200 
0 190 183 185 202 211 212 
0 191 182 184 189 212 213 
0 192 186 202 203 211 212 
0 193 207 208 209 211 212 
0 194 158 186 197 209 
0 195 206 207 208 211 212 
0 196 186 202 203 211 212 
0 197 186 194 209 
0 198 181 200 208 211 212 
0 199 206 207 208 211 212 
0 200 181 189 198 210 213 
0 201 206 207 208 211 212 
0 202 183 185 188 190 192 196 204 
0 203 188 192 196 211 212 
0 204 202 206 207 211 212 
0 205 206 207 208 211 212 
0 206 10 11 195 199 201 204 205 
0 207 5 10 11 193 195 199 201 204 205 
0 208 5 10 11 193 195 198 199 201 205 
0 209 158 186 193 194 197 
0 210 200 213 
0 211 5 10 11 190 192 193 195 196 198 199 201 203 204 205 
0 212 5 10 11 188 190 191 192 193 195 196 198 199 201 203 204 205 
0 213 181 187 191 200 210 
0 214 0 3 
0 215 0 1 2 5 
0 216 0 3 4 
0 217 0 1 5 
0 218 0 4 
0 219 0 2 4 5 
0 220 0 2 
0 221 0 1 3 
0 222 0 2 4 
0 223 0 3 4 5 
0 224 0 2 3 
0 225 0 1 5 
0 226 0 3 
0 227 0 1 4 5 
0 228 0 2 3 
0 229 0 4 
0 230 0 2 
0 231 0 1 5 
0 232 0 5 
0 233 0 2 3 4 
0 234 0 1 
0 235 0 5 
0 236 0 1 2 
0 237 0 3 4 
0 238 0 1 3 4 
0 239 0 2 4 5 
0 240 0 2 3 5 
0 241 0 1 5 
0 242 0 2 3 4 
0 243 0 1 3 5 
1800 0 1 2 3 4 5 214 215 216 217 218 219 220 221 222 223 224 225 226 227 228 229 230 231 232 233 234 235 236 237 238 239 240 241 242 243 
1800 1 0 56 57 59 60 215 217 221 225 227 231 234 236 238 241 243 
1800 2 0 88 89 90 112 215 219 220 222 224 228 230 233 236 239 240 242 
1800 3 0 124 125 126 127 214 216 221 223 224 226 228 233 237 238 240 242 243 
1800 4 0 137 178 179 180 216 218 219 222 223 227 229 233 237 238 239 242 
1800 5 0 207 208 211 212 215 217 219 223 225 227 231 232 235 239 240 241 243 
1800 6 55 56 57 59 60 
1800 7 87 88 89 90 112 
1800 8 123 124 125 126 127 
1800 9 176 177 178 179 180 
1800 10 206 207 208 211 212 
1800 11 206 207 208 211 212 
1800 12 56 57 58 59 60 
1800 13 55 56 58 59 60 
1800 14 50 56 57 58 59 
1800 15 52 54 56 57 60 
1800 16 56 57 58 59 60 
1800 17 54 55 56 57 60 
1800 18 56 57 58 59 60 
1800 19 55 56 58 59 60 
1800 20 55 56 57 59 60 
1800 21 55 56 57 59 60 
1800 22 55 56 57 59 60 
1800 23 55 56 57 59 60 
1800 24 54 55 56 59 60 
1800 25 48 51 54 57 58 
1800 26 55 56 57 59 60 
1800 27 43 57 58 59 60 
1800 28 55 56 57 59 60 
1800 29 55 56 57 59 60 
1800 30 56 57 58 59 60 
1800 31 52 54 56 57 60 
1800 32 50 56 57 59 60 
1800 33 55 56 57 59 60 
1800 34 53 54 56 57 60 
1800 35 55 56 57 59 60 
1800 36 51 54 55 56 60 
1800 37 55 56 57 59 60 
1800 38 55 56 57 59 60 
1800 39 54 55 56 59 60 
1800 40 55 56 57 59 60 
1800 41 50 56 57 58 59 
1800 42 43 56 58 59 60 
1800 43 27 42 49 54 58 
1800 44 55 56 57 59 60 
1800 45 54 55 56 57 60 
1800 46 54 55 56 57 60 
1800 47 55 56 57 59 60 
1800 48 25 56 57 59 60 
1800 49 43 56 58 59 60 
1800 50 14 32 41 57 
1800 51 25 36 57 59 60 
1800 52 15 31 58 59 60 
1800 53 34 57 58 59 60 
1800 54 15 17 24 25 31 34 36 39 43 45 46 
1800 55 6 13 17 19 20 21 22 23 24 26 28 29 33 35 36 37 38 39 40 44 45 46 47 
1800 56 1 6 12 13 14 15 16 17 18 19 20 21 22 23 24 26 28 29 30 31 32 33 34 35 36 37 38 39 40 41 42 44 45 46 47 48 49 
1800 57 1 6 12 14 15 16 17 18 20 21 22 23 25 26 27 28 29 30 31 32 33 34 35 37 38 40 41 44 45 46 47 48 50 51 53 
1800 58 12 13 14 16 18 19 25 27 30 41 42 43 49 52 53 
1800 59 1 6 12 13 14 16 18 19 20 21 22 23 24 26 27 28 29 30 32 33 35 37 38 39 40 41 42 44 47 48 49 51 52 53 
1800 60 1 6 12 13 15 16 17 18 19 20 21 22 23 24 26 27 28 29 30 31 32 33 34 35 36 37 38 39 40 42 44 45 46 47 48 49 51 52 53 
1800 61 86 87 89 90 112 
1800 62 86 87 88 90 112 
1800 63 86 87 88 90 112 
1800 64 101 106 112 118 131 
1800 65 87 88 89 90 112 
1800 66 86 87 88 90 112 
1800 67 87 88 89 90 112 
1800 68 84 85 87 88 90 
1800 69 87 88 89 90 112 
1800 70 84 85 87 88 90 
1800 71 86 87 88 90 112 
1800 72 106 109 118 131 135 
1800 73 86 87 88 90 112 
1800 74 83 84 85 87 90 
1800 75 77 88 89 90 112 
1800 76 87 88 89 90 112 
1800 77 75 81 89 
1800 78 86 87 89 90 112 
1800 79 86 87 88 90 112 
1800 80 87 88 89 90 112 
1800 81 77 85 87 89 90 
1800 82 87 88 89 90 112 
1800 83 74 86 87 88 90 
1800 84 68 70 74 90 112 
1800 85 68 70 74 81 112 
1800 86 61 62 63 66 71 73 78 79 83 
1800 87 7 61 62 63 65 66 67 68 69 70 71 73 74 76 78 79 80 81 82 83 
1800 88 2 7 62 63 65 66 67 68 69 70 71 73 75 76 79 80 82 83 131 
1800 89 2 7 61 65 67 69 75 76 77 78 80 81 82 
1800 90 2 7 61 62 63 65 66 67 68 69 70 71 73 74 75 76 78 79 80 81 82 83 84 
1800 91 122 124 125 126 127 
1800 92 123 124 125 126 127 
1800 93 122 124 125 126 127 
1800 94 100 108 111 118 123 
1800 95 122 123 124 126 127 
1800 96 122 124 125 126 127 
1800 97 123 124 125 126 127 
1800 98 123 124 125 126 127 
1800 99 123 124 125 126 127 
1800 100 94 108 118 120 123 
1800 101 64 124 125 126 127 
1800 102 123 124 125 126 127 
1800 103 123 124 125 126 127 
1800 104 123 124 125 126 127 
1800 105 122 124 125 126 127 
1800 106 64 72 125 126 127 
1800 107 110 124 125 126 127 
1800 108 94 100 110 119 123 
1800 109 72 124 125 126 127 
1800 110 107 108 114 119 123 
1800 111 94 124 125 126 127 
1800 112 2 7 61 62 63 64 65 66 67 69 71 73 75 76 78 79 80 82 84 85 
1800 113 122 124 125 126 127 
1800 114 110 119 125 126 127 
1800 115 123 124 125 126 127 
1800 116 122 124 125 126 127 
1800 117 123 124 125 126 127 
1800 118 64 72 94 100 131 
1800 119 108 110 114 123 132 
1800 120 100 126 127 132 134 
1800 121 125 126 127 134 135 
1800 122 91 93 95 96 105 113 116 128 129 134 
1800 123 8 92 94 95 97 98 99 100 102 103 104 108 110 115 117 119 130 132 133 
1800 124 3 8 91 92 93 95 96 97 98 99 101 102 103 104 105 107 109 111 113 115 116 117 128 129 130 132 133 135 
1800 125 3 8 91 92 93 96 97 98 99 101 102 103 104 105 106 107 109 111 113 114 115 116 117 121 128 129 130 133 134 
1800 126 3 8 91 92 93 95 96 97 98 99 101 102 103 104 105 106 107 109 111 113 114 115 116 117 120 121 128 129 130 132 133 
1800 127 3 8 91 92 93 95 96 97 98 99 101 102 103 104 105 106 107 109 111 113 114 115 116 117 120 121 128 129 130 133 134 135 
1800 128 122 124 125 126 127 
1800 129 122 124 125 126 127 
1800 130 123 124 125 126 127 
1800 131 64 72 88 118 135 
1800 132 119 120 123 124 126 
1800 133 123 124 125 126 127 
1800 134 120 121 122 125 127 
1800 135 72 121 124 127 131 
1800 136 137 171 176 177 179 
1800 137 4 136 138 139 140 141 142 143 144 145 146 147 148 149 151 152 153 154 156 157 159 160 161 162 163 164 165 167 168 169 170 171 172 173 175 
1800 138 137 177 178 179 180 
1800 139 137 177 178 179 180 
1800 140 137 177 178 179 180 
1800 141 137 177 178 179 180 
1800 142 137 177 178 179 180 
1800 143 137 177 178 179 180 
1800 144 137 177 178 179 180 
1800 145 137 177 178 179 180 
1800 146 137 177 178 179 180 
1800 147 137 175 177 178 180 
1800 148 137 177 178 179 180 
1800 149 137 177 178 179 180 
1800 150 172 173 177 179 180 
1800 151 137 177 178 179 180 
1800 152 137 176 177 179 180 
1800 153 137 177 178 179 180 
1800 154 137 177 178 179 180 
1800 155 156 159 172 173 179 
1800 156 137 155 177 179 180 
1800 157 137 176 177 178 180 
1800 158 167 170 172 174 180 
1800 159 137 155 177 179 180 
1800 160 137 177 178 179 180 
1800 161 137 176 177 178 180 
1800 162 137 176 177 179 180 
1800 163 137 177 178 179 180 
1800 164 137 176 177 178 180 
1800 165 137 175 177 178 180 
1800 166 168 171 172 173 179 
1800 167 137 158 178 179 180 
1800 168 137 166 177 179 180 
1800 169 137 177 178 179 180 
1800 170 137 158 178 179 180 
1800 171 136 137 166 179 180 
1800 172 137 150 155 158 166 
1800 173 137 150 155 166 180 
1800 174 158 175 177 178 180 
1800 175 137 147 165 174 180 
1800 176 9 136 152 157 161 162 164 
1800 177 9 136 138 139 140 141 142 143 144 145 146 147 148 149 150 151 152 153 154 156 157 159 160 161 162 163 164 165 168 169 174 
1800 178 4 9 138 139 140 141 142 143 144 145 146 147 148 149 151 153 154 157 160 161 163 164 165 167 169 170 174 
1800 179 4 9 136 138 139 140 141 142 143 144 145 146 148 149 150 151 152 153 154 155 156 159 160 162 163 166 167 168 169 170 171 
1800 180 4 9 138 139 140 141 142 143 144 145 146 147 148 149 150 151 152 153 154 156 157 158 159 160 161 162 163 164 165 167 168 169 170 171 173 174 175 
1800 181 182 189 198 200 213 
1800 182 181 184 187 189 191 
1800 183 206 207 208 211 212 
1800 184 182 207 211 212 213 
1800 185 187 190 202 211 212 
1800 186 188 192 194 196 197 209 
1800 187 182 185 211 212 213 
1800 188 186 190 202 203 212 
1800 189 181 182 191 199 200 
1800 190 185 188 202 211 212 
1800 191 182 189 211 212 213 
1800 192 186 202 203 211 212 
1800 193 208 210 211 212 213 
1800 194 186 197 209 
1800 195 206 207 208 211 212 
1800 196 186 202 203 209 212 
1800 197 186 194 209 
1800 198 181 199 200 202 205 
1800 199 189 198 208 211 212 
1800 200 181 189 198 210 213 
1800 201 206 207 208 211 212 
1800 202 185 188 190 192 196 198 204 
1800 203 188 192 196 211 212 
1800 204 202 206 207 211 212 
1800 205 198 207 208 211 212 
1800 206 10 11 183 195 201 204 
1800 207 5 10 11 183 184 195 201 204 205 
1800 208 5 10 11 183 193 195 199 201 205 
1800 209 186 194 196 197 
1800 210 193 200 213 
1800 211 5 10 11 183 184 185 187 190 191 192 193 195 199 201 203 204 205 
1800 212 5 10 11 183 184 185 187 188 190 191 192 193 195 196 199 201 203 204 205 
1800 213 181 184 187 191 193 200 210 
1800 214 0 3 
1800 215 0 1 2 5 
1800 216 0 3 4 
1800 217 0 1 5 
1800 218 0 4 
1800 219 0 2 4 5 
1800 220 0 2 
1800 221 0 1 3 
1800 222 0 2 4 
1800 223 0 3 4 5 
1800 224 0 2 3 
1800 225 0 1 5 
1800 226 0 3 
1800 227 0 1 4 5 
1800 228 0 2 3 
1800 229 0 4 
1800 230 0 2 
1800 231 0 1 5 
1800 232 0 5 
1800 233 0 2 3 4 
1800 234 0 1 
1800 235 0 5 
1800 236 0 1 2 
1800 237 0 3 4 
1800 238 0 1 3 4 
1800 239 0 2 4 5 
1800 240 0 2 3 5 
1800 241 0 1 5 
1800 242 0 2 3 4 
1800 243 0 1 3 5 
3600 0 1 2 3 4 5 214 215 216 217 218 219 220 221 222 223 224 225 226 227 228 229 230 231 232 233 234 235 236 237 238 239 240 241 242 243 
3600 1 0 56 57 59 60 215 217 221 225 227 231 234 236 238 241 243 
3600 2 0 89 90 96 112 215 219 220 222 224 228 230 233 236 239 240 242 
3600 3 0 124 125 126 127 214 216 221 223 224 226 228 233 237 238 240 242 243 
3600 4 0 137 178 179 180 216 218 219 222 223 227 229 233 237 238 239 242 
3600 5 0 207 208 211 212 215 217 219 223 225 227 231 232 235 239 240 241 243 
3600 6 55 56 57 59 60 
3600 7 88 89 90 96 112 
3600 8 122 124 125 126 127 
3600 9 176 177 178 179 180 
3600 10 206 207 208 211 212 
3600 11 206 207 208 211 212 
3600 12 56 57 58 59 60 
3600 13 55 56 58 59 60 
3600 14 55 56 57 59 60 
3600 15 48 49 51 57 60 
3600 16 55 56 57 59 60 
3600 17 55 56 57 59 60 
3600 18 56 57 58 59 60 
3600 19 50 57 58 59 60 
3600 20 55 56 57 59 60 
3600 21 56 57 58 59 60 
3600 22 55 56 57 59 60 
3600 23 55 56 57 59 60 
3600 24 55 56 57 59 60 
3600 25 48 49 51 57 60 
3600 26 55 56 57 59 60 
3600 27 56 57 58 59 60 
3600 28 55 56 57 59 60 
3600 29 55 56 57 59 60 
3600 30 56 57 58 59 60 
3600 31 48 49 51 57 60 
3600 32 55 56 57 59 60 
3600 33 47 48 49 56 57 
3600 34 53 55 57 59 60 
3600 35 43 57 58 59 60 
3600 36 55 56 57 59 60 
3600 37 55 56 57 59 60 
3600 38 55 56 57 59 60 
3600 39 55 56 57 59 60 
3600 40 55 56 57 59 60 
3600 41 55 56 57 59 60 
3600 42 43 56 58 59 60 
3600 43 35 42 51 54 58 
3600 44 50 55 57 59 60 
3600 45 55 56 57 59 60 
3600 46 55 56 57 59 60 
3600 47 33 56 57 59 60 
3600 48 15 25 31 33 60 
3600 49 15 25 31 33 57 
3600 50 19 44 56 
3600 51 15 25 31 43 60 
3600 52 56 57 58 59 60 
3600 53 34 57 58 59 60 
3600 54 43 57 58 59 60 
3600 55 6 13 14 16 17 20 22 23 24 26 28 29 32 34 36 37 38 39 40 41 44 45 46 
3600 56 1 6 12 13 14 16 17 18 20 21 22 23 24 26 27 28 29 30 32 33 36 37 38 39 40 41 42 45 46 47 50 52 
3600 57 1 6 12 14 15 16 17 18 19 20 21 22 23 24 25 26 27 28 29 30 31 32 33 34 35 36 37 38 39 40 41 44 45 46 47 49 52 53 54 
3600 58 12 13 18 19 21 27 30 35 42 43 52 53 54 
3600 59 1 6 12 13 14 16 17 18 19 20 21 22 23 24 26 27 28 29 30 32 34 35 36 37 38 39 40 41 42 44 45 46 47 52 53 54 
3600 60 1 6 12 13 14 15 16 17 18 19 20 21 22 23 24 25 26 27 28 29 30 31 32 34 35 36 37 38 39 40 41 42 44 45 46 47 48 51 52 53 54 
3600 61 86 87 89 90 112 
3600 62 77 89 96 109 112 
3600 63 88 89 90 96 112 
3600 64 87 88 90 96 112 
3600 65 88 89 90 96 112 
3600 66 88 89 90 96 112 
3600 67 89 90 96 112 114 
3600 68 85 87 88 90 96 
3600 69 89 90 96 112 114 
3600 70 88 89 90 96 112 
3600 71 96 109 112 118 131 
3600 72 106 109 118 131 135 
3600 73 88 89 90 96 112 
3600 74 87 88 89 96 112 
3600 75 88 89 90 96 112 
3600 76 88 89 90 96 112 
3600 77 62 81 89 
3600 78 89 90 96 112 114 
3600 79 90 96 99 112 114 
3600 80 88 89 90 96 112 
3600 81 77 85 87 89 90 
3600 82 88 89 90 96 112 
3600 83 86 87 88 89 90 
3600 84 86 87 89 90 112 
3600 85 68 81 90 96 112 
3600 86 61 83 84 112 114 
3600 87 61 64 68 74 81 83 84 
3600 88 7 63 64 65 66 68 70 73 74 75 76 80 82 83 
3600 89 2 7 61 62 63 65 66 67 69 70 73 74 75 76 77 78 80 81 82 83 84 
3600 90 2 7 61 63 64 65 66 67 68 69 70 73 75 76 78 79 80 81 82 83 84 85 
3600 91 122 124 125 126 127 
3600 92 123 124 125 126 127 
3600 93 122 124 125 126 127 
3600 94 100 110 119 123 125 
3600 95 122 123 124 126 127 
3600 96 2 7 62 63 64 65 66 67 68 69 70 71 73 74 75 76 78 79 80 82 85 131 
3600 97 123 124 125 126 127 
3600 98 122 124 125 126 127 
3600 99 79 124 125 126 127 
3600 100 94 111 118 120 124 
3600 101 122 124 125 126 127 
3600 102 122 124 125 126 127 
3600 103 114 122 125 127 134 
3600 104 123 124 125 126 127 
3600 105 122 124 125 126 127 
3600 106 72 124 125 126 127 
3600 107 123 124 125 126 127 
3600 108 122 123 124 126 127 
3600 109 62 71 72 126 127 
3600 110 94 114 119 123 125 
3600 111 100 124 125 126 127 
3600 112 2 7 61 62 63 64 65 66 67 69 70 71 73 74 75 76 78 79 80 82 84 85 86 
3600 113 122 124 125 126 127 
3600 114 67 69 78 79 86 103 110 
3600 115 122 124 125 126 127 
3600 116 124 125 126 127 134 
3600 117 119 124 125 126 127 
3600 118 71 72 100 127 131 
3600 119 94 110 117 123 125 
3600 120 100 124 125 126 127 
3600 121 124 125 126 127 135 
3600 122 8 91 93 95 98 101 102 103 105 108 113 115 128 133 134 
3600 123 92 94 95 97 104 107 108 110 119 128 129 130 132 
3600 124 3 8 91 92 93 95 97 98 99 100 101 102 104 105 106 107 108 111 113 115 116 117 120 121 129 130 132 133 135 
3600 125 3 8 91 92 93 94 97 98 99 101 102 103 104 105 106 107 110 111 113 115 116 117 119 120 121 128 129 130 132 133 134 
3600 126 3 8 91 92 93 95 97 98 99 101 102 104 105 106 107 108 109 111 113 115 116 117 120 121 128 129 130 132 133 
3600 127 3 8 91 92 93 95 97 98 99 101 102 103 104 105 106 107 108 109 111 113 115 116 117 118 120 121 128 129 130 132 133 134 135 
3600 128 122 123 125 126 127 
3600 129 123 124 125 126 127 
3600 130 123 124 125 126 127 
3600 131 71 72 96 118 135 
3600 132 123 124 125 126 127 
3600 133 122 124 125 126 127 
3600 134 103 116 122 125 127 
3600 135 72 121 124 127 131 
3600 136 137 166 177 179 180 
3600 137 4 136 138 139 140 141 142 143 144 145 146 147 148 149 151 152 153 154 156 157 159 160 161 162 163 164 165 167 168 169 170 171 172 173 175 
3600 138 137 177 178 179 180 
3600 139 137 177 178 179 180 
3600 140 137 177 178 179 180 
3600 141 137 177 178 179 180 
3600 142 137 177 178 179 180 
3600 143 137 177 178 179 180 
3600 144 137 177 178 179 180 
3600 145 137 177 178 179 180 
3600 146 137 177 178 179 180 
3600 147 137 175 177 178 180 
3600 148 137 177 178 179 180 
3600 149 137 177 178 179 180 
3600 150 171 173 177 179 180 
3600 151 137 177 178 179 180 
3600 152 137 177 178 179 180 
3600 153 137 176 177 178 180 
3600 154 137 177 178 179 180 
3600 155 156 159 171 173 179 
3600 156 137 155 177 179 180 
3600 157 137 176 177 178 180 
3600 158 167 170 172 174 180 
3600 159 137 155 177 179 180 
3600 160 137 177 178 179 180 
3600 161 137 177 178 179 180 
3600 162 137 175 176 177 179 
3600 163 137 177 178 179 180 
3600 164 137 176 177 178 180 
3600 165 137 175 177 178 180 
3600 166 136 168 171 173 179 
3600 167 137 158 178 179 180 
3600 168 137 166 177 179 180 
3600 169 137 177 178 179 180 
3600 170 137 158 178 179 180 
3600 171 137 150 155 166 180 
3600 172 137 158 177 178 180 
3600 173 137 150 155 166 180 
3600 174 158 177 178 180 210 
3600 175 137 147 162 165 180 
3600 176 9 153 157 162 164 
3600 177 9 136 138 139 140 141 142 143 144 145 146 147 148 149 150 151 152 153 154 156 157 159 160 161 162 163 164 165 168 169 172 174 
3600 178 4 9 138 139 140 141 142 143 144 145 146 147 148 149 151 152 153 154 157 160 161 163 164 165 167 169 170 172 174 
3600 179 4 9 136 138 139 140 141 142 143 144 145 146 148 149 150 151 152 154 155 156 159 160 161 162 163 166 167 168 169 170 
3600 180 4 9 136 138 139 140 141 142 143 144 145 146 147 148 149 150 151 152 153 154 156 157 158 159 160 161 163 164 165 167 168 169 170 171 172 173 174 175 
3600 181 182 189 198 200 213 
3600 182 181 184 187 189 191 
3600 183 185 187 188 190 202 
3600 184 182 209 211 212 213 
3600 185 183 187 190 202 212 
3600 186 188 194 195 197 205 
3600 187 182 183 185 211 213 
3600 188 183 186 202 203 212 
3600 189 181 182 191 200 206 
3600 190 183 185 202 211 212 
3600 191 182 189 211 212 213 
3600 192 207 208 210 211 212 
3600 193 208 209 210 211 212 
3600 194 186 197 208 209 212 
3600 195 186 202 208 211 212 
3600 196 207 208 209 211 212 
3600 197 186 194 205 209 
3600 198 181 202 205 206 210 
3600 199 206 207 208 211 212 
3600 200 181 189 206 210 213 
3600 201 202 203 204 208 211 
3600 202 183 185 188 190 195 198 201 204 
3600 203 188 201 208 211 212 
3600 204 201 202 207 211 212 
3600 205 186 197 198 211 212 
3600 206 10 11 189 198 199 200 
3600 207 5 10 11 192 196 199 204 
3600 208 5 10 11 192 193 194 195 196 199 201 203 
3600 209 184 193 194 196 197 
3600 210 174 192 193 198 200 
3600 211 5 10 11 184 187 190 191 192 193 195 196 199 201 203 204 205 
3600 212 5 10 11 184 185 188 190 191 192 193 194 195 196 199 203 204 205 
3600 213 181 184 187 191 200 
3600 214 0 3 
3600 215 0 1 2 5 
3600 216 0 3 4 
3600 217 0 1 5 
3600 218 0 4 
3600 219 0 2 4 5 
3600 220 0 2 
3600 221 0 1 3 
3600 222 0 2 4 
3600 223 0 3 4 5 
3600 224 0 2 3 
3600 225 0 1 5 
3600 226 0 3 
3600 227 0 1 4 5 
3600 228 0 2 3 
3600 229 0 4 
3600 230 0 2 
3600 231 0 1 5 
3600 232 0 5 
3600 233 0 2 3 4 
3600 234 0 1 
3600 235 0 5 
3600 236 0 1 2 
3600 237 0 3 4 
3600 238 0 1 3 4 
3600 239 0 2 4 5 
3600 240 0 2 3 5 
3600 241 0 1 5 
3600 242 0 2 3 4 
3600 243 0 1 3 5 
5400 0 1 2 3 4 5 214 215 216 217 218 219 220 221 222 223 224 225 226 227 228 229 230 231 232 233 234 235 236 237 238 239 240 241 242 243 
5400 1 0 56 57 59 60 215 217 221 225 227 231 234 236 238 241 243 
5400 2 0 89 90 112 127 215 219 220 222 224 228 230 233 236 239 240 242 
5400 3 0 124 125 126 127 214 216 221 223 224 226 228 233 237 238 240 242 243 
5400 4 0 137 178 179 180 216 218 219 222 223 227 229 233 237 238 239 242 
5400 5 0 207 208 211 212 215 217 219 223 225 227 231 232 235 239 240 241 243 
5400 6 55 56 57 59 60 
5400 7 88 89 90 112 127 
5400 8 122 123 124 125 126 
5400 9 176 177 178 179 180 
5400 10 206 207 208 211 212 
5400 11 206 207 208 211 212 
5400 12 56 57 58 59 60 
5400 13 55 56 58 59 60 
5400 14 56 57 58 59 60 
5400 15 51 52 55 57 60 
5400 16 56 57 58 59 60 
5400 17 55 56 57 58 60 
5400 18 56 57 58 59 60 
5400 19 27 30 43 58 60 
5400 20 55 56 57 59 60 
5400 21 55 56 57 59 60 
5400 22 55 56 57 59 60 
5400 23 55 56 57 59 60 
5400 24 55 56 57 59 60 
5400 25 51 52 55 57 60 
5400 26 55 56 57 59 60 
5400 27 19 43 58 59 60 
5400 28 53 55 57 59 60 
5400 29 55 56 57 59 60 
5400 30 19 57 58 59 60 
5400 31 51 52 55 57 60 
5400 32 55 56 57 59 60 
5400 33 47 48 49 52 57 
5400 34 52 53 55 57 60 
5400 35 55 56 57 59 60 
5400 36 54 55 56 57 60 
5400 37 55 56 57 59 60 
5400 38 55 56 57 59 60 
5400 39 55 56 57 59 60 
5400 40 55 56 57 59 60 
5400 41 55 56 57 59 60 
5400 42 43 56 58 59 60 
5400 43 19 27 42 54 58 
5400 44 55 56 57 59 60 
5400 45 54 55 56 57 60 
5400 46 55 56 57 59 60 
5400 47 33 56 57 59 60 
5400 48 33 56 57 59 60 
5400 49 33 56 57 59 60 
5400 50 
5400 51 15 25 31 59 60 
5400 52 15 25 31 33 34 
5400 53 28 34 58 59 60 
5400 54 36 43 45 59 60 
5400 55 6 13 15 17 20 21 22 23 24 25 26 28 29 31 32 34 35 36 37 38 39 40 41 44 45 46 
5400 56 1 6 12 13 14 16 17 18 20 21 22 23 24 26 29 32 35 36 37 38 39 40 41 42 44 45 46 47 48 49 
5400 57 1 6 12 14 15 16 17 18 20 21 22 23 24 25 26 28 29 30 31 32 33 34 35 36 37 38 39 40 41 44 45 46 47 48 49 
5400 58 12 13 14 16 17 18 19 27 30 42 43 53 
5400 59 1 6 12 13 14 16 18 20 21 22 23 24 26 27 28 29 30 32 35 37 38 39 40 41 42 44 46 47 48 49 51 53 54 
5400 60 1 6 12 13 14 15 16 17 18 19 20 21 22 23 24 25 26 27 28 29 30 31 32 34 35 36 37 38 39 40 41 42 44 45 46 47 48 49 51 53 54 
5400 61 86 87 89 90 112 
5400 62 87 88 90 112 127 
5400 63 90 96 109 112 127 
5400 64 101 111 117 118 131 
5400 65 87 88 89 90 112 
5400 66 87 88 90 112 127 
5400 67 88 89 90 112 127 
5400 68 84 85 87 88 90 
5400 69 88 89 90 112 127 
5400 70 84 85 87 88 90 
5400 71 86 87 88 90 112 
5400 72 106 109 118 131 135 
5400 73 87 88 90 112 127 
5400 74 83 84 85 87 90 
5400 75 87 88 89 90 112 
5400 76 86 87 88 90 112 
5400 77 82 84 85 89 90 
5400 78 88 89 90 112 127 
5400 79 87 88 90 112 127 
5400 80 87 88 89 90 112 
5400 81 84 85 87 89 90 
5400 82 77 88 89 90 112 
5400 83 74 90 96 112 126 
5400 84 68 70 74 77 81 
5400 85 68 70 74 77 81 
5400 86 61 71 76 112 126 
5400 87 61 62 65 66 68 70 71 73 74 75 76 79 80 81 
5400 88 7 62 65 66 67 68 69 70 71 73 75 76 78 79 80 82 
5400 89 2 7 61 65 67 69 75 77 78 80 81 82 
5400 90 2 7 61 62 63 65 66 67 68 69 70 71 73 74 75 76 77 78 79 80 81 82 83 
5400 91 121 122 124 125 126 
5400 92 122 123 124 125 126 
5400 93 122 123 124 125 126 
5400 94 100 108 118 123 132 
5400 95 121 122 123 124 126 
5400 96 63 83 124 125 126 
5400 97 122 123 124 125 126 
5400 98 122 123 124 125 126 
5400 99 122 123 124 125 126 
5400 100 94 108 120 123 132 
5400 101 64 123 124 125 126 
5400 102 122 123 124 125 126 
5400 103 117 120 122 125 134 
5400 104 122 123 124 125 126 
5400 105 122 123 124 125 126 
5400 106 72 123 124 125 126 
5400 107 122 123 124 125 126 
5400 108 94 100 110 119 132 
5400 109 63 72 124 125 126 
5400 110 108 114 117 119 123 
5400 111 64 123 124 125 126 
5400 112 2 7 61 62 63 65 66 67 69 71 73 75 76 78 79 80 82 83 86 
5400 113 121 122 124 125 126 
5400 114 110 123 124 125 126 
5400 115 122 123 124 125 126 
5400 116 122 123 124 125 126 
5400 117 64 103 110 128 134 
5400 118 64 72 94 126 131 
5400 119 108 110 123 128 132 
5400 120 100 103 126 134 135 
5400 121 91 95 113 126 135 
5400 122 8 91 92 93 95 97 98 99 102 103 104 105 107 113 115 116 128 129 130 133 134 
5400 123 8 92 93 94 95 97 98 99 100 101 102 104 105 106 107 110 111 114 115 116 119 128 129 130 132 133 
5400 124 3 8 91 92 93 95 96 97 98 99 101 102 104 105 106 107 109 111 113 114 115 116 129 130 133 135 
5400 125 3 8 91 92 93 96 97 98 99 101 102 103 104 105 106 107 109 111 113 114 115 116 129 130 133 134 
5400 126 3 8 83 86 91 92 93 95 96 97 98 99 101 102 104 105 106 107 109 111 113 114 115 116 118 120 121 128 129 130 133 
5400 127 2 3 7 62 63 66 67 69 73 78 79 
5400 128 117 119 122 123 126 
5400 129 122 123 124 125 126 
5400 130 122 123 124 125 126 
5400 131 64 72 118 135 
5400 132 94 100 108 119 123 
5400 133 122 123 124 125 126 
5400 134 103 117 120 122 125 
5400 135 72 120 121 124 131 
5400 136 137 176 177 179 180 
5400 137 4 136 138 139 140 141 142 143 144 145 146 147 148 149 150 151 152 153 154 156 157 159 160 161 162 163 164 165 167 168 169 170 171 172 175 
5400 138 137 177 178 179 180 
5400 139 137 177 178 179 180 
5400 140 137 177 178 179 180 
5400 141 137 177 178 179 180 
5400 142 137 176 177 178 179 
5400 143 137 177 178 179 180 
5400 144 137 177 178 179 180 
5400 145 137 177 178 179 180 
5400 146 137 177 178 179 180 
5400 147 137 175 177 178 180 
5400 148 137 177 178 179 180 
5400 149 137 177 178 179 180 
5400 150 137 177 178 179 180 
5400 151 137 177 178 179 180 
5400 152 137 176 177 179 180 
5400 153 137 177 178 179 180 
5400 154 137 177 178 179 180 
5400 155 156 158 159 169 170 
5400 156 137 155 177 179 180 
5400 157 137 176 177 178 180 
5400 158 155 170 172 174 180 
5400 159 137 155 177 179 180 
5400 160 137 177 178 179 180 
5400 161 137 176 177 178 180 
5400 162 137 176 177 179 180 
5400 163 137 177 178 179 180 
5400 164 137 176 177 178 180 
5400 165 137 175 177 178 180 
5400 166 171 173 177 179 180 
5400 167 137 177 178 179 180 
5400 168 137 176 177 179 180 
5400 169 137 155 178 179 180 
5400 170 137 155 158 179 180 
5400 171 137 166 178 179 180 
5400 172 137 158 177 178 180 
5400 173 166 177 178 179 180 
5400 174 158 175 177 178 180 
5400 175 137 147 165 174 180 
5400 176 9 136 142 152 157 161 162 164 168 
5400 177 9 136 138 139 140 141 142 143 144 145 146 147 148 149 150 151 152 153 154 156 157 159 160 161 162 163 164 165 166 167 168 172 173 174 
5400 178 4 9 138 139 140 141 142 143 144 145 146 147 148 149 150 151 153 154 157 160 161 163 164 165 167 169 171 172 173 174 
5400 179 4 9 136 138 139 140 141 142 143 144 145 146 148 149 150 151 152 153 154 156 159 160 162 163 166 167 168 169 170 171 173 
5400 180 4 9 136 138 139 140 141 143 144 145 146 147 148 149 150 151 152 153 154 156 157 158 159 160 161 162 163 164 165 166 167 168 169 170 171 172 173 174 175 
5400 181 182 189 198 200 213 
5400 182 181 184 187 189 191 
5400 183 185 187 188 190 202 
5400 184 182 185 187 189 191 
5400 185 183 184 187 190 202 
5400 186 188 192 194 195 196 197 209 
5400 187 182 183 184 185 210 
5400 188 183 186 202 203 212 
5400 189 181 182 184 191 213 
5400 190 183 185 202 211 212 
5400 191 182 184 189 212 213 
5400 192 186 202 203 211 212 
5400 193 194 208 209 211 212 
5400 194 186 193 197 205 209 
5400 195 186 202 208 211 212 
5400 196 186 202 203 211 212 
5400 197 186 194 205 209 
5400 198 181 200 202 203 205 
5400 199 206 207 208 211 212 
5400 200 181 198 203 210 213 
5400 201 206 207 208 211 212 
5400 202 183 185 188 190 192 195 196 198 204 
5400 203 188 192 196 198 200 
5400 204 202 206 207 211 212 
5400 205 194 197 198 209 212 
5400 206 10 11 199 201 204 
5400 207 5 10 11 199 201 204 
5400 208 5 10 11 193 195 199 201 
5400 209 186 193 194 197 205 
5400 210 187 200 213 
5400 211 5 10 11 190 192 193 195 196 199 201 204 
5400 212 5 10 11 188 190 191 192 193 195 196 199 201 204 205 
5400 213 181 189 191 200 210 
5400 214 0 3 
5400 215 0 1 2 5 
5400 216 0 3 4 
5400 217 0 1 5 
5400 218 0 4 
5400 219 0 2 4 5 
5400 220 0 2 
5400 221 0 1 3 
5400 222 0 2 4 
5400 223 0 3 4 5 
5400 224 0 2 3 
5400 225 0 1 5 
5400 226 0 3 
5400 227 0 1 4 5 
5400 228 0 2 3 
5400 229 0 4 
5400 230 0 2 
5400 231 0 1 5 
5400 232 0 5 
5400 233 0 2 3 4 
5400 234 0 1 
5400 235 0 5 
5400 236 0 1 2 
5400 237 0 3 4 
5400 238 0 1 3 4 
5400 239 0 2 4 5 
5400 240 0 2 3 5 
5400 241 0 1 5 
5400 242 0 2 3 4 
5400 243 0 1 3 5 
7200 0 1 2 3 4 5 214 215 216 217 218 219 220 221 222 223 224 225 226 227 228 229 230 231 232 233 234 235 236 237 238 239 240 241 242 243 
7200 1 0 56 57 59 60 215 217 221 225 227 231 234 236 238 241 243 
7200 2 0 89 90 112 126 215 219 220 222 224 228 230 233 236 239 240 242 
7200 3 0 124 125 126 127 214 216 221 223 224 226 228 233 237 238 240 242 243 
7200 4 0 137 178 179 180 216 218 219 222 223 227 229 233 237 238 239 242 
7200 5 0 207 208 211 212 215 217 219 223 225 227 231 232 235 239 240 241 243 
7200 6 55 56 57 59 60 
7200 7 88 89 90 112 126 
7200 8 121 122 124 125 127 
7200 9 176 177 178 179 180 
7200 10 206 207 208 211 212 
7200 11 206 207 208 211 212 
7200 12 56 57 58 59 60 
7200 13 50 56 58 59 60 
7200 14 53 55 56 57 60 
7200 15 49 51 56 57 60 
7200 16 56 57 58 59 60 
7200 17 53 55 56 57 60 
7200 18 56 57 58 59 60 
7200 19 56 57 58 59 60 
7200 20 55 56 57 59 60 
7200 21 55 56 57 59 60 
7200 22 55 56 57 59 60 
7200 23 55 56 57 59 60 
7200 24 55 56 57 59 60 
7200 25 49 51 56 57 60 
7200 26 55 56 57 59 60 
7200 27 43 57 58 59 60 
7200 28 55 56 57 59 60 
7200 29 55 56 57 59 60 
7200 30 54 57 58 59 60 
7200 31 49 51 56 57 60 
7200 32 55 56 57 59 60 
7200 33 47 48 49 56 57 
7200 34 51 53 56 57 60 
7200 35 55 56 57 59 60 
7200 36 52 55 56 57 60 
7200 37 50 56 57 59 60 
7200 38 55 56 57 59 60 
7200 39 55 56 57 59 60 
7200 40 43 57 58 59 60 
7200 41 55 56 57 59 60 
7200 42 43 56 58 59 60 
7200 43 27 40 42 51 58 
7200 44 55 56 57 59 60 
7200 45 53 55 56 57 60 
7200 46 53 55 56 57 60 
7200 47 33 56 57 59 60 
7200 48 33 56 57 59 60 
7200 49 15 25 31 33 60 
7200 50 13 37 54 
7200 51 15 25 31 34 43 54 
7200 52 36 57 58 59 60 
7200 53 14 17 34 45 46 
7200 54 30 50 51 58 
7200 55 6 14 17 20 21 22 23 24 26 28 29 32 35 36 38 39 41 44 45 46 
7200 56 1 6 12 13 14 15 16 17 18 19 20 21 22 23 24 25 26 28 29 31 32 33 34 35 36 37 38 39 41 42 44 45 46 47 48 
7200 57 1 6 12 14 15 16 17 18 19 20 21 22 23 24 25 26 27 28 29 30 31 32 33 34 35 36 37 38 39 40 41 44 45 46 47 48 52 
7200 58 12 13 16 18 19 27 30 40 42 43 52 54 
7200 59 1 6 12 13 16 18 19 20 21 22 23 24 26 27 28 29 30 32 35 37 38 39 40 41 42 44 47 48 52 
7200 60 1 6 12 13 14 15 16 17 18 19 20 21 22 23 24 25 26 27 28 29 30 31 32 34 35 36 37 38 39 40 41 42 44 45 46 47 48 49 52 
7200 61 88 89 90 112 126 
7200 62 87 88 90 112 126 
7200 63 87 88 90 112 126 
7200 64 87 88 90 112 126 
7200 65 88 89 90 112 126 
7200 66 109 112 118 120 126 
7200 67 88 89 90 112 126 
7200 68 85 87 88 90 126 
7200 69 87 88 90 112 126 
7200 70 85 87 88 90 126 
7200 71 87 88 90 112 126 
7200 72 118 120 121 124 127 
7200 73 87 88 90 112 126 
7200 74 84 85 87 90 126 
7200 75 88 89 90 112 126 
7200 76 88 89 90 112 126 
7200 77 79 81 89 
7200 78 87 89 90 112 126 
7200 79 77 88 89 90 112 
7200 80 88 89 90 112 126 
7200 81 77 85 87 89 90 
7200 82 87 88 89 90 112 
7200 83 86 87 88 90 126 
7200 84 74 89 90 112 126 
7200 85 68 70 74 81 126 
7200 86 83 109 112 118 126 
7200 87 62 63 64 68 69 70 71 73 74 78 81 82 83 
7200 88 7 61 62 63 64 65 67 68 69 70 71 73 75 76 79 80 82 83 
7200 89 2 7 61 65 67 75 76 77 78 79 80 81 82 84 
7200 90 2 7 61 62 63 64 65 67 68 69 70 71 73 74 75 76 78 79 80 81 82 83 84 
7200 91 121 122 124 125 127 
7200 92 122 123 124 125 127 
7200 93 121 122 124 125 127 
7200 94 100 108 111 118 132 
7200 95 121 122 123 124 127 
7200 96 121 122 124 125 127 
7200 97 122 123 124 125 127 
7200 98 121 122 124 125 127 
7200 99 122 123 124 125 127 
7200 100 94 108 118 120 132 
7200 101 121 122 124 125 127 
7200 102 121 122 124 125 127 
7200 103 113 114 122 125 134 
7200 104 122 123 124 125 127 
7200 105 122 123 124 125 127 
7200 106 121 122 124 125 127 
7200 107 122 123 124 125 127 
7200 108 94 100 110 123 132 
7200 109 66 86 124 125 127 
7200 110 108 119 122 123 134 
7200 111 94 122 124 125 127 
7200 112 2 7 61 62 63 64 65 66 67 69 71 73 75 76 78 79 80 82 84 86 
7200 113 103 122 124 125 127 
7200 114 103 123 124 125 127 
7200 115 122 123 124 125 127 
7200 116 122 124 125 127 128 
7200 117 122 124 125 127 128 
7200 118 66 72 86 94 100 131 135 
7200 119 110 123 128 132 134 
7200 120 66 72 100 131 135 
7200 121 8 72 91 93 95 96 98 101 102 106 129 131 133 135 
7200 122 8 91 92 93 95 96 97 98 99 101 102 103 104 105 106 107 110 111 113 115 116 117 128 129 130 133 
7200 123 92 95 97 99 104 105 107 108 110 114 115 119 128 130 132 134 
7200 124 3 8 72 91 92 93 95 96 97 98 99 101 102 104 105 106 107 109 111 113 114 115 116 117 129 130 131 133 135 
7200 125 3 8 91 92 93 96 97 98 99 101 102 103 104 105 106 107 109 111 113 114 115 116 117 129 130 133 134 
7200 126 2 3 7 61 62 63 64 65 66 67 68 69 70 71 73 74 75 76 78 80 83 84 85 86 
7200 127 3 8 72 91 92 93 95 96 97 98 99 101 102 104 105 106 107 109 111 113 114 115 116 117 129 130 131 133 135 
7200 128 116 117 119 122 123 
7200 129 121 122 124 125 127 
7200 130 122 123 124 125 127 
7200 131 118 120 121 124 127 
7200 132 94 100 108 119 123 
7200 133 121 122 124 125 127 
7200 134 103 110 119 123 125 
7200 135 118 120 121 124 127 
7200 136 137 166 176 177 179 
7200 137 4 136 138 139 140 141 142 143 144 145 146 147 148 149 151 152 153 154 156 157 158 159 160 161 162 163 164 165 167 168 169 170 171 172 173 174 175 
7200 138 137 177 178 179 180 
7200 139 137 177 178 179 180 
7200 140 137 177 178 179 180 
7200 141 137 177 178 179 180 
7200 142 137 177 178 179 180 
7200 143 137 177 178 179 180 
7200 144 137 177 178 179 180 
7200 145 137 177 178 179 180 
7200 146 137 177 178 179 180 
7200 147 137 175 177 178 180 
7200 148 137 177 178 179 180 
7200 149 137 177 178 179 180 
7200 150 173 174 177 179 180 
7200 151 137 177 178 179 180 
7200 152 137 176 177 179 180 
7200 153 137 177 178 179 180 
7200 154 137 177 178 179 180 
7200 155 156 159 173 174 179 
7200 156 137 155 177 179 180 
7200 157 137 176 177 178 180 
7200 158 137 170 172 174 180 
7200 159 137 155 177 179 180 
7200 160 137 177 178 179 180 
7200 161 137 176 177 178 180 
7200 162 137 176 177 179 180 
7200 163 137 177 178 179 180 
7200 164 137 176 177 178 180 
7200 165 137 175 177 178 180 
7200 166 136 168 171 173 179 
7200 167 137 177 178 179 180 
7200 168 137 166 177 179 180 
7200 169 137 177 178 179 180 
7200 170 137 158 178 179 180 
7200 171 137 166 178 179 180 
7200 172 137 158 177 178 180 
7200 173 137 150 155 166 180 
7200 174 137 150 155 158 180 
7200 175 137 147 165 179 180 
7200 176 9 136 152 157 161 162 164 
7200 177 9 136 138 139 140 141 142 143 144 145 146 147 148 149 150 151 152 153 154 156 157 159 160 161 162 163 164 165 167 168 169 172 
7200 178 4 9 138 139 140 141 142 143 144 145 146 147 148 149 151 153 154 157 160 161 163 164 165 167 169 170 171 172 
7200 179 4 9 136 138 139 140 141 142 143 144 145 146 148 149 150 151 152 153 154 155 156 159 160 162 163 166 167 168 169 170 171 175 
7200 180 4 9 138 139 140 141 142 143 144 145 146 147 148 149 150 151 152 153 154 156 157 158 159 160 161 162 163 164 165 167 168 169 170 171 172 173 174 175 
7200 181 182 189 198 200 213 
7200 182 181 187 189 191 202 
7200 183 206 207 208 211 212 
7200 184 185 187 190 191 213 
7200 185 184 187 190 202 212 
7200 186 188 192 194 195 196 197 209 
7200 187 182 184 185 212 213 
7200 188 186 202 203 211 212 
7200 189 181 182 191 200 202 
7200 190 184 185 202 211 212 
7200 191 182 184 189 212 213 
7200 192 186 202 203 211 212 
7200 193 207 208 209 211 212 
7200 194 186 196 197 209 
7200 195 186 202 208 211 212 
7200 196 186 194 202 203 212 
7200 197 186 194 209 
7200 198 181 200 202 205 212 
7200 199 204 207 208 211 212 
7200 200 181 189 198 210 213 
7200 201 202 203 208 211 212 
7200 202 182 185 188 189 190 192 195 196 198 201 204 
7200 203 188 192 196 201 212 
7200 204 199 202 206 207 211 
7200 205 198 207 208 211 212 
7200 206 10 11 183 204 212 
7200 207 5 10 11 183 193 199 204 205 
7200 208 5 10 11 183 193 195 199 201 205 209 
7200 209 186 193 194 197 208 
7200 210 200 213 
7200 211 5 10 11 183 188 190 192 193 195 199 201 204 205 
7200 212 5 10 11 183 185 187 188 190 191 192 193 195 196 198 199 201 203 205 206 
7200 213 181 184 187 191 200 210 
7200 214 0 3 
7200 215 0 1 2 5 
7200 216 0 3 4 
7200 217 0 1 5 
7200 218 0 4 
7200 219 0 2 4 5 
7200 220 0 2 
7200 221 0 1 3 
7200 222 0 2 4 
7200 223 0 3 4 5 
7200 224 0 2 3 
7200 225 0 1 5 
7200 226 0 3 
7200 227 0 1 4 5 
7200 228 0 2 3 
7200 229 0 4 
7200 230 0 2 
7200 231 0 1 5 
7200 232 0 5 
7200 233 0 2 3 4 
7200 234 0 1 
7200 235 0 5 
7200 236 0 1 2 
7200 237 0 3 4 
7200 238 0 1 3 4 
7200 239 0 2 4 5 
7200 240 0 2 3 5 
7200 241 0 1 5 
7200 242 0 2 3 4 
7200 243 0 1 3 5 
9000 0 1 2 3 4 5 214 215 216 217 218 219 220 221 222 223 224 225 226 227 228 229 230 231 232 233 234 235 236 237 238 239 240 241 242 243 
9000 1 0 56 57 59 60 215 217 221 225 227 231 234 236 238 241 243 
9000 2 0 88 89 90 112 215 219 220 222 224 228 230 233 236 239 240 242 
9000 3 0 123 124 125 126 214 216 221 223 224 226 228 233 237 238 240 242 243 
9000 4 0 137 178 179 180 216 218 219 222 223 227 229 233 237 238 239 242 
9000 5 0 207 208 211 212 215 217 219 223 225 227 231 232 235 239 240 241 243 
9000 6 55 56 57 59 60 
9000 7 87 88 89 90 112 
9000 8 122 123 124 125 126 
9000 9 176 177 178 179 180 
9000 10 206 207 208 211 212 
9000 11 206 207 208 211 212 
9000 12 56 57 58 59 60 
9000 13 55 56 58 59 60 
9000 14 53 55 56 57 60 
9000 15 47 48 51 57 60 
9000 16 56 57 58 59 60 
9000 17 53 55 56 57 60 
9000 18 56 57 58 59 60 
9000 19 43 56 58 59 60 
9000 20 55 56 57 59 60 
9000 21 55 56 57 59 60 
9000 22 55 56 57 59 60 
9000 23 55 56 57 59 60 
9000 24 55 56 57 59 60 
9000 25 54 55 57 59 60 
9000 26 55 56 57 59 60 
9000 27 43 57 58 59 60 
9000 28 55 56 57 59 60 
9000 29 55 56 57 59 60 
9000 30 56 57 58 59 60 
9000 31 47 48 51 57 60 
9000 32 55 56 57 59 60 
9000 33 40 44 47 48 57 
9000 34 51 53 56 57 60 
9000 35 55 56 57 59 60 
9000 36 52 55 56 57 60 
9000 37 55 56 57 59 60 
9000 38 55 56 57 59 60 
9000 39 55 56 57 59 60 
9000 40 33 56 57 59 60 
9000 41 55 56 57 59 60 
9000 42 43 56 58 59 60 
9000 43 19 27 42 54 58 
9000 44 33 55 56 57 60 
9000 45 54 55 56 57 60 
9000 46 53 55 56 57 60 
9000 47 15 31 33 59 60 
9000 48 15 31 33 59 60 
9000 49 50 57 58 59 60 
9000 50 49 59 
9000 51 15 31 34 59 60 
9000 52 36 57 58 59 60 
9000 53 14 17 34 46 60 
9000 54 25 43 45 59 60 
9000 55 6 13 14 17 20 21 22 23 24 25 26 28 29 32 35 36 37 38 39 41 44 45 46 
9000 56 1 6 12 13 14 16 17 18 19 20 21 22 23 24 26 28 29 30 32 34 35 36 37 38 39 40 41 42 44 45 46 
9000 57 1 6 12 14 15 16 17 18 20 21 22 23 24 25 26 27 28 29 30 31 32 33 34 35 36 37 38 39 40 41 44 45 46 49 52 
9000 58 12 13 16 18 19 27 30 42 43 49 52 
9000 59 1 6 12 13 16 18 19 20 21 22 23 24 25 26 27 28 29 30 32 35 37 38 39 40 41 42 47 48 49 50 51 52 54 
9000 60 1 6 12 13 14 15 16 17 18 19 20 21 22 23 24 25 26 27 28 29 30 31 32 34 35 36 37 38 39 40 41 42 44 45 46 47 48 49 51 52 53 54 
9000 61 89 90 101 112 124 
9000 62 109 112 115 118 120 
9000 63 86 87 88 90 112 
9000 64 88 90 102 107 112 
9000 65 87 88 89 90 112 
9000 66 86 87 88 90 112 
9000 67 88 89 90 101 112 
9000 68 84 85 87 88 90 
9000 69 87 88 90 101 112 
9000 70 84 85 87 88 90 
9000 71 86 87 88 90 112 
9000 72 107 109 118 131 135 
9000 73 86 87 88 90 112 
9000 74 83 84 85 87 90 
9000 75 87 88 89 90 112 
9000 76 87 88 89 90 112 
9000 77 81 89 124 
9000 78 89 90 101 112 124 
9000 79 88 90 101 107 112 
9000 80 87 88 89 90 112 
9000 81 77 90 101 112 124 
9000 82 87 88 89 90 112 
9000 83 74 86 87 88 90 
9000 84 68 70 74 90 112 
9000 85 68 70 74 90 112 
9000 86 63 66 71 73 83 
9000 87 7 63 65 66 68 69 70 71 73 74 75 76 80 82 83 
9000 88 2 7 63 64 65 66 67 68 69 70 71 73 75 76 79 80 82 83 
9000 89 2 7 61 65 67 75 76 77 78 80 82 
9000 90 2 7 61 63 64 65 66 67 68 69 70 71 73 74 75 76 78 79 80 81 82 83 84 85 
9000 91 122 124 125 126 127 
9000 92 122 123 124 125 126 
9000 93 122 123 124 125 126 
9000 94 100 108 118 119 132 
9000 95 122 123 124 126 127 
9000 96 121 122 124 125 126 
9000 97 122 123 124 125 126 
9000 98 122 123 124 125 126 
9000 99 122 123 124 125 126 
9000 100 94 108 120 123 132 
9000 101 61 67 69 78 79 81 
9000 102 64 124 125 126 131 
9000 103 119 122 125 127 134 
9000 104 122 123 125 126 127 
9000 105 122 123 124 125 126 
9000 106 121 122 124 125 126 
9000 107 64 72 79 126 131 
9000 108 94 100 123 127 132 
9000 109 62 72 124 125 126 
9000 110 122 123 125 126 127 
9000 111 122 123 124 125 126 
9000 112 2 7 61 62 63 64 65 66 67 69 71 73 75 76 78 79 80 81 82 84 85 
9000 113 121 122 124 125 126 
9000 114 122 123 124 125 126 
9000 115 62 123 124 125 126 
9000 116 122 123 124 125 126 
9000 117 122 123 124 125 126 
9000 118 62 72 94 126 131 
9000 119 94 103 126 128 134 
9000 120 62 100 125 126 135 
9000 121 96 106 113 128 135 
9000 122 8 91 92 93 95 96 97 98 99 103 104 105 106 110 111 113 114 116 117 128 129 130 133 134 
9000 123 3 8 92 93 95 97 98 99 100 104 105 108 110 111 114 115 116 117 128 129 130 132 133 
9000 124 3 8 61 77 78 81 91 92 93 95 96 97 98 99 102 105 106 109 111 113 114 115 116 117 129 130 133 135 
9000 125 3 8 91 92 93 96 97 98 99 102 103 104 105 106 109 110 111 113 114 115 116 117 120 129 130 133 134 
9000 126 3 8 91 92 93 95 96 97 98 99 102 104 105 106 107 109 110 111 113 114 115 116 117 118 119 120 128 129 130 133 
9000 127 91 95 103 104 108 110 132 134 
9000 128 119 121 122 123 126 
9000 129 122 123 124 125 126 
9000 130 122 123 124 125 126 
9000 131 72 102 107 118 135 
9000 132 94 100 108 123 127 
9000 133 122 123 124 125 126 
9000 134 103 119 122 125 127 
9000 135 72 120 121 124 131 
9000 136 137 155 176 177 179 
9000 137 4 136 138 139 140 141 142 143 144 145 146 147 148 149 151 152 153 154 156 157 158 160 161 162 163 164 165 167 169 170 171 172 173 174 
9000 138 137 177 178 179 180 
9000 139 137 177 178 179 180 
9000 140 137 177 178 179 180 
9000 141 137 177 178 179 180 
9000 142 137 177 178 179 180 
9000 143 137 177 178 179 180 
9000 144 137 177 178 179 180 
9000 145 137 177 178 179 180 
9000 146 137 177 178 179 180 
9000 147 137 175 177 178 180 
9000 148 137 177 178 179 180 
9000 149 137 177 178 179 180 
9000 150 171 173 177 179 180 
9000 151 137 177 178 179 180 
9000 152 137 176 177 179 180 
9000 153 137 177 178 179 180 
9000 154 137 177 178 179 180 
9000 155 136 156 159 173 179 
9000 156 137 155 177 179 180 
9000 157 137 176 177 178 180 
9000 158 137 172 174 177 180 
9000 159 155 175 177 179 180 
9000 160 137 177 178 179 180 
9000 161 137 176 177 178 180 
9000 162 137 176 177 179 180 
9000 163 137 177 178 179 180 
9000 164 137 176 177 178 180 
9000 165 137 175 177 178 180 
9000 166 174 175 177 178 179 
9000 167 137 177 178 179 180 
9000 168 175 176 177 179 180 
9000 169 137 177 178 179 180 
9000 170 137 177 178 179 180 
9000 171 137 150 178 179 180 
9000 172 137 158 177 178 180 
9000 173 137 150 155 179 180 
9000 174 137 158 166 178 180 
9000 175 147 159 165 166 168 
9000 176 9 136 152 157 161 162 164 168 
9000 177 9 136 138 139 140 141 142 143 144 145 146 147 148 149 150 151 152 153 154 156 157 158 159 160 161 162 163 164 165 166 167 168 169 170 172 
9000 178 4 9 138 139 140 141 142 143 144 145 146 147 148 149 151 153 154 157 160 161 163 164 165 166 167 169 170 171 172 174 
9000 179 4 9 136 138 139 140 141 142 143 144 145 146 148 149 150 151 152 153 154 155 156 159 160 162 163 166 167 168 169 170 171 173 
9000 180 4 9 138 139 140 141 142 143 144 145 146 147 148 149 150 151 152 153 154 156 157 158 159 160 161 162 163 164 165 167 168 169 170 171 172 173 174 
9000 181 189 191 198 200 213 
9000 182 183 184 187 189 191 
9000 183 182 208 211 212 213 
9000 184 182 208 211 212 213 
9000 185 187 190 202 211 212 
9000 186 188 192 194 196 197 209 
9000 187 182 185 211 212 213 
9000 188 186 190 202 203 212 
9000 189 181 182 191 200 201 
9000 190 185 188 202 211 212 
9000 191 181 182 189 212 213 
9000 192 186 202 203 211 212 
9000 193 207 208 209 211 212 
9000 194 186 197 209 
9000 195 206 207 208 211 212 
9000 196 186 202 203 209 212 
9000 197 186 194 209 
9000 198 181 200 201 202 205 
9000 199 206 207 208 211 212 
9000 200 181 189 198 210 213 
9000 201 189 198 208 211 212 
9000 202 185 188 190 192 196 198 204 
9000 203 188 192 196 211 212 
9000 204 202 206 207 211 212 
9000 205 198 207 208 211 212 
9000 206 10 11 195 199 204 
9000 207 5 10 11 193 195 199 204 205 
9000 208 5 10 11 183 184 193 195 199 201 205 
9000 209 186 193 194 196 197 
9000 210 200 213 
9000 211 5 10 11 183 184 185 187 190 192 193 195 199 201 203 204 205 
9000 212 5 10 11 183 184 185 187 188 190 191 192 193 195 196 199 201 203 204 205 
9000 213 181 183 184 187 191 200 210 
9000 214 0 3 
9000 215 0 1 2 5 
9000 216 0 3 4 
9000 217 0 1 5 
9000 218 0 4 
9000 219 0 2 4 5 
9000 220 0 2 
9000 221 0 1 3 
9000 222 0 2 4 
9000 223 0 3 4 5 
9000 224 0 2 3 
9000 225 0 1 5 
9000 226 0 3 
9000 227 0 1 4 5 
9000 228 0 2 3 
9000 229 0 4 
9000 230 0 2 
9000 231 0 1 5 
9000 232 0 5 
9000 233 0 2 3 4 
9000 234 0 1 
9000 235 0 5 
9000 236 0 1 2 
9000 237 0 3 4 
9000 238 0 1 3 4 
9000 239 0 2 4 5 
9000 240 0 2 3 5 
9000 241 0 1 5 
9000 242 0 2 3 4 
9000 243 0 1 3 5 
10800 0 1 2 3 4 5 214 215 216 217 218 219 220 221 222 223 224 225 226 227 228 229 230 231 232 233 234 235 236 237 238 239 240 241 242 243 
10800 1 0 56 57 59 60 215 217 221 225 227 231 234 236 238 241 243 
10800 2 0 88 89 90 112 215 219 220 222 224 228 230 233 236 239 240 242 
10800 3 0 124 125 126 127 214 216 221 223 224 226 228 233 237 238 240 242 243 
10800 4 0 137 178 179 180 216 218 219 222 223 227 229 233 237 238 239 242 
10800 5 0 207 208 211 212 215 217 219 223 225 227 231 232 235 239 240 241 243 
10800 6 55 56 57 59 60 
10800 7 87 88 89 90 112 
10800 8 123 124 125 126 127 
10800 9 176 177 178 179 180 
10800 10 206 207 208 211 212 
10800 11 206 207 208 211 212 
10800 12 50 57 58 59 60 
10800 13 55 56 58 59 60 
10800 14 53 55 56 57 60 
10800 15 48 49 51 57 60 
10800 16 56 57 58 59 60 
10800 17 53 55 56 57 60 
10800 18 56 57 58 59 60 
10800 19 55 56 58 59 60 
10800 20 55 56 57 59 60 
10800 21 55 56 57 59 60 
10800 22 55 56 57 59 60 
10800 23 53 55 56 57 60 
10800 24 55 56 57 59 60 
10800 25 48 49 51 57 60 
10800 26 55 56 57 59 60 
10800 27 56 57 58 59 60 
10800 28 56 57 58 59 60 
10800 29 55 56 57 59 60 
10800 30 56 57 58 59 60 
10800 31 55 56 57 59 60 
10800 32 55 56 57 59 60 
10800 33 47 48 49 57 60 
10800 34 49 51 53 57 60 
10800 35 55 56 57 59 60 
10800 36 52 55 56 57 60 
10800 37 55 56 57 59 60 
10800 38 55 56 57 59 60 
10800 39 55 56 57 59 60 
10800 40 55 56 57 59 60 
10800 41 55 56 57 59 60 
10800 42 43 56 58 59 60 
10800 43 42 46 48 54 58 
10800 44 55 56 57 59 60 
10800 45 54 55 56 57 60 
10800 46 43 57 58 59 60 
10800 47 33 56 57 59 60 
10800 48 15 25 33 43 60 
10800 49 15 25 33 34 60 
10800 50 12 54 59 
10800 51 15 25 34 59 60 
10800 52 36 57 58 59 60 
10800 53 14 17 23 34 60 
10800 54 43 45 50 59 60 
10800 55 6 13 14 17 19 20 21 22 23 24 26 29 31 32 35 36 37 38 39 40 41 44 45 
10800 56 1 6 13 14 16 17 18 19 20 21 22 23 24 26 27 28 29 30 31 32 35 36 37 38 39 40 41 42 44 45 47 
10800 57 1 6 12 14 15 16 17 18 20 21 22 23 24 25 26 27 28 29 30 31 32 33 34 35 36 37 38 39 40 41 44 45 46 47 52 
10800 58 12 13 16 18 19 27 28 30 42 43 46 52 
10800 59 1 6 12 13 16 18 19 20 21 22 24 26 27 28 29 30 31 32 35 37 38 39 40 41 42 44 46 47 50 51 52 54 
10800 60 1 6 12 13 14 15 16 17 18 19 20 21 22 23 24 25 26 27 28 29 30 31 32 33 34 35 36 37 38 39 40 41 42 44 45 46 47 48 49 51 52 53 54 
10800 61 86 87 89 90 112 
10800 62 86 87 88 90 112 
10800 63 86 87 88 90 112 
10800 64 86 87 88 90 112 
10800 65 87 88 89 90 112 
10800 66 86 87 88 90 112 
10800 67 87 88 89 90 112 
10800 68 84 85 87 88 90 
10800 69 86 87 88 90 112 
10800 70 77 89 90 126 127 
10800 71 86 87 88 90 112 
10800 72 106 109 118 131 135 
10800 73 86 87 88 90 112 
10800 74 83 84 85 87 90 
10800 75 87 88 89 90 112 
10800 76 87 88 89 90 112 
10800 77 70 81 89 126 127 
10800 78 86 87 89 90 112 
10800 79 86 87 88 90 112 
10800 80 87 88 89 90 112 
10800 81 77 85 87 89 90 
10800 82 87 88 89 90 112 
10800 83 74 86 87 88 90 
10800 84 68 74 89 90 112 
10800 85 68 74 81 90 112 
10800 86 61 62 63 64 66 69 71 73 78 79 83 131 
10800 87 7 61 62 63 64 65 66 67 68 69 71 73 74 75 76 78 79 80 81 82 83 
10800 88 2 7 62 63 64 65 66 67 68 69 71 73 75 76 79 80 82 83 
10800 89 2 7 61 65 67 70 75 76 77 78 80 81 82 84 
10800 90 2 7 61 62 63 64 65 66 67 68 69 70 71 73 74 75 76 78 79 80 81 82 83 84 85 
10800 91 122 124 125 126 127 
10800 92 123 124 125 126 127 
10800 93 122 124 125 126 127 
10800 94 108 109 111 118 132 
10800 95 122 123 124 126 127 
10800 96 122 124 125 126 127 
10800 97 123 124 125 126 127 
10800 98 123 124 125 126 127 
10800 99 123 124 125 126 127 
10800 100 117 118 120 121 124 
10800 101 120 121 122 124 125 
10800 102 123 124 125 126 127 
10800 103 113 114 122 125 134 
10800 104 123 124 125 126 127 
10800 105 122 124 125 126 127 
10800 106 72 124 125 126 127 
10800 107 123 124 125 126 127 
10800 108 94 110 119 123 132 
10800 109 72 94 126 127 131 
10800 110 108 114 119 123 134 
10800 111 94 124 125 126 127 
10800 112 2 7 61 62 63 64 65 66 67 69 71 73 75 76 78 79 80 82 84 85 
10800 113 103 124 125 126 127 
10800 114 103 110 125 126 127 
10800 115 123 124 125 126 127 
10800 116 120 121 122 124 125 
10800 117 100 126 127 128 132 
10800 118 72 94 100 127 131 
10800 119 108 110 128 132 134 
10800 120 100 101 116 126 127 
10800 121 100 101 116 127 135 
10800 122 91 93 95 96 101 103 105 116 128 133 
10800 123 8 92 95 97 98 99 102 104 107 108 110 115 128 129 130 132 134 
10800 124 3 8 91 92 93 95 96 97 98 99 100 101 102 104 105 106 107 111 113 115 116 129 130 133 135 
10800 125 3 8 91 92 93 96 97 98 99 101 102 103 104 105 106 107 111 113 114 115 116 129 130 133 134 
10800 126 3 8 70 77 91 92 93 95 96 97 98 99 102 104 105 106 107 109 111 113 114 115 117 120 128 129 130 133 
10800 127 3 8 70 77 91 92 93 95 96 97 98 99 102 104 105 106 107 109 111 113 114 115 117 118 120 121 129 130 133 135 
10800 128 117 119 122 123 126 
10800 129 123 124 125 126 127 
10800 130 123 124 125 126 127 
10800 131 72 86 109 118 135 
10800 132 94 108 117 119 123 
10800 133 122 124 125 126 127 
10800 134 103 110 119 123 125 
10800 135 72 121 124 127 131 
10800 136 137 176 177 179 180 
10800 137 4 136 138 139 140 141 142 143 144 145 146 147 148 149 151 152 153 154 156 157 159 160 161 162 163 164 165 166 167 168 169 170 171 172 173 175 
10800 138 137 177 178 179 180 
10800 139 137 177 178 179 180 
10800 140 137 177 178 179 180 
10800 141 137 178 179 180 202 
10800 142 137 177 178 179 180 
10800 143 137 177 178 179 180 
10800 144 137 177 178 179 180 
10800 145 137 177 178 179 180 
10800 146 137 177 178 179 180 
10800 147 137 175 177 178 180 
10800 148 137 177 178 179 180 
10800 149 137 177 178 179 180 
10800 150 171 173 177 179 180 
10800 151 137 177 178 179 180 
10800 152 137 176 177 179 180 
10800 153 137 177 178 179 180 
10800 154 137 177 178 179 180 
10800 155 156 159 168 173 179 
10800 156 137 155 177 179 180 
10800 157 137 176 177 178 180 
10800 158 170 172 174 180 209 
10800 159 137 155 177 179 180 
10800 160 137 177 178 179 180 
10800 161 137 176 177 178 180 
10800 162 137 176 177 179 180 
10800 163 137 178 179 180 202 
10800 164 137 176 177 178 180 
10800 165 137 175 177 178 180 
10800 166 137 177 178 179 180 
10800 167 137 177 178 179 180 
10800 168 137 155 177 179 180 
10800 169 137 177 178 179 180 
10800 170 137 158 178 179 180 
10800 171 137 150 178 179 180 
10800 172 137 158 177 178 180 
10800 173 137 150 155 179 180 
10800 174 158 175 177 178 180 
10800 175 137 147 165 174 180 
10800 176 9 136 152 157 161 162 164 
10800 177 9 136 138 139 140 142 143 144 145 146 147 148 149 150 151 152 153 154 156 157 159 160 161 162 164 165 166 167 168 169 172 174 
10800 178 4 9 138 139 140 141 142 143 144 145 146 147 148 149 151 153 154 157 160 161 163 164 165 166 167 169 170 171 172 174 
10800 179 4 9 136 138 139 140 141 142 143 144 145 146 148 149 150 151 152 153 154 155 156 159 160 162 163 166 167 168 169 170 171 173 
10800 180 4 9 136 138 139 140 141 142 143 144 145 146 147 148 149 150 151 152 153 154 156 157 158 159 160 161 162 163 164 165 166 167 168 169 170 171 172 173 174 175 
10800 181 194 198 200 202 213 
10800 182 187 189 191 202 213 
10800 183 185 187 188 190 202 
10800 184 185 187 189 191 210 
10800 185 183 184 190 191 202 
10800 186 188 194 196 197 209 
10800 187 182 183 184 212 213 
10800 188 183 186 202 203 212 
10800 189 182 184 191 202 213 
10800 190 183 185 202 211 212 
10800 191 182 184 185 189 213 
10800 192 202 203 208 211 212 
10800 193 207 208 209 211 212 
10800 194 181 186 197 202 209 
10800 195 202 207 208 211 212 
10800 196 186 207 211 212 213 
10800 197 186 194 209 
10800 198 181 199 200 202 205 
10800 199 198 207 208 211 212 
10800 200 181 198 210 211 213 
10800 201 206 207 208 211 212 
10800 202 141 163 181 182 183 185 188 189 190 192 194 195 198 
10800 203 188 192 208 211 212 
10800 204 206 207 208 211 212 
10800 205 198 207 208 211 212 
10800 206 10 11 201 204 212 
10800 207 5 10 11 193 195 196 199 201 204 205 
10800 208 5 10 11 192 193 195 199 201 203 204 205 
10800 209 158 186 193 194 197 
10800 210 184 200 211 213 
10800 211 5 10 11 190 192 193 195 196 199 200 201 203 204 205 210 
10800 212 5 10 11 187 188 190 192 193 195 196 199 201 203 204 205 206 
10800 213 181 182 187 189 191 196 200 210 
10800 214 0 3 
10800 215 0 1 2 5 
10800 216 0 3 4 
10800 217 0 1 5 
10800 218 0 4 
10800 219 0 2 4 5 
10800 220 0 2 
10800 221 0 1 3 
10800 222 0 2 4 
10800 223 0 3 4 5 
10800 224 0 2 3 
10800 225 0 1 5 
10800 226 0 3 
10800 227 0 1 4 5 
10800 228 0 2 3 
10800 229 0 4 
10800 230 0 2 
10800 231 0 1 5 
10800 232 0 5 
10800 233 0 2 3 4 
10800 234 0 1 
10800 235 0 5 
10800 236 0 1 2 
10800 237 0 3 4 
10800 238 0 1 3 4 
10800 239 0 2 4 5 
10800 240 0 2 3 5 
10800 241 0 1 5 
10800 242 0 2 3 4 
10800 243 0 1 3 5 
12600 0 1 2 3 4 5 214 215 216 217 218 219 220 221 222 223 224 225 226 227 228 229 230 231 232 233 234 235 236 237 238 239 240 241 242 243 
12600 1 0 56 57 59 60 215 217 221 225 227 231 234 236 238 241 243 
12600 2 0 88 89 90 112 215 219 220 222 224 228 230 233 236 239 240 242 
12600 3 0 124 125 126 127 214 216 221 223 224 226 228 233 237 238 240 242 243 
12600 4 0 137 178 179 180 216 218 219 222 223 227 229 233 237 238 239 242 
12600 5 0 207 208 211 212 215 217 219 223 225 227 231 232 235 239 240 241 243 
12600 6 55 56 57 59 60 
12600 7 87 88 89 90 112 
12600 8 123 124 125 126 127 
12600 9 176 177 178 179 180 
12600 10 206 207 208 211 212 
12600 11 206 207 208 211 212 
12600 12 56 57 58 59 60 
12600 13 55 56 58 59 60 
12600 14 53 55 56 57 60 
12600 15 48 49 51 57 60 
12600 16 50 52 55 56 60 
12600 17 53 55 56 57 60 
12600 18 56 57 58 59 60 
12600 19 55 56 58 59 60 
12600 20 55 56 57 59 60 
12600 21 55 56 57 59 60 
12600 22 55 56 57 59 60 
12600 23 55 56 57 59 60 
12600 24 55 56 57 59 60 
12600 25 53 55 56 57 60 
12600 26 55 56 57 59 60 
12600 27 56 57 58 59 60 
12600 28 53 55 57 59 60 
12600 29 55 56 57 59 60 
12600 30 56 57 58 59 60 
12600 31 48 49 51 57 60 
12600 32 55 56 57 59 60 
12600 33 53 55 56 57 60 
12600 34 47 48 49 51 57 
12600 35 55 56 57 59 60 
12600 36 52 55 56 57 60 
12600 37 50 56 57 59 60 
12600 38 55 56 57 59 60 
12600 39 56 57 58 59 60 
12600 40 55 56 57 59 60 
12600 41 43 57 58 59 60 
12600 42 43 56 58 59 60 
12600 43 41 42 54 58 60 
12600 44 55 56 57 59 60 
12600 45 54 55 56 57 60 
12600 46 53 55 56 57 60 
12600 47 34 56 57 59 60 
12600 48 15 31 34 59 60 
12600 49 15 31 34 59 60 
12600 50 16 37 
12600 51 15 31 34 59 60 
12600 52 16 36 58 59 60 
12600 53 14 17 25 28 33 46 
12600 54 43 45 58 59 60 
12600 55 6 13 14 16 17 19 20 21 22 23 24 25 26 28 29 32 33 35 36 38 40 44 45 46 
12600 56 1 6 12 13 14 16 17 18 19 20 21 22 23 24 25 26 27 29 30 32 33 35 36 37 38 39 40 42 44 45 46 47 
12600 57 1 6 12 14 15 17 18 20 21 22 23 24 25 26 27 28 29 30 31 32 33 34 35 36 37 38 39 40 41 44 45 46 47 
12600 58 12 13 18 19 27 30 39 41 42 43 52 54 
12600 59 1 6 12 13 18 19 20 21 22 23 24 26 27 28 29 30 32 35 37 38 39 40 41 42 44 47 48 49 51 52 54 
12600 60 1 6 12 13 14 15 16 17 18 19 20 21 22 23 24 25 26 27 28 29 30 31 32 33 35 36 37 38 39 40 41 42 43 44 45 46 47 48 49 51 52 54 
12600 61 120 121 124 125 127 
12600 62 86 87 88 90 112 
12600 63 77 88 89 90 112 
12600 64 87 88 90 112 131 
12600 65 87 88 89 90 112 
12600 66 77 89 90 112 113 
12600 67 87 88 89 90 112 
12600 68 84 85 87 88 90 
12600 69 86 87 88 90 112 
12600 70 84 85 87 88 90 
12600 71 86 87 88 90 112 
12600 72 106 109 118 130 131 
12600 73 86 87 88 90 112 
12600 74 83 84 85 87 90 
12600 75 87 88 89 90 112 
12600 76 87 88 89 90 112 
12600 77 63 66 81 89 
12600 78 86 87 89 90 112 
12600 79 86 87 88 90 112 
12600 80 87 88 89 90 112 
12600 81 77 85 87 89 90 
12600 82 87 88 89 90 112 
12600 83 74 87 88 90 112 
12600 84 68 70 74 90 112 
12600 85 68 70 74 81 112 
12600 86 62 69 71 73 78 79 
12600 87 7 62 64 65 67 68 69 70 71 73 74 75 76 78 79 80 81 82 83 
12600 88 2 7 62 63 64 65 67 68 69 70 71 73 75 76 79 80 82 83 
12600 89 2 7 63 65 66 67 75 76 77 78 80 81 82 
12600 90 2 7 62 63 64 65 66 67 68 69 70 71 73 74 75 76 78 79 80 81 82 83 84 
12600 91 122 124 125 126 127 
12600 92 124 125 126 127 132 
12600 93 123 124 125 126 127 
12600 94 123 125 126 127 132 
12600 95 122 123 126 127 132 
12600 96 122 124 125 126 127 
12600 97 123 124 125 126 127 
12600 98 123 124 125 126 127 
12600 99 123 124 125 126 127 
12600 100 108 111 118 120 123 
12600 101 123 124 125 126 127 
12600 102 123 124 125 126 127 
12600 103 122 124 125 126 127 
12600 104 122 123 125 126 127 
12600 105 123 124 125 126 127 
12600 106 72 124 125 126 127 
12600 107 110 124 125 126 127 
12600 108 100 110 118 119 123 
12600 109 72 124 125 126 127 
12600 110 107 108 114 119 123 
12600 111 100 124 125 126 127 
12600 112 2 7 62 63 64 65 66 67 69 71 73 75 76 78 79 80 82 83 84 85 
12600 113 66 124 125 126 127 
12600 114 110 119 125 126 127 
12600 115 124 125 126 127 134 
12600 116 124 125 126 127 134 
12600 117 124 125 126 127 128 
12600 118 72 100 108 127 131 
12600 119 108 110 114 123 128 
12600 120 61 100 127 132 135 
12600 121 61 125 126 127 135 
12600 122 91 95 96 103 104 128 133 134 
12600 123 8 93 94 95 97 98 99 100 101 102 104 105 108 110 119 128 129 132 
12600 124 3 8 61 91 92 93 96 97 98 99 101 102 103 105 106 107 109 111 113 115 116 117 129 133 134 135 
12600 125 3 8 61 91 92 93 94 96 97 98 99 101 102 103 104 105 106 107 109 111 113 114 115 116 117 121 129 130 133 134 
12600 126 3 8 91 92 93 94 95 96 97 98 99 101 102 103 104 105 106 107 109 111 113 114 115 116 117 121 128 129 130 133 
12600 127 3 8 61 91 92 93 94 95 96 97 98 99 101 102 103 104 105 106 107 109 111 113 114 115 116 117 118 120 121 129 130 133 135 
12600 128 117 119 122 123 126 
12600 129 123 124 125 126 127 
12600 130 72 125 126 127 131 
12600 131 64 72 118 130 135 
12600 132 92 94 95 120 123 
12600 133 122 124 125 126 127 
12600 134 115 116 122 124 125 
12600 135 120 121 124 127 131 
12600 136 137 158 166 178 211 
12600 137 4 136 138 139 140 141 142 143 144 145 147 148 149 151 152 153 154 155 156 157 159 160 161 162 163 164 165 167 169 170 171 172 173 175 
12600 138 137 177 178 179 180 
12600 139 137 177 178 179 180 
12600 140 137 177 178 179 180 
12600 141 137 177 178 179 180 
12600 142 137 177 178 179 180 
12600 143 137 177 178 179 180 
12600 144 137 178 179 180 211 
12600 145 137 177 178 179 180 
12600 146 176 177 178 179 180 
12600 147 137 176 177 178 180 
12600 148 137 177 178 179 180 
12600 149 137 177 178 179 180 
12600 150 171 173 177 179 180 
12600 151 137 177 178 179 180 
12600 152 137 176 177 179 180 
12600 153 137 177 178 179 180 
12600 154 137 177 178 179 180 
12600 155 137 177 178 179 180 
12600 156 137 176 177 179 180 
12600 157 137 176 177 178 180 
12600 158 136 172 174 176 180 
12600 159 137 176 177 179 180 
12600 160 137 177 178 179 180 
12600 161 137 176 177 178 180 
12600 162 137 176 177 179 180 
12600 163 137 166 178 179 180 
12600 164 137 176 177 178 180 
12600 165 137 176 177 178 180 
12600 166 136 163 171 173 179 
12600 167 137 177 178 179 180 
12600 168 174 175 176 178 180 
12600 169 137 177 178 179 180 
12600 170 137 177 178 179 180 
12600 171 137 150 166 179 180 
12600 172 137 158 177 178 180 
12600 173 137 150 166 179 180 
12600 174 158 168 177 178 180 
12600 175 137 168 178 179 180 
12600 176 9 146 147 152 156 157 158 159 161 162 164 165 168 
12600 177 9 138 139 140 141 142 143 145 146 147 148 149 150 151 152 153 154 155 156 157 159 160 161 162 164 165 167 169 170 172 174 
12600 178 4 9 136 138 139 140 141 142 143 144 145 146 147 148 149 151 153 154 155 157 160 161 163 164 165 167 168 169 170 172 174 175 
12600 179 4 9 138 139 140 141 142 143 144 145 146 148 149 150 151 152 153 154 155 156 159 160 162 163 166 167 169 170 171 173 175 
12600 180 4 9 138 139 140 141 142 143 144 145 146 147 148 149 150 151 152 153 154 155 156 157 158 159 160 161 162 163 164 165 167 168 169 170 171 172 173 174 175 
12600 181 189 195 198 200 213 
12600 182 184 187 189 191 210 
12600 183 206 207 208 211 212 
12600 184 182 185 187 189 191 
12600 185 184 187 188 190 202 
12600 186 188 192 194 196 197 209 
12600 187 182 184 185 210 213 
12600 188 185 186 202 211 212 
12600 189 181 182 184 191 203 
12600 190 185 202 207 211 212 
12600 191 182 184 189 212 213 
12600 192 186 202 203 211 212 
12600 193 207 208 209 211 212 
12600 194 186 197 205 209 211 
12600 195 181 200 208 211 212 
12600 196 186 202 203 211 212 
12600 197 186 194 209 
12600 198 181 200 202 203 211 
12600 199 206 207 208 211 212 
12600 200 181 195 198 210 213 
12600 201 206 207 208 211 212 
12600 202 185 188 190 192 196 198 204 
12600 203 189 192 196 198 212 
12600 204 202 206 207 211 212 
12600 205 194 208 209 211 212 
12600 206 10 11 183 199 201 204 
12600 207 5 10 11 183 190 193 199 201 204 
12600 208 5 10 11 183 193 195 199 201 205 
12600 209 186 193 194 197 205 
12600 210 182 187 200 213 
12600 211 5 10 11 136 144 183 188 190 192 193 194 195 196 198 199 201 204 205 
12600 212 5 10 11 183 188 190 191 192 193 195 196 199 201 203 204 205 
12600 213 181 187 191 200 210 
12600 214 0 3 
12600 215 0 1 2 5 
12600 216 0 3 4 
12600 217 0 1 5 
12600 218 0 4 
12600 219 0 2 4 5 
12600 220 0 2 
12600 221 0 1 3 
12600 222 0 2 4 
12600 223 0 3 4 5 
12600 224 0 2 3 
12600 225 0 1 5 
12600 226 0 3 
12600 227 0 1 4 5 
12600 228 0 2 3 
12600 229 0 4 
12600 230 0 2 
12600 231 0 1 5 
12600 232 0 5 
12600 233 0 2 3 4 
12600 234 0 1 
12600 235 0 5 
12600 236 0 1 2 
12600 237 0 3 4 
12600 238 0 1 3 4 
12600 239 0 2 4 5 
12600 240 0 2 3 5 
12600 241 0 1 5 
12600 242 0 2 3 4 
12600 243 0 1 3 5 
14400 0 1 2 3 4 5 214 215 216 217 218 219 220 221 222 223 224 225 226 227 228 229 230 231 232 233 234 235 236 237 238 239 240 241 242 243 
14400 1 0 56 57 59 60 215 217 221 225 227 231 234 236 238 241 243 
14400 2 0 89 90 104 112 215 219 220 222 224 228 230 233 236 239 240 242 
14400 3 0 124 125 126 127 214 216 221 223 224 226 228 233 237 238 240 242 243 
14400 4 0 137 178 179 180 216 218 219 222 223 227 229 233 237 238 239 242 
14400 5 0 208 210 211 212 215 217 219 223 225 227 231 232 235 239 240 241 243 
14400 6 55 56 57 59 60 
14400 7 88 89 90 104 112 
14400 8 122 124 125 126 127 
14400 9 176 177 178 179 180 
14400 10 207 208 210 211 212 
14400 11 207 208 210 211 212 
14400 12 55 56 58 59 60 
14400 13 56 57 58 59 60 
14400 14 44 45 46 48 57 
14400 15 54 55 56 59 60 
14400 16 55 56 58 59 60 
14400 17 54 55 56 57 60 
14400 18 56 57 58 59 60 
14400 19 27 30 53 58 60 
14400 20 55 56 57 59 60 
14400 21 43 57 58 59 60 
14400 22 55 56 57 59 60 
14400 23 55 56 57 59 60 
14400 24 55 56 57 59 60 
14400 25 47 48 49 51 60 
14400 26 55 56 57 59 60 
14400 27 19 43 58 59 60 
14400 28 53 54 55 59 60 
14400 29 55 56 57 59 60 
14400 30 19 57 58 59 60 
14400 31 47 48 49 51 60 
14400 32 55 56 57 59 60 
14400 33 34 38 47 48 49 
14400 34 33 49 51 53 60 
14400 35 55 56 57 59 60 
14400 36 52 55 56 57 60 
14400 37 54 55 56 59 60 
14400 38 33 56 57 59 60 
14400 39 55 56 57 59 60 
14400 40 56 57 58 59 60 
14400 41 55 56 57 59 60 
14400 42 43 57 58 59 60 
14400 43 21 27 42 54 58 
14400 44 14 56 57 59 60 
14400 45 14 55 56 57 60 
14400 46 14 55 56 57 60 
14400 47 25 31 33 59 60 
14400 48 14 25 31 33 60 
14400 49 25 31 33 34 60 
14400 50 
14400 51 25 31 34 59 60 
14400 52 36 57 58 59 60 
14400 53 19 28 34 59 60 
14400 54 15 17 28 37 43 
14400 55 6 12 15 16 17 20 22 23 24 26 28 29 32 35 36 37 39 41 45 46 
14400 56 1 6 12 13 15 16 17 18 20 22 23 24 26 29 32 35 36 37 38 39 40 41 44 45 46 
14400 57 1 6 13 14 17 18 20 21 22 23 24 26 29 30 32 35 36 38 39 40 41 42 44 45 46 52 
14400 58 12 13 16 18 19 21 27 30 40 42 43 52 
14400 59 1 6 12 13 15 16 18 20 21 22 23 24 26 27 28 29 30 32 35 37 38 39 40 41 42 44 47 51 52 53 
14400 60 1 6 12 13 15 16 17 18 19 20 21 22 23 24 25 26 27 28 29 30 31 32 34 35 36 37 38 39 40 41 42 44 45 46 47 48 49 51 52 53 
14400 61 88 89 90 104 112 
14400 62 85 87 88 90 112 
14400 63 85 87 88 90 112 
14400 64 87 88 90 104 112 
14400 65 88 89 90 104 112 
14400 66 87 88 90 104 112 
14400 67 77 89 90 104 112 
14400 68 85 87 88 90 104 
14400 69 87 88 90 104 112 
14400 70 88 89 90 104 112 
14400 71 87 88 90 104 112 
14400 72 109 118 131 134 135 
14400 73 87 88 90 104 112 
14400 74 77 85 87 88 90 
14400 75 88 89 90 104 112 
14400 76 88 89 90 104 112 
14400 77 67 74 81 83 89 
14400 78 88 89 90 104 112 
14400 79 87 88 90 104 112 
14400 80 88 89 90 104 112 
14400 81 77 85 87 89 90 
14400 82 88 89 90 104 112 
14400 83 77 89 90 104 112 
14400 84 88 89 90 104 112 
14400 85 62 63 68 74 81 
14400 86 122 124 125 126 127 
14400 87 62 63 64 66 68 69 71 73 74 79 81 
14400 88 7 61 62 63 64 65 66 68 69 70 71 73 74 75 76 78 79 80 82 84 
14400 89 2 7 61 65 67 70 75 76 77 78 80 81 82 83 84 
14400 90 2 7 61 62 63 64 65 66 67 68 69 70 71 73 74 75 76 78 79 80 81 82 83 84 
14400 91 122 124 125 126 127 
14400 92 123 124 125 126 127 
14400 93 122 124 125 126 127 
14400 94 100 108 111 118 132 
14400 95 122 123 124 126 127 
14400 96 122 124 125 126 127 
14400 97 123 124 125 126 127 
14400 98 122 124 125 126 127 
14400 99 123 124 125 126 127 
14400 100 94 108 119 123 132 
14400 101 122 124 125 126 127 
14400 102 122 124 125 126 127 
14400 103 113 114 122 125 134 
14400 104 2 7 61 64 65 66 67 68 69 70 71 73 75 76 78 79 80 82 83 84 
14400 105 122 124 125 126 127 
14400 106 122 124 125 126 127 
14400 107 110 124 125 126 127 
14400 108 94 100 110 119 132 
14400 109 72 125 126 127 131 
14400 110 107 108 114 119 123 
14400 111 94 124 125 126 127 
14400 112 2 7 61 62 63 64 65 66 67 69 70 71 73 75 76 78 79 80 82 83 84 
14400 113 103 124 125 126 127 
14400 114 103 110 125 126 127 
14400 115 122 124 125 126 127 
14400 116 122 124 125 126 127 
14400 117 122 124 125 126 127 
14400 118 72 94 126 127 131 
14400 119 100 108 110 123 132 
14400 120 122 124 125 126 127 
14400 121 122 124 125 126 127 
14400 122 8 86 91 93 95 96 98 101 102 103 105 106 115 116 117 120 121 129 133 
14400 123 92 95 97 99 100 110 119 128 130 132 
14400 124 3 8 86 91 92 93 95 96 97 98 99 101 102 105 106 107 111 113 115 116 117 120 121 128 129 130 133 135 
14400 125 3 8 86 91 92 93 96 97 98 99 101 102 103 105 106 107 109 111 113 114 115 116 117 120 121 128 129 130 133 134 
14400 126 3 8 86 91 92 93 95 96 97 98 99 101 102 105 106 107 109 111 113 114 115 116 117 118 120 121 128 129 130 133 
14400 127 3 8 86 91 92 93 95 96 97 98 99 101 102 105 106 107 109 111 113 114 115 116 117 118 120 121 128 129 130 133 135 
14400 128 123 124 125 126 127 
14400 129 122 124 125 126 127 
14400 130 123 124 125 126 127 
14400 131 72 109 118 134 135 
14400 132 94 100 108 119 123 
14400 133 122 124 125 126 127 
14400 134 72 103 125 131 135 
14400 135 72 124 127 131 134 
14400 136 137 166 176 177 179 
14400 137 4 136 138 139 140 141 142 143 144 146 147 148 149 151 152 153 154 156 157 158 159 160 161 162 163 164 165 167 168 169 170 171 172 173 175 
14400 138 137 177 178 179 180 
14400 139 137 177 178 179 180 
14400 140 137 177 178 179 180 
14400 141 137 177 178 179 180 
14400 142 137 177 178 179 180 
14400 143 137 177 178 179 180 
14400 144 137 177 178 179 180 
14400 145 176 177 178 179 180 
14400 146 137 177 178 179 180 
14400 147 137 175 177 178 180 
14400 148 137 177 178 179 180 
14400 149 137 177 178 179 180 
14400 150 171 173 177 179 180 
14400 151 137 177 178 179 180 
14400 152 137 176 177 179 180 
14400 153 137 177 178 179 180 
14400 154 137 177 178 179 180 
14400 155 156 159 171 173 179 
14400 156 137 155 177 179 180 
14400 157 137 176 177 178 180 
14400 158 137 170 172 174 180 
14400 159 137 155 177 179 180 
14400 160 137 177 178 179 180 
14400 161 137 176 177 178 180 
14400 162 137 176 177 179 180 
14400 163 137 177 178 179 180 
14400 164 137 176 177 178 180 
14400 165 137 175 177 178 180 
14400 166 136 168 171 176 179 
14400 167 137 177 178 179 180 
14400 168 137 166 177 179 180 
14400 169 137 177 178 179 180 
14400 170 137 158 178 179 180 
14400 171 137 150 155 166 180 
14400 172 137 158 177 178 180 
14400 173 137 150 155 179 180 
14400 174 158 175 177 178 180 
14400 175 137 147 165 174 180 
14400 176 9 136 145 152 157 161 162 164 166 
14400 177 9 136 138 139 140 141 142 143 144 145 146 147 148 149 150 151 152 153 154 156 157 159 160 161 162 163 164 165 167 168 169 172 174 
14400 178 4 9 138 139 140 141 142 143 144 145 146 147 148 149 151 153 154 157 160 161 163 164 165 167 169 170 172 174 
14400 179 4 9 136 138 139 140 141 142 143 144 145 146 148 149 150 151 152 153 154 155 156 159 160 162 163 166 167 168 169 170 173 
14400 180 4 9 138 139 140 141 142 143 144 145 146 147 148 149 150 151 152 153 154 156 157 158 159 160 161 162 163 164 165 167 168 169 170 171 172 173 174 175 
14400 181 182 193 198 200 213 
14400 182 181 185 187 189 191 
14400 183 185 187 188 190 202 
14400 184 185 187 189 191 202 
14400 185 182 183 184 190 191 
14400 186 188 192 194 195 197 
14400 187 182 183 184 212 213 
14400 188 183 186 202 203 211 
14400 189 182 184 191 212 213 
14400 190 183 185 202 211 212 
14400 191 182 184 185 189 213 
14400 192 186 194 195 197 209 
14400 193 181 207 208 209 211 
14400 194 186 192 197 209 
14400 195 186 192 202 211 212 
14400 196 207 208 209 211 212 
14400 197 186 192 194 209 
14400 198 181 200 202 210 212 
14400 199 206 207 208 211 212 
14400 200 181 198 210 212 213 
14400 201 206 207 208 211 212 
14400 202 183 184 188 190 195 198 204 
14400 203 188 207 208 211 212 
14400 204 202 206 207 211 212 
14400 205 206 207 208 211 212 
14400 206 199 201 204 205 212 
14400 207 10 11 193 196 199 201 203 204 205 
14400 208 5 10 11 193 196 199 201 203 205 
14400 209 192 193 194 196 197 
14400 210 5 10 11 198 200 
14400 211 5 10 11 188 190 193 195 196 199 201 203 204 205 
14400 212 5 10 11 187 189 190 195 196 198 199 200 201 203 204 205 206 
14400 213 181 187 189 191 200 
14400 214 0 3 
14400 215 0 1 2 5 
14400 216 0 3 4 
14400 217 0 1 5 
14400 218 0 4 
14400 219 0 2 4 5 
14400 220 0 2 
14400 221 0 1 3 
14400 222 0 2 4 
14400 223 0 3 4 5 
14400 224 0 2 3 
14400 225 0 1 5 
14400 226 0 3 
14400 227 0 1 4 5 
14400 228 0 2 3 
14400 229 0 4 
14400 230 0 2 
14400 231 0 1 5 
14400 232 0 5 
14400 233 0 2 3 4 
14400 234 0 1 
14400 235 0 5 
14400 236 0 1 2 
14400 237 0 3 4 
14400 238 0 1 3 4 
14400 239 0 2 4 5 
14400 240 0 2 3 5 
14400 241 0 1 5 
14400 242 0 2 3 4 
14400 243 0 1 3 5 
16200 0 1 2 3 4 5 214 215 216 217 218 219 220 221 222 223 224 225 226 227 228 229 230 231 232 233 234 235 236 237 238 239 240 241 242 243 
16200 1 0 56 57 59 60 215 217 221 225 227 231 234 236 238 241 243 
16200 2 0 88 89 90 112 215 219 220 222 224 228 230 233 236 239 240 242 
16200 3 0 124 125 126 127 214 216 221 223 224 226 228 233 237 238 240 242 243 
16200 4 0 137 178 179 180 216 218 219 222 223 227 229 233 237 238 239 242 
16200 5 0 207 208 211 212 215 217 219 223 225 227 231 232 235 239 240 241 243 
16200 6 55 56 57 59 60 
16200 7 87 88 89 90 112 
16200 8 122 124 125 126 127 
16200 9 176 177 178 179 180 
16200 10 206 207 208 211 212 
16200 11 206 207 208 211 212 
16200 12 56 57 58 59 60 
16200 13 55 56 58 59 60 
16200 14 54 55 56 57 60 
16200 15 48 49 51 57 60 
16200 16 33 43 50 58 59 
16200 17 53 55 56 57 60 
16200 18 56 57 58 59 60 
16200 19 56 57 58 59 60 
16200 20 55 56 57 59 60 
16200 21 55 56 57 59 60 
16200 22 55 56 57 59 60 
16200 23 55 56 57 59 60 
16200 24 53 55 56 57 60 
16200 25 48 49 51 57 60 
16200 26 55 56 57 59 60 
16200 27 56 57 58 59 60 
16200 28 31 55 57 59 60 
16200 29 55 56 57 59 60 
16200 30 56 57 58 59 60 
16200 31 28 32 33 50 
16200 32 31 50 56 57 60 
16200 33 16 31 48 49 57 
16200 34 49 51 53 57 60 
16200 35 55 56 57 59 60 
16200 36 54 55 56 57 60 
16200 37 55 56 57 59 60 
16200 38 55 56 57 59 60 
16200 39 55 56 57 59 60 
16200 40 55 56 57 59 60 
16200 41 53 55 56 57 60 
16200 42 55 56 58 59 60 
16200 43 16 47 52 54 58 
16200 44 55 56 57 59 60 
16200 45 53 55 56 57 60 
16200 46 53 55 56 57 60 
16200 47 43 56 57 58 60 
16200 48 15 25 33 59 60 
16200 49 15 25 33 34 60 
16200 50 16 31 32 59 
16200 51 15 25 34 59 60 
16200 52 43 57 58 59 60 
16200 53 17 24 34 41 45 46 
16200 54 14 36 43 59 60 
16200 55 6 13 14 17 20 21 22 23 24 26 28 29 35 36 37 38 39 40 41 42 44 45 46 
16200 56 1 6 12 13 14 17 18 19 20 21 22 23 24 26 27 29 30 32 35 36 37 38 39 40 41 42 44 45 46 47 
16200 57 1 6 12 14 15 17 18 19 20 21 22 23 24 25 26 27 28 29 30 32 33 34 35 36 37 38 39 40 41 44 45 46 47 52 
16200 58 12 13 16 18 19 27 30 42 43 47 52 
16200 59 1 6 12 13 16 18 19 20 21 22 23 26 27 28 29 30 35 37 38 39 40 42 44 48 50 51 52 54 
16200 60 1 6 12 13 14 15 17 18 19 20 21 22 23 24 25 26 27 28 29 30 32 34 35 36 37 38 39 40 41 42 44 45 46 47 48 49 51 52 54 
16200 61 86 87 89 90 112 
16200 62 87 88 90 96 112 
16200 63 86 87 88 90 112 
16200 64 120 121 125 127 131 
16200 65 87 88 89 90 112 
16200 66 86 87 88 90 112 
16200 67 77 90 96 109 112 
16200 68 85 86 87 88 90 
16200 69 87 88 90 96 112 
16200 70 85 86 87 88 90 
16200 71 86 87 88 90 112 
16200 72 109 115 118 131 135 
16200 73 86 87 88 90 112 
16200 74 84 85 86 87 90 
16200 75 87 88 89 90 112 
16200 76 87 88 89 90 112 
16200 77 67 78 81 85 89 
16200 78 77 109 112 113 125 
16200 79 87 88 90 96 112 
16200 80 87 88 89 90 112 
16200 81 77 85 87 89 90 
16200 82 122 124 125 126 127 
16200 83 85 86 87 88 90 
16200 84 74 88 89 90 112 
16200 85 68 70 74 77 81 83 
16200 86 61 63 66 68 70 71 73 74 83 
16200 87 7 61 62 63 65 66 68 69 70 71 73 74 75 76 79 80 81 83 
16200 88 2 7 62 63 65 66 68 69 70 71 73 75 76 79 80 83 84 
16200 89 2 7 61 65 75 76 77 80 81 84 
16200 90 2 7 61 62 63 65 66 67 68 69 70 71 73 74 75 76 79 80 81 83 84 
16200 91 122 124 125 126 127 
16200 92 123 124 125 126 127 
16200 93 122 124 125 126 127 
16200 94 100 108 115 118 132 
16200 95 122 123 124 126 127 
16200 96 62 67 69 79 127 
16200 97 123 124 125 126 127 
16200 98 122 124 125 126 127 
16200 99 123 124 125 126 127 
16200 100 94 108 118 120 132 
16200 101 122 124 125 126 127 
16200 102 123 124 125 126 127 
16200 103 113 114 122 125 134 
16200 104 123 124 125 126 127 
16200 105 122 124 125 126 127 
16200 106 122 124 125 126 127 
16200 107 110 124 125 126 127 
16200 108 94 100 110 119 132 
16200 109 67 72 78 126 127 
16200 110 107 108 114 119 123 
16200 111 122 124 125 126 127 
16200 112 2 7 61 62 63 65 66 67 69 71 73 75 76 78 79 80 84 
16200 113 78 103 125 126 127 
16200 114 103 110 126 127 134 
16200 115 72 94 125 126 127 
16200 116 124 125 126 127 134 
16200 117 124 125 126 127 128 
16200 118 72 94 100 127 131 
16200 119 108 110 123 128 132 
16200 120 64 100 125 126 127 
16200 121 64 125 126 127 135 
16200 122 8 82 91 93 95 98 101 103 105 106 111 128 129 133 134 
16200 123 92 95 97 99 102 104 110 119 128 130 132 
16200 124 3 8 82 91 92 93 95 97 98 99 101 102 104 105 106 107 111 116 117 129 130 133 135 
16200 125 3 8 64 78 82 91 92 93 97 98 99 101 102 103 104 105 106 107 111 113 115 116 117 120 121 129 130 133 134 
16200 126 3 8 82 91 92 93 95 97 98 99 101 102 104 105 106 107 109 111 113 114 115 116 117 120 121 128 129 130 133 
16200 127 3 8 64 82 91 92 93 95 96 97 98 99 101 102 104 105 106 107 109 111 113 114 115 116 117 118 120 121 129 130 133 135 
16200 128 117 119 122 123 126 
16200 129 122 124 125 126 127 
16200 130 123 124 125 126 127 
16200 131 64 72 118 135 
16200 132 94 100 108 119 123 
16200 133 122 124 125 126 127 
16200 134 103 114 116 122 125 
16200 135 72 121 124 127 131 
16200 136 137 166 176 177 179 
16200 137 4 136 138 139 140 141 142 143 144 145 146 147 148 149 151 152 153 154 156 157 159 160 161 162 163 164 165 167 168 169 170 171 172 173 175 
16200 138 137 177 178 179 180 
16200 139 137 177 178 179 180 
16200 140 137 177 178 179 180 
16200 141 137 177 178 179 180 
16200 142 137 177 178 179 180 
16200 143 137 177 178 179 180 
16200 144 137 177 178 179 180 
16200 145 137 177 178 179 180 
16200 146 137 178 179 180 195 
16200 147 137 176 177 178 180 
16200 148 137 177 178 179 180 
16200 149 137 177 178 179 180 
16200 150 171 173 177 179 180 
16200 151 137 177 178 179 180 
16200 152 137 176 177 179 180 
16200 153 137 177 178 179 180 
16200 154 137 177 178 179 180 
16200 155 156 159 171 173 179 
16200 156 137 155 177 179 180 
16200 157 137 176 177 178 180 
16200 158 170 172 174 175 180 
16200 159 137 155 177 179 180 
16200 160 137 177 178 179 180 
16200 161 137 176 177 178 180 
16200 162 137 176 177 179 180 
16200 163 137 177 178 179 180 
16200 164 137 176 177 178 180 
16200 165 137 175 177 178 180 
16200 166 136 168 171 173 179 
16200 167 137 177 178 179 180 
16200 168 137 166 177 179 180 
16200 169 137 177 178 179 180 
16200 170 137 158 178 179 180 
16200 171 137 150 155 166 180 
16200 172 137 158 177 178 180 
16200 173 137 150 155 166 180 
16200 174 158 175 177 178 180 
16200 175 137 158 165 174 180 
16200 176 9 136 147 152 157 161 162 164 
16200 177 9 136 138 139 140 141 142 143 144 145 147 148 149 150 151 152 153 154 156 157 159 160 161 162 163 164 165 167 168 169 172 174 
16200 178 4 9 138 139 140 141 142 143 144 145 146 147 148 149 151 153 154 157 160 161 163 164 165 167 169 170 172 174 
16200 179 4 9 136 138 139 140 141 142 143 144 145 146 148 149 150 151 152 153 154 155 156 159 160 162 163 166 167 168 169 170 
16200 180 4 9 138 139 140 141 142 143 144 145 146 147 148 149 150 151 152 153 154 156 157 158 159 160 161 162 163 164 165 167 168 169 170 171 172 173 174 175 
16200 181 182 189 198 200 213 
16200 182 181 184 187 189 191 
16200 183 197 208 209 211 212 
16200 184 182 185 187 189 191 
16200 185 184 187 190 202 212 
16200 186 188 192 194 196 197 
16200 187 182 184 185 212 213 
16200 188 186 194 202 203 212 
16200 189 181 182 184 191 195 
16200 190 185 202 207 211 212 
16200 191 182 184 189 200 213 
16200 192 186 202 203 211 212 
16200 193 207 208 209 211 212 
16200 194 186 188 197 208 209 
16200 195 146 189 208 211 212 
16200 196 186 202 203 211 212 
16200 197 183 186 194 208 209 
16200 198 181 199 200 202 205 
16200 199 198 208 209 211 212 
16200 200 181 191 198 210 213 
16200 201 207 208 209 211 212 
16200 202 185 188 190 192 196 198 204 
16200 203 188 192 196 211 212 
16200 204 202 206 207 211 212 
16200 205 198 208 209 211 212 
16200 206 10 11 204 211 212 
16200 207 5 10 11 190 193 201 204 
16200 208 5 10 11 183 193 194 195 197 199 201 205 
16200 209 183 193 194 197 199 201 205 
16200 210 200 213 
16200 211 5 10 11 183 190 192 193 195 196 199 201 203 204 205 206 
16200 212 5 10 11 183 185 187 188 190 192 193 195 196 199 201 203 204 205 206 
16200 213 181 187 191 200 210 
16200 214 0 3 
16200 215 0 1 2 5 
16200 216 0 3 4 
16200 217 0 1 5 
16200 218 0 4 
16200 219 0 2 4 5 
16200 220 0 2 
16200 221 0 1 3 
16200 222 0 2 4 
16200 223 0 3 4 5 
16200 224 0 2 3 
16200 225 0 1 5 
16200 226 0 3 
16200 227 0 1 4 5 
16200 228 0 2 3 
16200 229 0 4 
16200 230 0 2 
16200 231 0 1 5 
16200 232 0 5 
16200 233 0 2 3 4 
16200 234 0 1 
16200 235 0 5 
16200 236 0 1 2 
16200 237 0 3 4 
16200 238 0 1 3 4 
16200 239 0 2 4 5 
16200 240 0 2 3 5 
16200 241 0 1 5 
16200 242 0 2 3 4 
16200 243 0 1 3 5 
18000 0 1 2 3 4 5 214 215 216 217 218 219 220 221 222 223 224 225 226 227 228 229 230 231 232 233 234 235 236 237 238 239 240 241 242 243 
18000 1 0 56 57 59 60 215 217 221 225 227 231 234 236 238 241 243 
18000 2 0 88 89 90 112 215 219 220 222 224 228 230 233 236 239 240 242 
18000 3 0 124 125 126 127 214 216 221 223 224 226 228 233 237 238 240 242 243 
18000 4 0 137 178 179 180 216 218 219 222 223 227 229 233 237 238 239 242 
18000 5 0 207 208 211 212 215 217 219 223 225 227 231 232 235 239 240 241 243 
18000 6 55 56 57 59 60 
18000 7 87 88 89 90 112 
18000 8 122 124 125 126 127 
18000 9 176 177 178 179 180 
18000 10 206 207 208 211 212 
18000 11 206 207 208 211 212 
18000 12 56 57 58 59 60 
18000 13 55 56 58 59 60 
18000 14 53 55 56 57 60 
18000 15 48 49 51 57 60 
18000 16 56 57 58 59 60 
18000 17 53 55 56 57 60 
18000 18 56 57 58 59 60 
18000 19 55 56 58 59 60 
18000 20 53 55 56 57 60 
18000 21 55 56 57 59 60 
18000 22 55 56 57 59 60 
18000 23 55 56 57 59 60 
18000 24 55 56 57 59 60 
18000 25 48 49 51 57 60 
18000 26 53 55 56 57 60 
18000 27 56 57 58 59 60 
18000 28 53 55 57 59 60 
18000 29 55 56 57 59 60 
18000 30 56 57 58 59 60 
18000 31 55 56 57 59 60 
18000 32 55 56 57 59 60 
18000 33 41 47 48 49 57 
18000 34 49 51 53 57 60 
18000 35 55 56 57 59 60 
18000 36 52 55 56 57 60 
18000 37 55 56 57 59 60 
18000 38 55 56 57 59 60 
18000 39 55 56 57 59 60 
18000 40 56 57 58 59 60 
18000 41 33 56 57 59 60 
18000 42 43 56 58 59 60 
18000 43 42 44 47 54 58 
18000 44 43 57 58 59 60 
18000 45 54 55 56 57 60 
18000 46 55 56 57 59 60 
18000 47 33 43 58 59 60 
18000 48 15 25 33 59 60 
18000 49 15 25 33 34 60 
18000 50 
18000 51 15 25 34 59 60 
18000 52 36 57 58 59 60 
18000 53 14 17 20 26 28 34 
18000 54 43 45 58 59 60 
18000 55 6 13 14 17 19 20 21 22 23 24 26 28 29 31 32 35 36 37 38 39 45 46 
18000 56 1 6 12 13 14 16 17 18 19 20 21 22 23 24 26 27 29 30 31 32 35 36 37 38 39 40 41 42 45 46 
18000 57 1 6 12 14 15 16 17 18 20 21 22 23 24 25 26 27 28 29 30 31 32 33 34 35 36 37 38 39 40 41 44 45 46 52 
18000 58 12 13 16 18 19 27 30 40 42 43 44 47 52 54 
18000 59 1 6 12 13 16 18 19 21 22 23 24 27 28 29 30 31 32 35 37 38 39 40 41 42 44 46 47 48 51 52 54 
18000 60 1 6 12 13 14 15 16 17 18 19 20 21 22 23 24 25 26 27 28 29 30 31 32 34 35 36 37 38 39 40 41 42 44 45 46 47 48 49 51 52 54 
18000 61 86 87 89 90 112 
18000 62 87 88 89 90 112 
18000 63 87 88 89 90 112 
18000 64 96 106 109 112 118 
18000 65 87 88 89 90 112 
18000 66 86 87 88 90 112 
18000 67 87 88 89 90 112 
18000 68 77 87 88 89 90 
18000 69 87 88 89 90 112 
18000 70 84 85 87 88 90 
18000 71 86 87 88 90 112 
18000 72 106 109 118 131 135 
18000 73 87 88 89 90 112 
18000 74 83 84 85 87 90 
18000 75 87 88 89 90 112 
18000 76 88 89 90 112 131 
18000 77 68 81 89 
18000 78 86 87 89 90 112 
18000 79 87 88 89 90 112 
18000 80 87 88 89 90 112 
18000 81 77 85 87 89 90 
18000 82 87 88 89 90 112 
18000 83 74 86 87 88 90 
18000 84 70 74 87 89 90 
18000 85 70 74 81 90 112 
18000 86 61 66 71 78 83 
18000 87 7 61 62 63 65 66 67 68 69 70 71 73 74 75 78 79 80 81 82 83 84 
18000 88 2 7 62 63 65 66 67 68 69 70 71 73 75 76 79 80 82 83 
18000 89 2 7 61 62 63 65 67 68 69 73 75 76 77 78 79 80 81 82 84 
18000 90 2 7 61 62 63 65 66 67 68 69 70 71 73 74 75 76 78 79 80 81 82 83 84 85 
18000 91 122 124 125 126 127 
18000 92 123 124 125 126 127 
18000 93 122 124 125 126 127 
18000 94 124 125 126 127 131 
18000 95 123 124 125 126 127 
18000 96 64 124 125 126 127 
18000 97 123 124 125 126 127 
18000 98 122 124 125 126 127 
18000 99 123 124 125 126 127 
18000 100 108 118 120 121 132 
18000 101 122 124 125 126 127 
18000 102 122 124 125 126 127 
18000 103 114 120 122 125 134 
18000 104 123 124 125 126 127 
18000 105 122 124 125 126 127 
18000 106 64 72 125 126 127 
18000 107 123 124 125 126 127 
18000 108 100 110 119 123 132 
18000 109 64 72 125 126 127 
18000 110 108 114 119 123 125 
18000 111 122 124 125 126 127 
18000 112 2 7 61 62 63 64 65 66 67 69 71 73 75 76 78 79 80 82 85 
18000 113 122 124 125 126 127 
18000 114 103 110 125 126 127 
18000 115 122 124 125 126 127 
18000 116 122 124 125 126 127 
18000 117 124 125 126 127 134 
18000 118 64 72 100 127 131 
18000 119 108 110 123 128 132 
18000 120 100 103 126 127 134 
18000 121 100 126 127 132 135 
18000 122 8 91 93 98 101 102 103 105 111 113 115 116 128 129 133 134 
18000 123 92 95 97 99 104 107 108 110 119 128 130 132 
18000 124 3 8 91 92 93 94 95 96 97 98 99 101 102 104 105 107 111 113 115 116 117 129 130 133 135 
18000 125 3 8 91 92 93 94 95 96 97 98 99 101 102 103 104 105 106 107 109 110 111 113 114 115 116 117 128 129 130 133 134 
18000 126 3 8 91 92 93 94 95 96 97 98 99 101 102 104 105 106 107 109 111 113 114 115 116 117 120 121 128 129 130 133 
18000 127 3 8 91 92 93 94 95 96 97 98 99 101 102 104 105 106 107 109 111 113 114 115 116 117 118 120 121 129 130 133 135 
18000 128 119 122 123 125 126 
18000 129 122 124 125 126 127 
18000 130 123 124 125 126 127 
18000 131 72 76 94 118 135 
18000 132 100 108 119 121 123 
18000 133 122 124 125 126 127 
18000 134 103 117 120 122 125 
18000 135 72 121 124 127 131 
18000 136 137 166 176 177 179 
18000 137 4 136 138 139 140 141 142 143 144 145 146 147 148 149 151 152 153 154 156 157 159 160 161 162 163 164 165 167 168 169 170 171 172 173 175 
18000 138 137 177 178 179 180 
18000 139 137 177 178 179 180 
18000 140 137 176 178 179 180 
18000 141 137 177 178 179 180 
18000 142 137 177 178 179 180 
18000 143 137 177 178 179 180 
18000 144 137 177 178 179 180 
18000 145 137 177 178 179 180 
18000 146 137 177 178 179 180 
18000 147 137 175 177 178 180 
18000 148 137 177 178 179 180 
18000 149 137 177 178 179 180 
18000 150 171 173 177 179 180 
18000 151 137 177 178 179 180 
18000 152 137 176 177 179 180 
18000 153 137 177 178 179 180 
18000 154 137 177 178 179 180 
18000 155 156 159 171 173 179 
18000 156 137 155 177 179 180 
18000 157 137 176 177 178 180 
18000 158 171 172 174 178 180 
18000 159 137 155 177 179 180 
18000 160 137 177 178 179 180 
18000 161 137 176 177 178 180 
18000 162 137 176 177 179 180 
18000 163 137 177 178 179 180 
18000 164 137 176 177 178 180 
18000 165 137 176 177 178 180 
18000 166 136 168 171 173 179 
18000 167 137 177 178 179 180 
18000 168 137 166 177 179 180 
18000 169 137 177 178 179 180 
18000 170 137 177 178 179 180 
18000 171 137 150 155 158 166 
18000 172 137 158 177 178 180 
18000 173 137 150 155 166 180 
18000 174 158 175 177 178 180 
18000 175 137 147 174 179 180 
18000 176 9 136 140 152 157 161 162 164 165 
18000 177 9 136 138 139 141 142 143 144 145 146 147 148 149 150 151 152 153 154 156 157 159 160 161 162 163 164 165 167 168 169 170 172 174 
18000 178 4 9 138 139 140 141 142 143 144 145 146 147 148 149 151 153 154 157 158 160 161 163 164 165 167 169 170 172 174 
18000 179 4 9 136 138 139 140 141 142 143 144 145 146 148 149 150 151 152 153 154 155 156 159 160 162 163 166 167 168 169 170 175 
18000 180 4 9 138 139 140 141 142 143 144 145 146 147 148 149 150 151 152 153 154 156 157 158 159 160 161 162 163 164 165 167 168 169 170 172 173 174 175 
18000 181 182 189 198 200 213 
18000 182 181 184 187 189 191 
18000 183 188 190 194 197 202 
18000 184 182 187 191 202 210 
18000 185 187 190 191 202 212 
18000 186 188 194 195 196 197 
18000 187 182 184 185 210 213 
18000 188 183 186 202 203 212 
18000 189 181 182 200 210 213 
18000 190 183 185 191 202 212 
18000 191 182 184 185 190 213 
18000 192 207 208 211 212 213 
18000 193 207 208 209 211 212 
18000 194 183 186 197 201 209 
18000 195 186 202 208 211 212 
18000 196 186 202 203 211 212 
18000 197 183 186 194 201 209 
18000 198 181 199 200 202 205 
18000 199 198 207 208 211 212 
18000 200 181 189 198 210 213 
18000 201 194 197 209 211 212 
18000 202 183 184 185 188 190 195 196 198 204 
18000 203 188 196 209 211 212 
18000 204 202 206 207 211 212 
18000 205 198 207 208 211 212 
18000 206 10 11 204 212 213 
18000 207 5 10 11 192 193 199 204 205 
18000 208 5 10 11 192 193 195 199 205 
18000 209 193 194 197 201 203 
18000 210 184 187 189 200 213 
18000 211 5 10 11 192 193 195 196 199 201 203 204 205 
18000 212 5 10 11 185 188 190 192 193 195 196 199 201 203 204 205 206 
18000 213 181 187 189 191 192 200 206 210 
18000 214 0 3 
18000 215 0 1 2 5 
18000 216 0 3 4 
18000 217 0 1 5 
18000 218 0 4 
18000 219 0 2 4 5 
18000 220 0 2 
18000 221 0 1 3 
18000 222 0 2 4 
18000 223 0 3 4 5 
18000 224 0 2 3 
18000 225 0 1 5 
18000 226 0 3 
18000 227 0 1 4 5 
18000 228 0 2 3 
18000 229 0 4 
18000 230 0 2 
18000 231 0 1 5 
18000 232 0 5 
18000 233 0 2 3 4 
18000 234 0 1 
18000 235 0 5 
18000 236 0 1 2 
18000 237 0 3 4 
18000 238 0 1 3 4 
18000 239 0 2 4 5 
18000 240 0 2 3 5 
18000 241 0 1 5 
18000 242 0 2 3 4 
18000 243 0 1 3 5 
