0 21600
0 0 1 2 3 4 5 215 216 217 218 219 220 221 222 223 224 225 226 227 228 229 230 231 232 233 234 235 236 237 238 239 240 241 242 243 244 
0 1 0 42 43 44 45 215 218 222 224 227 231 233 234 238 240 242 
0 2 0 79 81 83 85 217 218 222 223 229 230 233 235 236 240 243 
0 3 0 118 120 122 123 215 219 221 225 231 232 235 236 239 242 
0 4 0 124 125 126 171 217 219 221 224 228 230 233 235 237 241 242 
0 5 0 211 212 213 214 216 220 221 225 226 231 234 236 241 243 244 
0 6 41 42 43 44 45 
0 7 41 42 43 44 45 
0 8 78 79 81 83 85 
0 9 117 118 120 122 123 
0 10 117 118 120 122 123 
0 11 124 125 126 140 141 
0 12 124 125 126 137 141 
0 13 124 125 126 144 171 
0 14 210 211 212 213 214 
0 15 41 42 43 44 45 
0 16 41 42 43 44 45 
0 17 41 42 43 44 45 
0 18 19 26 27 30 31 
0 19 18 42 43 44 45 
0 20 41 42 43 44 45 
0 21 41 42 43 44 45 
0 22 41 42 43 44 45 
0 23 41 42 43 44 45 
0 24 41 42 43 44 45 
0 25 41 42 43 44 45 
0 26 18 42 43 44 45 
0 27 18 42 43 44 45 
0 28 41 42 43 44 45 
0 29 41 42 43 44 45 
0 30 18 42 43 44 45 
0 31 18 42 43 44 45 
0 32 41 42 43 44 45 
0 33 41 42 43 44 45 
0 34 41 42 43 44 45 
0 35 41 42 43 44 45 
0 36 41 42 43 44 45 
0 37 41 42 43 44 45 
0 38 39 40 42 43 44 
0 39 38 42 43 44 45 
0 40 38 42 43 44 45 
0 41 6 7 15 16 17 20 21 22 23 24 25 28 29 32 33 34 35 36 37 
0 42 1 6 7 15 16 17 19 20 21 22 23 24 25 26 27 28 29 30 31 32 33 34 35 36 37 38 39 40 
0 43 1 6 7 15 16 17 19 20 21 22 23 24 25 26 27 28 29 30 31 32 33 34 35 36 37 38 39 40 
0 44 1 6 7 15 16 17 19 20 21 22 23 24 25 26 27 28 29 30 31 32 33 34 35 36 37 38 39 40 
0 45 1 6 7 15 16 17 19 20 21 22 23 24 25 26 27 28 29 30 31 32 33 34 35 36 37 39 40 
0 46 50 79 81 83 85 
0 47 77 78 79 80 85 
0 48 76 77 78 79 81 
0 49 63 75 80 83 84 
0 50 46 52 64 77 79 
0 51 75 76 80 83 84 
0 52 50 60 62 78 85 
0 53 78 79 81 83 84 
0 54 79 81 83 84 85 
0 55 79 80 81 83 85 
0 56 76 78 80 83 85 
0 57 76 78 80 83 84 
0 58 79 81 82 83 84 
0 59 80 81 83 84 85 
0 60 52 78 79 81 85 
0 61 62 76 77 78 85 
0 62 52 61 81 83 85 
0 63 49 67 75 80 83 
0 64 50 78 79 81 85 
0 65 76 78 80 83 85 
0 66 72 76 82 83 84 
0 67 63 71 83 84 85 
0 68 79 81 82 83 84 
0 69 72 76 82 83 84 
0 70 71 80 81 83 85 
0 71 67 70 75 80 85 
0 72 66 69 81 83 84 
0 73 77 78 79 81 85 
0 74 79 80 81 83 84 
0 75 49 51 63 71 85 
0 76 48 51 56 57 61 65 66 69 
0 77 47 48 50 61 73 
0 78 8 47 48 52 53 56 57 60 61 64 65 73 
0 79 2 8 46 47 48 50 53 54 55 58 60 64 68 73 74 
0 80 47 49 51 55 56 57 59 63 65 70 71 74 
0 81 2 8 46 48 53 54 55 58 59 60 62 64 68 70 72 73 74 
0 82 58 66 68 69 84 
0 83 2 8 46 49 51 53 54 55 56 57 58 59 62 63 65 66 67 68 69 70 72 74 
0 84 49 51 53 54 57 58 59 66 67 68 69 72 74 82 
0 85 2 8 46 47 52 54 55 56 59 60 61 62 64 65 67 70 71 73 75 
0 86 118 120 121 122 123 
0 87 117 118 120 122 123 
0 88 118 120 121 122 123 
0 89 118 120 121 122 123 
0 90 117 118 120 122 123 
0 91 116 117 118 120 123 
0 92 107 120 121 122 123 
0 93 116 117 118 120 123 
0 94 117 118 120 122 123 
0 95 117 118 120 122 123 
0 96 118 119 120 122 123 
0 97 118 119 120 122 123 
0 98 107 112 115 117 121 
0 99 117 118 120 122 123 
0 100 118 119 120 122 123 
0 101 117 118 120 122 123 
0 102 107 118 121 122 123 
0 103 116 117 118 120 123 
0 104 117 118 120 122 123 
0 105 116 117 118 120 123 
0 106 116 117 118 120 123 
0 107 92 98 102 115 121 
0 108 118 119 120 122 123 
0 109 117 118 120 122 123 
0 110 118 120 121 122 123 
0 111 118 120 121 122 123 
0 112 98 118 120 122 123 
0 113 114 116 119 120 122 
0 114 113 118 119 122 123 
0 115 98 107 118 121 123 
0 116 91 93 103 105 106 113 
0 117 9 10 87 90 91 93 94 95 98 99 101 103 104 105 106 109 
0 118 3 9 10 86 87 88 89 90 91 93 94 95 96 97 99 100 101 102 103 104 105 106 108 109 110 111 112 114 115 
0 119 96 97 100 108 113 114 
0 120 3 9 10 86 87 88 89 90 91 92 93 94 95 96 97 99 100 101 103 104 105 106 108 109 110 111 112 113 
0 121 86 88 89 92 98 102 107 110 111 115 
0 122 3 9 10 86 87 88 89 90 92 94 95 96 97 99 100 101 102 104 108 109 110 111 112 113 114 
0 123 3 9 10 86 87 88 89 90 91 92 93 94 95 96 97 99 100 101 102 103 104 105 106 108 109 110 111 112 114 115 
0 124 4 11 12 13 128 129 130 132 133 135 136 137 138 139 142 143 145 146 147 148 149 150 152 153 154 156 157 158 159 161 162 163 164 165 166 168 169 
0 125 4 11 12 13 128 129 130 132 133 134 135 136 137 138 139 142 143 144 145 146 147 148 149 150 153 154 156 157 158 159 161 162 163 164 165 166 168 169 
0 126 4 11 12 13 128 129 130 132 133 135 136 137 138 139 142 143 144 145 146 147 148 149 150 152 153 154 156 157 158 159 161 162 163 164 165 166 168 
0 127 133 136 167 169 171 
0 128 124 125 126 151 153 
0 129 124 125 126 140 141 
0 130 124 125 126 140 141 
0 131 134 155 161 164 168 
0 132 124 125 126 140 141 
0 133 124 125 126 127 140 
0 134 125 131 144 155 168 
0 135 124 125 126 140 160 
0 136 124 125 126 127 141 
0 137 12 124 125 126 141 
0 138 124 125 126 140 171 
0 139 124 125 126 140 160 
0 140 11 129 130 132 133 135 138 139 142 143 145 146 147 148 149 150 153 154 156 157 158 159 162 163 165 166 169 
0 141 11 12 129 130 132 136 137 142 143 
0 142 124 125 126 140 141 
0 143 124 125 126 140 141 
0 144 13 125 126 134 159 
0 145 124 125 126 140 172 
0 146 124 125 126 140 155 
0 147 124 125 126 140 171 
0 148 124 125 126 140 170 
0 149 124 125 126 140 171 
0 150 124 125 126 140 171 
0 151 128 152 160 172 
0 152 124 126 151 170 172 
0 153 124 125 126 128 140 
0 154 124 125 126 140 171 
0 155 131 134 146 161 164 
0 156 124 125 126 140 172 
0 157 124 125 126 140 167 
0 158 124 125 126 140 170 
0 159 124 125 126 140 144 
0 160 135 139 151 167 171 
0 161 124 125 126 131 155 
0 162 124 125 126 140 172 
0 163 124 125 126 140 170 
0 164 124 125 126 131 155 
0 165 124 125 126 140 170 
0 166 124 125 126 140 171 
0 167 127 157 160 169 171 
0 168 124 125 126 131 134 
0 169 124 125 127 140 167 
0 170 148 152 158 163 165 
0 171 4 13 127 138 147 149 150 154 160 166 167 
0 172 145 151 152 156 162 
0 173 208 210 212 213 214 
0 174 208 209 210 212 213 
0 175 210 211 212 213 214 
0 176 180 184 187 193 
0 177 199 205 208 211 214 
0 178 183 185 188 191 214 
0 179 208 210 212 213 214 
0 180 176 184 187 193 
0 181 208 210 212 213 214 
0 182 210 211 212 213 214 
0 183 178 199 210 213 214 
0 184 176 180 187 193 213 
0 185 178 210 212 213 214 
0 186 206 208 211 212 214 
0 187 176 180 184 193 213 
0 188 178 210 212 213 214 
0 189 197 199 200 203 214 
0 190 202 
0 191 178 211 212 213 214 
0 192 206 209 211 212 213 
0 193 176 180 184 187 213 
0 194 202 210 212 213 214 
0 195 202 205 210 213 214 
0 196 210 211 212 213 214 
0 197 189 208 210 211 214 
0 198 205 206 207 208 211 
0 199 177 183 189 214 
0 200 189 211 212 213 214 
0 201 210 211 212 213 214 
0 202 190 194 195 210 213 
0 203 189 211 212 213 214 
0 204 210 211 212 213 214 
0 205 177 195 198 213 214 
0 206 186 192 198 207 211 
0 207 198 206 209 211 212 
0 208 173 174 177 179 181 186 197 198 209 
0 209 174 192 207 208 212 
0 210 14 173 174 175 179 181 182 183 185 188 194 195 196 197 201 202 204 
0 211 5 14 175 177 182 186 191 192 196 197 198 200 201 203 204 206 207 
0 212 5 14 173 174 175 179 181 182 185 186 188 191 192 194 196 200 201 203 204 207 209 
0 213 5 14 173 174 175 179 181 182 183 184 185 187 188 191 192 193 194 195 196 200 201 202 203 204 205 
0 214 5 14 173 175 177 178 179 181 182 183 185 186 188 189 191 194 195 196 197 199 200 201 203 204 205 
0 215 0 1 3 
0 216 0 5 
0 217 0 2 4 
0 218 0 1 2 
0 219 0 3 4 
0 220 0 5 
0 221 0 3 4 5 
0 222 0 1 2 
0 223 0 2 
0 224 0 1 4 
0 225 0 3 5 
0 226 0 5 
0 227 0 1 
0 228 0 4 
0 229 0 2 
0 230 0 2 4 
0 231 0 1 3 5 
0 232 0 3 
0 233 0 1 2 4 
0 234 0 1 5 
0 235 0 2 3 4 
0 236 0 2 3 5 
0 237 0 4 
0 238 0 1 
0 239 0 3 
0 240 0 1 2 
0 241 0 4 5 
0 242 0 1 3 4 
0 243 0 2 5 
0 244 0 5 
1800 0 1 2 3 4 5 215 216 217 218 219 220 221 222 223 224 225 226 227 228 229 230 231 232 233 234 235 236 237 238 239 240 241 242 243 244 
1800 1 0 42 43 44 45 215 218 222 224 227 231 233 234 238 240 242 
1800 2 0 79 81 83 85 217 218 222 223 229 230 233 235 236 240 243 
1800 3 0 118 120 122 123 215 219 221 225 231 232 235 236 239 242 
1800 4 0 124 125 126 171 217 219 221 224 228 230 233 235 237 241 242 
1800 5 0 211 212 213 214 216 220 221 225 226 231 234 236 241 243 244 
1800 6 41 42 43 44 45 
1800 7 41 42 43 44 45 
1800 8 78 79 81 83 85 
1800 9 117 118 120 122 123 
1800 10 117 118 120 122 123 
1800 11 124 125 126 140 141 
1800 12 124 125 126 141 172 
1800 13 124 125 126 150 152 
1800 14 210 211 212 213 214 
1800 15 41 42 43 44 45 
1800 16 42 43 44 45 98 
1800 17 41 42 43 44 45 
1800 18 26 27 28 30 31 
1800 19 41 42 43 44 45 
1800 20 41 42 43 44 45 
1800 21 41 42 43 44 45 
1800 22 41 42 43 44 45 
1800 23 41 42 43 44 45 
1800 24 41 42 43 44 45 
1800 25 41 42 43 44 45 
1800 26 18 43 44 45 105 
1800 27 18 42 43 44 45 
1800 28 18 42 43 44 45 
1800 29 41 42 43 44 45 
1800 30 18 42 43 44 45 
1800 31 18 42 43 44 45 
1800 32 41 42 43 44 45 
1800 33 41 42 43 44 45 
1800 34 41 42 43 44 45 
1800 35 41 42 43 44 45 
1800 36 41 42 43 44 45 
1800 37 41 42 43 44 45 
1800 38 39 40 42 44 45 
1800 39 38 42 43 44 45 
1800 40 38 42 43 44 45 
1800 41 6 7 15 17 19 20 21 22 23 24 25 29 32 33 34 35 36 37 
1800 42 1 6 7 15 16 17 19 20 21 22 23 24 25 27 28 29 30 31 32 33 34 35 36 37 38 39 40 
1800 43 1 6 7 15 16 17 19 20 21 22 23 24 25 26 27 28 29 30 31 32 33 34 35 36 37 39 40 
1800 44 1 6 7 15 16 17 19 20 21 22 23 24 25 26 27 28 29 30 31 32 33 34 35 36 37 38 39 40 
1800 45 1 6 7 15 16 17 19 20 21 22 23 24 25 26 27 28 29 30 31 32 33 34 35 36 37 38 39 40 
1800 46 78 79 81 83 85 
1800 47 75 76 78 80 85 
1800 48 77 78 79 81 85 
1800 49 63 75 80 83 84 
1800 50 52 64 71 77 79 
1800 51 76 79 80 83 84 
1800 52 50 60 62 78 85 
1800 53 78 79 81 83 84 
1800 54 79 81 83 84 85 
1800 55 79 80 81 83 85 
1800 56 76 78 80 83 85 
1800 57 78 79 80 83 84 
1800 58 79 81 82 83 84 
1800 59 80 81 83 84 85 
1800 60 52 78 79 81 85 
1800 61 62 76 77 78 85 
1800 62 52 61 81 83 85 
1800 63 49 75 79 80 83 
1800 64 50 78 79 81 85 
1800 65 76 78 80 83 85 
1800 66 72 79 81 82 84 
1800 67 80 81 83 84 85 
1800 68 79 81 82 83 84 
1800 69 79 81 82 83 84 
1800 70 79 80 81 83 85 
1800 71 50 78 80 81 85 
1800 72 66 80 81 83 84 
1800 73 77 78 79 81 85 
1800 74 79 80 81 83 84 
1800 75 47 49 63 83 85 
1800 76 47 51 56 61 65 
1800 77 48 50 61 73 85 
1800 78 8 46 47 48 52 53 56 57 60 61 64 65 71 73 
1800 79 2 8 46 48 50 51 53 54 55 57 58 60 63 64 66 68 69 70 73 74 
1800 80 47 49 51 55 56 57 59 63 65 67 70 71 72 74 
1800 81 2 8 46 48 53 54 55 58 59 60 62 64 66 67 68 69 70 71 72 73 74 
1800 82 58 66 68 69 84 
1800 83 2 8 46 49 51 53 54 55 56 57 58 59 62 63 65 67 68 69 70 72 74 75 
1800 84 49 51 53 54 57 58 59 66 67 68 69 72 74 82 
1800 85 2 8 46 47 48 52 54 55 56 59 60 61 62 64 65 67 70 71 73 75 77 
1800 86 118 120 121 122 123 
1800 87 118 120 121 122 123 
1800 88 119 120 121 122 123 
1800 89 118 120 121 122 123 
1800 90 117 118 120 122 123 
1800 91 118 120 121 122 123 
1800 92 119 120 121 122 123 
1800 93 117 118 120 122 123 
1800 94 117 118 120 122 123 
1800 95 118 119 120 122 123 
1800 96 118 119 120 122 123 
1800 97 117 119 120 122 123 
1800 98 16 115 118 121 122 
1800 99 118 119 120 122 123 
1800 100 118 119 120 122 123 
1800 101 117 118 120 122 123 
1800 102 117 118 121 122 123 
1800 103 117 118 120 122 123 
1800 104 116 118 120 122 123 
1800 105 26 116 117 120 123 
1800 106 116 117 118 120 123 
1800 107 110 115 117 121 122 
1800 108 118 119 120 122 123 
1800 109 117 118 120 122 123 
1800 110 107 120 121 122 123 
1800 111 118 120 121 122 123 
1800 112 117 118 120 122 123 
1800 113 116 118 119 120 122 
1800 114 118 119 120 122 123 
1800 115 98 107 121 122 123 
1800 116 104 105 106 113 123 
1800 117 9 10 90 93 94 97 101 102 103 105 106 107 109 112 
1800 118 3 9 10 86 87 89 90 91 93 94 95 96 98 99 100 101 102 103 104 106 108 109 111 112 113 114 
1800 119 88 92 95 96 97 99 100 108 113 114 
1800 120 3 9 10 86 87 88 89 90 91 92 93 94 95 96 97 99 100 101 103 104 105 106 108 109 110 111 112 113 114 
1800 121 86 87 88 89 91 92 98 102 107 110 111 115 
1800 122 3 9 10 86 87 88 89 90 91 92 93 94 95 96 97 98 99 100 101 102 103 104 107 108 109 110 111 112 113 114 115 
1800 123 3 9 10 86 87 88 89 90 91 92 93 94 95 96 97 99 100 101 102 103 104 105 106 108 109 110 111 112 114 115 116 
1800 124 4 11 12 13 128 129 130 132 133 135 136 137 138 139 142 143 144 145 146 147 148 149 150 152 154 156 157 158 159 161 162 163 164 165 
1800 125 4 11 12 13 128 129 130 132 133 134 135 136 137 138 139 142 143 144 145 146 147 148 149 150 153 154 156 158 159 161 162 163 164 165 168 
1800 126 4 11 12 13 128 129 130 132 133 134 135 136 137 138 139 142 143 144 145 146 147 148 149 150 152 153 154 156 157 158 159 161 162 163 164 165 166 168 
1800 127 133 136 166 167 169 
1800 128 124 125 126 141 153 
1800 129 124 125 126 140 141 
1800 130 124 125 126 140 141 
1800 131 134 138 155 164 168 
1800 132 124 125 126 140 141 
1800 133 124 125 126 127 171 
1800 134 125 126 131 155 166 
1800 135 124 125 126 140 160 
1800 136 124 125 126 127 141 
1800 137 124 125 126 141 153 
1800 138 124 125 126 131 155 
1800 139 124 125 126 140 160 
1800 140 11 129 130 132 135 139 142 143 145 148 154 156 157 158 159 162 163 
1800 141 11 12 128 129 130 132 136 137 142 143 
1800 142 124 125 126 140 141 
1800 143 124 125 126 140 141 
1800 144 124 125 126 151 159 
1800 145 124 125 126 140 172 
1800 146 124 125 126 165 168 
1800 147 124 125 126 151 153 
1800 148 124 125 126 140 170 
1800 149 124 125 126 169 171 
1800 150 13 124 125 126 151 
1800 151 144 147 150 152 172 
1800 152 13 124 126 151 170 
1800 153 125 126 128 137 147 
1800 154 124 125 126 140 171 
1800 155 131 134 138 161 164 
1800 156 124 125 126 140 172 
1800 157 124 126 140 171 172 
1800 158 124 125 126 140 170 
1800 159 124 125 126 140 144 
1800 160 135 139 167 169 171 
1800 161 124 125 126 155 168 
1800 162 124 125 126 140 172 
1800 163 124 125 126 140 170 
1800 164 124 125 126 131 155 
1800 165 124 125 126 146 170 
1800 166 126 127 134 167 169 
1800 167 127 160 166 169 171 
1800 168 125 126 131 146 161 
1800 169 127 149 160 166 167 
1800 170 148 152 158 163 165 
1800 171 4 133 149 154 157 160 167 
1800 172 12 145 151 156 157 162 
1800 173 208 210 212 213 214 
1800 174 208 209 210 212 213 
1800 175 199 210 211 212 214 
1800 176 180 184 187 193 213 
1800 177 199 205 208 211 214 
1800 178 182 183 185 188 191 
1800 179 208 210 212 213 214 
1800 180 176 184 187 193 
1800 181 210 211 212 213 214 
1800 182 178 210 212 213 214 
1800 183 178 199 210 213 214 
1800 184 176 180 187 193 213 
1800 185 178 210 211 212 214 
1800 186 207 208 211 212 214 
1800 187 176 180 184 193 213 
1800 188 178 210 212 213 214 
1800 189 197 199 200 203 214 
1800 190 191 202 
1800 191 178 190 212 213 214 
1800 192 206 209 210 211 212 
1800 193 176 180 184 187 213 
1800 194 208 210 212 213 214 
1800 195 202 204 205 210 214 
1800 196 210 211 212 213 214 
1800 197 189 208 210 211 214 
1800 198 205 206 207 208 211 
1800 199 175 177 183 189 214 
1800 200 189 210 211 212 214 
1800 201 209 210 211 212 214 
1800 202 190 195 203 210 213 
1800 203 189 202 211 212 214 
1800 204 195 211 212 213 214 
1800 205 177 195 198 212 214 
1800 206 192 198 207 208 211 
1800 207 186 198 206 211 212 
1800 208 173 174 177 179 186 194 197 198 206 
1800 209 174 192 201 212 213 
1800 210 14 173 174 175 179 181 182 183 185 188 192 194 195 196 197 200 201 202 
1800 211 5 14 175 177 181 185 186 192 196 197 198 200 201 203 204 206 207 
1800 212 5 14 173 174 175 179 181 182 185 186 188 191 192 194 196 200 201 203 204 205 207 209 
1800 213 5 14 173 174 176 179 181 182 183 184 187 188 191 193 194 196 202 204 209 
1800 214 5 14 173 175 177 179 181 182 183 185 186 188 189 191 194 195 196 197 199 200 201 203 204 205 
1800 215 0 1 3 
1800 216 0 5 
1800 217 0 2 4 
1800 218 0 1 2 
1800 219 0 3 4 
1800 220 0 5 
1800 221 0 3 4 5 
1800 222 0 1 2 
1800 223 0 2 
1800 224 0 1 4 
1800 225 0 3 5 
1800 226 0 5 
1800 227 0 1 
1800 228 0 4 
1800 229 0 2 
1800 230 0 2 4 
1800 231 0 1 3 5 
1800 232 0 3 
1800 233 0 1 2 4 
1800 234 0 1 5 
1800 235 0 2 3 4 
1800 236 0 2 3 5 
1800 237 0 4 
1800 238 0 1 
1800 239 0 3 
1800 240 0 1 2 
1800 241 0 4 5 
1800 242 0 1 3 4 
1800 243 0 2 5 
1800 244 0 5 
3600 0 1 2 3 4 5 215 216 217 218 219 220 221 222 223 224 225 226 227 228 229 230 231 232 233 234 235 236 237 238 239 240 241 242 243 244 
3600 1 0 42 43 44 45 215 218 222 224 227 231 233 234 238 240 242 
3600 2 0 81 82 83 85 217 218 222 223 229 230 233 235 236 240 243 
3600 3 0 118 120 122 123 215 219 221 225 231 232 235 236 239 242 
3600 4 0 124 125 126 171 217 219 221 224 228 230 233 235 237 241 242 
3600 5 0 211 212 213 214 216 220 221 225 226 231 234 236 241 243 244 
3600 6 41 42 43 44 45 
3600 7 41 42 43 44 45 
3600 8 79 81 82 83 85 
3600 9 117 118 120 122 123 
3600 10 117 118 120 122 123 
3600 11 124 125 126 140 141 
3600 12 124 125 126 137 141 
3600 13 125 126 144 150 160 
3600 14 210 211 212 213 214 
3600 15 41 42 43 44 45 
3600 16 41 42 43 44 45 
3600 17 41 42 43 44 45 
3600 18 26 27 30 31 37 
3600 19 41 42 43 44 45 
3600 20 41 42 43 44 45 
3600 21 41 42 43 44 45 
3600 22 41 42 43 44 45 
3600 23 41 42 43 44 45 
3600 24 41 42 43 44 45 
3600 25 41 42 43 44 45 
3600 26 18 42 43 44 45 
3600 27 18 43 44 45 118 
3600 28 41 42 43 44 45 
3600 29 41 42 43 44 45 
3600 30 18 42 43 44 45 
3600 31 18 42 43 44 45 
3600 32 41 42 43 44 45 
3600 33 41 42 43 44 45 
3600 34 41 42 43 44 45 
3600 35 41 42 43 44 45 
3600 36 41 42 43 44 45 
3600 37 18 42 43 44 45 
3600 38 39 40 42 43 44 
3600 39 38 42 43 44 45 
3600 40 38 42 43 44 45 
3600 41 6 7 15 16 17 19 20 21 22 23 24 25 28 29 32 33 34 35 36 
3600 42 1 6 7 15 16 17 19 20 21 22 23 24 25 26 28 29 30 31 32 33 34 35 36 37 38 39 40 
3600 43 1 6 7 15 16 17 19 20 21 22 23 24 25 26 27 28 29 30 31 32 33 34 35 36 37 38 39 40 
3600 44 1 6 7 15 16 17 19 20 21 22 23 24 25 26 27 28 29 30 31 32 33 34 35 36 37 38 39 40 
3600 45 1 6 7 15 16 17 19 20 21 22 23 24 25 26 27 28 29 30 31 32 33 34 35 36 37 39 40 
3600 46 79 81 82 83 85 
3600 47 79 80 82 83 85 
3600 48 77 78 79 81 82 
3600 49 63 80 82 83 84 
3600 50 52 59 64 77 79 
3600 51 76 80 82 83 84 
3600 52 50 60 62 78 85 
3600 53 79 81 82 83 84 
3600 54 81 82 83 84 85 
3600 55 80 81 82 83 85 
3600 56 80 82 83 84 85 
3600 57 80 81 82 83 84 
3600 58 79 81 82 83 84 
3600 59 50 82 83 84 85 
3600 60 52 81 82 83 85 
3600 61 62 77 78 83 85 
3600 62 52 61 82 83 85 
3600 63 49 67 75 80 83 
3600 64 50 78 79 81 85 
3600 65 81 82 83 84 85 
3600 66 81 82 83 84 85 
3600 67 63 82 83 84 85 
3600 68 79 81 82 83 84 
3600 69 72 76 82 83 84 
3600 70 71 81 82 83 85 
3600 71 70 75 80 83 85 
3600 72 69 81 82 83 84 
3600 73 79 81 82 83 85 
3600 74 80 81 82 83 84 
3600 75 63 71 82 83 85 
3600 76 51 69 82 83 85 
3600 77 48 50 61 82 85 
3600 78 48 52 61 64 85 
3600 79 8 46 47 48 50 53 58 64 68 73 
3600 80 47 49 51 55 56 57 63 71 74 
3600 81 2 8 46 48 53 54 55 57 58 60 64 65 66 68 70 72 73 74 
3600 82 2 8 46 47 48 49 51 53 54 55 56 57 58 59 60 62 65 66 67 68 69 70 72 73 74 75 76 77 
3600 83 2 8 46 47 49 51 53 54 55 56 57 58 59 60 61 62 63 65 66 67 68 69 70 71 72 73 74 75 76 
3600 84 49 51 53 54 56 57 58 59 65 66 67 68 69 72 74 
3600 85 2 8 46 47 52 54 55 56 59 60 61 62 64 65 66 67 70 71 73 75 76 77 78 
3600 86 118 120 121 122 123 
3600 87 117 118 120 122 123 
3600 88 118 120 121 122 123 
3600 89 118 120 121 122 123 
3600 90 117 118 120 122 123 
3600 91 116 117 118 120 123 
3600 92 107 120 121 122 123 
3600 93 116 117 118 120 123 
3600 94 117 118 120 122 123 
3600 95 117 118 120 122 123 
3600 96 118 119 120 122 123 
3600 97 118 119 120 122 123 
3600 98 107 115 117 118 121 
3600 99 117 118 120 122 123 
3600 100 118 119 120 122 123 
3600 101 117 118 120 122 123 
3600 102 107 120 121 122 123 
3600 103 116 117 118 120 123 
3600 104 117 118 120 122 123 
3600 105 116 117 118 120 123 
3600 106 116 117 118 120 123 
3600 107 92 98 102 115 121 
3600 108 118 119 120 122 123 
3600 109 117 119 120 122 123 
3600 110 118 120 121 122 123 
3600 111 118 120 121 122 123 
3600 112 118 119 120 122 123 
3600 113 114 116 119 120 122 
3600 114 113 119 120 122 123 
3600 115 98 107 118 121 123 
3600 116 91 93 103 105 106 113 
3600 117 9 10 87 90 91 93 94 95 98 99 101 103 104 105 106 109 
3600 118 3 9 10 27 86 87 88 89 90 91 93 94 95 96 97 98 99 100 101 103 104 105 106 108 110 111 112 115 
3600 119 96 97 100 108 109 112 113 114 
3600 120 3 9 10 86 87 88 89 90 91 92 93 94 95 96 97 99 100 101 102 103 104 105 106 108 109 110 111 112 113 114 
3600 121 86 88 89 92 98 102 107 110 111 115 
3600 122 3 9 10 86 87 88 89 90 92 94 95 96 97 99 100 101 102 104 108 109 110 111 112 113 114 
3600 123 3 9 10 86 87 88 89 90 91 92 93 94 95 96 97 99 100 101 102 103 104 105 106 108 109 110 111 112 114 115 
3600 124 4 11 12 128 129 130 132 133 135 136 137 138 142 143 144 145 146 147 148 149 152 153 154 157 158 159 161 162 163 164 165 166 167 
3600 125 4 11 12 13 128 129 130 131 132 133 134 135 136 137 138 142 143 144 145 146 147 148 149 153 154 155 158 159 161 162 163 164 165 166 169 
3600 126 4 11 12 13 128 129 130 132 133 135 136 137 138 142 143 144 145 146 147 148 149 150 152 153 154 156 157 158 159 160 161 162 163 164 165 166 168 
3600 127 133 136 150 167 168 169 
3600 128 124 125 126 139 151 
3600 129 124 125 126 140 141 
3600 130 124 125 126 140 141 
3600 131 125 134 155 168 171 
3600 132 124 125 126 140 141 
3600 133 124 125 126 127 140 
3600 134 125 131 155 168 171 
3600 135 124 125 126 140 171 
3600 136 124 125 126 127 141 
3600 137 12 124 125 126 141 
3600 138 124 125 126 140 171 
3600 139 128 151 152 160 172 
3600 140 11 129 130 132 133 135 138 142 143 145 146 147 148 149 153 154 156 157 158 159 161 162 163 164 165 166 
3600 141 11 12 129 130 132 136 137 142 143 
3600 142 124 125 126 140 141 
3600 143 124 125 126 140 141 
3600 144 13 124 125 126 171 
3600 145 124 125 126 140 172 
3600 146 124 125 126 140 171 
3600 147 124 125 126 140 171 
3600 148 124 125 126 140 170 
3600 149 124 125 126 140 171 
3600 150 13 126 127 169 171 
3600 151 128 139 152 172 
3600 152 124 126 139 151 170 
3600 153 124 125 126 140 171 
3600 154 124 125 126 140 171 
3600 155 125 131 134 164 171 
3600 156 126 140 169 171 172 
3600 157 124 126 140 171 172 
3600 158 124 125 126 140 170 
3600 159 124 125 126 140 171 
3600 160 13 126 139 171 172 
3600 161 124 125 126 140 171 
3600 162 124 125 126 140 172 
3600 163 124 125 126 140 170 
3600 164 124 125 126 140 155 
3600 165 124 125 126 140 170 
3600 166 124 125 126 140 171 
3600 167 124 127 168 169 171 
3600 168 126 127 131 134 167 
3600 169 125 127 150 156 167 
3600 170 148 152 158 163 165 
3600 171 4 131 134 135 138 144 146 147 149 150 153 154 155 156 157 159 160 161 166 167 
3600 172 139 145 151 156 157 160 162 
3600 173 208 210 212 213 214 
3600 174 208 209 210 212 213 
3600 175 208 210 211 212 214 
3600 176 180 184 187 193 201 
3600 177 185 186 189 191 199 
3600 178 183 185 188 190 191 
3600 179 208 210 212 213 214 
3600 180 176 184 187 193 201 
3600 181 208 210 212 213 214 
3600 182 210 211 212 213 214 
3600 183 178 205 210 213 214 
3600 184 176 180 187 193 213 
3600 185 177 178 210 212 214 
3600 186 177 210 211 212 214 
3600 187 176 180 184 193 213 
3600 188 178 210 212 213 214 
3600 189 177 191 199 204 214 
3600 190 178 191 202 204 205 
3600 191 177 178 189 190 214 
3600 192 209 210 211 212 213 
3600 193 176 180 184 187 213 
3600 194 208 209 212 213 214 
3600 195 202 204 205 210 214 
3600 196 208 211 212 213 214 
3600 197 199 206 208 209 211 
3600 198 206 207 208 210 211 
3600 199 177 189 197 203 214 
3600 200 209 210 211 212 214 
3600 201 176 180 202 213 214 
3600 202 190 195 201 210 213 
3600 203 199 210 211 212 214 
3600 204 189 190 195 213 214 
3600 205 183 190 195 213 214 
3600 206 197 198 207 210 211 
3600 207 198 206 210 211 212 
3600 208 173 174 175 179 181 194 196 197 198 
3600 209 174 192 194 197 200 
3600 210 14 173 174 175 179 181 182 183 185 186 188 192 195 198 200 202 203 206 207 
3600 211 5 14 175 182 186 192 196 197 198 200 203 206 207 
3600 212 5 14 173 174 175 179 181 182 185 186 188 192 194 196 200 203 207 
3600 213 5 14 173 174 179 181 182 183 184 187 188 192 193 194 196 201 202 204 205 
3600 214 5 14 173 175 179 181 182 183 185 186 188 189 191 194 195 196 199 200 201 203 204 205 
3600 215 0 1 3 
3600 216 0 5 
3600 217 0 2 4 
3600 218 0 1 2 
3600 219 0 3 4 
3600 220 0 5 
3600 221 0 3 4 5 
3600 222 0 1 2 
3600 223 0 2 
3600 224 0 1 4 
3600 225 0 3 5 
3600 226 0 5 
3600 227 0 1 
3600 228 0 4 
3600 229 0 2 
3600 230 0 2 4 
3600 231 0 1 3 5 
3600 232 0 3 
3600 233 0 1 2 4 
3600 234 0 1 5 
3600 235 0 2 3 4 
3600 236 0 2 3 5 
3600 237 0 4 
3600 238 0 1 
3600 239 0 3 
3600 240 0 1 2 
3600 241 0 4 5 
3600 242 0 1 3 4 
3600 243 0 2 5 
3600 244 0 5 
5400 0 1 2 3 4 5 215 216 217 218 219 220 221 222 223 224 225 226 227 228 229 230 231 232 233 234 235 236 237 238 239 240 241 242 243 244 
5400 1 0 42 43 44 45 215 218 222 224 227 231 233 234 238 240 242 
5400 2 0 80 81 83 85 217 218 222 223 229 230 233 235 236 240 243 
5400 3 0 118 120 122 123 215 219 221 225 231 232 235 236 239 242 
5400 4 0 124 125 126 149 217 219 221 224 228 230 233 235 237 241 242 
5400 5 0 211 212 213 214 216 220 221 225 226 231 234 236 241 243 244 
5400 6 41 42 43 44 45 
5400 7 41 42 43 44 45 
5400 8 79 80 81 83 85 
5400 9 117 118 120 122 123 
5400 10 117 118 120 122 123 
5400 11 124 125 126 140 141 
5400 12 124 125 126 137 141 
5400 13 124 125 126 144 149 
5400 14 210 211 212 213 214 
5400 15 40 41 43 44 45 
5400 16 41 42 43 44 45 
5400 17 41 42 43 44 45 
5400 18 19 26 27 30 31 
5400 19 18 42 43 44 45 
5400 20 41 42 43 44 45 
5400 21 41 42 43 44 45 
5400 22 41 42 43 44 45 
5400 23 41 42 43 44 45 
5400 24 41 42 43 44 45 
5400 25 41 42 43 44 45 
5400 26 18 42 43 44 45 
5400 27 18 42 43 44 45 
5400 28 41 42 43 44 45 
5400 29 41 42 43 44 45 
5400 30 18 42 43 44 45 
5400 31 18 42 43 44 45 
5400 32 41 42 43 44 45 
5400 33 41 42 43 44 45 
5400 34 41 42 43 44 45 
5400 35 41 42 43 44 45 
5400 36 41 42 43 44 45 
5400 37 41 42 43 44 45 
5400 38 39 40 42 43 44 
5400 39 38 42 43 44 45 
5400 40 15 38 43 44 45 
5400 41 6 7 15 16 17 20 21 22 23 24 25 28 29 32 33 34 35 36 37 
5400 42 1 6 7 16 17 19 20 21 22 23 24 25 26 27 28 29 30 31 32 33 34 35 36 37 38 39 
5400 43 1 6 7 15 16 17 19 20 21 22 23 24 25 26 27 28 29 30 31 32 33 34 35 36 37 38 39 40 
5400 44 1 6 7 15 16 17 19 20 21 22 23 24 25 26 27 28 29 30 31 32 33 34 35 36 37 38 39 40 
5400 45 1 6 7 15 16 17 19 20 21 22 23 24 25 26 27 28 29 30 31 32 33 34 35 36 37 39 40 
5400 46 79 80 81 83 85 
5400 47 77 78 79 80 85 
5400 48 77 78 79 80 81 
5400 49 63 75 80 83 84 
5400 50 52 62 64 77 79 
5400 51 75 80 82 83 84 
5400 52 50 60 62 78 85 
5400 53 79 80 81 83 84 
5400 54 79 80 83 84 85 
5400 55 79 80 81 83 85 
5400 56 76 78 80 83 85 
5400 57 78 80 82 83 84 
5400 58 80 81 82 83 84 
5400 59 81 82 83 84 85 
5400 60 52 78 79 80 85 
5400 61 62 76 77 78 85 
5400 62 50 52 61 83 85 
5400 63 49 67 75 80 83 
5400 64 50 78 79 81 85 
5400 65 76 78 80 83 85 
5400 66 72 76 82 83 84 
5400 67 63 80 83 84 85 
5400 68 80 81 82 83 84 
5400 69 80 81 82 83 84 
5400 70 71 80 81 83 85 
5400 71 70 75 76 80 85 
5400 72 66 80 81 83 84 
5400 73 78 79 80 81 85 
5400 74 79 80 81 83 84 
5400 75 49 51 63 71 85 
5400 76 56 61 65 66 71 
5400 77 47 48 50 61 85 
5400 78 47 48 52 56 57 60 61 64 65 73 
5400 79 8 46 47 48 50 53 54 55 60 64 73 74 
5400 80 2 8 46 47 48 49 51 53 54 55 56 57 58 60 63 65 67 68 69 70 71 72 73 74 
5400 81 2 8 46 48 53 55 58 59 64 68 69 70 72 73 74 
5400 82 51 57 58 59 66 68 69 
5400 83 2 8 46 49 51 53 54 55 56 57 58 59 62 63 65 66 67 68 69 70 72 74 
5400 84 49 51 53 54 57 58 59 66 67 68 69 72 74 
5400 85 2 8 46 47 52 54 55 56 59 60 61 62 64 65 67 70 71 73 75 77 
5400 86 118 120 121 122 123 
5400 87 117 118 120 122 123 
5400 88 118 120 121 122 123 
5400 89 118 120 121 122 123 
5400 90 117 118 120 122 123 
5400 91 118 119 120 122 123 
5400 92 117 120 121 122 123 
5400 93 116 117 118 120 123 
5400 94 118 120 121 122 123 
5400 95 119 120 121 122 123 
5400 96 118 119 120 122 123 
5400 97 118 119 120 122 123 
5400 98 111 112 115 117 121 
5400 99 117 118 120 122 123 
5400 100 107 120 121 122 123 
5400 101 117 118 120 122 123 
5400 102 107 118 121 122 123 
5400 103 116 117 118 120 123 
5400 104 117 118 120 122 123 
5400 105 116 117 118 120 123 
5400 106 116 117 118 120 123 
5400 107 100 102 108 115 121 
5400 108 107 120 121 122 123 
5400 109 117 118 120 122 123 
5400 110 118 120 121 122 123 
5400 111 98 120 121 122 123 
5400 112 98 118 120 122 123 
5400 113 116 119 120 122 123 
5400 114 119 120 121 122 123 
5400 115 98 107 118 121 123 
5400 116 93 103 105 106 113 
5400 117 9 10 87 90 92 93 98 99 101 103 104 105 106 109 
5400 118 3 9 10 86 87 88 89 90 91 93 94 96 97 99 101 102 103 104 105 106 109 110 112 115 
5400 119 91 95 96 97 113 114 
5400 120 3 9 10 86 87 88 89 90 91 92 93 94 95 96 97 99 100 101 103 104 105 106 108 109 110 111 112 113 114 
5400 121 86 88 89 92 94 95 98 100 102 107 108 110 111 114 115 
5400 122 3 9 10 86 87 88 89 90 91 92 94 95 96 97 99 100 101 102 104 108 109 110 111 112 113 114 
5400 123 3 9 10 86 87 88 89 90 91 92 93 94 95 96 97 99 100 101 102 103 104 105 106 108 109 110 111 112 113 114 115 
5400 124 4 11 12 13 128 129 130 131 132 133 135 136 137 138 139 143 144 145 146 147 148 150 152 153 154 155 156 157 158 159 161 162 163 164 165 166 168 171 
5400 125 4 11 12 13 128 129 130 132 133 134 135 136 137 138 139 143 144 145 146 147 148 150 153 154 156 158 159 161 162 163 164 165 166 168 171 
5400 126 4 11 12 13 128 129 130 132 133 134 135 136 137 138 139 143 144 145 146 147 148 150 152 153 154 156 157 158 159 161 162 163 164 165 166 168 171 
5400 127 133 136 142 167 171 
5400 128 124 125 126 151 153 
5400 129 124 125 126 140 141 
5400 130 124 125 126 140 141 
5400 131 124 134 142 149 155 
5400 132 124 125 126 140 141 
5400 133 124 125 126 127 140 
5400 134 125 126 131 142 155 
5400 135 124 125 126 140 160 
5400 136 124 125 126 127 141 
5400 137 12 124 125 126 141 
5400 138 124 125 126 140 149 
5400 139 124 125 126 160 164 
5400 140 11 129 130 132 133 135 138 143 145 146 147 148 150 154 156 157 158 159 161 162 163 164 165 166 
5400 141 11 12 129 130 132 136 137 143 
5400 142 127 131 134 149 155 
5400 143 124 125 126 140 141 
5400 144 13 124 125 126 149 
5400 145 124 125 126 140 172 
5400 146 124 125 126 140 168 
5400 147 124 125 126 140 171 
5400 148 124 125 126 140 170 
5400 149 4 13 131 138 142 144 155 159 160 
5400 150 124 125 126 140 169 
5400 151 128 152 172 
5400 152 124 126 151 170 172 
5400 153 124 125 126 128 167 
5400 154 124 125 126 140 169 
5400 155 124 131 134 142 149 
5400 156 124 125 126 140 172 
5400 157 124 126 140 167 172 
5400 158 124 125 126 140 170 
5400 159 124 125 126 140 149 
5400 160 135 139 149 167 169 
5400 161 124 125 126 140 168 
5400 162 124 125 126 140 172 
5400 163 124 125 126 140 170 
5400 164 124 125 126 139 140 
5400 165 124 125 126 140 170 
5400 166 124 125 126 140 169 
5400 167 127 153 157 160 169 
5400 168 124 125 126 146 161 
5400 169 150 154 160 166 167 
5400 170 148 152 158 163 165 
5400 171 124 125 126 127 147 
5400 172 145 151 152 156 157 162 
5400 173 208 210 212 213 214 
5400 174 208 209 210 212 213 
5400 175 208 210 211 212 214 
5400 176 180 184 187 193 210 
5400 177 199 205 208 211 214 
5400 178 183 185 188 189 191 
5400 179 208 210 212 213 214 
5400 180 176 184 187 193 210 
5400 181 208 210 212 213 214 
5400 182 210 211 212 213 214 
5400 183 178 204 205 213 214 
5400 184 176 180 187 193 213 
5400 185 178 208 210 212 214 
5400 186 208 210 211 212 214 
5400 187 176 180 184 193 213 
5400 188 178 210 212 213 214 
5400 189 178 199 200 203 214 
5400 190 191 195 202 213 
5400 191 178 190 202 213 214 
5400 192 208 209 210 211 212 
5400 193 176 180 184 187 213 
5400 194 202 210 212 213 214 
5400 195 190 202 205 213 214 
5400 196 210 211 212 213 214 
5400 197 207 208 210 211 214 
5400 198 205 206 207 208 211 
5400 199 177 189 214 
5400 200 189 210 211 212 214 
5400 201 206 209 211 212 214 
5400 202 190 191 194 195 213 
5400 203 189 210 211 212 214 
5400 204 183 210 212 213 214 
5400 205 177 183 195 198 206 
5400 206 198 201 205 207 211 
5400 207 197 198 206 211 212 
5400 208 173 174 175 177 179 181 185 186 192 197 198 
5400 209 174 192 201 211 212 
5400 210 14 173 174 175 176 179 180 181 182 185 186 188 192 194 196 197 200 203 204 
5400 211 5 14 175 177 182 186 192 196 197 198 200 201 203 206 207 209 
5400 212 5 14 173 174 175 179 181 182 185 186 188 192 194 196 200 201 203 204 207 209 
5400 213 5 14 173 174 179 181 182 183 184 187 188 190 191 193 194 195 196 202 204 
5400 214 5 14 173 175 177 179 181 182 183 185 186 188 189 191 194 195 196 197 199 200 201 203 204 
5400 215 0 1 3 
5400 216 0 5 
5400 217 0 2 4 
5400 218 0 1 2 
5400 219 0 3 4 
5400 220 0 5 
5400 221 0 3 4 5 
5400 222 0 1 2 
5400 223 0 2 
5400 224 0 1 4 
5400 225 0 3 5 
5400 226 0 5 
5400 227 0 1 
5400 228 0 4 
5400 229 0 2 
5400 230 0 2 4 
5400 231 0 1 3 5 
5400 232 0 3 
5400 233 0 1 2 4 
5400 234 0 1 5 
5400 235 0 2 3 4 
5400 236 0 2 3 5 
5400 237 0 4 
5400 238 0 1 
5400 239 0 3 
5400 240 0 1 2 
5400 241 0 4 5 
5400 242 0 1 3 4 
5400 243 0 2 5 
5400 244 0 5 
7200 0 1 2 3 4 5 215 216 217 218 219 220 221 222 223 224 225 226 227 228 229 230 231 232 233 234 235 236 237 238 239 240 241 242 243 244 
7200 1 0 42 43 44 45 215 218 222 224 227 231 233 234 238 240 242 
7200 2 0 79 81 82 83 217 218 222 223 229 230 233 235 236 240 243 
7200 3 0 118 120 122 123 215 219 221 225 231 232 235 236 239 242 
7200 4 0 124 125 126 171 217 219 221 224 228 230 233 235 237 241 242 
7200 5 0 211 212 213 214 216 220 221 225 226 231 234 236 241 243 244 
7200 6 41 42 43 44 45 
7200 7 41 42 43 44 45 
7200 8 78 79 81 82 83 
7200 9 117 118 120 122 123 
7200 10 117 118 120 122 123 
7200 11 124 125 126 140 141 
7200 12 124 125 126 137 141 
7200 13 124 125 126 140 172 
7200 14 210 211 212 213 214 
7200 15 41 42 43 44 45 
7200 16 42 43 44 45 98 
7200 17 41 42 43 44 45 
7200 18 19 26 27 30 31 
7200 19 18 42 43 44 45 
7200 20 41 42 43 44 45 
7200 21 41 42 43 44 45 
7200 22 41 42 43 44 45 
7200 23 41 42 43 44 45 
7200 24 41 42 43 44 45 
7200 25 41 42 43 44 45 
7200 26 18 43 44 45 98 
7200 27 18 42 43 44 45 
7200 28 42 43 44 45 98 
7200 29 41 42 43 44 45 
7200 30 18 42 43 44 45 
7200 31 18 42 43 44 45 
7200 32 42 43 44 45 98 
7200 33 41 42 43 44 45 
7200 34 41 42 43 44 45 
7200 35 41 42 43 44 45 
7200 36 41 42 43 44 45 
7200 37 41 42 43 44 45 
7200 38 39 40 42 43 44 
7200 39 38 42 43 44 45 
7200 40 38 43 44 45 98 
7200 41 6 7 15 17 20 21 22 23 24 25 29 33 34 35 36 37 
7200 42 1 6 7 15 16 17 19 20 21 22 23 24 25 27 28 29 30 31 32 33 34 35 36 37 38 39 
7200 43 1 6 7 15 16 17 19 20 21 22 23 24 25 26 27 28 29 30 31 32 33 34 35 36 37 38 39 40 
7200 44 1 6 7 15 16 17 19 20 21 22 23 24 25 26 27 28 29 30 31 32 33 34 35 36 37 38 39 40 
7200 45 1 6 7 15 16 17 19 20 21 22 23 24 25 26 27 28 29 30 31 32 33 34 35 36 37 39 40 
7200 46 78 79 81 82 83 
7200 47 76 77 78 79 80 
7200 48 78 79 80 81 82 
7200 49 80 81 82 83 84 
7200 50 52 64 77 79 85 
7200 51 75 76 80 83 84 
7200 52 50 60 62 78 85 
7200 53 79 81 82 83 84 
7200 54 79 80 81 83 84 
7200 55 79 80 81 82 83 
7200 56 75 76 78 80 83 
7200 57 76 78 80 83 84 
7200 58 79 81 82 83 84 
7200 59 78 79 81 83 84 
7200 60 52 78 79 81 82 
7200 61 62 75 76 77 78 
7200 62 52 61 81 82 83 
7200 63 65 67 75 80 83 
7200 64 50 78 79 81 85 
7200 65 63 71 78 80 83 
7200 66 72 76 82 83 84 
7200 67 63 71 81 83 84 
7200 68 79 81 82 83 84 
7200 69 76 81 82 83 84 
7200 70 71 80 81 82 83 
7200 71 65 67 70 75 80 
7200 72 66 81 82 83 84 
7200 73 77 78 79 81 82 
7200 74 80 81 82 83 84 
7200 75 51 56 61 63 71 
7200 76 47 51 56 57 61 66 69 
7200 77 47 50 61 73 82 
7200 78 8 46 47 48 52 56 57 59 60 61 64 65 73 
7200 79 2 8 46 47 48 50 53 54 55 58 59 60 64 68 73 
7200 80 47 48 49 51 54 55 56 57 63 65 70 71 74 
7200 81 2 8 46 48 49 53 54 55 58 59 60 62 64 67 68 69 70 72 73 74 
7200 82 2 8 46 48 49 53 55 58 60 62 66 68 69 70 72 73 74 77 
7200 83 2 8 46 49 51 53 54 55 56 57 58 59 62 63 65 66 67 68 69 70 72 74 
7200 84 49 51 53 54 57 58 59 66 67 68 69 72 74 
7200 85 50 52 64 
7200 86 118 120 121 122 123 
7200 87 117 118 120 122 123 
7200 88 118 120 121 122 123 
7200 89 118 120 121 122 123 
7200 90 117 118 120 122 123 
7200 91 116 117 118 120 123 
7200 92 118 120 121 122 123 
7200 93 118 120 121 122 123 
7200 94 117 118 120 122 123 
7200 95 118 119 120 122 123 
7200 96 118 119 120 122 123 
7200 97 118 119 120 122 123 
7200 98 16 26 28 32 40 107 
7200 99 117 118 120 122 123 
7200 100 118 119 120 122 123 
7200 101 117 118 120 122 123 
7200 102 107 118 121 122 123 
7200 103 116 117 118 120 123 
7200 104 117 118 120 122 123 
7200 105 116 117 118 120 123 
7200 106 118 119 120 122 123 
7200 107 98 102 115 121 123 
7200 108 118 119 120 122 123 
7200 109 117 118 120 122 123 
7200 110 118 120 121 122 123 
7200 111 118 120 121 122 123 
7200 112 118 119 120 122 123 
7200 113 116 117 119 120 122 
7200 114 117 118 119 122 123 
7200 115 107 117 118 121 123 
7200 116 91 103 105 113 123 
7200 117 9 10 87 90 91 94 99 101 103 104 105 109 113 114 115 
7200 118 3 9 10 86 87 88 89 90 91 92 93 94 95 96 97 99 100 101 102 103 104 105 106 108 109 110 111 112 114 115 
7200 119 95 96 97 100 106 108 112 113 114 
7200 120 3 9 10 86 87 88 89 90 91 92 93 94 95 96 97 99 100 101 103 104 105 106 108 109 110 111 112 113 
7200 121 86 88 89 92 93 102 107 110 111 115 
7200 122 3 9 10 86 87 88 89 90 92 93 94 95 96 97 99 100 101 102 104 106 108 109 110 111 112 113 114 
7200 123 3 9 10 86 87 88 89 90 91 92 93 94 95 96 97 99 100 101 102 103 104 105 106 107 108 109 110 111 112 114 115 116 
7200 124 4 11 12 13 128 129 130 131 132 133 134 135 136 137 138 139 142 143 144 145 146 147 148 149 150 152 153 154 156 157 158 159 161 162 163 164 165 166 168 169 
7200 125 4 11 12 13 128 129 130 132 133 134 135 136 137 138 139 142 143 144 145 146 147 148 149 150 152 153 154 156 158 159 161 162 163 164 165 166 168 169 170 
7200 126 4 11 12 13 128 129 130 132 133 134 135 136 137 138 139 142 143 144 145 146 147 148 149 150 152 153 154 156 157 158 159 161 162 163 164 165 166 168 171 172 
7200 127 133 136 167 169 171 
7200 128 124 125 126 151 153 
7200 129 124 125 126 141 155 
7200 130 124 125 126 141 170 
7200 131 124 155 161 164 168 
7200 132 124 125 126 140 141 
7200 133 124 125 126 127 141 
7200 134 124 125 126 140 141 
7200 135 124 125 126 141 160 
7200 136 124 125 126 127 141 
7200 137 12 124 125 126 141 
7200 138 124 125 126 140 141 
7200 139 124 125 126 141 160 
7200 140 11 13 132 134 138 142 143 144 145 147 148 149 150 154 156 157 162 166 
7200 141 11 12 129 130 132 133 134 135 136 137 138 139 142 143 144 145 146 147 149 150 152 153 154 156 157 158 159 160 162 163 165 166 168 169 
7200 142 124 125 126 140 141 
7200 143 124 125 126 140 141 
7200 144 124 125 126 140 141 
7200 145 124 125 126 140 141 
7200 146 124 125 126 141 155 
7200 147 124 125 126 140 141 
7200 148 124 125 126 140 170 
7200 149 124 125 126 140 141 
7200 150 124 125 126 140 141 
7200 151 128 152 172 
7200 152 124 125 126 141 151 
7200 153 124 125 126 128 141 
7200 154 124 125 126 140 141 
7200 155 129 131 146 161 164 
7200 156 124 125 126 140 141 
7200 157 124 126 140 141 172 
7200 158 124 125 126 141 167 
7200 159 124 125 126 141 172 
7200 160 135 139 141 167 171 
7200 161 124 125 126 131 155 
7200 162 124 125 126 140 141 
7200 163 124 125 126 141 170 
7200 164 124 125 126 131 155 
7200 165 124 125 126 141 170 
7200 166 124 125 126 140 141 
7200 167 127 158 160 169 171 
7200 168 124 125 126 131 141 
7200 169 124 125 127 141 167 
7200 170 125 130 148 163 165 
7200 171 4 126 127 160 167 
7200 172 13 126 151 157 159 
7200 173 208 210 212 213 214 
7200 174 209 210 211 212 213 
7200 175 208 210 211 212 214 
7200 176 190 201 205 210 213 
7200 177 199 207 208 211 214 
7200 178 181 185 188 190 191 
7200 179 208 210 212 213 214 
7200 180 181 184 187 193 202 
7200 181 178 180 212 213 214 
7200 182 210 211 212 213 214 
7200 183 199 207 208 210 213 
7200 184 180 187 193 202 213 
7200 185 178 208 210 212 214 
7200 186 207 208 211 212 214 
7200 187 180 184 193 202 213 
7200 188 178 210 212 213 214 
7200 189 199 203 207 208 214 
7200 190 176 178 202 
7200 191 178 211 212 213 214 
7200 192 206 209 211 212 214 
7200 193 180 184 187 202 213 
7200 194 208 210 212 213 214 
7200 195 204 205 210 213 214 
7200 196 210 211 212 213 214 
7200 197 207 208 210 211 214 
7200 198 206 207 208 211 214 
7200 199 177 183 189 208 214 
7200 200 208 210 211 212 214 
7200 201 176 210 211 212 214 
7200 202 180 184 187 190 193 
7200 203 189 210 211 212 214 
7200 204 195 206 212 213 214 
7200 205 176 195 212 213 214 
7200 206 192 198 204 207 211 
7200 207 177 183 186 189 197 198 206 
7200 208 173 175 177 179 183 185 186 189 194 197 198 199 200 
7200 209 174 192 212 
7200 210 14 173 174 175 176 179 182 183 185 188 194 195 196 197 200 201 203 
7200 211 5 14 174 175 177 182 186 191 192 196 197 198 200 201 203 206 
7200 212 5 14 173 174 175 179 181 182 185 186 188 191 192 194 196 200 201 203 204 205 209 
7200 213 5 14 173 174 176 179 181 182 183 184 187 188 191 193 194 195 196 204 205 
7200 214 5 14 173 175 177 179 181 182 185 186 188 189 191 192 194 195 196 197 198 199 200 201 203 204 205 
7200 215 0 1 3 
7200 216 0 5 
7200 217 0 2 4 
7200 218 0 1 2 
7200 219 0 3 4 
7200 220 0 5 
7200 221 0 3 4 5 
7200 222 0 1 2 
7200 223 0 2 
7200 224 0 1 4 
7200 225 0 3 5 
7200 226 0 5 
7200 227 0 1 
7200 228 0 4 
7200 229 0 2 
7200 230 0 2 4 
7200 231 0 1 3 5 
7200 232 0 3 
7200 233 0 1 2 4 
7200 234 0 1 5 
7200 235 0 2 3 4 
7200 236 0 2 3 5 
7200 237 0 4 
7200 238 0 1 
7200 239 0 3 
7200 240 0 1 2 
7200 241 0 4 5 
7200 242 0 1 3 4 
7200 243 0 2 5 
7200 244 0 5 
9000 0 1 2 3 4 5 215 216 217 218 219 220 221 222 223 224 225 226 227 228 229 230 231 232 233 234 235 236 237 238 239 240 241 242 243 244 
9000 1 0 42 43 44 45 215 218 222 224 227 231 233 234 238 240 242 
9000 2 0 80 81 83 85 217 218 222 223 229 230 233 235 236 240 243 
9000 3 0 120 121 122 123 215 219 221 225 231 232 235 236 239 242 
9000 4 0 124 125 126 171 217 219 221 224 228 230 233 235 237 241 242 
9000 5 0 211 212 213 214 216 220 221 225 226 231 234 236 241 243 244 
9000 6 41 42 43 44 45 
9000 7 41 42 43 44 45 
9000 8 79 80 81 83 85 
9000 9 118 120 121 122 123 
9000 10 118 120 121 122 123 
9000 11 124 125 126 140 141 
9000 12 124 125 126 137 141 
9000 13 125 126 147 156 167 
9000 14 210 211 212 213 214 
9000 15 41 42 43 44 45 
9000 16 42 43 44 45 115 
9000 17 41 42 43 44 45 
9000 18 19 26 27 30 31 
9000 19 18 42 43 44 45 
9000 20 41 42 43 44 45 
9000 21 41 42 43 44 45 
9000 22 41 42 43 44 45 
9000 23 41 42 43 44 45 
9000 24 41 42 43 44 45 
9000 25 41 42 43 44 45 
9000 26 18 43 44 45 115 
9000 27 18 42 43 44 45 
9000 28 41 42 43 44 45 
9000 29 41 42 43 44 45 
9000 30 18 42 43 44 45 
9000 31 18 42 43 44 45 
9000 32 42 43 44 45 115 
9000 33 41 42 43 44 45 
9000 34 41 42 43 44 45 
9000 35 41 42 43 44 45 
9000 36 41 42 43 44 45 
9000 37 41 42 43 44 45 
9000 38 39 40 42 43 44 
9000 39 38 42 43 44 45 
9000 40 38 42 43 44 45 
9000 41 6 7 15 17 20 21 22 23 24 25 28 29 33 34 35 36 37 
9000 42 1 6 7 15 16 17 19 20 21 22 23 24 25 27 28 29 30 31 32 33 34 35 36 37 38 39 40 
9000 43 1 6 7 15 16 17 19 20 21 22 23 24 25 26 27 28 29 30 31 32 33 34 35 36 37 38 39 40 
9000 44 1 6 7 15 16 17 19 20 21 22 23 24 25 26 27 28 29 30 31 32 33 34 35 36 37 38 39 40 
9000 45 1 6 7 15 16 17 19 20 21 22 23 24 25 26 27 28 29 30 31 32 33 34 35 36 37 39 40 
9000 46 79 80 81 83 85 
9000 47 78 79 80 83 85 
9000 48 77 78 79 80 81 
9000 49 63 75 80 83 84 
9000 50 64 74 77 79 81 
9000 51 75 76 80 83 84 
9000 52 53 55 60 62 85 
9000 53 52 80 81 83 84 
9000 54 80 81 83 84 85 
9000 55 52 81 83 84 85 
9000 56 80 82 83 84 85 
9000 57 76 78 80 83 84 
9000 58 79 81 82 83 84 
9000 59 80 81 83 84 85 
9000 60 52 79 80 81 85 
9000 61 62 77 78 80 85 
9000 62 52 61 79 81 85 
9000 63 49 67 75 80 83 
9000 64 50 78 80 81 85 
9000 65 78 80 83 84 85 
9000 66 76 81 82 83 84 
9000 67 63 71 83 84 85 
9000 68 79 81 82 83 84 
9000 69 76 81 82 83 84 
9000 70 71 80 81 83 85 
9000 71 67 70 75 80 85 
9000 72 79 80 81 83 84 
9000 73 78 79 80 81 85 
9000 74 50 80 81 83 84 
9000 75 49 51 63 71 85 
9000 76 51 57 66 69 85 
9000 77 48 50 61 81 85 
9000 78 47 48 57 61 64 65 73 
9000 79 8 46 47 48 50 58 60 62 68 72 73 
9000 80 2 8 46 47 48 49 51 53 54 56 57 59 60 61 63 64 65 70 71 72 73 74 
9000 81 2 8 46 48 50 53 54 55 58 59 60 62 64 66 68 69 70 72 73 74 77 
9000 82 56 58 66 68 69 
9000 83 2 8 46 47 49 51 53 54 55 56 57 58 59 63 65 66 67 68 69 70 72 74 
9000 84 49 51 53 54 55 56 57 58 59 65 66 67 68 69 72 74 
9000 85 2 8 46 47 52 54 55 56 59 60 61 62 64 65 67 70 71 73 75 76 77 
9000 86 118 120 121 122 123 
9000 87 118 120 121 122 123 
9000 88 118 120 121 122 123 
9000 89 118 120 121 122 123 
9000 90 119 120 121 122 123 
9000 91 117 118 120 121 123 
9000 92 118 120 121 122 123 
9000 93 117 118 120 121 123 
9000 94 118 120 121 122 123 
9000 95 119 120 121 122 123 
9000 96 119 120 121 122 123 
9000 97 118 119 120 122 123 
9000 98 111 112 115 117 121 
9000 99 118 120 121 122 123 
9000 100 118 119 120 122 123 
9000 101 118 120 121 122 123 
9000 102 117 118 121 122 123 
9000 103 107 116 118 120 123 
9000 104 118 120 121 122 123 
9000 105 107 118 120 122 123 
9000 106 107 118 120 121 123 
9000 107 103 105 106 115 121 
9000 108 119 120 121 122 123 
9000 109 118 120 121 122 123 
9000 110 119 120 121 122 123 
9000 111 98 120 121 122 123 
9000 112 98 120 121 122 123 
9000 113 116 117 119 120 122 
9000 114 117 118 119 122 123 
9000 115 16 26 32 98 107 
9000 116 103 113 120 121 123 
9000 117 91 93 98 102 113 114 
9000 118 9 10 86 87 88 89 91 92 93 94 97 99 100 101 102 103 104 105 106 109 114 
9000 119 90 95 96 97 100 108 110 113 114 
9000 120 3 9 10 86 87 88 89 90 91 92 93 94 95 96 97 99 100 101 103 104 105 106 108 109 110 111 112 113 116 
9000 121 3 9 10 86 87 88 89 90 91 92 93 94 95 96 98 99 101 102 104 106 107 108 109 110 111 112 116 
9000 122 3 9 10 86 87 88 89 90 92 94 95 96 97 99 100 101 102 104 105 108 109 110 111 112 113 114 
9000 123 3 9 10 86 87 88 89 90 91 92 93 94 95 96 97 99 100 101 102 103 104 105 106 108 109 110 111 112 114 116 
9000 124 4 11 12 128 129 130 132 133 135 136 137 138 139 142 143 144 145 146 147 148 149 150 152 153 154 156 157 158 159 162 163 165 166 167 168 169 
9000 125 4 11 12 13 128 129 130 132 133 134 135 136 137 138 139 142 143 144 145 146 147 148 149 150 152 153 154 156 158 159 161 162 163 164 165 166 167 168 169 
9000 126 4 11 12 13 128 129 130 132 133 135 136 137 138 139 142 143 144 145 146 147 148 149 150 151 152 153 154 156 157 158 159 161 162 163 164 165 166 167 170 
9000 127 128 133 136 143 169 
9000 128 124 125 126 127 141 
9000 129 124 125 126 140 141 
9000 130 124 125 126 140 141 
9000 131 134 155 161 164 168 
9000 132 124 125 126 140 141 
9000 133 124 125 126 127 140 
9000 134 125 131 155 161 164 
9000 135 124 125 126 140 160 
9000 136 124 125 126 127 141 
9000 137 12 124 125 126 141 
9000 138 124 125 126 151 160 
9000 139 124 125 126 140 160 
9000 140 11 129 130 132 133 135 139 142 145 146 148 149 150 152 153 154 156 157 158 159 162 163 165 166 167 168 169 
9000 141 11 12 128 129 130 132 136 137 142 143 
9000 142 124 125 126 140 141 
9000 143 124 125 126 127 141 
9000 144 124 125 126 159 160 
9000 145 124 125 126 140 172 
9000 146 124 125 126 140 155 
9000 147 13 124 125 126 153 
9000 148 124 125 126 140 172 
9000 149 124 125 126 140 171 
9000 150 124 125 126 140 171 
9000 151 126 138 154 162 172 
9000 152 124 125 126 140 172 
9000 153 124 125 126 140 147 
9000 154 124 125 126 140 151 
9000 155 131 134 146 161 164 
9000 156 13 124 125 126 140 
9000 157 124 126 140 171 172 
9000 158 124 125 126 140 170 
9000 159 124 125 126 140 144 
9000 160 135 138 139 144 171 
9000 161 125 126 131 134 155 
9000 162 124 125 126 140 151 
9000 163 124 125 126 140 170 
9000 164 125 126 131 134 155 
9000 165 124 125 126 140 170 
9000 166 124 125 126 140 171 
9000 167 13 124 125 126 140 
9000 168 124 125 131 140 170 
9000 169 124 125 127 140 172 
9000 170 126 158 163 165 168 
9000 171 4 149 150 157 160 166 
9000 172 145 148 151 152 157 169 
9000 173 210 211 212 213 214 
9000 174 209 210 211 212 213 
9000 175 205 207 208 212 213 
9000 176 180 184 187 193 213 
9000 177 186 189 191 197 199 
9000 178 183 185 188 199 214 
9000 179 210 211 212 213 214 
9000 180 176 184 187 193 213 
9000 181 210 211 212 213 214 
9000 182 207 208 210 212 213 
9000 183 178 210 211 213 214 
9000 184 176 180 187 190 193 
9000 185 178 210 211 212 214 
9000 186 177 208 211 212 214 
9000 187 176 180 184 193 213 
9000 188 178 211 212 213 214 
9000 189 177 199 203 211 214 
9000 190 184 193 202 209 213 
9000 191 177 211 212 213 214 
9000 192 206 209 211 212 214 
9000 193 176 180 184 187 190 202 
9000 194 210 211 212 213 214 
9000 195 205 209 210 211 214 
9000 196 205 206 207 208 212 
9000 197 177 208 210 211 214 
9000 198 206 207 208 210 211 
9000 199 177 178 189 211 214 
9000 200 208 210 211 212 214 
9000 201 208 210 211 212 214 
9000 202 190 193 209 210 213 
9000 203 189 210 211 212 214 
9000 204 210 211 212 213 214 
9000 205 175 195 196 212 214 
9000 206 192 196 198 207 210 
9000 207 175 182 196 198 206 
9000 208 175 182 186 196 197 198 200 201 
9000 209 174 190 192 195 202 
9000 210 14 173 174 179 181 182 183 185 194 195 197 198 200 201 202 203 204 206 
9000 211 5 14 173 174 179 181 183 185 186 188 189 191 192 194 195 197 198 199 200 201 203 204 
9000 212 5 14 173 174 175 179 181 182 185 186 188 191 192 194 196 200 201 203 204 205 
9000 213 5 14 173 174 175 176 179 180 181 182 183 187 188 190 191 194 202 204 
9000 214 5 14 173 178 179 181 183 185 186 188 189 191 192 194 195 197 199 200 201 203 204 205 
9000 215 0 1 3 
9000 216 0 5 
9000 217 0 2 4 
9000 218 0 1 2 
9000 219 0 3 4 
9000 220 0 5 
9000 221 0 3 4 5 
9000 222 0 1 2 
9000 223 0 2 
9000 224 0 1 4 
9000 225 0 3 5 
9000 226 0 5 
9000 227 0 1 
9000 228 0 4 
9000 229 0 2 
9000 230 0 2 4 
9000 231 0 1 3 5 
9000 232 0 3 
9000 233 0 1 2 4 
9000 234 0 1 5 
9000 235 0 2 3 4 
9000 236 0 2 3 5 
9000 237 0 4 
9000 238 0 1 
9000 239 0 3 
9000 240 0 1 2 
9000 241 0 4 5 
9000 242 0 1 3 4 
9000 243 0 2 5 
9000 244 0 5 
10800 0 1 2 3 4 5 215 216 217 218 219 220 221 222 223 224 225 226 227 228 229 230 231 232 233 234 235 236 237 238 239 240 241 242 243 244 
10800 1 0 42 43 44 45 215 218 222 224 227 231 233 234 238 240 242 
10800 2 0 79 81 83 85 217 218 222 223 229 230 233 235 236 240 243 
10800 3 0 118 120 122 123 215 219 221 225 231 232 235 236 239 242 
10800 4 0 124 125 126 171 217 219 221 224 228 230 233 235 237 241 242 
10800 5 0 210 211 212 214 216 220 221 225 226 231 234 236 241 243 244 
10800 6 41 42 43 44 45 
10800 7 41 42 43 44 45 
10800 8 78 79 81 83 85 
10800 9 117 118 120 122 123 
10800 10 117 118 120 122 123 
10800 11 124 125 126 140 141 
10800 12 124 125 126 137 141 
10800 13 124 125 126 141 171 
10800 14 208 210 211 212 214 
10800 15 41 42 43 44 45 
10800 16 41 42 43 44 45 
10800 17 41 42 43 44 45 
10800 18 41 42 43 44 45 
10800 19 41 42 43 44 45 
10800 20 41 42 43 44 45 
10800 21 41 42 43 44 45 
10800 22 41 42 43 44 45 
10800 23 41 42 43 44 45 
10800 24 41 42 43 44 45 
10800 25 41 42 43 44 45 
10800 26 41 42 43 44 45 
10800 27 41 42 43 44 45 
10800 28 41 42 43 44 45 
10800 29 41 42 43 44 45 
10800 30 41 42 43 44 45 
10800 31 41 42 43 44 45 
10800 32 41 42 43 44 45 
10800 33 41 42 43 44 45 
10800 34 41 42 43 44 45 
10800 35 41 42 43 44 45 
10800 36 41 42 43 44 45 
10800 37 41 42 43 44 45 
10800 38 39 40 42 43 44 
10800 39 38 42 43 44 45 
10800 40 38 42 43 44 45 
10800 41 6 7 15 16 17 18 19 20 21 22 23 24 25 26 27 28 29 30 31 32 33 34 35 36 37 
10800 42 1 6 7 15 16 17 18 19 20 21 22 23 24 25 26 27 28 29 30 31 32 33 34 35 36 37 38 39 40 
10800 43 1 6 7 15 16 17 18 19 20 21 22 23 24 25 26 27 28 29 30 31 32 33 34 35 36 37 38 39 40 
10800 44 1 6 7 15 16 17 18 19 20 21 22 23 24 25 26 27 28 29 30 31 32 33 34 35 36 37 38 39 40 
10800 45 1 6 7 15 16 17 18 19 20 21 22 23 24 25 26 27 28 29 30 31 32 33 34 35 36 37 39 40 
10800 46 78 79 81 83 85 
10800 47 77 78 79 80 85 
10800 48 55 58 59 62 78 
10800 49 63 75 80 83 84 
10800 50 52 64 77 79 
10800 51 75 76 80 83 84 
10800 52 50 60 62 78 85 
10800 53 78 79 81 83 84 
10800 54 79 81 83 84 85 
10800 55 48 81 83 84 85 
10800 56 76 78 80 83 85 
10800 57 76 78 80 83 84 
10800 58 48 81 82 83 84 
10800 59 48 81 83 84 85 
10800 60 52 78 79 81 85 
10800 61 62 76 77 78 85 
10800 62 48 52 61 83 85 
10800 63 49 72 75 80 83 
10800 64 50 78 79 81 85 
10800 65 76 78 80 83 85 
10800 66 72 76 82 83 84 
10800 67 80 81 83 84 85 
10800 68 79 81 82 83 84 
10800 69 72 76 82 83 84 
10800 70 71 80 81 83 85 
10800 71 70 72 75 80 85 
10800 72 63 66 69 71 84 
10800 73 77 78 79 81 85 
10800 74 79 80 81 83 84 
10800 75 49 51 63 71 85 
10800 76 51 56 57 61 65 66 69 
10800 77 47 50 61 73 85 
10800 78 8 46 47 48 52 53 56 57 60 61 64 65 73 
10800 79 2 8 46 47 50 53 54 60 64 68 73 74 
10800 80 47 49 51 56 57 63 65 67 70 71 74 
10800 81 2 8 46 53 54 55 58 59 60 64 67 68 70 73 74 
10800 82 58 66 68 69 84 
10800 83 2 8 46 49 51 53 54 55 56 57 58 59 62 63 65 66 67 68 69 70 74 
10800 84 49 51 53 54 55 57 58 59 66 67 68 69 72 74 82 
10800 85 2 8 46 47 52 54 55 56 59 60 61 62 64 65 67 70 71 73 75 77 
10800 86 118 120 121 122 123 
10800 87 118 120 121 122 123 
10800 88 118 120 121 122 123 
10800 89 118 120 121 122 123 
10800 90 117 118 120 122 123 
10800 91 117 118 120 122 123 
10800 92 118 120 121 122 123 
10800 93 116 117 118 120 123 
10800 94 117 118 120 122 123 
10800 95 117 118 120 122 123 
10800 96 118 119 120 122 123 
10800 97 118 119 120 122 123 
10800 98 112 115 117 121 123 
10800 99 117 118 120 122 123 
10800 100 118 119 120 122 123 
10800 101 118 119 120 122 123 
10800 102 117 118 121 122 123 
10800 103 117 118 120 122 123 
10800 104 117 118 120 122 123 
10800 105 107 120 121 122 123 
10800 106 117 118 120 122 123 
10800 107 105 115 116 121 123 
10800 108 118 119 120 122 123 
10800 109 117 118 120 122 123 
10800 110 118 120 121 122 123 
10800 111 118 120 121 122 123 
10800 112 98 118 120 122 123 
10800 113 116 118 119 120 122 
10800 114 117 118 119 122 123 
10800 115 98 107 121 122 123 
10800 116 93 107 113 121 123 
10800 117 9 10 90 91 93 94 95 98 99 102 103 104 106 109 114 
10800 118 3 9 10 86 87 88 89 90 91 92 93 94 95 96 97 99 100 101 102 103 104 106 108 109 110 111 112 113 114 
10800 119 96 97 100 101 108 113 114 
10800 120 3 9 10 86 87 88 89 90 91 92 93 94 95 96 97 99 100 101 103 104 105 106 108 109 110 111 112 113 
10800 121 86 87 88 89 92 98 102 105 107 110 111 115 116 
10800 122 3 9 10 86 87 88 89 90 91 92 94 95 96 97 99 100 101 102 103 104 105 106 108 109 110 111 112 113 114 115 
10800 123 3 9 10 86 87 88 89 90 91 92 93 94 95 96 97 98 99 100 101 102 103 104 105 106 107 108 109 110 111 112 114 115 116 
10800 124 4 11 12 13 128 129 130 131 132 133 135 136 137 138 139 142 143 144 145 146 147 148 149 150 152 153 154 156 157 158 159 160 161 162 163 164 165 166 169 
10800 125 4 11 12 13 128 129 130 131 132 133 134 135 136 137 138 139 142 143 144 145 146 147 148 149 150 153 154 156 158 159 160 161 162 163 164 165 166 168 169 
10800 126 4 11 12 13 128 129 130 131 132 133 135 136 137 138 139 142 143 144 145 146 147 148 149 150 152 153 154 156 157 158 159 160 161 162 163 164 165 166 168 171 172 
10800 127 133 135 136 138 143 149 153 154 166 167 168 169 171 
10800 128 124 125 126 151 153 
10800 129 124 125 126 140 141 
10800 130 124 125 126 140 141 
10800 131 124 125 126 134 155 
10800 132 124 125 126 140 141 
10800 133 124 125 126 127 141 
10800 134 125 131 155 164 168 
10800 135 124 125 126 127 141 
10800 136 124 125 126 127 141 
10800 137 12 124 125 126 141 
10800 138 124 125 126 127 155 
10800 139 124 125 126 140 141 
10800 140 11 129 130 132 139 142 143 144 146 147 148 150 152 156 157 158 159 161 162 
10800 141 11 12 13 129 130 132 133 135 136 137 139 142 144 145 147 149 150 152 154 156 157 159 160 162 165 166 167 169 172 
10800 142 124 125 126 140 141 
10800 143 124 125 126 127 140 
10800 144 124 125 126 140 141 
10800 145 124 125 126 141 172 
10800 146 124 125 126 140 168 
10800 147 124 125 126 140 141 
10800 148 124 125 126 140 170 
10800 149 124 125 126 127 141 
10800 150 124 125 126 140 141 
10800 151 128 152 163 170 172 
10800 152 124 126 140 141 151 
10800 153 124 125 126 127 128 
10800 154 124 125 126 127 141 
10800 155 131 134 138 161 164 
10800 156 124 125 126 140 141 
10800 157 124 126 140 141 172 
10800 158 124 125 126 140 170 
10800 159 124 125 126 140 141 
10800 160 124 125 126 141 167 
10800 161 124 125 126 140 155 
10800 162 124 125 126 140 141 
10800 163 124 125 126 151 170 
10800 164 124 125 126 134 155 
10800 165 124 125 126 141 170 
10800 166 124 125 126 127 141 
10800 167 127 141 160 169 171 
10800 168 125 126 127 134 146 
10800 169 124 125 127 141 167 
10800 170 148 151 158 163 165 
10800 171 4 13 126 127 167 
10800 172 126 141 145 151 157 
10800 173 205 208 210 212 214 
10800 174 207 208 209 210 212 
10800 175 208 210 211 212 214 
10800 176 180 184 187 193 196 
10800 177 199 211 212 213 214 
10800 178 185 188 189 191 199 
10800 179 209 210 211 212 214 
10800 180 176 184 187 193 196 
10800 181 208 209 211 212 214 
10800 182 208 210 211 212 214 
10800 183 208 210 212 213 214 
10800 184 176 180 187 190 193 
10800 185 178 199 211 212 214 
10800 186 210 211 212 213 214 
10800 187 176 180 184 190 193 
10800 188 178 210 212 213 214 
10800 189 178 199 200 203 214 
10800 190 184 187 193 202 213 
10800 191 178 210 211 212 214 
10800 192 210 211 212 213 214 
10800 193 176 180 184 187 190 
10800 194 208 210 212 213 214 
10800 195 202 208 210 212 214 
10800 196 176 180 211 212 214 
10800 197 210 211 212 213 214 
10800 198 206 208 210 211 213 
10800 199 177 178 185 189 214 
10800 200 189 211 212 213 214 
10800 201 208 210 211 212 214 
10800 202 190 195 210 212 213 
10800 203 189 211 212 213 214 
10800 204 207 208 210 212 214 
10800 205 173 211 212 213 214 
10800 206 198 207 210 211 213 
10800 207 174 204 206 212 213 
10800 208 14 173 174 175 181 182 183 194 195 198 201 204 209 
10800 209 174 179 181 208 212 
10800 210 5 14 173 174 175 179 182 183 186 188 191 192 194 195 197 198 201 202 204 206 
10800 211 5 14 175 177 179 181 182 185 186 191 192 196 197 198 200 201 203 205 206 
10800 212 5 14 173 174 175 177 179 181 182 183 185 186 188 191 192 194 195 196 197 200 201 202 203 204 205 207 209 
10800 213 177 183 186 188 190 192 194 197 198 200 202 203 205 206 207 
10800 214 5 14 173 175 177 179 181 182 183 185 186 188 189 191 192 194 195 196 197 199 200 201 203 204 205 
10800 215 0 1 3 
10800 216 0 5 
10800 217 0 2 4 
10800 218 0 1 2 
10800 219 0 3 4 
10800 220 0 5 
10800 221 0 3 4 5 
10800 222 0 1 2 
10800 223 0 2 
10800 224 0 1 4 
10800 225 0 3 5 
10800 226 0 5 
10800 227 0 1 
10800 228 0 4 
10800 229 0 2 
10800 230 0 2 4 
10800 231 0 1 3 5 
10800 232 0 3 
10800 233 0 1 2 4 
10800 234 0 1 5 
10800 235 0 2 3 4 
10800 236 0 2 3 5 
10800 237 0 4 
10800 238 0 1 
10800 239 0 3 
10800 240 0 1 2 
10800 241 0 4 5 
10800 242 0 1 3 4 
10800 243 0 2 5 
10800 244 0 5 
12600 0 1 2 3 4 5 215 216 217 218 219 220 221 222 223 224 225 226 227 228 229 230 231 232 233 234 235 236 237 238 239 240 241 242 243 244 
12600 1 0 42 43 44 45 215 218 222 224 227 231 233 234 238 240 242 
12600 2 0 79 81 83 85 217 218 222 223 229 230 233 235 236 240 243 
12600 3 0 119 120 122 123 215 219 221 225 231 232 235 236 239 242 
12600 4 0 124 125 126 129 217 219 221 224 228 230 233 235 237 241 242 
12600 5 0 211 212 213 214 216 220 221 225 226 231 234 236 241 243 244 
12600 6 41 42 43 44 45 
12600 7 41 42 43 44 45 
12600 8 78 79 81 83 85 
12600 9 118 119 120 122 123 
12600 10 118 119 120 122 123 
12600 11 124 125 126 140 141 
12600 12 124 125 126 137 141 
12600 13 124 125 126 144 166 
12600 14 210 211 212 213 214 
12600 15 41 42 43 44 45 
12600 16 41 42 43 44 45 
12600 17 41 42 43 44 45 
12600 18 19 26 27 30 31 
12600 19 18 42 43 44 45 
12600 20 41 42 43 44 45 
12600 21 41 42 43 44 45 
12600 22 41 42 43 44 45 
12600 23 41 42 43 44 45 
12600 24 41 42 43 44 45 
12600 25 41 42 43 44 45 
12600 26 18 42 43 44 45 
12600 27 18 42 43 44 45 
12600 28 41 42 43 44 45 
12600 29 41 42 43 44 45 
12600 30 18 42 43 44 45 
12600 31 18 42 43 44 45 
12600 32 41 42 43 44 45 
12600 33 43 44 45 98 99 
12600 34 41 42 43 44 45 
12600 35 41 42 43 44 45 
12600 36 41 42 43 44 45 
12600 37 41 42 43 44 45 
12600 38 39 40 42 43 44 
12600 39 38 42 43 44 45 
12600 40 38 42 43 44 45 
12600 41 6 7 15 16 17 20 21 22 23 24 25 28 29 32 34 35 36 37 
12600 42 1 6 7 15 16 17 19 20 21 22 23 24 25 26 27 28 29 30 31 32 34 35 36 37 38 39 40 
12600 43 1 6 7 15 16 17 19 20 21 22 23 24 25 26 27 28 29 30 31 32 33 34 35 36 37 38 39 40 
12600 44 1 6 7 15 16 17 19 20 21 22 23 24 25 26 27 28 29 30 31 32 33 34 35 36 37 38 39 40 
12600 45 1 6 7 15 16 17 19 20 21 22 23 24 25 26 27 28 29 30 31 32 33 34 35 36 37 39 40 
12600 46 78 79 81 83 85 
12600 47 77 78 79 80 85 
12600 48 54 55 58 59 62 
12600 49 63 75 80 83 84 
12600 50 52 64 73 77 79 
12600 51 75 76 80 83 84 
12600 52 50 60 62 78 85 
12600 53 80 81 83 84 85 
12600 54 48 81 83 84 85 
12600 55 48 80 81 83 85 
12600 56 76 78 80 83 85 
12600 57 76 78 80 83 84 
12600 58 48 81 82 83 84 
12600 59 48 82 83 84 85 
12600 60 52 79 80 81 85 
12600 61 62 77 78 80 85 
12600 62 48 52 61 83 85 
12600 63 49 67 75 80 83 
12600 64 50 78 79 81 85 
12600 65 76 78 80 83 85 
12600 66 72 76 82 83 84 
12600 67 63 81 83 84 85 
12600 68 79 81 82 83 84 
12600 69 76 81 82 83 84 
12600 70 71 80 81 83 85 
12600 71 70 75 76 80 85 
12600 72 66 79 81 83 84 
12600 73 50 81 83 84 85 
12600 74 79 80 81 83 84 
12600 75 49 51 63 71 85 
12600 76 51 56 57 65 66 69 71 
12600 77 47 50 61 81 85 
12600 78 8 46 47 52 56 57 61 64 65 
12600 79 2 8 46 47 50 60 64 68 72 74 
12600 80 47 49 51 53 55 56 57 60 61 63 65 70 71 74 
12600 81 2 8 46 53 54 55 58 60 64 67 68 69 70 72 73 74 77 
12600 82 58 59 66 68 69 
12600 83 2 8 46 49 51 53 54 55 56 57 58 59 62 63 65 66 67 68 69 70 72 73 74 
12600 84 49 51 53 54 57 58 59 66 67 68 69 72 73 74 
12600 85 2 8 46 47 52 53 54 55 56 59 60 61 62 64 65 67 70 71 73 75 77 
12600 86 118 120 121 122 123 
12600 87 118 119 120 122 123 
12600 88 119 120 121 122 123 
12600 89 119 120 121 122 123 
12600 90 118 119 120 122 123 
12600 91 117 118 119 120 123 
12600 92 118 120 121 122 123 
12600 93 116 117 118 120 123 
12600 94 118 119 120 122 123 
12600 95 118 119 120 122 123 
12600 96 118 119 120 122 123 
12600 97 118 119 120 122 123 
12600 98 33 107 117 120 121 
12600 99 33 118 120 122 123 
12600 100 118 119 120 122 123 
12600 101 118 119 120 122 123 
12600 102 107 120 121 122 123 
12600 103 116 117 118 120 123 
12600 104 118 119 120 122 123 
12600 105 117 118 119 120 123 
12600 106 117 118 119 120 123 
12600 107 98 102 110 115 121 
12600 108 118 119 120 122 123 
12600 109 118 119 120 122 123 
12600 110 107 120 121 122 123 
12600 111 119 120 121 122 123 
12600 112 116 117 118 120 123 
12600 113 117 118 119 120 122 
12600 114 118 119 120 122 123 
12600 115 107 118 120 121 123 
12600 116 93 103 112 122 123 
12600 117 91 93 98 103 105 106 112 113 
12600 118 9 10 86 87 90 91 92 93 94 95 96 97 99 100 101 103 104 105 106 108 109 112 113 114 115 
12600 119 3 9 10 87 88 89 90 91 94 95 96 97 100 101 104 105 106 108 109 111 113 114 
12600 120 3 9 10 86 87 88 89 90 91 92 93 94 95 96 97 98 99 100 101 102 103 104 105 106 108 109 110 111 112 113 114 115 
12600 121 86 88 89 92 98 102 107 110 111 115 
12600 122 3 9 10 86 87 88 89 90 92 94 95 96 97 99 100 101 102 104 108 109 110 111 113 114 116 
12600 123 3 9 10 86 87 88 89 90 91 92 93 94 95 96 97 99 100 101 102 103 104 105 106 108 109 110 111 112 114 115 116 
12600 124 4 11 12 13 128 130 132 133 135 136 137 138 142 143 144 145 146 147 148 149 150 152 153 154 156 157 158 159 161 162 163 164 165 166 169 
12600 125 4 11 12 13 128 130 132 133 134 135 136 137 138 142 143 144 146 147 148 149 150 153 154 156 158 159 161 162 163 164 165 166 168 169 
12600 126 4 11 12 13 128 129 130 132 133 135 136 137 138 139 142 143 144 145 146 147 148 149 150 152 153 154 156 157 158 159 161 162 163 164 165 166 168 
12600 127 129 133 136 139 167 169 
12600 128 124 125 126 141 153 
12600 129 4 126 127 160 167 
12600 130 124 125 126 140 141 
12600 131 134 155 161 164 168 
12600 132 124 125 126 140 141 
12600 133 124 125 126 127 140 
12600 134 125 131 155 168 169 
12600 135 124 125 126 140 141 
12600 136 124 125 126 127 141 
12600 137 12 124 125 126 141 
12600 138 124 125 126 140 144 
12600 139 126 127 149 160 167 
12600 140 11 130 132 133 135 138 142 143 146 147 148 149 150 154 156 157 158 159 162 163 165 166 
12600 141 11 12 128 130 132 135 136 137 142 143 
12600 142 124 125 126 140 141 
12600 143 124 125 126 140 141 
12600 144 13 124 125 126 138 
12600 145 124 126 151 171 172 
12600 146 124 125 126 140 168 
12600 147 124 125 126 140 172 
12600 148 124 125 126 140 170 
12600 149 124 125 126 139 140 
12600 150 124 125 126 140 172 
12600 151 145 152 153 171 172 
12600 152 124 126 151 170 172 
12600 153 124 125 126 128 151 
12600 154 124 125 126 140 172 
12600 155 131 134 159 161 164 
12600 156 124 125 126 140 172 
12600 157 124 126 140 171 172 
12600 158 124 125 126 140 170 
12600 159 124 125 126 140 155 
12600 160 129 139 167 169 171 
12600 161 124 125 126 131 155 
12600 162 124 125 126 140 172 
12600 163 124 125 126 140 170 
12600 164 124 125 126 131 155 
12600 165 124 125 126 140 170 
12600 166 13 124 125 126 140 
12600 167 127 129 139 160 171 
12600 168 125 126 131 134 146 
12600 169 124 125 127 134 160 
12600 170 148 152 158 163 165 
12600 171 145 151 157 160 167 
12600 172 145 147 150 151 152 154 156 157 162 
12600 173 208 210 212 213 214 
12600 174 208 209 210 212 213 
12600 175 208 210 211 212 214 
12600 176 180 184 187 193 204 
12600 177 205 208 210 211 214 
12600 178 183 185 188 191 214 
12600 179 208 210 212 213 214 
12600 180 176 184 187 193 204 
12600 181 208 210 212 213 214 
12600 182 210 211 212 213 214 
12600 183 178 185 188 190 191 
12600 184 176 180 187 193 213 
12600 185 178 183 210 212 214 
12600 186 208 210 211 212 214 
12600 187 176 180 184 193 213 
12600 188 178 183 190 213 214 
12600 189 199 202 203 205 214 
12600 190 183 188 195 202 
12600 191 178 183 212 213 214 
12600 192 208 209 210 211 212 
12600 193 176 180 184 187 213 
12600 194 208 210 212 213 214 
12600 195 190 202 203 210 213 
12600 196 210 211 212 213 214 
12600 197 206 210 211 212 214 
12600 198 206 207 208 210 211 
12600 199 189 202 203 205 214 
12600 200 209 210 211 212 214 
12600 201 208 210 211 212 214 
12600 202 189 190 195 199 214 
12600 203 189 195 199 212 214 
12600 204 176 180 212 213 214 
12600 205 177 189 199 212 214 
12600 206 197 198 207 210 211 
12600 207 198 206 210 211 212 
12600 208 173 174 175 177 179 181 186 192 194 198 201 209 
12600 209 174 192 200 208 212 
12600 210 14 173 174 175 177 179 181 182 185 186 192 194 195 196 197 198 200 201 206 207 
12600 211 5 14 175 177 182 186 192 196 197 198 200 201 206 207 
12600 212 5 14 173 174 175 179 181 182 185 186 191 192 194 196 197 200 201 203 204 205 207 209 
12600 213 5 14 173 174 179 181 182 184 187 188 191 193 194 195 196 204 
12600 214 5 14 173 175 177 178 179 181 182 185 186 188 189 191 194 196 197 199 200 201 202 203 204 205 
12600 215 0 1 3 
12600 216 0 5 
12600 217 0 2 4 
12600 218 0 1 2 
12600 219 0 3 4 
12600 220 0 5 
12600 221 0 3 4 5 
12600 222 0 1 2 
12600 223 0 2 
12600 224 0 1 4 
12600 225 0 3 5 
12600 226 0 5 
12600 227 0 1 
12600 228 0 4 
12600 229 0 2 
12600 230 0 2 4 
12600 231 0 1 3 5 
12600 232 0 3 
12600 233 0 1 2 4 
12600 234 0 1 5 
12600 235 0 2 3 4 
12600 236 0 2 3 5 
12600 237 0 4 
12600 238 0 1 
12600 239 0 3 
12600 240 0 1 2 
12600 241 0 4 5 
12600 242 0 1 3 4 
12600 243 0 2 5 
12600 244 0 5 
14400 0 1 2 3 4 5 215 216 217 218 219 220 221 222 223 224 225 226 227 228 229 230 231 232 233 234 235 236 237 238 239 240 241 242 243 244 
14400 1 0 42 43 44 45 215 218 222 224 227 231 233 234 238 240 242 
14400 2 0 79 81 83 85 217 218 222 223 229 230 233 235 236 240 243 
14400 3 0 118 120 122 123 215 219 221 225 231 232 235 236 239 242 
14400 4 0 124 125 126 171 217 219 221 224 228 230 233 235 237 241 242 
14400 5 0 211 212 213 214 216 220 221 225 226 231 234 236 241 243 244 
14400 6 41 42 43 44 45 
14400 7 41 42 43 44 45 
14400 8 78 79 81 83 85 
14400 9 117 118 120 122 123 
14400 10 117 118 120 122 123 
14400 11 124 125 126 140 141 
14400 12 124 125 126 141 172 
14400 13 124 125 126 144 171 
14400 14 210 211 212 213 214 
14400 15 41 42 43 44 45 
14400 16 41 42 43 44 45 
14400 17 41 42 43 44 45 
14400 18 26 27 29 30 31 
14400 19 41 42 43 44 45 
14400 20 41 42 43 44 45 
14400 21 41 42 43 44 45 
14400 22 41 42 43 44 45 
14400 23 43 44 45 93 98 
14400 24 41 42 43 44 45 
14400 25 41 42 43 44 45 
14400 26 18 42 43 44 45 
14400 27 18 42 43 44 45 
14400 28 41 42 43 44 45 
14400 29 18 42 43 44 45 
14400 30 18 42 43 44 45 
14400 31 18 42 43 44 45 
14400 32 42 43 44 45 93 
14400 33 41 42 43 44 45 
14400 34 41 42 43 44 45 
14400 35 41 42 43 44 45 
14400 36 42 43 44 45 93 
14400 37 41 42 43 44 45 
14400 38 42 43 44 45 93 
14400 39 41 42 43 44 45 
14400 40 41 42 43 44 45 
14400 41 6 7 15 16 17 19 20 21 22 24 25 28 33 34 35 37 39 40 
14400 42 1 6 7 15 16 17 19 20 21 22 24 25 26 27 28 29 30 31 32 33 34 35 36 37 38 39 40 
14400 43 1 6 7 15 16 17 19 20 21 22 23 24 25 26 27 28 29 30 31 32 33 34 35 36 37 38 39 40 
14400 44 1 6 7 15 16 17 19 20 21 22 23 24 25 26 27 28 29 30 31 32 33 34 35 36 37 38 39 40 
14400 45 1 6 7 15 16 17 19 20 21 22 23 24 25 26 27 28 29 30 31 32 33 34 35 36 37 38 39 40 
14400 46 78 79 81 83 85 
14400 47 78 79 80 83 85 
14400 48 76 77 78 79 81 
14400 49 63 77 80 83 84 
14400 50 64 73 77 79 85 
14400 51 76 80 82 83 84 
14400 52 57 60 62 78 85 
14400 53 78 79 81 83 84 
14400 54 79 81 82 84 85 
14400 55 79 80 81 83 85 
14400 56 77 78 80 83 85 
14400 57 52 77 78 80 84 
14400 58 79 81 82 83 84 
14400 59 78 79 81 83 84 
14400 60 52 78 79 81 85 
14400 61 78 80 83 84 85 
14400 62 52 79 81 83 85 
14400 63 49 67 75 80 83 
14400 64 50 78 79 81 85 
14400 65 77 78 80 83 85 
14400 66 72 76 82 83 84 
14400 67 63 81 82 83 84 
14400 68 79 81 82 83 84 
14400 69 74 80 82 83 84 
14400 70 79 80 81 83 85 
14400 71 75 77 80 83 85 
14400 72 66 79 81 83 84 
14400 73 50 78 79 81 85 
14400 74 69 80 81 83 84 
14400 75 63 71 79 83 85 
14400 76 48 51 66 83 85 
14400 77 48 49 50 56 57 65 71 
14400 78 8 46 47 48 52 53 56 57 59 60 61 64 65 73 
14400 79 2 8 46 47 48 50 53 54 55 58 59 60 62 64 68 70 72 73 75 
14400 80 47 49 51 55 56 57 61 63 65 69 70 71 74 
14400 81 2 8 46 48 53 54 55 58 59 60 62 64 67 68 70 72 73 74 
14400 82 51 54 58 66 67 68 69 
14400 83 2 8 46 47 49 51 53 55 56 58 59 61 62 63 65 66 67 68 69 70 71 72 74 75 76 
14400 84 49 51 53 54 57 58 59 61 66 67 68 69 72 74 
14400 85 2 8 46 47 50 52 54 55 56 60 61 62 64 65 70 71 73 75 76 
14400 86 117 118 121 122 123 
14400 87 117 118 120 122 123 
14400 88 118 120 121 122 123 
14400 89 118 120 121 122 123 
14400 90 117 118 120 122 123 
14400 91 116 117 118 120 123 
14400 92 118 120 121 122 123 
14400 93 23 32 36 38 123 
14400 94 117 118 120 122 123 
14400 95 117 118 120 122 123 
14400 96 118 119 120 122 123 
14400 97 118 119 120 122 123 
14400 98 23 112 115 117 121 
14400 99 117 118 120 122 123 
14400 100 118 119 120 122 123 
14400 101 117 118 120 122 123 
14400 102 107 118 121 122 123 
14400 103 119 120 121 122 123 
14400 104 118 120 121 122 123 
14400 105 116 117 118 120 123 
14400 106 107 117 118 121 123 
14400 107 102 106 112 115 121 
14400 108 118 119 120 122 123 
14400 109 117 118 120 122 123 
14400 110 118 120 121 122 123 
14400 111 118 120 121 122 123 
14400 112 98 107 121 122 123 
14400 113 114 116 119 120 122 
14400 114 113 119 120 122 123 
14400 115 98 107 118 121 123 
14400 116 91 105 113 120 123 
14400 117 9 10 86 87 90 91 94 95 98 99 101 105 106 109 
14400 118 3 9 10 86 87 88 89 90 91 92 94 95 96 97 99 100 101 102 104 105 106 108 109 110 111 115 
14400 119 96 97 100 103 108 113 114 
14400 120 3 9 10 87 88 89 90 91 92 94 95 96 97 99 100 101 103 104 105 108 109 110 111 113 114 116 
14400 121 86 88 89 92 98 102 103 104 106 107 110 111 112 115 
14400 122 3 9 10 86 87 88 89 90 92 94 95 96 97 99 100 101 102 103 104 108 109 110 111 112 113 114 
14400 123 3 9 10 86 87 88 89 90 91 92 93 94 95 96 97 99 100 101 102 103 104 105 106 108 109 110 111 112 114 115 116 
14400 124 4 11 12 13 128 129 130 132 133 135 136 137 138 142 143 144 145 146 147 148 149 150 152 153 154 156 157 158 161 162 163 164 165 166 
14400 125 4 11 12 13 128 129 130 132 133 134 135 136 137 138 142 143 144 145 146 148 149 150 151 153 154 156 158 159 160 161 162 163 164 165 166 169 
14400 126 4 11 12 13 128 129 130 131 132 133 134 135 136 137 138 142 143 144 145 146 148 149 150 152 153 154 155 156 158 159 161 162 163 164 165 166 168 
14400 127 133 136 153 167 169 
14400 128 124 125 126 141 153 
14400 129 124 125 126 140 141 
14400 130 124 125 126 140 141 
14400 131 126 134 155 159 168 
14400 132 124 125 126 140 141 
14400 133 124 125 126 127 140 
14400 134 125 126 131 155 159 
14400 135 124 125 126 140 160 
14400 136 124 125 126 127 141 
14400 137 124 125 126 140 141 
14400 138 124 125 126 139 140 
14400 139 138 149 151 154 157 160 166 167 170 
14400 140 11 129 130 132 133 135 137 138 142 143 145 146 148 149 150 151 154 156 158 161 162 163 164 165 166 
14400 141 11 12 128 129 130 132 136 137 142 143 
14400 142 124 125 126 140 141 
14400 143 124 125 126 140 141 
14400 144 13 124 125 126 171 
14400 145 124 125 126 140 172 
14400 146 124 125 126 140 168 
14400 147 124 168 169 170 171 
14400 148 124 125 126 140 170 
14400 149 124 125 126 139 140 
14400 150 124 125 126 140 171 
14400 151 125 139 140 152 172 
14400 152 124 126 151 170 172 
14400 153 124 125 126 127 128 
14400 154 124 125 126 139 140 
14400 155 126 131 134 159 164 
14400 156 124 125 126 140 172 
14400 157 124 139 169 171 172 
14400 158 124 125 126 140 170 
14400 159 125 126 131 134 155 
14400 160 125 135 139 167 171 
14400 161 124 125 126 140 168 
14400 162 124 125 126 140 172 
14400 163 124 125 126 140 172 
14400 164 124 125 126 140 155 
14400 165 124 125 126 140 172 
14400 166 124 125 126 139 140 
14400 167 127 139 160 169 171 
14400 168 126 131 146 147 161 
14400 169 125 127 147 157 167 
14400 170 139 147 148 152 158 
14400 171 4 13 144 147 150 157 160 167 
14400 172 12 145 151 152 156 157 162 163 165 
14400 173 210 211 212 213 214 
14400 174 208 209 210 212 213 
14400 175 208 210 211 212 214 
14400 176 180 184 187 193 
14400 177 204 205 208 211 214 
14400 178 183 185 188 191 214 
14400 179 208 210 212 213 214 
14400 180 176 184 187 193 
14400 181 208 210 212 213 214 
14400 182 210 211 212 213 214 
14400 183 178 205 210 213 214 
14400 184 176 180 187 193 213 
14400 185 178 199 210 212 214 
14400 186 206 208 211 212 214 
14400 187 176 180 184 193 213 
14400 188 178 190 212 213 214 
14400 189 198 199 200 203 214 
14400 190 188 202 
14400 191 178 211 212 213 214 
14400 192 206 209 210 211 212 
14400 193 176 180 184 187 213 
14400 194 202 210 212 213 214 
14400 195 202 204 205 210 214 
14400 196 199 211 212 213 214 
14400 197 207 208 210 211 214 
14400 198 189 199 206 208 211 
14400 199 185 189 196 198 214 
14400 200 189 210 211 212 214 
14400 201 210 211 212 213 214 
14400 202 190 194 195 210 213 
14400 203 189 210 211 212 214 
14400 204 177 195 212 213 214 
14400 205 177 183 195 212 214 
14400 206 186 192 198 207 211 
14400 207 197 206 209 211 212 
14400 208 174 175 177 179 181 186 197 198 209 
14400 209 174 192 207 208 212 
14400 210 14 173 174 175 179 181 182 183 185 192 194 195 197 200 201 202 203 
14400 211 5 14 173 175 177 182 186 191 192 196 197 198 200 201 203 206 207 
14400 212 5 14 173 174 175 179 181 182 185 186 188 191 192 194 196 200 201 203 204 205 207 209 
14400 213 5 14 173 174 179 181 182 183 184 187 188 191 193 194 196 201 202 204 
14400 214 5 14 173 175 177 178 179 181 182 183 185 186 188 189 191 194 195 196 197 199 200 201 203 204 205 
14400 215 0 1 3 
14400 216 0 5 
14400 217 0 2 4 
14400 218 0 1 2 
14400 219 0 3 4 
14400 220 0 5 
14400 221 0 3 4 5 
14400 222 0 1 2 
14400 223 0 2 
14400 224 0 1 4 
14400 225 0 3 5 
14400 226 0 5 
14400 227 0 1 
14400 228 0 4 
14400 229 0 2 
14400 230 0 2 4 
14400 231 0 1 3 5 
14400 232 0 3 
14400 233 0 1 2 4 
14400 234 0 1 5 
14400 235 0 2 3 4 
14400 236 0 2 3 5 
14400 237 0 4 
14400 238 0 1 
14400 239 0 3 
14400 240 0 1 2 
14400 241 0 4 5 
14400 242 0 1 3 4 
14400 243 0 2 5 
14400 244 0 5 
16200 0 1 2 3 4 5 215 216 217 218 219 220 221 222 223 224 225 226 227 228 229 230 231 232 233 234 235 236 237 238 239 240 241 242 243 244 
16200 1 0 42 43 44 45 215 218 222 224 227 231 233 234 238 240 242 
16200 2 0 79 81 83 85 217 218 222 223 229 230 233 235 236 240 243 
16200 3 0 118 120 122 123 215 219 221 225 231 232 235 236 239 242 
16200 4 0 124 125 126 127 217 219 221 224 228 230 233 235 237 241 242 
16200 5 0 211 212 213 214 216 220 221 225 226 231 234 236 241 243 244 
16200 6 41 42 43 44 45 
16200 7 41 42 43 44 45 
16200 8 78 79 81 83 85 
16200 9 117 118 120 122 123 
16200 10 117 118 120 122 123 
16200 11 124 125 126 127 141 
16200 12 124 125 126 127 137 
16200 13 124 125 126 127 144 
16200 14 210 211 212 213 214 
16200 15 41 42 43 44 45 
16200 16 41 42 43 44 45 
16200 17 41 42 43 44 45 
16200 18 19 26 27 30 31 
16200 19 18 42 43 44 45 
16200 20 41 42 43 44 45 
16200 21 41 42 43 44 45 
16200 22 41 42 43 44 45 
16200 23 41 42 43 44 45 
16200 24 41 42 43 44 45 
16200 25 41 42 43 44 45 
16200 26 18 42 43 44 45 
16200 27 18 42 43 44 45 
16200 28 41 42 43 44 45 
16200 29 41 42 43 44 45 
16200 30 18 42 43 44 45 
16200 31 18 42 43 44 45 
16200 32 41 42 43 44 45 
16200 33 41 42 43 44 45 
16200 34 41 42 43 44 45 
16200 35 41 42 43 44 45 
16200 36 41 42 43 44 45 
16200 37 41 42 43 44 45 
16200 38 39 40 42 44 45 
16200 39 38 42 43 44 45 
16200 40 38 42 43 44 45 
16200 41 6 7 15 16 17 20 21 22 23 24 25 28 29 32 33 34 35 36 37 
16200 42 1 6 7 15 16 17 19 20 21 22 23 24 25 26 27 28 29 30 31 32 33 34 35 36 37 38 39 40 
16200 43 1 6 7 15 16 17 19 20 21 22 23 24 25 26 27 28 29 30 31 32 33 34 35 36 37 39 40 
16200 44 1 6 7 15 16 17 19 20 21 22 23 24 25 26 27 28 29 30 31 32 33 34 35 36 37 38 39 40 
16200 45 1 6 7 15 16 17 19 20 21 22 23 24 25 26 27 28 29 30 31 32 33 34 35 36 37 38 39 40 
16200 46 78 79 81 83 85 
16200 47 79 80 81 83 85 
16200 48 55 58 59 62 78 
16200 49 63 76 80 83 84 
16200 50 52 64 70 77 79 
16200 51 76 80 81 83 84 
16200 52 50 58 60 62 85 
16200 53 77 78 79 81 83 
16200 54 78 79 81 83 85 
16200 55 48 80 81 83 85 
16200 56 78 80 83 84 85 
16200 57 78 80 81 83 84 
16200 58 48 52 82 83 84 
16200 59 48 80 81 83 85 
16200 60 52 78 79 81 85 
16200 61 62 76 77 78 85 
16200 62 48 52 61 83 85 
16200 63 49 75 80 83 84 
16200 64 50 78 79 81 85 
16200 65 76 78 80 83 85 
16200 66 72 76 81 82 84 
16200 67 71 81 83 84 85 
16200 68 79 81 82 83 84 
16200 69 78 79 81 82 83 
16200 70 50 71 81 83 85 
16200 71 67 70 75 80 85 
16200 72 66 78 79 81 83 
16200 73 77 78 79 81 85 
16200 74 79 80 81 83 84 
16200 75 63 71 83 84 85 
16200 76 49 51 61 65 66 
16200 77 50 53 61 73 85 
16200 78 8 46 48 53 54 56 57 60 61 64 65 69 72 73 
16200 79 2 8 46 47 50 53 54 60 64 68 69 72 73 74 
16200 80 47 49 51 55 56 57 59 63 65 71 74 
16200 81 2 8 46 47 51 53 54 55 57 59 60 64 66 67 68 69 70 72 73 74 
16200 82 58 66 68 69 84 
16200 83 2 8 46 47 49 51 53 54 55 56 57 58 59 62 63 65 67 68 69 70 72 74 75 
16200 84 49 51 56 57 58 63 66 67 68 74 75 82 
16200 85 2 8 46 47 52 54 55 56 59 60 61 62 64 65 67 70 71 73 75 77 
16200 86 119 120 121 122 123 
16200 87 117 118 120 122 123 
16200 88 118 120 121 122 123 
16200 89 118 120 121 122 123 
16200 90 117 118 120 122 123 
16200 91 116 117 118 120 123 
16200 92 118 120 121 122 123 
16200 93 116 117 118 120 123 
16200 94 118 119 120 122 123 
16200 95 118 119 120 122 123 
16200 96 118 119 120 122 123 
16200 97 118 119 120 122 123 
16200 98 107 115 117 118 121 
16200 99 117 118 120 122 123 
16200 100 118 119 120 122 123 
16200 101 117 118 120 122 123 
16200 102 107 119 121 122 123 
16200 103 107 120 121 122 123 
16200 104 117 118 120 122 123 
16200 105 118 119 120 122 123 
16200 106 116 117 118 120 123 
16200 107 98 102 103 115 121 
16200 108 118 119 120 122 123 
16200 109 117 118 120 122 123 
16200 110 118 120 121 122 123 
16200 111 118 120 121 122 123 
16200 112 117 118 120 122 123 
16200 113 114 116 119 120 122 
16200 114 113 118 119 122 123 
16200 115 98 107 118 121 123 
16200 116 91 93 106 113 123 
16200 117 9 10 87 90 91 93 98 99 101 104 106 109 112 
16200 118 3 9 10 87 88 89 90 91 92 93 94 95 96 97 98 99 100 101 104 105 106 108 109 110 111 112 114 115 
16200 119 86 94 95 96 97 100 102 105 108 113 114 
16200 120 3 9 10 86 87 88 89 90 91 92 93 94 95 96 97 99 100 101 103 104 105 106 108 109 110 111 112 113 
16200 121 86 88 89 92 98 102 103 107 110 111 115 
16200 122 3 9 10 86 87 88 89 90 92 94 95 96 97 99 100 101 102 103 104 105 108 109 110 111 112 113 114 
16200 123 3 9 10 86 87 88 89 90 91 92 93 94 95 96 97 99 100 101 102 103 104 105 106 108 109 110 111 112 114 115 116 
16200 124 4 11 12 13 128 130 131 132 133 134 135 136 137 138 142 143 145 146 147 148 149 150 152 153 154 155 156 158 159 160 161 162 163 164 165 166 168 169 
16200 125 4 11 12 13 128 129 130 132 133 134 135 136 137 138 142 143 144 145 146 147 148 149 150 152 153 154 156 158 159 160 161 162 163 164 165 166 168 169 
16200 126 4 11 12 13 128 129 130 132 133 135 136 137 138 139 142 143 144 145 146 147 148 149 150 152 153 154 156 157 158 159 160 161 162 163 164 165 166 168 172 
16200 127 4 11 12 13 128 129 130 132 133 135 136 142 144 145 147 148 150 158 159 162 163 164 165 167 168 169 170 
16200 128 124 125 126 127 151 
16200 129 125 126 127 151 170 
16200 130 124 125 126 127 141 
16200 131 124 134 155 166 168 
16200 132 124 125 126 127 141 
16200 133 124 125 126 127 140 
16200 134 124 125 131 139 155 
16200 135 124 125 126 127 141 
16200 136 124 125 126 127 141 
16200 137 12 124 125 126 141 
16200 138 124 125 126 140 144 
16200 139 126 134 146 161 172 
16200 140 133 138 143 145 146 147 148 149 150 152 153 154 156 157 159 161 162 169 
16200 141 11 130 132 135 136 137 142 143 
16200 142 124 125 126 127 141 
16200 143 124 125 126 140 141 
16200 144 13 125 126 127 138 
16200 145 124 125 126 127 140 
16200 146 124 125 126 139 140 
16200 147 124 125 126 127 140 
16200 148 124 125 126 127 140 
16200 149 124 125 126 140 171 
16200 150 124 125 126 127 140 
16200 151 128 129 152 160 172 
16200 152 124 125 126 140 151 
16200 153 124 125 126 140 171 
16200 154 124 125 126 140 171 
16200 155 124 131 134 164 166 
16200 156 124 125 126 140 172 
16200 157 126 140 167 171 172 
16200 158 124 125 126 127 170 
16200 159 124 125 126 127 140 
16200 160 124 125 126 151 167 
16200 161 124 125 126 139 140 
16200 162 124 125 126 127 140 
16200 163 124 125 126 127 170 
16200 164 124 125 126 127 155 
16200 165 124 125 126 127 170 
16200 166 124 125 126 131 155 
16200 167 127 157 160 169 171 
16200 168 124 125 126 127 131 
16200 169 124 125 127 140 167 
16200 170 127 129 158 163 165 
16200 171 149 153 154 157 167 
16200 172 126 139 151 156 157 
16200 173 208 210 212 213 214 
16200 174 209 210 212 213 214 
16200 175 208 210 211 212 214 
16200 176 180 184 187 193 200 
16200 177 185 186 189 191 199 
16200 178 183 185 188 191 214 
16200 179 208 210 212 213 214 
16200 180 176 184 187 193 200 
16200 181 208 210 212 213 214 
16200 182 210 211 212 213 214 
16200 183 178 190 199 213 214 
16200 184 176 180 187 193 213 
16200 185 177 178 210 212 214 
16200 186 177 207 208 211 212 
16200 187 176 180 184 193 213 
16200 188 178 210 212 213 214 
16200 189 177 199 200 203 208 
16200 190 183 199 200 202 
16200 191 177 178 212 213 214 
16200 192 206 209 210 211 212 
16200 193 176 180 184 187 213 
16200 194 208 210 212 213 214 
16200 195 208 210 211 213 214 
16200 196 210 211 212 213 214 
16200 197 209 210 211 212 214 
16200 198 205 206 207 208 211 
16200 199 177 183 189 190 202 
16200 200 176 180 189 190 213 
16200 201 208 210 211 212 214 
16200 202 190 199 210 213 214 
16200 203 189 210 211 212 214 
16200 204 208 210 212 213 214 
16200 205 198 210 211 212 214 
16200 206 192 198 207 208 211 
16200 207 186 198 206 211 212 
16200 208 173 175 179 181 186 189 194 195 198 201 204 206 209 
16200 209 174 192 197 208 212 
16200 210 14 173 174 175 179 181 182 185 188 192 194 195 196 197 201 202 203 204 205 
16200 211 5 14 175 182 186 192 195 196 197 198 201 203 205 206 207 
16200 212 5 14 173 174 175 179 181 182 185 186 188 191 192 194 196 197 201 203 204 205 207 209 
16200 213 5 14 173 174 179 181 182 183 184 187 188 191 193 194 195 196 200 202 204 
16200 214 5 14 173 174 175 178 179 181 182 183 185 188 191 194 195 196 197 201 202 203 204 205 
16200 215 0 1 3 
16200 216 0 5 
16200 217 0 2 4 
16200 218 0 1 2 
16200 219 0 3 4 
16200 220 0 5 
16200 221 0 3 4 5 
16200 222 0 1 2 
16200 223 0 2 
16200 224 0 1 4 
16200 225 0 3 5 
16200 226 0 5 
16200 227 0 1 
16200 228 0 4 
16200 229 0 2 
16200 230 0 2 4 
16200 231 0 1 3 5 
16200 232 0 3 
16200 233 0 1 2 4 
16200 234 0 1 5 
16200 235 0 2 3 4 
16200 236 0 2 3 5 
16200 237 0 4 
16200 238 0 1 
16200 239 0 3 
16200 240 0 1 2 
16200 241 0 4 5 
16200 242 0 1 3 4 
16200 243 0 2 5 
16200 244 0 5 
18000 0 1 2 3 4 5 215 216 217 218 219 220 221 222 223 224 225 226 227 228 229 230 231 232 233 234 235 236 237 238 239 240 241 242 243 244 
18000 1 0 42 43 44 45 215 218 222 224 227 231 233 234 238 240 242 
18000 2 0 79 81 83 85 217 218 222 223 229 230 233 235 236 240 243 
18000 3 0 118 120 122 123 215 219 221 225 231 232 235 236 239 242 
18000 4 0 124 125 126 171 217 219 221 224 228 230 233 235 237 241 242 
18000 5 0 211 212 213 214 216 220 221 225 226 231 234 236 241 243 244 
18000 6 41 42 43 44 45 
18000 7 41 42 43 44 45 
18000 8 78 79 81 83 85 
18000 9 117 118 120 122 123 
18000 10 117 118 120 122 123 
18000 11 124 125 126 140 141 
18000 12 124 125 126 137 141 
18000 13 124 125 126 144 171 
18000 14 210 211 212 213 214 
18000 15 41 42 43 44 45 
18000 16 41 42 43 44 45 
18000 17 41 42 43 44 45 
18000 18 23 26 27 30 31 
18000 19 41 42 43 44 45 
18000 20 41 42 43 44 45 
18000 21 41 42 43 44 45 
18000 22 41 42 43 44 45 
18000 23 18 42 43 44 45 
18000 24 41 42 43 44 45 
18000 25 41 42 43 44 45 
18000 26 18 42 43 44 45 
18000 27 18 42 43 44 45 
18000 28 43 44 45 98 105 
18000 29 41 42 43 44 45 
18000 30 18 42 43 44 45 
18000 31 18 42 43 44 45 
18000 32 41 42 43 44 45 
18000 33 41 42 43 44 45 
18000 34 41 42 43 44 45 
18000 35 41 42 43 44 45 
18000 36 41 42 43 44 45 
18000 37 41 42 43 44 45 
18000 38 39 40 42 43 44 
18000 39 38 42 43 44 45 
18000 40 38 42 43 44 45 
18000 41 6 7 15 16 17 19 20 21 22 24 25 29 32 33 34 35 36 37 
18000 42 1 6 7 15 16 17 19 20 21 22 23 24 25 26 27 29 30 31 32 33 34 35 36 37 38 39 40 
18000 43 1 6 7 15 16 17 19 20 21 22 23 24 25 26 27 28 29 30 31 32 33 34 35 36 37 38 39 40 
18000 44 1 6 7 15 16 17 19 20 21 22 23 24 25 26 27 28 29 30 31 32 33 34 35 36 37 38 39 40 
18000 45 1 6 7 15 16 17 19 20 21 22 23 24 25 26 27 28 29 30 31 32 33 34 35 36 37 39 40 
18000 46 78 79 81 83 85 
18000 47 77 78 79 80 85 
18000 48 78 79 81 83 84 
18000 49 63 78 80 83 84 
18000 50 53 64 77 79 81 
18000 51 76 78 80 83 84 
18000 52 60 61 62 78 85 
18000 53 50 81 83 84 85 
18000 54 79 81 83 84 85 
18000 55 79 80 81 83 85 
18000 56 76 78 80 83 85 
18000 57 78 80 83 84 85 
18000 58 79 81 82 83 84 
18000 59 80 81 83 84 85 
18000 60 52 78 79 81 85 
18000 61 52 79 80 81 85 
18000 62 52 79 81 83 85 
18000 63 49 78 80 83 84 
18000 64 50 78 79 81 85 
18000 65 76 78 80 83 85 
18000 66 72 76 78 82 84 
18000 67 71 81 83 84 85 
18000 68 79 81 82 83 84 
18000 69 78 81 82 83 84 
18000 70 71 81 82 83 85 
18000 71 67 70 75 80 85 
18000 72 66 79 81 83 84 
18000 73 77 78 79 81 85 
18000 74 79 80 81 83 84 
18000 75 71 78 80 83 85 
18000 76 51 56 65 66 85 
18000 77 47 50 73 81 85 
18000 78 8 46 47 48 49 51 52 56 57 60 63 64 65 66 69 73 75 
18000 79 2 8 46 47 48 50 54 55 58 60 61 62 64 68 72 73 74 
18000 80 47 49 51 55 56 57 59 61 63 65 71 74 75 
18000 81 2 8 46 48 50 53 54 55 58 59 60 61 62 64 67 68 69 70 72 73 74 77 
18000 82 58 66 68 69 70 
18000 83 2 8 46 48 49 51 53 54 55 56 57 58 59 62 63 65 67 68 69 70 72 74 75 
18000 84 48 49 51 53 54 57 58 59 63 66 67 68 69 72 74 
18000 85 2 8 46 47 52 53 54 55 56 57 59 60 61 62 64 65 67 70 71 73 75 76 77 
18000 86 118 120 121 122 123 
18000 87 117 118 120 122 123 
18000 88 118 120 121 122 123 
18000 89 118 120 121 122 123 
18000 90 117 118 120 122 123 
18000 91 116 117 118 120 123 
18000 92 118 120 121 122 123 
18000 93 116 117 118 120 123 
18000 94 107 120 121 122 123 
18000 95 117 118 120 122 123 
18000 96 118 119 120 122 123 
18000 97 118 119 120 122 123 
18000 98 28 107 115 117 121 
18000 99 117 118 120 122 123 
18000 100 118 119 120 122 123 
18000 101 117 118 120 122 123 
18000 102 107 118 121 122 123 
18000 103 116 117 118 120 123 
18000 104 118 120 121 122 123 
18000 105 28 117 118 120 123 
18000 106 116 117 118 120 123 
18000 107 94 98 102 115 121 
18000 108 118 119 120 122 123 
18000 109 117 118 120 122 123 
18000 110 118 120 121 122 123 
18000 111 118 120 121 122 123 
18000 112 118 119 120 122 123 
18000 113 114 116 119 120 122 
18000 114 113 118 119 122 123 
18000 115 98 107 118 121 123 
18000 116 91 93 103 106 113 
18000 117 9 10 87 90 91 93 95 98 99 101 103 105 106 109 
18000 118 3 9 10 86 87 88 89 90 91 92 93 95 96 97 99 100 101 102 103 104 105 106 108 109 110 111 112 114 115 
18000 119 96 97 100 108 112 113 114 
18000 120 3 9 10 86 87 88 89 90 91 92 93 94 95 96 97 99 100 101 103 104 105 106 108 109 110 111 112 113 
18000 121 86 88 89 92 94 98 102 104 107 110 111 115 
18000 122 3 9 10 86 87 88 89 90 92 94 95 96 97 99 100 101 102 104 108 109 110 111 112 113 114 
18000 123 3 9 10 86 87 88 89 90 91 92 93 94 95 96 97 99 100 101 102 103 104 105 106 108 109 110 111 112 114 115 
18000 124 4 11 12 13 128 129 130 132 133 135 136 137 138 139 142 143 144 145 146 147 148 149 150 152 153 154 156 157 158 159 161 162 163 165 166 169 
18000 125 4 11 12 13 128 129 130 132 133 134 135 136 137 138 139 142 143 144 145 146 147 148 149 150 153 154 156 158 159 161 162 163 164 165 166 168 169 
18000 126 4 11 12 13 128 129 130 132 133 135 136 137 138 139 142 143 144 145 146 147 148 149 150 152 153 154 156 157 158 159 161 162 163 164 165 166 168 170 
18000 127 130 133 136 147 157 163 167 169 
18000 128 124 125 126 151 153 
18000 129 124 125 126 140 141 
18000 130 124 125 126 127 141 
18000 131 134 140 155 164 168 
18000 132 124 125 126 140 141 
18000 133 124 125 126 127 140 
18000 134 125 131 155 164 168 
18000 135 124 125 126 140 160 
18000 136 124 125 126 127 141 
18000 137 12 124 125 126 141 
18000 138 124 125 126 140 171 
18000 139 124 125 126 140 160 
18000 140 11 129 131 132 133 135 138 139 142 143 145 146 147 148 149 150 152 153 154 155 157 158 159 161 162 165 166 
18000 141 11 12 129 130 132 136 137 142 143 
18000 142 124 125 126 140 141 
18000 143 124 125 126 140 141 
18000 144 13 124 125 126 159 
18000 145 124 125 126 140 172 
18000 146 124 125 126 140 168 
18000 147 124 125 126 127 140 
18000 148 124 125 126 140 170 
18000 149 124 125 126 140 171 
18000 150 124 125 126 140 172 
18000 151 128 152 172 
18000 152 124 126 140 151 172 
18000 153 124 125 126 128 140 
18000 154 124 125 126 140 171 
18000 155 131 134 140 161 164 
18000 156 124 125 126 171 172 
18000 157 124 126 127 140 167 
18000 158 124 125 126 140 170 
18000 159 124 125 126 140 144 
18000 160 135 139 167 169 171 
18000 161 124 125 126 140 155 
18000 162 124 125 126 140 172 
18000 163 124 125 126 127 170 
18000 164 125 126 131 134 155 
18000 165 124 125 126 140 170 
18000 166 124 125 126 140 171 
18000 167 127 157 160 169 171 
18000 168 125 126 131 134 146 
18000 169 124 125 127 160 167 
18000 170 126 148 158 163 165 
18000 171 4 13 138 149 154 156 160 166 167 
18000 172 145 150 151 152 156 162 
18000 173 208 210 212 213 214 
18000 174 208 209 210 212 213 
18000 175 209 210 211 212 214 
18000 176 180 184 187 193 213 
18000 177 204 205 208 211 214 
18000 178 201 203 204 210 214 
18000 179 208 210 212 213 214 
18000 180 176 184 187 193 205 
18000 181 209 210 212 213 214 
18000 182 210 211 212 213 214 
18000 183 204 205 210 213 214 
18000 184 176 180 187 193 213 
18000 185 205 208 210 212 214 
18000 186 208 209 211 212 214 
18000 187 176 180 184 193 206 
18000 188 199 210 212 213 214 
18000 189 197 199 200 203 214 
18000 190 196 202 204 
18000 191 199 210 211 213 214 
18000 192 208 209 210 211 212 
18000 193 176 180 184 187 213 
18000 194 208 210 212 213 214 
18000 195 199 205 210 211 214 
18000 196 190 202 212 213 214 
18000 197 189 209 210 211 214 
18000 198 206 207 208 209 211 
18000 199 188 189 191 195 214 
18000 200 189 210 211 212 214 
18000 201 178 211 212 213 214 
18000 202 190 196 204 210 213 
18000 203 178 189 211 212 214 
18000 204 177 178 183 190 202 
18000 205 177 180 183 185 195 
18000 206 187 198 207 209 211 
18000 207 198 206 209 211 212 
18000 208 173 174 177 179 185 186 192 194 198 
18000 209 174 175 181 186 192 197 198 206 207 
18000 210 14 173 174 175 178 179 181 182 183 185 188 191 192 194 195 197 200 202 
18000 211 5 14 175 177 182 186 191 192 195 197 198 200 201 203 206 207 
18000 212 5 14 173 174 175 179 181 182 185 186 188 192 194 196 200 201 203 207 
18000 213 5 14 173 174 176 179 181 182 183 184 188 191 193 194 196 201 202 
18000 214 5 14 173 175 177 178 179 181 182 183 185 186 188 189 191 194 195 196 197 199 200 201 203 
18000 215 0 1 3 
18000 216 0 5 
18000 217 0 2 4 
18000 218 0 1 2 
18000 219 0 3 4 
18000 220 0 5 
18000 221 0 3 4 5 
18000 222 0 1 2 
18000 223 0 2 
18000 224 0 1 4 
18000 225 0 3 5 
18000 226 0 5 
18000 227 0 1 
18000 228 0 4 
18000 229 0 2 
18000 230 0 2 4 
18000 231 0 1 3 5 
18000 232 0 3 
18000 233 0 1 2 4 
18000 234 0 1 5 
18000 235 0 2 3 4 
18000 236 0 2 3 5 
18000 237 0 4 
18000 238 0 1 
18000 239 0 3 
18000 240 0 1 2 
18000 241 0 4 5 
18000 242 0 1 3 4 
18000 243 0 2 5 
18000 244 0 5 
