0 21600
0 0 6 13 15 16 18 19 21 22 23 24 25 26 27 28 29 30 31 32 33 34 35 36 38 39 40 41 45 47 48 49 51 52 53 55 56 205 206 207 208 209 210 211 212 213 214 215 216 217 218 219 220 221 222 223 224 225 226 227 228 229 230 231 232 233 234 
0 1 6 12 13 14 15 16 17 18 19 21 22 23 24 25 26 27 28 29 30 31 32 33 34 35 36 37 38 39 40 41 42 44 45 46 47 48 49 50 51 52 53 55 56 205 207 209 210 212 213 214 215 216 217 219 221 222 224 226 227 229 231 232 234 
0 2 7 8 57 58 59 60 62 63 64 65 66 67 68 69 70 71 72 73 74 76 77 78 79 80 81 82 83 84 85 86 87 88 89 90 91 92 93 94 96 97 98 99 101 102 103 105 205 207 209 211 213 214 215 216 217 219 221 222 224 225 226 230 232 234 
0 3 9 10 11 106 107 108 109 110 111 112 113 114 115 116 117 118 119 120 121 122 123 124 125 126 127 128 129 130 131 132 133 134 135 136 137 138 139 140 141 142 206 208 209 211 213 214 215 216 218 219 221 222 224 226 227 229 230 232 233 
0 4 143 144 146 147 148 149 150 151 152 153 154 155 156 157 158 159 160 161 162 163 164 165 167 168 169 170 171 172 184 198 206 208 209 212 213 214 215 217 218 220 221 222 223 226 228 229 231 233 234 
0 5 164 168 173 174 175 176 177 178 179 180 181 182 183 184 185 186 187 188 189 190 191 192 193 195 196 197 198 199 200 201 202 204 206 208 210 212 213 214 215 216 218 220 222 223 225 228 229 230 232 234 
0 6 0 1 12 13 14 15 16 17 18 19 21 22 23 24 25 26 27 28 29 30 31 32 33 34 35 36 37 38 39 40 41 42 44 45 46 47 48 49 50 51 52 53 55 56 
0 7 2 8 57 58 59 60 62 63 64 65 66 67 68 69 70 71 72 73 74 76 77 78 79 80 81 82 83 84 85 86 87 88 89 90 91 92 93 94 96 97 98 99 101 102 103 105 
0 8 2 7 57 58 59 60 62 63 64 65 66 67 68 69 70 71 72 73 74 76 77 78 79 80 81 82 83 84 85 86 87 88 89 90 91 92 93 94 96 97 98 99 101 102 103 105 
0 9 3 10 11 106 107 108 109 110 111 112 113 114 115 116 117 118 119 120 121 122 123 124 125 126 127 128 129 130 131 132 133 134 135 136 137 138 139 140 141 142 
0 10 3 9 11 106 107 108 109 110 111 112 113 114 115 116 117 118 119 120 121 122 123 124 125 126 127 128 129 130 131 132 133 134 135 136 137 138 139 140 141 142 
0 11 3 9 10 106 107 108 109 110 111 112 113 114 115 116 117 118 119 120 121 122 123 124 125 126 127 128 129 130 131 132 133 134 135 136 137 138 139 140 141 142 
0 12 1 6 13 14 15 16 17 18 19 21 22 23 24 25 26 27 28 29 30 31 32 35 36 37 38 39 40 41 42 43 44 47 48 49 50 51 52 53 54 56 
0 13 0 1 6 12 14 15 16 17 18 19 21 22 23 24 25 26 27 28 29 30 31 32 33 34 35 36 37 38 39 40 41 44 45 46 47 48 49 51 52 53 55 56 
0 14 1 6 12 13 15 16 18 19 20 21 22 24 25 26 27 28 29 30 31 32 35 36 37 38 39 40 41 43 44 46 47 48 50 56 
0 15 0 1 6 12 13 14 16 17 18 19 21 22 23 24 25 26 27 28 29 30 31 32 33 34 35 36 37 38 39 40 41 44 45 46 47 48 49 51 52 53 55 56 
0 16 0 1 6 12 13 14 15 17 18 19 21 22 23 24 25 26 27 28 29 30 31 32 33 34 35 36 37 38 39 40 41 42 44 45 47 48 49 50 51 52 53 54 55 56 
0 17 1 6 12 13 15 16 18 21 22 25 26 27 28 29 30 31 33 34 35 36 37 38 39 40 41 42 44 45 47 48 49 50 51 52 53 54 55 56 
0 18 0 1 6 12 13 14 15 16 17 19 21 22 23 24 25 26 27 28 29 30 31 32 33 34 35 36 37 38 39 40 41 42 44 45 47 48 49 50 51 52 53 54 55 56 
0 19 0 1 6 12 13 14 15 16 18 21 22 23 24 25 26 27 28 29 30 31 32 33 35 36 37 39 40 41 42 44 47 48 51 52 53 54 56 
0 20 14 21 25 33 34 37 38 41 43 44 46 48 50 55 
0 21 0 1 6 12 13 14 15 16 17 18 19 20 22 23 25 26 27 28 29 30 31 32 33 34 35 37 38 39 40 41 42 44 45 47 48 49 50 51 52 54 55 56 
0 22 0 1 6 12 13 14 15 16 17 18 19 21 23 24 25 26 27 28 29 30 31 32 33 34 35 36 37 38 39 40 41 42 44 45 46 47 48 49 50 51 52 53 55 56 
0 23 0 1 6 12 13 15 16 18 19 21 22 24 25 26 27 28 29 30 31 32 33 34 35 36 38 39 40 41 42 44 45 47 48 49 51 52 53 54 55 56 
0 24 0 1 6 12 13 14 15 16 18 19 22 23 27 28 30 31 32 33 34 35 36 39 40 42 44 47 48 51 52 53 54 56 
0 25 0 1 6 12 13 14 15 16 17 18 19 20 21 22 23 26 27 28 29 30 31 32 33 34 35 36 37 38 39 40 41 42 43 44 45 47 48 49 50 51 52 53 54 55 56 
0 26 0 1 6 12 13 14 15 16 17 18 19 21 22 23 25 27 28 29 30 31 32 33 34 35 36 37 38 39 40 41 42 43 44 45 46 47 48 49 50 52 53 55 56 
0 27 0 1 6 12 13 14 15 16 17 18 19 21 22 23 24 25 26 28 29 30 31 32 33 34 35 36 37 38 39 40 41 44 45 46 47 48 49 51 52 53 55 56 
0 28 0 1 6 12 13 14 15 16 17 18 19 21 22 23 24 25 26 27 29 30 31 32 33 34 35 36 37 38 39 40 41 42 44 45 46 47 48 49 50 52 53 54 55 56 
0 29 0 1 6 12 13 14 15 16 17 18 19 21 22 23 25 26 27 28 30 31 32 33 34 35 36 37 38 39 40 41 42 44 45 46 47 48 49 50 52 53 54 55 56 
0 30 0 1 6 12 13 14 15 16 17 18 19 21 22 23 24 25 26 27 28 29 31 32 35 36 37 39 40 42 43 44 47 48 50 51 52 53 54 56 
0 31 0 1 6 12 13 14 15 16 17 18 19 21 22 23 24 25 26 27 28 29 30 32 33 34 35 36 37 38 39 40 41 42 44 45 47 48 49 50 51 52 53 54 55 56 
0 32 0 1 6 12 13 14 15 16 18 19 21 22 23 24 25 26 27 28 29 30 31 33 35 36 37 39 40 41 42 44 47 48 51 52 53 54 56 
0 33 0 1 6 13 15 16 17 18 19 20 21 22 23 24 25 26 27 28 29 31 32 34 35 36 37 38 39 40 41 43 44 45 46 47 48 49 50 51 52 53 55 56 
0 34 0 1 6 13 15 16 17 18 20 21 22 23 24 25 26 27 28 29 31 33 35 36 37 38 39 40 41 42 44 45 46 47 48 49 50 52 53 55 56 
0 35 0 1 6 12 13 14 15 16 17 18 19 21 22 23 24 25 26 27 28 29 30 31 32 33 34 36 37 38 39 40 41 43 44 45 47 48 49 51 53 55 56 
0 36 0 1 6 12 13 14 15 16 17 18 19 22 23 24 25 26 27 28 29 30 31 32 33 34 35 37 38 39 40 41 42 44 45 47 48 49 51 52 53 54 55 56 
0 37 1 6 12 13 14 15 16 17 18 19 20 21 22 25 26 27 28 29 30 31 32 33 34 35 36 38 39 40 41 43 44 45 46 47 48 49 50 52 53 55 56 
0 38 0 1 6 12 13 14 15 16 17 18 20 21 22 23 25 26 27 28 29 31 33 34 35 36 37 39 40 41 42 43 44 45 46 47 48 49 50 52 53 54 55 56 
0 39 0 1 6 12 13 14 15 16 17 18 19 21 22 23 24 25 26 27 28 29 30 31 32 33 34 35 36 37 38 40 41 44 45 46 47 48 49 51 52 53 55 56 
0 40 0 1 6 12 13 14 15 16 17 18 19 21 22 23 24 25 26 27 28 29 30 31 32 33 34 35 36 37 38 39 41 42 44 45 47 48 49 51 52 53 54 55 56 
0 41 0 1 6 12 13 14 15 16 17 18 19 20 21 22 23 25 26 27 28 29 31 32 33 34 35 36 37 38 39 40 43 44 45 46 47 48 49 51 53 55 56 
0 42 1 6 12 16 17 18 19 21 22 23 24 25 26 28 29 30 31 32 34 36 38 40 47 49 51 52 54 56 
0 43 12 14 20 25 26 30 33 35 37 38 41 44 45 46 47 48 50 56 
0 44 1 6 12 13 14 15 16 17 18 19 20 21 22 23 24 25 26 27 28 29 30 31 32 33 34 35 36 37 38 39 40 41 43 45 46 47 48 49 50 51 52 53 55 56 
0 45 0 1 6 13 15 16 17 18 21 22 23 25 26 27 28 29 31 33 34 35 36 37 38 39 40 41 43 44 46 47 48 49 50 52 53 55 56 
0 46 1 6 13 14 15 20 22 26 27 28 29 33 34 37 38 39 41 43 44 45 47 48 49 50 53 55 
0 47 0 1 6 12 13 14 15 16 17 18 19 21 22 23 24 25 26 27 28 29 30 31 32 33 34 35 36 37 38 39 40 41 42 43 44 45 46 48 49 50 51 52 53 55 56 
0 48 0 1 6 12 13 14 15 16 17 18 19 20 21 22 23 24 25 26 27 28 29 30 31 32 33 34 35 36 37 38 39 40 41 43 44 45 46 47 49 51 52 53 55 56 
0 49 0 1 6 12 13 15 16 17 18 21 22 23 25 26 27 28 29 31 33 34 35 36 37 38 39 40 41 42 44 45 46 47 48 50 51 52 53 54 55 56 
0 50 1 6 12 14 16 17 18 20 21 22 25 26 28 29 30 31 33 34 37 38 43 44 45 46 47 49 52 55 56 
0 51 0 1 6 12 13 15 16 17 18 19 21 22 23 24 25 27 30 31 32 33 35 36 39 40 41 42 44 47 48 49 52 53 54 55 56 
0 52 0 1 6 12 13 15 16 17 18 19 21 22 23 24 25 26 27 28 29 30 31 32 33 34 36 37 38 39 40 42 44 45 47 48 49 50 51 53 54 55 56 
0 53 0 1 6 12 13 15 16 17 18 19 22 23 24 25 26 27 28 29 30 31 32 33 34 35 36 37 38 39 40 41 44 45 46 47 48 49 51 52 55 56 
0 54 12 16 17 18 19 21 23 24 25 28 29 30 31 32 36 38 40 42 49 51 52 56 
0 55 0 1 6 13 15 16 17 18 20 21 22 23 25 26 27 28 29 31 33 34 35 36 37 38 39 40 41 44 45 46 47 48 49 50 51 52 53 56 
0 56 0 1 6 12 13 14 15 16 17 18 19 21 22 23 24 25 26 27 28 29 30 31 32 33 34 35 36 37 38 39 40 41 42 43 44 45 47 48 49 50 51 52 53 54 55 
0 57 2 7 8 58 59 60 62 63 64 65 67 69 70 71 72 73 74 76 77 78 79 80 81 82 83 84 85 86 87 88 89 91 92 94 96 97 98 99 100 101 102 103 104 
0 58 2 7 8 57 59 60 62 64 65 67 69 70 71 72 73 74 76 77 78 79 80 81 83 84 85 86 87 88 89 91 92 94 98 99 101 102 103 
0 59 2 7 8 57 58 60 62 63 64 65 66 67 68 69 70 71 72 73 76 77 78 79 80 83 84 85 87 90 91 92 94 95 96 97 98 99 100 101 102 
0 60 2 7 8 57 58 59 61 62 63 64 65 66 67 68 69 70 71 72 73 74 76 77 78 79 80 83 84 85 86 87 88 89 90 91 92 93 94 96 97 99 101 102 103 105 
0 61 60 63 69 70 73 80 82 85 88 89 93 94 97 99 103 105 
0 62 2 7 8 57 58 59 60 65 66 67 69 70 71 72 74 76 77 78 79 81 83 85 86 87 91 92 94 96 97 98 99 101 102 104 
0 63 2 7 8 57 59 60 61 64 65 67 70 73 77 80 81 82 83 85 87 88 90 93 94 95 96 97 100 101 103 105 
0 64 2 7 8 57 58 59 60 63 65 66 67 68 69 70 71 72 73 74 75 76 77 79 80 82 83 85 86 87 88 89 90 91 93 94 96 97 99 101 102 103 104 105 
0 65 2 7 8 57 58 59 60 62 63 64 67 69 71 72 73 74 76 77 78 79 80 81 82 83 84 85 86 87 89 91 92 94 96 97 98 99 100 101 102 103 104 
0 66 2 7 8 59 60 62 64 68 69 70 71 72 73 76 77 78 80 83 87 88 90 91 92 93 96 97 98 99 101 102 
0 67 2 7 8 57 58 59 60 62 63 64 65 69 70 71 72 73 74 76 77 78 79 80 81 82 83 84 85 86 87 88 89 90 91 92 94 96 97 99 101 102 103 104 105 
0 68 2 7 8 59 60 64 66 69 70 71 73 76 77 78 79 80 83 84 87 89 90 91 92 93 95 97 98 101 102 
0 69 2 7 8 57 58 59 60 61 62 64 65 66 67 68 70 71 72 73 74 76 77 78 79 80 81 83 84 85 87 88 89 90 91 92 93 94 96 98 99 100 101 102 103 
0 70 2 7 8 57 58 59 60 61 62 63 64 66 67 68 69 71 72 73 77 80 81 83 85 87 88 89 90 93 96 97 98 99 101 102 103 105 
0 71 2 7 8 57 58 59 60 62 64 65 66 67 68 69 70 72 73 74 76 77 78 79 80 83 84 85 86 87 88 89 90 91 92 93 94 96 99 101 102 103 
0 72 2 7 8 57 58 59 60 62 64 65 66 67 69 70 71 73 75 77 80 81 82 83 87 90 96 97 98 99 101 102 104 105 
0 73 2 7 8 57 58 59 60 61 63 64 65 66 67 68 69 70 71 72 74 76 77 78 79 80 81 82 83 84 85 87 88 89 90 91 93 94 96 97 99 101 102 103 105 
0 74 2 7 8 57 58 60 62 64 65 67 69 71 73 76 77 78 79 80 83 84 85 86 87 89 91 92 94 95 96 99 101 102 103 
0 75 64 72 82 86 91 94 95 99 104 105 
0 76 2 7 8 57 58 59 60 62 64 65 66 67 68 69 71 73 74 77 78 79 80 83 84 85 86 87 89 91 92 94 96 98 99 101 102 103 
0 77 2 7 8 57 58 59 60 62 63 64 65 66 67 68 69 70 71 72 73 74 76 78 79 80 81 83 84 85 87 90 91 92 94 96 97 98 99 101 102 104 
0 78 2 7 8 57 58 59 60 62 65 66 67 68 69 71 73 74 76 77 79 80 83 84 85 87 90 91 92 93 94 95 97 98 100 101 102 103 
0 79 2 7 8 57 58 59 60 62 64 65 67 68 69 71 73 74 76 77 78 80 83 84 85 86 87 89 91 92 94 98 99 101 102 103 
0 80 2 7 8 57 58 59 60 61 63 64 65 66 67 68 69 70 71 72 73 74 76 77 78 79 81 82 83 84 85 87 88 89 90 91 93 94 96 97 99 100 101 102 103 105 
0 81 2 7 8 57 58 62 63 65 67 69 70 72 73 77 80 83 95 96 97 98 99 100 101 102 104 
0 82 2 7 8 57 61 63 64 65 67 72 73 75 80 85 86 87 88 90 96 97 99 101 103 104 105 
0 83 2 7 8 57 58 59 60 62 63 64 65 66 67 68 69 70 71 72 73 74 76 77 78 79 80 81 84 85 87 88 89 90 91 92 93 94 96 97 98 99 100 101 102 103 105 
0 84 2 7 8 57 58 59 60 65 67 68 69 71 73 74 76 77 78 79 80 83 85 87 88 89 91 92 93 94 95 100 101 102 103 
0 85 2 7 8 57 58 59 60 61 62 63 64 65 67 69 70 71 73 74 76 77 78 79 80 82 83 84 86 87 88 89 90 91 92 93 94 95 96 97 98 99 101 102 103 105 
0 86 2 7 8 57 58 60 62 64 65 67 71 74 75 76 79 82 85 87 89 91 93 94 95 96 99 101 102 103 104 
0 87 2 7 8 57 58 59 60 62 63 64 65 66 67 68 69 70 71 72 73 74 76 77 78 79 80 82 83 84 85 86 88 89 90 91 92 93 94 96 97 98 99 101 102 103 105 
0 88 2 7 8 57 58 60 61 63 64 66 67 69 70 71 73 80 82 83 84 85 87 89 90 91 93 94 96 97 101 103 105 
0 89 2 7 8 57 58 60 61 64 65 67 68 69 70 71 73 74 76 79 80 83 84 85 86 87 88 91 93 94 99 101 102 103 
0 90 2 7 8 59 60 63 64 66 67 68 69 70 71 72 73 77 78 80 82 83 85 87 88 91 93 94 96 97 99 101 103 105 
0 91 2 7 8 57 58 59 60 62 64 65 66 67 68 69 71 73 74 75 76 77 78 79 80 83 84 85 86 87 88 89 90 92 93 94 95 98 101 102 103 105 
0 92 2 7 8 57 58 59 60 62 65 66 67 68 69 71 74 76 77 78 79 83 84 85 87 91 94 97 98 101 102 103 
0 93 2 7 8 60 61 63 64 66 68 69 70 71 73 78 80 83 84 85 86 87 88 89 90 91 94 95 96 99 101 103 105 
0 94 2 7 8 57 58 59 60 61 62 63 64 65 67 69 71 73 74 75 76 77 78 79 80 83 84 85 86 87 88 89 90 91 92 93 95 96 98 99 101 102 103 105 
0 95 59 63 68 74 75 78 81 84 85 86 91 93 94 97 100 103 
0 96 2 7 8 57 59 60 62 63 64 65 66 67 69 70 71 72 73 74 76 77 80 81 82 83 85 86 87 88 90 93 94 97 98 99 101 102 103 104 105 
0 97 2 7 8 57 59 60 61 62 63 64 65 66 67 68 70 72 73 77 78 80 81 82 83 85 87 88 90 92 95 96 98 99 100 101 103 105 
0 98 2 7 8 57 58 59 62 65 66 68 69 70 72 76 77 78 79 81 83 85 87 91 92 94 96 97 99 102 
0 99 2 7 8 57 58 59 60 61 62 64 65 66 67 69 70 71 72 73 74 75 76 77 79 80 81 82 83 85 86 87 89 90 93 94 96 97 98 101 102 103 
0 100 57 59 63 65 69 78 80 81 83 84 95 97 103 104 
0 101 2 7 8 57 58 59 60 62 63 64 65 66 67 68 69 70 71 72 73 74 76 77 78 79 80 81 82 83 84 85 86 87 88 89 90 91 92 93 94 96 97 99 102 103 105 
0 102 2 7 8 57 58 59 60 62 64 65 66 67 68 69 70 71 72 73 74 76 77 78 79 80 81 83 84 85 86 87 89 91 92 94 96 98 99 101 103 
0 103 2 7 8 57 58 60 61 63 64 65 67 69 70 71 73 74 76 78 79 80 82 83 84 85 86 87 88 89 90 91 92 93 94 95 96 97 99 100 101 102 105 
0 104 57 62 64 65 67 72 75 77 81 82 86 96 100 105 
0 105 2 7 8 60 61 63 64 67 70 72 73 75 80 82 83 85 87 88 90 91 93 94 96 97 101 103 104 
0 106 3 9 10 11 107 108 109 110 111 112 113 114 115 116 117 118 119 120 121 122 123 124 125 126 127 128 129 130 131 132 133 134 135 136 137 138 139 140 141 142 
0 107 3 9 10 11 106 108 109 110 111 112 113 114 115 116 117 118 119 120 121 122 123 124 125 126 127 128 129 130 131 132 134 135 136 137 138 139 140 141 142 
0 108 3 9 10 11 106 107 109 110 111 112 113 114 115 116 117 118 119 120 121 122 123 124 125 126 127 128 129 130 131 132 133 134 135 136 137 138 139 140 141 142 
0 109 3 9 10 11 106 107 108 110 111 112 113 114 115 116 117 118 119 120 121 122 123 124 125 126 127 128 129 130 132 133 134 135 136 137 138 139 140 141 142 
0 110 3 9 10 11 106 107 108 109 111 112 113 114 115 116 117 118 119 120 121 122 123 124 125 126 127 128 129 130 131 132 133 134 135 136 137 138 139 140 141 142 
0 111 3 9 10 11 106 107 108 109 110 112 113 114 115 116 117 118 119 120 121 122 123 124 125 126 127 128 129 130 131 132 133 134 135 136 137 138 139 140 141 142 
0 112 3 9 10 11 106 107 108 109 110 111 113 114 115 116 117 118 119 120 121 122 123 124 125 126 127 128 129 130 131 132 133 134 135 136 137 138 140 141 142 
0 113 3 9 10 11 106 107 108 109 110 111 112 114 115 116 117 118 119 120 121 122 123 124 126 127 128 129 130 133 135 136 137 138 140 141 142 
0 114 3 9 10 11 106 107 108 109 110 111 112 113 115 116 117 118 119 120 121 122 123 124 125 126 127 128 129 130 131 132 133 134 135 136 137 138 139 140 141 142 
0 115 3 9 10 11 106 107 108 109 110 111 112 113 114 116 117 118 119 120 121 122 123 124 125 127 128 129 130 131 132 133 134 135 137 138 139 140 141 142 
0 116 3 9 10 11 106 107 108 109 110 111 112 113 114 115 117 119 121 122 123 124 125 126 127 128 129 130 131 132 133 134 135 136 137 138 139 140 141 142 
0 117 3 9 10 11 106 107 108 109 110 111 112 113 114 115 116 118 119 120 121 122 123 124 125 126 127 128 129 130 131 132 133 134 135 136 137 138 139 140 141 142 
0 118 3 9 10 11 106 107 108 109 110 111 112 113 114 115 117 119 120 121 123 125 126 127 128 129 130 131 132 134 135 136 137 138 139 140 141 142 
0 119 3 9 10 11 106 107 108 109 110 111 112 113 114 115 116 117 118 120 121 122 123 124 125 126 127 128 129 130 131 132 133 134 135 136 137 138 139 140 141 142 
0 120 3 9 10 11 106 107 108 109 110 111 112 113 114 115 117 118 119 121 123 125 126 127 128 129 130 131 132 134 135 136 137 138 139 140 141 142 
0 121 3 9 10 11 106 107 108 109 110 111 112 113 114 115 116 117 118 119 120 122 123 124 125 126 127 128 129 130 131 132 133 134 135 136 137 138 139 140 141 142 
0 122 3 9 10 11 106 107 108 109 110 111 112 113 114 115 116 117 119 121 123 124 125 126 127 128 129 130 131 132 133 134 135 136 137 138 139 140 141 142 
0 123 3 9 10 11 106 107 108 109 110 111 112 113 114 115 116 117 118 119 120 121 122 124 125 126 127 128 129 130 131 132 133 134 135 136 137 138 139 140 141 142 
0 124 3 9 10 11 106 107 108 109 110 111 112 113 114 115 116 117 119 121 122 123 125 126 127 128 129 130 132 133 134 135 136 137 138 139 140 141 142 
0 125 3 9 10 11 106 107 108 109 110 111 112 114 115 116 117 118 119 120 121 122 123 124 126 127 128 129 130 131 132 133 134 135 136 137 138 139 140 141 142 
0 126 3 9 10 11 106 107 108 109 110 111 112 113 114 116 117 118 119 120 121 122 123 124 125 127 128 129 131 132 134 135 136 137 138 139 140 141 142 
0 127 3 9 10 11 106 107 108 109 110 111 112 113 114 115 116 117 118 119 120 121 122 123 124 125 126 128 129 130 131 132 133 134 135 136 137 138 139 140 141 142 
0 128 3 9 10 11 106 107 108 109 110 111 112 113 114 115 116 117 118 119 120 121 122 123 124 125 126 127 129 130 132 133 134 135 136 137 138 139 140 141 142 
0 129 3 9 10 11 106 107 108 109 110 111 112 113 114 115 116 117 118 119 120 121 122 123 124 125 126 127 128 130 131 132 133 134 135 136 137 138 139 140 141 142 
0 130 3 9 10 11 106 107 108 109 110 111 112 113 114 115 116 117 118 119 120 121 122 123 124 125 127 128 129 131 133 134 135 137 138 139 140 141 142 
0 131 3 9 10 11 106 107 108 110 111 112 114 115 116 117 118 119 120 121 122 123 125 126 127 129 130 132 134 135 136 137 140 141 142 
0 132 3 9 10 11 106 107 108 109 110 111 112 114 115 116 117 118 119 120 121 122 123 124 125 126 127 128 129 131 133 134 135 136 137 138 139 140 141 142 
0 133 3 9 10 11 106 108 109 110 111 112 113 114 115 116 117 119 121 122 123 124 125 127 128 129 130 132 134 135 136 137 138 139 140 141 142 
0 134 3 9 10 11 106 107 108 109 110 111 112 114 115 116 117 118 119 120 121 122 123 124 125 126 127 128 129 130 131 132 133 135 136 137 138 139 140 141 142 
0 135 3 9 10 11 106 107 108 109 110 111 112 113 114 115 116 117 118 119 120 121 122 123 124 125 126 127 128 129 130 131 132 133 134 136 137 138 139 140 141 142 
0 136 3 9 10 11 106 107 108 109 110 111 112 113 114 116 117 118 119 120 121 122 123 124 125 126 127 128 129 131 132 133 134 135 137 138 139 140 141 142 
0 137 3 9 10 11 106 107 108 109 110 111 112 113 114 115 116 117 118 119 120 121 122 123 124 125 126 127 128 129 130 131 132 133 134 135 136 138 139 140 141 142 
0 138 3 9 10 11 106 107 108 109 110 111 112 113 114 115 116 117 118 119 120 121 122 123 124 125 126 127 128 129 130 132 133 134 135 136 137 139 140 141 142 
0 139 3 9 10 11 106 107 108 109 110 111 114 115 116 117 118 119 120 121 122 123 124 125 126 127 128 129 130 132 133 134 135 136 137 138 140 141 142 
0 140 3 9 10 11 106 107 108 109 110 111 112 113 114 115 116 117 118 119 120 121 122 123 124 125 126 127 128 129 130 131 132 133 134 135 136 137 138 139 141 142 
0 141 3 9 10 11 106 107 108 109 110 111 112 113 114 115 116 117 118 119 120 121 122 123 124 125 126 127 128 129 130 131 132 133 134 135 136 137 138 139 140 142 
0 142 3 9 10 11 106 107 108 109 110 111 112 113 114 115 116 117 118 119 120 121 122 123 124 125 126 127 128 129 130 131 132 133 134 135 136 137 138 139 140 141 
0 143 4 147 148 149 152 154 158 160 161 162 163 166 168 169 170 171 203 
0 144 4 146 147 148 151 152 153 154 156 159 160 161 162 163 166 167 168 170 172 184 190 198 202 204 
0 145 149 163 176 179 180 184 189 191 197 198 
0 146 4 144 147 148 150 151 152 153 154 155 156 157 159 160 161 162 163 164 165 166 167 168 169 170 172 190 198 202 204 
0 147 4 143 144 146 148 149 151 152 153 154 155 158 160 161 162 164 165 166 168 169 170 171 174 187 192 198 204 
0 148 4 143 144 146 147 149 150 151 152 153 154 155 156 157 158 159 160 161 162 163 164 165 166 167 168 169 170 171 172 184 198 
0 149 4 143 145 147 148 150 151 152 153 154 155 156 157 160 161 162 163 164 165 167 169 170 171 172 184 
0 150 4 146 148 149 151 152 153 154 155 156 157 159 161 163 164 165 166 167 169 170 171 172 
0 151 4 144 146 147 148 149 150 152 153 154 155 156 157 158 159 160 161 162 163 164 165 166 167 168 169 170 171 172 174 184 198 200 202 204 
0 152 4 143 144 146 147 148 149 150 151 153 154 155 156 157 158 159 160 161 162 163 164 165 167 168 169 170 171 172 184 198 
0 153 4 144 146 147 148 149 150 151 152 154 155 156 157 160 161 162 164 165 166 167 169 170 171 172 180 188 190 204 
0 154 4 143 144 146 147 148 149 150 151 152 153 155 157 158 160 161 162 164 165 166 168 169 170 171 172 198 
0 155 4 146 147 148 149 150 151 152 153 154 156 157 158 159 161 163 164 165 167 169 170 171 172 184 
0 156 4 144 146 148 149 150 151 152 153 155 157 159 163 164 165 167 169 170 171 172 184 
0 157 4 146 148 149 150 151 152 153 154 155 156 159 160 161 163 164 165 166 167 169 170 171 172 
0 158 4 143 147 148 151 152 154 155 160 161 162 165 166 167 168 169 170 171 172 
0 159 4 144 146 148 150 151 152 155 156 157 163 164 167 169 170 172 
0 160 4 143 144 146 147 148 149 151 152 153 154 157 158 161 162 164 165 166 167 168 169 170 171 172 198 203 
0 161 4 143 144 146 147 148 149 150 151 152 153 154 155 157 158 160 162 164 165 166 167 168 169 170 171 172 198 
0 162 4 143 144 146 147 148 149 151 152 153 154 158 160 161 165 167 168 169 170 171 172 174 192 198 202 203 204 
0 163 4 143 144 145 146 148 149 150 151 152 155 156 157 159 164 167 169 170 172 
0 164 4 5 146 147 148 149 150 151 152 153 154 155 156 157 159 160 161 163 165 167 169 170 171 172 174 175 176 181 182 184 185 187 189 196 198 200 202 204 
0 165 4 146 147 148 149 150 151 152 153 154 155 156 157 158 160 161 162 164 166 167 168 169 170 171 172 174 198 202 
0 166 143 144 146 147 148 150 151 153 154 157 158 160 161 165 171 190 202 204 
0 167 4 144 146 148 149 150 151 152 153 155 156 157 158 159 160 161 162 163 164 165 168 169 170 171 172 174 184 198 202 
0 168 4 5 143 144 146 147 148 151 152 154 158 160 161 162 165 167 169 170 171 172 174 177 179 183 187 188 192 193 198 199 203 204 
0 169 4 143 146 147 148 149 150 151 152 153 154 155 156 157 158 159 160 161 162 163 164 165 167 168 170 171 172 184 198 
0 170 4 143 144 146 147 148 149 150 151 152 153 154 155 156 157 158 159 160 161 162 163 164 165 167 168 169 171 172 184 
0 171 4 143 147 148 149 150 151 152 153 154 155 156 157 158 160 161 162 164 165 166 167 168 169 170 172 184 
0 172 4 144 146 148 149 150 151 152 153 154 155 156 157 158 159 160 161 162 163 164 165 167 168 169 170 171 184 198 
0 173 5 174 175 176 177 178 179 180 181 182 183 186 187 188 190 191 193 194 195 197 198 199 202 203 204 
0 174 5 147 151 162 164 165 167 168 173 175 176 177 178 179 180 182 183 186 187 188 190 192 193 195 196 198 199 200 202 204 
0 175 5 164 173 174 177 178 179 180 181 182 183 184 185 186 187 188 189 190 191 192 193 194 195 196 197 198 199 200 201 202 203 204 
0 176 5 145 164 173 174 180 181 182 190 191 193 194 195 196 197 200 202 
0 177 5 168 173 174 175 178 179 183 186 187 188 190 192 193 198 199 203 204 
0 178 5 173 174 175 177 179 180 182 183 186 187 188 189 190 192 193 194 195 197 198 199 202 204 
0 179 5 145 168 173 174 175 177 178 180 182 183 184 186 187 188 190 191 192 193 195 197 198 199 201 203 204 
0 180 5 145 153 173 174 175 176 178 179 182 183 186 187 188 190 191 192 193 195 197 198 199 202 204 
0 181 5 164 173 175 176 182 183 184 185 186 187 189 190 191 192 194 195 196 197 200 201 202 204 
0 182 5 164 173 174 175 176 178 179 180 181 183 184 185 186 187 188 189 190 191 192 193 194 195 196 197 198 199 200 201 202 204 
0 183 5 168 173 174 175 177 178 179 180 181 182 184 185 186 187 188 189 190 191 192 193 195 196 197 198 199 201 203 204 
0 184 4 5 144 145 148 149 151 152 155 156 164 167 169 170 171 172 175 179 181 182 183 185 186 187 189 191 192 193 195 196 197 199 200 201 203 204 
0 185 5 164 175 181 182 183 184 186 187 189 190 191 192 195 196 197 200 201 202 204 
0 186 5 173 174 175 177 178 179 180 181 182 183 184 185 187 188 189 190 191 192 193 194 195 196 197 198 199 200 201 202 203 204 
0 187 5 147 164 168 173 174 175 177 178 179 180 181 182 183 184 185 186 188 189 190 191 192 193 194 195 196 197 198 199 200 201 204 
0 188 5 153 168 173 174 175 177 178 179 180 182 183 186 187 190 191 192 193 195 197 198 199 204 
0 189 5 145 164 175 178 181 182 183 184 185 186 187 191 192 193 195 196 197 199 200 201 
0 190 5 144 146 153 166 173 174 175 176 177 178 179 180 181 182 183 185 186 187 188 191 192 193 195 197 198 199 201 202 204 
0 191 5 145 173 175 176 179 180 181 182 183 184 185 186 187 188 189 190 192 193 195 196 197 198 199 200 201 203 204 
0 192 5 147 162 168 174 175 177 178 179 180 181 182 183 184 185 186 187 188 189 190 191 193 195 196 197 198 199 200 201 203 204 
0 193 5 168 173 174 175 176 177 178 179 180 182 183 184 186 187 188 189 190 191 192 195 197 198 199 201 202 203 204 
0 194 173 175 176 178 181 182 186 187 196 201 202 
0 195 5 173 174 175 176 178 179 180 181 182 183 184 185 186 187 188 189 190 191 192 193 196 197 198 199 200 201 202 203 204 
0 196 5 164 174 175 176 181 182 183 184 185 186 187 189 191 192 194 195 197 199 200 201 202 204 
0 197 5 145 173 175 176 178 179 180 181 182 183 184 185 186 187 188 189 190 191 192 193 195 196 198 199 200 201 202 203 204 
0 198 4 5 144 145 146 147 148 151 152 154 160 161 162 164 165 167 168 169 172 173 174 175 177 178 179 180 182 183 186 187 188 190 191 192 193 195 197 199 200 202 204 
0 199 5 168 173 174 175 177 178 179 180 182 183 184 186 187 188 189 190 191 192 193 195 196 197 198 202 203 204 
0 200 5 151 164 174 175 176 181 182 184 185 186 187 189 191 192 195 196 197 198 201 202 204 
0 201 5 175 179 181 182 183 184 185 186 187 189 190 191 192 193 194 195 196 197 200 202 204 
0 202 5 144 146 151 162 164 165 166 167 173 174 175 176 178 180 181 182 185 186 190 193 194 195 196 197 198 199 200 201 204 
0 203 143 160 162 168 173 175 177 179 183 184 186 191 192 193 195 197 199 
0 204 5 144 146 147 151 153 162 164 166 168 173 174 175 177 178 179 180 181 182 183 184 185 186 187 188 190 191 192 193 195 196 197 198 199 200 201 202 
0 205 0 1 2 
0 206 0 3 4 5 
0 207 0 1 2 
0 208 0 3 4 5 
0 209 0 1 2 3 4 
0 210 0 1 5 
0 211 0 2 3 
0 212 0 1 4 5 
0 213 0 1 2 3 4 5 
0 214 0 1 2 3 4 5 
0 215 0 1 2 3 4 5 
0 216 0 1 2 3 5 
0 217 0 1 2 4 
0 218 0 3 4 5 
0 219 0 1 2 3 
0 220 0 4 5 
0 221 0 1 2 3 4 
0 222 0 1 2 3 4 5 
0 223 0 4 5 
0 224 0 1 2 3 
0 225 0 2 5 
0 226 0 1 2 3 4 
0 227 0 1 3 
0 228 0 4 5 
0 229 0 1 3 4 5 
0 230 0 2 3 5 
0 231 0 1 4 
0 232 0 1 2 3 5 
0 233 0 3 4 
0 234 0 1 2 4 5 
1800 0 6 12 13 14 15 16 17 18 19 21 22 23 24 25 26 27 29 30 31 32 33 36 37 41 44 46 47 49 50 52 56 205 206 207 208 209 210 211 212 213 214 215 216 217 218 219 220 221 222 223 224 225 226 227 228 229 230 231 232 233 234 
1800 1 6 12 13 14 15 16 17 18 19 20 22 23 24 25 26 27 29 30 31 32 33 34 35 36 37 40 41 42 43 44 45 46 47 49 50 51 52 53 54 55 56 205 207 209 210 212 213 214 215 216 217 219 221 222 224 226 227 229 231 232 234 
1800 2 7 8 57 58 59 60 61 62 63 64 65 66 67 68 69 70 71 72 73 74 75 76 77 78 79 80 81 82 83 84 85 86 89 90 91 92 93 94 95 96 97 98 99 100 101 102 104 105 205 207 209 211 213 214 215 216 217 219 221 222 224 225 226 230 232 234 
1800 3 9 10 11 106 107 108 109 110 111 112 113 114 115 116 117 118 119 120 121 122 123 124 125 126 127 128 129 130 131 132 133 134 135 136 137 138 139 140 141 142 206 208 209 211 213 214 215 216 218 219 221 222 224 226 227 229 230 232 233 
1800 4 143 144 145 146 147 148 149 150 151 152 153 154 155 156 157 158 159 160 161 162 163 164 165 166 167 168 169 170 171 172 185 191 206 208 209 212 213 214 215 217 218 220 221 222 223 226 228 229 231 233 234 
1800 5 150 159 168 173 174 175 176 177 178 179 180 182 183 184 186 187 188 189 190 192 193 194 195 196 197 198 199 200 201 202 203 206 208 210 212 213 214 215 216 218 220 222 223 225 228 229 230 232 234 
1800 6 0 1 12 13 14 15 16 17 18 19 20 22 23 24 25 26 27 29 30 31 32 33 34 35 36 37 40 41 42 43 44 45 46 47 49 50 51 52 53 54 55 56 
1800 7 2 8 57 58 59 60 61 62 63 64 65 66 67 68 69 70 71 72 73 74 75 76 77 78 79 80 81 82 83 84 85 86 89 90 91 92 93 94 95 96 97 98 99 100 101 102 104 105 
1800 8 2 7 57 58 59 60 61 62 63 64 65 66 67 68 69 70 71 72 73 74 75 76 77 78 79 80 81 82 83 84 85 86 89 90 91 92 93 94 95 96 97 98 99 100 101 102 104 105 
1800 9 3 10 11 106 107 108 109 110 111 112 113 114 115 116 117 118 119 120 121 122 123 124 125 126 127 128 129 130 131 132 133 134 135 136 137 138 139 140 141 142 
1800 10 3 9 11 106 107 108 109 110 111 112 113 114 115 116 117 118 119 120 121 122 123 124 125 126 127 128 129 130 131 132 133 134 135 136 137 138 139 140 141 142 
1800 11 3 9 10 106 107 108 109 110 111 112 113 114 115 116 117 118 119 120 121 122 123 124 125 126 127 128 129 130 131 132 133 134 135 136 137 138 139 140 141 142 
1800 12 0 1 6 13 14 15 16 17 18 19 22 23 24 25 26 27 29 30 31 32 33 34 36 37 41 42 43 44 45 46 47 49 50 51 53 55 56 
1800 13 0 1 6 12 14 15 16 17 18 19 20 22 23 24 25 26 27 29 30 31 32 33 34 35 36 37 38 40 41 42 43 44 46 47 49 50 51 52 53 54 56 
1800 14 0 1 6 12 13 15 16 17 18 19 20 22 23 24 26 27 29 30 31 32 33 34 35 36 37 38 40 41 42 43 44 45 46 47 48 49 50 51 53 54 55 56 
1800 15 0 1 6 12 13 14 16 17 18 19 20 22 23 24 25 26 27 29 30 31 32 33 34 35 36 37 39 40 41 42 43 44 45 46 47 48 49 50 52 53 55 56 
1800 16 0 1 6 12 13 14 15 17 18 19 20 22 23 24 25 26 27 28 29 30 31 32 34 35 36 38 39 40 41 42 43 44 45 46 47 49 50 51 52 53 54 55 56 
1800 17 0 1 6 12 13 14 15 16 18 19 20 22 23 24 25 26 27 29 30 31 32 33 34 35 36 37 38 39 40 41 42 43 44 45 46 47 48 49 50 52 53 54 55 56 
1800 18 0 1 6 12 13 14 15 16 17 19 20 22 23 24 25 26 27 29 30 31 32 33 34 35 36 37 40 41 42 43 44 45 46 47 49 50 51 52 53 54 55 56 
1800 19 0 1 6 12 13 14 15 16 17 18 20 22 23 24 25 26 27 28 29 30 31 32 33 34 35 39 40 41 42 43 44 45 46 47 49 50 51 52 53 54 55 56 
1800 20 1 6 13 14 15 16 17 18 19 22 23 24 25 26 27 29 30 31 32 34 35 36 38 40 41 42 43 44 45 46 47 48 51 52 53 54 55 56 
1800 21 0 25 32 49 
1800 22 0 1 6 12 13 14 15 16 17 18 19 20 23 24 25 26 27 29 30 31 32 33 34 35 36 37 38 39 40 41 42 43 44 45 46 47 48 49 50 52 53 54 55 56 
1800 23 0 1 6 12 13 14 15 16 17 18 19 20 22 25 26 27 29 30 31 32 33 34 35 36 38 39 40 41 42 43 44 45 46 47 50 51 52 53 54 55 56 
1800 24 0 1 6 12 13 14 15 16 17 18 19 20 22 25 26 27 29 30 31 32 33 34 35 38 40 41 42 43 44 45 46 47 48 49 50 51 52 53 55 56 
1800 25 0 1 6 12 13 15 16 17 18 19 20 21 22 23 24 26 27 29 30 31 32 33 34 35 36 38 40 41 42 43 44 46 47 50 51 52 53 54 55 56 
1800 26 0 1 6 12 13 14 15 16 17 18 19 20 22 23 24 25 27 29 30 31 32 33 34 36 37 41 42 43 44 45 46 47 49 50 51 53 55 56 
1800 27 0 1 6 12 13 14 15 16 17 18 19 20 22 23 24 25 26 29 30 31 32 33 34 35 36 37 38 39 40 41 42 43 44 45 46 47 48 49 50 51 52 53 54 55 56 
1800 28 16 19 29 37 39 42 45 48 52 53 55 56 
1800 29 0 1 6 12 13 14 15 16 17 18 19 20 22 23 24 25 26 27 28 30 31 32 33 34 37 39 41 42 43 44 45 46 47 48 49 50 53 55 56 
1800 30 0 1 6 12 13 14 15 16 17 18 19 20 22 23 24 25 26 27 29 31 32 33 34 35 36 37 38 40 41 43 44 45 46 47 49 50 51 52 53 55 56 
1800 31 0 1 6 12 13 14 15 16 17 18 19 20 22 23 24 25 26 27 29 30 32 33 34 35 36 37 38 40 41 42 43 44 45 46 47 49 50 51 52 53 55 56 
1800 32 0 1 6 12 13 14 15 16 17 18 19 20 21 22 23 24 25 26 27 29 30 31 33 34 36 37 40 41 43 44 45 46 47 49 50 51 52 53 55 56 
1800 33 0 1 6 12 13 14 15 17 18 19 22 23 24 25 26 27 29 30 31 32 36 37 41 43 44 46 47 49 50 52 55 56 
1800 34 1 6 12 13 14 15 16 17 18 19 20 22 23 24 25 26 27 29 30 31 32 35 36 38 40 41 42 43 44 45 46 47 48 49 50 51 53 56 
1800 35 1 6 13 14 15 16 17 18 19 20 22 23 24 25 27 30 31 34 36 37 38 39 40 42 43 46 49 51 54 
1800 36 0 1 6 12 13 14 15 16 17 18 20 22 23 25 26 27 30 31 32 33 34 35 37 38 40 41 43 44 46 47 50 54 
1800 37 0 1 6 12 13 14 15 17 18 22 26 27 28 29 30 31 32 33 35 36 39 41 42 43 44 46 47 48 49 50 56 
1800 38 13 14 16 17 20 22 23 24 25 27 30 31 34 35 36 40 43 46 48 49 51 54 
1800 39 15 16 17 19 22 23 27 28 29 35 37 40 42 45 48 50 52 53 54 55 56 
1800 40 1 6 13 14 15 16 17 18 19 20 22 23 24 25 27 30 31 32 34 35 36 38 39 41 42 43 44 46 47 48 49 50 51 52 54 
1800 41 0 1 6 12 13 14 15 16 17 18 19 20 22 23 24 25 26 27 29 30 31 32 33 34 36 37 40 42 43 44 45 46 47 49 50 52 53 55 56 
1800 42 1 6 12 13 14 15 16 17 18 19 20 22 23 24 25 26 27 28 29 31 34 35 37 39 40 41 43 45 46 48 50 52 53 54 55 56 
1800 43 1 6 12 13 14 15 16 17 18 19 20 22 23 24 25 26 27 29 30 31 32 33 34 35 36 37 38 40 41 42 44 45 46 47 48 49 50 51 52 53 54 55 56 
1800 44 0 1 6 12 13 14 15 16 17 18 19 20 22 23 24 25 26 27 29 30 31 32 33 34 36 37 40 41 43 45 46 47 49 50 51 52 53 55 56 
1800 45 1 6 12 14 15 16 17 18 19 20 22 23 24 26 27 28 29 30 31 32 34 39 41 42 43 44 46 47 48 49 50 53 55 56 
1800 46 0 1 6 12 13 14 15 16 17 18 19 20 22 23 24 25 26 27 29 30 31 32 33 34 35 36 37 38 40 41 42 43 44 45 47 49 50 51 52 53 54 55 56 
1800 47 0 1 6 12 13 14 15 16 17 18 19 20 22 23 24 25 26 27 29 30 31 32 33 34 36 37 40 41 43 44 45 46 49 50 51 52 53 55 56 
1800 48 14 15 17 20 22 24 27 28 29 34 37 38 39 40 42 43 45 49 50 51 54 56 
1800 49 0 1 6 12 13 14 15 16 17 18 19 21 22 24 26 27 29 30 31 32 33 34 35 37 38 40 41 43 44 45 46 47 48 50 51 52 53 56 
1800 50 0 1 6 12 13 14 15 16 17 18 19 22 23 24 25 26 27 29 30 31 32 33 34 36 37 39 40 41 42 43 44 45 46 47 48 49 52 53 55 56 
1800 51 1 6 12 13 14 16 18 19 20 23 24 25 26 27 30 31 32 34 35 38 40 43 44 46 47 48 49 53 
1800 52 0 1 6 13 15 16 17 18 19 20 22 23 24 25 27 28 30 31 32 33 39 40 41 42 43 44 46 47 49 50 55 
1800 53 1 6 12 13 14 15 16 17 18 19 20 22 23 24 25 26 27 28 29 30 31 32 34 39 41 42 43 44 45 46 47 49 50 51 55 56 
1800 54 1 6 13 14 16 17 18 19 20 22 23 25 27 35 36 38 39 40 42 43 46 48 
1800 55 1 6 12 14 15 16 17 18 19 20 22 23 24 25 26 27 28 29 30 31 32 33 39 41 42 43 44 45 46 47 50 52 53 56 
1800 56 0 1 6 12 13 14 15 16 17 18 19 20 22 23 24 25 26 27 28 29 30 31 32 33 34 37 39 41 42 43 44 45 46 47 48 49 50 53 55 
1800 57 2 7 8 58 59 60 61 62 63 64 66 67 71 72 73 74 76 77 79 80 81 84 85 89 91 92 93 94 96 97 98 99 100 102 104 105 
1800 58 2 7 8 57 59 60 61 62 63 64 65 66 67 68 69 70 71 72 73 74 75 76 77 78 79 80 81 83 84 85 86 87 89 90 91 92 93 94 95 96 97 98 99 100 101 104 105 
1800 59 2 7 8 57 58 60 61 62 63 64 66 67 71 72 73 74 76 77 78 79 80 81 83 84 85 87 88 89 91 92 93 94 96 97 98 99 100 103 104 105 
1800 60 2 7 8 57 58 59 61 62 63 64 66 67 68 69 71 72 73 74 75 76 77 78 79 80 81 82 84 85 86 87 89 90 91 92 93 94 95 96 97 98 99 100 103 104 105 
1800 61 2 7 8 57 58 59 60 62 63 64 65 66 67 68 69 70 72 73 74 75 76 78 79 80 81 83 84 85 86 89 91 92 93 94 95 96 97 98 99 100 101 102 104 105 
1800 62 2 7 8 57 58 59 60 61 63 64 65 66 67 68 69 70 71 72 73 74 75 76 77 78 79 80 81 82 83 84 85 86 90 91 92 93 94 95 96 97 98 99 100 101 102 104 105 
1800 63 2 7 8 57 58 59 60 61 62 64 65 66 67 68 69 71 72 74 75 76 77 78 79 80 81 83 85 86 89 91 92 93 94 95 96 97 98 99 101 102 104 105 
1800 64 2 7 8 57 58 59 60 61 62 63 65 66 67 68 69 70 71 72 73 74 75 76 78 79 80 81 82 83 84 85 86 87 88 89 90 91 92 93 94 95 97 98 99 101 102 103 104 105 
1800 65 2 7 8 58 61 62 63 64 66 67 68 69 70 72 75 76 78 79 80 81 82 83 84 85 86 89 91 92 93 94 95 97 101 102 105 
1800 66 2 7 8 57 58 59 60 61 62 63 64 65 67 70 71 72 73 74 75 76 77 78 79 80 81 83 84 85 86 87 89 91 92 93 94 96 97 98 99 100 101 102 104 105 
1800 67 2 7 8 57 58 59 60 61 62 63 64 65 66 68 69 70 71 72 73 74 75 76 77 78 79 80 81 83 84 85 86 89 90 91 92 93 94 95 96 97 98 99 100 101 102 104 105 
1800 68 2 7 8 58 60 61 62 63 64 65 67 69 70 71 72 75 76 78 79 80 81 83 84 85 86 90 91 92 93 94 95 96 98 101 102 105 
1800 69 2 7 8 58 60 61 62 63 64 65 67 68 70 72 75 76 78 80 81 83 84 85 86 90 91 93 94 95 96 98 101 105 
1800 70 2 7 8 58 61 62 64 65 66 67 68 69 71 72 75 76 78 79 81 83 84 85 86 89 91 92 93 94 97 101 102 103 105 
1800 71 2 7 8 57 58 59 60 62 63 64 66 67 68 70 72 73 74 75 76 77 78 79 80 81 82 83 84 85 86 87 88 89 90 91 92 93 94 95 98 99 103 104 105 
1800 72 2 7 8 57 58 59 60 61 62 63 64 65 66 67 68 69 70 71 73 74 75 76 77 78 79 80 81 83 84 85 86 89 90 91 93 94 95 96 97 98 99 100 101 104 105 
1800 73 2 7 8 57 58 59 60 61 62 64 66 67 71 72 74 76 79 80 81 82 84 85 87 89 91 92 93 94 96 97 98 99 100 101 102 103 104 105 
1800 74 2 7 8 57 58 59 60 61 62 63 64 66 67 71 72 73 76 77 78 79 80 81 82 83 84 85 86 87 89 91 92 93 94 96 97 98 99 100 103 104 105 
1800 75 2 7 8 58 60 61 62 63 64 65 66 67 68 69 70 71 72 76 78 79 80 81 82 83 84 85 86 87 88 90 91 92 93 94 95 96 97 98 101 102 103 105 
1800 76 2 7 8 57 58 59 60 61 62 63 64 65 66 67 68 69 70 71 72 73 74 75 77 78 79 80 81 82 83 84 85 86 87 89 90 91 92 93 94 95 96 97 98 99 100 101 102 104 105 
1800 77 2 7 8 57 58 59 60 62 63 66 67 71 72 74 76 80 81 85 89 90 94 97 99 102 104 105 
1800 78 2 7 8 58 59 60 61 62 63 64 65 66 67 68 69 70 71 72 74 75 76 79 80 81 82 83 84 85 86 87 88 89 90 91 92 93 94 95 97 98 99 101 102 103 105 
1800 79 2 7 8 57 58 59 60 61 62 63 64 65 66 67 68 70 71 72 73 74 75 76 78 80 81 83 84 85 86 87 88 89 91 92 93 94 97 98 99 101 102 103 104 105 
1800 80 2 7 8 57 58 59 60 61 62 63 64 65 66 67 68 69 71 72 73 74 75 76 77 78 79 81 84 85 86 89 90 91 93 94 95 96 97 98 99 100 101 102 104 105 
1800 81 2 7 8 57 58 59 60 61 62 63 64 65 66 67 68 69 70 71 72 73 74 75 76 77 78 79 80 83 84 85 86 89 90 91 92 93 94 95 96 97 98 99 100 101 102 104 105 
1800 82 2 7 8 60 62 64 65 71 73 74 75 76 78 85 86 87 90 94 95 98 103 
1800 83 2 7 8 58 59 61 62 63 64 65 66 67 68 69 70 71 72 74 75 76 78 79 81 84 85 86 87 88 89 91 92 93 94 95 97 99 101 102 103 105 
1800 84 2 7 8 57 58 59 60 61 62 64 65 66 67 68 69 70 71 72 73 74 75 76 78 79 80 81 83 85 86 87 88 89 90 91 92 93 94 95 96 98 99 101 103 104 105 
1800 85 2 7 8 57 58 59 60 61 62 63 64 65 66 67 68 69 70 71 72 73 74 75 76 77 78 79 80 81 82 83 84 86 87 89 90 91 92 93 94 95 96 97 98 99 100 101 102 104 105 
1800 86 2 7 8 58 60 61 62 63 64 65 66 67 68 69 70 71 72 74 75 76 78 79 80 81 82 83 84 85 87 88 90 91 92 93 94 95 97 98 101 102 105 
1800 87 58 59 60 64 66 71 73 74 75 76 78 79 82 83 84 85 86 88 89 90 92 93 94 99 103 
1800 88 59 64 71 75 78 79 83 84 86 87 89 90 93 99 100 103 
1800 89 2 7 8 57 58 59 60 61 63 64 65 66 67 70 71 72 73 74 76 77 78 79 80 81 83 84 85 87 88 92 93 94 97 99 101 102 103 104 
1800 90 2 7 8 58 60 62 64 67 68 69 71 72 75 76 77 78 80 81 82 84 85 86 87 88 91 94 95 96 98 
1800 91 2 7 8 57 58 59 60 61 62 63 64 65 66 67 68 69 70 71 72 73 74 75 76 78 79 80 81 83 84 85 86 90 92 93 94 95 96 97 98 99 100 101 102 104 105 
1800 92 2 7 8 57 58 59 60 61 62 63 64 65 66 67 68 70 71 73 74 75 76 78 79 81 83 84 85 86 87 89 91 93 94 95 97 99 101 102 103 
1800 93 2 7 8 57 58 59 60 61 62 63 64 65 66 67 68 69 70 71 72 73 74 75 76 78 79 80 81 83 84 85 86 87 88 89 91 92 94 95 97 99 101 102 103 104 105 
1800 94 2 7 8 57 58 59 60 61 62 63 64 65 66 67 68 69 70 71 72 73 74 75 76 77 78 79 80 81 82 83 84 85 86 87 89 90 91 92 93 95 96 97 98 99 100 101 102 104 105 
1800 95 2 7 8 58 60 61 62 63 64 65 67 68 69 71 72 75 76 78 80 81 82 83 84 85 86 90 91 92 93 94 96 97 98 100 101 105 
1800 96 2 7 8 57 58 59 60 61 62 63 66 67 68 69 72 73 74 75 76 80 81 84 85 90 91 94 95 97 98 99 100 102 104 105 
1800 97 2 7 8 57 58 59 60 61 62 63 64 65 66 67 70 72 73 74 75 76 77 78 79 80 81 83 85 86 89 91 92 93 94 95 96 98 99 100 101 102 104 105 
1800 98 2 7 8 57 58 59 60 61 62 63 64 66 67 68 69 71 72 73 74 75 76 78 79 80 81 82 84 85 86 90 91 94 95 96 97 99 100 102 104 105 
1800 99 2 7 8 57 58 59 60 61 62 63 64 66 67 71 72 73 74 76 77 78 79 80 81 83 84 85 87 88 89 91 92 93 94 96 97 98 100 102 104 105 
1800 100 2 7 8 57 58 59 60 61 62 66 67 72 73 74 76 80 81 85 88 91 94 95 96 97 98 99 102 104 105 
1800 101 2 7 8 58 61 62 63 64 65 66 67 68 69 70 72 73 75 76 78 79 80 81 83 84 85 86 89 91 92 93 94 95 97 102 105 
1800 102 2 7 8 57 61 62 63 64 65 66 67 68 70 73 75 76 77 78 79 80 81 83 85 86 89 91 92 93 94 96 97 98 99 100 101 
1800 103 59 60 64 70 71 73 74 75 78 79 82 83 84 87 88 89 92 93 
1800 104 2 7 8 57 58 59 60 61 62 63 64 66 67 71 72 73 74 76 77 79 80 81 84 85 89 91 93 94 96 97 98 99 100 105 
1800 105 2 7 8 57 58 59 60 61 62 63 64 65 66 67 68 69 70 71 72 73 74 75 76 77 78 79 80 81 83 84 85 86 91 93 94 95 96 97 98 99 100 101 104 
1800 106 3 9 10 11 107 108 109 110 111 112 113 114 115 116 117 118 119 120 121 122 123 124 125 126 129 130 132 133 134 135 137 138 139 140 141 
1800 107 3 9 10 11 106 108 109 111 112 113 114 115 116 117 118 119 120 121 122 123 124 125 126 127 128 129 130 131 132 133 134 135 136 137 138 139 140 141 
1800 108 3 9 10 11 106 107 109 110 111 112 113 114 115 116 117 118 119 120 121 122 123 124 125 126 127 128 129 130 131 132 133 134 135 136 137 138 139 140 141 142 
1800 109 3 9 10 11 106 107 108 110 111 112 113 114 115 116 117 118 119 120 121 122 123 124 125 126 127 128 129 130 131 132 133 134 135 136 137 138 139 140 141 142 
1800 110 3 9 10 11 106 108 109 111 112 113 115 116 117 118 119 121 122 123 124 125 126 127 128 130 131 132 133 134 135 137 138 139 
1800 111 3 9 10 11 106 107 108 109 110 112 113 114 115 116 117 118 119 120 121 122 123 124 125 126 127 128 129 130 131 132 133 134 135 136 137 138 139 140 141 
1800 112 3 9 10 11 106 107 108 109 110 111 113 114 115 116 117 118 119 120 121 122 123 124 125 126 127 129 130 132 133 134 135 136 137 138 139 140 141 142 
1800 113 3 9 10 11 106 107 108 109 110 111 112 114 115 116 117 118 119 120 121 122 123 124 125 126 127 129 130 132 133 134 135 136 137 138 139 140 141 
1800 114 3 9 10 11 106 107 108 109 111 112 113 115 117 118 119 120 121 122 124 126 127 128 129 130 131 132 133 134 135 136 137 138 139 140 141 142 
1800 115 3 9 10 11 106 107 108 109 110 111 112 113 114 116 117 118 119 120 121 122 123 124 125 126 127 128 129 130 131 132 134 135 136 137 138 139 140 141 
1800 116 3 9 10 11 106 107 108 109 110 111 112 113 115 117 118 119 120 121 122 123 125 126 128 130 131 132 133 134 135 136 137 138 139 140 141 142 
1800 117 3 9 10 11 106 107 108 109 110 111 112 113 114 115 116 118 119 121 122 123 124 125 126 127 128 129 130 131 132 133 134 135 136 137 138 139 140 141 142 
1800 118 3 9 10 11 106 107 108 109 110 111 112 113 114 115 116 117 119 120 121 122 123 124 125 126 127 128 129 130 131 132 133 134 135 136 137 138 139 140 141 
1800 119 3 9 10 11 106 107 108 109 110 111 112 113 114 115 116 117 118 120 121 122 123 125 126 127 128 129 130 131 132 133 134 135 136 137 138 139 140 141 142 
1800 120 3 9 10 11 106 107 108 109 111 112 113 114 115 116 118 119 121 122 123 125 126 127 128 129 130 131 132 135 136 137 138 139 140 141 
1800 121 3 9 10 11 106 107 108 109 110 111 112 113 114 115 116 117 118 119 120 122 123 124 125 126 127 129 130 131 132 133 134 135 136 137 138 139 140 141 142 
1800 122 3 9 10 11 106 107 108 109 110 111 112 113 114 115 116 117 118 119 120 121 123 124 125 126 127 128 129 130 131 132 133 134 135 136 137 138 139 140 141 142 
1800 123 3 9 10 11 106 107 108 109 110 111 112 113 115 116 117 118 119 120 121 122 124 125 126 127 128 130 131 132 135 137 138 139 140 141 
1800 124 3 9 10 11 106 107 108 109 110 111 112 113 114 115 117 118 121 122 123 125 126 127 128 129 130 131 132 134 135 136 137 138 139 140 141 
1800 125 3 9 10 11 106 107 108 109 110 111 112 113 115 116 117 118 119 120 121 122 123 124 126 127 128 130 131 132 133 134 135 136 137 138 139 140 141 142 
1800 126 3 9 10 11 106 107 108 109 110 111 112 113 114 115 116 117 118 119 120 121 122 123 124 125 127 128 129 130 131 132 133 134 135 136 137 138 139 140 141 
1800 127 3 9 10 11 107 108 109 110 111 112 113 114 115 117 118 119 120 121 122 123 124 125 126 128 129 130 131 132 133 134 135 136 137 138 139 140 141 142 
1800 128 3 9 10 11 107 108 109 110 111 114 115 116 117 118 119 120 122 123 124 125 126 127 129 130 131 132 133 134 135 136 137 138 139 140 141 142 
1800 129 3 9 10 11 106 107 108 109 111 112 113 114 115 117 118 119 120 121 122 124 126 127 128 130 131 132 133 134 135 136 137 138 139 140 141 142 
1800 130 3 9 10 11 106 107 108 109 110 111 112 113 114 115 116 117 118 119 120 121 122 123 124 125 126 127 128 129 131 132 133 134 135 136 137 138 139 140 141 142 
1800 131 3 9 10 11 107 108 109 110 111 114 115 116 117 118 119 120 121 122 123 124 125 126 127 128 129 130 132 133 134 135 137 138 139 140 141 142 
1800 132 3 9 10 11 106 107 108 109 110 111 112 113 114 115 116 117 118 119 120 121 122 123 124 125 126 127 128 129 130 131 133 134 135 136 137 138 139 140 141 
1800 133 3 9 10 11 106 107 108 109 110 111 112 113 114 116 117 118 119 121 122 125 126 127 128 129 130 131 132 134 135 136 137 138 139 141 142 
1800 134 3 9 10 11 106 107 108 109 110 111 112 113 114 115 116 117 118 119 121 122 124 125 126 127 128 129 130 131 132 133 135 136 137 138 139 140 141 142 
1800 135 3 9 10 11 106 107 108 109 110 111 112 113 114 115 116 117 118 119 120 121 122 123 124 125 126 127 128 129 130 131 132 133 134 136 137 138 139 140 141 142 
1800 136 3 9 10 11 107 108 109 111 112 113 114 115 116 117 118 119 120 121 122 124 125 126 127 128 129 130 132 133 134 135 137 138 139 140 141 142 
1800 137 3 9 10 11 106 107 108 109 110 111 112 113 114 115 116 117 118 119 120 121 122 123 124 125 126 127 128 129 130 131 132 133 134 135 136 138 139 140 141 
1800 138 3 9 10 11 106 107 108 109 110 111 112 113 114 115 116 117 118 119 120 121 122 123 124 125 126 127 128 129 130 131 132 133 134 135 136 137 139 140 141 
1800 139 3 9 10 11 106 107 108 109 110 111 112 113 114 115 116 117 118 119 120 121 122 123 124 125 126 127 128 129 130 131 132 133 134 135 136 137 138 140 141 142 
1800 140 3 9 10 11 106 107 108 109 111 112 113 114 115 116 117 118 119 120 121 122 123 124 125 126 127 128 129 130 131 132 134 135 136 137 138 139 141 
1800 141 3 9 10 11 106 107 108 109 111 112 113 114 115 116 117 118 119 120 121 122 123 124 125 126 127 128 129 130 131 132 133 134 135 136 137 138 139 140 142 
1800 142 3 9 10 11 108 109 112 114 116 117 119 121 122 125 127 128 129 130 131 133 134 135 136 139 141 
1800 143 4 144 145 147 148 151 152 153 154 156 157 158 160 161 162 163 164 165 166 167 168 169 170 171 172 185 191 
1800 144 4 143 145 146 147 148 149 150 151 152 153 154 155 156 157 158 159 160 161 162 163 164 165 166 167 168 169 170 172 185 191 199 
1800 145 4 143 144 146 148 149 150 151 153 154 155 156 157 158 159 160 161 162 163 164 165 166 167 169 170 171 172 182 192 
1800 146 4 144 145 147 148 149 150 151 152 153 154 155 156 157 158 159 160 161 162 163 164 165 166 167 169 170 171 172 199 
1800 147 4 143 144 146 148 149 150 151 152 153 154 156 157 158 160 161 162 163 164 166 170 171 172 175 185 191 195 
1800 148 4 143 144 145 146 147 149 150 151 152 153 154 155 156 157 158 159 160 161 162 163 164 165 166 167 169 170 171 172 185 191 
1800 149 4 144 145 146 147 148 150 151 152 153 154 155 156 157 159 160 162 163 164 166 167 169 170 172 175 195 199 
1800 150 4 5 144 145 146 147 148 149 153 154 155 156 157 159 160 161 162 163 164 166 167 169 170 172 175 177 179 182 185 187 189 192 193 196 197 199 
1800 151 4 143 144 145 146 147 148 149 152 153 154 155 156 157 158 159 160 161 162 163 164 166 167 168 169 170 171 172 178 185 191 195 199 
1800 152 4 143 144 146 147 148 149 151 153 154 155 156 157 158 159 160 161 162 164 166 167 168 169 170 171 172 178 185 191 192 199 
1800 153 4 143 144 145 146 147 148 149 150 151 152 154 155 156 157 158 159 160 161 162 163 164 166 167 168 169 170 171 172 185 191 192 
1800 154 4 143 144 145 146 147 148 149 150 151 152 153 155 156 157 158 159 160 161 162 163 164 165 166 167 169 170 171 172 185 191 
1800 155 4 144 145 146 148 149 150 151 152 153 154 156 157 158 159 160 161 162 163 164 165 166 167 169 170 172 
1800 156 4 143 144 145 146 147 148 149 150 151 152 153 154 155 157 158 159 160 161 162 163 164 165 166 167 168 169 170 171 172 185 191 
1800 157 4 143 144 145 146 147 148 149 150 151 152 153 154 155 156 158 159 160 161 162 163 164 165 166 167 169 170 171 172 182 185 191 192 
1800 158 4 143 144 145 146 147 148 151 152 153 154 155 156 157 159 160 161 162 163 164 165 166 167 169 170 171 172 185 191 192 
1800 159 4 5 144 145 146 148 149 150 151 152 153 154 155 156 157 158 160 161 162 163 164 165 166 167 169 170 172 175 176 177 178 184 187 189 190 195 196 197 199 201 
1800 160 4 143 144 145 146 147 148 149 150 151 152 153 154 155 156 157 158 159 161 162 163 164 166 167 169 170 171 172 175 182 185 191 192 195 199 
1800 161 4 143 144 145 146 147 148 150 151 152 153 154 155 156 157 158 159 160 162 163 164 166 167 170 171 172 185 191 
1800 162 4 143 144 145 146 147 148 149 150 151 152 153 154 155 156 157 158 159 160 161 163 164 165 166 167 168 169 170 171 172 185 191 199 
1800 163 4 143 144 145 146 147 148 149 150 151 153 154 155 156 157 158 159 160 161 162 164 166 167 169 170 171 172 175 
1800 164 4 143 144 145 146 147 148 149 150 151 152 153 154 155 156 157 158 159 160 161 162 163 165 166 167 168 169 170 171 172 185 191 
1800 165 4 143 144 145 146 148 154 155 156 157 158 159 162 164 167 168 169 172 
1800 166 4 143 144 145 146 147 148 149 150 151 152 153 154 155 156 157 158 159 160 161 162 163 164 167 169 170 171 172 175 182 185 187 191 192 
1800 167 4 143 144 145 146 148 149 150 151 152 153 154 155 156 157 158 159 160 161 162 163 164 165 166 168 169 170 172 195 
1800 168 4 5 143 144 151 152 153 156 162 164 165 167 170 173 174 178 179 180 182 185 187 188 190 191 192 193 194 195 196 197 198 199 200 202 203 
1800 169 4 143 144 145 146 148 149 150 151 152 153 154 155 156 157 158 159 160 162 163 164 165 166 167 170 171 172 175 182 185 187 191 192 197 
1800 170 4 143 144 145 146 147 148 149 150 151 152 153 154 155 156 157 158 159 160 161 162 163 164 166 167 168 169 171 172 175 185 191 195 
1800 171 4 143 145 146 147 148 151 152 153 154 156 157 158 160 161 162 163 164 166 169 170 172 182 185 191 192 
1800 172 4 143 144 145 146 147 148 149 150 151 152 153 154 155 156 157 158 159 160 161 162 163 164 165 166 167 169 170 171 182 185 191 192 
1800 173 5 168 174 175 176 177 178 179 180 182 183 184 186 187 188 189 190 192 193 194 196 197 198 199 200 201 203 
1800 174 5 168 173 176 178 179 180 181 182 184 186 187 188 189 190 192 193 194 195 196 197 198 199 200 201 203 204 
1800 175 5 147 149 150 159 160 163 166 169 170 173 176 177 178 179 181 182 183 184 187 189 190 192 195 196 197 199 201 202 203 
1800 176 5 159 173 174 175 177 178 179 182 184 186 187 188 189 191 192 193 194 195 196 197 198 199 200 201 202 203 204 
1800 177 5 150 159 173 175 176 178 179 183 184 185 186 187 188 189 190 193 194 196 197 199 200 201 203 
1800 178 5 151 152 159 168 173 174 175 176 177 179 182 184 185 187 188 189 190 193 194 195 196 197 198 199 200 201 202 203 204 
1800 179 5 150 168 173 174 175 176 177 178 180 182 183 184 186 187 188 189 190 192 193 194 195 196 197 198 199 200 202 203 
1800 180 5 168 173 174 179 183 187 188 189 190 192 193 194 196 197 198 200 203 
1800 181 174 175 184 195 202 204 
1800 182 5 145 150 157 160 166 168 169 171 172 173 174 175 176 178 179 184 185 187 188 191 192 193 194 195 196 197 198 200 202 203 
1800 183 5 173 175 177 179 180 184 186 187 188 189 191 193 194 196 197 199 200 203 
1800 184 5 159 173 174 175 176 177 178 179 181 182 183 186 187 188 189 194 195 196 197 198 199 200 201 202 203 204 
1800 185 4 143 144 147 148 150 151 152 153 154 156 157 158 160 161 162 164 166 168 169 170 171 172 177 178 182 191 192 199 
1800 186 5 173 174 176 177 179 183 184 188 189 191 194 196 197 199 200 203 204 
1800 187 5 150 159 166 168 169 173 174 175 176 177 178 179 180 182 183 184 188 189 190 192 193 194 195 196 197 198 199 200 201 202 203 
1800 188 5 168 173 174 176 177 178 179 180 182 183 184 186 187 191 192 193 194 195 196 197 198 200 202 203 
1800 189 5 150 159 173 174 175 176 177 178 179 180 183 184 186 187 190 192 196 197 199 201 203 
1800 190 5 159 168 173 174 175 177 178 179 180 187 189 192 193 194 195 197 199 200 201 202 203 
1800 191 4 143 144 147 148 151 152 153 154 156 157 158 160 161 162 164 166 168 169 170 171 172 176 182 183 185 186 188 192 196 198 201 202 203 
1800 192 5 145 150 152 153 157 158 160 166 168 169 171 172 173 174 175 176 179 180 182 185 187 188 189 190 191 193 194 196 197 198 200 201 203 
1800 193 5 150 168 173 174 176 177 178 179 180 182 183 187 188 190 192 194 195 196 197 198 199 200 202 203 
1800 194 5 168 173 174 176 177 178 179 180 182 183 184 186 187 188 190 192 193 196 197 198 199 200 203 
1800 195 5 147 149 151 159 160 167 168 170 174 175 176 178 179 181 182 184 187 188 190 193 197 198 199 200 202 203 
1800 196 5 150 159 168 173 174 175 176 177 178 179 180 182 183 184 186 187 188 189 191 192 193 194 197 198 199 200 201 202 203 
1800 197 5 150 159 168 169 173 174 175 176 177 178 179 180 182 183 184 186 187 188 189 190 192 193 194 195 196 198 199 200 201 202 203 
1800 198 5 168 173 174 176 178 179 180 182 184 187 188 191 192 193 194 195 196 197 200 202 203 
1800 199 5 144 146 149 150 151 152 159 160 162 168 173 174 175 176 177 178 179 183 184 185 186 187 189 190 193 194 195 196 197 200 201 203 
1800 200 5 168 173 174 176 177 178 179 180 182 183 184 186 187 188 190 192 193 194 195 196 197 198 199 202 203 
1800 201 5 159 173 174 175 176 177 178 184 187 189 190 191 192 196 197 199 203 204 
1800 202 5 168 175 176 178 179 181 182 184 187 188 190 191 193 195 196 197 198 200 203 
1800 203 5 168 173 174 175 176 177 178 179 180 182 183 184 186 187 188 189 190 191 192 193 194 195 196 197 198 199 200 201 202 
1800 204 174 176 178 181 184 186 201 
1800 205 0 1 2 
1800 206 0 3 4 5 
1800 207 0 1 2 
1800 208 0 3 4 5 
1800 209 0 1 2 3 4 
1800 210 0 1 5 
1800 211 0 2 3 
1800 212 0 1 4 5 
1800 213 0 1 2 3 4 5 
1800 214 0 1 2 3 4 5 
1800 215 0 1 2 3 4 5 
1800 216 0 1 2 3 5 
1800 217 0 1 2 4 
1800 218 0 3 4 5 
1800 219 0 1 2 3 
1800 220 0 4 5 
1800 221 0 1 2 3 4 
1800 222 0 1 2 3 4 5 
1800 223 0 4 5 
1800 224 0 1 2 3 
1800 225 0 2 5 
1800 226 0 1 2 3 4 
1800 227 0 1 3 
1800 228 0 4 5 
1800 229 0 1 3 4 5 
1800 230 0 2 3 5 
1800 231 0 1 4 
1800 232 0 1 2 3 5 
1800 233 0 3 4 
1800 234 0 1 2 4 5 
