0 21600
1800 0 1 2 6 25 27 34 45 53 205 206 207 208 209 210 211 212 213 214 215 216 217 218 219 220 221 222 223 224 225 226 227 228 229 230 231 232 233 234 
1800 1 0 3 16 24 26 41 42 55 205 207 209 210 212 213 214 215 216 217 219 221 222 224 226 227 229 231 232 234 
1800 2 0 3 5 7 65 66 76 82 83 87 91 96 97 98 101 205 207 209 211 213 214 215 216 217 219 221 222 224 225 226 230 232 234 
1800 3 1 2 117 118 122 127 136 138 140 206 208 209 211 213 214 215 216 218 219 221 222 224 226 227 229 230 232 233 
1800 4 5 148 153 154 165 168 184 198 206 208 209 212 213 214 215 217 218 220 221 222 223 226 228 229 231 233 234 
1800 5 2 4 164 175 177 178 191 197 206 208 210 212 213 214 215 216 218 220 222 223 225 228 229 230 232 234 
1800 6 0 16 19 28 29 37 44 49 50 55 
1800 7 2 59 63 67 68 83 89 96 
1800 8 60 71 76 93 
1800 9 10 108 109 112 116 120 131 132 135 136 142 
1800 10 9 11 106 108 109 114 115 116 119 120 123 124 134 139 140 
1800 11 10 107 115 117 121 124 134 136 
1800 12 17 39 48 50 
1800 13 17 18 31 36 37 39 40 49 
1800 14 15 21 22 24 29 44 48 56 
1800 15 14 32 35 36 38 41 47 51 
1800 16 1 6 18 29 31 36 40 47 53 
1800 17 12 13 25 26 34 35 38 41 54 
1800 18 13 16 25 39 44 50 51 55 
1800 19 6 21 35 41 51 56 
1800 20 38 41 43 44 
1800 21 14 19 32 34 45 50 
1800 22 14 27 31 37 40 46 53 
1800 23 24 27 29 39 48 49 53 
1800 24 1 14 23 28 54 56 
1800 25 0 17 18 31 32 41 43 53 56 
1800 26 1 17 32 33 34 35 47 55 
1800 27 0 22 23 36 38 49 52 
1800 28 6 24 36 37 39 
1800 29 6 14 16 23 33 37 39 47 
1800 30 35 44 52 
1800 31 13 16 22 25 32 33 34 35 42 45 50 51 56 
1800 32 15 21 25 26 31 52 
1800 33 26 29 31 39 
1800 34 0 17 21 26 31 44 48 
1800 35 15 17 19 26 30 31 44 48 
1800 36 13 15 16 27 28 39 47 56 
1800 37 6 13 22 28 29 38 45 50 55 
1800 38 15 17 20 27 37 41 42 47 48 
1800 39 12 13 18 23 28 29 33 36 41 
1800 40 13 16 22 52 53 
1800 41 1 15 17 19 20 25 38 39 48 
1800 42 1 31 38 56 
1800 43 20 25 50 
1800 44 6 14 18 20 30 34 35 50 52 
1800 45 0 21 31 37 48 53 
1800 46 22 
1800 47 15 16 26 29 36 38 51 52 53 
1800 48 12 14 23 34 35 38 41 45 49 53 
1800 49 6 13 23 27 48 54 56 
1800 50 6 12 18 21 31 37 43 44 
1800 51 15 18 19 31 47 56 
1800 52 27 30 32 40 44 47 53 55 56 
1800 53 0 16 22 23 25 40 45 47 48 52 55 
1800 54 17 24 49 
1800 55 1 6 18 26 37 52 53 56 
1800 56 14 19 24 25 31 36 42 49 51 52 55 
1800 57 63 64 76 89 91 94 96 99 
1800 58 85 
1800 59 7 66 67 77 79 80 83 85 87 97 
1800 60 8 61 63 67 68 69 70 78 79 84 89 92 101 105 
1800 61 60 82 97 
1800 62 71 72 79 87 
1800 63 7 57 60 64 73 77 82 87 
1800 64 57 63 68 70 88 89 90 93 102 
1800 65 2 73 76 78 81 83 86 92 99 100 
1800 66 2 59 68 70 78 80 91 92 
1800 67 7 59 60 71 80 88 99 
1800 68 7 60 64 66 69 73 76 77 83 84 89 93 97 
1800 69 60 68 72 73 78 80 94 96 
1800 70 60 64 66 80 96 97 101 103 105 
1800 71 8 62 67 84 85 96 
1800 72 62 69 81 99 101 
1800 73 63 65 68 69 82 83 93 103 
1800 74 76 79 95 
1800 75 86 95 
1800 76 2 8 57 65 68 74 80 87 89 99 
1800 77 59 63 68 97 
1800 78 60 65 66 69 79 90 94 100 102 
1800 79 59 60 62 74 78 87 91 
1800 80 59 66 67 69 70 76 83 93 
1800 81 65 72 98 100 101 
1800 82 2 61 63 73 86 97 
1800 83 2 7 59 65 68 73 80 94 96 105 
1800 84 60 68 71 89 101 102 103 
1800 85 58 59 71 87 96 101 102 
1800 86 65 75 82 87 91 96 
1800 87 2 59 62 63 76 79 85 86 92 93 94 103 
1800 88 64 67 101 
1800 89 7 57 60 64 68 76 84 99 
1800 90 64 78 93 
1800 91 2 57 66 79 86 
1800 92 60 65 66 87 103 
1800 93 8 64 68 73 80 87 90 
1800 94 57 69 78 83 87 102 103 
1800 95 74 75 100 103 
1800 96 2 7 57 69 70 71 83 85 86 
1800 97 2 59 61 68 70 77 82 
1800 98 2 81 
1800 99 57 65 67 72 76 89 103 
1800 100 65 78 81 95 103 104 
1800 101 2 60 70 72 81 84 85 88 102 
1800 102 64 78 84 85 94 101 
1800 103 70 73 84 87 92 94 95 99 100 
1800 104 100 105 
1800 105 60 70 83 104 
1800 106 10 111 112 120 130 134 135 
1800 107 11 109 111 114 116 120 122 135 137 
1800 108 9 10 109 110 115 120 124 126 127 128 130 135 136 140 141 
1800 109 9 10 107 108 111 119 121 122 127 136 
1800 110 108 127 130 140 141 
1800 111 106 107 109 117 118 119 126 132 140 
1800 112 9 106 126 128 129 135 136 138 
1800 113 115 119 126 136 
1800 114 10 107 118 125 127 139 140 
1800 115 10 11 108 113 128 137 141 
1800 116 9 10 107 128 130 134 
1800 117 3 11 111 122 123 124 131 137 
1800 118 3 111 114 120 
1800 119 10 109 111 113 123 124 126 136 
1800 120 9 10 106 107 108 118 130 132 
1800 121 11 109 127 129 134 136 
1800 122 3 107 109 117 125 128 130 142 
1800 123 10 117 119 135 
1800 124 10 11 108 117 119 128 130 139 
1800 125 114 122 126 130 135 136 141 
1800 126 108 111 112 113 119 125 127 138 139 142 
1800 127 3 108 109 110 114 121 126 133 139 142 
1800 128 108 112 115 116 122 124 137 138 140 
1800 129 112 121 133 137 138 141 142 
1800 130 106 108 110 116 120 122 124 125 134 
1800 131 9 117 134 
1800 132 9 111 120 138 139 140 
1800 133 127 129 141 
1800 134 10 11 106 116 121 130 131 135 136 141 142 
1800 135 9 106 107 108 112 123 125 134 
1800 136 3 9 11 108 109 112 113 119 121 125 134 138 
1800 137 107 115 117 128 129 
1800 138 3 112 126 128 129 132 136 
1800 139 10 114 124 126 127 132 
1800 140 3 10 108 110 111 114 128 132 
1800 141 108 110 115 125 129 133 134 142 
1800 142 9 122 126 127 129 134 141 
1800 143 147 158 161 168 
1800 144 152 154 156 166 172 
1800 145 176 179 180 184 189 
1800 146 148 151 159 167 169 
1800 147 143 149 152 164 165 168 198 
1800 148 4 146 149 150 155 160 164 184 
1800 149 147 148 154 155 170 
1800 150 148 153 154 156 163 
1800 151 146 156 157 163 167 
1800 152 144 147 153 164 167 169 184 
1800 153 4 150 152 157 160 188 204 
1800 154 4 144 149 150 157 158 169 198 
1800 155 148 149 161 163 167 
1800 156 144 150 151 184 
1800 157 151 153 154 159 160 163 
1800 158 143 154 169 
1800 159 146 157 170 
1800 160 148 153 157 164 171 
1800 161 143 155 168 171 172 
1800 162 168 171 174 202 
1800 163 150 151 155 157 172 
1800 164 5 147 148 152 160 169 170 172 174 198 204 
1800 165 4 147 166 171 
1800 166 144 165 190 
1800 167 146 151 152 155 
1800 168 4 143 147 161 162 169 192 203 
1800 169 146 152 154 158 164 168 
1800 170 149 159 164 172 
1800 171 160 161 162 165 
1800 172 144 161 163 164 170 184 
1800 173 181 193 197 
1800 174 162 164 176 177 180 183 195 
1800 175 5 178 184 185 187 
1800 176 145 174 194 196 
1800 177 5 174 186 193 
1800 178 5 175 183 186 189 204 
1800 179 145 183 190 195 203 
1800 180 145 174 187 191 197 
1800 181 173 192 195 201 
1800 182 184 185 186 191 201 
1800 183 174 178 179 186 190 196 204 
1800 184 4 145 148 152 156 172 175 182 185 187 191 201 
1800 185 175 182 184 190 191 195 196 201 
1800 186 177 178 182 183 193 196 198 199 
1800 187 175 180 184 193 201 
1800 188 153 190 193 204 
1800 189 145 178 196 
1800 190 166 179 183 185 188 191 197 201 
1800 191 5 180 182 184 185 190 
1800 192 168 181 199 200 201 
1800 193 173 177 186 187 188 195 204 
1800 194 176 202 
1800 195 174 179 181 185 193 200 203 204 
1800 196 176 183 185 186 189 200 
1800 197 5 173 180 190 
1800 198 4 147 154 164 186 199 200 204 
1800 199 186 192 198 
1800 200 192 195 196 198 
1800 201 181 182 184 185 187 190 192 204 
1800 202 162 194 
1800 203 168 179 195 
1800 204 153 164 178 183 188 193 195 198 201 
1800 205 0 1 2 
1800 206 0 3 4 5 
1800 207 0 1 2 
1800 208 0 3 4 5 
1800 209 0 1 2 3 4 
1800 210 0 1 5 
1800 211 0 2 3 
1800 212 0 1 4 5 
1800 213 0 1 2 3 4 5 
1800 214 0 1 2 3 4 5 
1800 215 0 1 2 3 4 5 
1800 216 0 1 2 3 5 
1800 217 0 1 2 4 
1800 218 0 3 4 5 
1800 219 0 1 2 3 
1800 220 0 4 5 
1800 221 0 1 2 3 4 
1800 222 0 1 2 3 4 5 
1800 223 0 4 5 
1800 224 0 1 2 3 
1800 225 0 2 5 
1800 226 0 1 2 3 4 
1800 227 0 1 3 
1800 228 0 4 5 
1800 229 0 1 3 4 5 
1800 230 0 2 3 5 
1800 231 0 1 4 
1800 232 0 1 2 3 5 
1800 233 0 3 4 
1800 234 0 1 2 4 5 
