0 21600
0 0 
0 1 20 22 38 43 45 
0 2 8 68 77 81 
0 3 91 92 103 108 109 123 
0 4 149 168 
0 5 175 185 186 196 211 
0 6 19 33 35 40 44 
0 7 16 23 43 44 
0 8 2 47 54 64 83 
0 9 86 87 93 104 114 
0 10 100 101 
0 11 124 125 130 132 149 150 162 169 
0 12 128 132 133 154 157 163 
0 13 125 140 141 156 
0 14 182 192 195 200 205 
0 15 22 32 37 
0 16 7 18 28 29 42 
0 17 20 22 23 34 
0 18 16 26 27 31 
0 19 6 33 41 44 
0 20 1 17 21 25 43 
0 21 20 24 29 32 
0 22 1 15 17 29 
0 23 7 17 41 
0 24 21 33 37 38 44 
0 25 20 33 34 39 44 
0 26 18 29 30 41 44 45 
0 27 18 30 36 39 44 
0 28 16 
0 29 16 21 22 26 32 36 42 
0 30 26 27 31 34 41 42 
0 31 18 30 41 45 
0 32 15 21 29 
0 33 6 19 24 25 
0 34 17 25 30 39 41 
0 35 6 39 
0 36 27 29 39 43 45 
0 37 15 24 39 42 
0 38 1 24 40 44 
0 39 25 27 34 35 36 37 45 
0 40 6 38 
0 41 19 23 26 30 31 34 
0 42 16 29 30 37 
0 43 1 7 20 36 44 
0 44 6 7 19 24 25 26 27 38 43 45 
0 45 1 26 31 36 39 44 
0 46 52 58 60 65 69 73 
0 47 8 53 73 76 77 78 
0 48 55 64 69 
0 49 51 57 
0 50 
0 51 49 56 58 74 76 
0 52 46 53 85 
0 53 47 52 54 73 81 
0 54 8 53 57 59 67 
0 55 48 59 60 62 64 72 
0 56 51 61 72 
0 57 49 54 65 73 84 
0 58 46 51 67 68 76 
0 59 54 55 65 70 72 
0 60 46 55 70 75 77 85 
0 61 56 73 77 78 
0 62 55 69 74 79 81 83 85 
0 63 67 83 
0 64 8 48 55 
0 65 46 57 59 71 76 78 
0 66 81 82 84 
0 67 54 58 63 76 78 84 
0 68 2 58 79 
0 69 46 48 62 74 
0 70 59 60 80 83 
0 71 65 
0 72 55 56 59 73 81 
0 73 46 47 53 57 61 72 77 
0 74 51 62 69 77 83 84 
0 75 60 83 
0 76 47 51 58 65 67 78 85 
0 77 2 47 60 61 73 74 
0 78 47 61 65 67 76 
0 79 62 68 
0 80 70 
0 81 2 53 62 66 72 
0 82 66 
0 83 8 62 63 70 74 75 
0 84 57 66 67 74 
0 85 52 60 62 76 
0 86 9 96 100 106 107 115 120 
0 87 9 97 102 103 108 120 
0 88 90 91 94 110 114 121 
0 89 91 
0 90 88 92 96 101 102 122 123 
0 91 3 88 89 
0 92 3 90 108 121 
0 93 9 111 117 
0 94 88 105 109 111 116 118 
0 95 101 
0 96 86 90 100 105 106 
0 97 87 101 
0 98 107 
0 99 103 112 123 
0 100 10 86 96 116 119 120 
0 101 10 90 95 97 120 
0 102 87 90 105 110 114 115 
0 103 3 87 99 108 110 117 118 120 
0 104 9 116 117 122 
0 105 94 96 102 110 120 123 
0 106 86 96 111 115 
0 107 86 98 
0 108 3 87 92 103 112 120 122 123 
0 109 3 94 120 
0 110 88 102 103 105 115 123 
0 111 93 94 106 112 122 
0 112 99 108 111 117 
0 113 119 120 
0 114 9 88 102 118 
0 115 86 102 106 110 117 
0 116 94 100 104 120 
0 117 93 103 104 112 115 121 
0 118 94 103 114 
0 119 100 113 122 
0 120 86 87 100 101 103 105 108 109 113 116 123 
0 121 88 92 117 
0 122 90 104 108 111 119 
0 123 3 90 99 105 108 110 120 
0 124 11 125 139 142 143 149 152 162 164 
0 125 11 13 124 137 142 145 168 171 
0 126 132 138 158 159 161 168 
0 127 167 
0 128 12 140 143 147 151 157 162 166 
0 129 138 140 143 156 164 171 
0 130 11 148 149 153 156 157 159 
0 131 
0 132 11 12 126 139 143 149 150 154 156 168 
0 133 12 136 
0 134 155 
0 135 142 157 159 166 
0 136 133 147 169 
0 137 125 143 153 157 166 
0 138 126 129 139 145 149 154 163 165 171 
0 139 124 132 138 144 152 159 165 
0 140 13 128 129 142 148 154 
0 141 13 144 152 162 
0 142 124 125 135 140 145 154 
0 143 124 128 129 132 137 154 164 171 
0 144 139 141 148 169 172 
0 145 125 138 142 152 166 169 
0 146 150 155 
0 147 128 136 153 168 
0 148 130 140 144 
0 149 4 11 124 130 132 138 150 162 
0 150 11 132 146 149 162 164 168 
0 151 128 
0 152 124 139 141 145 
0 153 130 137 147 156 168 
0 154 12 132 138 140 142 143 156 162 164 
0 155 134 146 
0 156 13 129 130 132 153 154 166 171 172 
0 157 12 128 130 135 137 161 166 172 
0 158 126 159 
0 159 126 130 135 139 158 163 165 166 
0 160 
0 161 126 157 
0 162 11 124 128 141 149 150 154 
0 163 12 138 159 164 
0 164 124 129 143 150 154 163 
0 165 138 139 159 170 
0 166 128 135 137 145 156 157 159 168 169 171 
0 167 127 
0 168 4 125 126 132 147 150 153 166 
0 169 11 136 144 145 166 
0 170 165 
0 171 125 129 138 143 156 166 
0 172 144 156 157 
0 173 174 205 
0 174 173 179 184 212 
0 175 5 185 191 194 207 208 210 213 
0 176 187 
0 177 198 
0 178 
0 179 174 182 188 210 214 
0 180 
0 181 203 
0 182 14 179 192 195 208 
0 183 185 194 
0 184 174 
0 185 5 175 183 188 
0 186 5 204 
0 187 176 
0 188 179 185 194 
0 189 214 
0 190 202 
0 191 175 192 201 203 205 210 213 
0 192 14 182 191 209 211 
0 193 
0 194 175 183 188 
0 195 14 182 196 
0 196 5 195 210 213 
0 197 198 200 204 214 
0 198 177 197 200 
0 199 214 
0 200 14 197 198 208 213 
0 201 191 205 
0 202 190 
0 203 181 191 212 
0 204 186 197 
0 205 14 173 191 201 
0 206 
0 207 175 208 
0 208 175 182 200 207 
0 209 192 
0 210 175 179 191 196 
0 211 5 192 
0 212 174 203 
0 213 175 191 196 200 
0 214 179 189 197 199 
1800 0 3 215 216 217 218 219 220 221 222 223 224 225 226 227 228 229 230 231 232 233 234 235 236 237 238 239 240 241 242 243 244 
1800 1 3 6 15 16 19 20 38 45 215 218 222 224 227 231 233 234 238 240 242 
1800 2 58 59 70 76 
1800 3 0 1 9 98 115 122 215 219 221 225 231 232 235 236 239 242 
1800 4 126 129 133 138 156 159 161 162 
1800 5 173 175 178 182 197 205 
1800 6 1 7 16 19 25 35 
1800 7 6 18 34 
1800 8 46 70 76 
1800 9 3 87 93 105 110 118 123 
1800 10 90 92 108 123 
1800 11 129 156 
1800 12 13 138 142 149 158 161 162 
1800 13 12 133 136 138 141 144 148 152 
1800 14 178 183 185 186 203 
1800 15 1 22 
1800 16 1 6 37 41 
1800 17 19 22 32 35 39 
1800 18 7 41 
1800 19 1 6 17 24 26 32 33 
1800 20 1 23 37 38 
1800 21 32 37 45 
1800 22 15 17 37 44 
1800 23 20 24 26 28 
1800 24 19 23 33 37 45 
1800 25 6 28 34 43 
1800 26 19 23 31 
1800 27 
1800 28 23 25 30 41 44 
1800 29 33 39 42 
1800 30 28 37 43 44 
1800 31 26 33 37 
1800 32 17 19 21 44 
1800 33 19 24 29 31 37 40 41 
1800 34 7 25 
1800 35 6 17 37 41 42 
1800 36 
1800 37 16 20 21 22 24 30 31 33 35 
1800 38 1 20 
1800 39 17 29 
1800 40 33 
1800 41 16 18 28 33 35 42 44 
1800 42 29 35 41 
1800 43 25 30 
1800 44 22 28 30 32 41 
1800 45 1 21 24 
1800 46 8 48 52 60 67 83 
1800 47 59 67 70 75 76 80 
1800 48 46 50 55 69 72 85 
1800 49 
1800 50 48 77 
1800 51 54 56 66 68 76 
1800 52 46 70 79 81 
1800 53 58 72 84 
1800 54 51 56 70 72 76 85 
1800 55 48 57 58 62 66 74 80 
1800 56 51 54 61 62 72 80 
1800 57 55 58 68 72 
1800 58 2 53 55 57 68 81 
1800 59 2 47 65 74 
1800 60 46 67 72 
1800 61 56 67 71 76 85 
1800 62 55 56 67 68 76 
1800 63 67 
1800 64 73 
1800 65 59 78 85 
1800 66 51 55 69 83 
1800 67 46 47 60 61 62 63 
1800 68 51 57 58 62 69 74 78 83 
1800 69 48 66 68 79 84 
1800 70 2 8 47 52 54 73 76 79 81 
1800 71 61 78 
1800 72 48 53 54 56 57 60 80 
1800 73 64 70 79 
1800 74 55 59 68 
1800 75 47 
1800 76 2 8 47 51 54 61 62 70 79 
1800 77 50 
1800 78 65 68 71 85 
1800 79 52 69 70 73 76 
1800 80 47 55 56 72 
1800 81 52 58 70 
1800 82 
1800 83 46 66 68 
1800 84 53 69 
1800 85 48 54 61 65 78 
1800 86 93 101 104 108 109 117 121 122 
1800 87 9 90 93 102 111 
1800 88 102 104 107 114 123 
1800 89 96 121 
1800 90 10 87 91 
1800 91 90 98 99 107 108 110 117 121 
1800 92 10 100 107 112 113 115 
1800 93 9 86 87 105 106 122 
1800 94 96 98 99 101 109 115 
1800 95 104 106 118 
1800 96 89 94 111 119 122 
1800 97 108 119 
1800 98 3 91 94 115 
1800 99 91 94 106 110 118 
1800 100 92 101 104 110 112 
1800 101 86 94 100 103 105 110 120 
1800 102 87 88 107 111 
1800 103 101 118 
1800 104 86 88 95 100 105 
1800 105 9 93 101 104 
1800 106 93 95 99 123 
1800 107 88 91 92 102 
1800 108 10 86 91 97 118 122 
1800 109 86 94 
1800 110 9 91 99 100 101 
1800 111 87 96 102 112 
1800 112 92 100 111 117 
1800 113 92 
1800 114 88 119 
1800 115 3 92 94 98 
1800 116 
1800 117 86 91 112 
1800 118 9 95 99 103 108 
1800 119 96 97 114 
1800 120 101 122 123 
1800 121 86 89 91 
1800 122 3 86 93 96 108 120 
1800 123 9 10 88 106 120 
1800 124 129 150 159 162 
1800 125 130 135 138 147 154 156 161 
1800 126 4 142 158 166 171 
1800 127 
1800 128 129 143 144 150 154 165 
1800 129 4 11 124 128 133 135 146 150 164 165 
1800 130 125 133 138 141 142 164 165 
1800 131 
1800 132 135 137 145 148 
1800 133 4 13 129 130 138 145 147 154 160 
1800 134 138 
1800 135 125 129 132 143 144 145 156 164 
1800 136 13 138 142 143 169 171 
1800 137 132 139 141 145 151 154 158 162 163 
1800 138 4 12 13 125 130 133 134 136 141 144 149 
1800 139 137 141 147 172 
1800 140 141 143 146 168 
1800 141 13 130 137 138 139 140 144 145 156 157 168 
1800 142 12 126 130 136 148 162 169 
1800 143 128 135 136 140 156 
1800 144 13 128 135 138 141 145 151 165 
1800 145 132 133 135 137 141 144 152 153 154 
1800 146 129 140 158 
1800 147 125 133 139 156 159 
1800 148 13 132 142 150 
1800 149 12 138 157 
1800 150 124 128 129 148 164 170 172 
1800 151 137 144 
1800 152 13 145 
1800 153 145 156 157 
1800 154 125 128 133 137 145 
1800 155 
1800 156 4 11 125 135 141 143 147 153 165 168 171 172 
1800 157 141 149 153 
1800 158 12 126 137 146 164 
1800 159 4 124 147 162 165 
1800 160 133 171 
1800 161 4 12 125 165 168 
1800 162 4 12 124 137 142 159 
1800 163 137 164 
1800 164 129 130 135 150 158 163 
1800 165 128 129 130 144 156 159 161 170 
1800 166 126 167 169 
1800 167 166 169 
1800 168 140 141 156 161 
1800 169 136 142 166 167 171 
1800 170 150 165 
1800 171 126 136 156 160 169 
1800 172 139 150 156 
1800 173 5 196 210 
1800 174 175 192 212 213 
1800 175 5 174 178 179 186 192 200 205 207 210 
1800 176 180 
1800 177 185 189 191 211 
1800 178 5 14 175 183 188 204 210 
1800 179 175 181 185 208 
1800 180 176 184 
1800 181 179 191 194 212 
1800 182 5 194 196 
1800 183 14 178 188 194 199 
1800 184 180 
1800 185 14 177 179 191 196 203 211 
1800 186 14 175 196 200 204 
1800 187 210 
1800 188 178 183 196 
1800 189 177 203 
1800 190 
1800 191 177 181 185 192 196 203 
1800 192 174 175 191 197 210 
1800 193 
1800 194 181 182 183 213 
1800 195 200 204 
1800 196 173 182 185 186 188 191 208 210 
1800 197 5 192 200 
1800 198 207 
1800 199 183 
1800 200 175 186 195 197 212 
1800 201 209 
1800 202 210 
1800 203 14 185 189 191 204 212 
1800 204 178 186 195 203 212 213 
1800 205 5 175 208 214 
1800 206 207 
1800 207 175 198 206 
1800 208 179 196 205 
1800 209 201 212 
1800 210 173 175 178 187 192 196 202 213 214 
1800 211 177 185 
1800 212 174 181 200 203 204 209 
1800 213 174 194 204 210 
1800 214 205 210 
1800 215 0 1 3 
1800 216 0 
1800 217 0 
1800 218 0 1 
1800 219 0 3 
1800 220 0 
1800 221 0 3 
1800 222 0 1 
1800 223 0 
1800 224 0 1 
1800 225 0 3 
1800 226 0 
1800 227 0 1 
1800 228 0 
1800 229 0 
1800 230 0 
1800 231 0 1 3 
1800 232 0 3 
1800 233 0 1 
1800 234 0 1 
1800 235 0 3 
1800 236 0 3 
1800 237 0 
1800 238 0 1 
1800 239 0 3 
1800 240 0 1 
1800 241 0 
1800 242 0 1 3 
1800 243 0 
1800 244 0 
3600 0 1 215 216 217 218 219 220 221 222 223 224 225 226 227 228 229 230 231 232 233 234 235 236 237 238 239 240 241 242 243 244 
3600 1 0 4 7 21 31 45 215 218 222 224 227 231 233 234 238 240 242 
3600 2 3 55 72 82 85 217 218 222 223 229 230 233 235 236 240 243 
3600 3 2 9 97 99 102 105 112 116 118 215 219 221 225 231 232 235 236 239 242 
3600 4 1 5 135 154 168 217 219 221 224 228 230 233 235 237 241 242 
3600 5 4 175 182 191 200 210 216 220 221 225 226 231 234 236 241 243 244 
3600 6 15 19 40 44 
3600 7 1 24 33 37 
3600 8 46 47 51 58 74 75 79 
3600 9 3 10 89 95 103 106 
3600 10 9 102 114 
3600 11 130 135 145 146 160 161 166 171 172 
3600 12 130 136 149 156 158 161 
3600 13 125 129 133 142 146 147 154 165 
3600 14 183 185 186 200 207 
3600 15 6 16 29 35 37 38 42 
3600 16 15 23 31 32 33 
3600 17 22 31 
3600 18 33 
3600 19 6 21 27 28 
3600 20 26 37 40 43 
3600 21 1 19 22 30 33 36 39 
3600 22 17 21 28 31 34 39 
3600 23 16 35 38 40 44 
3600 24 7 41 44 
3600 25 39 
3600 26 20 33 
3600 27 19 41 
3600 28 19 22 31 35 39 41 42 43 
3600 29 15 31 33 
3600 30 21 
3600 31 1 16 17 22 28 29 36 41 
3600 32 16 42 43 
3600 33 7 16 18 21 26 29 
3600 34 22 37 42 
3600 35 15 23 28 37 
3600 36 21 31 41 45 
3600 37 7 15 20 34 35 39 43 
3600 38 15 23 
3600 39 21 22 25 28 37 45 
3600 40 6 20 23 45 
3600 41 24 27 28 31 36 
3600 42 15 28 32 34 45 
3600 43 20 28 32 37 45 
3600 44 6 23 24 
3600 45 1 36 39 40 42 43 
3600 46 8 59 60 61 65 66 69 74 77 81 
3600 47 8 
3600 48 54 55 66 
3600 49 56 63 
3600 50 77 
3600 51 8 56 57 67 83 84 
3600 52 70 73 
3600 53 55 59 64 76 77 
3600 54 48 60 67 78 
3600 55 2 48 53 57 85 
3600 56 49 51 60 76 82 83 
3600 57 51 55 63 65 77 83 
3600 58 8 81 84 
3600 59 46 53 65 66 
3600 60 46 54 56 74 77 78 
3600 61 46 77 78 85 
3600 62 65 67 68 73 74 79 81 83 
3600 63 49 57 83 
3600 64 53 
3600 65 46 57 59 62 76 
3600 66 46 48 59 79 
3600 67 51 54 62 73 
3600 68 62 72 78 83 
3600 69 46 81 
3600 70 52 79 83 
3600 71 
3600 72 2 68 73 81 
3600 73 52 62 67 72 74 79 83 85 
3600 74 8 46 60 62 73 80 83 84 
3600 75 8 82 83 
3600 76 53 56 65 79 
3600 77 46 50 53 57 60 61 81 
3600 78 54 60 61 68 
3600 79 8 62 66 70 73 76 
3600 80 74 83 
3600 81 46 58 62 69 72 77 
3600 82 2 56 75 
3600 83 51 56 57 62 63 68 70 73 74 75 80 
3600 84 51 58 74 
3600 85 2 55 61 73 
3600 86 87 106 123 
3600 87 86 88 92 103 105 109 111 116 
3600 88 87 97 110 117 121 
3600 89 9 101 118 
3600 90 97 98 101 112 118 
3600 91 92 94 120 
3600 92 87 91 100 108 109 117 118 121 
3600 93 94 103 111 114 
3600 94 91 93 98 102 103 115 117 
3600 95 9 101 108 115 120 
3600 96 100 
3600 97 3 88 90 101 102 104 110 116 
3600 98 90 94 112 
3600 99 3 114 
3600 100 92 96 110 116 120 122 
3600 101 89 90 95 97 
3600 102 3 10 94 97 108 
3600 103 9 87 93 94 104 105 112 114 
3600 104 97 103 106 
3600 105 3 87 103 
3600 106 9 86 104 114 
3600 107 
3600 108 92 95 102 111 
3600 109 87 92 110 114 116 117 
3600 110 88 97 100 109 
3600 111 87 93 108 
3600 112 3 90 98 103 
3600 113 116 
3600 114 10 93 99 103 106 109 117 
3600 115 94 95 
3600 116 3 87 97 100 109 113 123 
3600 117 88 92 94 109 114 120 
3600 118 3 89 90 92 
3600 119 
3600 120 91 95 100 117 122 
3600 121 88 92 122 
3600 122 100 120 121 
3600 123 86 116 
3600 124 137 140 148 157 164 166 
3600 125 13 149 161 164 
3600 126 132 138 140 143 144 150 
3600 127 167 
3600 128 143 153 163 
3600 129 13 137 146 156 160 162 
3600 130 11 12 138 142 150 157 163 
3600 131 146 155 
3600 132 126 144 146 161 
3600 133 13 136 150 
3600 134 
3600 135 4 11 138 140 152 
3600 136 12 133 137 153 154 160 
3600 137 124 129 136 157 159 163 166 169 
3600 138 126 130 135 143 157 163 166 168 171 
3600 139 152 160 
3600 140 124 126 135 145 146 148 149 161 166 
3600 141 153 
3600 142 13 130 144 145 148 152 164 
3600 143 126 128 138 164 
3600 144 126 132 142 147 160 163 169 171 
3600 145 11 140 142 150 156 157 160 165 169 
3600 146 11 13 129 131 132 140 147 
3600 147 13 144 146 160 164 
3600 148 124 140 142 152 158 
3600 149 12 125 140 162 
3600 150 126 130 133 145 165 
3600 151 
3600 152 135 139 142 148 
3600 153 128 136 141 156 162 167 
3600 154 4 13 136 159 164 
3600 155 131 156 
3600 156 12 129 145 153 155 162 164 166 172 
3600 157 124 130 137 138 145 168 
3600 158 12 148 159 164 165 168 
3600 159 137 154 158 162 163 
3600 160 11 129 136 139 144 145 147 
3600 161 11 12 125 132 140 
3600 162 129 149 153 156 159 165 
3600 163 128 130 137 138 144 159 165 168 171 
3600 164 124 125 142 143 147 154 156 158 
3600 165 13 145 150 158 162 163 168 
3600 166 11 124 137 138 140 156 
3600 167 127 153 
3600 168 4 138 157 158 163 165 
3600 169 137 144 145 
3600 170 
3600 171 11 138 144 163 
3600 172 11 156 
3600 173 175 203 
3600 174 182 200 201 
3600 175 5 173 200 204 205 207 
3600 176 193 
3600 177 181 201 208 
3600 178 181 
3600 179 194 201 210 213 
3600 180 201 
3600 181 177 178 182 210 
3600 182 5 174 181 
3600 183 14 188 196 210 213 
3600 184 
3600 185 14 189 214 
3600 186 14 
3600 187 188 201 
3600 188 183 187 204 
3600 189 185 204 
3600 190 214 
3600 191 5 211 
3600 192 194 203 207 212 
3600 193 176 
3600 194 179 192 204 212 213 
3600 195 204 
3600 196 183 207 214 
3600 197 
3600 198 203 206 
3600 199 
3600 200 5 14 174 175 
3600 201 174 177 179 180 187 
3600 202 
3600 203 173 192 198 208 211 
3600 204 175 188 189 194 195 208 
3600 205 175 
3600 206 198 
3600 207 14 175 192 196 208 209 210 
3600 208 177 203 204 207 209 211 212 214 
3600 209 207 208 
3600 210 5 179 181 183 207 
3600 211 191 203 208 
3600 212 192 194 208 
3600 213 179 183 194 
3600 214 185 190 196 208 
3600 215 0 1 3 
3600 216 0 5 
3600 217 0 2 4 
3600 218 0 1 2 
3600 219 0 3 4 
3600 220 0 5 
3600 221 0 3 4 5 
3600 222 0 1 2 
3600 223 0 2 
3600 224 0 1 4 
3600 225 0 3 5 
3600 226 0 5 
3600 227 0 1 
3600 228 0 4 
3600 229 0 2 
3600 230 0 2 4 
3600 231 0 1 3 5 
3600 232 0 3 
3600 233 0 1 2 4 
3600 234 0 1 5 
3600 235 0 2 3 4 
3600 236 0 2 3 5 
3600 237 0 4 
3600 238 0 1 
3600 239 0 3 
3600 240 0 1 2 
3600 241 0 4 5 
3600 242 0 1 3 4 
3600 243 0 2 5 
3600 244 0 5 
5400 0 5 215 216 217 218 219 220 221 222 223 224 225 226 227 228 229 230 231 232 233 234 235 236 237 238 239 240 241 242 243 244 
5400 1 19 29 40 45 
5400 2 5 8 56 65 66 75 76 217 218 222 223 229 230 233 235 236 240 243 
5400 3 5 87 90 102 116 122 215 219 221 225 231 232 235 236 239 242 
5400 4 130 135 137 139 148 152 
5400 5 0 2 3 186 188 196 216 220 221 225 226 231 234 236 241 243 244 
5400 6 7 15 30 39 
5400 7 6 15 22 28 34 42 45 
5400 8 2 55 68 76 78 
5400 9 94 108 111 
5400 10 90 104 108 109 110 111 115 
5400 11 125 141 158 
5400 12 149 162 172 
5400 13 132 138 140 147 148 149 150 162 163 172 
5400 14 175 182 186 192 203 
5400 15 6 7 16 24 45 
5400 16 15 26 28 45 
5400 17 23 25 31 39 42 
5400 18 30 
5400 19 1 33 34 35 39 
5400 20 28 31 44 
5400 21 23 29 
5400 22 7 
5400 23 17 21 31 38 42 
5400 24 15 26 39 
5400 25 17 37 38 39 41 44 
5400 26 16 24 30 
5400 27 36 40 41 43 
5400 28 7 16 20 30 39 
5400 29 1 21 33 37 41 
5400 30 6 18 26 28 
5400 31 17 20 23 40 42 
5400 32 37 
5400 33 19 29 41 44 
5400 34 7 19 40 41 
5400 35 19 39 
5400 36 27 
5400 37 25 29 32 39 41 42 43 
5400 38 23 25 40 44 
5400 39 6 17 19 24 25 28 35 37 41 
5400 40 1 27 31 34 38 45 
5400 41 25 27 29 33 34 37 39 
5400 42 7 17 23 31 37 44 45 
5400 43 27 37 
5400 44 20 25 33 38 42 
5400 45 1 7 15 16 40 42 
5400 46 47 64 74 77 
5400 47 46 56 60 65 72 79 
5400 48 
5400 49 57 75 
5400 50 
5400 51 57 62 68 69 
5400 52 62 85 
5400 53 66 67 68 74 76 
5400 54 67 83 
5400 55 8 65 67 73 83 85 
5400 56 2 47 57 78 
5400 57 49 51 56 70 84 
5400 58 65 79 
5400 59 
5400 60 47 75 
5400 61 78 
5400 62 51 52 68 72 77 
5400 63 67 
5400 64 46 77 
5400 65 2 47 55 58 67 83 
5400 66 2 53 
5400 67 53 54 55 63 65 83 
5400 68 8 51 53 62 70 76 
5400 69 51 80 82 
5400 70 57 68 76 78 
5400 71 75 80 
5400 72 47 62 80 
5400 73 55 74 77 
5400 74 46 53 73 
5400 75 2 49 60 71 85 
5400 76 2 8 53 68 70 
5400 77 46 62 64 73 
5400 78 8 56 61 70 
5400 79 47 58 
5400 80 69 71 72 
5400 81 
5400 82 69 
5400 83 54 55 65 67 84 
5400 84 57 83 
5400 85 52 55 75 
5400 86 88 91 101 104 111 120 123 
5400 87 3 88 90 93 95 103 115 116 122 
5400 88 86 87 97 104 107 109 111 121 
5400 89 96 101 105 116 120 121 
5400 90 3 10 87 92 96 108 111 115 122 123 
5400 91 86 93 99 103 116 
5400 92 90 101 104 112 115 123 
5400 93 87 91 101 104 116 118 123 
5400 94 9 98 104 110 
5400 95 87 99 100 115 123 
5400 96 89 90 115 117 119 
5400 97 88 100 108 111 117 122 
5400 98 94 115 
5400 99 91 95 
5400 100 95 97 117 
5400 101 86 89 92 93 110 
5400 102 3 
5400 103 87 91 109 118 
5400 104 10 86 88 92 93 94 109 114 
5400 105 89 106 117 120 
5400 106 105 112 123 
5400 107 88 108 
5400 108 9 10 90 97 107 111 112 114 
5400 109 10 88 103 104 115 122 
5400 110 10 94 101 123 
5400 111 9 10 86 88 90 97 108 120 
5400 112 92 106 108 114 115 123 
5400 113 
5400 114 104 108 112 116 121 
5400 115 10 87 90 92 95 96 98 109 112 
5400 116 3 87 89 91 93 114 
5400 117 96 97 100 105 120 123 
5400 118 93 103 
5400 119 96 120 122 
5400 120 86 89 105 111 117 119 123 
5400 121 88 89 114 122 
5400 122 3 87 90 97 109 119 121 
5400 123 86 90 92 93 95 106 110 112 117 120 
5400 124 133 141 144 145 154 168 171 
5400 125 11 135 139 163 169 
5400 126 132 143 144 147 158 163 
5400 127 136 
5400 128 130 136 151 153 154 168 
5400 129 133 149 152 158 164 165 171 
5400 130 4 128 132 144 156 
5400 131 134 168 
5400 132 13 126 130 135 137 152 160 171 
5400 133 124 129 135 137 160 169 171 
5400 134 131 161 
5400 135 4 125 132 133 144 157 164 
5400 136 127 128 140 141 144 157 
5400 137 4 132 133 146 
5400 138 13 143 150 153 164 
5400 139 4 125 141 153 159 169 
5400 140 13 136 146 148 150 153 159 165 
5400 141 11 124 136 139 147 154 163 168 
5400 142 
5400 143 126 138 156 
5400 144 124 126 130 135 136 166 
5400 145 124 147 162 166 168 172 
5400 146 137 140 155 159 166 
5400 147 13 126 141 145 148 149 152 158 
5400 148 4 13 140 147 150 163 
5400 149 12 13 129 147 169 
5400 150 13 138 140 148 162 168 169 
5400 151 128 
5400 152 4 129 132 147 158 172 
5400 153 128 138 139 140 154 168 
5400 154 124 128 141 153 157 171 
5400 155 146 
5400 156 130 143 
5400 157 135 136 154 
5400 158 11 126 129 147 152 159 165 
5400 159 139 140 146 158 
5400 160 132 133 
5400 161 134 164 
5400 162 12 13 145 150 164 
5400 163 13 125 126 141 148 
5400 164 129 135 138 161 162 165 
5400 165 129 140 158 164 
5400 166 144 145 146 171 
5400 167 
5400 168 124 128 131 141 145 150 153 
5400 169 125 133 139 149 150 
5400 170 
5400 171 124 129 132 133 154 166 
5400 172 12 13 145 152 
5400 173 177 178 179 201 203 
5400 174 179 185 191 203 204 208 
5400 175 14 182 185 186 205 
5400 176 
5400 177 173 185 189 201 211 
5400 178 173 183 189 214 
5400 179 173 174 
5400 180 
5400 181 192 196 208 
5400 182 14 175 183 191 192 200 208 
5400 183 178 182 185 205 
5400 184 212 
5400 185 174 175 177 183 196 203 204 
5400 186 5 14 175 197 214 
5400 187 210 
5400 188 5 194 195 210 213 
5400 189 177 178 
5400 190 191 202 
5400 191 174 182 190 192 202 208 
5400 192 14 181 182 191 
5400 193 
5400 194 188 210 
5400 195 188 
5400 196 5 181 185 198 205 
5400 197 186 207 
5400 198 196 200 206 207 208 
5400 199 
5400 200 182 198 201 210 214 
5400 201 173 177 200 205 208 
5400 202 190 191 
5400 203 14 173 174 185 211 
5400 204 174 185 208 
5400 205 175 183 196 201 
5400 206 198 
5400 207 197 198 
5400 208 174 181 182 191 198 201 204 210 212 
5400 209 
5400 210 187 188 194 200 208 
5400 211 177 203 
5400 212 184 208 
5400 213 188 
5400 214 178 186 200 
5400 215 0 3 
5400 216 0 5 
5400 217 0 2 
5400 218 0 2 
5400 219 0 3 
5400 220 0 5 
5400 221 0 3 5 
5400 222 0 2 
5400 223 0 2 
5400 224 0 
5400 225 0 3 5 
5400 226 0 5 
5400 227 0 
5400 228 0 
5400 229 0 2 
5400 230 0 2 
5400 231 0 3 5 
5400 232 0 3 
5400 233 0 2 
5400 234 0 5 
5400 235 0 2 3 
5400 236 0 2 3 5 
5400 237 0 
5400 238 0 
5400 239 0 3 
5400 240 0 2 
5400 241 0 5 
5400 242 0 3 
5400 243 0 2 5 
5400 244 0 5 
7200 0 
7200 1 16 31 41 
7200 2 57 59 70 74 78 
7200 3 89 92 95 104 106 111 112 115 
7200 4 124 125 128 130 145 147 150 156 159 161 162 164 166 
7200 5 178 191 197 203 207 
7200 6 15 19 20 23 29 42 44 
7200 7 20 24 31 37 42 
7200 8 70 76 83 
7200 9 95 96 97 103 106 112 
7200 10 87 89 100 109 
7200 11 125 144 149 154 168 
7200 12 141 143 149 165 
7200 13 128 134 141 147 156 162 163 
7200 14 173 191 195 211 
7200 15 6 17 19 21 26 27 28 31 32 34 40 
7200 16 1 31 33 34 45 98 
7200 17 15 
7200 18 26 39 
7200 19 6 15 20 29 
7200 20 6 7 19 27 40 
7200 21 15 23 27 34 
7200 22 29 
7200 23 6 21 32 36 
7200 24 7 37 43 
7200 25 37 
7200 26 15 18 32 36 
7200 27 15 20 21 28 
7200 28 15 27 39 41 44 45 98 
7200 29 6 19 22 37 
7200 30 31 32 34 44 
7200 31 1 7 15 16 30 36 43 
7200 32 15 23 26 30 34 41 43 
7200 33 16 42 45 
7200 34 15 16 21 30 32 
7200 35 45 
7200 36 23 26 31 40 41 
7200 37 7 24 25 29 41 43 
7200 38 
7200 39 18 28 40 
7200 40 15 20 36 39 
7200 41 1 28 32 36 37 
7200 42 6 7 33 
7200 43 24 31 32 37 44 
7200 44 6 28 30 43 
7200 45 16 28 33 35 
7200 46 61 62 78 
7200 47 67 
7200 48 56 58 59 65 66 68 69 80 
7200 49 58 76 79 
7200 50 52 
7200 51 53 63 74 
7200 52 50 78 
7200 53 51 60 66 69 77 84 
7200 54 56 62 65 69 80 84 
7200 55 82 
7200 56 48 54 62 65 80 
7200 57 2 63 68 74 75 76 84 
7200 58 48 49 78 82 84 
7200 59 2 48 62 77 81 84 
7200 60 53 71 
7200 61 46 65 76 78 
7200 62 46 54 56 59 83 
7200 63 51 57 
7200 64 73 81 
7200 65 48 54 56 61 78 80 83 
7200 66 48 53 68 72 
7200 67 47 70 74 76 
7200 68 48 57 66 70 78 
7200 69 48 53 54 
7200 70 2 8 67 68 71 72 83 
7200 71 60 70 
7200 72 66 70 74 
7200 73 64 
7200 74 2 51 57 67 72 78 
7200 75 57 83 
7200 76 8 49 57 61 67 82 
7200 77 53 59 
7200 78 2 46 52 58 61 65 68 74 
7200 79 49 
7200 80 48 54 56 65 
7200 81 59 64 82 
7200 82 55 58 76 81 
7200 83 8 62 65 70 75 84 
7200 84 53 54 57 58 59 83 
7200 85 
7200 86 87 88 99 101 109 
7200 87 10 86 89 105 114 
7200 88 86 92 97 103 105 112 116 123 
7200 89 3 10 87 101 
7200 90 96 112 117 122 
7200 91 93 111 116 120 
7200 92 3 88 94 99 110 116 121 
7200 93 91 98 102 104 105 115 118 
7200 94 92 103 106 
7200 95 3 9 102 120 122 123 
7200 96 9 90 111 115 
7200 97 9 88 104 
7200 98 16 28 93 101 112 
7200 99 86 92 111 117 
7200 100 10 101 119 
7200 101 86 89 98 100 104 109 116 122 
7200 102 93 95 103 106 123 
7200 103 9 88 94 102 
7200 104 3 93 97 101 115 118 
7200 105 87 88 93 118 123 
7200 106 3 9 94 102 109 118 
7200 107 
7200 108 109 119 120 
7200 109 10 86 101 106 108 110 116 120 122 
7200 110 92 109 114 115 116 
7200 111 3 91 96 99 114 120 
7200 112 3 9 88 90 98 113 114 120 
7200 113 112 116 
7200 114 87 110 111 112 123 
7200 115 3 93 96 104 110 121 
7200 116 88 91 92 101 109 110 113 122 
7200 117 90 99 
7200 118 93 104 105 106 
7200 119 100 108 
7200 120 91 95 108 109 111 112 
7200 121 92 115 
7200 122 90 95 101 109 116 
7200 123 88 95 102 105 114 
7200 124 4 130 143 147 150 152 154 157 
7200 125 4 11 132 145 149 150 152 165 
7200 126 137 142 154 156 161 172 
7200 127 
7200 128 4 13 129 130 136 153 159 166 
7200 129 128 141 153 155 164 165 166 168 
7200 130 4 124 128 168 172 
7200 131 161 164 
7200 132 125 142 143 152 162 163 
7200 133 143 158 
7200 134 13 149 166 
7200 135 159 162 164 
7200 136 128 
7200 137 126 138 145 147 149 165 
7200 138 137 153 161 162 
7200 139 159 
7200 140 142 150 153 154 165 
7200 141 12 13 129 144 146 158 160 
7200 142 126 132 140 165 168 
7200 143 12 124 132 133 147 153 154 163 171 
7200 144 11 141 145 162 163 166 
7200 145 4 125 137 144 152 162 
7200 146 141 154 158 
7200 147 4 13 124 137 143 149 163 164 
7200 148 156 
7200 149 11 12 125 134 137 147 
7200 150 4 124 125 140 154 159 
7200 151 
7200 152 124 125 132 145 
7200 153 128 129 138 140 143 159 168 
7200 154 11 124 126 140 143 146 150 
7200 155 129 
7200 156 4 13 126 148 
7200 157 124 169 171 
7200 158 133 141 146 168 
7200 159 4 128 135 139 150 153 165 166 171 
7200 160 141 
7200 161 4 126 131 138 162 
7200 162 4 13 132 135 138 144 145 161 
7200 163 13 132 143 144 147 
7200 164 4 129 131 135 147 
7200 165 12 125 129 137 140 142 159 
7200 166 4 128 129 134 144 159 168 171 
7200 167 169 
7200 168 11 129 130 142 153 158 166 171 
7200 169 157 167 171 
7200 170 
7200 171 143 157 159 166 168 169 
7200 172 126 130 
7200 173 14 201 
7200 174 182 201 
7200 175 204 205 214 
7200 176 180 190 194 
7200 177 181 185 191 198 200 203 204 
7200 178 5 183 
7200 179 182 200 
7200 180 176 181 
7200 181 177 180 202 214 
7200 182 174 179 195 
7200 183 178 189 200 202 205 
7200 184 188 
7200 185 177 197 204 210 
7200 186 191 201 203 
7200 187 
7200 188 184 212 
7200 189 183 
7200 190 176 
7200 191 5 14 177 186 194 204 210 
7200 192 196 206 
7200 193 
7200 194 176 191 
7200 195 14 182 201 202 
7200 196 192 210 213 
7200 197 5 185 205 
7200 198 177 203 206 
7200 199 208 
7200 200 177 179 183 201 207 210 211 
7200 201 173 174 186 195 200 203 
7200 202 181 183 195 
7200 203 5 177 186 198 201 
7200 204 175 177 185 191 208 212 
7200 205 175 183 197 213 
7200 206 192 198 207 211 
7200 207 5 200 206 208 
7200 208 199 204 207 211 
7200 209 
7200 210 185 191 196 200 
7200 211 14 200 206 208 
7200 212 188 204 213 
7200 213 196 205 212 
7200 214 175 181 
9000 0 3 215 216 217 218 219 220 221 222 223 224 225 226 227 228 229 230 231 232 233 234 235 236 237 238 239 240 241 242 243 244 
9000 1 4 5 15 26 30 43 215 218 222 224 227 231 233 234 238 240 242 
9000 2 52 53 58 60 
9000 3 0 4 89 98 99 122 215 219 221 225 231 232 235 236 239 242 
9000 4 1 3 139 140 152 157 158 171 217 219 221 224 228 230 233 235 237 241 242 
9000 5 1 178 194 195 207 216 220 221 225 226 231 234 236 241 243 244 
9000 6 20 22 44 
9000 7 25 29 30 31 45 
9000 8 77 79 
9000 9 93 105 123 
9000 10 92 105 106 108 123 
9000 11 144 148 158 164 166 172 
9000 12 124 125 132 136 145 157 168 169 172 
9000 13 124 129 133 139 148 162 
9000 14 195 
9000 15 1 17 30 37 
9000 16 25 32 41 42 43 45 
9000 17 15 41 
9000 18 37 40 
9000 19 23 26 
9000 20 6 28 
9000 21 29 30 37 38 
9000 22 6 
9000 23 19 33 40 42 44 
9000 24 40 
9000 25 7 16 30 38 44 
9000 26 1 19 27 34 115 
9000 27 26 28 
9000 28 20 27 29 41 
9000 29 7 21 28 39 40 
9000 30 1 7 15 21 25 37 
9000 31 7 33 34 
9000 32 16 43 
9000 33 23 31 36 38 43 
9000 34 26 31 
9000 35 45 
9000 36 33 43 
9000 37 15 18 21 30 41 44 
9000 38 21 25 33 
9000 39 29 42 43 44 
9000 40 18 23 24 29 
9000 41 16 17 28 37 43 
9000 42 16 23 39 43 
9000 43 1 16 32 33 36 39 41 42 
9000 44 6 23 25 37 39 
9000 45 7 16 35 
9000 46 76 77 85 
9000 47 55 71 77 80 
9000 48 53 54 72 76 
9000 49 59 80 
9000 50 77 81 
9000 51 63 67 75 
9000 52 2 62 78 81 
9000 53 2 48 57 62 
9000 54 48 79 81 
9000 55 47 58 67 70 71 
9000 56 59 65 70 74 85 
9000 57 53 66 67 
9000 58 2 55 66 72 76 79 81 84 
9000 59 49 56 78 
9000 60 2 
9000 61 62 65 76 78 
9000 62 52 53 61 76 81 
9000 63 51 
9000 64 70 80 
9000 65 56 61 71 74 76 85 
9000 66 57 58 
9000 67 51 55 57 
9000 68 70 76 84 
9000 69 82 
9000 70 55 56 64 68 74 83 
9000 71 47 55 65 
9000 72 48 58 78 
9000 73 77 
9000 74 56 65 70 
9000 75 51 
9000 76 46 48 58 61 62 65 68 
9000 77 8 46 47 50 73 
9000 78 52 59 61 72 
9000 79 8 54 58 
9000 80 47 49 64 81 83 85 
9000 81 50 52 54 58 62 80 
9000 82 69 
9000 83 70 80 
9000 84 58 68 
9000 85 46 56 65 80 
9000 86 89 98 105 107 109 
9000 87 106 109 118 
9000 88 93 101 103 104 118 
9000 89 3 86 90 100 101 110 122 
9000 90 89 117 121 
9000 91 95 96 105 115 116 121 
9000 92 10 94 101 110 112 116 118 
9000 93 9 88 101 106 
9000 94 92 101 122 
9000 95 91 110 112 114 122 
9000 96 91 101 104 106 108 109 113 121 122 
9000 97 99 109 112 119 
9000 98 3 86 112 117 
9000 99 3 97 115 116 117 
9000 100 89 104 
9000 101 88 89 92 93 94 96 115 
9000 102 106 
9000 103 88 
9000 104 88 96 100 112 
9000 105 9 10 86 91 110 117 
9000 106 10 87 93 96 102 108 123 
9000 107 86 
9000 108 10 96 106 110 121 
9000 109 86 87 96 97 120 
9000 110 89 92 95 105 108 114 
9000 111 118 
9000 112 92 95 97 98 104 118 
9000 113 96 120 
9000 114 95 110 118 122 
9000 115 26 91 99 101 118 
9000 116 91 92 99 119 121 
9000 117 90 98 99 105 118 
9000 118 87 88 92 111 112 114 115 117 123 
9000 119 97 116 120 
9000 120 109 113 119 122 
9000 121 90 91 96 108 116 
9000 122 3 89 94 95 96 114 120 
9000 123 9 10 106 118 
9000 124 12 13 130 137 140 144 156 158 165 
9000 125 12 132 135 137 143 144 165 
9000 126 136 159 161 164 165 167 170 
9000 127 
9000 128 143 148 150 151 164 171 
9000 129 13 136 138 141 143 146 153 156 158 161 165 
9000 130 124 138 140 144 158 162 165 
9000 131 134 161 
9000 132 12 125 137 138 146 150 162 163 169 
9000 133 13 140 147 154 
9000 134 131 
9000 135 125 139 149 164 166 
9000 136 12 126 129 137 139 145 149 157 
9000 137 124 125 132 136 144 145 149 168 171 
9000 138 129 130 132 141 159 162 164 171 
9000 139 4 13 135 136 159 165 
9000 140 4 124 130 133 141 142 150 156 172 
9000 141 129 138 140 152 162 166 
9000 142 140 
9000 143 125 128 129 144 145 147 
9000 144 11 124 125 130 137 143 146 163 164 172 
9000 145 12 136 137 143 147 150 152 165 
9000 146 129 132 144 
9000 147 133 143 145 151 159 161 171 
9000 148 11 13 128 165 
9000 149 135 136 137 171 
9000 150 128 132 140 145 168 171 
9000 151 128 147 154 
9000 152 4 141 145 159 169 
9000 153 129 168 
9000 154 133 151 162 165 
9000 155 164 
9000 156 124 129 140 164 169 
9000 157 4 12 136 160 
9000 158 4 11 124 129 130 
9000 159 126 138 139 147 152 168 169 
9000 160 157 
9000 161 126 129 131 147 
9000 162 13 130 132 138 141 154 166 168 170 
9000 163 132 144 165 168 
9000 164 11 126 128 135 138 144 155 156 166 
9000 165 124 125 126 129 130 139 145 148 154 163 167 170 
9000 166 11 135 141 162 164 167 
9000 167 126 165 166 
9000 168 12 137 150 153 159 162 163 
9000 169 12 132 152 156 159 
9000 170 126 162 165 
9000 171 4 128 137 138 147 149 150 
9000 172 11 12 140 144 
9000 173 186 188 189 191 201 205 210 212 
9000 174 181 201 210 212 
9000 175 180 200 203 204 
9000 176 
9000 177 185 192 199 
9000 178 5 199 202 209 
9000 179 211 213 214 
9000 180 175 187 
9000 181 174 201 
9000 182 183 187 195 
9000 183 182 194 202 
9000 184 
9000 185 177 197 
9000 186 173 192 196 197 212 
9000 187 180 182 210 213 
9000 188 173 195 201 203 214 
9000 189 173 197 211 
9000 190 213 
9000 191 173 195 
9000 192 177 186 204 
9000 193 213 
9000 194 5 183 197 200 201 210 211 
9000 195 5 14 182 188 191 196 202 
9000 196 186 195 198 203 205 
9000 197 185 186 189 194 207 
9000 198 196 
9000 199 177 178 
9000 200 175 194 203 
9000 201 173 174 181 188 194 205 210 211 
9000 202 178 183 195 
9000 203 175 188 196 200 
9000 204 175 192 211 
9000 205 173 196 201 
9000 206 
9000 207 5 197 212 
9000 208 
9000 209 178 
9000 210 173 174 187 194 201 
9000 211 179 189 194 201 204 
9000 212 173 174 186 207 
9000 213 179 187 190 193 
9000 214 179 188 
9000 215 0 1 3 
9000 216 0 5 
9000 217 0 4 
9000 218 0 1 
9000 219 0 3 4 
9000 220 0 5 
9000 221 0 3 4 5 
9000 222 0 1 
9000 223 0 
9000 224 0 1 4 
9000 225 0 3 5 
9000 226 0 5 
9000 227 0 1 
9000 228 0 4 
9000 229 0 
9000 230 0 4 
9000 231 0 1 3 5 
9000 232 0 3 
9000 233 0 1 4 
9000 234 0 1 5 
9000 235 0 3 4 
9000 236 0 3 5 
9000 237 0 4 
9000 238 0 1 
9000 239 0 3 
9000 240 0 1 
9000 241 0 4 5 
9000 242 0 1 3 4 
9000 243 0 5 
9000 244 0 5 
10800 0 1 2 215 216 217 218 219 220 221 222 223 224 225 226 227 228 229 230 231 232 233 234 235 236 237 238 239 240 241 242 243 244 
10800 1 0 3 6 16 20 27 29 39 215 218 222 224 227 231 233 234 238 240 242 
10800 2 0 47 51 53 61 64 65 69 76 217 218 222 223 229 230 233 235 236 240 243 
10800 3 1 96 99 104 108 111 122 215 219 221 225 231 232 235 236 239 242 
10800 4 125 126 130 152 153 168 171 
10800 5 173 177 181 183 210 214 
10800 6 1 18 26 33 34 43 45 
10800 7 22 23 33 
10800 8 67 70 81 83 
10800 9 90 91 92 93 95 104 108 114 117 122 
10800 10 90 92 111 115 116 118 120 
10800 11 132 133 149 165 
10800 12 161 163 
10800 13 129 133 142 149 159 172 
10800 14 186 188 191 196 197 207 208 
10800 15 
10800 16 1 17 41 
10800 17 16 19 23 33 36 43 
10800 18 6 19 20 21 25 41 44 
10800 19 17 18 28 
10800 20 1 18 21 22 35 
10800 21 18 20 23 35 
10800 22 7 20 31 42 43 
10800 23 7 17 21 24 29 33 38 40 45 
10800 24 23 30 34 36 39 
10800 25 18 32 34 
10800 26 6 33 37 
10800 27 1 40 
10800 28 19 35 37 39 44 45 
10800 29 1 23 33 39 
10800 30 24 31 39 
10800 31 22 30 32 34 35 
10800 32 25 31 33 
10800 33 6 7 17 23 26 29 32 43 
10800 34 6 24 25 31 42 44 45 
10800 35 20 21 28 31 37 39 42 43 
10800 36 17 24 
10800 37 26 28 35 43 
10800 38 23 43 44 
10800 39 1 24 28 29 30 35 44 
10800 40 23 27 41 42 
10800 41 16 18 40 
10800 42 22 34 35 40 
10800 43 6 17 22 33 35 37 38 
10800 44 18 28 34 38 39 45 
10800 45 6 23 28 34 44 
10800 46 47 68 69 77 83 
10800 47 2 46 53 62 70 72 78 79 
10800 48 58 77 
10800 49 51 80 
10800 50 77 
10800 51 2 49 57 65 68 
10800 52 77 
10800 53 2 47 57 67 81 
10800 54 66 69 78 
10800 55 57 80 81 
10800 56 58 85 
10800 57 51 53 55 59 62 76 
10800 58 48 56 67 68 73 78 
10800 59 57 67 70 72 74 
10800 60 72 77 
10800 61 2 62 
10800 62 47 57 61 73 77 83 
10800 63 67 
10800 64 2 70 85 
10800 65 2 51 85 
10800 66 54 
10800 67 8 53 58 59 63 
10800 68 46 51 58 69 84 
10800 69 2 46 54 68 72 81 83 84 
10800 70 8 47 59 64 81 
10800 71 80 
10800 72 47 59 60 69 75 80 84 
10800 73 58 62 79 81 
10800 74 59 
10800 75 72 
10800 76 2 57 81 
10800 77 46 48 50 52 60 62 81 
10800 78 47 54 58 
10800 79 47 73 85 
10800 80 49 55 71 72 
10800 81 8 53 55 69 70 73 76 77 
10800 82 
10800 83 8 46 62 69 
10800 84 68 69 72 
10800 85 56 64 65 79 
10800 86 88 89 96 99 118 
10800 87 95 109 112 120 
10800 88 86 95 97 122 
10800 89 86 96 104 109 111 117 118 121 122 123 
10800 90 9 10 98 103 104 122 
10800 91 9 94 95 117 123 
10800 92 9 10 
10800 93 9 96 101 102 104 109 112 
10800 94 91 
10800 95 9 87 88 91 101 104 111 114 120 
10800 96 3 86 89 93 102 108 114 
10800 97 88 99 112 114 
10800 98 90 112 
10800 99 3 86 97 114 115 120 123 
10800 100 113 123 
10800 101 93 95 110 113 114 
10800 102 93 96 121 
10800 103 90 108 
10800 104 3 9 89 90 93 95 106 120 122 
10800 105 115 123 
10800 106 104 111 
10800 107 
10800 108 3 9 96 103 112 
10800 109 87 89 93 120 
10800 110 101 121 
10800 111 3 10 89 95 106 115 117 118 123 
10800 112 87 93 97 98 108 114 123 
10800 113 100 101 114 
10800 114 9 95 96 97 99 101 112 113 
10800 115 10 99 105 111 
10800 116 10 120 123 
10800 117 9 89 91 111 122 
10800 118 10 86 89 111 120 
10800 119 122 
10800 120 10 87 95 99 104 109 116 118 
10800 121 89 102 110 
10800 122 3 9 88 89 90 104 117 119 
10800 123 89 91 99 100 105 111 112 116 
10800 124 137 141 145 153 158 162 
10800 125 4 131 132 135 139 143 144 164 171 
10800 126 4 139 140 144 159 163 
10800 127 143 
10800 128 132 136 140 149 153 
10800 129 13 141 148 153 156 159 161 
10800 130 4 143 149 
10800 131 125 132 140 161 
10800 132 11 125 128 131 144 148 149 159 
10800 133 11 13 136 137 
10800 134 155 164 168 
10800 135 125 138 157 
10800 136 128 133 140 141 149 153 157 171 
10800 137 124 133 141 145 147 163 164 
10800 138 135 143 144 159 160 
10800 139 125 126 141 144 154 164 172 
10800 140 126 128 131 136 141 146 148 154 156 
10800 141 124 129 136 137 139 140 149 152 160 168 
10800 142 13 147 148 154 163 
10800 143 125 127 130 138 144 150 
10800 144 125 126 132 138 139 143 150 165 169 
10800 145 124 137 148 161 171 
10800 146 140 
10800 147 137 142 157 164 165 166 
10800 148 129 132 140 142 145 170 
10800 149 11 13 128 130 132 136 141 150 160 168 171 
10800 150 143 144 149 152 166 
10800 151 
10800 152 4 141 150 162 163 170 
10800 153 4 124 128 129 136 169 171 
10800 154 139 140 142 159 
10800 155 134 
10800 156 129 140 
10800 157 135 136 147 
10800 158 124 
10800 159 13 126 129 132 138 154 162 
10800 160 138 141 149 
10800 161 12 129 131 145 165 166 
10800 162 124 152 159 
10800 163 12 126 137 142 152 170 
10800 164 125 134 137 139 147 
10800 165 11 144 147 161 
10800 166 147 150 161 169 
10800 167 
10800 168 4 134 141 149 169 
10800 169 144 153 166 168 
10800 170 148 152 163 
10800 171 4 125 136 145 149 153 
10800 172 13 139 
10800 173 5 
10800 174 185 188 200 201 204 205 210 
10800 175 191 
10800 176 
10800 177 5 185 188 189 192 205 
10800 178 179 194 
10800 179 178 191 208 210 
10800 180 184 
10800 181 5 184 191 196 197 206 
10800 182 194 208 
10800 183 5 197 208 
10800 184 180 181 
10800 185 174 177 189 208 
10800 186 14 196 
10800 187 
10800 188 14 174 177 195 204 210 
10800 189 177 185 197 214 
10800 190 
10800 191 14 175 179 181 
10800 192 177 205 
10800 193 
10800 194 178 182 195 208 
10800 195 188 194 204 208 
10800 196 14 181 186 204 207 
10800 197 14 181 183 189 207 
10800 198 211 
10800 199 
10800 200 174 213 
10800 201 174 
10800 202 
10800 203 204 
10800 204 174 188 195 196 203 
10800 205 174 177 192 
10800 206 181 210 
10800 207 14 196 197 211 
10800 208 14 179 182 183 185 194 195 
10800 209 
10800 210 5 174 179 188 206 214 
10800 211 198 207 
10800 212 213 
10800 213 200 212 
10800 214 5 189 210 
10800 215 0 1 3 
10800 216 0 
10800 217 0 2 
10800 218 0 1 2 
10800 219 0 3 
10800 220 0 
10800 221 0 3 
10800 222 0 1 2 
10800 223 0 2 
10800 224 0 1 
10800 225 0 3 
10800 226 0 
10800 227 0 1 
10800 228 0 
10800 229 0 2 
10800 230 0 2 
10800 231 0 1 3 
10800 232 0 3 
10800 233 0 1 2 
10800 234 0 1 
10800 235 0 2 3 
10800 236 0 2 3 
10800 237 0 
10800 238 0 1 
10800 239 0 3 
10800 240 0 1 2 
10800 241 0 
10800 242 0 1 3 
10800 243 0 2 
10800 244 0 
12600 0 
12600 1 6 20 29 39 
12600 2 55 64 66 67 72 76 77 79 85 
12600 3 92 99 109 115 
12600 4 141 143 150 164 165 
12600 5 173 177 185 188 191 192 197 203 213 
12600 6 1 28 32 33 44 
12600 7 17 20 22 25 30 31 35 36 38 44 45 
12600 8 51 52 55 64 67 78 
12600 9 89 91 100 102 103 
12600 10 86 99 101 102 106 116 
12600 11 135 163 
12600 12 13 125 145 149 169 
12600 13 12 136 137 139 144 145 147 157 169 
12600 14 178 182 188 210 211 
12600 15 16 25 26 30 43 
12600 16 15 30 32 39 44 
12600 17 7 22 32 35 37 39 
12600 18 41 
12600 19 20 26 32 40 45 
12600 20 1 7 19 25 31 40 
12600 21 32 38 42 44 
12600 22 7 17 23 39 40 
12600 23 22 27 40 42 43 
12600 24 27 33 35 
12600 25 7 15 20 34 43 
12600 26 15 19 27 29 33 45 
12600 27 23 24 26 35 
12600 28 6 31 41 
12600 29 1 26 32 37 40 
12600 30 7 15 16 33 42 45 
12600 31 7 20 28 39 43 
12600 32 6 16 17 19 21 29 42 
12600 33 6 24 26 30 36 43 98 
12600 34 25 37 42 
12600 35 7 17 24 27 41 
12600 36 7 33 42 45 
12600 37 17 29 34 39 41 
12600 38 7 21 43 
12600 39 1 16 17 22 31 37 
12600 40 19 20 22 23 29 45 
12600 41 18 28 35 37 45 
12600 42 21 23 30 32 34 36 43 44 
12600 43 15 23 25 31 33 38 42 
12600 44 6 7 16 21 42 
12600 45 7 19 26 30 36 40 41 
12600 46 67 73 81 
12600 47 51 56 60 72 76 
12600 48 54 72 
12600 49 56 65 
12600 50 
12600 51 8 47 56 65 69 70 73 75 
12600 52 8 
12600 53 54 56 71 77 
12600 54 48 53 
12600 55 2 8 56 
12600 56 47 49 51 53 55 61 
12600 57 58 66 68 76 
12600 58 57 66 67 69 
12600 59 62 77 84 
12600 60 47 62 64 71 
12600 61 56 76 
12600 62 59 60 64 69 78 
12600 63 
12600 64 2 8 60 62 
12600 65 49 51 74 75 83 
12600 66 2 57 58 73 
12600 67 2 8 46 58 
12600 68 57 69 82 
12600 69 51 58 62 68 
12600 70 51 72 
12600 71 53 60 
12600 72 2 47 48 70 74 75 79 
12600 73 46 51 66 76 85 
12600 74 65 72 
12600 75 51 65 72 
12600 76 2 47 57 61 73 
12600 77 2 53 59 81 
12600 78 8 62 
12600 79 2 72 
12600 80 
12600 81 46 77 
12600 82 68 83 
12600 83 65 82 
12600 84 59 
12600 85 2 73 
12600 86 10 87 95 99 101 103 115 117 120 
12600 87 86 89 96 101 102 103 105 116 
12600 88 91 104 105 110 123 
12600 89 9 87 90 109 
12600 90 89 93 96 98 106 110 
12600 91 9 88 101 104 109 
12600 92 3 94 103 116 123 
12600 93 90 95 102 103 110 111 123 
12600 94 92 96 99 104 108 123 
12600 95 86 93 99 105 114 116 119 122 
12600 96 87 90 94 99 115 116 
12600 97 113 114 118 
12600 98 33 90 112 
12600 99 3 10 86 94 95 96 122 
12600 100 9 101 104 111 113 120 
12600 101 10 86 87 91 100 123 
12600 102 9 10 87 93 115 
12600 103 9 86 87 92 93 118 
12600 104 88 91 94 100 105 106 109 114 
12600 105 87 88 95 104 111 119 120 
12600 106 10 90 104 
12600 107 121 
12600 108 94 110 117 
12600 109 3 89 91 104 110 116 119 120 
12600 110 88 90 93 108 109 115 116 122 
12600 111 93 100 105 117 119 121 
12600 112 98 113 117 118 120 
12600 113 97 100 112 
12600 114 95 97 104 117 120 
12600 115 3 86 96 102 110 
12600 116 10 87 92 95 96 109 110 
12600 117 86 108 111 112 114 
12600 118 97 103 112 
12600 119 95 105 109 111 123 
12600 120 86 100 105 109 112 114 
12600 121 107 111 
12600 122 95 99 110 123 
12600 123 88 92 93 94 101 119 122 
12600 124 128 130 144 148 161 
12600 125 12 161 165 
12600 126 136 138 141 144 148 166 
12600 127 133 
12600 128 124 130 132 137 165 
12600 129 133 156 
12600 130 124 128 145 147 156 162 164 
12600 131 145 
12600 132 128 139 141 142 146 147 156 
12600 133 127 129 136 137 138 139 150 
12600 134 137 161 164 
12600 135 11 149 153 
12600 136 13 126 133 141 144 147 156 167 169 
12600 137 13 128 133 134 154 168 172 
12600 138 126 133 141 161 169 171 
12600 139 13 132 133 143 158 
12600 140 142 143 169 
12600 141 4 126 132 136 138 149 
12600 142 132 140 147 154 166 168 
12600 143 4 139 140 156 160 165 
12600 144 13 124 126 136 149 153 156 163 168 
12600 145 12 13 130 131 
12600 146 132 155 166 
12600 147 13 130 132 136 142 154 164 165 
12600 148 124 126 158 
12600 149 12 135 141 144 162 164 
12600 150 4 133 163 165 169 
12600 151 152 
12600 152 151 156 166 
12600 153 135 144 
12600 154 137 142 147 156 171 
12600 155 146 
12600 156 129 130 132 136 143 144 152 154 158 161 169 171 
12600 157 13 166 
12600 158 139 148 156 163 164 
12600 159 161 
12600 160 143 
12600 161 124 125 134 138 156 159 
12600 162 130 149 164 168 172 
12600 163 11 144 150 158 170 
12600 164 4 130 134 147 149 158 162 165 172 
12600 165 4 125 128 143 147 150 164 166 170 
12600 166 126 142 146 152 157 165 168 
12600 167 136 
12600 168 137 142 144 162 166 
12600 169 12 13 136 138 140 150 156 
12600 170 163 165 
12600 171 138 154 156 
12600 172 137 162 164 
12600 173 5 199 203 213 
12600 174 188 201 
12600 175 
12600 176 
12600 177 5 198 
12600 178 14 
12600 179 183 191 200 208 
12600 180 
12600 181 183 188 192 205 
12600 182 14 186 192 203 211 
12600 183 179 181 185 190 
12600 184 210 213 
12600 185 5 183 214 
12600 186 182 210 
12600 187 193 213 
12600 188 5 14 174 181 
12600 189 197 199 
12600 190 183 202 
12600 191 5 179 194 205 213 
12600 192 5 181 182 200 209 
12600 193 187 
12600 194 191 201 
12600 195 196 210 
12600 196 195 205 207 
12600 197 5 189 
12600 198 177 208 210 
12600 199 173 189 205 214 
12600 200 179 192 201 207 209 
12600 201 174 194 200 204 208 
12600 202 190 
12600 203 5 173 182 207 
12600 204 201 210 
12600 205 181 191 196 199 
12600 206 210 
12600 207 196 200 203 
12600 208 179 198 201 209 
12600 209 192 200 208 212 
12600 210 14 184 186 195 198 204 206 213 
12600 211 14 182 
12600 212 209 
12600 213 5 173 184 187 191 210 
12600 214 185 199 
14400 0 
14400 1 5 7 17 19 26 27 29 32 40 215 218 222 224 227 231 233 234 238 240 242 
14400 2 46 60 68 76 
14400 3 4 91 105 111 114 115 120 123 215 219 221 225 231 232 235 236 239 242 
14400 4 3 132 137 144 217 219 221 224 228 230 233 235 237 241 242 
14400 5 1 182 183 194 216 220 221 225 226 231 234 236 241 243 244 
14400 6 17 19 24 27 41 42 
14400 7 1 16 17 30 34 44 
14400 8 46 51 55 76 77 83 
14400 9 87 88 92 97 105 110 114 120 
14400 10 86 91 99 100 101 103 116 
14400 11 12 124 126 137 142 168 172 
14400 12 11 126 140 150 154 
14400 13 128 137 150 156 157 158 166 
14400 14 175 177 191 196 197 212 
14400 15 29 32 37 38 
14400 16 7 20 27 
14400 17 1 6 7 32 35 37 40 
14400 18 
14400 19 1 6 26 35 42 
14400 20 16 21 26 27 28 35 42 
14400 21 20 32 34 36 43 
14400 22 30 31 34 43 
14400 23 36 40 
14400 24 6 25 
14400 25 24 32 38 
14400 26 1 19 20 27 31 38 39 
14400 27 1 6 16 20 26 29 45 
14400 28 20 
14400 29 1 15 27 42 
14400 30 7 22 31 37 43 
14400 31 22 26 30 41 
14400 32 1 15 17 21 25 36 38 
14400 33 
14400 34 7 21 22 41 
14400 35 17 19 20 40 
14400 36 21 23 32 39 40 45 
14400 37 15 17 30 40 
14400 38 15 25 26 32 93 
14400 39 26 36 
14400 40 1 17 23 35 36 37 
14400 41 6 31 34 
14400 42 6 19 20 29 44 
14400 43 21 22 30 
14400 44 7 42 
14400 45 27 36 
14400 46 2 8 48 59 73 78 
14400 47 55 80 85 
14400 48 46 70 79 
14400 49 56 57 
14400 50 54 79 
14400 51 8 62 84 
14400 52 57 70 77 
14400 53 72 74 78 83 
14400 54 50 66 67 
14400 55 8 47 58 67 
14400 56 49 62 78 
14400 57 49 52 64 84 
14400 58 55 65 67 84 
14400 59 46 60 62 66 67 70 71 77 84 
14400 60 2 59 64 72 76 79 
14400 61 66 67 72 83 
14400 62 51 56 59 76 
14400 63 
14400 64 57 60 73 
14400 65 58 70 76 
14400 66 54 59 61 
14400 67 54 55 58 59 61 69 76 
14400 68 2 72 
14400 69 67 82 
14400 70 48 52 59 65 79 81 
14400 71 59 
14400 72 53 60 61 68 
14400 73 46 64 74 
14400 74 53 73 76 83 
14400 75 76 83 
14400 76 2 8 60 62 65 67 74 75 81 
14400 77 8 52 59 79 
14400 78 46 53 56 
14400 79 48 50 60 70 77 81 
14400 80 47 
14400 81 70 76 79 
14400 82 69 
14400 83 8 53 61 74 75 
14400 84 51 57 58 59 
14400 85 47 
14400 86 10 88 100 105 108 
14400 87 9 90 97 108 111 114 117 
14400 88 9 86 92 99 101 110 
14400 89 90 94 98 99 101 
14400 90 87 89 91 98 102 110 112 117 120 123 
14400 91 3 10 90 104 106 112 
14400 92 9 88 104 105 110 112 
14400 93 38 95 103 108 
14400 94 89 97 99 111 122 
14400 95 93 100 103 110 117 
14400 96 
14400 97 9 87 94 114 
14400 98 89 90 101 109 121 
14400 99 10 88 89 94 101 108 112 115 116 
14400 100 10 86 95 114 
14400 101 10 88 89 98 99 108 109 112 116 
14400 102 90 107 110 122 
14400 103 10 93 95 106 110 113 
14400 104 91 92 106 118 121 
14400 105 3 9 86 92 108 
14400 106 91 103 104 112 
14400 107 102 
14400 108 86 87 93 99 101 105 115 118 120 
14400 109 98 101 
14400 110 9 88 90 92 95 102 103 115 
14400 111 3 87 94 
14400 112 90 91 92 99 101 106 121 122 
14400 113 103 114 
14400 114 3 9 87 97 100 113 
14400 115 3 99 108 110 
14400 116 10 99 101 
14400 117 87 90 95 
14400 118 104 108 
14400 119 
14400 120 3 9 90 108 
14400 121 98 104 112 123 
14400 122 94 102 112 
14400 123 3 90 121 
14400 124 11 133 138 150 161 162 163 
14400 125 161 164 166 169 
14400 126 11 12 131 141 145 148 158 168 171 
14400 127 136 
14400 128 13 144 150 158 
14400 129 132 149 150 153 
14400 130 138 153 157 164 166 
14400 131 126 146 164 
14400 132 4 129 137 138 152 165 
14400 133 124 140 144 147 
14400 134 146 
14400 135 138 169 
14400 136 127 137 138 139 144 149 150 153 156 162 
14400 137 4 11 13 132 136 138 140 147 153 165 
14400 138 124 130 132 135 136 137 140 143 144 147 149 154 164 166 
14400 139 136 163 170 171 
14400 140 12 133 137 138 141 143 151 153 156 
14400 141 126 140 142 144 147 150 153 156 163 164 165 171 
14400 142 11 141 144 
14400 143 138 140 
14400 144 4 128 133 136 138 141 142 149 152 158 
14400 145 126 146 149 171 
14400 146 131 134 145 148 165 
14400 147 133 137 138 141 153 159 161 168 
14400 148 126 146 150 
14400 149 129 136 138 144 145 168 
14400 150 12 13 124 128 129 136 141 148 152 161 164 
14400 151 140 
14400 152 132 144 150 158 172 
14400 153 129 130 136 137 140 141 147 
14400 154 12 138 165 168 
14400 155 
14400 156 13 136 140 141 168 171 
14400 157 13 130 172 
14400 158 13 126 128 144 152 163 168 
14400 159 147 168 
14400 160 
14400 161 124 125 147 150 
14400 162 124 136 
14400 163 124 139 141 158 164 166 170 
14400 164 125 130 131 138 141 150 163 168 
14400 165 132 137 141 146 154 
14400 166 13 125 130 138 163 171 
14400 167 
14400 168 11 126 147 149 154 156 158 159 164 
14400 169 125 135 171 
14400 170 139 163 
14400 171 126 139 141 145 156 166 169 
14400 172 11 152 157 
14400 173 177 184 188 191 204 210 213 
14400 174 184 191 
14400 175 14 178 188 203 208 
14400 176 
14400 177 14 173 183 197 201 
14400 178 175 191 210 
14400 179 191 196 205 
14400 180 184 
14400 181 188 208 213 214 
14400 182 5 195 196 205 
14400 183 5 177 188 189 200 210 
14400 184 173 174 180 210 
14400 185 
14400 186 196 198 200 211 
14400 187 193 213 
14400 188 173 175 181 183 190 196 213 
14400 189 183 199 
14400 190 188 
14400 191 14 173 174 178 179 195 205 207 210 
14400 192 196 209 212 
14400 193 187 
14400 194 5 197 
14400 195 182 191 204 
14400 196 14 179 182 186 188 192 214 
14400 197 14 177 194 204 210 
14400 198 186 211 
14400 199 189 
14400 200 183 186 
14400 201 177 209 
14400 202 
14400 203 175 214 
14400 204 173 195 197 
14400 205 179 182 191 210 
14400 206 
14400 207 191 
14400 208 175 181 
14400 209 192 201 
14400 210 173 178 183 184 191 197 205 
14400 211 186 198 
14400 212 14 192 
14400 213 173 181 187 188 
14400 214 181 196 203 
14400 215 1 3 
14400 216 5 
14400 217 4 
14400 218 1 
14400 219 3 4 
14400 220 5 
14400 221 3 4 5 
14400 222 1 
14400 224 1 4 
14400 225 3 5 
14400 226 5 
14400 227 1 
14400 228 4 
14400 230 4 
14400 231 1 3 5 
14400 232 3 
14400 233 1 4 
14400 234 1 5 
14400 235 3 4 
14400 236 3 5 
14400 237 4 
14400 238 1 
14400 239 3 
14400 240 1 
14400 241 4 5 
14400 242 1 3 4 
14400 243 5 
14400 244 5 
16200 0 2 215 216 217 218 219 220 221 222 223 224 225 226 227 228 229 230 231 232 233 234 235 236 237 238 239 240 241 242 243 244 
16200 1 4 16 19 33 36 42 43 215 218 222 224 227 231 233 234 238 240 242 
16200 2 0 65 69 72 79 217 218 222 223 229 230 233 235 236 240 243 
16200 3 88 91 94 98 102 106 
16200 4 1 133 140 141 142 160 162 168 217 219 221 224 228 230 233 235 237 241 242 
16200 5 173 179 182 188 195 205 214 
16200 6 17 18 25 
16200 7 17 22 33 39 45 
16200 8 70 81 85 
16200 9 90 96 105 106 108 109 112 
16200 10 91 92 96 97 116 
16200 11 129 130 137 144 147 154 157 159 169 172 
16200 12 124 141 159 164 171 172 
16200 13 125 133 160 162 169 172 
16200 14 186 188 191 196 197 207 210 
16200 15 29 40 
16200 16 1 19 29 
16200 17 6 7 31 39 
16200 18 6 
16200 19 1 16 27 30 38 
16200 20 32 36 37 42 
16200 21 22 24 31 33 35 
16200 22 7 21 
16200 23 27 
16200 24 21 26 30 
16200 25 6 27 31 37 
16200 26 24 30 37 40 
16200 27 19 23 25 45 
16200 28 34 35 37 39 43 
16200 29 15 16 30 43 
16200 30 19 24 26 29 44 
16200 31 17 21 25 43 
16200 32 20 39 
16200 33 1 7 21 39 42 43 
16200 34 28 41 
16200 35 21 28 37 
16200 36 1 20 43 
16200 37 20 25 26 28 35 42 
16200 38 19 40 
16200 39 7 17 28 32 33 40 
16200 40 15 26 38 39 
16200 41 34 
16200 42 1 20 33 37 
16200 43 1 28 29 31 33 36 44 
16200 44 30 43 
16200 45 7 27 
16200 46 59 62 65 69 76 
16200 47 57 58 59 60 69 70 72 79 83 
16200 48 58 62 81 
16200 49 83 84 
16200 50 
16200 51 74 81 
16200 52 62 77 
16200 53 54 58 72 76 
16200 54 53 57 75 79 81 85 
16200 55 67 74 75 
16200 56 59 65 69 71 
16200 57 47 54 75 
16200 58 47 48 53 
16200 59 46 47 56 60 68 75 76 80 
16200 60 47 59 64 71 
16200 61 67 78 
16200 62 46 48 52 
16200 63 75 83 
16200 64 60 
16200 65 2 46 56 69 71 
16200 66 
16200 67 55 61 73 80 81 
16200 68 59 81 
16200 69 2 46 47 56 65 74 77 78 
16200 70 8 47 71 
16200 71 56 60 65 70 
16200 72 2 47 53 78 83 
16200 73 67 74 78 
16200 74 51 55 69 73 84 
16200 75 54 55 57 59 63 
16200 76 46 53 59 78 
16200 77 52 69 
16200 78 61 69 72 73 76 85 
16200 79 2 47 54 
16200 80 59 67 
16200 81 8 48 51 54 67 68 84 
16200 82 
16200 83 47 49 63 72 
16200 84 49 74 81 
16200 85 8 54 78 
16200 86 92 100 105 109 112 120 
16200 87 95 
16200 88 3 107 109 114 115 
16200 89 96 98 99 103 111 
16200 90 9 102 105 123 
16200 91 3 10 109 123 
16200 92 10 86 99 115 120 
16200 93 101 108 115 116 120 123 
16200 94 3 96 99 108 109 114 116 118 
16200 95 87 104 108 123 
16200 96 9 10 89 94 105 
16200 97 10 106 114 
16200 98 3 89 107 
16200 99 89 92 94 105 108 114 117 
16200 100 86 114 
16200 101 93 110 111 112 116 120 
16200 102 3 90 121 
16200 103 89 114 
16200 104 95 106 109 115 
16200 105 9 86 90 96 99 110 120 
16200 106 3 9 97 104 111 123 
16200 107 88 98 
16200 108 9 93 94 95 99 112 
16200 109 9 86 88 91 94 104 123 
16200 110 101 105 115 118 
16200 111 89 101 106 
16200 112 9 86 101 108 
16200 113 
16200 114 88 94 97 99 100 103 
16200 115 88 92 93 104 110 123 
16200 116 10 93 94 101 
16200 117 99 122 
16200 118 94 110 
16200 119 
16200 120 86 92 93 101 105 123 
16200 121 102 
16200 122 117 
16200 123 90 91 93 95 106 109 115 120 
16200 124 12 126 133 139 143 152 161 169 
16200 125 13 128 134 143 152 156 159 
16200 126 124 132 139 141 142 144 148 150 158 
16200 127 136 163 
16200 128 125 141 153 156 158 163 165 168 
16200 129 11 130 133 145 147 
16200 130 11 129 137 141 152 156 
16200 131 
16200 132 126 141 147 161 168 
16200 133 4 13 124 129 134 140 141 144 154 156 
16200 134 125 133 146 
16200 135 139 152 156 162 163 164 166 
16200 136 127 143 156 
16200 137 11 130 141 148 150 156 
16200 138 171 
16200 139 124 126 135 142 144 146 162 166 168 169 
16200 140 4 133 142 146 164 168 172 
16200 141 4 12 126 128 130 132 133 137 144 149 162 
16200 142 4 126 139 140 143 146 149 153 163 
16200 143 124 125 136 142 149 153 154 164 
16200 144 11 126 133 139 141 148 150 154 158 163 
16200 145 129 146 149 150 166 
16200 146 134 139 140 142 145 159 
16200 147 11 129 132 156 160 161 
16200 148 126 137 144 150 158 163 
16200 149 141 142 143 145 150 153 169 171 
16200 150 126 137 144 145 148 149 152 158 161 169 171 
16200 151 160 
16200 152 124 125 130 135 150 154 164 172 
16200 153 128 142 143 149 162 171 
16200 154 11 133 143 144 152 159 165 169 
16200 155 
16200 156 125 128 130 133 135 136 137 147 161 
16200 157 11 
16200 158 126 128 144 148 150 
16200 159 11 12 125 146 154 168 
16200 160 4 13 147 151 165 168 169 
16200 161 124 132 147 150 156 
16200 162 4 13 135 139 141 153 
16200 163 127 128 135 142 144 148 164 165 166 
16200 164 12 135 140 143 152 163 168 
16200 165 128 154 160 163 
16200 166 135 139 145 163 
16200 167 
16200 168 4 128 132 139 140 159 160 164 
16200 169 11 13 124 139 149 150 154 160 
16200 170 
16200 171 12 138 149 150 153 
16200 172 11 12 13 140 152 
16200 173 5 177 183 203 
16200 174 203 
16200 175 178 181 189 
16200 176 200 
16200 177 173 196 198 200 205 
16200 178 175 
16200 179 5 183 191 
16200 180 187 
16200 181 175 183 192 197 214 
16200 182 5 184 185 214 
16200 183 173 179 181 188 213 214 
16200 184 182 187 
16200 185 182 186 192 197 200 212 214 
16200 186 14 185 203 204 
16200 187 180 184 
16200 188 5 14 183 203 
16200 189 175 199 
16200 190 
16200 191 14 179 203 
16200 192 181 185 210 
16200 193 
16200 194 212 214 
16200 195 5 200 201 202 
16200 196 14 177 
16200 197 14 181 185 203 214 
16200 198 177 203 211 
16200 199 189 
16200 200 176 177 185 195 202 203 
16200 201 195 208 214 
16200 202 195 200 
16200 203 173 174 186 188 191 197 198 200 211 
16200 204 186 
16200 205 5 177 210 212 214 
16200 206 
16200 207 14 211 212 
16200 208 201 
16200 209 
16200 210 14 192 205 
16200 211 198 203 207 212 
16200 212 185 194 205 207 211 213 
16200 213 183 212 
16200 214 5 181 182 183 185 194 197 201 205 
16200 215 0 1 
16200 216 0 
16200 217 0 2 4 
16200 218 0 1 2 
16200 219 0 4 
16200 220 0 
16200 221 0 4 
16200 222 0 1 2 
16200 223 0 2 
16200 224 0 1 4 
16200 225 0 
16200 226 0 
16200 227 0 1 
16200 228 0 4 
16200 229 0 2 
16200 230 0 2 4 
16200 231 0 1 
16200 232 0 
16200 233 0 1 2 4 
16200 234 0 1 
16200 235 0 2 4 
16200 236 0 2 
16200 237 0 4 
16200 238 0 1 
16200 239 0 
16200 240 0 1 2 
16200 241 0 4 
16200 242 0 1 4 
16200 243 0 2 
16200 244 0 
18000 0 2 215 216 217 218 219 220 221 222 223 224 225 226 227 228 229 230 231 232 233 234 235 236 237 238 239 240 241 242 243 244 
18000 1 6 17 18 28 29 30 32 33 38 40 42 
18000 2 0 8 48 53 58 60 61 62 64 69 74 81 83 217 218 222 223 229 230 233 235 236 240 243 
18000 3 4 91 95 98 215 219 221 225 231 232 235 236 239 242 
18000 4 3 132 136 150 156 157 158 165 217 219 221 224 228 230 233 235 237 241 242 
18000 5 183 191 195 211 
18000 6 1 24 27 37 42 43 
18000 7 16 29 45 
18000 8 2 58 65 68 
18000 9 89 98 99 
18000 10 89 93 98 110 117 
18000 11 132 133 135 137 156 164 
18000 12 128 141 146 152 159 161 162 169 
18000 13 125 
18000 14 173 182 188 192 196 197 205 208 211 
18000 15 19 28 29 31 
18000 16 7 18 19 23 26 41 
18000 17 1 23 35 36 39 41 
18000 18 1 16 36 41 42 
18000 19 15 16 22 39 41 44 
18000 20 21 34 42 
18000 21 20 31 34 36 42 
18000 22 19 29 33 
18000 23 16 17 25 32 35 40 45 
18000 24 6 37 41 
18000 25 23 30 
18000 26 16 
18000 27 6 32 33 40 
18000 28 1 15 32 35 36 42 
18000 29 1 7 15 22 37 43 
18000 30 1 25 31 
18000 31 15 21 30 39 
18000 32 1 23 27 28 41 
18000 33 1 22 27 
18000 34 20 21 37 41 45 
18000 35 17 23 28 40 45 
18000 36 17 18 21 28 41 
18000 37 6 24 29 34 
18000 38 1 44 
18000 39 17 19 31 40 
18000 40 1 23 27 35 39 41 
18000 41 16 17 18 19 24 32 34 36 40 
18000 42 1 6 18 20 21 28 
18000 43 6 29 
18000 44 19 38 
18000 45 7 23 34 35 
18000 46 54 58 65 78 
18000 47 51 60 61 70 71 74 80 
18000 48 2 58 59 68 84 
18000 49 51 
18000 50 53 79 
18000 51 47 49 58 
18000 52 55 
18000 53 2 50 59 72 
18000 54 46 66 
18000 55 52 73 74 78 79 85 
18000 56 72 
18000 57 80 
18000 58 2 8 46 48 51 69 73 75 82 
18000 59 48 53 66 69 73 74 80 
18000 60 2 47 64 65 
18000 61 2 47 64 79 
18000 62 2 69 72 73 79 
18000 63 65 80 
18000 64 2 60 61 73 76 77 78 
18000 65 8 46 60 63 72 74 80 85 
18000 66 54 59 67 72 
18000 67 66 72 75 76 
18000 68 8 48 76 
18000 69 2 58 59 62 83 
18000 70 47 73 82 85 
18000 71 47 75 
18000 72 53 56 62 65 66 67 75 
18000 73 55 58 59 62 64 70 79 
18000 74 2 47 55 59 65 80 83 
18000 75 58 67 71 72 
18000 76 64 67 68 83 85 
18000 77 64 
18000 78 46 55 64 
18000 79 50 55 61 62 73 
18000 80 47 57 59 63 65 74 
18000 81 2 
18000 82 58 70 
18000 83 2 69 74 76 
18000 84 48 
18000 85 55 65 70 76 
18000 86 87 90 92 96 115 
18000 87 86 93 96 103 109 115 
18000 88 91 106 111 
18000 89 9 10 116 
18000 90 86 92 95 96 99 102 111 
18000 91 3 88 93 117 118 120 123 
18000 92 86 90 98 99 101 107 
18000 93 10 87 91 
18000 94 101 118 
18000 95 3 90 98 108 109 112 122 
18000 96 86 87 90 114 117 118 123 
18000 97 101 104 112 119 
18000 98 3 9 10 92 95 109 111 117 
18000 99 9 90 92 105 
18000 100 101 104 110 120 
18000 101 92 94 97 100 103 104 105 108 
18000 102 90 103 110 114 115 118 121 
18000 103 87 101 102 108 112 116 117 120 
18000 104 97 100 101 106 
18000 105 99 101 111 117 118 
18000 106 88 104 111 
18000 107 92 
18000 108 95 101 103 117 122 
18000 109 87 95 98 110 
18000 110 10 100 102 109 112 
18000 111 88 90 98 105 106 115 
18000 112 95 97 103 110 117 119 
18000 113 116 
18000 114 96 102 118 
18000 115 86 87 102 111 117 
18000 116 89 103 113 118 
18000 117 10 91 96 98 103 105 108 112 115 118 
18000 118 91 94 96 102 105 114 116 117 
18000 119 97 112 
18000 120 91 100 103 
18000 121 102 
18000 122 95 108 
18000 123 91 96 
18000 124 137 159 163 
18000 125 13 132 142 147 171 
18000 126 130 135 143 157 163 165 
18000 127 
18000 128 12 135 139 140 150 
18000 129 135 142 143 148 149 163 168 
18000 130 126 137 148 
18000 131 
18000 132 4 11 125 152 163 164 
18000 133 11 138 145 150 153 
18000 134 155 
18000 135 11 126 128 129 145 149 156 159 
18000 136 4 138 149 162 169 
18000 137 11 124 130 156 
18000 138 133 136 142 144 159 
18000 139 128 158 165 169 
18000 140 128 143 144 146 150 153 159 164 171 
18000 141 12 154 159 162 
18000 142 125 129 138 145 150 163 165 
18000 143 126 129 140 153 165 
18000 144 138 140 
18000 145 133 135 142 152 161 164 
18000 146 12 140 161 
18000 147 125 153 163 169 
18000 148 129 130 153 165 
18000 149 129 135 136 164 
18000 150 4 128 133 140 142 154 156 163 164 
18000 151 
18000 152 12 132 145 170 
18000 153 133 140 143 147 148 154 160 
18000 154 141 150 153 157 163 
18000 155 134 
18000 156 4 11 135 137 150 159 162 164 
18000 157 4 126 154 169 
18000 158 4 139 170 
18000 159 12 124 135 138 140 141 156 166 
18000 160 153 
18000 161 12 145 146 162 
18000 162 12 136 141 156 161 166 169 172 
18000 163 124 126 129 132 142 147 150 154 169 
18000 164 11 132 140 145 149 150 156 165 
18000 165 4 126 139 142 143 148 164 
18000 166 159 162 168 
18000 167 
18000 168 129 166 
18000 169 12 136 139 147 157 162 163 
18000 170 152 158 
18000 171 125 140 
18000 172 162 
18000 173 14 182 188 203 212 213 214 
18000 174 185 207 
18000 175 179 196 208 
18000 176 
18000 177 178 200 214 
18000 178 177 201 203 
18000 179 175 188 193 195 
18000 180 187 
18000 181 185 191 192 194 196 200 203 214 
18000 182 14 173 188 194 205 207 
18000 183 5 204 
18000 184 210 
18000 185 174 181 189 196 197 200 
18000 186 212 
18000 187 180 206 
18000 188 14 173 179 182 195 200 
18000 189 185 199 
18000 190 
18000 191 5 181 192 204 
18000 192 14 181 191 201 
18000 193 179 
18000 194 181 182 195 200 
18000 195 5 179 188 194 199 201 214 
18000 196 14 175 181 185 200 210 
18000 197 14 185 209 210 
18000 198 206 
18000 199 189 195 
18000 200 177 181 185 188 194 196 204 211 
18000 201 178 192 195 203 207 214 
18000 202 
18000 203 173 178 181 201 
18000 204 183 191 200 
18000 205 14 182 214 
18000 206 187 198 
18000 207 174 182 201 
18000 208 14 175 
18000 209 197 211 
18000 210 184 196 197 
18000 211 5 14 200 209 
18000 212 173 186 
18000 213 173 
18000 214 173 177 181 195 201 205 
18000 215 0 3 
18000 216 0 
18000 217 0 2 4 
18000 218 0 2 
18000 219 0 3 4 
18000 220 0 
18000 221 0 3 4 
18000 222 0 2 
18000 223 0 2 
18000 224 0 4 
18000 225 0 3 
18000 226 0 
18000 227 0 
18000 228 0 4 
18000 229 0 2 
18000 230 0 2 4 
18000 231 0 3 
18000 232 0 3 
18000 233 0 2 4 
18000 234 0 
18000 235 0 2 3 4 
18000 236 0 2 3 
18000 237 0 4 
18000 238 0 
18000 239 0 3 
18000 240 0 2 
18000 241 0 4 
18000 242 0 3 4 
18000 243 0 2 
18000 244 0 
