0 21600
0 0 3 4 5 214 215 216 217 218 219 220 221 222 223 224 225 226 227 228 229 230 231 232 233 234 235 236 237 238 239 240 241 242 243 
0 1 57 59 60 
0 2 90 112 127 
0 3 0 126 127 214 216 221 223 224 226 228 233 237 238 240 242 243 
0 4 0 137 180 216 218 219 222 223 227 229 233 237 238 239 242 
0 5 0 211 212 215 217 219 223 225 227 231 232 235 239 240 241 243 
0 6 57 
0 7 90 
0 8 124 
0 9 178 179 180 
0 10 208 211 
0 11 208 
0 12 58 59 
0 13 58 
0 14 56 57 
0 15 51 57 
0 16 58 
0 17 56 
0 18 58 
0 19 27 30 60 
0 20 57 
0 21 57 
0 22 57 
0 23 57 
0 24 57 
0 25 51 
0 26 57 
0 27 19 
0 28 57 
0 29 57 
0 30 19 
0 31 51 
0 32 57 
0 33 48 49 
0 34 53 57 
0 35 57 
0 36 56 
0 37 57 
0 38 58 
0 39 57 
0 40 57 
0 41 57 
0 42 43 59 
0 43 42 54 
0 44 57 
0 45 56 
0 46 56 
0 47 57 
0 48 33 59 
0 49 33 
0 50 
0 51 15 25 31 
0 52 58 
0 53 34 
0 54 43 
0 55 58 
0 56 14 17 36 45 46 
0 57 1 6 14 15 20 21 22 23 24 26 28 29 32 34 35 37 39 40 41 44 47 
0 58 12 13 16 18 38 52 55 
0 59 1 12 42 48 
0 60 1 19 
0 61 89 90 
0 62 90 
0 63 90 
0 64 90 
0 65 90 
0 66 88 90 
0 67 77 90 
0 68 88 
0 69 90 
0 70 87 88 
0 71 90 
0 72 118 
0 73 109 112 
0 74 86 87 
0 75 90 
0 76 89 
0 77 67 81 
0 78 90 
0 79 90 
0 80 90 
0 81 77 
0 82 90 
0 83 87 
0 84 89 
0 85 90 
0 86 74 
0 87 70 74 83 
0 88 66 68 70 
0 89 61 76 84 
0 90 2 7 61 62 63 64 65 66 67 69 71 75 78 79 80 82 85 
0 91 124 
0 92 124 
0 93 124 
0 94 108 132 
0 95 123 
0 96 124 
0 97 124 
0 98 124 
0 99 124 
0 100 132 
0 101 124 
0 102 124 
0 103 122 
0 104 124 
0 105 124 
0 106 124 
0 107 124 
0 108 94 110 119 
0 109 73 
0 110 108 
0 111 124 
0 112 2 73 
0 113 124 
0 114 124 
0 115 124 
0 116 124 
0 117 124 
0 118 72 126 131 
0 119 108 
0 120 124 
0 121 124 
0 122 103 128 134 
0 123 95 128 132 
0 124 8 91 92 93 96 97 98 99 101 102 104 105 106 107 111 113 114 115 116 117 120 121 129 130 133 135 
0 125 129 
0 126 3 118 128 129 
0 127 2 3 
0 128 122 123 126 
0 129 124 125 126 
0 130 124 
0 131 118 
0 132 94 100 123 
0 133 124 
0 134 122 
0 135 124 
0 136 177 
0 137 4 
0 138 179 
0 139 179 
0 140 179 
0 141 179 
0 142 179 
0 143 179 
0 144 179 
0 145 179 
0 146 179 
0 147 178 
0 148 179 
0 149 179 
0 150 177 179 
0 151 179 
0 152 179 
0 153 179 
0 154 179 
0 155 156 159 179 
0 156 155 
0 157 178 
0 158 180 194 
0 159 155 
0 160 179 
0 161 178 
0 162 179 
0 163 179 
0 164 178 
0 165 178 
0 166 168 173 179 
0 167 179 
0 168 166 
0 169 179 
0 170 179 
0 171 179 
0 172 178 
0 173 166 
0 174 177 
0 175 179 
0 176 179 
0 177 136 150 174 
0 178 9 147 157 161 164 165 172 
0 179 9 138 139 140 141 142 143 144 145 146 148 149 150 151 152 153 154 155 160 162 163 166 167 169 170 171 175 176 
0 180 4 9 158 
0 181 198 213 
0 182 187 189 191 
0 183 188 190 202 
0 184 187 
0 185 187 202 
0 186 188 192 197 
0 187 182 184 185 
0 188 183 186 
0 189 182 
0 190 183 
0 191 182 
0 192 186 203 
0 193 209 211 
0 194 158 
0 195 208 
0 196 203 
0 197 186 
0 198 181 211 
0 199 208 
0 200 213 
0 201 208 
0 202 183 185 
0 203 192 196 212 
0 204 207 
0 205 208 
0 206 207 211 
0 207 204 206 
0 208 10 11 195 199 201 205 
0 209 193 
0 210 213 
0 211 5 10 193 198 206 
0 212 5 203 
0 213 181 200 210 
0 214 0 3 
0 215 0 5 
0 216 0 3 4 
0 217 0 5 
0 218 0 4 
0 219 0 4 5 
0 220 0 
0 221 0 3 
0 222 0 4 
0 223 0 3 4 5 
0 224 0 3 
0 225 0 5 
0 226 0 3 
0 227 0 4 5 
0 228 0 3 
0 229 0 4 
0 230 0 
0 231 0 5 
0 232 0 5 
0 233 0 3 4 
0 234 0 
0 235 0 5 
0 236 0 
0 237 0 3 4 
0 238 0 3 4 
0 239 0 4 5 
0 240 0 3 5 
0 241 0 5 
0 242 0 3 4 
0 243 0 3 5 
1800 0 3 4 5 214 215 216 217 218 219 220 221 222 223 224 225 226 227 228 229 230 231 232 233 234 235 236 237 238 239 240 241 242 243 
1800 1 57 59 60 
1800 2 89 90 112 
1800 3 0 126 127 214 216 221 223 224 226 228 233 237 238 240 242 243 
1800 4 0 137 180 216 218 219 222 223 227 229 233 237 238 239 242 
1800 5 0 211 212 215 217 219 223 225 227 231 232 235 239 240 241 243 
1800 6 57 
1800 7 89 
1800 8 125 
1800 9 178 179 180 
1800 10 208 211 
1800 11 208 
1800 12 58 59 
1800 13 58 
1800 14 57 
1800 15 56 57 
1800 16 58 
1800 17 56 
1800 18 58 
1800 19 58 
1800 20 57 
1800 21 57 
1800 22 57 
1800 23 57 
1800 24 56 
1800 25 54 57 
1800 26 57 
1800 27 58 
1800 28 57 
1800 29 57 
1800 30 58 
1800 31 56 
1800 32 50 59 
1800 33 57 
1800 34 56 
1800 35 57 
1800 36 55 56 
1800 37 57 
1800 38 57 
1800 39 56 
1800 40 57 
1800 41 50 
1800 42 58 
1800 43 49 
1800 44 57 
1800 45 56 
1800 46 56 
1800 47 57 
1800 48 57 
1800 49 43 59 
1800 50 32 41 
1800 51 57 
1800 52 58 
1800 53 58 
1800 54 25 
1800 55 36 
1800 56 15 17 24 31 34 36 39 45 46 
1800 57 1 6 14 15 20 21 22 23 25 26 28 29 33 35 37 38 40 44 47 48 51 
1800 58 12 13 16 18 19 27 30 42 52 53 
1800 59 1 12 32 49 
1800 60 1 
1800 61 89 
1800 62 88 90 
1800 63 88 
1800 64 106 112 118 
1800 65 89 
1800 66 88 
1800 67 89 
1800 68 87 88 
1800 69 89 
1800 70 87 
1800 71 88 
1800 72 118 
1800 73 88 
1800 74 85 87 
1800 75 77 90 
1800 76 89 
1800 77 75 81 
1800 78 89 
1800 79 88 
1800 80 89 
1800 81 77 
1800 82 89 
1800 83 87 
1800 84 89 
1800 85 74 
1800 86 106 109 
1800 87 68 70 74 83 
1800 88 62 63 66 68 71 73 79 
1800 89 2 7 61 65 67 69 76 78 80 82 84 
1800 90 2 62 75 
1800 91 125 
1800 92 125 
1800 93 125 
1800 94 123 
1800 95 124 
1800 96 125 
1800 97 125 
1800 98 125 
1800 99 125 
1800 100 123 
1800 101 125 
1800 102 125 
1800 103 125 
1800 104 125 
1800 105 125 
1800 106 64 86 127 
1800 107 125 
1800 108 110 
1800 109 86 
1800 110 108 123 
1800 111 125 
1800 112 2 64 
1800 113 125 
1800 114 125 
1800 115 125 
1800 116 125 
1800 117 125 
1800 118 64 72 131 
1800 119 123 
1800 120 125 
1800 121 125 
1800 122 126 134 
1800 123 94 100 110 119 132 
1800 124 95 132 
1800 125 8 91 92 93 96 97 98 99 101 102 103 104 105 107 111 113 114 115 116 117 120 121 128 129 130 133 
1800 126 3 122 129 132 
1800 127 3 106 135 
1800 128 125 
1800 129 125 126 
1800 130 125 
1800 131 118 
1800 132 123 124 126 
1800 133 125 
1800 134 122 
1800 135 127 
1800 136 177 
1800 137 4 
1800 138 179 
1800 139 179 
1800 140 179 
1800 141 179 
1800 142 179 
1800 143 179 
1800 144 179 
1800 145 179 
1800 146 179 
1800 147 178 
1800 148 179 
1800 149 179 
1800 150 177 179 
1800 151 179 
1800 152 179 
1800 153 179 
1800 154 179 
1800 155 156 159 179 
1800 156 155 
1800 157 178 
1800 158 172 174 
1800 159 155 
1800 160 179 
1800 161 178 
1800 162 179 
1800 163 179 
1800 164 178 
1800 165 178 
1800 166 168 173 179 
1800 167 179 
1800 168 166 
1800 169 179 
1800 170 179 
1800 171 179 
1800 172 158 180 
1800 173 166 
1800 174 158 
1800 175 179 
1800 176 179 
1800 177 136 150 
1800 178 9 147 157 161 164 165 
1800 179 9 138 139 140 141 142 143 144 145 146 148 149 150 151 152 153 154 155 160 162 163 166 167 169 170 171 175 176 
1800 180 4 9 172 
1800 181 189 198 
1800 182 187 189 191 
1800 183 208 
1800 184 211 213 
1800 185 187 190 202 
1800 186 188 192 194 197 209 
1800 187 182 185 213 
1800 188 186 202 
1800 189 181 182 
1800 190 185 
1800 191 182 
1800 192 186 203 
1800 193 210 212 
1800 194 186 
1800 195 208 
1800 196 203 
1800 197 186 
1800 198 181 205 
1800 199 208 
1800 200 213 
1800 201 208 
1800 202 185 188 
1800 203 192 196 
1800 204 207 
1800 205 198 
1800 206 207 211 
1800 207 204 206 
1800 208 10 11 183 195 199 201 
1800 209 186 
1800 210 193 
1800 211 5 10 184 206 
1800 212 5 193 
1800 213 184 187 200 
1800 214 0 3 
1800 215 0 5 
1800 216 0 3 4 
1800 217 0 5 
1800 218 0 4 
1800 219 0 4 5 
1800 220 0 
1800 221 0 3 
1800 222 0 4 
1800 223 0 3 4 5 
1800 224 0 3 
1800 225 0 5 
1800 226 0 3 
1800 227 0 4 5 
1800 228 0 3 
1800 229 0 4 
1800 230 0 
1800 231 0 5 
1800 232 0 5 
1800 233 0 3 4 
1800 234 0 
1800 235 0 5 
1800 236 0 
1800 237 0 3 4 
1800 238 0 3 4 
1800 239 0 4 5 
1800 240 0 3 5 
1800 241 0 5 
1800 242 0 3 4 
1800 243 0 3 5 
3600 0 3 4 5 214 215 216 217 218 219 220 221 222 223 224 225 226 227 228 229 230 231 232 233 234 235 236 237 238 239 240 241 242 243 
3600 1 57 59 60 
3600 2 90 96 112 
3600 3 0 126 127 214 216 221 223 224 226 228 233 237 238 240 242 243 
3600 4 0 137 180 216 218 219 222 223 227 229 233 237 238 239 242 
3600 5 0 211 212 215 217 219 223 225 227 231 232 235 239 240 241 243 
3600 6 57 
3600 7 90 
3600 8 125 
3600 9 178 179 180 
3600 10 208 211 
3600 11 208 
3600 12 58 59 
3600 13 58 
3600 14 57 
3600 15 51 57 
3600 16 57 
3600 17 57 
3600 18 58 
3600 19 50 59 
3600 20 57 
3600 21 58 
3600 22 57 
3600 23 57 
3600 24 57 
3600 25 51 
3600 26 57 
3600 27 58 
3600 28 57 
3600 29 57 
3600 30 58 
3600 31 51 
3600 32 57 
3600 33 56 
3600 34 57 
3600 35 58 
3600 36 57 
3600 37 57 
3600 38 57 
3600 39 57 
3600 40 57 
3600 41 57 
3600 42 58 
3600 43 51 54 
3600 44 50 
3600 45 57 
3600 46 57 
3600 47 57 
3600 48 57 
3600 49 56 
3600 50 19 44 56 
3600 51 15 25 31 43 
3600 52 58 
3600 53 58 
3600 54 43 
3600 55 58 
3600 56 33 49 50 
3600 57 1 6 14 15 16 17 20 22 23 24 26 28 29 32 34 36 37 38 39 40 41 45 46 47 48 
3600 58 12 13 18 21 27 30 35 42 52 53 55 
3600 59 1 12 19 
3600 60 1 
3600 61 89 90 
3600 62 77 109 112 
3600 63 90 
3600 64 90 
3600 65 90 
3600 66 90 
3600 67 96 114 
3600 68 88 90 
3600 69 96 
3600 70 90 
3600 71 109 118 
3600 72 118 
3600 73 90 
3600 74 89 
3600 75 90 
3600 76 90 
3600 77 62 81 
3600 78 96 
3600 79 99 112 
3600 80 90 
3600 81 77 
3600 82 90 
3600 83 88 
3600 84 89 
3600 85 90 
3600 86 109 
3600 87 90 
3600 88 68 83 
3600 89 61 74 84 
3600 90 2 7 61 63 64 65 66 68 70 73 75 76 80 82 85 87 
3600 91 125 
3600 92 125 
3600 93 125 
3600 94 100 110 119 123 
3600 95 124 126 
3600 96 2 67 69 78 
3600 97 125 
3600 98 125 
3600 99 79 126 
3600 100 94 120 
3600 101 125 
3600 102 125 
3600 103 125 
3600 104 125 
3600 105 125 
3600 106 125 
3600 107 125 
3600 108 124 
3600 109 62 71 86 
3600 110 94 
3600 111 125 
3600 112 2 62 79 
3600 113 125 
3600 114 67 
3600 115 125 
3600 116 125 
3600 117 125 
3600 118 71 72 131 
3600 119 94 
3600 120 100 126 
3600 121 125 
3600 122 125 
3600 123 94 
3600 124 95 108 
3600 125 8 91 92 93 97 98 101 102 103 104 105 106 107 111 113 115 116 117 121 122 128 129 130 132 133 134 
3600 126 3 95 99 120 129 
3600 127 3 135 
3600 128 125 
3600 129 125 126 
3600 130 125 
3600 131 118 
3600 132 125 
3600 133 125 
3600 134 125 
3600 135 127 
3600 136 179 
3600 137 4 
3600 138 179 
3600 139 179 
3600 140 179 
3600 141 179 
3600 142 179 
3600 143 179 
3600 144 179 
3600 145 179 
3600 146 179 
3600 147 178 
3600 148 179 
3600 149 179 
3600 150 177 179 
3600 151 179 
3600 152 179 
3600 153 178 
3600 154 179 
3600 155 156 159 179 
3600 156 155 
3600 157 178 
3600 158 172 174 
3600 159 155 
3600 160 179 
3600 161 179 
3600 162 177 
3600 163 179 
3600 164 178 
3600 165 178 
3600 166 168 173 179 
3600 167 179 
3600 168 166 
3600 169 179 
3600 170 179 
3600 171 179 
3600 172 158 180 
3600 173 166 
3600 174 158 210 
3600 175 179 
3600 176 179 
3600 177 150 162 
3600 178 9 147 153 157 164 165 
3600 179 9 136 138 139 140 141 142 143 144 145 146 148 149 150 151 152 154 155 160 161 163 166 167 169 170 171 175 176 
3600 180 4 9 172 
3600 181 189 
3600 182 187 189 191 
3600 183 188 190 202 
3600 184 211 213 
3600 185 187 202 
3600 186 188 194 197 
3600 187 182 185 213 
3600 188 183 186 
3600 189 181 182 
3600 190 183 
3600 191 182 
3600 192 210 
3600 193 210 
3600 194 186 
3600 195 212 
3600 196 209 211 
3600 197 186 
3600 198 210 
3600 199 208 
3600 200 206 
3600 201 203 211 
3600 202 183 185 
3600 203 201 
3600 204 207 
3600 205 211 
3600 206 200 207 211 
3600 207 204 206 
3600 208 10 11 199 
3600 209 196 
3600 210 174 192 193 198 
3600 211 5 10 184 196 201 205 206 
3600 212 5 195 
3600 213 184 187 
3600 214 0 3 
3600 215 0 5 
3600 216 0 3 4 
3600 217 0 5 
3600 218 0 4 
3600 219 0 4 5 
3600 220 0 
3600 221 0 3 
3600 222 0 4 
3600 223 0 3 4 5 
3600 224 0 3 
3600 225 0 5 
3600 226 0 3 
3600 227 0 4 5 
3600 228 0 3 
3600 229 0 4 
3600 230 0 
3600 231 0 5 
3600 232 0 5 
3600 233 0 3 4 
3600 234 0 
3600 235 0 5 
3600 236 0 
3600 237 0 3 4 
3600 238 0 3 4 
3600 239 0 4 5 
3600 240 0 3 5 
3600 241 0 5 
3600 242 0 3 4 
3600 243 0 3 5 
5400 0 3 4 5 214 215 216 217 218 219 220 221 222 223 224 225 226 227 228 229 230 231 232 233 234 235 236 237 238 239 240 241 242 243 
5400 1 57 59 60 
5400 2 90 112 127 
5400 3 0 126 127 214 216 221 223 224 226 228 233 237 238 240 242 243 
5400 4 0 137 180 216 218 219 222 223 227 229 233 237 238 239 242 
5400 5 0 211 212 215 217 219 223 225 227 231 232 235 239 240 241 243 
5400 6 57 
5400 7 90 
5400 8 124 
5400 9 178 179 180 
5400 10 208 211 
5400 11 208 
5400 12 58 59 
5400 13 58 
5400 14 58 
5400 15 55 57 
5400 16 58 
5400 17 57 
5400 18 58 
5400 19 27 30 60 
5400 20 57 
5400 21 57 
5400 22 57 
5400 23 57 
5400 24 57 
5400 25 55 
5400 26 57 
5400 27 19 
5400 28 57 
5400 29 57 
5400 30 19 
5400 31 55 
5400 32 57 
5400 33 49 52 
5400 34 55 
5400 35 57 
5400 36 56 57 
5400 37 57 
5400 38 57 
5400 39 57 
5400 40 57 
5400 41 57 
5400 42 43 59 
5400 43 42 54 
5400 44 57 
5400 45 56 
5400 46 57 
5400 47 57 
5400 48 57 
5400 49 33 59 
5400 50 
5400 51 57 
5400 52 33 
5400 53 58 
5400 54 43 
5400 55 15 25 31 34 
5400 56 36 45 
5400 57 1 6 15 17 20 21 22 23 24 26 28 29 32 35 36 37 38 39 40 41 44 46 47 48 51 
5400 58 12 13 14 16 18 53 
5400 59 1 12 42 49 
5400 60 1 19 
5400 61 89 90 
5400 62 90 
5400 63 109 112 
5400 64 111 117 118 
5400 65 89 
5400 66 90 
5400 67 90 
5400 68 87 88 90 
5400 69 90 
5400 70 87 
5400 71 88 
5400 72 118 
5400 73 90 
5400 74 85 87 
5400 75 89 
5400 76 88 
5400 77 85 
5400 78 90 
5400 79 90 
5400 80 89 
5400 81 87 
5400 82 89 
5400 83 96 112 
5400 84 89 
5400 85 74 77 
5400 86 109 
5400 87 68 70 74 81 
5400 88 68 71 76 
5400 89 61 65 75 80 82 84 
5400 90 2 7 61 62 66 67 68 69 73 78 79 
5400 91 124 
5400 92 124 
5400 93 124 
5400 94 100 108 132 
5400 95 123 
5400 96 83 
5400 97 124 
5400 98 124 
5400 99 124 
5400 100 94 
5400 101 124 
5400 102 124 
5400 103 122 
5400 104 124 
5400 105 124 
5400 106 124 
5400 107 124 
5400 108 94 110 
5400 109 63 86 
5400 110 108 119 123 
5400 111 64 125 
5400 112 2 63 83 
5400 113 124 
5400 114 124 
5400 115 124 
5400 116 124 
5400 117 64 
5400 118 64 72 131 
5400 119 110 
5400 120 124 
5400 121 124 
5400 122 103 128 134 
5400 123 95 110 128 
5400 124 8 91 92 93 97 98 99 101 102 104 105 106 107 113 114 115 116 120 121 129 130 133 135 
5400 125 111 129 
5400 126 3 128 129 
5400 127 2 3 
5400 128 122 123 126 
5400 129 124 125 126 
5400 130 124 
5400 131 118 
5400 132 94 
5400 133 124 
5400 134 122 
5400 135 124 
5400 136 179 
5400 137 4 
5400 138 179 
5400 139 179 
5400 140 179 
5400 141 179 
5400 142 178 
5400 143 179 
5400 144 179 
5400 145 179 
5400 146 179 
5400 147 178 
5400 148 179 
5400 149 179 
5400 150 179 
5400 151 179 
5400 152 179 
5400 153 179 
5400 154 179 
5400 155 156 158 159 
5400 156 155 180 
5400 157 178 
5400 158 155 174 
5400 159 155 
5400 160 179 
5400 161 178 
5400 162 179 
5400 163 179 
5400 164 178 
5400 165 178 
5400 166 177 179 
5400 167 179 
5400 168 179 
5400 169 179 
5400 170 179 
5400 171 179 
5400 172 178 
5400 173 178 
5400 174 158 
5400 175 179 
5400 176 179 
5400 177 166 
5400 178 9 142 147 157 161 164 165 172 173 
5400 179 9 136 138 139 140 141 143 144 145 146 148 149 150 151 152 153 154 160 162 163 166 167 168 169 170 171 175 176 
5400 180 4 9 156 
5400 181 198 
5400 182 187 189 191 
5400 183 188 190 202 
5400 184 187 
5400 185 187 202 
5400 186 188 192 194 195 197 
5400 187 182 184 185 210 
5400 188 183 186 
5400 189 182 
5400 190 183 
5400 191 182 
5400 192 186 203 
5400 193 209 211 
5400 194 186 
5400 195 186 212 
5400 196 203 
5400 197 186 
5400 198 181 202 205 
5400 199 208 
5400 200 213 
5400 201 208 
5400 202 183 185 198 
5400 203 192 196 
5400 204 207 
5400 205 198 
5400 206 207 211 
5400 207 204 206 
5400 208 10 11 199 201 
5400 209 193 
5400 210 187 213 
5400 211 5 10 193 206 
5400 212 5 195 
5400 213 200 210 
5400 214 0 3 
5400 215 0 5 
5400 216 0 3 4 
5400 217 0 5 
5400 218 0 4 
5400 219 0 4 5 
5400 220 0 
5400 221 0 3 
5400 222 0 4 
5400 223 0 3 4 5 
5400 224 0 3 
5400 225 0 5 
5400 226 0 3 
5400 227 0 4 5 
5400 228 0 3 
5400 229 0 4 
5400 230 0 
5400 231 0 5 
5400 232 0 5 
5400 233 0 3 4 
5400 234 0 
5400 235 0 5 
5400 236 0 
5400 237 0 3 4 
5400 238 0 3 4 
5400 239 0 4 5 
5400 240 0 3 5 
5400 241 0 5 
5400 242 0 3 4 
5400 243 0 3 5 
7200 0 3 4 5 214 215 216 217 218 219 220 221 222 223 224 225 226 227 228 229 230 231 232 233 234 235 236 237 238 239 240 241 242 243 
7200 1 57 59 60 
7200 2 90 112 126 
7200 3 0 126 127 214 216 221 223 224 226 228 233 237 238 240 242 243 
7200 4 0 137 180 216 218 219 222 223 227 229 233 237 238 239 242 
7200 5 0 211 212 215 217 219 223 225 227 231 232 235 239 240 241 243 
7200 6 57 
7200 7 90 
7200 8 124 
7200 9 178 179 180 
7200 10 208 211 
7200 11 208 
7200 12 58 59 
7200 13 50 59 
7200 14 56 57 
7200 15 56 
7200 16 58 
7200 17 56 
7200 18 58 
7200 19 58 
7200 20 57 
7200 21 57 
7200 22 57 
7200 23 57 
7200 24 57 
7200 25 56 
7200 26 57 
7200 27 58 
7200 28 57 
7200 29 57 
7200 30 58 
7200 31 56 
7200 32 57 
7200 33 49 
7200 34 56 
7200 35 57 
7200 36 56 
7200 37 50 
7200 38 57 
7200 39 57 
7200 40 58 
7200 41 57 
7200 42 43 59 
7200 43 42 51 
7200 44 57 
7200 45 56 
7200 46 56 
7200 47 57 
7200 48 57 
7200 49 33 59 
7200 50 13 37 
7200 51 43 54 
7200 52 58 
7200 53 58 
7200 54 51 
7200 55 58 
7200 56 14 15 17 25 31 34 36 45 46 
7200 57 1 6 14 20 21 22 23 24 26 28 29 32 35 38 39 41 44 47 48 
7200 58 12 16 18 19 27 30 40 52 53 55 
7200 59 1 12 13 42 49 
7200 60 1 
7200 61 90 
7200 62 90 
7200 63 90 
7200 64 90 
7200 65 90 
7200 66 118 120 126 
7200 67 90 
7200 68 88 90 
7200 69 90 
7200 70 88 
7200 71 90 
7200 72 121 
7200 73 90 
7200 74 87 90 
7200 75 90 
7200 76 90 
7200 77 79 81 
7200 78 90 
7200 79 77 90 
7200 80 90 
7200 81 77 89 
7200 82 89 
7200 83 88 
7200 84 90 
7200 85 90 
7200 86 112 
7200 87 74 
7200 88 68 70 83 
7200 89 81 82 
7200 90 2 7 61 62 63 64 65 67 68 69 71 73 74 75 76 78 79 80 84 85 
7200 91 124 
7200 92 124 
7200 93 124 
7200 94 108 132 
7200 95 123 124 
7200 96 124 
7200 97 124 
7200 98 124 
7200 99 124 
7200 100 132 
7200 101 124 
7200 102 124 
7200 103 122 134 
7200 104 124 
7200 105 124 
7200 106 124 
7200 107 124 
7200 108 94 
7200 109 124 
7200 110 134 
7200 111 124 
7200 112 2 86 
7200 113 124 
7200 114 124 
7200 115 124 
7200 116 124 
7200 117 124 
7200 118 66 
7200 119 128 
7200 120 66 
7200 121 72 131 135 
7200 122 103 128 
7200 123 95 128 132 
7200 124 8 91 92 93 95 96 97 98 99 101 102 104 105 106 107 109 111 113 114 115 116 117 129 130 131 133 
7200 125 129 
7200 126 2 3 66 
7200 127 3 131 
7200 128 119 122 123 
7200 129 124 125 
7200 130 124 
7200 131 121 124 127 
7200 132 94 100 123 
7200 133 124 
7200 134 103 110 
7200 135 121 
7200 136 166 
7200 137 4 
7200 138 179 
7200 139 179 
7200 140 179 
7200 141 179 
7200 142 179 
7200 143 179 
7200 144 179 
7200 145 179 
7200 146 179 
7200 147 178 
7200 148 179 
7200 149 179 
7200 150 177 179 
7200 151 179 
7200 152 179 
7200 153 179 
7200 154 179 
7200 155 156 159 179 
7200 156 155 
7200 157 178 
7200 158 174 
7200 159 155 
7200 160 179 
7200 161 178 
7200 162 179 
7200 163 179 
7200 164 178 
7200 165 178 
7200 166 136 173 179 
7200 167 179 
7200 168 179 
7200 169 179 
7200 170 179 
7200 171 179 
7200 172 178 
7200 173 166 
7200 174 158 180 
7200 175 179 
7200 176 179 
7200 177 150 
7200 178 9 147 157 161 164 165 172 
7200 179 9 138 139 140 141 142 143 144 145 146 148 149 150 151 152 153 154 155 160 162 163 166 167 168 169 170 171 175 176 
7200 180 4 9 174 
7200 181 198 213 
7200 182 187 189 191 
7200 183 208 
7200 184 187 190 
7200 185 187 202 
7200 186 188 195 
7200 187 182 184 185 
7200 188 186 202 203 
7200 189 182 
7200 190 184 
7200 191 182 
7200 192 203 
7200 193 209 211 
7200 194 209 
7200 195 186 212 
7200 196 203 
7200 197 209 
7200 198 181 212 
7200 199 208 
7200 200 213 
7200 201 212 
7200 202 185 188 
7200 203 188 192 196 
7200 204 206 207 
7200 205 208 
7200 206 204 211 
7200 207 204 
7200 208 10 11 183 199 205 
7200 209 193 194 197 
7200 210 213 
7200 211 5 10 193 206 
7200 212 5 195 198 201 
7200 213 181 200 210 
7200 214 0 3 
7200 215 0 5 
7200 216 0 3 4 
7200 217 0 5 
7200 218 0 4 
7200 219 0 4 5 
7200 220 0 
7200 221 0 3 
7200 222 0 4 
7200 223 0 3 4 5 
7200 224 0 3 
7200 225 0 5 
7200 226 0 3 
7200 227 0 4 5 
7200 228 0 3 
7200 229 0 4 
7200 230 0 
7200 231 0 5 
7200 232 0 5 
7200 233 0 3 4 
7200 234 0 
7200 235 0 5 
7200 236 0 
7200 237 0 3 4 
7200 238 0 3 4 
7200 239 0 4 5 
7200 240 0 3 5 
7200 241 0 5 
7200 242 0 3 4 
7200 243 0 3 5 
9000 0 3 4 5 214 215 216 217 218 219 220 221 222 223 224 225 226 227 228 229 230 231 232 233 234 235 236 237 238 239 240 241 242 243 
9000 1 57 59 60 
9000 2 89 90 112 
9000 3 0 125 126 214 216 221 223 224 226 228 233 237 238 240 242 243 
9000 4 0 137 180 216 218 219 222 223 227 229 233 237 238 239 242 
9000 5 0 211 212 215 217 219 223 225 227 231 232 235 239 240 241 243 
9000 6 57 
9000 7 89 
9000 8 124 
9000 9 178 179 180 
9000 10 208 211 
9000 11 208 
9000 12 58 59 
9000 13 58 
9000 14 56 57 
9000 15 51 57 
9000 16 58 
9000 17 56 
9000 18 58 
9000 19 58 
9000 20 57 
9000 21 57 
9000 22 57 
9000 23 57 
9000 24 57 
9000 25 57 
9000 26 57 
9000 27 58 
9000 28 57 
9000 29 57 
9000 30 58 
9000 31 51 
9000 32 57 
9000 33 47 48 
9000 34 56 
9000 35 57 
9000 36 56 
9000 37 57 
9000 38 57 
9000 39 57 
9000 40 57 
9000 41 57 
9000 42 43 59 
9000 43 42 54 
9000 44 56 
9000 45 56 
9000 46 56 
9000 47 33 59 
9000 48 33 
9000 49 50 59 
9000 50 49 
9000 51 15 31 
9000 52 58 
9000 53 58 
9000 54 43 
9000 55 58 
9000 56 14 17 34 36 44 45 46 
9000 57 1 6 14 15 20 21 22 23 24 25 26 28 29 32 35 37 38 39 40 41 
9000 58 12 13 16 18 19 27 30 52 53 55 
9000 59 1 12 42 47 49 
9000 60 1 
9000 61 101 112 124 
9000 62 115 118 120 
9000 63 88 90 
9000 64 102 107 112 
9000 65 89 
9000 66 88 
9000 67 90 
9000 68 87 88 
9000 69 90 
9000 70 87 
9000 71 88 
9000 72 118 
9000 73 88 
9000 74 85 87 
9000 75 89 
9000 76 89 
9000 77 81 
9000 78 101 
9000 79 101 
9000 80 89 
9000 81 77 112 
9000 82 89 
9000 83 87 
9000 84 89 
9000 85 74 
9000 86 109 112 
9000 87 68 70 74 83 
9000 88 63 66 68 71 73 
9000 89 2 7 65 75 76 80 82 84 
9000 90 2 63 67 69 
9000 91 125 127 
9000 92 124 
9000 93 124 
9000 94 132 
9000 95 124 
9000 96 124 
9000 97 124 
9000 98 124 
9000 99 124 
9000 100 132 
9000 101 61 78 79 
9000 102 64 
9000 103 125 
9000 104 125 
9000 105 124 
9000 106 124 
9000 107 64 
9000 108 132 
9000 109 86 
9000 110 125 
9000 111 124 
9000 112 2 61 64 81 86 
9000 113 124 
9000 114 124 
9000 115 62 125 
9000 116 124 
9000 117 124 
9000 118 62 72 131 
9000 119 124 
9000 120 62 
9000 121 124 
9000 122 128 
9000 123 128 
9000 124 8 61 92 93 95 96 97 98 99 105 106 111 113 114 116 117 119 121 129 130 133 135 
9000 125 3 91 103 104 110 115 129 134 
9000 126 3 128 
9000 127 91 
9000 128 122 123 126 
9000 129 124 125 
9000 130 124 
9000 131 118 
9000 132 94 100 108 
9000 133 124 
9000 134 125 
9000 135 124 
9000 136 155 
9000 137 4 
9000 138 179 
9000 139 179 
9000 140 179 
9000 141 179 
9000 142 179 
9000 143 179 
9000 144 179 
9000 145 179 
9000 146 179 
9000 147 178 
9000 148 179 
9000 149 179 
9000 150 177 179 
9000 151 179 
9000 152 179 
9000 153 179 
9000 154 179 
9000 155 136 156 159 
9000 156 155 180 
9000 157 178 
9000 158 177 
9000 159 155 
9000 160 179 
9000 161 178 
9000 162 179 
9000 163 179 
9000 164 178 
9000 165 178 
9000 166 177 
9000 167 179 
9000 168 177 
9000 169 179 
9000 170 179 
9000 171 179 
9000 172 178 
9000 173 179 
9000 174 178 
9000 175 179 
9000 176 179 
9000 177 150 158 166 168 
9000 178 9 147 157 161 164 165 172 174 
9000 179 9 138 139 140 141 142 143 144 145 146 148 149 150 151 152 153 154 160 162 163 167 169 170 171 173 175 176 
9000 180 4 9 156 
9000 181 189 198 
9000 182 187 189 191 
9000 183 211 213 
9000 184 211 
9000 185 187 190 202 
9000 186 188 192 194 197 
9000 187 182 185 213 
9000 188 186 202 
9000 189 181 182 
9000 190 185 
9000 191 182 
9000 192 186 203 
9000 193 209 211 
9000 194 186 
9000 195 208 
9000 196 203 
9000 197 186 
9000 198 181 205 
9000 199 208 
9000 200 213 
9000 201 208 
9000 202 185 188 
9000 203 192 196 
9000 204 207 
9000 205 198 
9000 206 207 211 
9000 207 204 206 
9000 208 10 11 195 199 201 
9000 209 193 
9000 210 213 
9000 211 5 10 183 184 193 206 
9000 212 5 
9000 213 183 187 200 210 
9000 214 0 3 
9000 215 0 5 
9000 216 0 3 4 
9000 217 0 5 
9000 218 0 4 
9000 219 0 4 5 
9000 220 0 
9000 221 0 3 
9000 222 0 4 
9000 223 0 3 4 5 
9000 224 0 3 
9000 225 0 5 
9000 226 0 3 
9000 227 0 4 5 
9000 228 0 3 
9000 229 0 4 
9000 230 0 
9000 231 0 5 
9000 232 0 5 
9000 233 0 3 4 
9000 234 0 
9000 235 0 5 
9000 236 0 
9000 237 0 3 4 
9000 238 0 3 4 
9000 239 0 4 5 
9000 240 0 3 5 
9000 241 0 5 
9000 242 0 3 4 
9000 243 0 3 5 
10800 0 3 4 5 214 215 216 217 218 219 220 221 222 223 224 225 226 227 228 229 230 231 232 233 234 235 236 237 238 239 240 241 242 243 
10800 1 57 59 60 
10800 2 89 90 112 
10800 3 0 126 127 214 216 221 223 224 226 228 233 237 238 240 242 243 
10800 4 0 137 180 216 218 219 222 223 227 229 233 237 238 239 242 
10800 5 0 211 212 215 217 219 223 225 227 231 232 235 239 240 241 243 
10800 6 57 
10800 7 89 
10800 8 125 
10800 9 178 179 
10800 10 208 211 
10800 11 208 
10800 12 50 59 
10800 13 58 59 
10800 14 56 57 
10800 15 51 57 
10800 16 58 
10800 17 56 
10800 18 58 
10800 19 58 
10800 20 57 
10800 21 57 
10800 22 57 
10800 23 56 
10800 24 57 
10800 25 51 
10800 26 57 
10800 27 58 
10800 28 58 
10800 29 57 
10800 30 58 
10800 31 57 
10800 32 57 
10800 33 49 
10800 34 53 57 
10800 35 57 
10800 36 56 
10800 37 57 
10800 38 57 
10800 39 57 
10800 40 57 
10800 41 57 
10800 42 58 
10800 43 48 54 
10800 44 57 
10800 45 56 
10800 46 58 
10800 47 57 
10800 48 43 59 
10800 49 33 59 
10800 50 12 
10800 51 15 25 
10800 52 58 
10800 53 34 
10800 54 43 
10800 55 58 
10800 56 14 17 23 36 45 
10800 57 1 6 14 15 20 21 22 24 26 29 31 32 34 35 37 38 39 40 41 44 47 
10800 58 13 16 18 19 27 28 30 42 46 52 55 
10800 59 1 12 13 48 49 
10800 60 1 
10800 61 89 
10800 62 88 90 
10800 63 88 
10800 64 88 
10800 65 89 
10800 66 88 
10800 67 89 
10800 68 87 88 
10800 69 88 
10800 70 90 126 
10800 71 88 
10800 72 118 
10800 73 88 
10800 74 85 87 
10800 75 89 
10800 76 89 
10800 77 89 
10800 78 89 
10800 79 88 
10800 80 89 
10800 81 87 
10800 82 89 
10800 83 87 
10800 84 89 
10800 85 74 
10800 86 120 121 124 
10800 87 68 74 81 83 
10800 88 62 63 64 66 68 69 71 73 79 
10800 89 2 7 61 65 67 75 76 77 78 80 82 84 
10800 90 2 62 70 
10800 91 125 
10800 92 125 
10800 93 125 
10800 94 118 
10800 95 124 126 
10800 96 125 
10800 97 125 
10800 98 125 
10800 99 125 
10800 100 120 
10800 101 122 
10800 102 125 
10800 103 122 134 
10800 104 125 
10800 105 125 
10800 106 125 
10800 107 125 
10800 108 119 
10800 109 125 
10800 110 123 
10800 111 125 
10800 112 2 
10800 113 125 
10800 114 125 
10800 115 125 
10800 116 122 
10800 117 125 
10800 118 72 94 131 
10800 119 108 123 132 
10800 120 86 100 
10800 121 86 
10800 122 101 103 116 128 
10800 123 110 119 128 
10800 124 86 95 
10800 125 8 91 92 93 96 97 98 99 102 104 105 106 107 109 111 113 114 115 117 129 130 133 
10800 126 3 70 95 128 129 
10800 127 3 135 
10800 128 122 123 126 
10800 129 125 126 
10800 130 125 
10800 131 118 135 
10800 132 119 
10800 133 125 
10800 134 103 
10800 135 127 131 
10800 136 179 180 
10800 137 4 
10800 138 179 
10800 139 179 
10800 140 179 
10800 141 180 202 
10800 142 179 
10800 143 179 
10800 144 179 
10800 145 179 
10800 146 179 
10800 147 178 
10800 148 179 
10800 149 179 
10800 150 177 179 
10800 151 179 
10800 152 179 
10800 153 179 
10800 154 179 
10800 155 156 159 179 
10800 156 155 
10800 157 178 
10800 158 174 
10800 159 155 
10800 160 179 
10800 161 178 
10800 162 179 
10800 163 180 
10800 164 178 
10800 165 178 
10800 166 179 
10800 167 179 
10800 168 179 
10800 169 179 
10800 170 179 
10800 171 179 
10800 172 178 
10800 173 179 
10800 174 158 178 
10800 175 179 
10800 176 179 
10800 177 150 
10800 178 9 147 157 161 164 165 172 174 
10800 179 9 136 138 139 140 142 143 144 145 146 148 149 150 151 152 153 154 155 160 162 166 167 168 169 170 171 173 175 176 
10800 180 4 136 141 163 
10800 181 198 
10800 182 187 189 191 
10800 183 188 190 202 
10800 184 187 
10800 185 191 202 
10800 186 188 
10800 187 182 184 213 
10800 188 183 186 
10800 189 182 
10800 190 183 
10800 191 182 185 
10800 192 203 212 
10800 193 209 211 
10800 194 197 202 
10800 195 211 
10800 196 211 
10800 197 194 
10800 198 181 202 205 
10800 199 208 
10800 200 213 
10800 201 208 
10800 202 141 183 185 194 198 
10800 203 192 
10800 204 208 
10800 205 198 
10800 206 207 211 
10800 207 206 
10800 208 10 11 199 201 204 
10800 209 193 
10800 210 211 
10800 211 5 10 193 195 196 206 210 
10800 212 5 192 
10800 213 187 200 
10800 214 0 3 
10800 215 0 5 
10800 216 0 3 4 
10800 217 0 5 
10800 218 0 4 
10800 219 0 4 5 
10800 220 0 
10800 221 0 3 
10800 222 0 4 
10800 223 0 3 4 5 
10800 224 0 3 
10800 225 0 5 
10800 226 0 3 
10800 227 0 4 5 
10800 228 0 3 
10800 229 0 4 
10800 230 0 
10800 231 0 5 
10800 232 0 5 
10800 233 0 3 4 
10800 234 0 
10800 235 0 5 
10800 236 0 
10800 237 0 3 4 
10800 238 0 3 4 
10800 239 0 4 5 
10800 240 0 3 5 
10800 241 0 5 
10800 242 0 3 4 
10800 243 0 3 5 
12600 0 3 4 5 214 215 216 217 218 219 220 221 222 223 224 225 226 227 228 229 230 231 232 233 234 235 236 237 238 239 240 241 242 243 
12600 1 57 59 60 
12600 2 89 90 112 
12600 3 0 126 127 214 216 221 223 224 226 228 233 237 238 240 242 243 
12600 4 0 137 180 216 218 219 222 223 227 229 233 237 238 239 242 
12600 5 0 211 212 215 217 219 223 225 227 231 232 235 239 240 241 243 
12600 6 57 
12600 7 89 
12600 8 125 
12600 9 178 179 180 
12600 10 208 211 
12600 11 208 
12600 12 58 59 
12600 13 58 
12600 14 56 57 
12600 15 51 57 
12600 16 50 56 
12600 17 56 
12600 18 58 
12600 19 58 
12600 20 57 
12600 21 57 
12600 22 57 
12600 23 57 
12600 24 57 
12600 25 56 
12600 26 57 
12600 27 58 
12600 28 57 
12600 29 57 
12600 30 58 
12600 31 51 
12600 32 57 
12600 33 56 
12600 34 49 51 
12600 35 57 
12600 36 56 
12600 37 50 
12600 38 57 
12600 39 58 
12600 40 57 
12600 41 58 
12600 42 58 
12600 43 54 
12600 44 57 
12600 45 56 
12600 46 56 
12600 47 57 
12600 48 57 
12600 49 34 
12600 50 16 37 
12600 51 15 31 34 
12600 52 58 
12600 53 58 
12600 54 43 59 
12600 55 58 
12600 56 14 16 17 25 33 36 45 46 
12600 57 1 6 14 15 20 21 22 23 24 26 28 29 32 35 38 40 44 47 48 
12600 58 12 13 18 19 27 30 39 41 42 52 53 55 
12600 59 1 12 54 
12600 60 1 
12600 61 124 125 
12600 62 88 90 
12600 63 89 
12600 64 88 
12600 65 89 
12600 66 77 112 113 
12600 67 89 
12600 68 87 88 
12600 69 88 
12600 70 87 
12600 71 88 
12600 72 109 
12600 73 88 
12600 74 85 87 
12600 75 89 
12600 76 89 
12600 77 66 81 
12600 78 89 
12600 79 88 
12600 80 89 
12600 81 77 
12600 82 89 
12600 83 88 
12600 84 89 
12600 85 74 
12600 86 113 118 124 
12600 87 68 70 74 
12600 88 62 64 68 69 71 73 79 83 
12600 89 2 7 63 65 67 75 76 78 80 82 84 
12600 90 2 62 
12600 91 125 
12600 92 126 132 
12600 93 125 
12600 94 132 
12600 95 132 
12600 96 125 
12600 97 125 
12600 98 125 
12600 99 125 
12600 100 120 
12600 101 125 
12600 102 125 
12600 103 125 
12600 104 125 
12600 105 125 
12600 106 125 
12600 107 125 
12600 108 110 
12600 109 72 126 
12600 110 108 123 
12600 111 125 
12600 112 2 66 
12600 113 66 86 
12600 114 125 
12600 115 125 
12600 116 125 
12600 117 125 
12600 118 86 
12600 119 123 
12600 120 100 126 
12600 121 135 
12600 122 128 134 
12600 123 110 119 128 
12600 124 61 86 135 
12600 125 8 61 91 93 96 97 98 99 101 102 103 104 105 106 107 111 114 115 116 117 129 133 
12600 126 3 92 109 120 128 130 
12600 127 3 135 
12600 128 122 123 126 
12600 129 125 
12600 130 126 131 
12600 131 130 
12600 132 92 94 95 
12600 133 125 
12600 134 122 
12600 135 121 124 127 
12600 136 137 
12600 137 4 136 
12600 138 179 
12600 139 179 
12600 140 179 
12600 141 179 
12600 142 179 
12600 143 179 
12600 144 180 
12600 145 179 
12600 146 178 
12600 147 178 
12600 148 179 
12600 149 179 
12600 150 177 179 
12600 151 179 
12600 152 179 
12600 153 179 
12600 154 179 
12600 155 179 
12600 156 179 
12600 157 178 
12600 158 176 
12600 159 179 
12600 160 179 
12600 161 178 
12600 162 179 
12600 163 179 
12600 164 178 
12600 165 178 
12600 166 171 173 179 
12600 167 179 
12600 168 176 178 
12600 169 179 
12600 170 179 
12600 171 166 
12600 172 178 
12600 173 166 
12600 174 177 
12600 175 179 
12600 176 158 168 
12600 177 150 174 
12600 178 9 146 147 157 161 164 165 168 172 
12600 179 9 138 139 140 141 142 143 145 148 149 150 151 152 153 154 155 156 159 160 162 163 166 167 169 170 175 
12600 180 4 9 144 
12600 181 198 200 213 
12600 182 187 189 191 
12600 183 208 
12600 184 187 
12600 185 188 190 202 
12600 186 188 192 194 197 
12600 187 182 184 210 
12600 188 185 186 
12600 189 182 
12600 190 185 212 
12600 191 182 
12600 192 186 203 
12600 193 209 211 
12600 194 186 
12600 195 208 
12600 196 203 
12600 197 186 
12600 198 181 203 
12600 199 208 
12600 200 181 210 
12600 201 208 
12600 202 185 
12600 203 192 196 198 
12600 204 207 
12600 205 209 
12600 206 207 211 
12600 207 204 206 
12600 208 10 11 183 195 199 201 
12600 209 193 205 
12600 210 187 200 
12600 211 5 10 193 206 
12600 212 5 190 
12600 213 181 
12600 214 0 3 
12600 215 0 5 
12600 216 0 3 4 
12600 217 0 5 
12600 218 0 4 
12600 219 0 4 5 
12600 220 0 
12600 221 0 3 
12600 222 0 4 
12600 223 0 3 4 5 
12600 224 0 3 
12600 225 0 5 
12600 226 0 3 
12600 227 0 4 5 
12600 228 0 3 
12600 229 0 4 
12600 230 0 
12600 231 0 5 
12600 232 0 5 
12600 233 0 3 4 
12600 234 0 
12600 235 0 5 
12600 236 0 
12600 237 0 3 4 
12600 238 0 3 4 
12600 239 0 4 5 
12600 240 0 3 5 
12600 241 0 5 
12600 242 0 3 4 
12600 243 0 3 5 
14400 0 3 4 5 214 215 216 217 218 219 220 221 222 223 224 225 226 227 228 229 230 231 232 233 234 235 236 237 238 239 240 241 242 243 
14400 1 57 59 60 
14400 2 90 104 112 
14400 3 0 126 127 214 216 221 223 224 226 228 233 237 238 240 242 243 
14400 4 0 137 180 216 218 219 222 223 227 229 233 237 238 239 242 
14400 5 0 211 212 215 217 219 223 225 227 231 232 235 239 240 241 243 
14400 6 57 
14400 7 90 
14400 8 125 
14400 9 178 179 180 
14400 10 210 211 
14400 11 210 
14400 12 58 59 
14400 13 58 
14400 14 46 48 
14400 15 56 59 
14400 16 58 
14400 17 56 
14400 18 58 
14400 19 30 53 60 
14400 20 57 
14400 21 58 
14400 22 57 
14400 23 57 
14400 24 57 
14400 25 49 51 60 
14400 26 57 
14400 27 58 
14400 28 55 59 
14400 29 57 
14400 30 19 
14400 31 49 
14400 32 57 
14400 33 47 
14400 34 51 
14400 35 57 
14400 36 56 
14400 37 56 
14400 38 57 
14400 39 57 
14400 40 58 
14400 41 57 
14400 42 43 59 
14400 43 42 54 
14400 44 57 
14400 45 56 
14400 46 14 57 
14400 47 33 59 
14400 48 14 
14400 49 25 31 
14400 50 
14400 51 25 34 
14400 52 58 
14400 53 19 
14400 54 43 
14400 55 28 
14400 56 15 17 36 37 45 
14400 57 1 6 20 22 23 24 26 29 32 35 38 39 41 44 46 
14400 58 12 13 16 18 21 27 40 52 
14400 59 1 12 15 28 42 47 
14400 60 1 19 25 
14400 61 90 
14400 62 88 90 
14400 63 88 
14400 64 90 
14400 65 90 
14400 66 90 
14400 67 90 
14400 68 88 
14400 69 90 
14400 70 90 
14400 71 90 
14400 72 131 
14400 73 90 
14400 74 87 88 
14400 75 90 
14400 76 90 
14400 77 81 83 
14400 78 90 
14400 79 90 
14400 80 90 
14400 81 77 89 90 
14400 82 90 
14400 83 77 
14400 84 90 
14400 85 89 
14400 86 125 126 
14400 87 74 
14400 88 62 63 68 74 
14400 89 81 85 
14400 90 2 7 61 62 64 65 66 67 69 70 71 73 75 76 78 79 80 81 82 84 
14400 91 125 
14400 92 125 
14400 93 125 
14400 94 132 
14400 95 124 126 
14400 96 125 
14400 97 125 
14400 98 125 
14400 99 125 
14400 100 119 
14400 101 125 
14400 102 125 
14400 103 122 134 
14400 104 2 
14400 105 125 
14400 106 125 
14400 107 125 
14400 108 110 123 
14400 109 125 
14400 110 108 
14400 111 125 
14400 112 2 
14400 113 125 
14400 114 125 
14400 115 125 
14400 116 125 
14400 117 125 
14400 118 124 
14400 119 100 132 
14400 120 125 
14400 121 125 
14400 122 103 126 
14400 123 108 132 
14400 124 95 118 
14400 125 8 86 91 92 93 96 97 98 99 101 102 105 106 107 109 111 113 114 115 116 117 120 121 128 129 130 133 
14400 126 3 86 95 122 
14400 127 3 
14400 128 125 
14400 129 125 
14400 130 125 
14400 131 72 134 135 
14400 132 94 119 123 
14400 133 125 
14400 134 103 131 
14400 135 131 
14400 136 166 
14400 137 4 
14400 138 179 
14400 139 179 
14400 140 179 
14400 141 179 
14400 142 179 
14400 143 179 
14400 144 179 
14400 145 178 
14400 146 179 
14400 147 178 
14400 148 179 
14400 149 179 
14400 150 177 179 
14400 151 179 
14400 152 179 
14400 153 179 
14400 154 179 
14400 155 156 159 179 
14400 156 155 
14400 157 178 
14400 158 174 
14400 159 155 
14400 160 179 
14400 161 178 
14400 162 179 
14400 163 179 
14400 164 178 
14400 165 178 
14400 166 136 168 179 
14400 167 179 
14400 168 166 
14400 169 179 
14400 170 179 
14400 171 179 
14400 172 178 
14400 173 179 
14400 174 158 178 
14400 175 179 
14400 176 179 
14400 177 150 
14400 178 9 145 147 157 161 164 165 172 174 
14400 179 9 138 139 140 141 142 143 144 146 148 149 150 151 152 153 154 155 160 162 163 166 167 169 170 171 173 175 176 
14400 180 4 9 
14400 181 182 
14400 182 181 189 191 
14400 183 188 190 202 
14400 184 187 189 
14400 185 189 190 
14400 186 188 192 194 197 
14400 187 184 212 213 
14400 188 183 186 
14400 189 182 184 185 
14400 190 183 185 
14400 191 182 
14400 192 186 195 209 
14400 193 208 209 
14400 194 186 
14400 195 192 
14400 196 209 
14400 197 186 
14400 198 212 
14400 199 208 
14400 200 212 
14400 201 208 
14400 202 183 
14400 203 208 
14400 204 207 
14400 205 208 
14400 206 210 
14400 207 204 211 
14400 208 193 199 201 203 205 
14400 209 192 193 196 
14400 210 10 11 206 
14400 211 5 10 207 
14400 212 5 187 198 200 
14400 213 187 
14400 214 0 3 
14400 215 0 5 
14400 216 0 3 4 
14400 217 0 5 
14400 218 0 4 
14400 219 0 4 5 
14400 220 0 
14400 221 0 3 
14400 222 0 4 
14400 223 0 3 4 5 
14400 224 0 3 
14400 225 0 5 
14400 226 0 3 
14400 227 0 4 5 
14400 228 0 3 
14400 229 0 4 
14400 230 0 
14400 231 0 5 
14400 232 0 5 
14400 233 0 3 4 
14400 234 0 
14400 235 0 5 
14400 236 0 
14400 237 0 3 4 
14400 238 0 3 4 
14400 239 0 4 5 
14400 240 0 3 5 
14400 241 0 5 
14400 242 0 3 4 
14400 243 0 3 5 
16200 0 3 4 5 214 215 216 217 218 219 220 221 222 223 224 225 226 227 228 229 230 231 232 233 234 235 236 237 238 239 240 241 242 243 
16200 1 57 59 60 
16200 2 89 90 112 
16200 3 0 126 127 214 216 221 223 224 226 228 233 237 238 240 242 243 
16200 4 0 137 180 216 218 219 222 223 227 229 233 237 238 239 242 
16200 5 0 211 212 215 217 219 223 225 227 231 232 235 239 240 241 243 
16200 6 57 
16200 7 89 
16200 8 125 
16200 9 178 179 180 
16200 10 208 211 
16200 11 208 
16200 12 58 59 
16200 13 58 
16200 14 56 57 
16200 15 51 57 
16200 16 33 
16200 17 56 
16200 18 58 
16200 19 58 
16200 20 57 
16200 21 57 
16200 22 57 
16200 23 57 
16200 24 56 
16200 25 51 
16200 26 57 
16200 27 58 
16200 28 57 
16200 29 57 
16200 30 58 
16200 31 32 
16200 32 31 57 
16200 33 16 57 
16200 34 53 57 
16200 35 57 
16200 36 56 
16200 37 57 
16200 38 57 
16200 39 57 
16200 40 57 
16200 41 56 
16200 42 58 
16200 43 54 
16200 44 57 
16200 45 56 
16200 46 56 
16200 47 57 
16200 48 57 
16200 49 57 
16200 50 59 
16200 51 15 25 
16200 52 58 
16200 53 34 
16200 54 43 59 
16200 55 58 
16200 56 14 17 24 36 41 45 46 
16200 57 1 6 14 15 20 21 22 23 26 28 29 32 33 34 35 37 38 39 40 44 47 48 49 
16200 58 12 13 18 19 27 30 42 52 55 
16200 59 1 12 50 54 
16200 60 1 
16200 61 89 
16200 62 90 96 
16200 63 88 90 
16200 64 121 125 127 
16200 65 89 
16200 66 88 
16200 67 96 109 
16200 68 87 88 
16200 69 90 
16200 70 87 
16200 71 88 
16200 72 118 
16200 73 88 
16200 74 86 87 
16200 75 89 
16200 76 89 
16200 77 81 85 
16200 78 112 113 125 
16200 79 90 
16200 80 89 
16200 81 77 89 
16200 82 125 
16200 83 87 
16200 84 89 
16200 85 77 
16200 86 74 115 
16200 87 68 70 74 83 
16200 88 63 66 68 71 73 
16200 89 2 7 61 65 75 76 80 81 84 
16200 90 2 62 63 69 79 
16200 91 125 
16200 92 125 
16200 93 125 
16200 94 132 
16200 95 124 126 
16200 96 62 67 
16200 97 125 
16200 98 125 
16200 99 125 
16200 100 132 
16200 101 125 
16200 102 125 
16200 103 122 
16200 104 125 
16200 105 125 
16200 106 125 
16200 107 125 
16200 108 110 132 
16200 109 67 
16200 110 108 119 123 
16200 111 125 
16200 112 2 78 
16200 113 78 
16200 114 125 
16200 115 86 
16200 116 125 
16200 117 125 
16200 118 72 127 131 
16200 119 110 
16200 120 125 
16200 121 64 
16200 122 103 128 134 
16200 123 110 128 
16200 124 95 
16200 125 8 64 78 82 91 92 93 97 98 99 101 102 104 105 106 107 111 114 116 117 120 129 130 133 
16200 126 3 95 128 
16200 127 3 64 118 135 
16200 128 122 123 126 
16200 129 125 
16200 130 125 
16200 131 118 
16200 132 94 100 108 
16200 133 125 
16200 134 122 
16200 135 127 
16200 136 177 
16200 137 4 
16200 138 179 
16200 139 179 
16200 140 179 
16200 141 179 
16200 142 179 
16200 143 179 
16200 144 179 
16200 145 179 
16200 146 180 195 
16200 147 178 
16200 148 179 
16200 149 179 
16200 150 177 179 
16200 151 179 
16200 152 179 
16200 153 179 
16200 154 179 
16200 155 156 159 179 
16200 156 155 
16200 157 178 
16200 158 174 175 
16200 159 155 
16200 160 179 
16200 161 178 
16200 162 179 
16200 163 179 
16200 164 178 
16200 165 178 
16200 166 168 173 179 
16200 167 179 
16200 168 166 
16200 169 179 
16200 170 179 
16200 171 179 
16200 172 178 
16200 173 166 
16200 174 158 178 
16200 175 158 
16200 176 179 
16200 177 136 150 
16200 178 9 147 157 161 164 165 172 174 
16200 179 9 138 139 140 141 142 143 144 145 148 149 150 151 152 153 154 155 160 162 163 166 167 169 170 171 176 
16200 180 4 9 146 
16200 181 198 213 
16200 182 187 189 191 
16200 183 209 211 
16200 184 187 
16200 185 187 190 202 
16200 186 188 194 
16200 187 182 184 185 
16200 188 186 202 203 
16200 189 182 
16200 190 185 212 
16200 191 182 
16200 192 203 
16200 193 209 
16200 194 186 
16200 195 146 
16200 196 203 
16200 197 208 
16200 198 181 202 205 
16200 199 209 
16200 200 213 
16200 201 209 
16200 202 185 188 198 
16200 203 188 192 196 
16200 204 207 
16200 205 198 
16200 206 207 211 
16200 207 204 206 
16200 208 10 11 197 
16200 209 183 193 199 201 
16200 210 213 
16200 211 5 10 183 206 
16200 212 5 190 
16200 213 181 200 210 
16200 214 0 3 
16200 215 0 5 
16200 216 0 3 4 
16200 217 0 5 
16200 218 0 4 
16200 219 0 4 5 
16200 220 0 
16200 221 0 3 
16200 222 0 4 
16200 223 0 3 4 5 
16200 224 0 3 
16200 225 0 5 
16200 226 0 3 
16200 227 0 4 5 
16200 228 0 3 
16200 229 0 4 
16200 230 0 
16200 231 0 5 
16200 232 0 5 
16200 233 0 3 4 
16200 234 0 
16200 235 0 5 
16200 236 0 
16200 237 0 3 4 
16200 238 0 3 4 
16200 239 0 4 5 
16200 240 0 3 5 
16200 241 0 5 
16200 242 0 3 4 
16200 243 0 3 5 
18000 0 3 4 5 214 215 216 217 218 219 220 221 222 223 224 225 226 227 228 229 230 231 232 233 234 235 236 237 238 239 240 241 242 243 
18000 1 57 59 60 
18000 2 89 90 112 
18000 3 0 126 127 214 216 221 223 224 226 228 233 237 238 240 242 243 
18000 4 0 137 180 216 218 219 222 223 227 229 233 237 238 239 242 
18000 5 0 211 212 215 217 219 223 225 227 231 232 235 239 240 241 243 
18000 6 57 
18000 7 89 
18000 8 125 
18000 9 178 179 180 
18000 10 208 211 
18000 11 208 
18000 12 58 59 
18000 13 58 
18000 14 56 57 
18000 15 51 57 
18000 16 58 
18000 17 56 
18000 18 58 
18000 19 58 
18000 20 56 
18000 21 57 
18000 22 57 
18000 23 57 
18000 24 57 
18000 25 51 
18000 26 56 
18000 27 58 
18000 28 57 
18000 29 57 
18000 30 58 
18000 31 57 
18000 32 57 
18000 33 48 49 
18000 34 53 57 
18000 35 57 
18000 36 56 
18000 37 57 
18000 38 57 
18000 39 57 
18000 40 58 
18000 41 57 
18000 42 58 
18000 43 47 54 
18000 44 58 
18000 45 56 
18000 46 57 
18000 47 43 59 
18000 48 33 59 
18000 49 33 
18000 50 
18000 51 15 25 
18000 52 58 
18000 53 34 
18000 54 43 
18000 55 58 
18000 56 14 17 20 26 36 45 
18000 57 1 6 14 15 21 22 23 24 28 29 31 32 34 35 37 38 39 41 46 
18000 58 12 13 16 18 19 27 30 40 42 44 52 55 
18000 59 1 12 47 48 
18000 60 1 
18000 61 89 
18000 62 89 
18000 63 89 
18000 64 109 112 118 
18000 65 89 
18000 66 88 90 
18000 67 89 
18000 68 77 89 
18000 69 89 
18000 70 87 88 
18000 71 88 
18000 72 118 
18000 73 89 
18000 74 85 87 
18000 75 89 
18000 76 89 
18000 77 68 81 
18000 78 89 
18000 79 89 
18000 80 89 
18000 81 77 
18000 82 89 
18000 83 87 
18000 84 87 
18000 85 74 
18000 86 109 117 
18000 87 70 74 83 84 
18000 88 66 70 71 
18000 89 2 7 61 62 63 65 67 68 69 73 75 76 78 79 80 82 
18000 90 2 66 
18000 91 125 
18000 92 125 
18000 93 125 
18000 94 125 
18000 95 125 
18000 96 125 
18000 97 125 
18000 98 125 
18000 99 125 
18000 100 121 
18000 101 125 
18000 102 125 
18000 103 122 
18000 104 125 
18000 105 125 
18000 106 125 
18000 107 125 
18000 108 110 
18000 109 64 86 127 
18000 110 108 119 123 
18000 111 125 
18000 112 2 64 
18000 113 125 
18000 114 125 
18000 115 125 
18000 116 125 
18000 117 86 
18000 118 64 72 131 
18000 119 110 
18000 120 125 
18000 121 100 126 
18000 122 103 127 134 
18000 123 110 128 132 
18000 124 125 
18000 125 8 91 92 93 94 95 96 97 98 99 101 102 104 105 106 107 111 113 114 115 116 120 124 128 129 130 133 
18000 126 3 121 129 
18000 127 3 109 122 135 
18000 128 123 125 
18000 129 125 126 
18000 130 125 
18000 131 118 
18000 132 123 
18000 133 125 
18000 134 122 
18000 135 127 
18000 136 177 
18000 137 4 
18000 138 179 
18000 139 179 
18000 140 179 
18000 141 179 
18000 142 179 
18000 143 179 
18000 144 179 
18000 145 179 
18000 146 179 
18000 147 178 
18000 148 179 
18000 149 179 
18000 150 177 179 
18000 151 179 
18000 152 179 
18000 153 179 
18000 154 179 
18000 155 156 159 179 
18000 156 155 
18000 157 178 
18000 158 174 
18000 159 155 
18000 160 179 
18000 161 178 
18000 162 179 
18000 163 179 
18000 164 178 
18000 165 178 
18000 166 168 173 179 
18000 167 179 
18000 168 166 
18000 169 179 
18000 170 179 
18000 171 179 
18000 172 178 
18000 173 166 
18000 174 158 178 
18000 175 179 
18000 176 179 
18000 177 136 150 
18000 178 9 147 157 161 164 165 172 174 
18000 179 9 138 139 140 141 142 143 144 145 146 148 149 150 151 152 153 154 155 160 162 163 166 167 169 170 171 175 176 
18000 180 4 9 
18000 181 198 
18000 182 187 189 191 
18000 183 190 197 202 
18000 184 187 202 
18000 185 202 
18000 186 188 
18000 187 182 184 213 
18000 188 186 202 203 
18000 189 182 210 
18000 190 183 
18000 191 182 
18000 192 211 213 
18000 193 209 211 
18000 194 209 
18000 195 212 
18000 196 203 
18000 197 183 
18000 198 181 202 205 
18000 199 208 
18000 200 213 
18000 201 209 
18000 202 183 184 185 188 198 
18000 203 188 196 
18000 204 207 
18000 205 198 
18000 206 211 
18000 207 204 211 
18000 208 10 11 199 
18000 209 193 194 201 
18000 210 189 
18000 211 5 10 192 193 206 207 
18000 212 5 195 
18000 213 187 192 200 
18000 214 0 3 
18000 215 0 5 
18000 216 0 3 4 
18000 217 0 5 
18000 218 0 4 
18000 219 0 4 5 
18000 220 0 
18000 221 0 3 
18000 222 0 4 
18000 223 0 3 4 5 
18000 224 0 3 
18000 225 0 5 
18000 226 0 3 
18000 227 0 4 5 
18000 228 0 3 
18000 229 0 4 
18000 230 0 
18000 231 0 5 
18000 232 0 5 
18000 233 0 3 4 
18000 234 0 
18000 235 0 5 
18000 236 0 
18000 237 0 3 4 
18000 238 0 3 4 
18000 239 0 4 5 
18000 240 0 3 5 
18000 241 0 5 
18000 242 0 3 4 
18000 243 0 3 5 
