0 21600
1800 0 
1800 1 8 19 31 32 42 50 
1800 2 4 5 66 67 99 100 238 239 240 242 245 246 247 249 251 253 255 257 258 260 263 265 266 
1800 3 109 121 132 
1800 4 2 191 238 239 240 241 243 245 248 250 251 253 254 255 256 258 259 261 263 264 
1800 5 2 200 201 208 222 238 239 241 242 245 246 247 248 249 251 252 253 254 256 258 260 261 262 265 266 
1800 6 16 17 18 20 31 
1800 7 8 25 26 30 38 55 
1800 8 1 7 22 27 37 41 
1800 9 59 74 75 77 101 
1800 10 123 134 
1800 11 129 
1800 12 174 178 181 183 189 
1800 13 146 175 178 179 
1800 14 203 211 215 225 
1800 15 201 204 206 225 232 
1800 16 6 47 
1800 17 6 33 45 48 56 
1800 18 6 28 35 39 
1800 19 1 
1800 20 6 
1800 21 24 
1800 22 8 24 46 
1800 23 30 43 
1800 24 21 22 58 
1800 25 7 44 51 53 57 
1800 26 7 
1800 27 8 
1800 28 18 
1800 29 33 
1800 30 7 23 
1800 31 1 6 
1800 32 1 54 
1800 33 17 29 
1800 34 
1800 35 18 36 
1800 36 35 
1800 37 8 52 
1800 38 7 
1800 39 18 
1800 40 
1800 41 8 
1800 42 1 
1800 43 23 
1800 44 25 
1800 45 17 
1800 46 22 
1800 47 16 213 
1800 48 17 
1800 49 56 
1800 50 1 
1800 51 25 
1800 52 37 
1800 53 25 
1800 54 32 
1800 55 7 
1800 56 17 49 
1800 57 25 
1800 58 24 
1800 59 9 73 76 81 92 99 
1800 60 
1800 61 77 
1800 62 63 100 108 
1800 63 62 
1800 64 65 71 84 93 98 102 
1800 65 64 67 104 
1800 66 2 90 
1800 67 2 65 69 70 79 95 
1800 68 94 97 
1800 69 67 83 105 
1800 70 67 85 
1800 71 64 72 88 96 
1800 72 71 
1800 73 59 107 
1800 74 9 80 
1800 75 9 
1800 76 59 
1800 77 9 61 89 
1800 78 
1800 79 67 86 
1800 80 74 
1800 81 59 
1800 82 
1800 83 69 91 
1800 84 64 
1800 85 70 
1800 86 79 
1800 87 
1800 88 71 
1800 89 77 
1800 90 66 
1800 91 83 94 
1800 92 59 
1800 93 64 
1800 94 68 91 
1800 95 67 
1800 96 71 106 
1800 97 68 
1800 98 64 
1800 99 2 59 
1800 100 2 62 
1800 101 9 
1800 102 64 
1800 103 
1800 104 65 
1800 105 69 
1800 106 96 
1800 107 73 
1800 108 62 
1800 109 3 
1800 110 140 
1800 111 132 
1800 112 113 122 136 
1800 113 112 
1800 114 
1800 115 137 
1800 116 138 141 
1800 117 130 
1800 118 135 
1800 119 137 138 
1800 120 136 
1800 121 3 128 
1800 122 112 
1800 123 10 144 
1800 124 133 
1800 125 134 
1800 126 133 137 
1800 127 133 
1800 128 121 130 140 
1800 129 11 133 
1800 130 117 128 
1800 131 
1800 132 3 111 134 136 
1800 133 124 126 127 129 134 135 
1800 134 10 125 132 133 
1800 135 118 133 
1800 136 112 120 132 139 142 
1800 137 115 119 126 
1800 138 116 119 
1800 139 136 
1800 140 110 128 
1800 141 116 
1800 142 136 145 
1800 143 
1800 144 123 
1800 145 142 
1800 146 13 159 160 166 185 186 
1800 147 150 151 162 166 169 170 187 
1800 148 149 154 156 160 161 184 
1800 149 148 
1800 150 147 152 155 190 
1800 151 147 188 
1800 152 150 
1800 153 169 
1800 154 148 193 
1800 155 150 173 182 
1800 156 148 
1800 157 181 
1800 158 160 
1800 159 146 
1800 160 146 148 158 177 191 
1800 161 148 165 
1800 162 147 
1800 163 182 
1800 164 
1800 165 161 192 
1800 166 146 147 
1800 167 
1800 168 184 
1800 169 147 153 
1800 170 147 
1800 171 173 
1800 172 
1800 173 155 171 
1800 174 12 
1800 175 13 
1800 176 
1800 177 160 
1800 178 12 13 
1800 179 13 
1800 180 
1800 181 12 157 
1800 182 155 163 
1800 183 12 
1800 184 148 168 
1800 185 146 
1800 186 146 
1800 187 147 
1800 188 151 
1800 189 12 
1800 190 150 
1800 191 4 160 
1800 192 165 
1800 193 154 
1800 194 205 
1800 195 207 
1800 196 222 230 
1800 197 222 224 
1800 198 201 
1800 199 205 216 233 
1800 200 5 
1800 201 5 15 198 216 219 223 231 
1800 202 203 210 
1800 203 14 202 220 235 236 
1800 204 15 
1800 205 194 199 
1800 206 15 234 
1800 207 195 
1800 208 5 227 229 
1800 209 
1800 210 202 
1800 211 14 218 
1800 212 227 
1800 213 47 224 
1800 214 
1800 215 14 
1800 216 199 201 
1800 217 
1800 218 211 
1800 219 201 
1800 220 203 
1800 221 
1800 222 5 196 197 226 
1800 223 201 
1800 224 197 213 
1800 225 14 15 
1800 226 222 
1800 227 208 212 228 
1800 228 227 
1800 229 208 
1800 230 196 
1800 231 201 
1800 232 15 
1800 233 199 
1800 234 206 
1800 235 203 
1800 236 203 
1800 238 2 4 5 
1800 239 2 4 5 
1800 240 2 4 
1800 241 4 5 
1800 242 2 5 
1800 243 4 
1800 245 2 4 5 
1800 246 2 5 
1800 247 2 5 
1800 248 4 5 
1800 249 2 5 
1800 250 4 
1800 251 2 4 5 
1800 252 5 
1800 253 2 4 5 
1800 254 4 5 
1800 255 2 4 
1800 256 4 5 
1800 257 2 
1800 258 2 4 5 
1800 259 4 
1800 260 2 5 
1800 261 4 5 
1800 262 5 
1800 263 2 4 
1800 264 4 
1800 265 2 5 
1800 266 2 5 
