0 21600
0 0 1 2 3 4 5 227 228 229 230 231 232 233 234 235 236 237 238 239 240 241 
0 1 0 2 3 4 5 6 7 16 17 18 19 20 21 22 23 24 25 26 27 28 29 31 32 33 34 35 36 37 38 39 40 41 42 43 46 47 48 228 231 235 237 239 241 
0 2 0 1 3 4 8 9 10 50 51 53 54 55 56 57 58 59 60 61 62 63 64 65 66 67 68 69 70 71 72 73 74 75 76 78 79 80 81 82 83 84 85 86 87 89 90 91 92 227 233 234 236 239 240 
0 3 0 1 2 4 5 11 93 94 95 97 98 99 101 102 103 104 105 106 108 109 110 112 113 115 117 118 119 120 122 123 124 125 126 128 129 130 131 134 135 140 142 143 150 161 168 169 229 230 234 237 238 240 
0 4 0 1 2 3 5 12 13 14 97 102 109 116 117 118 126 129 130 132 138 141 143 144 145 146 148 149 151 152 153 154 156 157 158 160 161 162 163 164 165 166 168 169 170 171 172 173 175 176 227 233 234 236 238 240 241 
0 5 0 1 3 4 15 179 181 185 187 188 190 191 192 193 194 196 197 198 200 201 208 211 213 214 215 216 217 218 221 223 224 228 232 235 238 241 
0 6 1 7 16 17 18 19 20 21 22 23 24 25 26 27 28 29 31 32 33 34 35 36 37 38 39 40 41 42 43 46 47 48 
0 7 1 6 16 17 18 19 23 24 25 26 27 29 31 32 36 40 41 46 48 
0 8 2 9 10 58 62 63 64 72 73 74 86 
0 9 2 8 10 50 51 53 54 55 56 57 58 59 60 61 62 63 64 65 66 67 68 69 70 71 72 73 74 75 76 78 79 80 81 82 83 84 85 86 87 89 90 91 92 
0 10 2 8 9 50 53 56 57 59 61 62 63 71 72 73 74 78 79 80 81 82 85 
0 11 3 93 94 95 97 98 99 101 102 103 104 105 106 108 109 110 112 113 115 117 118 119 120 122 123 124 125 126 128 129 130 131 134 135 140 142 143 150 161 168 169 
0 12 4 13 14 97 102 109 116 117 118 126 129 130 132 138 141 143 144 145 146 148 149 151 152 153 154 156 157 158 160 161 162 163 164 165 166 168 169 170 171 172 173 175 176 
0 13 4 12 14 97 102 109 116 117 118 126 129 130 132 138 141 143 144 145 146 148 149 151 152 153 154 156 157 158 160 161 162 163 164 165 166 168 169 170 171 172 173 175 176 
0 14 4 12 13 151 152 
0 15 5 
0 16 1 6 7 30 45 49 
0 17 1 6 7 
0 18 1 6 7 
0 19 1 6 7 
0 20 1 6 
0 21 1 6 
0 22 1 6 
0 23 1 6 7 
0 24 1 6 7 
0 25 1 6 7 
0 26 1 6 7 
0 27 1 6 7 
0 28 1 6 
0 29 1 6 7 
0 30 16 
0 31 1 6 7 
0 32 1 6 7 
0 33 1 6 44 
0 34 1 6 
0 35 1 6 
0 36 1 6 7 
0 37 1 6 
0 38 1 6 
0 39 1 6 
0 40 1 6 7 
0 41 1 6 7 
0 42 1 6 
0 43 1 6 
0 44 33 
0 45 16 
0 46 1 6 7 
0 47 1 6 
0 48 1 6 7 
0 49 16 
0 50 2 9 10 52 88 
0 51 2 9 
0 52 50 
0 53 2 9 10 77 174 
0 54 2 9 
0 55 2 9 
0 56 2 9 10 
0 57 2 9 10 
0 58 2 8 9 
0 59 2 9 10 
0 60 2 9 
0 61 2 9 10 
0 62 2 8 9 10 
0 63 2 8 9 10 
0 64 2 8 9 
0 65 2 9 
0 66 2 9 
0 67 2 9 
0 68 2 9 
0 69 2 9 
0 70 2 9 
0 71 2 9 10 
0 72 2 8 9 10 
0 73 2 8 9 10 
0 74 2 8 9 10 
0 75 2 9 
0 76 2 9 
0 77 53 
0 78 2 9 10 
0 79 2 9 10 
0 80 2 9 10 
0 81 2 9 10 
0 82 2 9 10 
0 83 2 9 
0 84 2 9 
0 85 2 9 10 
0 86 2 8 9 
0 87 2 9 
0 88 50 
0 89 2 9 
0 90 2 9 
0 91 2 9 159 
0 92 2 9 
0 93 3 11 
0 94 3 11 
0 95 3 11 
0 96 128 
0 97 3 4 11 12 13 167 
0 98 3 11 
0 99 3 11 
0 100 129 
0 101 3 11 
0 102 3 4 11 12 13 
0 103 3 11 
0 104 3 11 
0 105 3 11 
0 106 3 11 
0 107 129 
0 108 3 11 
0 109 3 4 11 12 13 
0 110 3 11 
0 111 150 
0 112 3 11 
0 113 3 11 
0 114 128 
0 115 3 11 136 
0 116 4 12 13 
0 117 3 4 11 12 13 
0 118 3 4 11 12 13 
0 119 3 11 
0 120 3 11 
0 121 129 
0 122 3 11 
0 123 3 11 
0 124 3 11 
0 125 3 11 
0 126 3 4 11 12 13 
0 127 129 
0 128 3 11 96 114 
0 129 3 4 11 12 13 100 107 121 127 133 
0 130 3 4 11 12 13 
0 131 3 11 
0 132 4 12 13 
0 133 129 
0 134 3 11 
0 135 3 11 
0 136 115 
0 137 140 
0 138 4 12 13 
0 139 172 
0 140 3 11 137 
0 141 4 12 13 
0 142 3 11 
0 143 3 4 11 12 13 
0 144 4 12 13 
0 145 4 12 13 
0 146 4 12 13 
0 147 161 
0 148 4 12 13 
0 149 4 12 13 
0 150 3 11 111 
0 151 4 12 13 14 
0 152 4 12 13 14 
0 153 4 12 13 
0 154 4 12 13 
0 155 167 
0 156 4 12 13 
0 157 4 12 13 
0 158 4 12 13 
0 159 91 
0 160 4 12 13 
0 161 3 4 11 12 13 147 
0 162 4 12 13 
0 163 4 12 13 
0 164 4 12 13 
0 165 4 12 13 
0 166 4 12 13 
0 167 97 155 
0 168 3 4 11 12 13 
0 169 3 4 11 12 13 
0 170 4 12 13 
0 171 4 12 13 
0 172 4 12 13 139 
0 173 4 12 13 
0 174 53 
0 175 4 12 13 
0 176 4 12 13 
0 177 181 
0 178 181 
0 179 5 182 219 
0 180 181 
0 181 5 177 178 180 199 
0 182 179 
0 183 188 
0 184 191 
0 185 5 205 212 
0 186 188 
0 187 5 220 
0 188 5 183 186 202 204 206 207 222 226 
0 189 223 
0 190 5 
0 191 5 184 
0 192 5 
0 193 5 203 
0 194 5 
0 195 208 
0 196 5 
0 197 5 
0 198 5 
0 199 181 
0 200 5 
0 201 5 
0 202 188 
0 203 193 
0 204 188 
0 205 185 
0 206 188 
0 207 188 
0 208 5 195 
0 209 219 
0 210 219 
0 211 5 
0 212 185 
0 213 5 
0 214 5 
0 215 5 
0 216 5 
0 217 5 
0 218 5 
0 219 179 209 210 
0 220 187 
0 221 5 
0 222 188 
0 223 5 189 225 
0 224 5 
0 225 223 
0 226 188 
0 227 0 2 4 
0 228 0 1 5 
0 229 0 3 
0 230 0 3 
0 231 0 1 
0 232 0 5 
0 233 0 2 4 
0 234 0 2 3 4 
0 235 0 1 5 
0 236 0 2 4 
0 237 0 1 3 
0 238 0 3 4 5 
0 239 0 1 2 
0 240 0 2 3 4 
0 241 0 1 4 5 
