0 21600
1800 0 1 2 3 4 5 227 228 229 230 231 232 233 234 235 236 237 238 239 240 241 
1800 1 0 2 3 4 5 6 7 228 231 235 237 239 241 
1800 2 0 1 3 4 8 9 10 227 233 234 236 239 240 
1800 3 0 1 2 4 5 11 229 230 234 237 238 240 
1800 4 0 1 2 3 5 12 13 14 227 233 234 236 238 240 241 
1800 5 0 1 3 4 15 228 232 235 238 241 
1800 6 1 7 
1800 7 1 6 
1800 8 2 9 10 
1800 9 2 8 10 
1800 10 2 8 9 
1800 11 3 
1800 12 4 13 14 
1800 13 4 12 14 
1800 14 4 12 13 
1800 15 5 
1800 16 1 6 7 
1800 17 1 6 7 
1800 18 1 6 7 
1800 19 1 6 7 
1800 20 1 6 
1800 21 1 6 
1800 22 1 6 
1800 23 1 6 7 
1800 24 1 6 7 
1800 25 1 6 7 
1800 26 1 6 7 
1800 27 1 6 7 
1800 28 1 6 
1800 29 1 6 7 
1800 30 16 
1800 31 1 6 7 
1800 32 1 6 7 
1800 33 1 6 
1800 34 1 6 
1800 35 1 6 
1800 36 1 6 7 
1800 37 1 6 
1800 38 1 6 
1800 39 1 6 
1800 40 1 6 7 
1800 41 1 6 7 
1800 42 1 6 
1800 43 1 6 
1800 44 21 
1800 45 16 
1800 46 1 6 7 
1800 47 1 6 
1800 48 1 6 7 
1800 49 16 
1800 50 2 9 10 
1800 51 2 9 
1800 52 2 9 10 
1800 53 2 9 10 
1800 54 2 9 
1800 55 2 9 
1800 56 2 9 10 
1800 57 2 9 10 
1800 58 2 8 9 
1800 59 2 9 10 
1800 60 2 9 
1800 61 2 9 10 
1800 62 2 8 9 10 
1800 63 2 8 9 10 
1800 64 2 8 9 
1800 65 2 9 
1800 66 2 9 
1800 67 2 9 
1800 68 2 9 
1800 69 2 9 
1800 70 2 9 
1800 71 2 9 10 
1800 72 2 8 9 10 
1800 73 2 8 9 10 
1800 74 2 8 9 10 
1800 75 2 9 
1800 76 2 9 
1800 77 53 
1800 78 2 9 10 
1800 79 2 9 10 
1800 80 2 9 10 
1800 81 2 9 10 
1800 82 2 9 10 
1800 83 2 9 
1800 84 2 9 
1800 85 2 9 10 
1800 86 2 8 9 
1800 87 2 9 
1800 88 50 
1800 89 2 9 
1800 90 2 9 
1800 91 2 9 
1800 92 2 9 
1800 93 3 11 
1800 94 3 11 
1800 95 3 11 
1800 96 3 11 
1800 97 3 4 11 12 13 
1800 98 3 11 
1800 99 3 11 
1800 100 108 
1800 101 3 11 
1800 102 3 4 11 12 13 
1800 103 3 11 
1800 104 3 11 
1800 105 3 11 
1800 106 3 11 
1800 107 128 
1800 108 3 11 
1800 109 129 
1800 110 3 11 
1800 111 146 
1800 112 3 11 
1800 113 3 11 
1800 114 131 
1800 115 3 4 11 12 13 
1800 116 4 12 13 
1800 117 3 4 11 12 13 
1800 118 3 4 11 12 13 
1800 119 3 11 
1800 120 3 11 
1800 121 129 
1800 122 3 11 
1800 123 3 11 
1800 124 3 11 
1800 125 142 
1800 126 3 11 
1800 127 128 
1800 128 3 4 11 12 13 
1800 129 3 4 11 12 13 
1800 130 4 12 13 
1800 131 3 11 
1800 132 4 12 13 
1800 133 150 
1800 134 3 11 
1800 135 3 11 
1800 136 160 
1800 137 150 
1800 138 4 12 13 
1800 139 
1800 140 142 
1800 141 4 12 13 
1800 142 3 11 
1800 143 3 4 11 12 13 
1800 144 4 12 13 
1800 145 4 12 13 
1800 146 4 12 13 
1800 147 132 
1800 148 3 4 11 12 13 
1800 149 4 12 13 
1800 150 3 11 
1800 151 4 12 13 14 
1800 152 4 12 13 14 
1800 153 4 12 13 
1800 154 4 12 13 
1800 155 167 
1800 156 4 12 13 
1800 157 4 12 13 
1800 158 4 12 13 
1800 159 53 
1800 160 3 4 11 12 13 
1800 161 3 4 11 12 13 
1800 162 4 12 13 
1800 163 4 12 13 
1800 164 4 12 13 
1800 165 4 12 13 
1800 166 4 12 13 
1800 167 117 
1800 168 3 4 11 12 13 
1800 169 4 12 13 
1800 170 4 12 13 
1800 171 4 12 13 
1800 172 4 12 13 
1800 173 4 12 13 
1800 174 160 
1800 175 4 12 13 
1800 176 4 12 13 
1800 177 181 
1800 178 181 
1800 179 5 
1800 180 181 
1800 181 5 
1800 182 179 
1800 183 188 
1800 184 191 
1800 185 5 
1800 186 188 
1800 187 5 
1800 188 5 
1800 189 201 
1800 190 5 
1800 191 5 
1800 192 5 
1800 193 5 
1800 194 5 
1800 195 201 
1800 196 5 
1800 197 5 
1800 198 5 
1800 199 181 
1800 200 5 
1800 201 5 
1800 202 188 
1800 203 198 
1800 204 188 
1800 205 185 
1800 206 188 
1800 207 188 
1800 208 5 
1800 209 219 
1800 210 187 
1800 211 5 
1800 212 188 
1800 213 5 
1800 214 5 
1800 215 5 
1800 216 5 
1800 217 5 
1800 218 5 
1800 219 179 
1800 220 187 
1800 221 5 
1800 222 188 
1800 223 5 
1800 224 5 
1800 225 201 
1800 226 5 
1800 227 0 2 4 
1800 228 0 1 5 
1800 229 0 3 
1800 230 0 3 
1800 231 0 1 
1800 232 0 5 
1800 233 0 2 4 
1800 234 0 2 3 4 
1800 235 0 1 5 
1800 236 0 2 4 
1800 237 0 1 3 
1800 238 0 3 4 5 
1800 239 0 1 2 
1800 240 0 2 3 4 
1800 241 0 1 4 5 
