0 21600
0 0 1 2 3 4 5 227 228 229 230 231 232 233 234 235 236 237 238 239 240 241 
0 1 0 2 3 4 5 6 7 228 231 235 237 239 241 
0 2 0 1 3 4 8 9 10 227 233 234 236 239 240 
0 3 0 1 2 4 5 11 229 230 234 237 238 240 
0 4 0 1 2 3 5 12 13 14 227 233 234 236 238 240 241 
0 5 0 1 3 4 15 201 208 216 228 232 235 238 241 
0 6 1 7 
0 7 1 6 28 
0 8 2 9 10 
0 9 2 8 10 75 
0 10 2 8 9 
0 11 3 122 
0 12 4 13 14 
0 13 4 12 14 97 151 
0 14 4 12 13 152 164 176 
0 15 5 179 224 
0 16 32 49 
0 17 30 39 
0 18 32 45 
0 19 33 49 
0 20 21 38 
0 21 20 33 
0 22 31 39 
0 23 43 48 
0 24 26 38 
0 25 30 42 
0 26 24 
0 27 40 41 48 
0 28 7 32 
0 29 33 35 
0 30 17 25 
0 31 22 36 
0 32 16 18 28 
0 33 19 21 29 
0 34 38 
0 35 29 42 43 
0 36 31 46 
0 37 47 
0 38 20 24 34 40 
0 39 17 22 
0 40 27 38 
0 41 27 
0 42 25 35 
0 43 23 35 
0 44 
0 45 18 46 
0 46 36 45 47 
0 47 37 46 
0 48 23 27 
0 49 16 19 
0 50 61 86 
0 51 54 65 
0 52 62 78 
0 53 78 90 
0 54 51 92 
0 55 83 91 
0 56 66 87 
0 57 87 92 
0 58 80 
0 59 65 86 
0 60 64 71 
0 61 50 87 
0 62 52 76 
0 63 86 89 
0 64 60 74 
0 65 51 59 
0 66 56 80 
0 67 69 86 
0 68 71 92 
0 69 67 82 
0 70 85 89 
0 71 60 68 
0 72 80 92 
0 73 82 85 
0 74 64 87 
0 75 9 
0 76 62 84 
0 77 83 88 
0 78 52 53 
0 79 87 92 
0 80 58 66 72 
0 81 
0 82 69 73 
0 83 55 77 
0 84 76 
0 85 70 73 
0 86 50 59 63 67 
0 87 56 57 61 74 79 
0 88 77 91 
0 89 63 70 
0 90 53 92 
0 91 55 88 
0 92 54 57 68 72 79 90 
0 93 122 124 
0 94 122 126 
0 95 103 112 
0 96 
0 97 13 129 
0 98 99 115 
0 99 98 129 
0 100 118 
0 101 123 127 
0 102 169 175 
0 103 95 134 
0 104 106 110 
0 105 117 128 
0 106 104 120 
0 107 
0 108 112 124 
0 109 162 170 
0 110 104 175 
0 111 119 150 
0 112 95 108 
0 113 121 137 
0 114 
0 115 98 135 
0 116 141 156 
0 117 105 160 
0 118 100 127 131 
0 119 111 137 
0 120 106 128 142 
0 121 113 133 
0 122 11 93 94 140 
0 123 101 126 
0 124 93 108 135 
0 125 134 
0 126 94 123 
0 127 101 118 
0 128 105 120 
0 129 97 99 
0 130 141 158 
0 131 118 169 
0 132 161 164 
0 133 121 
0 134 103 125 
0 135 115 124 
0 136 
0 137 113 119 140 
0 138 141 161 
0 139 172 
0 140 122 137 
0 141 116 130 138 
0 142 120 168 
0 143 171 173 
0 144 151 152 
0 145 165 171 
0 146 158 167 
0 147 157 
0 148 153 166 170 
0 149 163 172 
0 150 111 173 
0 151 13 144 
0 152 14 144 
0 153 148 162 
0 154 156 163 
0 155 
0 156 116 154 
0 157 147 162 
0 158 130 146 
0 159 
0 160 117 168 
0 161 132 138 
0 162 109 153 157 167 
0 163 149 154 
0 164 14 132 
0 165 145 173 
0 166 148 173 
0 167 146 162 
0 168 142 160 
0 169 102 131 
0 170 109 148 
0 171 143 145 176 
0 172 139 149 
0 173 143 150 165 166 
0 174 
0 175 102 110 
0 176 14 171 
0 177 178 180 199 
0 178 177 
0 179 15 197 
0 180 177 
0 181 192 203 
0 182 187 
0 183 188 195 
0 184 191 
0 185 191 221 
0 186 188 225 
0 187 182 217 
0 188 183 186 205 
0 189 
0 190 200 211 226 
0 191 184 185 200 218 224 
0 192 181 215 
0 193 198 215 
0 194 204 221 
0 195 183 
0 196 201 223 
0 197 179 207 214 
0 198 193 211 219 
0 199 177 
0 200 190 191 
0 201 5 196 
0 202 
0 203 181 
0 204 194 206 
0 205 188 215 
0 206 204 
0 207 197 
0 208 5 214 
0 209 
0 210 
0 211 190 198 
0 212 215 
0 213 216 220 
0 214 197 208 
0 215 192 193 205 212 
0 216 5 213 
0 217 187 222 
0 218 191 
0 219 198 
0 220 213 222 
0 221 185 194 
0 222 217 220 
0 223 196 
0 224 15 191 
0 225 186 
0 226 190 
0 227 0 2 4 
0 228 0 1 5 
0 229 0 3 
0 230 0 3 
0 231 0 1 
0 232 0 5 
0 233 0 2 4 
0 234 0 2 3 4 
0 235 0 1 5 
0 236 0 2 4 
0 237 0 1 3 
0 238 0 3 4 5 
0 239 0 1 2 
0 240 0 2 3 4 
0 241 0 1 4 5 
