0 21600
0 0 1 2 3 4 5 227 228 229 230 231 232 233 234 235 236 237 238 239 240 241 
0 1 0 2 3 4 5 6 7 17 20 35 46 228 231 235 237 239 241 
0 2 0 1 3 4 8 9 10 72 78 79 90 227 233 234 236 239 240 
0 3 0 1 2 4 5 11 93 101 109 128 150 168 229 230 234 237 238 240 
0 4 0 1 2 3 5 12 13 14 118 145 152 172 173 227 233 234 236 238 240 241 
0 5 0 1 3 4 15 188 193 201 208 216 228 232 235 238 241 
0 6 1 7 29 38 42 
0 7 1 6 24 27 28 31 33 43 
0 8 2 9 10 51 54 56 59 61 62 63 66 92 
0 9 2 8 10 53 75 80 89 91 
0 10 2 8 9 50 65 71 86 
0 11 3 113 122 
0 12 4 13 14 
0 13 4 12 14 151 
0 14 4 12 13 
0 15 5 179 187 224 
0 16 21 24 32 49 
0 17 1 30 39 48 
0 18 22 35 45 
0 19 33 
0 20 1 25 47 
0 21 16 
0 22 18 
0 23 38 
0 24 7 16 26 
0 25 20 
0 26 24 
0 27 7 40 41 
0 28 7 
0 29 6 
0 30 17 
0 31 7 36 
0 32 16 
0 33 7 19 
0 34 38 
0 35 1 18 
0 36 31 
0 37 47 
0 38 6 23 34 
0 39 17 
0 40 27 
0 41 27 
0 42 6 
0 43 7 
0 44 
0 45 18 
0 46 1 
0 47 20 37 
0 48 17 
0 49 16 
0 50 10 55 73 
0 51 8 
0 52 62 
0 53 9 68 
0 54 8 
0 55 50 57 64 82 83 
0 56 8 87 
0 57 55 67 74 
0 58 80 
0 59 8 85 
0 60 62 
0 61 8 69 
0 62 8 52 60 76 
0 63 8 
0 64 55 
0 65 10 
0 66 8 
0 67 57 
0 68 53 70 
0 69 61 
0 70 68 
0 71 10 
0 72 2 
0 73 50 
0 74 57 
0 75 9 
0 76 62 84 
0 77 83 
0 78 2 
0 79 2 
0 80 9 58 
0 81 
0 82 55 
0 83 55 77 
0 84 76 
0 85 59 
0 86 10 
0 87 56 
0 88 90 
0 89 9 
0 90 2 88 
0 91 9 
0 92 8 
0 93 3 117 
0 94 122 126 
0 95 128 149 
0 96 
0 97 129 
0 98 131 
0 99 119 129 
0 100 118 
0 101 3 127 
0 102 169 
0 103 129 134 
0 104 110 131 
0 105 128 
0 106 129 
0 107 
0 108 134 
0 109 3 162 170 
0 110 104 
0 111 150 
0 112 140 
0 113 11 121 
0 114 
0 115 161 
0 116 130 
0 117 93 
0 118 4 100 
0 119 99 
0 120 128 
0 121 113 133 
0 122 11 94 
0 123 140 
0 124 135 
0 125 134 
0 126 94 165 
0 127 101 
0 128 3 95 105 120 131 134 
0 129 97 99 103 106 135 175 
0 130 116 141 144 150 153 156 158 160 
0 131 98 104 128 142 143 169 
0 132 143 163 176 
0 133 121 
0 134 103 108 125 128 
0 135 124 129 
0 136 
0 137 140 
0 138 161 
0 139 172 
0 140 112 123 137 143 154 
0 141 130 
0 142 131 
0 143 131 132 140 164 171 
0 144 130 
0 145 4 161 
0 146 167 172 
0 147 157 
0 148 169 
0 149 95 
0 150 3 111 130 
0 151 13 
0 152 4 
0 153 130 
0 154 140 
0 155 
0 156 130 
0 157 147 173 
0 158 130 
0 159 
0 160 130 
0 161 115 138 145 
0 162 109 
0 163 132 
0 164 143 
0 165 126 
0 166 169 
0 167 146 
0 168 3 
0 169 102 131 148 166 
0 170 109 
0 171 143 
0 172 4 139 146 
0 173 4 157 
0 174 
0 175 129 
0 176 132 
0 177 178 180 181 199 
0 178 177 
0 179 15 197 
0 180 177 
0 181 177 192 203 
0 182 187 
0 183 188 195 
0 184 191 
0 185 190 191 221 
0 186 188 225 
0 187 15 182 217 
0 188 5 183 186 205 
0 189 
0 190 185 200 211 217 226 
0 191 184 185 194 196 214 218 222 
0 192 181 215 
0 193 5 198 215 
0 194 191 204 
0 195 183 
0 196 191 223 
0 197 179 207 
0 198 193 219 
0 199 177 
0 200 190 
0 201 5 
0 202 
0 203 181 
0 204 194 206 
0 205 188 
0 206 204 
0 207 197 
0 208 5 
0 209 
0 210 
0 211 190 
0 212 215 
0 213 216 220 
0 214 191 
0 215 192 193 212 
0 216 5 213 
0 217 187 190 
0 218 191 
0 219 198 
0 220 213 
0 221 185 
0 222 191 
0 223 196 
0 224 15 
0 225 186 
0 226 190 
0 227 0 2 4 
0 228 0 1 5 
0 229 0 3 
0 230 0 3 
0 231 0 1 
0 232 0 5 
0 233 0 2 4 
0 234 0 2 3 4 
0 235 0 1 5 
0 236 0 2 4 
0 237 0 1 3 
0 238 0 3 4 5 
0 239 0 1 2 
0 240 0 2 3 4 
0 241 0 1 4 5 
