0 10800 0 10000 0 10000
0 0 2934 4438
0 1 1919 5467
0 2 3324 5121
0 3 2406 5157
0 4 1919 5467
0 5 1919 5467
0 6 1919 5467
0 7 3324 5121
0 8 3324 5121
0 9 3324 5121
0 10 3324 5121
0 11 2406 5157
0 12 2406 5157
0 13 2406 5157
0 14 1927 5366
0 15 2163 5497
0 16 1910 5458
0 17 1869 5615
0 18 1839 5527
0 19 1910 5473
0 20 1915 5478
0 21 2013 5583
0 22 1903 5464
0 23 1930 5566
0 24 1920 5468
0 25 1935 5433
0 26 1904 5549
0 27 1908 5474
0 28 1910 5664
0 29 2087 5279
0 30 1908 5584
0 31 1746 5364
0 32 1736 5474
0 33 2093 5520
0 34 1838 5455
0 35 1839 5464
0 36 1954 5444
0 37 1944 5500
0 38 1917 5412
0 39 1850 5470
0 40 1926 5439
0 41 1932 5490
0 42 1882 5318
0 43 2080 5633
0 44 1963 5411
0 45 1782 5426
0 46 1882 5427
0 47 1926 5309
0 48 1864 5467
0 49 2005 5437
0 50 1947 5413
0 51 1906 5426
0 52 1827 5431
0 53 1813 5587
0 54 2057 5410
0 55 2008 5532
0 56 1978 5485
0 57 3326 5125
0 58 3287 5107
0 59 3314 5078
0 60 3324 5121
0 61 3513 5095
0 62 3437 5137
0 63 3426 5132
0 64 3204 5164
0 65 3301 5116
0 66 3202 5334
0 67 3223 5114
0 68 3323 5120
0 69 3284 5143
0 70 3262 5111
0 71 3387 5096
0 72 3241 5183
0 73 3329 5120
0 74 3199 4928
0 75 3298 5067
0 76 3306 5132
0 77 3284 5048
0 78 3330 5144
0 79 3324 5121
0 80 3295 5088
0 81 3300 5146
0 82 3369 5123
0 83 3368 5105
0 84 3368 5114
0 85 3293 5076
0 86 3366 5137
0 87 3291 5264
0 88 3276 5117
0 89 3313 5029
0 90 3464 5071
0 91 3447 5074
0 92 3139 5061
0 93 3442 5006
0 94 3334 5032
0 95 3290 4945
0 96 3216 5088
0 97 3453 5030
0 98 3315 5140
0 99 3277 4932
0 100 3350 4880
0 101 3354 5146
0 102 3325 5129
0 103 3382 4978
0 104 2409 5369
0 105 2582 5297
0 106 2417 5217
0 107 2512 5307
0 108 2514 5368
0 109 2261 5154
0 110 2424 5072
0 111 2618 5343
0 112 2343 5190
0 113 2438 5298
0 114 2240 5221
0 115 2245 5185
0 116 2378 5325
0 117 2395 5119
0 118 2445 5278
0 119 2534 5025
0 120 2394 5163
0 121 2409 5169
0 122 2261 5258
0 123 2437 5426
0 124 2410 4977
0 125 2356 5169
0 126 2491 5059
0 127 2379 5195
0 128 2343 5168
0 129 2559 5086
0 130 2394 5314
0 131 2438 5155
0 132 2159 5186
0 133 2348 5180
0 134 2422 5130
0 135 2502 5043
0 136 2589 5034
0 137 2422 5211
0 138 2526 5094
300 0 2934 4438
300 1 1919 5467
300 2 3324 5121
300 3 2406 5157
300 4 1919 5467
300 5 1919 5467
300 6 1919 5467
300 7 3324 5121
300 8 3324 5121
300 9 3324 5121
300 10 3324 5121
300 11 2406 5157
300 12 2406 5157
300 13 2406 5157
300 14 1927 5366
300 15 2163 5497
300 16 1910 5458
300 17 1897 5613
300 18 1894 5519
300 19 1910 5473
300 20 1915 5478
300 21 2013 5583
300 22 1901 5464
300 23 2002 5705
300 24 1920 5468
300 25 1997 5434
300 26 1904 5549
300 27 1841 5545
300 28 1910 5664
300 29 1909 5360
300 30 1906 5685
300 31 1746 5364
300 32 1736 5474
300 33 2093 5520
300 34 1838 5455
300 35 1839 5464
300 36 1954 5444
300 37 1944 5500
300 38 1917 5412
300 39 1850 5470
300 40 1926 5439
300 41 1932 5490
300 42 1882 5318
300 43 2080 5633
300 44 1963 5411
300 45 1782 5426
300 46 1882 5427
300 47 1926 5309
300 48 1927 5615
300 49 2005 5437
300 50 1947 5413
300 51 1935 5466
300 52 1676 5496
300 53 1813 5587
300 54 2057 5410
300 55 1853 5701
300 56 1978 5485
300 57 3326 5125
300 58 3287 5107
300 59 3314 5078
300 60 3324 5121
300 61 3513 5095
300 62 3437 5137
300 63 3426 5132
300 64 3307 5167
300 65 3301 5116
300 66 3202 5334
300 67 3223 5114
300 68 3323 5120
300 69 3226 5282
300 70 3262 5111
300 71 3387 5096
300 72 3241 5183
300 73 3329 5120
300 74 3199 4928
300 75 3298 5067
300 76 3216 5113
300 77 3284 5048
300 78 3434 4966
300 79 3324 5121
300 80 3295 5088
300 81 3300 5146
300 82 3302 5017
300 83 3491 5100
300 84 3368 5114
300 85 3293 5076
300 86 3365 5137
300 87 3291 5264
300 88 3276 5117
300 89 3313 5029
300 90 3464 5071
300 91 3447 5074
300 92 3139 5061
300 93 3442 5006
300 94 3334 5032
300 95 3290 4945
300 96 3216 5088
300 97 3453 5030
300 98 3315 5140
300 99 3277 4932
300 100 3350 4880
300 101 3354 5146
300 102 3325 5129
300 103 3382 4978
300 104 2409 5369
300 105 2582 5297
300 106 2417 5217
300 107 2512 5307
300 108 2514 5368
300 109 2261 5154
300 110 2424 5072
300 111 2618 5343
300 112 2347 5175
300 113 2438 5298
300 114 2240 5221
300 115 2245 5185
300 116 2378 5325
300 117 2395 5119
300 118 2445 5278
300 119 2534 5025
300 120 2394 5163
300 121 2311 5067
300 122 2317 5111
300 123 2437 5426
300 124 2410 4977
300 125 2356 5169
300 126 2491 5059
300 127 2379 5195
300 128 2343 5168
300 129 2559 5086
300 130 2394 5314
300 131 2438 5155
300 132 2159 5186
300 133 2348 5180
300 134 2422 5130
300 135 2547 5209
300 136 2589 5034
300 137 2422 5211
300 138 2526 5094
600 0 2934 4438
600 1 1919 5467
600 2 3324 5121
600 3 2406 5157
600 4 1919 5467
600 5 1919 5467
600 6 1919 5467
600 7 3324 5121
600 8 3324 5121
600 9 3324 5121
600 10 3324 5121
600 11 2406 5157
600 12 2406 5157
600 13 2406 5157
600 14 1927 5366
600 15 2163 5497
600 16 1910 5458
600 17 1869 5615
600 18 1839 5527
600 19 1910 5473
600 20 1880 5214
600 21 2013 5583
600 22 1903 5464
600 23 1935 5533
600 24 1920 5468
600 25 1935 5433
600 26 1904 5549
600 27 1908 5474
600 28 2038 5552
600 29 2087 5279
600 30 1908 5584
600 31 1746 5364
600 32 1736 5474
600 33 1878 5511
600 34 1924 5649
600 35 1839 5464
600 36 1954 5444
600 37 1944 5500
600 38 1917 5412
600 39 1850 5470
600 40 1929 5489
600 41 1940 5621
600 42 1890 5323
600 43 2080 5633
600 44 1963 5411
600 45 1782 5426
600 46 1900 5468
600 47 1926 5309
600 48 1864 5467
600 49 2005 5437
600 50 1947 5413
600 51 1906 5426
600 52 1827 5431
600 53 1813 5587
600 54 2057 5410
600 55 2008 5532
600 56 1978 5485
600 57 3271 5041
600 58 3287 5107
600 59 3314 5078
600 60 3225 5135
600 61 3513 5095
600 62 3437 5137
600 63 3426 5132
600 64 3204 5164
600 65 3301 5116
600 66 3202 5334
600 67 3223 5114
600 68 3323 5120
600 69 3284 5143
600 70 3262 5111
600 71 3387 5096
600 72 3241 5183
600 73 3329 5120
600 74 3079 5035
600 75 3298 5067
600 76 3306 5132
600 77 3377 5070
600 78 3330 5144
600 79 3324 5121
600 80 3295 5088
600 81 3300 5146
600 82 3369 5123
600 83 3368 5105
600 84 3368 5114
600 85 3293 5076
600 86 3366 5137
600 87 3440 5204
600 88 3279 5025
600 89 3313 5029
600 90 3464 5071
600 91 3447 5074
600 92 3139 5061
600 93 3442 5006
600 94 3334 5032
600 95 3290 4945
600 96 3214 4956
600 97 3453 5030
600 98 3315 5140
600 99 3277 4932
600 100 3350 4880
600 101 3354 5146
600 102 3325 5129
600 103 3382 4978
600 104 2409 5369
600 105 2467 5410
600 106 2357 5255
600 107 2512 5307
600 108 2514 5368
600 109 2261 5154
600 110 2424 5072
600 111 2618 5343
600 112 2343 5190
600 113 2438 5298
600 114 2240 5221
600 115 2245 5185
600 116 2378 5325
600 117 2395 5119
600 118 2445 5278
600 119 2534 5025
600 120 2394 5163
600 121 2409 5169
600 122 2261 5258
600 123 2437 5426
600 124 2410 4977
600 125 2477 5144
600 126 2491 5059
600 127 2379 5195
600 128 2343 5168
600 129 2559 5086
600 130 2394 5314
600 131 2438 5155
600 132 2159 5186
600 133 2339 5144
600 134 2422 5130
600 135 2499 4884
600 136 2581 5145
600 137 2422 5211
600 138 2526 5094
900 0 2934 4438
900 1 1919 5467
900 2 3324 5121
900 3 2406 5157
900 4 1919 5467
900 5 1919 5467
900 6 1919 5467
900 7 3324 5121
900 8 3324 5121
900 9 3324 5121
900 10 3324 5121
900 11 2406 5157
900 12 2406 5157
900 13 2406 5157
900 14 1927 5366
900 15 2040 5542
900 16 1910 5458
900 17 1869 5615
900 18 1839 5527
900 19 1910 5473
900 20 1915 5478
900 21 1874 5540
900 22 1903 5464
900 23 1930 5566
900 24 1920 5468
900 25 1913 5409
900 26 1904 5549
900 27 2173 5405
900 28 1910 5664
900 29 2087 5279
900 30 1908 5584
900 31 1746 5364
900 32 1736 5474
900 33 1949 5438
900 34 1838 5455
900 35 1839 5464
900 36 1954 5444
900 37 1944 5500
900 38 1917 5412
900 39 1850 5470
900 40 1926 5439
900 41 1932 5490
900 42 1882 5318
900 43 2080 5633
900 44 1963 5411
900 45 1782 5426
900 46 2022 5229
900 47 1926 5309
900 48 1864 5467
900 49 1961 5449
900 50 1947 5413
900 51 1906 5426
900 52 1827 5431
900 53 1813 5587
900 54 2057 5410
900 55 2008 5532
900 56 1978 5485
900 57 3326 5125
900 58 3287 5107
900 59 3314 5078
900 60 3435 5214
900 61 3412 5064
900 62 3437 5137
900 63 3426 5132
900 64 3204 5164
900 65 3301 5116
900 66 3202 5334
900 67 3223 5114
900 68 3323 5120
900 69 3284 5143
900 70 3158 4993
900 71 3387 5096
900 72 3241 5183
900 73 3329 5120
900 74 3199 4928
900 75 3298 5067
900 76 3306 5132
900 77 3284 5048
900 78 3429 5023
900 79 3324 5121
900 80 3295 5088
900 81 3300 5146
900 82 3386 5079
900 83 3368 5105
900 84 3368 5114
900 85 3293 5076
900 86 3366 5137
900 87 3291 5264
900 88 3276 5117
900 89 3313 5029
900 90 3529 5062
900 91 3447 5074
900 92 3139 5061
900 93 3442 5006
900 94 3334 5032
900 95 3290 4945
900 96 3216 5088
900 97 3453 5030
900 98 3315 5140
900 99 3278 4950
900 100 3350 4880
900 101 3354 5146
900 102 3325 5129
900 103 3382 4978
900 104 2409 5369
900 105 2582 5297
900 106 2417 5217
900 107 2512 5307
900 108 2514 5368
900 109 2261 5154
900 110 2424 5072
900 111 2618 5343
900 112 2343 5190
900 113 2438 5298
900 114 2240 5221
900 115 2245 5185
900 116 2378 5325
900 117 2395 5119
900 118 2445 5278
900 119 2534 5025
900 120 2524 5018
900 121 2409 5169
900 122 2261 5258
900 123 2437 5426
900 124 2410 4977
900 125 2356 5169
900 126 2491 5059
900 127 2379 5195
900 128 2343 5168
900 129 2559 5086
900 130 2394 5314
900 131 2438 5155
900 132 2159 5186
900 133 2348 5180
900 134 2506 4932
900 135 2502 5043
900 136 2638 5358
900 137 2422 5211
900 138 2473 5153
1200 0 2934 4438
1200 1 1919 5467
1200 2 3324 5121
1200 3 2406 5157
1200 4 1919 5467
1200 5 1919 5467
1200 6 1919 5467
1200 7 3324 5121
1200 8 3324 5121
1200 9 3324 5121
1200 10 3324 5121
1200 11 2406 5157
1200 12 2406 5157
1200 13 2406 5157
1200 14 1927 5366
1200 15 2077 5547
1200 16 1910 5458
1200 17 1869 5615
1200 18 1839 5527
1200 19 1910 5473
1200 20 1915 5478
1200 21 2013 5583
1200 22 1903 5464
1200 23 1920 5457
1200 24 1920 5468
1200 25 1935 5433
1200 26 1856 5405
1200 27 1908 5474
1200 28 1910 5664
1200 29 2087 5279
1200 30 1908 5584
1200 31 1746 5364
1200 32 1736 5474
1200 33 2093 5520
1200 34 1838 5455
1200 35 1839 5464
1200 36 1954 5444
1200 37 1944 5500
1200 38 1917 5412
1200 39 1850 5470
1200 40 1926 5439
1200 41 1932 5490
1200 42 1882 5318
1200 43 2080 5633
1200 44 1963 5411
1200 45 1782 5426
1200 46 1655 5408
1200 47 1929 5309
1200 48 1864 5467
1200 49 2005 5437
1200 50 1947 5413
1200 51 1906 5426
1200 52 1827 5431
1200 53 1813 5587
1200 54 2048 5403
1200 55 2008 5532
1200 56 1978 5485
1200 57 3294 5077
1200 58 3265 5065
1200 59 3314 5078
1200 60 3440 4982
1200 61 3513 5095
1200 62 3437 5137
1200 63 3426 5132
1200 64 3204 5164
1200 65 3301 5116
1200 66 3202 5334
1200 67 3223 5114
1200 68 3323 5120
1200 69 3284 5143
1200 70 3239 5112
1200 71 3387 5096
1200 72 3241 5183
1200 73 3091 5084
1200 74 3199 4928
1200 75 3298 5067
1200 76 3306 5132
1200 77 3284 5048
1200 78 3330 5144
1200 79 3324 5121
1200 80 3295 5088
1200 81 3304 5125
1200 82 3369 5123
1200 83 3454 5159
1200 84 3368 5114
1200 85 3059 5115
1200 86 3366 5137
1200 87 3291 5264
1200 88 3276 5117
1200 89 3332 5041
1200 90 3464 5071
1200 91 3447 5074
1200 92 3139 5061
1200 93 3518 5189
1200 94 3502 5158
1200 95 3290 4945
1200 96 3247 5281
1200 97 3453 5030
1200 98 3315 5140
1200 99 3277 4932
1200 100 3350 4880
1200 101 3354 5146
1200 102 3310 5014
1200 103 3382 4978
1200 104 2409 5369
1200 105 2582 5297
1200 106 2417 5217
1200 107 2512 5307
1200 108 2516 5344
1200 109 2261 5154
1200 110 2424 5072
1200 111 2618 5343
1200 112 2482 5124
1200 113 2438 5298
1200 114 2240 5219
1200 115 2245 5185
1200 116 2378 5325
1200 117 2395 5119
1200 118 2439 5485
1200 119 2534 5025
1200 120 2394 5163
1200 121 2409 5169
1200 122 2350 5315
1200 123 2437 5426
1200 124 2445 4899
1200 125 2345 5201
1200 126 2645 5328
1200 127 2379 5195
1200 128 2343 5168
1200 129 2559 5086
1200 130 2394 5314
1200 131 2438 5155
1200 132 2152 5151
1200 133 2348 5180
1200 134 2422 5130
1200 135 2502 5043
1200 136 2589 5034
1200 137 2422 5211
1200 138 2526 5094
1500 0 2934 4438
1500 1 1919 5467
1500 2 3324 5121
1500 3 2406 5157
1500 4 1919 5467
1500 5 1919 5467
1500 6 1919 5467
1500 7 3324 5121
1500 8 3324 5121
1500 9 3324 5121
1500 10 3324 5121
1500 11 2406 5157
1500 12 2406 5157
1500 13 2406 5157
1500 14 1918 5610
1500 15 2163 5497
1500 16 1766 5579
1500 17 1869 5615
1500 18 1839 5527
1500 19 1910 5473
1500 20 1915 5478
1500 21 2013 5583
1500 22 1903 5464
1500 23 1930 5566
1500 24 1920 5468
1500 25 1935 5433
1500 26 1742 5355
1500 27 1908 5474
1500 28 1910 5664
1500 29 2087 5279
1500 30 2063 5540
1500 31 1746 5364
1500 32 1736 5474
1500 33 2093 5520
1500 34 1838 5455
1500 35 1839 5464
1500 36 1781 5419
1500 37 1944 5500
1500 38 2055 5456
1500 39 1850 5470
1500 40 1926 5439
1500 41 1932 5490
1500 42 1882 5318
1500 43 2013 5597
1500 44 1963 5411
1500 45 1782 5426
1500 46 1882 5427
1500 47 1926 5309
1500 48 1864 5467
1500 49 1919 5305
1500 50 1942 5529
1500 51 1906 5426
1500 52 1827 5431
1500 53 1813 5587
1500 54 2057 5410
1500 55 2008 5532
1500 56 1978 5485
1500 57 3326 5125
1500 58 3283 5026
1500 59 3314 5078
1500 60 3346 5186
1500 61 3513 5095
1500 62 3437 5137
1500 63 3426 5132
1500 64 3204 5164
1500 65 3301 5116
1500 66 3202 5334
1500 67 3223 5114
1500 68 3310 5248
1500 69 3246 5124
1500 70 3262 5111
1500 71 3387 5096
1500 72 3241 5183
1500 73 3258 5073
1500 74 3199 4928
1500 75 3298 5067
1500 76 3306 5132
1500 77 3284 5048
1500 78 3330 5144
1500 79 3324 5121
1500 80 3295 5088
1500 81 3300 5146
1500 82 3369 5123
1500 83 3331 5053
1500 84 3368 5114
1500 85 3156 5009
1500 86 3366 5137
1500 87 3291 5264
1500 88 3276 5117
1500 89 3313 5029
1500 90 3464 5071
1500 91 3447 5074
1500 92 3139 5061
1500 93 3442 5006
1500 94 3334 5032
1500 95 3290 4945
1500 96 3216 5088
1500 97 3453 5030
1500 98 3297 5112
1500 99 3277 4932
1500 100 3350 4880
1500 101 3354 5146
1500 102 3325 5129
1500 103 3382 4978
1500 104 2409 5369
1500 105 2652 5164
1500 106 2445 5172
1500 107 2512 5307
1500 108 2514 5368
1500 109 2261 5154
1500 110 2424 5072
1500 111 2618 5343
1500 112 2343 5190
1500 113 2438 5298
1500 114 2240 5221
1500 115 2245 5185
1500 116 2378 5325
1500 117 2395 5119
1500 118 2438 5196
1500 119 2534 5025
1500 120 2394 5163
1500 121 2409 5169
1500 122 2261 5258
1500 123 2437 5426
1500 124 2429 5016
1500 125 2356 5169
1500 126 2570 5201
1500 127 2379 5195
1500 128 2343 5168
1500 129 2559 5086
1500 130 2394 5314
1500 131 2438 5155
1500 132 2159 5186
1500 133 2348 5180
1500 134 2123 5093
1500 135 2502 5043
1500 136 2585 5039
1500 137 2422 5211
1500 138 2526 5094
1800 0 2934 4438
1800 1 1919 5467
1800 2 3324 5121
1800 3 2406 5157
1800 4 1919 5467
1800 5 1919 5467
1800 6 1919 5467
1800 7 3324 5121
1800 8 3324 5121
1800 9 3324 5121
1800 10 3324 5121
1800 11 2406 5157
1800 12 2406 5157
1800 13 2406 5157
1800 14 1933 5270
1800 15 2163 5497
1800 16 1910 5458
1800 17 1869 5615
1800 18 1839 5527
1800 19 1910 5473
1800 20 1915 5478
1800 21 1896 5559
1800 22 1903 5464
1800 23 1930 5509
1800 24 1920 5468
1800 25 1935 5433
1800 26 2063 5473
1800 27 1966 5303
1800 28 1960 5557
1800 29 2087 5279
1800 30 1688 5561
1800 31 1746 5364
1800 32 1736 5474
1800 33 2093 5520
1800 34 1858 5441
1800 35 1839 5464
1800 36 1954 5444
1800 37 1944 5500
1800 38 1917 5412
1800 39 1850 5470
1800 40 1926 5439
1800 41 1932 5490
1800 42 1882 5318
1800 43 2080 5633
1800 44 1947 5453
1800 45 1782 5426
1800 46 1837 5332
1800 47 1926 5309
1800 48 1864 5467
1800 49 2005 5437
1800 50 1947 5413
1800 51 2046 5481
1800 52 1827 5431
1800 53 1813 5587
1800 54 2057 5410
1800 55 2008 5532
1800 56 1978 5485
1800 57 3326 5125
1800 58 3287 5107
1800 59 3314 5078
1800 60 3324 5121
1800 61 3513 5095
1800 62 3437 5137
1800 63 3445 5165
1800 64 3204 5164
1800 65 3301 5116
1800 66 3182 5318
1800 67 3306 4892
1800 68 3323 5120
1800 69 3284 5143
1800 70 3262 5111
1800 71 3387 5096
1800 72 3241 5183
1800 73 3329 5120
1800 74 3199 4928
1800 75 3298 5067
1800 76 3239 5014
1800 77 3284 5048
1800 78 3330 5144
1800 79 3324 5121
1800 80 3037 5155
1800 81 3194 5013
1800 82 3130 5182
1800 83 3368 5105
1800 84 3368 5114
1800 85 3293 5076
1800 86 3366 5137
1800 87 3291 5264
1800 88 3162 4977
1800 89 3313 5029
1800 90 3464 5071
1800 91 3447 5074
1800 92 3139 5061
1800 93 3442 5006
1800 94 3334 5032
1800 95 3290 4945
1800 96 3216 5088
1800 97 3453 5030
1800 98 3315 5140
1800 99 3277 4932
1800 100 3320 4857
1800 101 3354 5146
1800 102 3310 5110
1800 103 3382 4978
1800 104 2409 5369
1800 105 2582 5297
1800 106 2417 5217
1800 107 2512 5307
1800 108 2514 5368
1800 109 2261 5154
1800 110 2424 5072
1800 111 2618 5343
1800 112 2343 5190
1800 113 2438 5298
1800 114 2240 5221
1800 115 2245 5185
1800 116 2402 5326
1800 117 2149 5236
1800 118 2261 5312
1800 119 2534 5025
1800 120 2394 5163
1800 121 2409 5169
1800 122 2261 5258
1800 123 2437 5426
1800 124 2410 4977
1800 125 2356 5169
1800 126 2491 5059
1800 127 2379 5195
1800 128 2343 5168
1800 129 2150 5000
1800 130 2394 5314
1800 131 2438 5155
1800 132 2159 5186
1800 133 2348 5180
1800 134 2422 5130
1800 135 2502 5043
1800 136 2585 5083
1800 137 2422 5211
1800 138 2417 5025
2100 0 2934 4438
2100 1 1919 5467
2100 2 3324 5121
2100 3 2406 5157
2100 4 1919 5467
2100 5 1919 5467
2100 6 1919 5467
2100 7 3324 5121
2100 8 3324 5121
2100 9 3324 5121
2100 10 3324 5121
2100 11 2406 5157
2100 12 2406 5157
2100 13 2406 5157
2100 14 1927 5366
2100 15 2163 5497
2100 16 1910 5458
2100 17 1869 5615
2100 18 1839 5527
2100 19 1910 5473
2100 20 1915 5478
2100 21 2013 5583
2100 22 1907 5431
2100 23 1930 5566
2100 24 1920 5468
2100 25 1935 5433
2100 26 1891 5526
2100 27 1908 5474
2100 28 1910 5664
2100 29 2087 5279
2100 30 1928 5699
2100 31 1746 5364
2100 32 1736 5474
2100 33 2093 5520
2100 34 1838 5455
2100 35 1839 5464
2100 36 1954 5444
2100 37 1944 5500
2100 38 1917 5412
2100 39 2084 5524
2100 40 1926 5439
2100 41 1932 5490
2100 42 1886 5337
2100 43 2093 5596
2100 44 1963 5411
2100 45 1782 5426
2100 46 1882 5427
2100 47 1926 5309
2100 48 1864 5467
2100 49 2141 5322
2100 50 1947 5413
2100 51 1906 5426
2100 52 1827 5431
2100 53 1667 5501
2100 54 2057 5410
2100 55 1815 5579
2100 56 1978 5485
2100 57 3326 5125
2100 58 3287 5107
2100 59 3241 5292
2100 60 3324 5121
2100 61 3513 5095
2100 62 3437 5137
2100 63 3426 5132
2100 64 3204 5164
2100 65 3073 5100
2100 66 3202 5334
2100 67 3223 5114
2100 68 3323 5120
2100 69 3392 5093
2100 70 3262 5111
2100 71 3387 5096
2100 72 3241 5183
2100 73 3329 5120
2100 74 3199 4928
2100 75 3298 5067
2100 76 3306 5132
2100 77 3284 5048
2100 78 3330 5144
2100 79 3324 5121
2100 80 3295 5088
2100 81 3297 5138
2100 82 3369 5123
2100 83 3368 5105
2100 84 3368 5114
2100 85 3293 5076
2100 86 3366 5137
2100 87 3291 5264
2100 88 3162 5166
2100 89 3313 5029
2100 90 3464 5071
2100 91 3447 5074
2100 92 3139 5061
2100 93 3442 5006
2100 94 3334 5032
2100 95 3290 4945
2100 96 3216 5088
2100 97 3453 5030
2100 98 3315 5140
2100 99 3277 4932
2100 100 3350 4880
2100 101 3354 5146
2100 102 3325 5129
2100 103 3105 5236
2100 104 2409 5369
2100 105 2582 5297
2100 106 2417 5217
2100 107 2512 5307
2100 108 2514 5368
2100 109 2261 5154
2100 110 2472 4995
2100 111 2618 5343
2100 112 2343 5190
2100 113 2427 5297
2100 114 2240 5221
2100 115 2344 5245
2100 116 2378 5325
2100 117 2395 5119
2100 118 2445 5278
2100 119 2534 5025
2100 120 2394 5163
2100 121 2409 5169
2100 122 2261 5258
2100 123 2437 5426
2100 124 2410 4977
2100 125 2356 5169
2100 126 2491 5059
2100 127 2379 5195
2100 128 2343 5168
2100 129 2559 5086
2100 130 2394 5314
2100 131 2438 5155
2100 132 2159 5186
2100 133 2348 5180
2100 134 2422 5130
2100 135 2449 4989
2100 136 2589 5034
2100 137 2403 5207
2100 138 2526 5094
2400 0 2934 4438
2400 1 1919 5467
2400 2 3324 5121
2400 3 2406 5157
2400 4 1919 5467
2400 5 1919 5467
2400 6 1919 5467
2400 7 3324 5121
2400 8 3324 5121
2400 9 3324 5121
2400 10 3324 5121
2400 11 2406 5157
2400 12 2406 5157
2400 13 2406 5157
2400 14 1927 5366
2400 15 2163 5497
2400 16 1910 5458
2400 17 1869 5615
2400 18 1839 5527
2400 19 1910 5473
2400 20 1915 5478
2400 21 2013 5583
2400 22 1858 5589
2400 23 1930 5566
2400 24 1920 5468
2400 25 1873 5527
2400 26 1904 5549
2400 27 1658 5474
2400 28 1910 5664
2400 29 2087 5279
2400 30 1908 5584
2400 31 1746 5364
2400 32 1736 5474
2400 33 2093 5520
2400 34 1838 5455
2400 35 1681 5378
2400 36 1954 5444
2400 37 1944 5500
2400 38 1917 5412
2400 39 1850 5470
2400 40 1926 5439
2400 41 1910 5397
2400 42 1882 5318
2400 43 2022 5599
2400 44 1963 5411
2400 45 1848 5342
2400 46 1882 5427
2400 47 1875 5544
2400 48 1864 5467
2400 49 2005 5437
2400 50 1947 5413
2400 51 1906 5426
2400 52 1827 5431
2400 53 1865 5637
2400 54 2057 5410
2400 55 2008 5532
2400 56 1894 5329
2400 57 3326 5125
2400 58 3287 5107
2400 59 3314 5078
2400 60 3324 5121
2400 61 3513 5095
2400 62 3437 5137
2400 63 3426 5132
2400 64 3204 5164
2400 65 3301 5116
2400 66 3422 5228
2400 67 3199 5085
2400 68 3323 5120
2400 69 3284 5143
2400 70 3262 5111
2400 71 3387 5096
2400 72 3234 5005
2400 73 3329 5120
2400 74 3199 4928
2400 75 3180 5030
2400 76 3306 5132
2400 77 3396 5082
2400 78 3416 4997
2400 79 3324 5121
2400 80 3295 5088
2400 81 3300 5146
2400 82 3369 5123
2400 83 3368 5105
2400 84 3368 5114
2400 85 3187 5153
2400 86 3366 5137
2400 87 3152 5009
2400 88 3228 5158
2400 89 3313 5029
2400 90 3464 5071
2400 91 3447 5074
2400 92 3139 5061
2400 93 3442 5006
2400 94 3334 5032
2400 95 3290 4945
2400 96 3216 5088
2400 97 3453 5030
2400 98 3315 5140
2400 99 3277 4932
2400 100 3350 4880
2400 101 3354 5146
2400 102 3325 5129
2400 103 3382 4978
2400 104 2409 5369
2400 105 2582 5297
2400 106 2417 5217
2400 107 2512 5307
2400 108 2514 5368
2400 109 2261 5154
2400 110 2424 5072
2400 111 2618 5343
2400 112 2343 5190
2400 113 2482 5173
2400 114 2240 5221
2400 115 2350 5236
2400 116 2378 5325
2400 117 2352 4983
2400 118 2445 5278
2400 119 2534 5025
2400 120 2394 5163
2400 121 2409 5169
2400 122 2261 5258
2400 123 2335 5306
2400 124 2288 5073
2400 125 2356 5169
2400 126 2491 5059
2400 127 2379 5195
2400 128 2490 5228
2400 129 2559 5086
2400 130 2394 5314
2400 131 2426 4976
2400 132 2159 5186
2400 133 2348 5180
2400 134 2422 5130
2400 135 2502 5043
2400 136 2589 5034
2400 137 2422 5211
2400 138 2526 5094
2700 0 2934 4438
2700 1 1919 5467
2700 2 3324 5121
2700 3 2406 5157
2700 4 1919 5467
2700 5 1919 5467
2700 6 1919 5467
2700 7 3324 5121
2700 8 3324 5121
2700 9 3324 5121
2700 10 3324 5121
2700 11 2406 5157
2700 12 2406 5157
2700 13 2406 5157
2700 14 1927 5366
2700 15 2163 5497
2700 16 1910 5458
2700 17 1869 5615
2700 18 1839 5527
2700 19 1910 5473
2700 20 1915 5478
2700 21 2013 5583
2700 22 1939 5278
2700 23 1762 5486
2700 24 1920 5468
2700 25 1935 5433
2700 26 1904 5549
2700 27 1908 5474
2700 28 1910 5664
2700 29 2087 5279
2700 30 1908 5584
2700 31 1818 5389
2700 32 1736 5474
2700 33 2093 5520
2700 34 1838 5455
2700 35 1821 5525
2700 36 1954 5444
2700 37 1888 5533
2700 38 2043 5470
2700 39 1850 5470
2700 40 1926 5439
2700 41 1932 5490
2700 42 1882 5318
2700 43 2080 5633
2700 44 1963 5411
2700 45 1782 5426
2700 46 1882 5427
2700 47 1926 5309
2700 48 1864 5467
2700 49 2005 5437
2700 50 1947 5413
2700 51 1906 5426
2700 52 1827 5431
2700 53 1722 5547
2700 54 2057 5410
2700 55 2008 5532
2700 56 2064 5544
2700 57 3326 5125
2700 58 3277 5028
2700 59 3314 5078
2700 60 3324 5121
2700 61 3513 5095
2700 62 3437 5137
2700 63 3426 5132
2700 64 3204 5164
2700 65 3301 5116
2700 66 3202 5334
2700 67 3223 5114
2700 68 3323 5120
2700 69 3284 5143
2700 70 3262 5111
2700 71 3387 5096
2700 72 3241 5183
2700 73 3329 5120
2700 74 3199 4959
2700 75 3298 5067
2700 76 3320 5150
2700 77 3284 5048
2700 78 3330 5144
2700 79 3324 5121
2700 80 3295 5088
2700 81 3300 5146
2700 82 3369 5123
2700 83 3457 5225
2700 84 3180 5173
2700 85 3293 5076
2700 86 3366 5137
2700 87 3291 5264
2700 88 3276 5117
2700 89 3313 5029
2700 90 3464 5071
2700 91 3555 5085
2700 92 3139 5061
2700 93 3442 5006
2700 94 3334 5032
2700 95 3210 4984
2700 96 3216 5088
2700 97 3453 5030
2700 98 3315 5140
2700 99 3313 5007
2700 100 3350 4880
2700 101 3354 5146
2700 102 3325 5129
2700 103 3382 4978
2700 104 2409 5369
2700 105 2582 5297
2700 106 2417 5217
2700 107 2565 5315
2700 108 2431 5215
2700 109 2261 5154
2700 110 2236 5083
2700 111 2618 5343
2700 112 2343 5190
2700 113 2438 5298
2700 114 2240 5221
2700 115 2364 5010
2700 116 2464 5309
2700 117 2395 5119
2700 118 2344 5388
2700 119 2534 5025
2700 120 2394 5163
2700 121 2409 5169
2700 122 2231 5251
2700 123 2437 5426
2700 124 2410 4977
2700 125 2334 5103
2700 126 2491 5059
2700 127 2379 5195
2700 128 2343 5168
2700 129 2559 5086
2700 130 2394 5314
2700 131 2438 5155
2700 132 2159 5186
2700 133 2348 5180
2700 134 2422 5130
2700 135 2502 5043
2700 136 2589 5034
2700 137 2422 5211
2700 138 2526 5094
3000 0 2934 4438
3000 1 1919 5467
3000 2 3324 5121
3000 3 2406 5157
3000 4 1919 5467
3000 5 1919 5467
3000 6 1919 5467
3000 7 3324 5121
3000 8 3324 5121
3000 9 3324 5121
3000 10 3324 5121
3000 11 2406 5157
3000 12 2406 5157
3000 13 2406 5157
3000 14 1927 5366
3000 15 2163 5497
3000 16 1879 5406
3000 17 1869 5615
3000 18 1839 5527
3000 19 1910 5473
3000 20 1915 5478
3000 21 1934 5725
3000 22 1903 5464
3000 23 1930 5566
3000 24 1920 5468
3000 25 1935 5433
3000 26 1904 5549
3000 27 1908 5474
3000 28 1910 5664
3000 29 2087 5279
3000 30 1908 5584
3000 31 1746 5364
3000 32 1739 5479
3000 33 2093 5520
3000 34 1838 5455
3000 35 1839 5464
3000 36 1954 5444
3000 37 1947 5499
3000 38 1917 5412
3000 39 1808 5430
3000 40 1926 5439
3000 41 1932 5490
3000 42 1882 5318
3000 43 2080 5633
3000 44 1963 5411
3000 45 1782 5426
3000 46 1882 5427
3000 47 1926 5309
3000 48 1818 5512
3000 49 1983 5407
3000 50 1947 5413
3000 51 1906 5426
3000 52 1827 5431
3000 53 1813 5587
3000 54 2057 5410
3000 55 2008 5532
3000 56 1947 5302
3000 57 3326 5125
3000 58 3287 5107
3000 59 3314 5078
3000 60 3324 5121
3000 61 3513 5095
3000 62 3437 5137
3000 63 3426 5132
3000 64 3204 5164
3000 65 3301 5116
3000 66 3202 5334
3000 67 3223 5114
3000 68 3323 5120
3000 69 3284 5143
3000 70 3262 5111
3000 71 3387 5096
3000 72 3241 5183
3000 73 3268 4950
3000 74 3199 4928
3000 75 3298 5067
3000 76 3306 5132
3000 77 3284 5048
3000 78 3330 5144
3000 79 3324 5121
3000 80 3295 5088
3000 81 3300 5146
3000 82 3369 5123
3000 83 3368 5105
3000 84 3368 5114
3000 85 3293 5076
3000 86 3366 5137
3000 87 3308 5366
3000 88 3197 5091
3000 89 3313 5029
3000 90 3464 5071
3000 91 3447 5074
3000 92 3139 5061
3000 93 3442 5006
3000 94 3334 5032
3000 95 3290 4945
3000 96 3216 5088
3000 97 3453 5030
3000 98 3315 5140
3000 99 3277 4932
3000 100 3350 4880
3000 101 3354 5146
3000 102 3325 5129
3000 103 3382 4978
3000 104 2409 5369
3000 105 2582 5297
3000 106 2417 5217
3000 107 2512 5307
3000 108 2514 5368
3000 109 2261 5154
3000 110 2424 5072
3000 111 2618 5343
3000 112 2343 5190
3000 113 2438 5298
3000 114 2240 5221
3000 115 2245 5185
3000 116 2378 5325
3000 117 2498 5277
3000 118 2445 5278
3000 119 2534 5025
3000 120 2394 5163
3000 121 2475 5284
3000 122 2261 5258
3000 123 2437 5426
3000 124 2553 5038
3000 125 2356 5169
3000 126 2491 5059
3000 127 2379 5195
3000 128 2343 5168
3000 129 2559 5086
3000 130 2394 5314
3000 131 2438 5155
3000 132 2159 5186
3000 133 2348 5180
3000 134 2422 5130
3000 135 2502 5043
3000 136 2589 5034
3000 137 2422 5211
3000 138 2526 5094
3300 0 2934 4438
3300 1 1919 5467
3300 2 3324 5121
3300 3 2406 5157
3300 4 1919 5467
3300 5 1919 5467
3300 6 1919 5467
3300 7 3324 5121
3300 8 3324 5121
3300 9 3324 5121
3300 10 3324 5121
3300 11 2406 5157
3300 12 2406 5157
3300 13 2406 5157
3300 14 1927 5366
3300 15 2163 5497
3300 16 1935 5403
3300 17 1869 5615
3300 18 1839 5527
3300 19 1910 5473
3300 20 1915 5478
3300 21 1896 5565
3300 22 1903 5464
3300 23 1930 5566
3300 24 1834 5486
3300 25 1935 5433
3300 26 1904 5549
3300 27 1908 5474
3300 28 1910 5664
3300 29 2087 5279
3300 30 1908 5584
3300 31 1746 5364
3300 32 1736 5474
3300 33 2093 5520
3300 34 1838 5455
3300 35 1839 5464
3300 36 1954 5444
3300 37 1944 5500
3300 38 1955 5553
3300 39 1850 5470
3300 40 1926 5439
3300 41 1932 5490
3300 42 1882 5318
3300 43 2080 5633
3300 44 1963 5411
3300 45 1782 5426
3300 46 1840 5339
3300 47 1926 5309
3300 48 1864 5467
3300 49 2005 5437
3300 50 1947 5413
3300 51 1921 5431
3300 52 1827 5431
3300 53 1675 5584
3300 54 2057 5410
3300 55 2008 5532
3300 56 1978 5485
3300 57 3326 5125
3300 58 3287 5107
3300 59 3314 5078
3300 60 3324 5121
3300 61 3513 5095
3300 62 3437 5137
3300 63 3426 5132
3300 64 3464 5115
3300 65 3301 5116
3300 66 3202 5334
3300 67 3205 5015
3300 68 3260 4881
3300 69 3284 5143
3300 70 3262 5111
3300 71 3391 5092
3300 72 3241 5183
3300 73 3329 5120
3300 74 3199 4928
3300 75 3298 5067
3300 76 3163 4930
3300 77 3284 5048
3300 78 3330 5144
3300 79 3324 5121
3300 80 3295 5088
3300 81 3294 5096
3300 82 3369 5123
3300 83 3368 5105
3300 84 3368 5114
3300 85 3293 5076
3300 86 3366 5137
3300 87 3291 5264
3300 88 3276 5117
3300 89 3313 5029
3300 90 3464 5071
3300 91 3447 5074
3300 92 3143 4905
3300 93 3442 5006
3300 94 3334 5032
3300 95 3151 4978
3300 96 3216 5088
3300 97 3453 5030
3300 98 3350 5085
3300 99 3277 4932
3300 100 3350 4880
3300 101 3457 5131
3300 102 3346 5133
3300 103 3382 4978
3300 104 2487 5415
3300 105 2582 5297
3300 106 2417 5217
3300 107 2343 5160
3300 108 2514 5368
3300 109 2261 5154
3300 110 2424 5072
3300 111 2618 5343
3300 112 2343 5190
3300 113 2438 5298
3300 114 2240 5221
3300 115 2245 5185
3300 116 2378 5325
3300 117 2395 5119
3300 118 2702 5252
3300 119 2509 5109
3300 120 2394 5163
3300 121 2409 5169
3300 122 2261 5258
3300 123 2437 5426
3300 124 2410 4977
3300 125 2356 5169
3300 126 2491 5059
3300 127 2425 5418
3300 128 2373 5154
3300 129 2559 5086
3300 130 2480 5353
3300 131 2438 5155
3300 132 2159 5186
3300 133 2348 5180
3300 134 2422 5130
3300 135 2502 5043
3300 136 2589 5034
3300 137 2422 5211
3300 138 2526 5094
3600 0 2934 4438
3600 1 1919 5467
3600 2 3324 5121
3600 3 2406 5157
3600 4 1919 5467
3600 5 2005 5347
3600 6 1919 5467
3600 7 3324 5121
3600 8 3324 5121
3600 9 3324 5121
3600 10 3324 5121
3600 11 2406 5157
3600 12 2406 5157
3600 13 2406 5157
3600 14 1931 5399
3600 15 2186 5478
3600 16 1910 5458
3600 17 1869 5615
3600 18 1839 5527
3600 19 1910 5473
3600 20 1915 5478
3600 21 2129 5546
3600 22 1903 5464
3600 23 1930 5566
3600 24 1920 5468
3600 25 1935 5433
3600 26 1904 5549
3600 27 1908 5474
3600 28 1910 5664
3600 29 2087 5279
3600 30 1908 5584
3600 31 1746 5364
3600 32 1736 5474
3600 33 2005 5570
3600 34 1838 5455
3600 35 1823 5343
3600 36 1980 5605
3600 37 1944 5500
3600 38 1917 5412
3600 39 1850 5470
3600 40 1926 5439
3600 41 1932 5490
3600 42 1882 5318
3600 43 2080 5633
3600 44 1963 5411
3600 45 1782 5426
3600 46 1882 5427
3600 47 1932 5311
3600 48 1864 5467
3600 49 2005 5437
3600 50 1947 5413
3600 51 1906 5426
3600 52 1827 5431
3600 53 1813 5587
3600 54 2057 5410
3600 55 2008 5532
3600 56 1978 5485
3600 57 3305 5141
3600 58 3287 5107
3600 59 3314 5078
3600 60 3340 5294
3600 61 3513 5095
3600 62 3437 5137
3600 63 3426 5132
3600 64 3204 5164
3600 65 3301 5116
3600 66 3325 5282
3600 67 3208 5002
3600 68 3248 5019
3600 69 3284 5143
3600 70 3262 5111
3600 71 3387 5096
3600 72 3241 5183
3600 73 3329 5120
3600 74 3199 4928
3600 75 3298 5067
3600 76 3306 5132
3600 77 3284 5048
3600 78 3330 5144
3600 79 3324 5121
3600 80 3295 5088
3600 81 3300 5146
3600 82 3369 5123
3600 83 3368 5105
3600 84 3368 5114
3600 85 3293 5076
3600 86 3401 5077
3600 87 3291 5264
3600 88 3341 5402
3600 89 3313 5029
3600 90 3464 5071
3600 91 3447 5074
3600 92 3236 5079
3600 93 3442 5006
3600 94 3334 5032
3600 95 3290 4945
3600 96 3216 5088
3600 97 3453 5030
3600 98 3315 5140
3600 99 3277 4932
3600 100 3350 4880
3600 101 3354 5146
3600 102 3325 5129
3600 103 3382 4978
3600 104 2473 5337
3600 105 2582 5297
3600 106 2417 5217
3600 107 2512 5307
3600 108 2514 5368
3600 109 2261 5154
3600 110 2424 5072
3600 111 2618 5343
3600 112 2343 5190
3600 113 2438 5298
3600 114 2240 5221
3600 115 2245 5185
3600 116 2464 5471
3600 117 2395 5119
3600 118 2445 5278
3600 119 2534 5025
3600 120 2394 5163
3600 121 2409 5169
3600 122 2261 5258
3600 123 2437 5426
3600 124 2410 4977
3600 125 2356 5169
3600 126 2491 5059
3600 127 2379 5195
3600 128 2343 5168
3600 129 2559 5086
3600 130 2394 5314
3600 131 2485 5410
3600 132 2159 5324
3600 133 2348 5180
3600 134 2343 5196
3600 135 2263 5075
3600 136 2589 5034
3600 137 2257 5043
3600 138 2526 5094
3900 0 2934 4438
3900 1 1919 5467
3900 2 3324 5121
3900 3 2406 5157
3900 4 1919 5467
3900 5 2005 5347
3900 6 1919 5467
3900 7 3324 5121
3900 8 3324 5121
3900 9 3324 5121
3900 10 3324 5121
3900 11 2406 5157
3900 12 2406 5157
3900 13 2406 5157
3900 14 1927 5366
3900 15 2163 5497
3900 16 1910 5458
3900 17 1869 5615
3900 18 1839 5527
3900 19 1910 5473
3900 20 1915 5478
3900 21 2013 5583
3900 22 1903 5464
3900 23 1953 5443
3900 24 1920 5468
3900 25 1935 5433
3900 26 1904 5549
3900 27 1908 5474
3900 28 1910 5664
3900 29 2087 5279
3900 30 1908 5584
3900 31 1746 5364
3900 32 1902 5547
3900 33 2093 5520
3900 34 1838 5455
3900 35 1839 5464
3900 36 1954 5444
3900 37 1944 5500
3900 38 1917 5412
3900 39 1850 5470
3900 40 1926 5439
3900 41 1973 5527
3900 42 1882 5318
3900 43 2080 5633
3900 44 1963 5411
3900 45 1782 5426
3900 46 1882 5427
3900 47 2000 5314
3900 48 1864 5467
3900 49 2005 5437
3900 50 1947 5413
3900 51 1906 5426
3900 52 1827 5431
3900 53 1813 5587
3900 54 2057 5410
3900 55 2008 5532
3900 56 1978 5485
3900 57 3388 4921
3900 58 3287 5107
3900 59 3314 5078
3900 60 3324 5121
3900 61 3513 5095
3900 62 3437 5137
3900 63 3426 5132
3900 64 3204 5164
3900 65 3301 5116
3900 66 3202 5334
3900 67 3223 5114
3900 68 3323 5120
3900 69 3284 5143
3900 70 3241 5112
3900 71 3387 5096
3900 72 3342 5143
3900 73 3329 5120
3900 74 3199 4928
3900 75 3298 5067
3900 76 3408 5003
3900 77 3284 5048
3900 78 3330 5144
3900 79 3324 5121
3900 80 3295 5088
3900 81 3317 5062
3900 82 3369 5123
3900 83 3368 5105
3900 84 3368 5114
3900 85 3293 5076
3900 86 3296 5109
3900 87 3291 5264
3900 88 3297 5176
3900 89 3313 5029
3900 90 3464 5071
3900 91 3447 5074
3900 92 3139 5061
3900 93 3442 5006
3900 94 3334 5032
3900 95 3544 5078
3900 96 3216 5088
3900 97 3453 5030
3900 98 3315 5140
3900 99 3277 4932
3900 100 3350 4880
3900 101 3354 5146
3900 102 3325 5129
3900 103 3382 4978
3900 104 2409 5369
3900 105 2582 5297
3900 106 2417 5217
3900 107 2512 5307
3900 108 2514 5368
3900 109 2261 5154
3900 110 2424 5072
3900 111 2618 5343
3900 112 2343 5190
3900 113 2438 5298
3900 114 2240 5221
3900 115 2245 5185
3900 116 2378 5325
3900 117 2395 5119
3900 118 2436 5195
3900 119 2534 5025
3900 120 2394 5163
3900 121 2409 5169
3900 122 2261 5258
3900 123 2437 5426
3900 124 2445 4853
3900 125 2356 5169
3900 126 2491 5059
3900 127 2397 5207
3900 128 2339 4924
3900 129 2498 5299
3900 130 2394 5314
3900 131 2438 5155
3900 132 2302 4968
3900 133 2348 5180
3900 134 2422 5130
3900 135 2502 5043
3900 136 2589 5034
3900 137 2422 5211
3900 138 2526 5094
4200 0 2934 4438
4200 1 1919 5467
4200 2 3324 5121
4200 3 2406 5157
4200 4 1919 5467
4200 5 2005 5347
4200 6 1919 5467
4200 7 3324 5121
4200 8 3324 5121
4200 9 3324 5121
4200 10 3324 5121
4200 11 2406 5157
4200 12 2406 5157
4200 13 2406 5157
4200 14 1855 5493
4200 15 2163 5497
4200 16 1910 5458
4200 17 1869 5615
4200 18 1839 5527
4200 19 1910 5473
4200 20 1949 5458
4200 21 2013 5583
4200 22 1903 5464
4200 23 1930 5566
4200 24 1920 5468
4200 25 1935 5433
4200 26 1954 5482
4200 27 1908 5474
4200 28 1910 5664
4200 29 2087 5279
4200 30 1908 5584
4200 31 1746 5364
4200 32 1736 5474
4200 33 2147 5605
4200 34 1838 5455
4200 35 1839 5464
4200 36 1954 5444
4200 37 1944 5500
4200 38 1917 5412
4200 39 1850 5470
4200 40 1926 5439
4200 41 1932 5490
4200 42 1882 5318
4200 43 2080 5633
4200 44 1963 5411
4200 45 1782 5426
4200 46 1882 5427
4200 47 1926 5309
4200 48 1864 5467
4200 49 2004 5422
4200 50 1947 5413
4200 51 1947 5332
4200 52 1827 5431
4200 53 1813 5587
4200 54 2057 5410
4200 55 2008 5532
4200 56 1978 5485
4200 57 3326 5125
4200 58 3243 5144
4200 59 3314 5078
4200 60 3324 5121
4200 61 3513 5095
4200 62 3437 5137
4200 63 3248 5377
4200 64 3302 5095
4200 65 3301 5116
4200 66 3202 5334
4200 67 3223 5114
4200 68 3323 5120
4200 69 3284 5143
4200 70 3262 5111
4200 71 3470 4974
4200 72 3241 5183
4200 73 3329 5120
4200 74 3199 4928
4200 75 3298 5067
4200 76 3306 5132
4200 77 3284 5048
4200 78 3330 5144
4200 79 3324 5121
4200 80 3295 5088
4200 81 3438 5379
4200 82 3547 5201
4200 83 3368 5105
4200 84 3368 5114
4200 85 3293 5076
4200 86 3366 5137
4200 87 3341 5309
4200 88 3276 5117
4200 89 3313 5029
4200 90 3464 5071
4200 91 3447 5074
4200 92 3139 5061
4200 93 3442 5006
4200 94 3334 5032
4200 95 3494 5135
4200 96 3216 5088
4200 97 3453 5030
4200 98 3315 5140
4200 99 3277 4932
4200 100 3372 5081
4200 101 3449 5203
4200 102 3325 5129
4200 103 3382 4978
4200 104 2409 5369
4200 105 2582 5297
4200 106 2417 5217
4200 107 2512 5307
4200 108 2514 5368
4200 109 2261 5154
4200 110 2424 5072
4200 111 2618 5343
4200 112 2343 5190
4200 113 2438 5298
4200 114 2240 5221
4200 115 2245 5185
4200 116 2378 5325
4200 117 2395 5119
4200 118 2445 5278
4200 119 2534 5025
4200 120 2394 5163
4200 121 2356 5167
4200 122 2261 5258
4200 123 2437 5426
4200 124 2410 4977
4200 125 2356 5169
4200 126 2491 5059
4200 127 2379 5195
4200 128 2343 5168
4200 129 2559 5086
4200 130 2394 5314
4200 131 2438 5155
4200 132 2159 5186
4200 133 2388 4956
4200 134 2422 5130
4200 135 2502 5043
4200 136 2589 5034
4200 137 2422 5211
4200 138 2526 5094
4500 0 2934 4438
4500 1 1919 5467
4500 2 3324 5121
4500 3 2406 5157
4500 4 1919 5467
4500 5 2005 5347
4500 6 1919 5467
4500 7 3324 5121
4500 8 3324 5121
4500 9 3324 5121
4500 10 3324 5121
4500 11 2406 5157
4500 12 2406 5157
4500 13 2406 5157
4500 14 1927 5366
4500 15 2163 5497
4500 16 1910 5458
4500 17 1869 5615
4500 18 1839 5527
4500 19 1910 5473
4500 20 1916 5447
4500 21 2013 5583
4500 22 1903 5464
4500 23 1930 5566
4500 24 1920 5468
4500 25 1941 5380
4500 26 1904 5549
4500 27 1908 5474
4500 28 1910 5664
4500 29 2087 5279
4500 30 1908 5584
4500 31 1746 5364
4500 32 1736 5474
4500 33 2093 5520
4500 34 1838 5455
4500 35 1844 5312
4500 36 1954 5444
4500 37 1944 5500
4500 38 1917 5412
4500 39 1850 5470
4500 40 1926 5439
4500 41 1932 5490
4500 42 1882 5318
4500 43 2080 5633
4500 44 1963 5411
4500 45 1782 5426
4500 46 1882 5427
4500 47 1926 5309
4500 48 1864 5467
4500 49 2005 5437
4500 50 1947 5413
4500 51 1906 5426
4500 52 1827 5431
4500 53 1756 5428
4500 54 2057 5410
4500 55 2008 5532
4500 56 1978 5485
4500 57 3326 5125
4500 58 3287 5107
4500 59 3314 5078
4500 60 3324 5121
4500 61 3513 5095
4500 62 3437 5137
4500 63 3426 5132
4500 64 3204 5164
4500 65 3301 5116
4500 66 3202 5332
4500 67 3223 5114
4500 68 3323 5120
4500 69 3404 5303
4500 70 3262 5111
4500 71 3387 5096
4500 72 3241 5183
4500 73 3333 5009
4500 74 3199 4928
4500 75 3298 5067
4500 76 3306 5132
4500 77 3284 5048
4500 78 3330 5144
4500 79 3324 5121
4500 80 3295 5088
4500 81 3300 5146
4500 82 3369 5123
4500 83 3450 5228
4500 84 3368 5114
4500 85 3293 5076
4500 86 3366 5137
4500 87 3291 5264
4500 88 3276 5117
4500 89 3313 5029
4500 90 3464 5071
4500 91 3447 5074
4500 92 3139 5061
4500 93 3442 5006
4500 94 3334 5032
4500 95 3290 4945
4500 96 3216 5088
4500 97 3453 5030
4500 98 3315 5140
4500 99 3277 4932
4500 100 3350 4880
4500 101 3354 5146
4500 102 3392 4982
4500 103 3270 4907
4500 104 2409 5369
4500 105 2582 5297
4500 106 2417 5217
4500 107 2512 5307
4500 108 2514 5368
4500 109 2261 5154
4500 110 2424 5072
4500 111 2618 5343
4500 112 2322 5020
4500 113 2438 5298
4500 114 2240 5221
4500 115 2245 5185
4500 116 2378 5325
4500 117 2395 5119
4500 118 2445 5278
4500 119 2534 5025
4500 120 2394 5163
4500 121 2409 5169
4500 122 2261 5258
4500 123 2437 5426
4500 124 2410 4977
4500 125 2356 5169
4500 126 2491 5059
4500 127 2379 5195
4500 128 2343 5168
4500 129 2559 5086
4500 130 2394 5314
4500 131 2438 5155
4500 132 2159 5186
4500 133 2348 5180
4500 134 2557 5332
4500 135 2502 5043
4500 136 2589 5034
4500 137 2422 5211
4500 138 2526 5094
4800 0 2934 4438
4800 1 1919 5467
4800 2 3324 5121
4800 3 2406 5157
4800 4 1919 5467
4800 5 2005 5347
4800 6 1919 5467
4800 7 3324 5121
4800 8 3324 5121
4800 9 3324 5121
4800 10 3324 5121
4800 11 2406 5157
4800 12 2406 5157
4800 13 2406 5157
4800 14 1927 5366
4800 15 2181 5511
4800 16 1910 5458
4800 17 1869 5615
4800 18 1839 5527
4800 19 1910 5473
4800 20 1915 5478
4800 21 2013 5583
4800 22 2076 5332
4800 23 1930 5566
4800 24 1920 5468
4800 25 1935 5433
4800 26 1904 5549
4800 27 1991 5366
4800 28 1910 5664
4800 29 2087 5279
4800 30 1908 5584
4800 31 1746 5364
4800 32 1736 5474
4800 33 2093 5520
4800 34 1877 5377
4800 35 1839 5464
4800 36 1954 5444
4800 37 1944 5500
4800 38 1917 5412
4800 39 1850 5470
4800 40 1926 5439
4800 41 1932 5490
4800 42 1882 5318
4800 43 2080 5633
4800 44 1963 5411
4800 45 1782 5426
4800 46 1882 5427
4800 47 1926 5309
4800 48 1960 5317
4800 49 2005 5437
4800 50 1947 5413
4800 51 1906 5426
4800 52 1827 5431
4800 53 1813 5587
4800 54 2057 5410
4800 55 2008 5532
4800 56 1978 5485
4800 57 3326 5125
4800 58 3287 5107
4800 59 3314 5078
4800 60 3324 5121
4800 61 3513 5095
4800 62 3440 5156
4800 63 3426 5132
4800 64 3204 5164
4800 65 3301 5116
4800 66 3202 5334
4800 67 3223 5114
4800 68 3323 5120
4800 69 3284 5143
4800 70 3262 5111
4800 71 3387 5096
4800 72 3241 5183
4800 73 3329 5120
4800 74 3199 4928
4800 75 3298 5067
4800 76 3306 5132
4800 77 3284 5048
4800 78 3500 5088
4800 79 3324 5121
4800 80 3295 5088
4800 81 3300 5146
4800 82 3369 5123
4800 83 3368 5105
4800 84 3368 5114
4800 85 3293 5076
4800 86 3366 5137
4800 87 3291 5264
4800 88 3276 5117
4800 89 3313 5029
4800 90 3464 5071
4800 91 3447 5074
4800 92 3139 5061
4800 93 3442 5006
4800 94 3396 5160
4800 95 3290 4945
4800 96 3216 5088
4800 97 3453 5030
4800 98 3315 5140
4800 99 3277 4932
4800 100 3350 4880
4800 101 3534 5115
4800 102 3325 5129
4800 103 3382 4978
4800 104 2409 5369
4800 105 2582 5297
4800 106 2422 5287
4800 107 2512 5307
4800 108 2514 5368
4800 109 2261 5154
4800 110 2424 5072
4800 111 2618 5343
4800 112 2343 5190
4800 113 2438 5298
4800 114 2240 5221
4800 115 2245 5185
4800 116 2378 5325
4800 117 2458 4971
4800 118 2445 5278
4800 119 2631 4967
4800 120 2394 5163
4800 121 2409 5169
4800 122 2261 5258
4800 123 2437 5426
4800 124 2410 4977
4800 125 2356 5169
4800 126 2491 5059
4800 127 2379 5195
4800 128 2343 5168
4800 129 2559 5086
4800 130 2394 5314
4800 131 2438 5155
4800 132 2159 5186
4800 133 2372 5120
4800 134 2422 5130
4800 135 2502 5043
4800 136 2589 5034
4800 137 2422 5211
4800 138 2526 5094
5100 0 2934 4438
5100 1 1919 5467
5100 2 3324 5121
5100 3 2406 5157
5100 4 1919 5467
5100 5 2005 5347
5100 6 1919 5467
5100 7 3324 5121
5100 8 3324 5121
5100 9 3324 5121
5100 10 3324 5121
5100 11 2406 5157
5100 12 2406 5157
5100 13 2406 5157
5100 14 1896 5510
5100 15 2163 5497
5100 16 1910 5458
5100 17 1869 5615
5100 18 1839 5527
5100 19 1910 5473
5100 20 1995 5722
5100 21 2013 5583
5100 22 1903 5464
5100 23 1930 5566
5100 24 1920 5468
5100 25 1935 5433
5100 26 1904 5549
5100 27 1908 5474
5100 28 1910 5664
5100 29 2087 5279
5100 30 1937 5609
5100 31 1746 5364
5100 32 1736 5474
5100 33 2093 5520
5100 34 1838 5455
5100 35 1839 5464
5100 36 1954 5444
5100 37 2060 5563
5100 38 1917 5412
5100 39 1850 5470
5100 40 1926 5439
5100 41 1932 5490
5100 42 1882 5318
5100 43 2080 5633
5100 44 1887 5456
5100 45 1782 5426
5100 46 1882 5427
5100 47 1919 5419
5100 48 1864 5467
5100 49 2015 5347
5100 50 1947 5413
5100 51 1906 5426
5100 52 1827 5431
5100 53 1813 5587
5100 54 2057 5410
5100 55 2008 5532
5100 56 1978 5485
5100 57 3326 5125
5100 58 3287 5107
5100 59 3368 5078
5100 60 3324 5121
5100 61 3439 5031
5100 62 3437 5137
5100 63 3426 5132
5100 64 3204 5164
5100 65 3301 5116
5100 66 3202 5334
5100 67 3083 5092
5100 68 3323 5120
5100 69 3278 5163
5100 70 3144 5083
5100 71 3476 5129
5100 72 3241 5183
5100 73 3329 5120
5100 74 3199 4928
5100 75 3298 5067
5100 76 3306 5132
5100 77 3284 5048
5100 78 3330 5144
5100 79 3324 5121
5100 80 3295 5088
5100 81 3300 5146
5100 82 3369 5123
5100 83 3368 5105
5100 84 3368 5114
5100 85 3293 5076
5100 86 3366 5137
5100 87 3291 5264
5100 88 3276 5117
5100 89 3313 5029
5100 90 3464 5071
5100 91 3447 5074
5100 92 3139 5061
5100 93 3442 5006
5100 94 3334 5032
5100 95 3290 4945
5100 96 3216 5088
5100 97 3463 5208
5100 98 3381 5149
5100 99 3423 4880
5100 100 3350 4880
5100 101 3318 4931
5100 102 3325 5129
5100 103 3382 4978
5100 104 2409 5369
5100 105 2582 5297
5100 106 2327 5089
5100 107 2512 5307
5100 108 2514 5368
5100 109 2185 5145
5100 110 2424 5072
5100 111 2591 5341
5100 112 2297 5199
5100 113 2438 5298
5100 114 2281 5038
5100 115 2245 5185
5100 116 2378 5325
5100 117 2395 5119
5100 118 2445 5278
5100 119 2534 5025
5100 120 2394 5163
5100 121 2409 5169
5100 122 2261 5258
5100 123 2437 5426
5100 124 2410 4977
5100 125 2356 5169
5100 126 2491 5059
5100 127 2546 5274
5100 128 2241 5113
5100 129 2559 5086
5100 130 2394 5314
5100 131 2438 5155
5100 132 2159 5186
5100 133 2348 5180
5100 134 2422 5130
5100 135 2502 5043
5100 136 2589 5034
5100 137 2422 5211
5100 138 2526 5094
5400 0 2934 4438
5400 1 1919 5467
5400 2 3324 5121
5400 3 2406 5157
5400 4 1919 5467
5400 5 2005 5347
5400 6 1919 5467
5400 7 3324 5121
5400 8 3324 5121
5400 9 3324 5121
5400 10 3324 5121
5400 11 2406 5157
5400 12 2406 5157
5400 13 2406 5157
5400 14 1927 5366
5400 15 2163 5497
5400 16 1855 5481
5400 17 1869 5615
5400 18 1839 5527
5400 19 2019 5442
5400 20 1915 5478
5400 21 2013 5583
5400 22 1903 5464
5400 23 1930 5566
5400 24 1920 5468
5400 25 2093 5319
5400 26 1904 5549
5400 27 1908 5474
5400 28 1910 5664
5400 29 2087 5279
5400 30 1908 5584
5400 31 1746 5364
5400 32 1822 5513
5400 33 2093 5520
5400 34 1838 5455
5400 35 1837 5464
5400 36 1954 5444
5400 37 1944 5500
5400 38 1917 5412
5400 39 1850 5470
5400 40 1926 5439
5400 41 1932 5490
5400 42 1882 5318
5400 43 2039 5628
5400 44 1963 5411
5400 45 1667 5436
5400 46 1882 5427
5400 47 1926 5309
5400 48 1864 5467
5400 49 2005 5437
5400 50 1947 5413
5400 51 1906 5426
5400 52 1827 5431
5400 53 1813 5587
5400 54 2030 5407
5400 55 2008 5532
5400 56 1978 5485
5400 57 3326 5125
5400 58 3287 5107
5400 59 3314 5078
5400 60 3324 5121
5400 61 3513 5095
5400 62 3437 5137
5400 63 3486 5075
5400 64 3204 5164
5400 65 3301 5116
5400 66 3202 5334
5400 67 3223 5114
5400 68 3382 4886
5400 69 3284 5143
5400 70 3425 5200
5400 71 3387 5096
5400 72 3241 5183
5400 73 3329 5120
5400 74 3234 4845
5400 75 3298 5067
5400 76 3306 5132
5400 77 3225 5165
5400 78 3330 5144
5400 79 3324 5121
5400 80 3295 5088
5400 81 3300 5146
5400 82 3369 5123
5400 83 3368 5105
5400 84 3368 5114
5400 85 3297 5090
5400 86 3366 5137
5400 87 3291 5264
5400 88 3276 5117
5400 89 3313 5029
5400 90 3464 5071
5400 91 3447 5074
5400 92 3360 5089
5400 93 3442 5006
5400 94 3334 5032
5400 95 3290 4945
5400 96 3216 5088
5400 97 3453 5030
5400 98 3315 5140
5400 99 3277 4932
5400 100 3350 4880
5400 101 3354 5146
5400 102 3325 5129
5400 103 3393 4990
5400 104 2409 5369
5400 105 2582 5297
5400 106 2417 5217
5400 107 2512 5307
5400 108 2251 5307
5400 109 2261 5154
5400 110 2424 5072
5400 111 2618 5343
5400 112 2343 5190
5400 113 2438 5298
5400 114 2240 5221
5400 115 2245 5185
5400 116 2378 5325
5400 117 2395 5119
5400 118 2445 5278
5400 119 2534 5025
5400 120 2575 4978
5400 121 2409 5169
5400 122 2261 5258
5400 123 2437 5426
5400 124 2410 4977
5400 125 2356 5169
5400 126 2491 5059
5400 127 2379 5195
5400 128 2343 5168
5400 129 2559 5086
5400 130 2394 5314
5400 131 2461 5102
5400 132 2159 5186
5400 133 2348 5180
5400 134 2422 5130
5400 135 2502 5043
5400 136 2589 5034
5400 137 2422 5211
5400 138 2526 5094
5700 0 2934 4438
5700 1 1919 5467
5700 2 3324 5121
5700 3 2406 5157
5700 4 1919 5467
5700 5 2005 5347
5700 6 1919 5467
5700 7 3324 5121
5700 8 3324 5121
5700 9 3324 5121
5700 10 3324 5121
5700 11 2406 5157
5700 12 2406 5157
5700 13 2406 5157
5700 14 1927 5366
5700 15 2163 5497
5700 16 1910 5458
5700 17 1869 5615
5700 18 1839 5527
5700 19 1910 5473
5700 20 1915 5478
5700 21 2013 5583
5700 22 1903 5464
5700 23 1930 5566
5700 24 1920 5468
5700 25 2076 5454
5700 26 1904 5549
5700 27 1908 5474
5700 28 1910 5664
5700 29 2087 5279
5700 30 1908 5584
5700 31 1746 5364
5700 32 1736 5474
5700 33 2093 5520
5700 34 1838 5455
5700 35 1839 5464
5700 36 1954 5444
5700 37 1944 5500
5700 38 1917 5412
5700 39 1850 5470
5700 40 1926 5439
5700 41 1932 5490
5700 42 2081 5303
5700 43 2080 5633
5700 44 1997 5456
5700 45 1782 5426
5700 46 1882 5427
5700 47 1926 5309
5700 48 1883 5465
5700 49 2005 5437
5700 50 1947 5413
5700 51 1906 5426
5700 52 1765 5415
5700 53 1813 5587
5700 54 2057 5410
5700 55 1880 5412
5700 56 1978 5485
5700 57 3480 4997
5700 58 3287 5107
5700 59 3314 5078
5700 60 3324 5121
5700 61 3513 5095
5700 62 3437 5137
5700 63 3426 5132
5700 64 3204 5164
5700 65 3350 5123
5700 66 3202 5334
5700 67 3223 5114
5700 68 3323 5120
5700 69 3284 5143
5700 70 3262 5111
5700 71 3387 5096
5700 72 3180 5249
5700 73 3404 5058
5700 74 3199 4928
5700 75 3298 5067
5700 76 3306 5132
5700 77 3223 5291
5700 78 3330 5144
5700 79 3487 5181
5700 80 3295 5088
5700 81 3300 5146
5700 82 3369 5123
5700 83 3368 5105
5700 84 3368 5114
5700 85 3293 5076
5700 86 3366 5137
5700 87 3291 5264
5700 88 3276 5117
5700 89 3313 5029
5700 90 3398 5081
5700 91 3447 5074
5700 92 3070 5034
5700 93 3442 5006
5700 94 3188 5042
5700 95 3290 4945
5700 96 3216 5088
5700 97 3453 5030
5700 98 3315 5140
5700 99 3277 4932
5700 100 3350 4880
5700 101 3355 5144
5700 102 3325 5129
5700 103 3382 4978
5700 104 2409 5369
5700 105 2582 5297
5700 106 2444 5331
5700 107 2512 5307
5700 108 2514 5368
5700 109 2261 5154
5700 110 2395 5052
5700 111 2618 5343
5700 112 2343 5190
5700 113 2438 5298
5700 114 2240 5221
5700 115 2245 5185
5700 116 2378 5325
5700 117 2395 5119
5700 118 2445 5278
5700 119 2534 5025
5700 120 2626 5012
5700 121 2409 5169
5700 122 2261 5258
5700 123 2437 5426
5700 124 2447 5230
5700 125 2138 5182
5700 126 2491 5059
5700 127 2523 4951
5700 128 2393 5299
5700 129 2559 5086
5700 130 2394 5314
5700 131 2438 5155
5700 132 2159 5186
5700 133 2361 4864
5700 134 2422 5130
5700 135 2502 5043
5700 136 2589 5034
5700 137 2435 5221
5700 138 2513 5231
6000 0 2934 4438
6000 1 1919 5467
6000 2 3324 5121
6000 3 2406 5157
6000 4 1919 5467
6000 5 2005 5347
6000 6 1919 5467
6000 7 3324 5121
6000 8 3324 5121
6000 9 3324 5121
6000 10 3324 5121
6000 11 2406 5157
6000 12 2406 5157
6000 13 2406 5157
6000 14 1927 5366
6000 15 2163 5497
6000 16 1910 5458
6000 17 1869 5615
6000 18 1839 5527
6000 19 1910 5473
6000 20 1915 5478
6000 21 2013 5583
6000 22 1903 5464
6000 23 1930 5566
6000 24 1920 5468
6000 25 1935 5433
6000 26 1904 5549
6000 27 1908 5474
6000 28 1910 5664
6000 29 2087 5279
6000 30 1908 5584
6000 31 1699 5365
6000 32 1736 5474
6000 33 1666 5462
6000 34 2097 5389
6000 35 1839 5464
6000 36 1954 5444
6000 37 1944 5500
6000 38 1917 5412
6000 39 1679 5520
6000 40 1926 5439
6000 41 1932 5490
6000 42 1882 5318
6000 43 2080 5633
6000 44 1963 5411
6000 45 1782 5426
6000 46 1882 5427
6000 47 1926 5309
6000 48 1864 5467
6000 49 2005 5437
6000 50 1947 5413
6000 51 1959 5408
6000 52 1827 5431
6000 53 1813 5587
6000 54 2057 5410
6000 55 2008 5532
6000 56 1978 5485
6000 57 3326 5125
6000 58 3287 5107
6000 59 3314 5078
6000 60 3327 5129
6000 61 3562 4975
6000 62 3438 5087
6000 63 3426 5132
6000 64 3204 5164
6000 65 3301 5116
6000 66 3202 5334
6000 67 3223 5114
6000 68 3323 5120
6000 69 3284 5143
6000 70 3262 5111
6000 71 3387 5096
6000 72 3241 5183
6000 73 3329 5120
6000 74 3199 4928
6000 75 3298 5067
6000 76 3306 5132
6000 77 3284 5048
6000 78 3330 5144
6000 79 3324 5121
6000 80 3295 5088
6000 81 3300 5146
6000 82 3369 5123
6000 83 3298 5191
6000 84 3368 5114
6000 85 3293 5076
6000 86 3452 5074
6000 87 3291 5264
6000 88 3197 5148
6000 89 3313 5029
6000 90 3464 5071
6000 91 3447 5074
6000 92 3139 5061
6000 93 3442 5006
6000 94 3297 5331
6000 95 3290 4945
6000 96 3216 5088
6000 97 3453 5030
6000 98 3315 5140
6000 99 3277 4932
6000 100 3350 4880
6000 101 3354 5146
6000 102 3325 5129
6000 103 3558 5013
6000 104 2409 5369
6000 105 2582 5297
6000 106 2730 5181
6000 107 2512 5307
6000 108 2514 5368
6000 109 2261 5154
6000 110 2424 5072
6000 111 2618 5343
6000 112 2343 5190
6000 113 2435 5320
6000 114 2240 5221
6000 115 2245 5185
6000 116 2207 5315
6000 117 2395 5119
6000 118 2445 5278
6000 119 2534 5025
6000 120 2394 5163
6000 121 2409 5169
6000 122 2261 5258
6000 123 2437 5426
6000 124 2410 4977
6000 125 2356 5169
6000 126 2491 5059
6000 127 2379 5195
6000 128 2343 5168
6000 129 2559 5086
6000 130 2394 5314
6000 131 2438 5155
6000 132 2159 5186
6000 133 2348 5180
6000 134 2422 5130
6000 135 2502 5043
6000 136 2513 5097
6000 137 2422 5211
6000 138 2526 5094
6300 0 2934 4438
6300 1 1919 5467
6300 2 3324 5121
6300 3 2406 5157
6300 4 1919 5467
6300 5 2005 5347
6300 6 1919 5467
6300 7 3324 5121
6300 8 3324 5121
6300 9 3324 5121
6300 10 3324 5121
6300 11 2406 5157
6300 12 2406 5157
6300 13 2406 5157
6300 14 1927 5366
6300 15 2163 5497
6300 16 1910 5458
6300 17 1869 5615
6300 18 1839 5527
6300 19 1910 5473
6300 20 1915 5478
6300 21 2013 5583
6300 22 1903 5464
6300 23 1930 5566
6300 24 1920 5468
6300 25 1935 5433
6300 26 1904 5549
6300 27 1908 5474
6300 28 1910 5664
6300 29 2087 5279
6300 30 1908 5584
6300 31 1746 5364
6300 32 1736 5474
6300 33 2093 5520
6300 34 1838 5455
6300 35 1839 5464
6300 36 2113 5345
6300 37 1944 5500
6300 38 1917 5412
6300 39 1850 5470
6300 40 1967 5534
6300 41 1932 5490
6300 42 1882 5318
6300 43 2080 5633
6300 44 1963 5411
6300 45 1782 5426
6300 46 1882 5427
6300 47 1926 5309
6300 48 1857 5465
6300 49 2005 5437
6300 50 1947 5413
6300 51 1906 5426
6300 52 1827 5431
6300 53 1813 5587
6300 54 2057 5410
6300 55 2008 5532
6300 56 1978 5485
6300 57 3326 5125
6300 58 3287 5107
6300 59 3314 5078
6300 60 3308 4994
6300 61 3513 5095
6300 62 3437 5137
6300 63 3411 5179
6300 64 3204 5164
6300 65 3301 5116
6300 66 3202 5334
6300 67 3223 5114
6300 68 3323 5120
6300 69 3407 5322
6300 70 3262 5111
6300 71 3198 5124
6300 72 3241 5183
6300 73 3329 5120
6300 74 3199 4928
6300 75 3298 5067
6300 76 3306 5132
6300 77 3284 5048
6300 78 3433 5042
6300 79 3324 5121
6300 80 3295 5088
6300 81 3300 5146
6300 82 3411 5215
6300 83 3368 5105
6300 84 3368 5114
6300 85 3293 5076
6300 86 3366 5137
6300 87 3291 5264
6300 88 3276 5117
6300 89 3204 5083
6300 90 3464 5071
6300 91 3447 5074
6300 92 3139 5061
6300 93 3442 5006
6300 94 3334 5032
6300 95 3290 4945
6300 96 3216 5088
6300 97 3453 5030
6300 98 3315 5140
6300 99 3277 4932
6300 100 3357 4873
6300 101 3354 5146
6300 102 3325 5129
6300 103 3382 4978
6300 104 2409 5369
6300 105 2582 5297
6300 106 2200 5075
6300 107 2512 5307
6300 108 2514 5368
6300 109 2261 5154
6300 110 2424 5072
6300 111 2618 5343
6300 112 2343 5190
6300 113 2446 5388
6300 114 2240 5221
6300 115 2245 5185
6300 116 2378 5325
6300 117 2395 5119
6300 118 2445 5278
6300 119 2534 5025
6300 120 2511 4929
6300 121 2409 5169
6300 122 2431 5208
6300 123 2437 5426
6300 124 2341 4975
6300 125 2356 5169
6300 126 2491 5059
6300 127 2379 5195
6300 128 2547 5103
6300 129 2559 5086
6300 130 2394 5314
6300 131 2438 5155
6300 132 2159 5186
6300 133 2348 5180
6300 134 2422 5130
6300 135 2532 5131
6300 136 2589 5034
6300 137 2422 5211
6300 138 2597 5126
6600 0 2934 4438
6600 1 1919 5467
6600 2 3324 5121
6600 3 2406 5157
6600 4 1919 5467
6600 5 2005 5347
6600 6 1919 5467
6600 7 3324 5121
6600 8 3324 5121
6600 9 3324 5121
6600 10 3324 5121
6600 11 2406 5157
6600 12 2406 5157
6600 13 2406 5157
6600 14 1927 5366
6600 15 2143 5529
6600 16 1869 5297
6600 17 1869 5615
6600 18 1839 5527
6600 19 1910 5473
6600 20 1915 5478
6600 21 2013 5583
6600 22 1903 5464
6600 23 1930 5566
6600 24 1920 5468
6600 25 1935 5433
6600 26 1904 5549
6600 27 1844 5549
6600 28 1910 5664
6600 29 2087 5279
6600 30 1908 5584
6600 31 1746 5364
6600 32 1736 5474
6600 33 1982 5476
6600 34 1838 5455
6600 35 1839 5464
6600 36 1954 5444
6600 37 1944 5500
6600 38 1917 5412
6600 39 2107 5450
6600 40 1926 5439
6600 41 1932 5490
6600 42 1748 5346
6600 43 2080 5633
6600 44 1963 5411
6600 45 1759 5445
6600 46 1882 5427
6600 47 1926 5309
6600 48 1864 5467
6600 49 2005 5437
6600 50 1947 5413
6600 51 1906 5426
6600 52 1827 5431
6600 53 1813 5587
6600 54 2057 5410
6600 55 2008 5532
6600 56 1978 5485
6600 57 3326 5125
6600 58 3287 5107
6600 59 3314 5078
6600 60 3324 5121
6600 61 3513 5095
6600 62 3452 5181
6600 63 3426 5132
6600 64 3183 5121
6600 65 3301 5116
6600 66 3202 5334
6600 67 3223 5114
6600 68 3323 5120
6600 69 3284 5143
6600 70 3262 5111
6600 71 3387 5096
6600 72 3241 5183
6600 73 3329 5120
6600 74 3199 4928
6600 75 3298 5067
6600 76 3306 5132
6600 77 3284 5048
6600 78 3330 5144
6600 79 3133 5093
6600 80 3295 5088
6600 81 3254 5186
6600 82 3369 5123
6600 83 3368 5105
6600 84 3368 5114
6600 85 3293 5076
6600 86 3366 5137
6600 87 3291 5264
6600 88 3276 5117
6600 89 3313 5029
6600 90 3464 5071
6600 91 3447 5074
6600 92 3139 5061
6600 93 3592 5104
6600 94 3334 5032
6600 95 3220 5067
6600 96 3216 5088
6600 97 3453 5030
6600 98 3188 4972
6600 99 3277 4932
6600 100 3350 4880
6600 101 3354 5146
6600 102 3325 5129
6600 103 3382 4978
6600 104 2409 5369
6600 105 2582 5297
6600 106 2417 5217
6600 107 2473 4944
6600 108 2418 5404
6600 109 2261 5154
6600 110 2424 5072
6600 111 2618 5343
6600 112 2343 5190
6600 113 2438 5298
6600 114 2227 5253
6600 115 2245 5185
6600 116 2605 5362
6600 117 2395 5119
6600 118 2445 5278
6600 119 2534 5025
6600 120 2394 5163
6600 121 2347 5001
6600 122 2261 5258
6600 123 2437 5426
6600 124 2410 4977
6600 125 2356 5169
6600 126 2491 5059
6600 127 2379 5195
6600 128 2343 5168
6600 129 2470 5009
6600 130 2394 5314
6600 131 2438 5155
6600 132 2159 5186
6600 133 2348 5180
6600 134 2422 5130
6600 135 2502 5043
6600 136 2288 4947
6600 137 2422 5211
6600 138 2526 5094
6900 0 2934 4438
6900 1 1919 5467
6900 2 3324 5121
6900 3 2406 5157
6900 4 1919 5467
6900 5 2005 5347
6900 6 1919 5467
6900 7 3324 5121
6900 8 3324 5121
6900 9 3324 5121
6900 10 3324 5121
6900 11 2406 5157
6900 12 2406 5157
6900 13 2406 5157
6900 14 1927 5366
6900 15 2163 5497
6900 16 1910 5458
6900 17 1869 5615
6900 18 1839 5527
6900 19 1910 5473
6900 20 1915 5478
6900 21 2013 5583
6900 22 1903 5464
6900 23 1930 5566
6900 24 1920 5468
6900 25 1935 5433
6900 26 1904 5549
6900 27 1908 5474
6900 28 1910 5664
6900 29 2087 5279
6900 30 1908 5584
6900 31 1746 5364
6900 32 1736 5474
6900 33 2093 5520
6900 34 1838 5455
6900 35 1839 5464
6900 36 1954 5444
6900 37 1944 5500
6900 38 1917 5412
6900 39 1850 5470
6900 40 1926 5439
6900 41 1932 5490
6900 42 1882 5318
6900 43 1989 5469
6900 44 1963 5411
6900 45 1782 5426
6900 46 1882 5427
6900 47 1926 5309
6900 48 1864 5467
6900 49 2005 5437
6900 50 1947 5413
6900 51 1906 5426
6900 52 1827 5431
6900 53 1813 5587
6900 54 2057 5410
6900 55 1988 5515
6900 56 1978 5485
6900 57 3326 5125
6900 58 3300 5132
6900 59 3314 5078
6900 60 3324 5121
6900 61 3513 5095
6900 62 3437 5137
6900 63 3426 5132
6900 64 3204 5164
6900 65 3301 5116
6900 66 3202 5334
6900 67 3223 5114
6900 68 3517 5239
6900 69 3284 5143
6900 70 3262 5111
6900 71 3387 5096
6900 72 3241 5183
6900 73 3329 5120
6900 74 3199 4928
6900 75 3298 5067
6900 76 3280 4834
6900 77 3284 5048
6900 78 3330 5144
6900 79 3324 5121
6900 80 3295 5088
6900 81 3300 5146
6900 82 3369 5123
6900 83 3368 5105
6900 84 3368 5114
6900 85 3293 5076
6900 86 3366 5137
6900 87 3454 5274
6900 88 3276 5117
6900 89 3313 5029
6900 90 3312 5360
6900 91 3447 5074
6900 92 3139 5061
6900 93 3442 5006
6900 94 3334 5032
6900 95 3290 4945
6900 96 3216 5088
6900 97 3453 5030
6900 98 3315 5140
6900 99 3277 4932
6900 100 3350 4880
6900 101 3354 5146
6900 102 3325 5129
6900 103 3334 4970
6900 104 2409 5369
6900 105 2582 5297
6900 106 2417 5217
6900 107 2512 5307
6900 108 2514 5368
6900 109 2261 5154
6900 110 2424 5072
6900 111 2618 5343
6900 112 2343 5190
6900 113 2438 5298
6900 114 2240 5221
6900 115 2245 5185
6900 116 2296 5052
6900 117 2395 5119
6900 118 2445 5278
6900 119 2534 5025
6900 120 2394 5163
6900 121 2409 5169
6900 122 2261 5258
6900 123 2437 5426
6900 124 2410 4977
6900 125 2248 5140
6900 126 2491 5059
6900 127 2387 5210
6900 128 2343 5168
6900 129 2559 5086
6900 130 2394 5314
6900 131 2438 5155
6900 132 2159 5186
6900 133 2348 5180
6900 134 2422 5130
6900 135 2502 5043
6900 136 2589 5034
6900 137 2422 5211
6900 138 2670 5037
7200 0 2934 4438
7200 1 1919 5467
7200 2 3324 5121
7200 3 2406 5157
7200 4 1919 5467
7200 5 2005 5347
7200 6 1919 5467
7200 7 3324 5121
7200 8 3324 5121
7200 9 3324 5121
7200 10 3324 5121
7200 11 2406 5157
7200 12 2406 5157
7200 13 2406 5157
7200 14 1927 5366
7200 15 2156 5442
7200 16 1832 5426
7200 17 1869 5615
7200 18 1911 5441
7200 19 1910 5473
7200 20 1915 5478
7200 21 2013 5583
7200 22 1903 5464
7200 23 2112 5609
7200 24 1920 5468
7200 25 1935 5433
7200 26 1904 5549
7200 27 1907 5472
7200 28 2028 5408
7200 29 2087 5279
7200 30 1908 5584
7200 31 1746 5364
7200 32 1736 5474
7200 33 2093 5520
7200 34 1838 5455
7200 35 1839 5464
7200 36 1903 5720
7200 37 1944 5500
7200 38 1917 5412
7200 39 1850 5470
7200 40 1967 5473
7200 41 1932 5490
7200 42 1882 5318
7200 43 2099 5563
7200 44 1963 5411
7200 45 1782 5426
7200 46 1848 5357
7200 47 1926 5309
7200 48 1864 5467
7200 49 2005 5437
7200 50 1947 5413
7200 51 1906 5426
7200 52 1827 5431
7200 53 1813 5587
7200 54 2122 5561
7200 55 2008 5532
7200 56 1978 5485
7200 57 3326 5125
7200 58 3287 5107
7200 59 3314 5078
7200 60 3324 5121
7200 61 3513 5095
7200 62 3437 5137
7200 63 3426 5132
7200 64 3204 5164
7200 65 3396 5253
7200 66 3202 5334
7200 67 3216 5069
7200 68 3323 5120
7200 69 3284 5143
7200 70 3262 5111
7200 71 3387 5096
7200 72 3241 5183
7200 73 3305 5133
7200 74 3199 4928
7200 75 3298 5067
7200 76 3306 5132
7200 77 3284 5048
7200 78 3330 5144
7200 79 3324 5121
7200 80 3295 5088
7200 81 3300 5146
7200 82 3369 5123
7200 83 3368 5105
7200 84 3368 5114
7200 85 3293 5076
7200 86 3366 5137
7200 87 3291 5264
7200 88 3276 5117
7200 89 3313 5029
7200 90 3464 5071
7200 91 3563 5038
7200 92 3139 5061
7200 93 3442 5006
7200 94 3334 5032
7200 95 3290 4945
7200 96 3144 5171
7200 97 3453 5030
7200 98 3315 5140
7200 99 3277 4932
7200 100 3350 4880
7200 101 3354 5146
7200 102 3325 5129
7200 103 3541 5086
7200 104 2465 5195
7200 105 2582 5297
7200 106 2496 5258
7200 107 2512 5307
7200 108 2514 5368
7200 109 2278 5213
7200 110 2371 5055
7200 111 2618 5343
7200 112 2343 5190
7200 113 2438 5298
7200 114 2240 5221
7200 115 2245 5185
7200 116 2359 5348
7200 117 2415 5041
7200 118 2445 5278
7200 119 2534 5025
7200 120 2394 5163
7200 121 2409 5169
7200 122 2154 5201
7200 123 2437 5426
7200 124 2410 4977
7200 125 2356 5169
7200 126 2341 4903
7200 127 2367 5200
7200 128 2343 5168
7200 129 2559 5086
7200 130 2394 5314
7200 131 2438 5155
7200 132 2159 5186
7200 133 2348 5180
7200 134 2422 5130
7200 135 2550 4998
7200 136 2589 5034
7200 137 2566 5282
7200 138 2526 5094
7500 0 2934 4438
7500 1 1919 5467
7500 2 3324 5121
7500 3 2406 5157
7500 4 1919 5467
7500 5 2005 5347
7500 6 1919 5467
7500 7 3324 5121
7500 8 3324 5121
7500 9 3324 5121
7500 10 3324 5121
7500 11 2406 5157
7500 12 2406 5157
7500 13 2406 5157
7500 14 1927 5366
7500 15 2163 5497
7500 16 1910 5458
7500 17 1869 5615
7500 18 1839 5527
7500 19 1704 5421
7500 20 1915 5478
7500 21 2013 5583
7500 22 1903 5464
7500 23 2051 5505
7500 24 1920 5468
7500 25 1935 5433
7500 26 1998 5418
7500 27 1908 5474
7500 28 1910 5664
7500 29 2087 5279
7500 30 1908 5584
7500 31 1746 5364
7500 32 1736 5474
7500 33 2093 5520
7500 34 1838 5455
7500 35 1976 5352
7500 36 1954 5444
7500 37 1944 5500
7500 38 1917 5412
7500 39 1850 5470
7500 40 1926 5439
7500 41 1794 5409
7500 42 1949 5543
7500 43 2080 5633
7500 44 1963 5411
7500 45 1782 5426
7500 46 1882 5427
7500 47 1926 5309
7500 48 1864 5467
7500 49 2005 5437
7500 50 1947 5413
7500 51 1906 5426
7500 52 1827 5431
7500 53 1813 5587
7500 54 2057 5410
7500 55 2008 5532
7500 56 2017 5358
7500 57 3326 5125
7500 58 3287 5107
7500 59 3200 5015
7500 60 3324 5121
7500 61 3513 5095
7500 62 3437 5137
7500 63 3426 5132
7500 64 3204 5164
7500 65 3301 5116
7500 66 3202 5334
7500 67 3223 5114
7500 68 3178 4902
7500 69 3284 5143
7500 70 3262 5111
7500 71 3387 5096
7500 72 3241 5183
7500 73 3329 5120
7500 74 3199 4928
7500 75 3298 5067
7500 76 3306 5132
7500 77 3284 5048
7500 78 3330 5144
7500 79 3324 5121
7500 80 3295 5088
7500 81 3300 5146
7500 82 3241 5000
7500 83 3368 5105
7500 84 3368 5114
7500 85 3293 5076
7500 86 3366 5137
7500 87 3291 5264
7500 88 3190 5248
7500 89 3313 5029
7500 90 3463 5071
7500 91 3447 5074
7500 92 3139 5061
7500 93 3442 5006
7500 94 3334 5032
7500 95 3290 4945
7500 96 3208 5131
7500 97 3453 5030
7500 98 3315 5140
7500 99 3277 4932
7500 100 3350 4880
7500 101 3354 5146
7500 102 3325 5129
7500 103 3382 4978
7500 104 2409 5369
7500 105 2582 5297
7500 106 2417 5217
7500 107 2512 5307
7500 108 2514 5368
7500 109 2381 5135
7500 110 2599 5241
7500 111 2618 5343
7500 112 2535 5304
7500 113 2463 5252
7500 114 2240 5221
7500 115 2245 5185
7500 116 2378 5325
7500 117 2395 5119
7500 118 2445 5278
7500 119 2534 5025
7500 120 2394 5163
7500 121 2410 5165
7500 122 2261 5258
7500 123 2437 5426
7500 124 2410 4977
7500 125 2356 5169
7500 126 2491 5059
7500 127 2379 5195
7500 128 2343 5168
7500 129 2559 5086
7500 130 2394 5314
7500 131 2438 5155
7500 132 2159 5186
7500 133 2348 5180
7500 134 2422 5130
7500 135 2502 5043
7500 136 2589 5034
7500 137 2422 5211
7500 138 2526 5094
7800 0 2934 4438
7800 1 1919 5467
7800 2 3324 5121
7800 3 2406 5157
7800 4 1919 5467
7800 5 1865 5393
7800 6 1919 5467
7800 7 3324 5121
7800 8 3324 5121
7800 9 3324 5121
7800 10 3324 5121
7800 11 2406 5157
7800 12 2406 5157
7800 13 2406 5157
7800 14 1927 5366
7800 15 2163 5497
7800 16 1910 5458
7800 17 1869 5615
7800 18 1839 5527
7800 19 1910 5473
7800 20 1915 5478
7800 21 2013 5583
7800 22 1903 5464
7800 23 1930 5566
7800 24 1920 5468
7800 25 1765 5485
7800 26 1904 5549
7800 27 1908 5474
7800 28 1910 5664
7800 29 2087 5279
7800 30 1908 5584
7800 31 1746 5364
7800 32 1713 5439
7800 33 2093 5520
7800 34 1838 5455
7800 35 1839 5464
7800 36 1954 5444
7800 37 1944 5500
7800 38 1917 5412
7800 39 1850 5470
7800 40 1926 5439
7800 41 1932 5490
7800 42 1882 5318
7800 43 2080 5633
7800 44 1963 5411
7800 45 1782 5426
7800 46 2000 5409
7800 47 1926 5309
7800 48 1864 5467
7800 49 2005 5437
7800 50 2024 5380
7800 51 1906 5426
7800 52 1827 5431
7800 53 1813 5587
7800 54 2057 5410
7800 55 2008 5532
7800 56 1978 5485
7800 57 3326 5125
7800 58 3287 5107
7800 59 3314 5078
7800 60 3595 5094
7800 61 3513 5095
7800 62 3437 5137
7800 63 3426 5132
7800 64 3204 5164
7800 65 3301 5116
7800 66 3202 5334
7800 67 3550 5170
7800 68 3323 5120
7800 69 3284 5143
7800 70 3262 5111
7800 71 3364 5173
7800 72 3360 5031
7800 73 3329 5120
7800 74 3199 4928
7800 75 3298 5067
7800 76 3306 5132
7800 77 3284 5048
7800 78 3415 5012
7800 79 3324 5121
7800 80 3295 5088
7800 81 3300 5146
7800 82 3369 5123
7800 83 3368 5105
7800 84 3368 5114
7800 85 3263 5162
7800 86 3366 5137
7800 87 3291 5264
7800 88 3276 5117
7800 89 3313 5029
7800 90 3464 5071
7800 91 3447 5074
7800 92 3139 5061
7800 93 3442 5006
7800 94 3199 5105
7800 95 3290 4945
7800 96 3216 5088
7800 97 3571 5001
7800 98 3315 5140
7800 99 3277 4932
7800 100 3350 4880
7800 101 3354 5146
7800 102 3312 5111
7800 103 3382 4978
7800 104 2409 5369
7800 105 2596 5287
7800 106 2417 5217
7800 107 2512 5307
7800 108 2514 5368
7800 109 2261 5154
7800 110 2415 5077
7800 111 2618 5343
7800 112 2343 5190
7800 113 2438 5298
7800 114 2240 5221
7800 115 2245 5185
7800 116 2378 5325
7800 117 2395 5119
7800 118 2445 5278
7800 119 2534 5025
7800 120 2394 5163
7800 121 2389 5327
7800 122 2261 5258
7800 123 2437 5426
7800 124 2410 4977
7800 125 2356 5169
7800 126 2491 5059
7800 127 2379 5195
7800 128 2343 5168
7800 129 2559 5086
7800 130 2394 5314
7800 131 2438 5155
7800 132 2159 5186
7800 133 2348 5180
7800 134 2422 5130
7800 135 2502 5043
7800 136 2589 5034
7800 137 2422 5211
7800 138 2526 5094
8100 0 2934 4438
8100 1 1919 5467
8100 2 3324 5121
8100 3 2406 5157
8100 4 1919 5467
8100 5 1865 5393
8100 6 1919 5467
8100 7 3324 5121
8100 8 3324 5121
8100 9 3324 5121
8100 10 3324 5121
8100 11 2406 5157
8100 12 2406 5157
8100 13 2406 5157
8100 14 1927 5366
8100 15 2163 5497
8100 16 2150 5378
8100 17 1869 5615
8100 18 1839 5527
8100 19 1910 5473
8100 20 1915 5478
8100 21 1899 5652
8100 22 1903 5464
8100 23 1930 5566
8100 24 1930 5650
8100 25 1935 5433
8100 26 1904 5549
8100 27 1908 5474
8100 28 1910 5664
8100 29 2087 5279
8100 30 1908 5584
8100 31 1746 5364
8100 32 1736 5474
8100 33 2115 5618
8100 34 1838 5455
8100 35 1839 5464
8100 36 1954 5444
8100 37 1944 5500
8100 38 1917 5412
8100 39 1850 5470
8100 40 1926 5439
8100 41 1932 5490
8100 42 1882 5318
8100 43 2080 5633
8100 44 1825 5472
8100 45 1829 5364
8100 46 1882 5427
8100 47 1926 5309
8100 48 1849 5468
8100 49 2075 5413
8100 50 1949 5250
8100 51 2103 5413
8100 52 1827 5431
8100 53 1813 5587
8100 54 2057 5410
8100 55 2008 5532
8100 56 1978 5485
8100 57 3326 5125
8100 58 3287 5107
8100 59 3314 5078
8100 60 3324 5121
8100 61 3513 5095
8100 62 3522 5202
8100 63 3426 5132
8100 64 3054 5136
8100 65 3301 5116
8100 66 3202 5334
8100 67 3223 5114
8100 68 3323 5120
8100 69 3284 5143
8100 70 3262 5111
8100 71 3387 5096
8100 72 3241 5183
8100 73 3329 5120
8100 74 3199 4928
8100 75 3298 5067
8100 76 3046 5188
8100 77 3284 5048
8100 78 3258 5108
8100 79 3286 5145
8100 80 3213 5043
8100 81 3300 5146
8100 82 3375 5079
8100 83 3368 5105
8100 84 3368 5114
8100 85 3293 5076
8100 86 3366 5137
8100 87 3291 5264
8100 88 3276 5117
8100 89 3313 5029
8100 90 3464 5071
8100 91 3429 5126
8100 92 3139 5061
8100 93 3442 5006
8100 94 3334 5032
8100 95 3378 4997
8100 96 3216 5088
8100 97 3453 5030
8100 98 3315 5140
8100 99 3277 4932
8100 100 3350 4880
8100 101 3354 5146
8100 102 3325 5129
8100 103 3382 4978
8100 104 2409 5369
8100 105 2582 5297
8100 106 2417 5217
8100 107 2512 5307
8100 108 2514 5368
8100 109 2213 5294
8100 110 2515 5141
8100 111 2618 5343
8100 112 2343 5190
8100 113 2438 5298
8100 114 2240 5221
8100 115 2245 5185
8100 116 2378 5325
8100 117 2395 5119
8100 118 2445 5278
8100 119 2534 5025
8100 120 2394 5163
8100 121 2409 5169
8100 122 2261 5258
8100 123 2437 5426
8100 124 2410 4977
8100 125 2447 5344
8100 126 2491 5059
8100 127 2379 5195
8100 128 2343 5168
8100 129 2539 5156
8100 130 2394 5314
8100 131 2438 5155
8100 132 2159 5186
8100 133 2348 5180
8100 134 2422 5130
8100 135 2502 5043
8100 136 2589 5034
8100 137 2422 5211
8100 138 2526 5094
8400 0 2934 4438
8400 1 1919 5467
8400 2 3324 5121
8400 3 2406 5157
8400 4 1919 5467
8400 5 1865 5393
8400 6 1919 5467
8400 7 3324 5121
8400 8 3324 5121
8400 9 3324 5121
8400 10 3324 5121
8400 11 2406 5157
8400 12 2406 5157
8400 13 2406 5157
8400 14 1927 5366
8400 15 2163 5497
8400 16 2085 5488
8400 17 1869 5615
8400 18 1839 5527
8400 19 1910 5473
8400 20 1915 5478
8400 21 2013 5583
8400 22 1903 5464
8400 23 1930 5566
8400 24 1920 5468
8400 25 1935 5433
8400 26 1904 5549
8400 27 1908 5474
8400 28 1910 5664
8400 29 2087 5279
8400 30 1908 5584
8400 31 1746 5364
8400 32 1736 5474
8400 33 2093 5520
8400 34 1838 5455
8400 35 1839 5464
8400 36 1983 5557
8400 37 1944 5500
8400 38 1917 5412
8400 39 1850 5470
8400 40 1926 5439
8400 41 1932 5490
8400 42 1882 5318
8400 43 2080 5633
8400 44 1963 5411
8400 45 1782 5426
8400 46 1882 5427
8400 47 1926 5309
8400 48 1864 5467
8400 49 2005 5437
8400 50 1947 5413
8400 51 1906 5426
8400 52 1827 5431
8400 53 1813 5587
8400 54 2057 5410
8400 55 2008 5532
8400 56 1978 5485
8400 57 3384 5111
8400 58 3287 5107
8400 59 3314 5078
8400 60 3324 5121
8400 61 3513 5095
8400 62 3437 5137
8400 63 3426 5132
8400 64 3204 5164
8400 65 3301 5116
8400 66 3332 5196
8400 67 3223 5114
8400 68 3323 5120
8400 69 3284 5143
8400 70 3262 5111
8400 71 3387 5096
8400 72 3241 5183
8400 73 3490 5346
8400 74 3199 4928
8400 75 3298 5067
8400 76 3306 5132
8400 77 3284 5048
8400 78 3330 5144
8400 79 3324 5121
8400 80 3341 4969
8400 81 3300 5146
8400 82 3369 5123
8400 83 3368 5105
8400 84 3368 5114
8400 85 3293 5076
8400 86 3366 5137
8400 87 3291 5264
8400 88 3276 5116
8400 89 3313 5029
8400 90 3464 5071
8400 91 3385 5151
8400 92 3139 5061
8400 93 3442 5006
8400 94 3334 5032
8400 95 3290 4945
8400 96 3216 5088
8400 97 3453 5030
8400 98 3315 5140
8400 99 3277 4932
8400 100 3350 4880
8400 101 3354 5146
8400 102 3318 5148
8400 103 3382 4978
8400 104 2409 5369
8400 105 2582 5297
8400 106 2417 5217
8400 107 2512 5307
8400 108 2514 5368
8400 109 2261 5154
8400 110 2424 5072
8400 111 2618 5343
8400 112 2343 5190
8400 113 2438 5298
8400 114 2240 5221
8400 115 2245 5185
8400 116 2378 5325
8400 117 2395 5119
8400 118 2445 5278
8400 119 2534 5025
8400 120 2394 5163
8400 121 2409 5169
8400 122 2261 5258
8400 123 2437 5426
8400 124 2410 4977
8400 125 2356 5169
8400 126 2491 5059
8400 127 2379 5195
8400 128 2343 5168
8400 129 2559 5086
8400 130 2394 5314
8400 131 2434 5203
8400 132 2159 5186
8400 133 2348 5180
8400 134 2422 5130
8400 135 2502 5043
8400 136 2589 5034
8400 137 2422 5211
8400 138 2526 5094
8700 0 2934 4438
8700 1 1919 5467
8700 2 3324 5121
8700 3 2406 5157
8700 4 1919 5467
8700 5 1865 5393
8700 6 1919 5467
8700 7 3324 5121
8700 8 3324 5121
8700 9 3324 5121
8700 10 3324 5121
8700 11 2406 5157
8700 12 2406 5157
8700 13 2406 5157
8700 14 1927 5366
8700 15 2163 5497
8700 16 1910 5458
8700 17 1869 5615
8700 18 1839 5527
8700 19 1910 5473
8700 20 1915 5478
8700 21 2007 5661
8700 22 1903 5464
8700 23 1941 5546
8700 24 1920 5468
8700 25 1935 5433
8700 26 2094 5525
8700 27 1908 5474
8700 28 1910 5664
8700 29 2087 5279
8700 30 1908 5584
8700 31 1746 5364
8700 32 1736 5474
8700 33 2093 5520
8700 34 1882 5483
8700 35 1839 5464
8700 36 1954 5444
8700 37 1944 5500
8700 38 1917 5412
8700 39 1850 5470
8700 40 1822 5585
8700 41 1932 5490
8700 42 1882 5318
8700 43 2080 5633
8700 44 1963 5411
8700 45 1782 5426
8700 46 1882 5427
8700 47 1926 5309
8700 48 1864 5467
8700 49 2005 5437
8700 50 1947 5413
8700 51 1906 5426
8700 52 1827 5431
8700 53 1813 5587
8700 54 2057 5410
8700 55 2008 5532
8700 56 1978 5485
8700 57 3326 5125
8700 58 3439 5158
8700 59 3314 5078
8700 60 3324 5121
8700 61 3513 5095
8700 62 3437 5137
8700 63 3426 5132
8700 64 3204 5164
8700 65 3301 5116
8700 66 3202 5334
8700 67 3223 5114
8700 68 3323 5120
8700 69 3284 5143
8700 70 3262 5111
8700 71 3387 5096
8700 72 3394 5213
8700 73 3329 5120
8700 74 3199 4928
8700 75 3298 5067
8700 76 3168 5060
8700 77 3284 5048
8700 78 3330 5144
8700 79 3324 5121
8700 80 3295 5088
8700 81 3353 5082
8700 82 3242 5003
8700 83 3452 5238
8700 84 3368 5114
8700 85 3293 5076
8700 86 3366 5137
8700 87 3291 5264
8700 88 3276 5117
8700 89 3313 5029
8700 90 3464 5071
8700 91 3447 5074
8700 92 3139 5061
8700 93 3442 5006
8700 94 3214 5131
8700 95 3290 4945
8700 96 3216 5088
8700 97 3453 5030
8700 98 3315 5140
8700 99 3277 4932
8700 100 3350 4880
8700 101 3354 5146
8700 102 3325 5129
8700 103 3382 4978
8700 104 2409 5369
8700 105 2582 5297
8700 106 2417 5217
8700 107 2512 5307
8700 108 2514 5368
8700 109 2216 5284
8700 110 2424 5072
8700 111 2618 5343
8700 112 2343 5190
8700 113 2438 5298
8700 114 2240 5221
8700 115 2245 5185
8700 116 2378 5325
8700 117 2395 5119
8700 118 2381 5221
8700 119 2534 5025
8700 120 2394 5163
8700 121 2409 5169
8700 122 2261 5258
8700 123 2432 5119
8700 124 2410 4977
8700 125 2356 5169
8700 126 2409 5243
8700 127 2379 5195
8700 128 2343 5168
8700 129 2559 5086
8700 130 2394 5314
8700 131 2438 5155
8700 132 2159 5186
8700 133 2348 5180
8700 134 2422 5130
8700 135 2502 5043
8700 136 2564 4983
8700 137 2459 5241
8700 138 2526 5094
9000 0 2934 4438
9000 1 1919 5467
9000 2 3324 5121
9000 3 2406 5157
9000 4 1919 5467
9000 5 1865 5393
9000 6 1919 5467
9000 7 3324 5121
9000 8 3324 5121
9000 9 3324 5121
9000 10 3324 5121
9000 11 2406 5157
9000 12 2406 5157
9000 13 2406 5157
9000 14 1927 5366
9000 15 2163 5497
9000 16 1873 5246
9000 17 1869 5615
9000 18 1757 5543
9000 19 1910 5473
9000 20 1915 5478
9000 21 2013 5583
9000 22 1903 5464
9000 23 1685 5550
9000 24 1920 5468
9000 25 1935 5433
9000 26 1904 5549
9000 27 1908 5474
9000 28 1910 5664
9000 29 2087 5279
9000 30 1908 5584
9000 31 1746 5364
9000 32 1736 5474
9000 33 2062 5575
9000 34 1838 5455
9000 35 1839 5464
9000 36 1954 5444
9000 37 1944 5500
9000 38 1917 5412
9000 39 1862 5584
9000 40 1926 5439
9000 41 1955 5474
9000 42 1882 5318
9000 43 2080 5633
9000 44 1963 5411
9000 45 1782 5426
9000 46 1882 5427
9000 47 1800 5295
9000 48 1864 5467
9000 49 2020 5436
9000 50 1947 5413
9000 51 1906 5426
9000 52 1827 5431
9000 53 1813 5587
9000 54 2057 5410
9000 55 2008 5532
9000 56 1978 5485
9000 57 3326 5125
9000 58 3124 5276
9000 59 3314 5078
9000 60 3324 5121
9000 61 3519 5096
9000 62 3437 5137
9000 63 3426 5132
9000 64 3204 5164
9000 65 3449 5189
9000 66 3202 5334
9000 67 3223 5114
9000 68 3323 5120
9000 69 3323 5299
9000 70 3262 5111
9000 71 3316 5091
9000 72 3241 5183
9000 73 3329 5120
9000 74 3199 4928
9000 75 3294 5074
9000 76 3486 5218
9000 77 3345 5030
9000 78 3330 5144
9000 79 3324 5121
9000 80 3295 5088
9000 81 3300 5146
9000 82 3369 5123
9000 83 3368 5105
9000 84 3368 5114
9000 85 3293 5076
9000 86 3366 5137
9000 87 3291 5264
9000 88 3276 5117
9000 89 3313 5029
9000 90 3464 5071
9000 91 3447 5074
9000 92 3139 5061
9000 93 3442 5006
9000 94 3370 5021
9000 95 3290 4945
9000 96 3216 5088
9000 97 3453 5030
9000 98 3315 5140
9000 99 3277 4932
9000 100 3350 4880
9000 101 3354 5146
9000 102 3325 5129
9000 103 3499 5113
9000 104 2409 5369
9000 105 2582 5297
9000 106 2417 5217
9000 107 2566 5186
9000 108 2514 5368
9000 109 2261 5154
9000 110 2424 5072
9000 111 2618 5343
9000 112 2343 5190
9000 113 2438 5298
9000 114 2240 5221
9000 115 2245 5185
9000 116 2378 5325
9000 117 2395 5119
9000 118 2445 5278
9000 119 2561 5002
9000 120 2394 5163
9000 121 2409 5169
9000 122 2244 5416
9000 123 2437 5426
9000 124 2410 4977
9000 125 2356 5169
9000 126 2491 5059
9000 127 2301 4956
9000 128 2343 5168
9000 129 2559 5086
9000 130 2394 5314
9000 131 2438 5155
9000 132 2159 5186
9000 133 2348 5180
9000 134 2422 5130
9000 135 2502 5043
9000 136 2679 5139
9000 137 2422 5211
9000 138 2526 5094
9300 0 2934 4438
9300 1 1919 5467
9300 2 3324 5121
9300 3 2406 5157
9300 4 1919 5467
9300 5 1865 5393
9300 6 1919 5467
9300 7 3324 5121
9300 8 3324 5121
9300 9 3324 5121
9300 10 3324 5121
9300 11 2406 5157
9300 12 2406 5157
9300 13 2406 5157
9300 14 1927 5366
9300 15 2163 5497
9300 16 1910 5458
9300 17 1884 5650
9300 18 1881 5452
9300 19 1910 5473
9300 20 1915 5478
9300 21 2013 5583
9300 22 1903 5464
9300 23 1930 5566
9300 24 1920 5468
9300 25 1935 5433
9300 26 1904 5549
9300 27 1908 5474
9300 28 1910 5664
9300 29 2087 5279
9300 30 1908 5584
9300 31 1746 5364
9300 32 1736 5474
9300 33 1913 5402
9300 34 1838 5455
9300 35 1839 5464
9300 36 1901 5621
9300 37 1944 5500
9300 38 1917 5412
9300 39 1850 5470
9300 40 1926 5439
9300 41 1892 5443
9300 42 1882 5318
9300 43 2029 5543
9300 44 1935 5268
9300 45 1782 5426
9300 46 1959 5556
9300 47 1926 5309
9300 48 2044 5277
9300 49 2005 5437
9300 50 1947 5413
9300 51 1906 5426
9300 52 1827 5431
9300 53 1813 5587
9300 54 2057 5410
9300 55 2008 5532
9300 56 1978 5485
9300 57 3326 5125
9300 58 3287 5107
9300 59 3314 5078
9300 60 3324 5121
9300 61 3513 5095
9300 62 3437 5137
9300 63 3426 5132
9300 64 3204 5164
9300 65 3301 5116
9300 66 3202 5334
9300 67 3267 4955
9300 68 3323 5120
9300 69 3284 5143
9300 70 3262 5111
9300 71 3387 5096
9300 72 3241 5183
9300 73 3329 5120
9300 74 3199 4928
9300 75 3298 5067
9300 76 3306 5132
9300 77 3284 5048
9300 78 3330 5144
9300 79 3324 5121
9300 80 3307 5008
9300 81 3300 5146
9300 82 3369 5123
9300 83 3368 5105
9300 84 3368 5114
9300 85 3293 5076
9300 86 3366 5137
9300 87 3291 5264
9300 88 3276 5117
9300 89 3313 5029
9300 90 3464 5071
9300 91 3447 5074
9300 92 3139 5061
9300 93 3442 5006
9300 94 3334 5032
9300 95 3290 4945
9300 96 3216 5088
9300 97 3453 5030
9300 98 3320 5130
9300 99 3277 4932
9300 100 3350 4880
9300 101 3354 5146
9300 102 3325 5129
9300 103 3382 4978
9300 104 2475 5479
9300 105 2582 5297
9300 106 2417 5217
9300 107 2512 5307
9300 108 2514 5368
9300 109 2261 5154
9300 110 2424 5072
9300 111 2618 5343
9300 112 2343 5190
9300 113 2438 5298
9300 114 2240 5221
9300 115 2298 5149
9300 116 2378 5325
9300 117 2395 5119
9300 118 2445 5278
9300 119 2545 5200
9300 120 2394 5163
9300 121 2409 5169
9300 122 2261 5258
9300 123 2437 5426
9300 124 2410 4977
9300 125 2356 5169
9300 126 2491 5059
9300 127 2379 5195
9300 128 2343 5168
9300 129 2559 5086
9300 130 2394 5314
9300 131 2462 5245
9300 132 2159 5186
9300 133 2348 5180
9300 134 2538 5099
9300 135 2502 5043
9300 136 2589 5034
9300 137 2422 5211
9300 138 2526 5094
9600 0 2934 4438
9600 1 1919 5467
9600 2 3324 5121
9600 3 2406 5157
9600 4 1919 5467
9600 5 1865 5393
9600 6 1919 5467
9600 7 3324 5121
9600 8 3324 5121
9600 9 3324 5121
9600 10 3324 5121
9600 11 2406 5157
9600 12 2406 5157
9600 13 2406 5157
9600 14 1927 5366
9600 15 2163 5497
9600 16 1910 5458
9600 17 1869 5615
9600 18 1839 5527
9600 19 1962 5485
9600 20 1915 5478
9600 21 2013 5583
9600 22 1903 5464
9600 23 1930 5566
9600 24 1954 5407
9600 25 1935 5433
9600 26 1904 5549
9600 27 1908 5474
9600 28 1910 5664
9600 29 2087 5279
9600 30 1921 5589
9600 31 1746 5364
9600 32 1736 5474
9600 33 2093 5520
9600 34 1838 5455
9600 35 1839 5464
9600 36 1954 5444
9600 37 1991 5509
9600 38 1917 5412
9600 39 1850 5470
9600 40 1926 5439
9600 41 1932 5490
9600 42 1729 5390
9600 43 2080 5633
9600 44 1963 5411
9600 45 1782 5426
9600 46 1882 5427
9600 47 1926 5309
9600 48 1864 5467
9600 49 2005 5437
9600 50 1947 5413
9600 51 1902 5417
9600 52 1827 5431
9600 53 1813 5587
9600 54 2057 5410
9600 55 2008 5532
9600 56 1978 5485
9600 57 3326 5125
9600 58 3287 5107
9600 59 3314 5078
9600 60 3366 5128
9600 61 3513 5095
9600 62 3437 5137
9600 63 3426 5132
9600 64 3204 5164
9600 65 3500 4897
9600 66 3202 5334
9600 67 3258 5220
9600 68 3323 5120
9600 69 3284 5143
9600 70 3262 5111
9600 71 3387 5096
9600 72 3241 5183
9600 73 3329 5120
9600 74 3199 4928
9600 75 3298 5067
9600 76 3306 5132
9600 77 3280 5235
9600 78 3330 5144
9600 79 3126 5049
9600 80 3295 5088
9600 81 3300 5146
9600 82 3369 5123
9600 83 3368 5105
9600 84 3368 5114
9600 85 3293 5076
9600 86 3366 5137
9600 87 3291 5264
9600 88 3276 5117
9600 89 3313 5029
9600 90 3464 5071
9600 91 3447 5074
9600 92 3139 5061
9600 93 3442 5006
9600 94 3334 5032
9600 95 3290 4945
9600 96 3216 5088
9600 97 3453 5030
9600 98 3315 5140
9600 99 3186 4957
9600 100 3350 4880
9600 101 3354 5146
9600 102 3325 5129
9600 103 3382 4978
9600 104 2409 5369
9600 105 2582 5297
9600 106 2417 5217
9600 107 2512 5307
9600 108 2514 5368
9600 109 2261 5154
9600 110 2424 5072
9600 111 2618 5343
9600 112 2343 5190
9600 113 2373 5332
9600 114 2240 5221
9600 115 2245 5185
9600 116 2378 5325
9600 117 2236 5379
9600 118 2445 5278
9600 119 2534 5025
9600 120 2394 5163
9600 121 2409 5169
9600 122 2261 5258
9600 123 2437 5426
9600 124 2410 4977
9600 125 2356 5169
9600 126 2491 5059
9600 127 2379 5195
9600 128 2497 5014
9600 129 2559 5086
9600 130 2394 5314
9600 131 2438 5155
9600 132 2159 5186
9600 133 2348 5180
9600 134 2386 5185
9600 135 2502 5043
9600 136 2589 5034
9600 137 2422 5211
9600 138 2526 5094
9900 0 2934 4438
9900 1 1919 5467
9900 2 3324 5121
9900 3 2406 5157
9900 4 1919 5467
9900 5 1865 5393
9900 6 1919 5467
9900 7 3324 5121
9900 8 3324 5121
9900 9 3324 5121
9900 10 3324 5121
9900 11 2406 5157
9900 12 2406 5157
9900 13 2406 5157
9900 14 1927 5366
9900 15 2163 5497
9900 16 1910 5458
9900 17 1868 5612
9900 18 1800 5472
9900 19 1910 5473
9900 20 1915 5478
9900 21 2004 5569
9900 22 1903 5464
9900 23 1930 5566
9900 24 1911 5476
9900 25 1935 5433
9900 26 1904 5549
9900 27 1791 5571
9900 28 1910 5664
9900 29 2087 5279
9900 30 1908 5584
9900 31 1888 5317
9900 32 1736 5474
9900 33 2093 5520
9900 34 1928 5341
9900 35 1839 5464
9900 36 1954 5444
9900 37 1944 5500
9900 38 1830 5309
9900 39 1850 5470
9900 40 1967 5476
9900 41 1932 5490
9900 42 1882 5318
9900 43 2080 5633
9900 44 1963 5411
9900 45 1782 5426
9900 46 1882 5427
9900 47 1926 5309
9900 48 1864 5467
9900 49 2005 5437
9900 50 1947 5413
9900 51 1906 5426
9900 52 1836 5424
9900 53 1813 5587
9900 54 2057 5410
9900 55 2008 5532
9900 56 1978 5485
9900 57 3326 5125
9900 58 3287 5107
9900 59 3314 5078
9900 60 3324 5121
9900 61 3513 5095
9900 62 3437 5137
9900 63 3583 5250
9900 64 3204 5164
9900 65 3339 5135
9900 66 3202 5334
9900 67 3223 5114
9900 68 3323 5120
9900 69 3284 5143
9900 70 3262 5111
9900 71 3387 5096
9900 72 3241 5183
9900 73 3264 5073
9900 74 3199 4928
9900 75 3381 5041
9900 76 3306 5132
9900 77 3173 5096
9900 78 3330 5144
9900 79 3324 5121
9900 80 3295 5088
9900 81 3417 5005
9900 82 3369 5123
9900 83 3368 5105
9900 84 3368 5114
9900 85 3293 5076
9900 86 3366 5137
9900 87 3291 5264
9900 88 3276 5117
9900 89 3313 5029
9900 90 3464 5071
9900 91 3232 5338
9900 92 3125 5056
9900 93 3442 5006
9900 94 3334 5032
9900 95 3290 4945
9900 96 3216 5088
9900 97 3453 5030
9900 98 3315 5140
9900 99 3277 4932
9900 100 3350 4880
9900 101 3354 5146
9900 102 3325 5129
9900 103 3382 4978
9900 104 2409 5369
9900 105 2582 5297
9900 106 2346 5053
9900 107 2361 5336
9900 108 2514 5368
9900 109 2261 5154
9900 110 2424 5072
9900 111 2624 5357
9900 112 2343 5190
9900 113 2438 5298
9900 114 2240 5221
9900 115 2245 5185
9900 116 2378 5325
9900 117 2395 5119
9900 118 2445 5278
9900 119 2534 5025
9900 120 2394 5163
9900 121 2409 5169
9900 122 2261 5258
9900 123 2437 5426
9900 124 2410 4977
9900 125 2296 5319
9900 126 2460 5038
9900 127 2379 5195
9900 128 2343 5168
9900 129 2559 5086
9900 130 2394 5314
9900 131 2438 5155
9900 132 2159 5186
9900 133 2348 5180
9900 134 2422 5130
9900 135 2472 4855
9900 136 2589 5034
9900 137 2422 5211
9900 138 2526 5094
10200 0 2934 4438
10200 1 1919 5467
10200 2 3324 5121
10200 3 2406 5157
10200 4 1919 5467
10200 5 1865 5393
10200 6 1919 5467
10200 7 3324 5121
10200 8 3324 5121
10200 9 3324 5121
10200 10 3324 5121
10200 11 2406 5157
10200 12 2406 5157
10200 13 2406 5157
10200 14 1926 5366
10200 15 2163 5497
10200 16 1910 5458
10200 17 1869 5615
10200 18 1862 5653
10200 19 1972 5671
10200 20 1915 5478
10200 21 2013 5583
10200 22 2029 5414
10200 23 1930 5566
10200 24 1920 5468
10200 25 1935 5433
10200 26 1904 5549
10200 27 1908 5474
10200 28 1910 5664
10200 29 2087 5279
10200 30 1908 5584
10200 31 1746 5364
10200 32 1736 5474
10200 33 2093 5520
10200 34 1865 5368
10200 35 1839 5464
10200 36 1955 5263
10200 37 1944 5500
10200 38 1917 5412
10200 39 1850 5470
10200 40 1926 5439
10200 41 1932 5490
10200 42 1882 5318
10200 43 2080 5633
10200 44 1963 5411
10200 45 1782 5426
10200 46 1882 5427
10200 47 1926 5309
10200 48 1864 5467
10200 49 2005 5437
10200 50 1947 5413
10200 51 1906 5426
10200 52 1827 5431
10200 53 1813 5587
10200 54 2057 5410
10200 55 2008 5532
10200 56 2018 5507
10200 57 3326 5125
10200 58 3287 5107
10200 59 3314 5078
10200 60 3324 5121
10200 61 3513 5095
10200 62 3437 5137
10200 63 3426 5132
10200 64 3204 5164
10200 65 3301 5116
10200 66 3202 5334
10200 67 3129 5278
10200 68 3323 5120
10200 69 3284 5143
10200 70 3262 5111
10200 71 3387 5096
10200 72 3241 5183
10200 73 3329 5120
10200 74 3199 4928
10200 75 3298 5067
10200 76 3306 5132
10200 77 3282 5072
10200 78 3330 5144
10200 79 3324 5121
10200 80 3295 5088
10200 81 3300 5146
10200 82 3369 5123
10200 83 3393 5301
10200 84 3368 5114
10200 85 3293 5076
10200 86 3366 5137
10200 87 3291 5264
10200 88 3276 5117
10200 89 3313 5029
10200 90 3464 5071
10200 91 3447 5074
10200 92 3139 5061
10200 93 3442 5006
10200 94 3328 5012
10200 95 3290 4945
10200 96 3216 5088
10200 97 3453 5030
10200 98 3315 5140
10200 99 3277 4932
10200 100 3350 4880
10200 101 3354 5146
10200 102 3325 5129
10200 103 3382 4978
10200 104 2409 5369
10200 105 2582 5297
10200 106 2417 5217
10200 107 2512 5307
10200 108 2446 5146
10200 109 2261 5154
10200 110 2683 5061
10200 111 2618 5343
10200 112 2385 5269
10200 113 2438 5298
10200 114 2240 5221
10200 115 2585 5268
10200 116 2378 5325
10200 117 2395 5119
10200 118 2445 5278
10200 119 2534 5025
10200 120 2394 5163
10200 121 2409 5169
10200 122 2261 5258
10200 123 2437 5426
10200 124 2403 5045
10200 125 2356 5169
10200 126 2491 5059
10200 127 2379 5195
10200 128 2343 5168
10200 129 2559 5086
10200 130 2394 5314
10200 131 2538 4916
10200 132 2159 5186
10200 133 2348 5180
10200 134 2422 5130
10200 135 2655 5141
10200 136 2588 5029
10200 137 2422 5211
10200 138 2407 4956
10500 0 2934 4438
10500 1 1919 5467
10500 2 3324 5121
10500 3 2406 5157
10500 4 1919 5467
10500 5 1865 5393
10500 6 1919 5467
10500 7 3324 5121
10500 8 3324 5121
10500 9 3324 5121
10500 10 3324 5121
10500 11 2406 5157
10500 12 2406 5157
10500 13 2406 5157
10500 14 1927 5366
10500 15 2163 5497
10500 16 1910 5458
10500 17 1869 5615
10500 18 1976 5412
10500 19 1910 5473
10500 20 1915 5478
10500 21 2013 5583
10500 22 1903 5464
10500 23 1930 5566
10500 24 1920 5468
10500 25 1935 5433
10500 26 1904 5549
10500 27 1987 5450
10500 28 1910 5664
10500 29 2087 5279
10500 30 1908 5584
10500 31 1750 5444
10500 32 1736 5474
10500 33 2093 5520
10500 34 1838 5455
10500 35 1839 5464
10500 36 1885 5661
10500 37 1944 5500
10500 38 1917 5412
10500 39 1850 5470
10500 40 1771 5453
10500 41 1932 5490
10500 42 1882 5318
10500 43 2090 5495
10500 44 1963 5411
10500 45 1799 5337
10500 46 1695 5552
10500 47 1926 5309
10500 48 1864 5467
10500 49 2005 5437
10500 50 1947 5413
10500 51 1945 5433
10500 52 1827 5431
10500 53 1813 5587
10500 54 2057 5410
10500 55 2008 5532
10500 56 1978 5485
10500 57 3326 5125
10500 58 3287 5107
10500 59 3314 5078
10500 60 3324 5121
10500 61 3513 5095
10500 62 3525 4938
10500 63 3426 5132
10500 64 3204 5164
10500 65 3301 5116
10500 66 3202 5334
10500 67 3223 5114
10500 68 3323 5120
10500 69 3284 5143
10500 70 3262 5111
10500 71 3387 5096
10500 72 3241 5183
10500 73 3329 5120
10500 74 3199 4928
10500 75 3298 5067
10500 76 3306 5132
10500 77 3257 5074
10500 78 3330 5144
10500 79 3324 5121
10500 80 3295 5088
10500 81 3300 5146
10500 82 3369 5123
10500 83 3368 5105
10500 84 3368 5114
10500 85 3293 5076
10500 86 3366 5137
10500 87 3291 5264
10500 88 3276 5117
10500 89 3313 5029
10500 90 3464 5071
10500 91 3402 5046
10500 92 3139 5061
10500 93 3442 5006
10500 94 3334 5032
10500 95 3290 4945
10500 96 3216 5088
10500 97 3453 5030
10500 98 3315 5140
10500 99 3277 4932
10500 100 3350 4880
10500 101 3354 5146
10500 102 3303 5374
10500 103 3417 4882
10500 104 2409 5369
10500 105 2582 5297
10500 106 2417 5217
10500 107 2512 5307
10500 108 2514 5368
10500 109 2491 5121
10500 110 2451 5325
10500 111 2618 5343
10500 112 2343 5190
10500 113 2438 5298
10500 114 2240 5221
10500 115 2245 5185
10500 116 2423 5334
10500 117 2395 5119
10500 118 2403 5357
10500 119 2534 5025
10500 120 2394 5163
10500 121 2409 5169
10500 122 2107 5281
10500 123 2437 5426
10500 124 2410 4977
10500 125 2356 5169
10500 126 2493 4862
10500 127 2379 5195
10500 128 2343 5168
10500 129 2559 5086
10500 130 2394 5314
10500 131 2438 5155
10500 132 2159 5186
10500 133 2348 5180
10500 134 2422 5130
10500 135 2502 5043
10500 136 2589 5034
10500 137 2422 5211
10500 138 2526 5094
