0 21600
0 0 1 2 3 4 182 183 184 185 186 187 188 189 190 191 192 193 194 195 196 197 198 199 200 201 202 203 204 205 206 207 208 209 210 211 
0 1 0 2 3 4 5 6 7 14 15 16 17 18 19 21 22 24 25 26 28 30 31 32 35 40 41 42 43 44 46 50 51 52 53 55 56 58 59 60 183 185 186 188 189 191 192 194 196 198 199 202 203 205 206 208 211 
0 2 0 1 3 4 8 9 61 62 63 64 66 67 69 70 71 72 73 74 75 76 77 78 79 80 81 82 84 85 86 87 88 89 90 91 92 93 94 95 96 182 184 186 188 190 192 195 199 200 201 203 204 207 208 211 
0 3 0 1 2 4 10 97 98 99 100 101 102 103 104 105 106 107 108 109 110 111 113 114 115 116 117 118 119 120 121 122 123 124 125 127 128 129 130 131 132 133 134 135 136 182 184 187 190 191 193 195 197 198 200 203 205 209 210 
0 4 0 1 2 3 137 140 141 142 144 146 147 148 149 150 152 154 155 156 157 158 159 160 161 162 163 164 165 168 169 170 172 173 174 175 182 185 187 190 191 193 194 197 198 199 202 204 207 208 209 
0 5 1 6 7 14 15 16 17 18 19 21 22 24 25 26 28 30 31 32 35 40 41 42 43 44 46 50 51 52 53 55 56 58 59 60 
0 6 1 5 7 14 15 16 17 18 19 21 22 24 25 26 28 30 31 32 35 40 41 42 43 44 46 50 51 52 53 55 56 58 59 60 
0 7 1 5 6 14 15 19 21 22 25 26 28 32 42 44 46 52 53 55 58 59 
0 8 2 61 62 63 64 66 67 69 70 71 72 73 74 75 76 77 78 79 80 81 82 84 85 86 87 88 89 90 91 92 93 94 95 96 
0 9 2 61 62 63 64 66 67 69 70 71 72 73 74 75 76 77 78 79 80 81 82 84 85 86 87 88 89 90 91 92 93 94 95 96 
0 10 3 97 98 99 100 101 102 103 104 105 106 107 108 109 110 111 113 114 115 116 117 118 119 120 121 122 123 124 125 127 128 129 130 131 132 133 134 135 136 
0 11 137 140 141 142 144 146 147 148 149 150 152 154 155 156 157 158 159 160 161 162 163 164 165 168 169 170 172 173 174 175 
0 12 42 
0 13 26 
0 14 1 5 6 7 33 38 39 48 
0 15 1 5 6 7 36 
0 16 1 5 6 23 45 47 
0 17 1 5 6 
0 18 1 5 6 
0 19 1 5 6 7 
0 20 49 
0 21 1 5 6 7 
0 22 1 5 6 7 
0 23 16 
0 24 1 5 6 37 49 
0 25 1 5 6 7 
0 26 1 5 6 7 13 54 
0 27 39 
0 28 1 5 6 7 
0 29 56 
0 30 1 5 6 
0 31 1 5 6 
0 32 1 5 6 7 
0 33 14 
0 34 56 
0 35 1 5 6 
0 36 15 
0 37 24 
0 38 14 
0 39 14 27 
0 40 1 5 6 57 
0 41 1 5 6 
0 42 1 5 6 7 12 
0 43 1 5 6 
0 44 1 5 6 7 
0 45 16 
0 46 1 5 6 7 
0 47 16 
0 48 14 
0 49 20 24 55 
0 50 1 5 6 
0 51 1 5 6 
0 52 1 5 6 7 
0 53 1 5 6 7 
0 54 26 
0 55 1 5 6 7 49 
0 56 1 5 6 29 34 
0 57 40 
0 58 1 5 6 7 
0 59 1 5 6 7 
0 60 1 5 6 
0 61 2 8 9 
0 62 2 8 9 
0 63 2 8 9 65 
0 64 2 8 9 68 
0 65 63 
0 66 2 8 9 
0 67 2 8 9 
0 68 64 
0 69 2 8 9 
0 70 2 8 9 
0 71 2 8 9 
0 72 2 8 9 
0 73 2 8 9 
0 74 2 8 9 
0 75 2 8 9 
0 76 2 8 9 
0 77 2 8 9 
0 78 2 8 9 
0 79 2 8 9 
0 80 2 8 9 
0 81 2 8 9 
0 82 2 8 9 
0 83 86 
0 84 2 8 9 
0 85 2 8 9 
0 86 2 8 9 83 
0 87 2 8 9 
0 88 2 8 9 
0 89 2 8 9 
0 90 2 8 9 
0 91 2 8 9 
0 92 2 8 9 
0 93 2 8 9 
0 94 2 8 9 
0 95 2 8 9 
0 96 2 8 9 
0 97 3 10 
0 98 3 10 
0 99 3 10 
0 100 3 10 
0 101 3 10 
0 102 3 10 
0 103 3 10 
0 104 3 10 
0 105 3 10 
0 106 3 10 
0 107 3 10 
0 108 3 10 
0 109 3 10 
0 110 3 10 
0 111 3 10 
0 112 135 
0 113 3 10 
0 114 3 10 
0 115 3 10 
0 116 3 10 
0 117 3 10 
0 118 3 10 
0 119 3 10 
0 120 3 10 
0 121 3 10 
0 122 3 10 
0 123 3 10 
0 124 3 10 
0 125 3 10 
0 126 136 
0 127 3 10 
0 128 3 10 
0 129 3 10 
0 130 3 10 
0 131 3 10 
0 132 3 10 
0 133 3 10 
0 134 3 10 
0 135 3 10 112 
0 136 3 10 126 
0 137 4 11 139 151 176 179 180 
0 138 140 
0 139 137 
0 140 4 11 138 145 166 
0 141 4 11 143 
0 142 4 11 
0 143 141 
0 144 4 11 
0 145 140 
0 146 4 11 
0 147 4 11 177 
0 148 4 11 181 
0 149 4 11 178 
0 150 4 11 
0 151 137 
0 152 4 11 
0 153 172 
0 154 4 11 
0 155 4 11 
0 156 4 11 
0 157 4 11 
0 158 4 11 
0 159 4 11 
0 160 4 11 
0 161 4 11 167 171 
0 162 4 11 
0 163 4 11 
0 164 4 11 
0 165 4 11 
0 166 140 
0 167 161 
0 168 4 11 
0 169 4 11 
0 170 4 11 
0 171 161 
0 172 4 11 153 
0 173 4 11 
0 174 4 11 
0 175 4 11 
0 176 137 
0 177 147 
0 178 149 
0 179 137 
0 180 137 
0 181 148 
0 182 0 2 3 4 
0 183 0 1 
0 184 0 2 3 
0 185 0 1 4 
0 186 0 1 2 
0 187 0 3 4 
0 188 0 1 2 
0 189 0 1 
0 190 0 2 3 4 
0 191 0 1 3 4 
0 192 0 1 2 
0 193 0 3 4 
0 194 0 1 4 
0 195 0 2 3 
0 196 0 1 
0 197 0 3 4 
0 198 0 1 3 4 
0 199 0 1 2 4 
0 200 0 2 3 
0 201 0 2 
0 202 0 1 4 
0 203 0 1 2 3 
0 204 0 2 4 
0 205 0 1 3 
0 206 0 1 
0 207 0 2 4 
0 208 0 1 2 4 
0 209 0 3 4 
0 210 0 3 
0 211 0 1 2 
