0 21600
0 0 1 2 3 4 182 183 184 185 186 187 188 189 190 191 192 193 194 195 196 197 198 199 200 201 202 203 204 205 206 207 208 209 210 211 
0 1 0 52 53 55 56 58 59 60 183 185 186 188 189 191 192 194 196 198 199 202 203 205 206 208 211 
0 2 0 90 91 92 93 94 95 96 182 184 186 188 190 192 195 199 200 201 203 204 207 208 211 
0 3 0 120 121 122 123 124 125 127 182 184 187 190 191 193 195 197 198 200 203 205 209 210 
0 4 0 168 169 170 172 173 174 175 182 185 187 190 191 193 194 197 198 199 202 204 207 208 209 
0 5 51 52 53 55 56 58 59 60 
0 6 51 52 53 55 56 58 59 60 
0 7 51 52 53 55 56 58 59 60 
0 8 89 90 91 92 93 94 95 96 
0 9 89 90 91 92 93 94 95 96 
0 10 119 120 121 122 123 124 125 127 
0 11 137 168 169 170 172 173 174 175 
0 12 23 33 42 47 48 
0 13 26 49 54 55 
0 14 48 50 51 52 53 56 58 60 
0 15 36 52 53 55 56 58 59 60 
0 16 48 50 51 52 53 56 58 60 
0 17 51 52 53 55 56 58 59 60 
0 18 51 52 53 55 56 58 59 60 
0 19 51 52 53 55 56 58 59 60 
0 20 37 49 
0 21 36 46 51 52 53 56 58 59 
0 22 41 52 53 55 56 58 59 60 
0 23 12 33 38 39 47 48 56 60 
0 24 25 28 37 49 50 52 56 58 
0 25 24 52 53 55 56 58 59 60 
0 26 13 41 49 51 54 56 58 59 
0 27 39 45 47 57 
0 28 24 50 51 52 53 56 58 60 
0 29 34 36 56 
0 30 36 41 53 55 56 58 59 60 
0 31 41 51 52 53 56 58 59 60 
0 32 50 51 52 53 56 58 59 60 
0 33 12 23 38 39 45 47 48 60 
0 34 29 36 56 
0 35 41 52 53 55 56 58 59 60 
0 36 15 21 29 30 34 56 
0 37 20 24 49 
0 38 23 33 39 45 47 48 57 60 
0 39 23 27 33 38 45 47 57 60 
0 40 50 51 52 53 56 57 58 60 
0 41 22 26 30 31 35 55 58 59 
0 42 12 48 51 52 53 56 58 60 
0 43 45 50 51 52 53 56 58 60 
0 44 51 52 53 55 56 58 59 60 
0 45 27 33 38 39 43 47 57 60 
0 46 21 50 51 52 53 56 58 60 
0 47 12 23 27 33 38 39 45 48 57 
0 48 12 14 16 23 33 38 42 47 
0 49 13 20 24 26 37 55 
0 50 14 16 24 28 32 40 43 46 
0 51 5 6 7 14 16 17 18 19 21 26 28 31 32 40 42 43 44 46 
0 52 1 5 6 7 14 15 16 17 18 19 21 22 24 25 28 31 32 35 40 42 43 44 46 
0 53 1 5 6 7 14 15 16 17 18 19 21 22 25 28 30 31 32 35 40 42 43 44 46 
0 54 13 26 55 
0 55 1 5 6 7 13 15 17 18 19 22 25 30 35 41 44 49 54 
0 56 1 5 6 7 14 15 16 17 18 19 21 22 23 24 25 26 28 29 30 31 32 34 35 36 40 42 43 44 46 
0 57 27 38 39 40 45 47 
0 58 1 5 6 7 14 15 16 17 18 19 21 22 24 25 26 28 30 31 32 35 40 41 42 43 44 46 
0 59 1 5 6 7 15 17 18 19 21 22 25 26 30 31 32 35 41 44 
0 60 1 5 6 7 14 15 16 17 18 19 22 23 25 28 30 31 32 33 35 38 39 40 42 43 44 45 46 
0 61 89 90 91 92 93 94 95 96 
0 62 89 90 91 92 93 94 95 96 
0 63 89 90 91 92 93 94 95 96 
0 64 89 90 91 92 93 94 95 96 
0 65 68 80 82 83 86 91 92 96 
0 66 89 90 91 92 93 94 95 96 
0 67 89 90 91 92 93 94 95 96 
0 68 65 79 80 82 83 86 91 93 
0 69 89 90 91 92 93 94 95 96 
0 70 83 90 91 92 93 94 95 96 
0 71 89 90 91 92 93 94 95 96 
0 72 85 87 88 89 90 93 94 95 
0 73 89 90 91 92 93 94 95 96 
0 74 89 90 91 92 93 94 95 96 
0 75 89 90 91 92 93 94 95 96 
0 76 88 89 90 91 93 94 95 96 
0 77 89 90 91 92 93 94 95 96 
0 78 87 88 89 90 93 94 95 96 
0 79 68 90 91 92 93 94 95 96 
0 80 65 68 91 92 93 94 95 96 
0 81 89 90 91 92 93 94 95 96 
0 82 65 68 91 92 93 94 95 96 
0 83 65 68 70 86 
0 84 85 87 88 89 90 93 94 95 
0 85 72 84 90 91 93 94 95 96 
0 86 65 68 83 91 92 93 95 96 
0 87 72 78 84 92 93 94 95 96 
0 88 72 76 78 84 93 94 95 96 
0 89 8 9 61 62 63 64 66 67 69 71 72 73 74 75 76 77 78 81 84 
0 90 2 8 9 61 62 63 64 66 67 69 70 71 72 73 74 75 76 77 78 79 81 84 85 
0 91 2 8 9 61 62 63 64 65 66 67 68 69 70 71 73 74 75 76 77 79 80 81 82 85 86 
0 92 2 8 9 61 62 63 64 65 66 67 69 70 71 73 74 75 77 79 80 81 82 86 87 
0 93 2 8 9 61 62 63 64 66 67 68 69 70 71 72 73 74 75 76 77 78 79 80 81 82 84 85 86 87 88 
0 94 2 8 9 61 62 63 64 66 67 69 70 71 72 73 74 75 76 77 78 79 80 81 82 84 85 87 88 
0 95 2 8 9 61 62 63 64 66 67 69 70 71 72 73 74 75 76 77 78 79 80 81 82 84 85 86 87 88 
0 96 2 8 9 61 62 63 64 65 66 67 69 70 71 73 74 75 76 77 78 79 80 81 82 85 86 87 88 
0 97 112 120 121 122 123 125 126 127 
0 98 119 120 121 122 123 124 125 127 
0 99 108 116 117 119 120 121 126 127 
0 100 116 117 119 120 121 122 126 127 
0 101 119 120 121 122 123 124 125 127 
0 102 112 116 118 121 122 123 125 127 
0 103 119 120 121 122 123 124 125 127 
0 104 112 119 121 122 123 124 125 127 
0 105 113 114 115 118 122 123 124 125 
0 106 112 119 120 121 122 123 125 127 
0 107 119 120 121 122 123 124 125 127 
0 108 99 120 121 122 123 124 125 127 
0 109 118 119 121 122 123 124 125 127 
0 110 119 120 121 122 123 124 125 127 
0 111 119 120 121 122 123 124 125 127 
0 112 97 102 104 106 113 116 135 
0 113 105 112 120 121 122 123 125 127 
0 114 105 120 121 122 123 124 125 127 
0 115 105 120 121 122 123 124 125 127 
0 116 99 100 102 112 123 125 126 127 
0 117 99 100 122 123 125 126 127 135 
0 118 102 105 109 122 123 124 125 127 
0 119 10 98 99 100 101 103 104 106 107 109 110 111 129 130 131 132 133 134 136 
0 120 3 10 97 98 99 100 101 103 106 107 108 110 111 113 114 115 128 129 130 131 132 133 134 136 
0 121 3 10 97 98 99 100 101 102 103 104 106 107 108 109 110 111 113 114 115 128 129 130 131 132 133 134 135 136 
0 122 3 10 97 98 100 101 102 103 104 105 106 107 108 109 110 111 113 114 115 117 118 128 129 130 131 132 133 134 135 136 
0 123 3 10 97 98 101 102 103 104 105 106 107 108 109 110 111 113 114 115 116 117 118 128 129 130 131 132 133 134 135 136 
0 124 3 10 98 101 103 104 105 107 108 109 110 111 114 115 118 128 129 130 131 132 133 134 
0 125 3 10 97 98 101 102 103 104 105 106 107 108 109 110 111 113 114 115 116 117 118 128 129 130 131 132 133 134 135 136 
0 126 97 99 100 116 117 128 135 136 
0 127 3 10 97 98 99 100 101 102 103 104 106 107 108 109 110 111 113 114 115 116 117 118 128 129 130 131 132 133 134 135 136 
0 128 120 121 122 123 124 125 126 127 
0 129 119 120 121 122 123 124 125 127 
0 130 119 120 121 122 123 124 125 127 
0 131 119 120 121 122 123 124 125 127 
0 132 119 120 121 122 123 124 125 127 
0 133 119 120 121 122 123 124 125 127 
0 134 119 120 121 122 123 124 125 127 
0 135 112 117 121 122 123 125 126 127 
0 136 119 120 121 122 123 125 126 127 
0 137 11 170 172 174 175 176 179 180 
0 138 139 145 151 162 166 169 176 178 
0 139 138 145 151 162 166 175 176 179 
0 140 158 160 161 162 166 169 174 175 
0 141 169 170 172 173 174 175 179 180 
0 142 169 170 172 174 175 176 179 180 
0 143 153 165 168 172 173 177 180 181 
0 144 170 172 173 174 175 176 179 180 
0 145 138 139 151 162 166 169 174 178 
0 146 164 165 168 169 172 173 174 175 
0 147 165 168 169 172 173 174 175 177 
0 148 163 164 165 168 172 173 177 181 
0 149 152 155 157 158 159 164 174 178 
0 150 169 170 172 173 174 175 177 180 
0 151 138 139 145 166 175 176 179 180 
0 152 149 168 169 170 172 173 174 175 
0 153 143 172 180 
0 154 169 170 172 174 175 176 179 180 
0 155 149 168 169 170 172 173 174 175 
0 156 169 170 172 174 175 176 179 180 
0 157 149 170 172 173 174 175 176 179 
0 158 140 149 169 170 172 173 174 175 
0 159 149 165 168 169 172 173 174 175 
0 160 140 168 169 170 172 173 174 175 
0 161 140 166 167 169 171 174 175 178 
0 162 138 139 140 145 175 177 178 181 
0 163 148 164 165 168 169 173 174 175 
0 164 146 148 149 163 173 174 175 177 
0 165 143 146 147 148 159 163 175 177 
0 166 138 139 140 145 151 161 174 178 
0 167 161 171 178 
0 168 4 11 143 146 147 148 152 155 159 160 163 
0 169 4 11 138 140 141 142 145 146 147 150 152 154 155 156 158 159 160 161 163 
0 170 4 11 137 141 142 144 150 152 154 155 156 157 158 160 
0 171 161 167 
0 172 4 11 137 141 142 143 144 146 147 148 150 152 153 154 155 156 157 158 159 160 181 
0 173 4 11 141 143 144 146 147 148 150 152 155 157 158 159 160 163 164 181 
0 174 4 11 137 140 141 142 144 145 146 147 149 150 152 154 155 156 157 158 159 160 161 163 164 166 
0 175 4 11 137 139 140 141 142 144 146 147 150 151 152 154 155 156 157 158 159 160 161 162 163 164 165 
0 176 137 138 139 142 144 151 154 156 157 
0 177 143 147 148 150 162 164 165 181 
0 178 138 145 149 161 162 166 167 
0 179 137 139 141 142 144 151 154 156 157 
0 180 137 141 142 143 144 150 151 153 154 156 
0 181 143 148 162 172 173 177 
0 182 0 2 3 4 
0 183 0 1 
0 184 0 2 3 
0 185 0 1 4 
0 186 0 1 2 
0 187 0 3 4 
0 188 0 1 2 
0 189 0 1 
0 190 0 2 3 4 
0 191 0 1 3 4 
0 192 0 1 2 
0 193 0 3 4 
0 194 0 1 4 
0 195 0 2 3 
0 196 0 1 
0 197 0 3 4 
0 198 0 1 3 4 
0 199 0 1 2 4 
0 200 0 2 3 
0 201 0 2 
0 202 0 1 4 
0 203 0 1 2 3 
0 204 0 2 4 
0 205 0 1 3 
0 206 0 1 
0 207 0 2 4 
0 208 0 1 2 4 
0 209 0 3 4 
0 210 0 3 
0 211 0 1 2 
