0 21600
0 0 3 182 183 184 185 186 187 188 189 190 191 192 193 194 195 196 197 198 199 200 201 202 203 204 205 206 207 208 209 210 211 
0 1 19 21 40 53 59 
0 2 3 8 86 94 182 184 186 188 190 192 195 199 200 201 203 204 207 208 211 
0 3 0 2 100 102 115 117 118 121 124 136 182 184 187 190 191 193 195 197 198 200 203 205 209 210 
0 4 146 147 172 173 
0 5 15 22 26 30 32 41 44 46 58 
0 6 28 40 
0 7 15 31 32 40 42 46 
0 8 2 72 95 
0 9 81 82 84 
0 10 98 100 115 120 124 129 
0 11 140 142 155 175 
0 12 47 
0 13 
0 14 15 40 43 58 
0 15 5 7 14 40 44 51 55 59 
0 16 17 23 38 50 51 56 
0 17 16 
0 18 22 25 35 43 
0 19 1 25 43 50 56 58 59 
0 20 
0 21 1 22 35 36 41 46 
0 22 5 18 21 30 50 51 
0 23 16 40 
0 24 49 
0 25 18 19 30 31 35 39 40 44 53 55 56 
0 26 5 41 49 54 
0 27 
0 28 6 32 39 44 
0 29 34 36 
0 30 5 22 25 32 35 44 
0 31 7 25 48 51 
0 32 5 7 28 30 43 44 50 52 53 58 60 
0 33 39 
0 34 29 
0 35 18 21 25 30 52 56 
0 36 21 29 56 
0 37 
0 38 16 42 
0 39 25 28 33 52 60 
0 40 1 6 7 14 15 23 25 56 57 
0 41 5 21 26 
0 42 7 38 47 48 51 58 60 
0 43 14 18 19 32 53 
0 44 5 15 25 28 30 32 46 51 
0 45 
0 46 5 7 21 44 50 
0 47 12 42 60 
0 48 31 42 53 
0 49 24 26 
0 50 16 19 22 32 46 
0 51 15 16 22 31 42 44 
0 52 32 35 39 60 
0 53 1 25 32 43 48 
0 54 26 
0 55 15 25 58 
0 56 16 19 25 35 36 40 60 
0 57 40 
0 58 5 14 19 32 42 55 
0 59 1 15 19 
0 60 32 39 42 47 52 56 
0 61 72 76 77 78 80 87 
0 62 67 79 
0 63 80 
0 64 67 76 79 88 89 91 96 
0 65 73 91 92 
0 66 69 74 88 91 95 
0 67 62 64 75 88 
0 68 80 86 
0 69 66 75 77 78 87 
0 70 83 94 
0 71 79 80 82 84 88 
0 72 8 61 84 88 
0 73 65 91 
0 74 66 78 80 81 82 84 92 96 
0 75 67 69 77 79 80 81 84 86 96 
0 76 61 64 79 85 
0 77 61 69 75 89 
0 78 61 69 74 82 
0 79 62 64 71 75 76 81 85 87 89 92 96 
0 80 61 63 68 71 74 75 88 89 90 92 
0 81 9 74 75 79 90 
0 82 9 71 74 78 88 90 92 93 
0 83 70 
0 84 9 71 72 74 75 88 93 95 
0 85 76 79 91 
0 86 2 68 75 91 95 
0 87 61 69 79 93 94 
0 88 64 66 67 71 72 80 82 84 89 90 94 
0 89 64 77 79 80 88 
0 90 80 81 82 88 
0 91 64 65 66 73 85 86 93 
0 92 65 74 79 80 82 
0 93 82 84 87 91 94 
0 94 2 70 87 88 93 
0 95 8 66 84 86 
0 96 64 74 75 79 
0 97 98 103 113 119 
0 98 10 97 106 110 120 121 124 125 129 
0 99 120 136 
0 100 3 10 106 130 131 
0 101 109 116 122 133 
0 102 3 110 112 114 121 132 136 
0 103 97 104 107 121 129 133 136 
0 104 103 113 114 115 121 123 127 133 
0 105 131 
0 106 98 100 112 132 
0 107 103 117 131 
0 108 111 115 123 124 
0 109 101 113 118 123 124 131 134 
0 110 98 102 131 
0 111 108 115 123 131 
0 112 102 106 113 
0 113 97 104 109 112 115 127 129 134 136 
0 114 102 104 125 129 134 
0 115 3 10 104 108 111 113 119 120 134 
0 116 101 118 
0 117 3 107 
0 118 3 109 116 122 131 134 
0 119 97 115 123 133 136 
0 120 10 98 99 115 128 136 
0 121 3 98 102 103 104 127 131 135 
0 122 101 118 125 135 
0 123 104 108 109 111 119 136 
0 124 3 10 98 108 109 132 134 
0 125 98 114 122 131 
0 126 
0 127 104 113 121 128 130 
0 128 120 127 131 132 135 
0 129 10 98 103 113 114 133 136 
0 130 100 127 131 132 135 136 
0 131 100 105 107 109 110 111 118 121 125 128 130 134 135 
0 132 102 106 124 128 130 134 
0 133 101 103 104 119 129 136 
0 134 109 113 114 115 118 124 131 132 136 
0 135 121 122 128 130 131 
0 136 3 99 102 103 113 119 120 123 129 130 133 134 
0 137 139 
0 138 140 169 
0 139 137 145 174 
0 140 11 138 152 
0 141 144 152 157 162 168 180 
0 142 11 168 
0 143 
0 144 141 147 152 154 165 
0 145 139 178 
0 146 4 172 173 174 
0 147 4 144 156 157 
0 148 161 
0 149 157 174 
0 150 152 156 158 159 177 
0 151 154 169 170 174 
0 152 140 141 144 150 156 164 175 
0 153 
0 154 144 151 156 160 172 
0 155 11 163 169 170 
0 156 147 150 152 154 179 
0 157 141 147 149 172 
0 158 150 
0 159 150 160 162 
0 160 154 159 173 
0 161 148 166 
0 162 141 159 169 181 
0 163 155 165 175 
0 164 152 174 
0 165 144 163 173 175 
0 166 161 
0 167 
0 168 141 142 177 
0 169 138 151 155 162 174 
0 170 151 155 174 
0 171 
0 172 4 146 154 157 177 
0 173 4 146 160 165 177 
0 174 139 146 149 151 164 169 170 
0 175 11 152 163 165 
0 176 
0 177 150 168 172 173 
0 178 145 
0 179 156 
0 180 141 
0 181 162 
0 182 0 2 3 
0 183 0 
0 184 0 2 3 
0 185 0 
0 186 0 2 
0 187 0 3 
0 188 0 2 
0 189 0 
0 190 0 2 3 
0 191 0 3 
0 192 0 2 
0 193 0 3 
0 194 0 
0 195 0 2 3 
0 196 0 
0 197 0 3 
0 198 0 3 
0 199 0 2 
0 200 0 2 3 
0 201 0 2 
0 202 0 
0 203 0 2 3 
0 204 0 2 
0 205 0 3 
0 206 0 
0 207 0 2 
0 208 0 2 
0 209 0 3 
0 210 0 3 
0 211 0 2 
1800 0 1 4 182 183 184 185 186 187 188 189 190 191 192 193 194 195 196 197 198 199 200 201 202 203 204 205 206 207 208 209 210 211 
1800 1 0 2 4 5 16 18 25 37 53 55 60 183 185 186 188 189 191 192 194 196 198 199 202 203 205 206 208 211 
1800 2 1 75 79 86 88 182 184 186 188 190 192 195 199 200 201 203 204 207 208 211 
1800 3 4 98 104 105 109 115 129 134 136 182 184 187 190 191 193 195 197 198 200 203 205 209 210 
1800 4 0 1 3 11 142 161 173 182 185 187 190 191 193 194 197 198 199 202 204 207 208 209 
1800 5 1 17 18 
1800 6 14 17 19 30 59 
1800 7 13 15 17 50 
1800 8 62 67 69 72 77 84 85 90 91 92 94 
1800 9 74 76 80 86 89 
1800 10 111 115 122 129 133 134 
1800 11 4 137 140 144 164 169 
1800 12 
1800 13 7 25 44 49 56 60 
1800 14 6 17 18 42 52 60 
1800 15 7 18 31 60 
1800 16 1 23 38 39 
1800 17 5 6 7 14 18 51 52 59 
1800 18 1 5 14 15 17 26 52 54 56 
1800 19 6 26 28 30 42 43 44 47 
1800 20 37 
1800 21 22 31 40 45 
1800 22 21 42 43 51 58 
1800 23 16 43 
1800 24 44 49 56 
1800 25 1 13 28 50 56 59 
1800 26 18 19 41 
1800 27 45 
1800 28 19 25 38 46 47 50 
1800 29 36 
1800 30 6 19 
1800 31 15 21 43 56 
1800 32 45 51 
1800 33 
1800 34 36 
1800 35 41 43 51 
1800 36 29 34 46 
1800 37 1 20 
1800 38 16 28 48 
1800 39 16 40 43 46 
1800 40 21 39 46 
1800 41 26 35 
1800 42 14 19 22 53 
1800 43 19 22 23 31 35 39 46 52 
1800 44 13 19 24 46 
1800 45 21 27 32 57 60 
1800 46 28 36 39 40 43 44 53 57 
1800 47 19 28 
1800 48 38 
1800 49 13 24 
1800 50 7 25 28 51 
1800 51 17 22 32 35 50 58 
1800 52 14 17 18 43 59 
1800 53 1 42 46 56 59 60 
1800 54 18 
1800 55 1 
1800 56 13 18 24 25 31 53 
1800 57 45 46 
1800 58 22 51 59 
1800 59 6 17 25 52 53 58 
1800 60 1 13 14 15 45 53 
1800 61 84 88 
1800 62 8 68 69 82 84 88 91 
1800 63 73 78 81 91 96 
1800 64 77 88 93 96 
1800 65 70 82 92 
1800 66 67 80 82 91 
1800 67 8 66 75 81 88 95 
1800 68 62 82 86 
1800 69 8 62 75 79 81 87 
1800 70 65 71 75 77 79 82 83 89 91 94 
1800 71 70 75 80 88 91 
1800 72 8 81 84 94 
1800 73 63 95 
1800 74 9 92 94 
1800 75 2 67 69 70 71 86 91 92 93 
1800 76 9 78 89 
1800 77 8 64 70 79 82 83 87 90 
1800 78 63 76 95 
1800 79 2 69 70 77 89 
1800 80 9 66 71 84 91 92 
1800 81 63 67 69 72 89 94 
1800 82 62 65 66 68 70 77 84 86 91 93 
1800 83 70 77 86 
1800 84 8 61 62 72 80 82 85 89 
1800 85 8 84 87 94 95 
1800 86 2 9 68 75 82 83 89 
1800 87 69 77 85 88 90 
1800 88 2 61 62 64 67 71 87 92 93 96 
1800 89 9 70 76 79 81 84 86 
1800 90 8 77 87 95 
1800 91 8 62 63 66 70 71 75 80 82 
1800 92 8 65 74 75 80 88 
1800 93 64 75 82 88 94 
1800 94 8 70 72 74 81 85 93 
1800 95 67 73 78 85 90 
1800 96 63 64 88 
1800 97 106 109 113 114 125 126 130 135 136 
1800 98 3 107 108 112 119 
1800 99 114 128 
1800 100 117 119 126 128 131 134 
1800 101 107 124 125 129 
1800 102 112 114 
1800 103 106 114 117 120 132 133 
1800 104 3 109 119 127 
1800 105 3 111 112 115 117 
1800 106 97 103 109 112 118 128 136 
1800 107 98 101 123 129 
1800 108 98 
1800 109 3 97 104 106 112 
1800 110 111 131 132 
1800 111 10 105 110 114 123 127 134 
1800 112 98 102 105 106 109 113 123 
1800 113 97 112 115 117 125 135 
1800 114 97 99 102 103 111 120 123 125 
1800 115 3 10 105 113 129 132 
1800 116 131 
1800 117 100 103 105 113 120 127 128 136 
1800 118 106 132 
1800 119 98 100 104 121 
1800 120 103 114 117 128 131 
1800 121 119 122 124 129 132 
1800 122 10 121 125 129 
1800 123 107 111 112 114 
1800 124 101 121 
1800 125 97 101 113 114 122 134 
1800 126 97 100 
1800 127 104 111 117 135 
1800 128 99 100 106 117 120 130 132 133 136 
1800 129 3 10 101 107 115 121 122 134 
1800 130 97 128 
1800 131 100 110 116 120 134 135 
1800 132 103 110 115 118 121 128 
1800 133 10 103 128 
1800 134 3 10 100 111 125 129 131 
1800 135 97 113 127 131 136 
1800 136 3 97 106 117 128 135 
1800 137 11 146 154 159 169 
1800 138 
1800 139 166 169 176 
1800 140 11 158 166 174 
1800 141 146 147 151 159 172 175 180 
1800 142 4 154 164 
1800 143 155 162 
1800 144 11 148 150 152 172 174 179 
1800 145 
1800 146 137 141 175 
1800 147 141 159 168 
1800 148 144 163 
1800 149 162 
1800 150 144 154 155 158 163 164 
1800 151 141 166 174 179 
1800 152 144 157 160 
1800 153 168 
1800 154 137 142 150 168 174 
1800 155 143 150 157 160 169 174 179 
1800 156 159 
1800 157 152 155 172 179 
1800 158 140 150 161 175 
1800 159 137 141 147 156 161 165 169 174 
1800 160 152 155 174 176 179 
1800 161 4 158 159 165 
1800 162 143 149 165 
1800 163 148 150 174 
1800 164 11 142 150 
1800 165 159 161 162 
1800 166 139 140 151 
1800 167 
1800 168 147 153 154 173 
1800 169 11 137 139 155 159 170 175 179 
1800 170 169 176 180 
1800 171 
1800 172 141 144 157 175 
1800 173 4 168 
1800 174 140 144 151 154 155 159 160 163 
1800 175 141 146 158 169 172 
1800 176 139 160 170 
1800 177 
1800 178 
1800 179 144 151 155 157 160 169 
1800 180 141 170 
1800 181 
1800 182 0 2 3 4 
1800 183 0 1 
1800 184 0 2 3 
1800 185 0 1 4 
1800 186 0 1 2 
1800 187 0 3 4 
1800 188 0 1 2 
1800 189 0 1 
1800 190 0 2 3 4 
1800 191 0 1 3 4 
1800 192 0 1 2 
1800 193 0 3 4 
1800 194 0 1 4 
1800 195 0 2 3 
1800 196 0 1 
1800 197 0 3 4 
1800 198 0 1 3 4 
1800 199 0 1 2 4 
1800 200 0 2 3 
1800 201 0 2 
1800 202 0 1 4 
1800 203 0 1 2 3 
1800 204 0 2 4 
1800 205 0 1 3 
1800 206 0 1 
1800 207 0 2 4 
1800 208 0 1 2 4 
1800 209 0 3 4 
1800 210 0 3 
1800 211 0 1 2 
3600 0 1 2 182 183 184 185 186 187 188 189 190 191 192 193 194 195 196 197 198 199 200 201 202 203 204 205 206 207 208 209 210 211 
3600 1 0 21 26 32 183 185 186 188 189 191 192 194 196 198 199 202 203 205 206 208 211 
3600 2 0 3 8 64 70 74 87 92 94 182 184 186 188 190 192 195 199 200 201 203 204 207 208 211 
3600 3 2 10 100 111 120 135 182 184 187 190 191 193 195 197 198 200 203 205 209 210 
3600 4 137 140 168 173 174 
3600 5 14 35 46 
3600 6 13 22 43 
3600 7 13 17 51 60 
3600 8 2 61 72 73 79 84 88 
3600 9 62 64 78 85 87 90 93 
3600 10 3 104 108 114 122 124 125 128 129 
3600 11 137 147 160 
3600 12 
3600 13 6 7 26 52 
3600 14 5 17 32 50 
3600 15 16 18 46 
3600 16 15 17 25 32 33 38 52 
3600 17 7 14 16 42 55 56 
3600 18 15 35 56 59 60 
3600 19 46 52 
3600 20 
3600 21 1 30 36 
3600 22 6 31 60 
3600 23 31 
3600 24 40 51 
3600 25 16 27 28 32 42 60 
3600 26 1 13 41 58 
3600 27 25 45 
3600 28 25 39 42 46 58 
3600 29 44 
3600 30 21 31 40 41 50 59 
3600 31 22 23 30 33 35 41 45 46 50 52 
3600 32 1 14 16 25 35 39 40 43 
3600 33 16 31 43 45 
3600 34 
3600 35 5 18 31 32 
3600 36 21 43 
3600 37 55 59 
3600 38 16 48 53 
3600 39 28 32 40 
3600 40 24 30 32 39 43 
3600 41 26 30 31 
3600 42 17 25 28 44 52 
3600 43 6 32 33 36 40 56 59 
3600 44 29 42 52 
3600 45 27 31 33 
3600 46 5 15 19 28 31 49 51 56 
3600 47 
3600 48 38 
3600 49 46 50 
3600 50 14 30 31 49 56 60 
3600 51 7 24 46 52 56 
3600 52 13 16 19 31 42 44 51 56 
3600 53 38 56 
3600 54 
3600 55 17 37 56 
3600 56 17 18 43 46 50 51 52 53 55 
3600 57 
3600 58 26 28 
3600 59 18 30 37 43 
3600 60 7 18 22 25 50 
3600 61 8 69 73 81 84 89 91 95 
3600 62 9 65 85 89 91 
3600 63 65 79 87 92 
3600 64 2 9 67 85 89 91 96 
3600 65 62 63 91 92 
3600 66 73 84 87 
3600 67 64 74 85 88 90 
3600 68 83 
3600 69 61 70 71 92 
3600 70 2 69 80 91 94 
3600 71 69 91 
3600 72 8 76 84 89 94 
3600 73 8 61 66 82 84 88 
3600 74 2 67 94 
3600 75 
3600 76 72 84 90 
3600 77 81 92 95 
3600 78 9 87 90 94 96 
3600 79 8 63 80 82 
3600 80 70 79 
3600 81 61 77 88 
3600 82 73 79 94 
3600 83 68 86 91 
3600 84 8 61 66 72 73 76 85 94 
3600 85 9 62 64 67 84 90 91 95 
3600 86 83 
3600 87 2 9 63 66 78 92 
3600 88 8 67 73 81 96 
3600 89 61 62 64 72 
3600 90 9 67 76 78 85 94 
3600 91 61 62 64 65 70 71 83 85 93 94 96 
3600 92 2 63 65 69 77 87 
3600 93 9 91 
3600 94 2 70 72 74 78 82 84 90 91 96 
3600 95 61 77 85 
3600 96 64 78 88 91 94 
3600 97 103 115 118 120 128 132 
3600 98 127 
3600 99 108 121 
3600 100 3 128 129 
3600 101 111 115 
3600 102 103 130 
3600 103 97 102 111 116 118 125 
3600 104 10 105 121 122 127 132 
3600 105 104 
3600 106 120 129 
3600 107 109 115 124 
3600 108 10 99 111 115 116 121 123 124 127 131 
3600 109 107 113 121 
3600 110 
3600 111 3 101 103 108 113 124 125 129 133 
3600 112 
3600 113 109 111 114 132 134 
3600 114 10 113 118 120 125 129 
3600 115 97 101 107 108 127 130 
3600 116 103 108 118 127 
3600 117 119 
3600 118 97 103 114 116 119 127 129 
3600 119 117 118 122 123 124 
3600 120 3 97 106 114 122 131 
3600 121 99 104 108 109 123 129 130 131 
3600 122 10 104 119 120 133 
3600 123 108 119 121 
3600 124 10 107 108 111 119 127 133 136 
3600 125 10 103 111 114 
3600 126 135 
3600 127 98 104 108 115 116 118 124 129 
3600 128 10 97 100 129 134 
3600 129 10 100 106 111 114 118 121 127 128 
3600 130 102 115 121 
3600 131 108 120 121 
3600 132 97 104 113 
3600 133 111 122 124 
3600 134 113 128 
3600 135 3 126 
3600 136 124 
3600 137 4 11 138 139 141 142 150 
3600 138 137 160 179 
3600 139 137 154 174 
3600 140 4 152 157 158 174 
3600 141 137 148 164 170 
3600 142 137 160 161 168 174 
3600 143 155 173 
3600 144 152 162 
3600 145 157 158 
3600 146 160 
3600 147 11 161 165 168 
3600 148 141 152 155 162 173 
3600 149 161 163 164 165 173 174 
3600 150 137 175 
3600 151 156 157 166 
3600 152 140 144 148 159 162 170 175 
3600 153 164 165 181 
3600 154 139 156 175 
3600 155 143 148 156 158 159 160 161 172 174 175 
3600 156 151 154 155 157 174 175 180 
3600 157 140 145 151 156 162 168 170 174 175 
3600 158 140 145 155 162 
3600 159 152 155 161 169 
3600 160 11 138 142 146 155 
3600 161 142 147 149 155 159 
3600 162 144 148 152 157 158 177 
3600 163 149 173 174 
3600 164 141 149 153 172 
3600 165 147 149 153 169 173 
3600 166 151 
3600 167 178 
3600 168 4 142 147 157 172 
3600 169 159 165 
3600 170 141 152 157 
3600 171 
3600 172 155 164 168 173 
3600 173 4 143 148 149 163 165 172 
3600 174 4 139 140 142 149 155 156 157 163 
3600 175 150 152 154 155 156 157 
3600 176 
3600 177 162 
3600 178 167 
3600 179 138 
3600 180 156 
3600 181 153 
3600 182 0 2 3 
3600 183 0 1 
3600 184 0 2 3 
3600 185 0 1 
3600 186 0 1 2 
3600 187 0 3 
3600 188 0 1 2 
3600 189 0 1 
3600 190 0 2 3 
3600 191 0 1 3 
3600 192 0 1 2 
3600 193 0 3 
3600 194 0 1 
3600 195 0 2 3 
3600 196 0 1 
3600 197 0 3 
3600 198 0 1 3 
3600 199 0 1 2 
3600 200 0 2 3 
3600 201 0 2 
3600 202 0 1 
3600 203 0 1 2 3 
3600 204 0 2 
3600 205 0 1 3 
3600 206 0 1 
3600 207 0 2 
3600 208 0 1 2 
3600 209 0 3 
3600 210 0 3 
3600 211 0 1 2 
5400 0 
5400 1 21 22 59 
5400 2 3 9 67 72 77 79 82 87 92 95 96 182 184 186 188 190 192 195 199 200 201 203 204 207 208 211 
5400 3 2 4 99 109 114 182 184 187 190 191 193 195 197 198 200 203 205 209 210 
5400 4 3 148 150 163 168 172 173 182 185 187 190 191 193 194 197 198 199 202 204 207 208 209 
5400 5 31 40 51 52 53 58 
5400 6 30 
5400 7 22 25 31 35 53 56 
5400 8 62 72 79 87 92 93 
5400 9 2 75 80 93 
5400 10 105 108 110 114 
5400 11 142 157 175 
5400 12 38 
5400 13 54 
5400 14 21 22 53 
5400 15 16 17 21 31 36 40 41 51 
5400 16 15 22 32 33 40 42 43 51 56 
5400 17 15 55 
5400 18 21 25 50 
5400 19 26 31 55 56 58 60 
5400 20 37 
5400 21 1 14 15 18 
5400 22 1 7 14 16 46 52 
5400 23 38 39 48 
5400 24 49 
5400 25 7 18 43 50 55 
5400 26 19 35 59 
5400 27 
5400 28 
5400 29 34 60 
5400 30 6 31 44 51 60 
5400 31 5 7 15 19 30 41 43 46 
5400 32 16 35 39 53 
5400 33 16 39 45 46 
5400 34 29 
5400 35 7 26 32 49 
5400 36 15 
5400 37 20 
5400 38 12 23 46 
5400 39 23 32 33 47 52 60 
5400 40 5 15 16 
5400 41 15 31 
5400 42 16 43 60 
5400 43 16 25 31 42 45 50 51 
5400 44 30 52 60 
5400 45 33 43 
5400 46 22 31 33 38 48 
5400 47 39 
5400 48 23 46 
5400 49 24 35 55 
5400 50 18 25 43 
5400 51 5 15 16 30 43 58 
5400 52 5 22 39 44 58 
5400 53 5 7 14 32 
5400 54 13 
5400 55 17 19 25 49 
5400 56 7 16 19 
5400 57 
5400 58 5 19 51 52 60 
5400 59 1 26 
5400 60 19 29 30 39 42 44 58 
5400 61 74 75 96 
5400 62 8 67 73 77 78 79 81 82 90 91 95 
5400 63 74 79 82 87 
5400 64 71 75 80 84 85 89 
5400 65 67 70 80 94 
5400 66 68 70 84 
5400 67 2 62 65 68 77 81 86 
5400 68 66 67 74 83 86 
5400 69 78 86 96 
5400 70 65 66 73 90 92 
5400 71 64 
5400 72 2 8 88 93 
5400 73 62 70 77 80 88 
5400 74 61 63 68 77 78 88 92 93 95 
5400 75 9 61 64 80 81 88 93 96 
5400 76 82 84 89 
5400 77 2 62 67 73 74 83 90 95 
5400 78 62 69 74 89 
5400 79 2 8 62 63 80 
5400 80 9 64 65 73 75 79 82 88 90 
5400 81 62 67 75 86 
5400 82 2 62 63 76 80 84 88 90 
5400 83 68 77 
5400 84 64 66 76 82 
5400 85 64 96 
5400 86 67 68 69 81 
5400 87 2 8 63 88 93 
5400 88 72 73 74 75 80 82 87 95 
5400 89 64 76 78 95 
5400 90 62 70 77 80 82 
5400 91 62 92 
5400 92 2 8 70 74 91 
5400 93 8 9 72 74 75 87 96 
5400 94 65 96 
5400 95 2 62 74 77 88 89 
5400 96 2 61 69 75 85 93 94 
5400 97 100 105 108 111 119 129 
5400 98 107 108 111 115 121 123 124 129 131 134 
5400 99 3 101 122 126 128 136 
5400 100 97 101 123 127 131 134 
5400 101 99 100 113 118 119 131 
5400 102 122 
5400 103 106 109 117 
5400 104 114 115 125 131 132 133 
5400 105 10 97 107 110 134 
5400 106 103 112 114 123 126 
5400 107 98 105 115 
5400 108 10 97 98 116 120 125 136 
5400 109 3 103 110 115 122 124 127 129 
5400 110 10 105 109 130 135 136 
5400 111 97 98 125 130 
5400 112 106 
5400 113 101 120 127 130 132 
5400 114 3 10 104 106 116 121 128 
5400 115 98 104 107 109 131 
5400 116 108 114 118 126 130 132 
5400 117 103 121 125 136 
5400 118 101 116 130 133 
5400 119 97 101 123 
5400 120 108 113 122 136 
5400 121 98 114 117 122 124 127 129 132 135 
5400 122 99 102 109 120 121 129 
5400 123 98 100 106 119 133 
5400 124 98 109 121 127 
5400 125 104 108 111 117 
5400 126 99 106 116 129 
5400 127 100 109 113 121 124 131 
5400 128 99 114 
5400 129 97 98 109 121 122 126 136 
5400 130 110 111 113 116 118 
5400 131 98 100 101 104 115 127 133 
5400 132 104 113 116 121 
5400 133 104 118 123 131 134 
5400 134 98 100 105 133 
5400 135 110 121 136 
5400 136 99 108 110 117 120 129 135 
5400 137 150 
5400 138 
5400 139 150 156 174 
5400 140 166 
5400 141 154 156 159 160 174 175 
5400 142 11 164 174 
5400 143 153 162 165 
5400 144 155 158 162 169 176 
5400 145 169 
5400 146 147 149 150 155 169 
5400 147 146 148 152 159 160 
5400 148 4 147 150 164 168 
5400 149 146 152 160 173 
5400 150 4 137 139 146 148 152 160 162 163 175 
5400 151 154 
5400 152 147 149 150 157 174 175 
5400 153 143 172 
5400 154 141 151 168 174 
5400 155 144 146 161 175 
5400 156 139 141 175 
5400 157 11 152 168 
5400 158 144 159 161 168 
5400 159 141 147 158 169 175 
5400 160 141 147 149 150 163 
5400 161 155 158 
5400 162 143 144 150 175 177 181 
5400 163 4 150 160 165 174 
5400 164 142 148 
5400 165 143 163 174 
5400 166 140 178 
5400 167 171 
5400 168 4 148 154 157 158 178 
5400 169 144 145 146 159 178 
5400 170 
5400 171 167 
5400 172 4 153 
5400 173 4 149 174 177 
5400 174 139 141 142 152 154 163 165 173 
5400 175 11 141 150 152 155 156 159 162 
5400 176 144 
5400 177 162 173 
5400 178 166 168 169 
5400 179 180 
5400 180 179 
5400 181 162 
5400 182 2 3 4 
5400 184 2 3 
5400 185 4 
5400 186 2 
5400 187 3 4 
5400 188 2 
5400 190 2 3 4 
5400 191 3 4 
5400 192 2 
5400 193 3 4 
5400 194 4 
5400 195 2 3 
5400 197 3 4 
5400 198 3 4 
5400 199 2 4 
5400 200 2 3 
5400 201 2 
5400 202 4 
5400 203 2 3 
5400 204 2 4 
5400 205 3 
5400 207 2 4 
5400 208 2 4 
5400 209 3 4 
5400 210 3 
5400 211 2 
7200 0 
7200 1 16 18 32 58 
7200 2 3 4 77 82 91 92 182 184 186 188 190 192 195 199 200 201 203 204 207 208 211 
7200 3 2 101 102 104 106 107 115 116 117 125 182 184 187 190 191 193 195 197 198 200 203 205 209 210 
7200 4 2 141 149 174 182 185 187 190 191 193 194 197 198 199 202 204 207 208 209 
7200 5 7 25 26 32 37 50 56 
7200 6 7 22 30 
7200 7 5 6 21 28 31 40 50 51 55 
7200 8 63 64 67 70 78 82 89 93 
7200 9 67 73 76 85 
7200 10 98 100 103 108 130 
7200 11 144 148 157 170 174 
7200 12 23 
7200 13 
7200 14 18 37 48 50 
7200 15 42 51 52 55 
7200 16 1 44 
7200 17 18 56 
7200 18 1 14 17 25 37 42 
7200 19 31 32 56 60 
7200 20 
7200 21 7 30 36 
7200 22 6 43 59 
7200 23 12 33 42 
7200 24 43 
7200 25 5 18 35 46 
7200 26 5 45 50 
7200 27 
7200 28 7 38 52 
7200 29 30 
7200 30 6 21 29 37 57 
7200 31 7 19 37 52 60 
7200 32 1 5 19 39 46 
7200 33 23 37 42 46 
7200 34 
7200 35 25 55 
7200 36 21 
7200 37 5 14 18 30 31 33 44 
7200 38 28 
7200 39 32 40 
7200 40 7 39 56 
7200 41 54 
7200 42 15 18 23 33 43 
7200 43 22 24 42 51 56 
7200 44 16 37 56 
7200 45 26 
7200 46 25 32 33 60 
7200 47 
7200 48 14 53 
7200 49 
7200 50 5 7 14 26 
7200 51 7 15 43 
7200 52 15 28 31 
7200 53 48 56 
7200 54 41 
7200 55 7 15 35 
7200 56 5 17 19 40 43 44 53 58 
7200 57 30 
7200 58 1 56 60 
7200 59 22 
7200 60 19 31 46 58 
7200 61 64 73 77 81 92 95 
7200 62 72 74 81 87 88 
7200 63 8 73 81 86 87 88 90 92 
7200 64 8 61 80 86 90 93 
7200 65 
7200 66 68 69 79 81 89 
7200 67 8 9 69 71 76 78 81 82 84 89 93 96 
7200 68 66 91 
7200 69 66 67 93 
7200 70 8 73 74 77 80 91 
7200 71 67 73 79 85 89 
7200 72 62 81 89 90 94 
7200 73 9 61 63 70 71 88 93 95 
7200 74 62 70 86 87 89 90 
7200 75 81 91 
7200 76 9 67 77 
7200 77 2 61 70 76 82 
7200 78 8 67 87 
7200 79 66 71 82 96 
7200 80 64 70 
7200 81 61 62 63 66 67 72 75 85 95 
7200 82 2 8 67 77 79 84 86 
7200 83 93 
7200 84 67 82 90 94 
7200 85 9 71 81 86 
7200 86 63 64 74 82 85 
7200 87 62 63 74 78 91 95 
7200 88 62 63 73 
7200 89 8 66 67 71 72 74 91 95 
7200 90 63 64 72 74 84 
7200 91 2 68 70 75 87 89 93 94 96 
7200 92 2 61 63 
7200 93 8 64 67 69 73 83 91 
7200 94 72 84 91 
7200 95 61 73 81 87 89 96 
7200 96 67 79 91 95 
7200 97 102 103 125 
7200 98 10 104 114 121 
7200 99 101 117 132 
7200 100 10 111 119 121 128 129 
7200 101 3 99 121 129 134 
7200 102 3 97 103 136 
7200 103 10 97 102 104 106 124 131 
7200 104 3 98 103 109 115 119 124 127 128 132 134 
7200 105 111 113 130 
7200 106 3 103 119 120 132 
7200 107 3 113 127 131 133 
7200 108 10 111 128 136 
7200 109 104 112 128 
7200 110 117 120 127 130 131 136 
7200 111 100 105 108 129 
7200 112 109 
7200 113 105 107 
7200 114 98 115 117 133 
7200 115 3 104 114 118 124 
7200 116 3 135 
7200 117 3 99 110 114 119 120 130 134 135 
7200 118 115 119 124 129 131 
7200 119 100 104 106 117 118 129 132 
7200 120 106 110 117 121 123 125 129 
7200 121 98 100 101 120 132 136 
7200 122 129 131 132 135 
7200 123 120 135 
7200 124 103 104 115 118 132 
7200 125 3 97 120 127 128 
7200 126 128 135 
7200 127 104 107 110 125 134 
7200 128 100 104 108 109 125 126 
7200 129 100 101 111 118 119 120 122 
7200 130 10 105 110 117 
7200 131 103 107 110 118 122 133 
7200 132 99 104 106 119 121 122 124 133 
7200 133 107 114 131 132 
7200 134 101 104 117 127 
7200 135 116 117 122 123 126 
7200 136 102 108 110 121 
7200 137 142 144 146 158 168 
7200 138 151 169 
7200 139 154 166 174 
7200 140 143 168 172 180 
7200 141 4 146 153 
7200 142 137 146 161 169 170 174 
7200 143 140 155 165 168 180 181 
7200 144 11 137 151 161 164 168 
7200 145 169 
7200 146 137 141 142 159 170 173 
7200 147 158 175 
7200 148 11 163 165 170 172 181 
7200 149 4 160 161 169 
7200 150 152 159 165 172 180 
7200 151 138 144 156 169 176 179 
7200 152 150 175 
7200 153 141 181 
7200 154 139 169 176 
7200 155 143 160 165 
7200 156 151 159 176 
7200 157 11 163 164 167 175 178 
7200 158 137 147 
7200 159 146 150 156 163 166 
7200 160 149 155 164 174 
7200 161 142 144 149 170 
7200 162 164 168 181 
7200 163 148 157 159 164 
7200 164 144 157 160 162 163 170 173 
7200 165 143 148 150 155 173 177 179 
7200 166 139 159 169 
7200 167 157 
7200 168 137 140 143 144 162 175 176 
7200 169 138 142 145 149 151 154 166 
7200 170 11 142 146 148 161 164 175 
7200 171 
7200 172 140 148 150 180 181 
7200 173 146 164 165 
7200 174 4 11 139 142 160 179 
7200 175 147 152 157 168 170 
7200 176 151 154 156 168 
7200 177 165 
7200 178 157 
7200 179 151 165 174 
7200 180 140 143 150 172 
7200 181 143 148 153 162 172 
7200 182 2 3 4 
7200 184 2 3 
7200 185 4 
7200 186 2 
7200 187 3 4 
7200 188 2 
7200 190 2 3 4 
7200 191 3 4 
7200 192 2 
7200 193 3 4 
7200 194 4 
7200 195 2 3 
7200 197 3 4 
7200 198 3 4 
7200 199 2 4 
7200 200 2 3 
7200 201 2 
7200 202 4 
7200 203 2 3 
7200 204 2 4 
7200 205 3 
7200 207 2 4 
7200 208 2 4 
7200 209 3 4 
7200 210 3 
7200 211 2 
9000 0 1 4 182 183 184 185 186 187 188 189 190 191 192 193 194 195 196 197 198 199 200 201 202 203 204 205 206 207 208 209 210 211 
9000 1 0 6 17 24 28 40 52 183 185 186 188 189 191 192 194 196 198 199 202 203 205 206 208 211 
9000 2 3 4 62 64 65 69 73 75 81 92 182 184 186 188 190 192 195 199 200 201 203 204 207 208 211 
9000 3 2 109 113 115 122 128 131 182 184 187 190 191 193 195 197 198 200 203 205 209 210 
9000 4 0 2 150 155 157 162 172 173 182 185 187 190 191 193 194 197 198 199 202 204 207 208 209 
9000 5 15 17 25 28 42 
9000 6 1 7 17 19 21 24 25 34 
9000 7 6 18 35 44 59 
9000 8 71 72 74 82 94 
9000 9 62 94 
9000 10 98 102 103 106 134 
9000 11 147 
9000 12 
9000 13 24 37 50 
9000 14 28 31 35 38 52 
9000 15 5 30 32 43 46 
9000 16 25 26 34 
9000 17 1 5 6 22 25 28 32 34 46 51 
9000 18 7 30 34 44 
9000 19 6 28 31 34 58 
9000 20 
9000 21 6 31 40 46 56 
9000 22 17 28 42 50 55 
9000 23 48 
9000 24 1 6 13 56 
9000 25 5 6 16 17 39 52 
9000 26 16 50 51 
9000 27 
9000 28 1 5 14 17 19 22 30 35 51 58 
9000 29 
9000 30 15 18 28 40 44 
9000 31 14 19 21 41 50 51 52 53 56 
9000 32 15 17 37 39 
9000 33 
9000 34 6 16 17 18 19 35 53 55 58 
9000 35 7 14 28 34 42 50 56 
9000 36 48 
9000 37 13 32 56 
9000 38 14 57 
9000 39 25 32 40 
9000 40 1 21 30 39 43 52 53 56 
9000 41 31 55 
9000 42 5 22 35 
9000 43 15 40 51 58 
9000 44 7 18 30 55 59 
9000 45 
9000 46 15 17 21 56 
9000 47 
9000 48 23 36 53 60 
9000 49 55 
9000 50 13 22 26 31 35 51 56 
9000 51 17 26 28 31 43 50 53 55 56 
9000 52 1 14 25 31 40 59 
9000 53 31 34 40 48 51 59 
9000 54 55 
9000 55 22 34 41 44 49 51 54 
9000 56 21 24 31 35 37 40 46 50 51 
9000 57 38 60 
9000 58 19 28 34 43 
9000 59 7 44 52 53 
9000 60 48 57 
9000 61 70 87 
9000 62 2 9 64 70 77 80 82 83 85 
9000 63 66 67 85 88 94 
9000 64 2 62 68 78 82 87 91 
9000 65 2 68 69 71 73 83 88 
9000 66 63 75 79 92 
9000 67 63 69 71 76 79 82 85 94 
9000 68 64 65 
9000 69 2 65 67 79 
9000 70 61 62 85 89 92 
9000 71 8 65 67 72 76 77 
9000 72 8 71 81 85 89 
9000 73 2 65 79 86 89 
9000 74 8 76 82 85 88 96 
9000 75 2 66 85 
9000 76 67 71 74 77 79 82 87 
9000 77 62 71 76 79 91 92 
9000 78 64 84 85 86 
9000 79 66 67 69 73 76 77 88 91 
9000 80 62 90 92 95 
9000 81 2 72 84 92 96 
9000 82 8 62 64 67 74 76 83 95 
9000 83 62 65 82 91 
9000 84 78 81 88 93 
9000 85 62 63 67 70 72 74 75 78 87 96 
9000 86 73 78 96 
9000 87 61 64 76 85 88 89 91 92 95 
9000 88 63 65 74 79 84 87 91 
9000 89 70 72 73 87 94 
9000 90 80 93 96 
9000 91 64 77 79 83 87 88 
9000 92 2 66 70 77 80 81 87 95 
9000 93 84 90 
9000 94 8 9 63 67 89 
9000 95 80 82 87 92 
9000 96 74 81 85 86 90 
9000 97 122 125 
9000 98 10 104 131 
9000 99 103 
9000 100 106 113 116 127 136 
9000 101 107 129 
9000 102 10 105 121 132 
9000 103 10 99 105 111 116 123 136 
9000 104 98 122 125 128 
9000 105 102 103 107 110 111 123 
9000 106 10 100 107 110 135 
9000 107 101 105 106 121 130 
9000 108 109 119 124 127 129 
9000 109 3 108 114 116 121 132 
9000 110 105 106 
9000 111 103 105 116 120 123 130 
9000 112 116 
9000 113 3 100 125 134 
9000 114 109 122 123 127 130 136 
9000 115 3 121 130 133 134 
9000 116 100 103 109 111 112 123 136 
9000 117 122 126 131 
9000 118 136 
9000 119 108 127 130 
9000 120 111 129 132 
9000 121 102 107 109 115 123 131 134 136 
9000 122 3 97 104 114 117 129 133 
9000 123 103 105 111 114 116 121 124 
9000 124 108 123 
9000 125 97 104 113 127 
9000 126 117 
9000 127 100 108 114 119 125 131 
9000 128 3 104 130 
9000 129 101 108 120 122 130 
9000 130 107 111 114 115 119 128 129 132 134 
9000 131 3 98 117 121 127 
9000 132 102 109 120 130 
9000 133 115 122 
9000 134 10 113 115 121 130 
9000 135 106 
9000 136 100 103 114 116 118 121 
9000 137 140 150 151 152 156 158 
9000 138 
9000 139 142 145 170 
9000 140 137 
9000 141 148 164 165 169 
9000 142 139 146 161 165 
9000 143 147 148 165 
9000 144 164 179 180 
9000 145 139 166 
9000 146 142 158 161 168 
9000 147 11 143 152 157 158 160 164 179 
9000 148 141 143 150 159 168 172 173 
9000 149 158 169 
9000 150 4 137 148 155 163 164 173 
9000 151 137 
9000 152 137 147 165 179 
9000 153 
9000 154 157 158 
9000 155 4 150 159 164 168 170 
9000 156 137 169 175 
9000 157 4 147 154 
9000 158 137 146 147 149 154 162 
9000 159 148 155 164 
9000 160 147 161 171 172 
9000 161 142 146 160 165 169 174 175 
9000 162 4 158 172 
9000 163 150 164 
9000 164 141 144 147 150 155 159 163 165 174 177 
9000 165 141 142 143 152 161 164 
9000 166 145 169 
9000 167 171 
9000 168 146 148 155 177 
9000 169 141 149 156 161 166 
9000 170 139 155 
9000 171 160 167 
9000 172 4 148 160 162 173 
9000 173 4 148 150 172 
9000 174 161 164 175 176 
9000 175 156 161 174 179 
9000 176 174 180 
9000 177 164 168 
9000 178 
9000 179 144 147 152 175 180 
9000 180 144 176 179 
9000 181 
9000 182 0 2 3 4 
9000 183 0 1 
9000 184 0 2 3 
9000 185 0 1 4 
9000 186 0 1 2 
9000 187 0 3 4 
9000 188 0 1 2 
9000 189 0 1 
9000 190 0 2 3 4 
9000 191 0 1 3 4 
9000 192 0 1 2 
9000 193 0 3 4 
9000 194 0 1 4 
9000 195 0 2 3 
9000 196 0 1 
9000 197 0 3 4 
9000 198 0 1 3 4 
9000 199 0 1 2 4 
9000 200 0 2 3 
9000 201 0 2 
9000 202 0 1 4 
9000 203 0 1 2 3 
9000 204 0 2 4 
9000 205 0 1 3 
9000 206 0 1 
9000 207 0 2 4 
9000 208 0 1 2 4 
9000 209 0 3 4 
9000 210 0 3 
9000 211 0 1 2 
10800 0 3 182 183 184 185 186 187 188 189 190 191 192 193 194 195 196 197 198 199 200 201 202 203 204 205 206 207 208 209 210 211 
10800 1 3 6 17 47 50 58 183 185 186 188 189 191 192 194 196 198 199 202 203 205 206 208 211 
10800 2 73 76 78 85 86 88 
10800 3 0 1 121 127 135 182 184 187 190 191 193 195 197 198 200 203 205 209 210 
10800 4 140 146 157 169 171 173 
10800 5 15 24 25 31 
10800 6 1 13 14 26 28 35 50 52 53 59 
10800 7 59 
10800 8 79 92 93 95 
10800 9 62 69 77 
10800 10 99 101 124 125 
10800 11 141 148 154 156 157 160 161 170 172 
10800 12 
10800 13 6 50 
10800 14 6 16 30 38 47 50 
10800 15 5 28 31 36 43 52 
10800 16 14 19 22 28 50 53 60 
10800 17 1 18 50 58 
10800 18 17 31 40 46 50 60 
10800 19 16 60 
10800 20 
10800 21 35 
10800 22 16 28 35 38 47 55 
10800 23 33 60 
10800 24 5 
10800 25 5 28 35 42 43 45 47 
10800 26 6 49 56 
10800 27 
10800 28 6 15 16 22 25 42 
10800 29 34 40 
10800 30 14 41 58 60 
10800 31 5 15 18 44 47 56 
10800 32 58 
10800 33 23 53 
10800 34 29 
10800 35 6 21 22 25 41 42 56 
10800 36 15 
10800 37 
10800 38 14 22 45 60 
10800 39 53 
10800 40 18 29 51 60 
10800 41 30 35 
10800 42 25 28 35 44 60 
10800 43 15 25 45 56 
10800 44 31 42 
10800 45 25 38 43 
10800 46 18 56 
10800 47 1 14 22 25 31 
10800 48 
10800 49 26 
10800 50 1 6 13 14 16 17 18 51 58 
10800 51 40 50 
10800 52 6 15 
10800 53 6 16 33 39 59 
10800 54 59 
10800 55 22 56 59 
10800 56 26 31 35 43 46 55 60 
10800 57 
10800 58 1 17 30 32 50 
10800 59 6 7 53 54 55 
10800 60 16 18 19 23 30 38 40 42 56 
10800 61 62 66 79 
10800 62 9 61 66 74 86 88 90 95 
10800 63 65 78 79 95 
10800 64 67 77 81 96 
10800 65 63 69 
10800 66 61 62 75 80 81 
10800 67 64 69 74 77 85 88 92 93 
10800 68 93 
10800 69 9 65 67 75 76 86 88 
10800 70 79 80 85 91 92 
10800 71 81 90 92 95 
10800 72 76 
10800 73 2 74 78 91 94 
10800 74 62 67 73 78 86 90 92 
10800 75 66 69 77 91 92 94 
10800 76 2 69 72 85 86 96 
10800 77 9 64 67 75 91 
10800 78 2 63 73 74 80 93 95 
10800 79 8 61 63 70 86 91 96 
10800 80 66 70 78 92 
10800 81 64 66 71 89 
10800 82 88 
10800 83 
10800 84 85 86 90 
10800 85 2 67 70 76 84 
10800 86 2 62 69 74 76 79 84 88 90 91 93 96 
10800 87 88 90 
10800 88 2 62 67 69 82 86 87 
10800 89 81 
10800 90 62 71 74 84 86 87 91 
10800 91 70 73 75 77 79 86 90 95 
10800 92 8 67 70 71 74 75 80 
10800 93 8 67 68 78 86 
10800 94 73 75 95 96 
10800 95 8 62 63 71 78 91 94 
10800 96 64 76 79 86 94 
10800 97 112 119 
10800 98 103 108 119 127 131 136 
10800 99 10 101 121 136 
10800 100 101 108 121 130 
10800 101 10 99 100 103 118 126 136 
10800 102 103 105 126 135 136 
10800 103 98 101 102 105 114 115 119 130 131 134 
10800 104 107 123 
10800 105 102 103 114 115 123 130 
10800 106 132 133 
10800 107 104 108 122 129 
10800 108 98 100 107 114 125 132 
10800 109 111 114 115 128 134 
10800 110 115 117 120 130 135 
10800 111 109 118 121 124 128 132 
10800 112 97 114 
10800 113 114 133 
10800 114 103 105 108 109 112 113 131 134 
10800 115 103 105 109 110 124 128 134 
10800 116 119 122 128 132 134 
10800 117 110 123 126 132 
10800 118 101 111 122 127 128 
10800 119 97 98 103 116 120 122 133 
10800 120 110 119 123 134 
10800 121 3 99 100 111 128 132 
10800 122 107 116 118 119 136 
10800 123 104 105 117 120 134 
10800 124 10 111 115 129 130 
10800 125 10 108 
10800 126 101 102 117 127 135 
10800 127 3 98 118 126 131 
10800 128 109 111 115 116 118 121 
10800 129 107 124 
10800 130 100 103 105 110 124 133 135 
10800 131 98 103 114 127 
10800 132 106 108 111 116 117 121 
10800 133 106 113 119 130 
10800 134 103 109 114 115 116 120 123 
10800 135 3 102 110 126 130 
10800 136 98 99 101 102 122 
10800 137 144 155 158 170 176 
10800 138 141 158 159 161 174 
10800 139 141 142 150 155 166 
10800 140 4 144 
10800 141 11 138 139 147 155 162 168 171 
10800 142 139 
10800 143 
10800 144 137 140 145 154 159 163 176 
10800 145 144 155 156 158 174 180 
10800 146 4 150 152 160 161 163 165 
10800 147 141 149 152 155 163 173 175 
10800 148 11 171 173 
10800 149 147 162 
10800 150 139 146 164 173 174 
10800 151 156 170 175 
10800 152 146 147 154 156 163 174 
10800 153 
10800 154 11 144 152 
10800 155 137 139 141 145 147 161 163 168 172 174 
10800 156 11 145 151 152 160 165 174 
10800 157 4 11 162 170 172 174 
10800 158 137 138 145 
10800 159 138 144 160 171 174 
10800 160 11 146 156 159 164 165 
10800 161 11 138 146 155 163 166 171 175 
10800 162 141 149 157 165 171 
10800 163 144 146 147 152 155 161 
10800 164 150 160 177 
10800 165 146 156 160 162 174 175 
10800 166 139 161 
10800 167 
10800 168 141 155 174 
10800 169 4 
10800 170 11 137 151 157 
10800 171 4 141 148 159 161 162 
10800 172 11 155 157 
10800 173 4 147 148 150 175 
10800 174 138 145 150 152 155 156 157 159 165 168 
10800 175 147 151 161 165 173 
10800 176 137 144 
10800 177 164 
10800 178 
10800 179 180 
10800 180 145 179 
10800 181 
10800 182 0 3 
10800 183 0 1 
10800 184 0 3 
10800 185 0 1 
10800 186 0 1 
10800 187 0 3 
10800 188 0 1 
10800 189 0 1 
10800 190 0 3 
10800 191 0 1 3 
10800 192 0 1 
10800 193 0 3 
10800 194 0 1 
10800 195 0 3 
10800 196 0 1 
10800 197 0 3 
10800 198 0 1 3 
10800 199 0 1 
10800 200 0 3 
10800 201 0 
10800 202 0 1 
10800 203 0 1 3 
10800 204 0 
10800 205 0 1 3 
10800 206 0 1 
10800 207 0 
10800 208 0 1 
10800 209 0 3 
10800 210 0 3 
10800 211 0 1 
12600 0 
12600 1 35 42 50 59 
12600 2 62 73 77 78 94 95 
12600 3 103 104 118 123 125 127 
12600 4 141 149 160 163 
12600 5 24 40 41 43 53 
12600 6 15 16 27 31 35 58 
12600 7 18 25 30 31 42 
12600 8 64 81 
12600 9 76 86 94 95 
12600 10 99 116 127 
12600 11 140 146 148 164 168 169 175 
12600 12 48 
12600 13 27 
12600 14 51 
12600 15 6 29 30 
12600 16 6 23 26 27 36 48 55 
12600 17 31 40 41 43 52 58 
12600 18 7 29 30 
12600 19 30 40 52 53 
12600 20 37 
12600 21 29 35 44 46 58 
12600 22 28 52 55 
12600 23 16 43 
12600 24 5 49 
12600 25 7 31 35 40 52 53 
12600 26 16 29 30 44 46 49 59 
12600 27 6 13 16 35 51 55 
12600 28 22 35 38 44 53 60 
12600 29 15 18 21 26 
12600 30 7 15 18 19 26 31 35 36 
12600 31 6 7 17 25 30 32 
12600 32 31 42 56 
12600 33 38 39 60 
12600 34 
12600 35 1 6 21 25 27 28 30 43 46 50 56 60 
12600 36 16 30 
12600 37 20 
12600 38 28 33 
12600 39 33 53 
12600 40 5 17 19 25 41 52 59 60 
12600 41 5 17 40 
12600 42 1 7 32 58 
12600 43 5 17 23 35 45 
12600 44 21 26 28 53 58 60 
12600 45 43 47 
12600 46 21 26 35 52 58 60 
12600 47 45 
12600 48 12 16 
12600 49 24 26 
12600 50 1 35 53 
12600 51 14 27 53 58 
12600 52 17 19 22 25 40 46 
12600 53 5 19 25 28 39 44 50 51 59 
12600 54 
12600 55 16 22 27 59 
12600 56 32 35 60 
12600 57 
12600 58 6 17 21 42 44 46 51 
12600 59 1 26 40 53 55 
12600 60 28 33 35 40 44 46 56 
12600 61 66 72 79 82 84 88 90 91 94 
12600 62 2 73 86 
12600 63 66 67 70 92 
12600 64 8 66 73 74 79 92 
12600 65 83 96 
12600 66 61 63 64 67 69 76 77 79 89 
12600 67 63 66 74 78 85 86 88 93 
12600 68 77 
12600 69 66 75 77 85 92 96 
12600 70 63 74 81 88 90 96 
12600 71 72 76 88 93 94 
12600 72 61 71 78 85 91 94 
12600 73 2 62 64 77 82 88 91 95 
12600 74 64 67 70 90 91 96 
12600 75 69 79 84 85 94 
12600 76 9 66 71 90 96 
12600 77 2 66 68 69 73 78 80 94 
12600 78 2 67 72 77 88 90 94 
12600 79 61 64 66 75 81 87 
12600 80 77 87 96 
12600 81 8 70 79 95 
12600 82 61 73 86 89 
12600 83 65 86 
12600 84 61 75 89 
12600 85 67 69 72 75 
12600 86 9 62 67 82 83 
12600 87 79 80 89 
12600 88 61 67 70 71 73 78 89 91 95 
12600 89 66 82 84 87 88 
12600 90 61 70 74 76 78 93 95 
12600 91 61 72 73 74 88 
12600 92 63 64 69 96 
12600 93 67 71 90 94 
12600 94 2 9 61 71 72 75 77 78 93 
12600 95 2 9 73 81 88 90 
12600 96 65 69 70 74 76 80 92 
12600 97 123 127 132 
12600 98 115 122 131 133 
12600 99 10 120 127 128 132 134 
12600 100 117 
12600 101 116 118 121 122 
12600 102 106 114 116 
12600 103 3 109 117 131 
12600 104 3 110 111 114 119 121 123 131 
12600 105 113 
12600 106 102 107 111 115 131 132 133 135 
12600 107 106 109 117 124 128 129 130 132 
12600 108 131 132 134 
12600 109 103 107 114 116 118 122 127 129 132 
12600 110 104 113 127 128 134 135 
12600 111 104 106 116 
12600 112 
12600 113 105 110 129 136 
12600 114 102 104 109 117 118 120 129 132 
12600 115 98 106 121 122 
12600 116 10 101 102 109 111 136 
12600 117 100 103 107 114 122 128 131 
12600 118 3 101 109 114 131 
12600 119 104 121 122 127 128 
12600 120 99 114 
12600 121 101 104 115 119 123 
12600 122 98 101 109 115 117 119 135 
12600 123 3 97 104 121 
12600 124 107 125 
12600 125 3 124 134 136 
12600 126 135 
12600 127 3 10 97 99 109 110 119 
12600 128 99 107 110 117 119 129 
12600 129 107 109 113 114 128 130 131 134 136 
12600 130 107 129 135 136 
12600 131 98 103 104 106 108 117 118 129 136 
12600 132 97 99 106 107 108 109 114 133 
12600 133 98 106 132 136 
12600 134 99 108 110 125 129 
12600 135 106 110 122 126 130 136 
12600 136 113 116 125 129 130 131 133 135 
12600 137 150 165 168 175 176 
12600 138 165 176 
12600 139 142 151 168 170 177 
12600 140 11 158 
12600 141 4 143 146 155 165 
12600 142 139 144 155 159 165 
12600 143 141 147 159 164 172 
12600 144 142 147 152 156 161 162 
12600 145 
12600 146 11 141 159 164 
12600 147 143 144 168 177 181 
12600 148 11 158 165 177 
12600 149 4 152 155 175 
12600 150 137 160 177 
12600 151 139 
12600 152 144 149 154 158 160 170 172 173 
12600 153 
12600 154 152 159 
12600 155 141 142 149 165 
12600 156 144 176 
12600 157 160 179 
12600 158 140 148 152 159 160 162 
12600 159 142 143 146 154 158 172 
12600 160 4 150 152 157 158 161 162 170 172 
12600 161 144 160 164 169 175 
12600 162 144 158 160 163 
12600 163 4 162 
12600 164 11 143 146 161 177 181 
12600 165 137 138 141 142 148 155 173 175 177 
12600 166 
12600 167 
12600 168 11 137 139 147 172 173 
12600 169 11 161 173 
12600 170 139 152 160 
12600 171 
12600 172 143 152 159 160 168 
12600 173 152 165 168 169 181 
12600 174 179 
12600 175 11 137 149 161 165 
12600 176 137 138 156 
12600 177 139 147 148 150 164 165 
12600 178 
12600 179 157 174 
12600 180 
12600 181 147 164 173 
14400 0 2 182 183 184 185 186 187 188 189 190 191 192 193 194 195 196 197 198 199 200 201 202 203 204 205 206 207 208 209 210 211 
14400 1 4 24 30 32 40 53 55 183 185 186 188 189 191 192 194 196 198 199 202 203 205 206 208 211 
14400 2 0 76 88 182 184 186 188 190 192 195 199 200 201 203 204 207 208 211 
14400 3 4 104 114 115 120 130 182 184 187 190 191 193 195 197 198 200 203 205 209 210 
14400 4 1 3 137 142 146 148 154 161 182 185 187 190 191 193 194 197 198 199 202 204 207 208 209 
14400 5 7 31 40 41 
14400 6 13 15 22 30 32 46 
14400 7 5 28 35 52 
14400 8 73 82 86 91 96 
14400 9 62 64 71 76 80 81 84 88 
14400 10 97 99 104 109 113 114 115 118 121 124 
14400 11 141 149 152 163 
14400 12 42 
14400 13 6 26 54 
14400 14 18 30 39 52 
14400 15 6 18 31 53 
14400 16 18 43 53 
14400 17 60 
14400 18 14 15 16 24 50 56 
14400 19 42 
14400 20 
14400 21 25 35 36 46 
14400 22 6 35 40 46 
14400 23 33 43 
14400 24 1 18 28 51 
14400 25 21 26 57 
14400 26 13 25 
14400 27 32 
14400 28 7 24 30 39 40 42 43 59 
14400 29 36 
14400 30 1 6 14 28 35 43 46 
14400 31 5 15 35 44 46 60 
14400 32 1 6 27 39 42 43 44 46 
14400 33 23 38 
14400 34 
14400 35 7 21 22 30 31 42 55 
14400 36 21 29 56 
14400 37 
14400 38 33 48 57 
14400 39 14 28 32 43 47 57 
14400 40 1 5 22 28 51 
14400 41 5 
14400 42 12 19 28 32 35 
14400 43 16 23 28 30 32 39 51 59 60 
14400 44 31 32 
14400 45 
14400 46 6 21 22 30 31 32 48 
14400 47 39 59 
14400 48 38 46 56 
14400 49 
14400 50 18 56 
14400 51 24 40 43 
14400 52 7 14 
14400 53 1 15 16 58 
14400 54 13 59 
14400 55 1 35 
14400 56 18 36 48 50 
14400 57 25 38 39 
14400 58 53 
14400 59 28 43 47 54 
14400 60 17 31 43 
14400 61 74 79 82 85 96 
14400 62 9 67 70 76 93 
14400 63 75 78 81 86 91 92 95 96 
14400 64 9 68 76 78 85 
14400 65 91 92 
14400 66 71 72 87 89 
14400 67 62 69 84 85 87 92 95 
14400 68 64 83 
14400 69 67 71 75 80 85 92 93 96 
14400 70 62 91 
14400 71 9 66 69 77 79 85 
14400 72 66 75 81 
14400 73 8 78 88 94 
14400 74 61 75 79 81 92 94 
14400 75 63 69 72 74 91 93 
14400 76 2 9 62 64 80 94 
14400 77 71 80 92 95 
14400 78 63 64 73 85 87 93 
14400 79 61 71 74 81 
14400 80 9 69 76 77 82 95 
14400 81 9 63 72 74 79 87 90 
14400 82 8 61 80 89 91 95 96 
14400 83 68 
14400 84 9 67 85 95 
14400 85 61 64 67 69 71 78 84 90 94 
14400 86 8 63 91 
14400 87 66 67 78 81 92 
14400 88 2 9 73 89 95 
14400 89 66 82 88 90 
14400 90 81 85 89 91 
14400 91 8 63 65 70 75 82 86 90 92 
14400 92 63 65 67 69 74 77 87 91 93 
14400 93 62 69 75 78 92 94 
14400 94 73 74 76 85 93 
14400 95 63 67 77 80 82 84 88 
14400 96 8 61 63 69 82 
14400 97 10 106 
14400 98 103 125 136 
14400 99 10 103 117 
14400 100 110 116 131 
14400 101 108 109 114 121 124 127 128 
14400 102 125 131 
14400 103 98 99 106 107 111 123 124 136 
14400 104 3 10 121 124 
14400 105 131 
14400 106 97 103 114 132 134 136 
14400 107 103 111 120 136 
14400 108 101 111 114 132 
14400 109 10 101 115 116 130 134 
14400 110 100 123 136 
14400 111 103 107 108 127 131 
14400 112 
14400 113 10 127 132 133 
14400 114 3 10 101 106 108 118 121 129 132 
14400 115 3 10 109 116 123 127 131 
14400 116 100 109 115 120 
14400 117 99 120 
14400 118 10 114 119 125 134 135 
14400 119 118 129 
14400 120 3 107 116 117 123 127 130 133 134 
14400 121 10 101 104 114 123 128 130 131 133 
14400 122 123 133 
14400 123 103 110 115 120 121 122 129 
14400 124 10 101 103 104 127 134 
14400 125 98 102 118 131 133 
14400 126 
14400 127 101 111 113 115 120 124 129 
14400 128 101 121 136 
14400 129 114 119 123 127 134 
14400 130 3 109 120 121 131 134 
14400 131 100 102 105 111 115 121 125 130 134 
14400 132 106 108 113 114 
14400 133 113 120 121 122 125 
14400 134 106 109 118 120 124 129 130 131 
14400 135 118 
14400 136 98 103 106 107 110 128 
14400 137 4 147 150 152 160 168 
14400 138 174 176 
14400 139 151 169 
14400 140 174 
14400 141 11 142 154 156 160 163 172 
14400 142 4 141 172 
14400 143 162 163 165 172 
14400 144 147 150 152 162 164 169 174 
14400 145 
14400 146 4 156 162 169 173 
14400 147 137 144 162 170 
14400 148 4 155 173 181 
14400 149 11 152 157 160 173 174 
14400 150 137 144 152 174 
14400 151 139 
14400 152 11 137 144 149 150 169 
14400 153 165 
14400 154 4 141 158 159 160 170 172 
14400 155 148 159 165 
14400 156 141 146 159 174 
14400 157 149 169 170 173 179 
14400 158 154 162 164 
14400 159 154 155 156 163 168 
14400 160 137 141 149 154 168 
14400 161 4 163 
14400 162 143 144 146 147 158 
14400 163 11 141 143 159 161 168 169 172 
14400 164 144 158 
14400 165 143 153 155 169 173 174 177 
14400 166 175 
14400 167 171 
14400 168 137 159 160 163 169 175 
14400 169 139 144 146 152 157 163 165 168 170 
14400 170 147 154 157 169 176 
14400 171 167 
14400 172 141 142 143 154 163 
14400 173 146 148 149 157 165 177 181 
14400 174 138 140 144 149 150 156 165 179 
14400 175 166 168 
14400 176 138 170 
14400 177 165 173 
14400 178 
14400 179 157 174 
14400 180 
14400 181 148 173 
14400 182 0 2 3 4 
14400 183 0 1 
14400 184 0 2 3 
14400 185 0 1 4 
14400 186 0 1 2 
14400 187 0 3 4 
14400 188 0 1 2 
14400 189 0 1 
14400 190 0 2 3 4 
14400 191 0 1 3 4 
14400 192 0 1 2 
14400 193 0 3 4 
14400 194 0 1 4 
14400 195 0 2 3 
14400 196 0 1 
14400 197 0 3 4 
14400 198 0 1 3 4 
14400 199 0 1 2 4 
14400 200 0 2 3 
14400 201 0 2 
14400 202 0 1 4 
14400 203 0 1 2 3 
14400 204 0 2 4 
14400 205 0 1 3 
14400 206 0 1 
14400 207 0 2 4 
14400 208 0 1 2 4 
14400 209 0 3 4 
14400 210 0 3 
14400 211 0 1 2 
16200 0 1 4 182 183 184 185 186 187 188 189 190 191 192 193 194 195 196 197 198 199 200 201 202 203 204 205 206 207 208 209 210 211 
16200 1 0 5 6 17 26 30 46 53 183 185 186 188 189 191 192 194 196 198 199 202 203 205 206 208 211 
16200 2 3 64 74 78 95 182 184 186 188 190 192 195 199 200 201 203 204 207 208 211 
16200 3 2 4 99 100 102 104 114 136 182 184 187 190 191 193 195 197 198 200 203 205 209 210 
16200 4 0 3 141 142 154 159 163 182 185 187 190 191 193 194 197 198 199 202 204 207 208 209 
16200 5 1 14 19 22 46 53 60 
16200 6 1 17 21 56 
16200 7 26 28 35 42 50 51 
16200 8 74 84 86 87 
16200 9 61 67 74 80 91 96 
16200 10 98 100 104 
16200 11 141 146 155 168 169 176 
16200 12 
16200 13 
16200 14 5 38 48 51 52 
16200 15 59 
16200 16 19 33 39 40 42 44 58 
16200 17 1 6 21 22 25 35 43 60 
16200 18 21 26 38 43 50 51 53 55 
16200 19 5 16 28 32 56 58 60 
16200 20 
16200 21 6 17 18 22 26 29 31 41 56 
16200 22 5 17 21 42 55 
16200 23 
16200 24 28 47 56 
16200 25 17 
16200 26 1 7 18 21 49 52 54 
16200 27 
16200 28 7 19 24 31 40 43 46 52 56 
16200 29 21 
16200 30 1 39 44 45 56 
16200 31 21 28 32 56 
16200 32 19 31 43 51 
16200 33 16 
16200 34 
16200 35 7 17 41 52 
16200 36 
16200 37 
16200 38 14 18 41 44 50 
16200 39 16 30 42 44 
16200 40 16 28 43 46 56 60 
16200 41 21 35 38 
16200 42 7 16 22 39 60 
16200 43 17 18 28 32 40 52 60 
16200 44 16 30 38 39 53 56 
16200 45 30 50 
16200 46 1 5 28 40 58 
16200 47 24 
16200 48 14 
16200 49 26 
16200 50 7 18 38 45 58 
16200 51 7 14 18 32 54 
16200 52 14 26 28 35 43 60 
16200 53 1 5 18 44 60 
16200 54 26 51 
16200 55 18 22 56 
16200 56 6 19 21 24 28 30 31 40 44 55 58 
16200 57 
16200 58 16 19 46 50 56 
16200 59 15 
16200 60 5 17 19 40 42 43 52 53 
16200 61 9 67 69 75 79 90 
16200 62 79 82 
16200 63 90 93 
16200 64 2 80 87 90 91 
16200 65 66 92 96 
16200 66 65 
16200 67 9 61 74 80 88 91 92 
16200 68 77 
16200 69 61 73 76 90 94 
16200 70 79 93 96 
16200 71 75 80 95 
16200 72 81 90 
16200 73 69 76 81 91 92 
16200 74 2 8 9 67 94 95 
16200 75 61 71 82 88 91 93 95 
16200 76 69 73 88 90 92 93 
16200 77 68 82 
16200 78 2 84 88 93 96 
16200 79 61 62 70 85 95 
16200 80 9 64 67 71 86 93 95 96 
16200 81 72 73 88 93 
16200 82 62 75 77 85 89 94 
16200 83 
16200 84 8 78 87 88 93 94 
16200 85 79 82 87 88 
16200 86 8 80 96 
16200 87 8 64 84 85 96 
16200 88 67 75 76 78 81 84 85 96 
16200 89 82 91 
16200 90 61 63 64 69 72 76 96 
16200 91 9 64 67 73 75 89 
16200 92 65 67 73 76 
16200 93 63 70 75 76 78 80 81 84 
16200 94 69 74 82 84 
16200 95 2 71 74 75 79 80 
16200 96 9 65 70 78 80 86 87 88 90 
16200 97 102 111 113 130 
16200 98 10 100 101 111 116 117 122 123 128 133 134 
16200 99 3 116 132 
16200 100 3 10 98 101 116 
16200 101 98 100 106 107 113 114 117 133 
16200 102 3 97 118 121 122 127 
16200 103 104 123 127 135 136 
16200 104 3 10 103 106 132 
16200 105 121 122 123 
16200 106 101 104 119 120 125 
16200 107 101 113 118 130 136 
16200 108 115 124 130 132 
16200 109 115 116 118 122 131 136 
16200 110 113 114 117 118 119 129 133 
16200 111 97 98 120 121 127 
16200 112 
16200 113 97 101 107 110 114 
16200 114 3 101 110 113 117 121 133 
16200 115 108 109 133 
16200 116 98 99 100 109 132 
16200 117 98 101 110 114 121 122 123 129 136 
16200 118 102 107 109 110 136 
16200 119 106 110 124 
16200 120 106 111 126 127 129 134 
16200 121 102 105 111 114 117 
16200 122 98 102 105 109 117 127 
16200 123 98 103 105 117 124 
16200 124 108 119 123 127 
16200 125 106 
16200 126 120 
16200 127 102 103 111 120 122 124 130 
16200 128 98 130 132 135 
16200 129 110 117 120 
16200 130 97 107 108 127 128 134 
16200 131 109 
16200 132 99 104 108 116 128 
16200 133 98 101 110 114 115 
16200 134 98 120 130 
16200 135 103 128 
16200 136 3 103 107 109 117 118 
16200 137 155 156 160 165 
16200 138 139 140 157 
16200 139 138 143 150 157 169 
16200 140 138 
16200 141 4 11 143 144 165 
16200 142 4 147 154 164 172 174 176 
16200 143 139 141 164 172 173 
16200 144 141 150 159 163 
16200 145 165 166 
16200 146 11 169 173 
16200 147 142 157 161 169 
16200 148 168 
16200 149 155 157 161 162 176 
16200 150 139 144 154 
16200 151 174 175 179 
16200 152 170 
16200 153 156 158 160 
16200 154 4 142 150 165 171 174 
16200 155 11 137 149 156 168 169 173 
16200 156 137 153 155 160 
16200 157 138 139 147 149 159 164 173 
16200 158 153 159 163 168 169 170 
16200 159 4 144 157 158 161 164 
16200 160 137 153 156 176 
16200 161 147 149 159 
16200 162 149 172 
16200 163 4 144 158 164 175 
16200 164 142 143 157 159 163 165 172 
16200 165 137 141 145 154 164 
16200 166 145 174 176 
16200 167 
16200 168 11 148 155 158 
16200 169 11 139 146 147 155 158 
16200 170 152 158 179 
16200 171 154 
16200 172 142 143 162 164 
16200 173 143 146 155 157 
16200 174 142 151 154 166 179 
16200 175 151 163 176 180 
16200 176 11 142 149 160 166 175 
16200 177 
16200 178 
16200 179 151 170 174 
16200 180 175 
16200 181 
16200 182 0 2 3 4 
16200 183 0 1 
16200 184 0 2 3 
16200 185 0 1 4 
16200 186 0 1 2 
16200 187 0 3 4 
16200 188 0 1 2 
16200 189 0 1 
16200 190 0 2 3 4 
16200 191 0 1 3 4 
16200 192 0 1 2 
16200 193 0 3 4 
16200 194 0 1 4 
16200 195 0 2 3 
16200 196 0 1 
16200 197 0 3 4 
16200 198 0 1 3 4 
16200 199 0 1 2 4 
16200 200 0 2 3 
16200 201 0 2 
16200 202 0 1 4 
16200 203 0 1 2 3 
16200 204 0 2 4 
16200 205 0 1 3 
16200 206 0 1 
16200 207 0 2 4 
16200 208 0 1 2 4 
16200 209 0 3 4 
16200 210 0 3 
16200 211 0 1 2 
18000 0 1 2 182 183 184 185 186 187 188 189 190 191 192 193 194 195 196 197 198 199 200 201 202 203 204 205 206 207 208 209 210 211 
18000 1 0 7 14 17 19 21 35 41 51 52 183 185 186 188 189 191 192 194 196 198 199 202 203 205 206 208 211 
18000 2 0 3 61 81 84 85 182 184 186 188 190 192 195 199 200 201 203 204 207 208 211 
18000 3 2 100 102 103 105 110 182 184 187 190 191 193 195 197 198 200 203 205 209 210 
18000 4 154 160 165 169 
18000 5 6 18 22 40 60 
18000 6 5 13 32 
18000 7 1 
18000 8 66 73 93 
18000 9 63 72 74 76 79 87 
18000 10 102 104 113 119 122 129 
18000 11 143 147 156 172 
18000 12 23 33 
18000 13 6 49 56 
18000 14 1 25 31 40 43 48 
18000 15 28 33 39 41 47 56 
18000 16 30 32 38 52 
18000 17 1 22 25 32 
18000 18 5 60 
18000 19 1 21 26 35 52 55 56 
18000 20 
18000 21 1 19 35 53 
18000 22 5 17 40 41 
18000 23 12 42 43 60 
18000 24 
18000 25 14 17 31 43 49 50 52 60 
18000 26 19 37 56 58 
18000 27 39 
18000 28 15 35 46 56 
18000 29 
18000 30 16 32 40 56 
18000 31 14 25 43 51 53 
18000 32 6 16 17 30 40 58 
18000 33 12 15 45 46 
18000 34 36 
18000 35 1 19 21 28 46 53 
18000 36 34 
18000 37 26 49 
18000 38 16 57 
18000 39 15 27 47 60 
18000 40 5 14 22 30 32 
18000 41 1 15 22 53 
18000 42 23 43 51 
18000 43 14 23 25 31 42 44 46 
18000 44 43 52 
18000 45 33 
18000 46 28 33 35 43 48 
18000 47 15 39 
18000 48 14 46 
18000 49 13 25 37 
18000 50 25 55 
18000 51 1 31 42 56 60 
18000 52 1 16 19 25 44 56 
18000 53 21 31 35 41 56 58 
18000 54 
18000 55 19 50 
18000 56 13 15 19 26 28 30 51 52 53 58 
18000 57 38 
18000 58 26 32 53 56 
18000 59 
18000 60 5 18 23 25 39 51 
18000 61 2 81 88 91 95 
18000 62 63 67 85 86 94 96 
18000 63 9 62 75 78 79 90 
18000 64 81 82 85 92 96 
18000 65 69 91 92 
18000 66 8 71 80 92 
18000 67 62 70 79 91 
18000 68 80 
18000 69 65 71 77 81 82 89 94 
18000 70 67 82 85 94 
18000 71 66 69 77 81 
18000 72 9 
18000 73 8 74 86 
18000 74 9 73 78 80 87 92 
18000 75 63 87 94 
18000 76 9 88 89 91 
18000 77 69 71 85 93 95 96 
18000 78 63 74 80 90 
18000 79 9 63 67 82 87 92 
18000 80 66 68 74 78 90 95 
18000 81 2 61 64 69 71 82 83 95 
18000 82 64 69 70 79 81 91 95 96 
18000 83 81 
18000 84 2 94 
18000 85 2 62 64 70 77 90 93 
18000 86 62 73 90 92 96 
18000 87 9 74 75 79 88 92 
18000 88 61 76 87 89 90 94 96 
18000 89 69 76 88 93 
18000 90 63 78 80 85 86 88 91 
18000 91 61 65 67 76 82 90 92 
18000 92 64 65 66 74 79 86 87 91 
18000 93 8 77 85 89 
18000 94 62 69 70 75 84 88 
18000 95 61 77 80 81 82 
18000 96 62 64 77 82 86 88 
18000 97 110 135 136 
18000 98 103 110 114 117 120 129 130 131 
18000 99 113 126 
18000 100 3 106 119 126 127 130 
18000 101 106 109 111 120 121 129 136 
18000 102 3 10 109 134 
18000 103 3 98 104 106 125 132 
18000 104 10 103 118 122 127 129 132 
18000 105 3 115 123 124 131 
18000 106 100 101 103 113 125 132 133 136 
18000 107 120 133 
18000 108 119 120 123 124 136 
18000 109 101 102 110 111 118 123 131 
18000 110 3 97 98 109 123 130 134 135 
18000 111 101 109 120 127 135 
18000 112 135 
18000 113 10 99 106 123 133 136 
18000 114 98 115 116 120 121 124 133 
18000 115 105 114 119 
18000 116 114 126 135 
18000 117 98 121 131 
18000 118 104 109 120 122 
18000 119 10 100 108 115 124 134 
18000 120 98 101 107 108 111 114 118 129 136 
18000 121 101 114 117 136 
18000 122 10 104 118 125 132 136 
18000 123 105 108 109 110 113 130 
18000 124 105 108 114 119 131 
18000 125 103 106 122 130 
18000 126 99 100 116 135 
18000 127 100 104 111 
18000 128 
18000 129 10 98 101 104 120 131 135 
18000 130 98 100 110 123 125 133 
18000 131 98 105 109 117 124 129 133 
18000 132 103 104 106 122 
18000 133 106 107 113 114 130 131 
18000 134 102 110 119 136 
18000 135 97 110 111 112 116 126 129 
18000 136 97 101 106 108 113 120 121 122 134 
18000 137 142 143 146 148 152 154 179 
18000 138 
18000 139 140 170 176 179 
18000 140 139 145 161 166 169 176 
18000 141 147 150 169 
18000 142 137 145 150 156 166 170 180 
18000 143 11 137 158 174 176 
18000 144 147 150 174 176 180 
18000 145 140 142 157 
18000 146 137 147 148 152 159 172 174 
18000 147 11 141 144 146 149 154 155 172 
18000 148 137 146 156 169 174 179 
18000 149 147 165 173 
18000 150 141 142 144 
18000 151 174 175 
18000 152 137 146 161 169 174 
18000 153 
18000 154 4 137 147 156 180 
18000 155 147 163 173 
18000 156 11 142 148 154 158 160 165 
18000 157 145 
18000 158 143 156 162 163 164 165 170 
18000 159 146 178 
18000 160 4 156 161 166 172 
18000 161 140 152 160 
18000 162 158 
18000 163 155 158 164 165 169 
18000 164 158 163 177 
18000 165 4 149 156 158 163 
18000 166 140 142 160 
18000 167 
18000 168 172 
18000 169 4 140 141 148 152 163 173 174 
18000 170 139 142 158 179 
18000 171 
18000 172 11 146 147 160 168 
18000 173 149 155 169 175 
18000 174 143 144 146 148 151 152 169 
18000 175 151 173 176 
18000 176 139 140 143 144 175 180 
18000 177 164 181 
18000 178 159 
18000 179 137 139 148 170 
18000 180 142 144 154 176 
18000 181 177 
18000 182 0 2 3 
18000 183 0 1 
18000 184 0 2 3 
18000 185 0 1 
18000 186 0 1 2 
18000 187 0 3 
18000 188 0 1 2 
18000 189 0 1 
18000 190 0 2 3 
18000 191 0 1 3 
18000 192 0 1 2 
18000 193 0 3 
18000 194 0 1 
18000 195 0 2 3 
18000 196 0 1 
18000 197 0 3 
18000 198 0 1 3 
18000 199 0 1 2 
18000 200 0 2 3 
18000 201 0 2 
18000 202 0 1 
18000 203 0 1 2 3 
18000 204 0 2 
18000 205 0 1 3 
18000 206 0 1 
18000 207 0 2 
18000 208 0 1 2 
18000 209 0 3 
18000 210 0 3 
18000 211 0 1 2 
