0 21600
1800 165 10 36 188
3600 165 10 36 188 79 92 197 18
5400 165 10 36 188 79 92 197 18 19 9 50 134
7200 165 10 36 188 79 92 197 18 19 9 50 134 67 187 189 146
9000 165 10 36 188 79 92 197 18 19 9 50 134 67 187 189 146 192 90 1 141
10800 165 10 36 188 79 92 197 18 19 9 50 134 67 187 189 146 192 90 1 141 24 110 135 132
12600 165 10 36 188 79 92 197 18 19 9 50 134 67 187 189 146 192 90 1 141 24 110 135 132 193 100 8 195
14400 165 10 36 188 79 92 197 18 19 9 50 134 67 187 189 146 192 90 1 141 24 110 135 132 193 100 8 195 199 120 142 93
16200 165 10 36 188 79 92 197 18 19 9 50 134 67 187 189 146 192 90 1 141 24 110 135 132 193 100 8 195 199 120 142 93 121 89 68 170
18000 165 10 36 188 79 92 197 18 19 9 50 134 67 187 189 146 192 90 1 141 24 110 135 132 193 100 8 195 199 120 142 93 121 89 68 170 158 186 52 159
19800 165 10 36 188 79 92 197 18 19 9 50 134 67 187 189 146 192 90 1 141 24 110 135 132 193 100 8 195 199 120 142 93 121 89 68 170 158 186 52 159 29 27 103 198
