0 10800 0 10000 0 10000
0 0 3774 4448
0 1 3334 5785
0 2 2544 4825
0 3 1016 5014
0 4 3334 5785
0 5 3334 5785
0 6 3334 5785
0 7 2544 4825
0 8 2544 4825
0 9 1016 5014
0 10 3426 5759
0 11 3141 5737
0 12 3257 5760
0 13 3190 5778
0 14 3244 5653
0 15 3352 5787
0 16 3139 5880
0 17 3324 5771
0 18 3174 5743
0 19 3333 5775
0 20 3406 5874
0 21 3425 5722
0 22 3162 5706
0 23 3359 5818
0 24 3230 5922
0 25 3512 5644
0 26 3318 5787
0 27 3365 5757
0 28 3444 5635
0 29 3460 5675
0 30 3229 5745
0 31 3401 5859
0 32 3463 5750
0 33 3346 5731
0 34 3233 5728
0 35 3279 5720
0 36 3340 5782
0 37 3345 5732
0 38 3345 5800
0 39 3154 5756
0 40 3373 5727
0 41 3307 5771
0 42 3337 5727
0 43 3357 5738
0 44 3358 5773
0 45 3337 5784
0 46 2554 4845
0 47 2523 5001
0 48 2501 4830
0 49 2513 4822
0 50 2532 4910
0 51 2488 4831
0 52 2529 4762
0 53 2578 4830
0 54 2653 4896
0 55 2461 4847
0 56 2537 4825
0 57 2517 4811
0 58 2507 4827
0 59 2563 4897
0 60 2557 4809
0 61 2493 4920
0 62 2539 4825
0 63 2540 4830
0 64 2607 4767
0 65 2514 4718
0 66 2560 4809
0 67 2580 4874
0 68 2604 4813
0 69 2436 4739
0 70 2545 4826
0 71 2492 4777
0 72 2460 4766
0 73 2558 4844
0 74 2534 4828
0 75 2489 4844
0 76 2531 4843
0 77 2464 4880
0 78 2452 4733
0 79 2634 4877
0 80 2589 4939
0 81 2606 4926
0 82 2555 4833
0 83 2527 4847
0 84 2400 4899
0 85 2643 4757
0 86 943 5161
0 87 894 4879
0 88 1018 5034
0 89 1066 4880
0 90 1003 5098
0 91 989 5034
0 92 959 4907
0 93 1041 4905
0 94 907 5111
0 95 1067 4950
0 96 1070 5083
0 97 1062 4982
0 98 1150 4901
0 99 949 4842
0 100 997 4935
0 101 985 5009
0 102 949 4982
0 103 1044 5034
0 104 960 5050
0 105 995 4972
0 106 1060 5057
0 107 1095 5044
0 108 1015 5024
0 109 999 5039
0 110 1033 5015
0 111 1042 4997
0 112 1140 5025
0 113 1036 5025
0 114 1097 5072
0 115 1023 5013
0 116 1108 5036
0 117 1115 5129
0 118 1178 4969
0 119 1014 5022
0 120 1058 4965
0 121 1072 5054
0 122 1034 5001
0 123 946 5038
0 124 1055 5004
0 125 994 5003
0 126 897 5060
0 127 956 5066
0 128 1047 5023
0 129 1137 4974
300 0 3774 4448
300 1 3334 5785
300 2 2544 4825
300 3 1016 5014
300 4 3334 5785
300 5 3334 5785
300 6 3334 5785
300 7 2544 4825
300 8 2544 4825
300 9 1016 5014
300 10 3426 5759
300 11 3141 5737
300 12 3181 5755
300 13 3190 5778
300 14 3244 5653
300 15 3352 5787
300 16 3139 5880
300 17 3324 5771
300 18 3174 5743
300 19 3333 5775
300 20 3406 5874
300 21 3425 5722
300 22 3162 5706
300 23 3359 5818
300 24 3230 5922
300 25 3512 5644
300 26 3318 5787
300 27 3365 5757
300 28 3444 5635
300 29 3460 5675
300 30 3284 6004
300 31 3401 5859
300 32 3463 5750
300 33 3346 5731
300 34 3233 5728
300 35 3279 5720
300 36 3340 5782
300 37 3345 5732
300 38 3345 5800
300 39 3154 5756
300 40 3373 5727
300 41 3307 5771
300 42 3337 5727
300 43 3357 5738
300 44 3358 5773
300 45 3337 5784
300 46 2554 4845
300 47 2523 5001
300 48 2501 4830
300 49 2513 4822
300 50 2532 4910
300 51 2488 4831
300 52 2529 4762
300 53 2578 4830
300 54 2653 4896
300 55 2461 4847
300 56 2537 4825
300 57 2517 4811
300 58 2507 4827
300 59 2389 4750
300 60 2557 4809
300 61 2493 4920
300 62 2539 4825
300 63 2540 4830
300 64 2607 4767
300 65 2514 4718
300 66 2560 4809
300 67 2580 4874
300 68 2604 4813
300 69 2436 4739
300 70 2545 4826
300 71 2492 4777
300 72 2460 4766
300 73 2428 4879
300 74 2534 4828
300 75 2489 4844
300 76 2531 4843
300 77 2464 4880
300 78 2452 4733
300 79 2634 4877
300 80 2589 4939
300 81 2606 4926
300 82 2544 4834
300 83 2527 4847
300 84 2400 4899
300 85 2643 4757
300 86 943 5161
300 87 894 4879
300 88 1018 5034
300 89 1066 4880
300 90 1003 5098
300 91 989 5034
300 92 959 4907
300 93 1041 4905
300 94 907 5111
300 95 1067 4950
300 96 1070 5083
300 97 1062 4982
300 98 1150 4901
300 99 949 4842
300 100 997 4935
300 101 985 5009
300 102 949 4982
300 103 859 4960
300 104 960 5050
300 105 995 4972
300 106 1060 5057
300 107 1095 5044
300 108 900 5118
300 109 999 5039
300 110 1033 5015
300 111 1042 4997
300 112 1140 5025
300 113 985 5007
300 114 1097 5072
300 115 1023 5013
300 116 1124 5041
300 117 1130 5152
300 118 1178 4969
300 119 1014 5022
300 120 1058 4965
300 121 1083 5057
300 122 1034 5001
300 123 946 5038
300 124 1055 5004
300 125 994 5003
300 126 897 5060
300 127 956 5066
300 128 1047 5023
300 129 1137 4974
600 0 3774 4448
600 1 3334 5785
600 2 2544 4825
600 3 1016 5014
600 4 3334 5785
600 5 3334 5785
600 6 3334 5785
600 7 2544 4825
600 8 2544 4825
600 9 1016 5014
600 10 3438 6030
600 11 3141 5737
600 12 3257 5760
600 13 3190 5778
600 14 3244 5653
600 15 3352 5787
600 16 3139 5880
600 17 3324 5771
600 18 3174 5743
600 19 3333 5775
600 20 3406 5874
600 21 3425 5722
600 22 3162 5706
600 23 3359 5818
600 24 3230 5922
600 25 3512 5644
600 26 3318 5787
600 27 3268 5726
600 28 3444 5635
600 29 3460 5675
600 30 3229 5745
600 31 3401 5859
600 32 3463 5750
600 33 3175 5648
600 34 3233 5728
600 35 3074 5743
600 36 3340 5782
600 37 3345 5732
600 38 3345 5800
600 39 3154 5756
600 40 3373 5727
600 41 3307 5771
600 42 3337 5727
600 43 3357 5738
600 44 3358 5773
600 45 3337 5784
600 46 2554 4845
600 47 2523 5001
600 48 2501 4830
600 49 2513 4822
600 50 2591 4925
600 51 2379 4806
600 52 2529 4762
600 53 2578 4830
600 54 2653 4896
600 55 2461 4847
600 56 2537 4825
600 57 2517 4811
600 58 2507 4827
600 59 2563 4897
600 60 2557 4809
600 61 2493 4920
600 62 2539 4825
600 63 2540 4830
600 64 2607 4767
600 65 2514 4718
600 66 2560 4809
600 67 2588 4950
600 68 2604 4813
600 69 2436 4739
600 70 2443 4845
600 71 2492 4777
600 72 2460 4766
600 73 2451 5009
600 74 2534 4828
600 75 2489 4844
600 76 2531 4843
600 77 2464 4880
600 78 2452 4733
600 79 2634 4877
600 80 2589 4939
600 81 2606 4926
600 82 2555 4833
600 83 2527 4847
600 84 2400 4899
600 85 2643 4757
600 86 943 5161
600 87 894 4879
600 88 1018 5034
600 89 1066 4880
600 90 1003 5098
600 91 989 5034
600 92 959 4907
600 93 1041 4905
600 94 907 5111
600 95 1067 4950
600 96 1070 5083
600 97 1125 4974
600 98 1150 4901
600 99 949 4842
600 100 997 4935
600 101 985 5009
600 102 949 4982
600 103 1077 5067
600 104 960 5050
600 105 995 4972
600 106 1060 5057
600 107 1095 5044
600 108 1015 5024
600 109 999 5039
600 110 1033 5015
600 111 1042 4997
600 112 1140 5025
600 113 1036 5025
600 114 1097 5072
600 115 1023 5013
600 116 1108 5036
600 117 1115 5129
600 118 1178 4969
600 119 1014 5022
600 120 1058 4965
600 121 1072 5054
600 122 1034 5001
600 123 946 5038
600 124 1055 5004
600 125 994 5003
600 126 884 5062
600 127 956 5066
600 128 1047 5023
600 129 1137 4974
900 0 3774 4448
900 1 3334 5785
900 2 2544 4825
900 3 1016 5014
900 4 3334 5785
900 5 3334 5785
900 6 3334 5785
900 7 2544 4825
900 8 2544 4825
900 9 1016 5014
900 10 3426 5759
900 11 3141 5737
900 12 3257 5760
900 13 3190 5778
900 14 3244 5653
900 15 3403 5772
900 16 3139 5880
900 17 3324 5771
900 18 3174 5743
900 19 3333 5775
900 20 3406 5874
900 21 3425 5722
900 22 3162 5706
900 23 3208 5803
900 24 3230 5922
900 25 3512 5644
900 26 3318 5787
900 27 3266 5695
900 28 3533 5618
900 29 3460 5675
900 30 3229 5745
900 31 3401 5859
900 32 3463 5750
900 33 3346 5731
900 34 3233 5728
900 35 3357 5667
900 36 3383 5839
900 37 3345 5732
900 38 3345 5800
900 39 3154 5756
900 40 3373 5727
900 41 3307 5771
900 42 3337 5727
900 43 3357 5738
900 44 3358 5773
900 45 3337 5784
900 46 2554 4845
900 47 2523 5001
900 48 2501 4830
900 49 2513 4822
900 50 2532 4910
900 51 2595 4782
900 52 2529 4762
900 53 2578 4830
900 54 2653 4896
900 55 2461 4847
900 56 2537 4825
900 57 2517 4811
900 58 2447 4842
900 59 2563 4897
900 60 2557 4809
900 61 2493 4920
900 62 2511 4819
900 63 2540 4830
900 64 2607 4767
900 65 2514 4718
900 66 2560 4809
900 67 2580 4874
900 68 2604 4813
900 69 2436 4739
900 70 2545 4826
900 71 2492 4777
900 72 2460 4766
900 73 2558 4844
900 74 2534 4828
900 75 2489 4844
900 76 2531 4843
900 77 2464 4880
900 78 2452 4733
900 79 2624 4945
900 80 2589 4939
900 81 2606 4926
900 82 2555 4833
900 83 2527 4847
900 84 2384 4720
900 85 2643 4757
900 86 983 5164
900 87 894 4879
900 88 1018 5034
900 89 1066 4880
900 90 1003 5098
900 91 989 5034
900 92 986 4957
900 93 1041 4905
900 94 907 5111
900 95 1093 4847
900 96 1070 5083
900 97 1062 4982
900 98 1150 4901
900 99 949 4842
900 100 997 4935
900 101 985 5009
900 102 949 4982
900 103 1044 5034
900 104 960 5050
900 105 995 4972
900 106 1060 5057
900 107 1095 5044
900 108 1015 5024
900 109 999 5039
900 110 1033 5015
900 111 1042 4997
900 112 1043 4923
900 113 1036 5025
900 114 1097 5072
900 115 1023 5013
900 116 1108 5036
900 117 1115 5129
900 118 1178 4969
900 119 1014 5022
900 120 918 4880
900 121 1072 5054
900 122 1034 5001
900 123 946 5038
900 124 1055 5004
900 125 994 5003
900 126 897 5060
900 127 956 5066
900 128 1047 5023
900 129 1137 4974
1200 0 3774 4448
1200 1 3334 5785
1200 2 2544 4825
1200 3 1016 5014
1200 4 3334 5785
1200 5 3334 5785
1200 6 3334 5785
1200 7 2544 4825
1200 8 2544 4825
1200 9 1016 5014
1200 10 3426 5759
1200 11 3150 5850
1200 12 3257 5760
1200 13 3190 5778
1200 14 3244 5653
1200 15 3352 5787
1200 16 3139 5880
1200 17 3324 5771
1200 18 3174 5743
1200 19 3333 5775
1200 20 3406 5874
1200 21 3425 5722
1200 22 3162 5706
1200 23 3359 5818
1200 24 3230 5922
1200 25 3512 5644
1200 26 3318 5787
1200 27 3365 5757
1200 28 3444 5635
1200 29 3460 5675
1200 30 3229 5745
1200 31 3390 5888
1200 32 3463 5750
1200 33 3346 5731
1200 34 3233 5728
1200 35 3279 5720
1200 36 3340 5782
1200 37 3345 5732
1200 38 3345 5800
1200 39 3154 5756
1200 40 3448 5612
1200 41 3230 5922
1200 42 3374 5557
1200 43 3357 5738
1200 44 3358 5773
1200 45 3337 5784
1200 46 2554 4845
1200 47 2523 5001
1200 48 2501 4830
1200 49 2515 4812
1200 50 2532 4910
1200 51 2695 4900
1200 52 2529 4762
1200 53 2578 4830
1200 54 2653 4896
1200 55 2618 4789
1200 56 2537 4825
1200 57 2517 4811
1200 58 2507 4827
1200 59 2563 4897
1200 60 2557 4809
1200 61 2493 4920
1200 62 2539 4825
1200 63 2617 4772
1200 64 2607 4767
1200 65 2514 4718
1200 66 2560 4809
1200 67 2726 4764
1200 68 2604 4813
1200 69 2436 4739
1200 70 2545 4826
1200 71 2492 4777
1200 72 2460 4766
1200 73 2558 4844
1200 74 2534 4828
1200 75 2489 4844
1200 76 2531 4843
1200 77 2464 4880
1200 78 2452 4733
1200 79 2634 4877
1200 80 2589 4939
1200 81 2606 4926
1200 82 2555 4833
1200 83 2527 4847
1200 84 2362 4803
1200 85 2643 4757
1200 86 943 5161
1200 87 894 4879
1200 88 909 4866
1200 89 1066 4880
1200 90 1003 5098
1200 91 989 5034
1200 92 959 4907
1200 93 1041 4905
1200 94 1127 4853
1200 95 1067 4950
1200 96 1070 5083
1200 97 1062 4982
1200 98 1150 4901
1200 99 949 4842
1200 100 1031 4894
1200 101 985 5009
1200 102 949 4982
1200 103 1044 5034
1200 104 943 5167
1200 105 995 4972
1200 106 1060 5057
1200 107 1095 5044
1200 108 1015 5024
1200 109 1003 5005
1200 110 1033 5015
1200 111 1042 4997
1200 112 1140 5025
1200 113 1036 5025
1200 114 1097 5072
1200 115 1023 5013
1200 116 1108 5036
1200 117 1115 5129
1200 118 1177 4940
1200 119 1042 5039
1200 120 991 4969
1200 121 1072 5054
1200 122 1034 5001
1200 123 946 5038
1200 124 1055 5004
1200 125 994 5003
1200 126 897 5060
1200 127 956 5066
1200 128 1047 5023
1200 129 1137 4974
1500 0 3774 4448
1500 1 3334 5785
1500 2 2544 4825
1500 3 1016 5014
1500 4 3334 5785
1500 5 3334 5785
1500 6 3334 5785
1500 7 2544 4825
1500 8 2544 4825
1500 9 1016 5014
1500 10 3471 5778
1500 11 3141 5737
1500 12 3257 5760
1500 13 3194 5769
1500 14 3244 5653
1500 15 3352 5787
1500 16 3139 5880
1500 17 3324 5771
1500 18 3174 5743
1500 19 3385 5707
1500 20 3406 5874
1500 21 3425 5722
1500 22 3162 5706
1500 23 3301 5824
1500 24 3230 5922
1500 25 3512 5644
1500 26 3318 5787
1500 27 3365 5757
1500 28 3444 5635
1500 29 3464 5678
1500 30 3229 5745
1500 31 3401 5859
1500 32 3463 5750
1500 33 3346 5731
1500 34 3233 5728
1500 35 3279 5720
1500 36 3340 5782
1500 37 3345 5732
1500 38 3345 5800
1500 39 3154 5756
1500 40 3373 5727
1500 41 3307 5771
1500 42 3337 5727
1500 43 3357 5738
1500 44 3314 5790
1500 45 3337 5784
1500 46 2554 4845
1500 47 2523 5001
1500 48 2501 4830
1500 49 2608 4881
1500 50 2532 4910
1500 51 2488 4831
1500 52 2529 4762
1500 53 2578 4830
1500 54 2653 4896
1500 55 2479 4857
1500 56 2537 4825
1500 57 2517 4811
1500 58 2702 4881
1500 59 2563 4897
1500 60 2557 4809
1500 61 2493 4920
1500 62 2539 4825
1500 63 2540 4830
1500 64 2607 4767
1500 65 2652 4850
1500 66 2560 4809
1500 67 2580 4874
1500 68 2604 4813
1500 69 2436 4739
1500 70 2545 4826
1500 71 2492 4777
1500 72 2460 4766
1500 73 2558 4844
1500 74 2534 4828
1500 75 2489 4844
1500 76 2531 4843
1500 77 2481 4917
1500 78 2452 4733
1500 79 2634 4877
1500 80 2589 4939
1500 81 2606 4926
1500 82 2555 4833
1500 83 2527 4847
1500 84 2400 4899
1500 85 2643 4757
1500 86 943 5161
1500 87 894 4879
1500 88 1018 5034
1500 89 1066 4880
1500 90 1003 5098
1500 91 989 5034
1500 92 959 4907
1500 93 1041 4905
1500 94 907 5111
1500 95 1081 4959
1500 96 912 4976
1500 97 1062 4982
1500 98 1150 4901
1500 99 949 4842
1500 100 997 4935
1500 101 985 5009
1500 102 949 4982
1500 103 1021 5079
1500 104 960 5050
1500 105 883 4918
1500 106 1060 5057
1500 107 1095 5044
1500 108 845 5081
1500 109 999 5039
1500 110 1033 5015
1500 111 1042 4997
1500 112 1140 5025
1500 113 1036 5025
1500 114 1097 5072
1500 115 1023 5013
1500 116 1108 5036
1500 117 1115 5129
1500 118 1178 4969
1500 119 1014 5022
1500 120 902 4889
1500 121 1072 5054
1500 122 1034 5001
1500 123 934 4983
1500 124 1055 5004
1500 125 994 5003
1500 126 897 5060
1500 127 956 5066
1500 128 963 5221
1500 129 1137 4974
1800 0 3774 4448
1800 1 3334 5785
1800 2 2544 4825
1800 3 1016 5014
1800 4 3334 5785
1800 5 3334 5785
1800 6 3334 5785
1800 7 2544 4825
1800 8 2544 4825
1800 9 1016 5014
1800 10 3426 5759
1800 11 3141 5737
1800 12 3257 5760
1800 13 3190 5778
1800 14 3244 5653
1800 15 3213 5752
1800 16 3207 5847
1800 17 3324 5771
1800 18 3174 5743
1800 19 3441 5777
1800 20 3361 5720
1800 21 3425 5722
1800 22 3162 5706
1800 23 3359 5818
1800 24 3423 5773
1800 25 3512 5644
1800 26 3318 5787
1800 27 3365 5757
1800 28 3444 5635
1800 29 3460 5675
1800 30 3229 5745
1800 31 3401 5859
1800 32 3398 5909
1800 33 3346 5731
1800 34 3233 5728
1800 35 3221 5778
1800 36 3340 5782
1800 37 3345 5732
1800 38 3345 5800
1800 39 3154 5756
1800 40 3373 5727
1800 41 3307 5771
1800 42 3337 5727
1800 43 3357 5738
1800 44 3079 5796
1800 45 3337 5784
1800 46 2554 4845
1800 47 2523 5001
1800 48 2501 4830
1800 49 2436 4956
1800 50 2521 4929
1800 51 2488 4831
1800 52 2529 4762
1800 53 2578 4830
1800 54 2653 4896
1800 55 2461 4847
1800 56 2654 4802
1800 57 2675 4834
1800 58 2507 4827
1800 59 2563 4897
1800 60 2557 4809
1800 61 2493 4920
1800 62 2539 4825
1800 63 2540 4830
1800 64 2607 4767
1800 65 2514 4718
1800 66 2560 4809
1800 67 2580 4874
1800 68 2604 4813
1800 69 2436 4739
1800 70 2545 4826
1800 71 2492 4777
1800 72 2460 4766
1800 73 2558 4844
1800 74 2534 4828
1800 75 2489 4844
1800 76 2531 4843
1800 77 2464 4880
1800 78 2452 4733
1800 79 2634 4877
1800 80 2589 4939
1800 81 2606 4926
1800 82 2555 4833
1800 83 2527 4847
1800 84 2399 4969
1800 85 2643 4757
1800 86 943 5161
1800 87 894 4879
1800 88 1018 5034
1800 89 1066 4880
1800 90 1003 5098
1800 91 989 5034
1800 92 959 4907
1800 93 1041 4905
1800 94 907 5111
1800 95 1157 5032
1800 96 1012 5231
1800 97 1062 4982
1800 98 1150 4901
1800 99 949 4842
1800 100 997 4935
1800 101 985 5009
1800 102 892 5098
1800 103 1044 5034
1800 104 884 5181
1800 105 995 4972
1800 106 1060 5057
1800 107 1095 5044
1800 108 1015 5024
1800 109 999 5039
1800 110 1033 5015
1800 111 1042 4997
1800 112 1140 5025
1800 113 1036 5025
1800 114 1097 5072
1800 115 1023 5013
1800 116 1108 5036
1800 117 1115 5129
1800 118 1178 4969
1800 119 925 4949
1800 120 1058 4965
1800 121 1021 5037
1800 122 1034 5001
1800 123 860 4988
1800 124 1055 5004
1800 125 994 5003
1800 126 897 5060
1800 127 956 5066
1800 128 1047 5023
1800 129 1137 4974
2100 0 3774 4448
2100 1 3334 5785
2100 2 2544 4825
2100 3 1016 5014
2100 4 3334 5785
2100 5 3334 5785
2100 6 3334 5785
2100 7 2544 4825
2100 8 2544 4825
2100 9 1016 5014
2100 10 3426 5759
2100 11 3307 5834
2100 12 3257 5760
2100 13 3190 5778
2100 14 3244 5653
2100 15 3352 5787
2100 16 3139 5880
2100 17 3324 5771
2100 18 3216 5912
2100 19 3333 5775
2100 20 3406 5874
2100 21 3425 5722
2100 22 3162 5706
2100 23 3359 5818
2100 24 3230 5922
2100 25 3512 5644
2100 26 3318 5787
2100 27 3365 5757
2100 28 3444 5635
2100 29 3460 5675
2100 30 3229 5745
2100 31 3280 5870
2100 32 3463 5750
2100 33 3346 5731
2100 34 3233 5728
2100 35 3279 5720
2100 36 3340 5782
2100 37 3305 5530
2100 38 3345 5800
2100 39 3154 5756
2100 40 3460 5726
2100 41 3307 5771
2100 42 3334 5728
2100 43 3357 5738
2100 44 3358 5773
2100 45 3337 5784
2100 46 2554 4845
2100 47 2535 4844
2100 48 2520 4829
2100 49 2513 4822
2100 50 2532 4910
2100 51 2488 4831
2100 52 2529 4762
2100 53 2578 4830
2100 54 2653 4896
2100 55 2461 4847
2100 56 2594 4772
2100 57 2517 4811
2100 58 2507 4827
2100 59 2563 4897
2100 60 2557 4809
2100 61 2493 4920
2100 62 2539 4825
2100 63 2540 4830
2100 64 2607 4767
2100 65 2375 4844
2100 66 2734 4822
2100 67 2580 4874
2100 68 2604 4813
2100 69 2436 4739
2100 70 2545 4826
2100 71 2492 4777
2100 72 2460 4766
2100 73 2558 4844
2100 74 2534 4828
2100 75 2489 4844
2100 76 2531 4843
2100 77 2464 4880
2100 78 2735 4756
2100 79 2634 4877
2100 80 2589 4939
2100 81 2606 4926
2100 82 2555 4833
2100 83 2527 4847
2100 84 2400 4899
2100 85 2643 4757
2100 86 943 5161
2100 87 894 4879
2100 88 1018 5034
2100 89 1066 4880
2100 90 1003 5098
2100 91 944 4917
2100 92 959 4907
2100 93 1041 4905
2100 94 907 5111
2100 95 1067 4950
2100 96 1070 5083
2100 97 1076 4910
2100 98 1150 4901
2100 99 949 4842
2100 100 997 4935
2100 101 1089 5144
2100 102 949 4982
2100 103 1044 5034
2100 104 960 5050
2100 105 927 4981
2100 106 1004 5151
2100 107 1095 5044
2100 108 1065 4996
2100 109 999 5039
2100 110 1033 5015
2100 111 1042 4997
2100 112 1140 5025
2100 113 1036 5025
2100 114 1097 5072
2100 115 1023 5013
2100 116 1104 5047
2100 117 1115 5129
2100 118 1178 4969
2100 119 1014 5022
2100 120 1058 4965
2100 121 1040 5104
2100 122 1034 5001
2100 123 946 5038
2100 124 1055 5004
2100 125 912 5058
2100 126 897 5060
2100 127 956 5066
2100 128 1047 5023
2100 129 1137 4974
2400 0 3774 4448
2400 1 3334 5785
2400 2 2544 4825
2400 3 1016 5014
2400 4 3334 5785
2400 5 3334 5785
2400 6 3334 5785
2400 7 2544 4825
2400 8 2544 4825
2400 9 1016 5014
2400 10 3426 5759
2400 11 3141 5737
2400 12 3257 5760
2400 13 3190 5778
2400 14 3244 5653
2400 15 3352 5787
2400 16 3139 5880
2400 17 3324 5771
2400 18 3174 5743
2400 19 3333 5775
2400 20 3406 5874
2400 21 3425 5722
2400 22 3162 5706
2400 23 3359 5818
2400 24 3230 5922
2400 25 3512 5644
2400 26 3318 5787
2400 27 3365 5757
2400 28 3444 5635
2400 29 3460 5675
2400 30 3229 5745
2400 31 3349 5601
2400 32 3463 5750
2400 33 3346 5731
2400 34 3233 5728
2400 35 3279 5720
2400 36 3408 5843
2400 37 3345 5732
2400 38 3345 5800
2400 39 3172 5749
2400 40 3373 5727
2400 41 3307 5771
2400 42 3337 5727
2400 43 3357 5738
2400 44 3358 5773
2400 45 3337 5784
2400 46 2554 4845
2400 47 2523 5001
2400 48 2506 4786
2400 49 2513 4822
2400 50 2532 4910
2400 51 2488 4831
2400 52 2529 4762
2400 53 2578 4830
2400 54 2653 4896
2400 55 2461 4847
2400 56 2537 4825
2400 57 2517 4811
2400 58 2507 4827
2400 59 2563 4897
2400 60 2557 4809
2400 61 2493 4920
2400 62 2539 4825
2400 63 2540 4830
2400 64 2607 4767
2400 65 2514 4718
2400 66 2560 4809
2400 67 2580 4874
2400 68 2604 4813
2400 69 2436 4739
2400 70 2545 4826
2400 71 2481 4818
2400 72 2460 4766
2400 73 2623 4790
2400 74 2461 4835
2400 75 2489 4844
2400 76 2531 4843
2400 77 2464 4880
2400 78 2452 4733
2400 79 2634 4877
2400 80 2589 4939
2400 81 2606 4926
2400 82 2555 4833
2400 83 2527 4847
2400 84 2400 4899
2400 85 2643 4757
2400 86 943 5161
2400 87 894 4879
2400 88 1018 5034
2400 89 1066 4880
2400 90 1003 5098
2400 91 989 5034
2400 92 993 5026
2400 93 1045 4919
2400 94 907 5111
2400 95 1067 4950
2400 96 1070 5083
2400 97 1062 4982
2400 98 1150 4901
2400 99 949 4842
2400 100 997 4935
2400 101 972 5013
2400 102 949 4982
2400 103 1044 5034
2400 104 1049 5121
2400 105 995 4972
2400 106 1060 5057
2400 107 1095 5044
2400 108 1015 5024
2400 109 999 5039
2400 110 1033 5015
2400 111 1042 4997
2400 112 1140 5025
2400 113 1036 5025
2400 114 1097 5072
2400 115 1023 5013
2400 116 1108 5036
2400 117 1115 5129
2400 118 1178 4969
2400 119 1014 5022
2400 120 1058 4965
2400 121 1120 5179
2400 122 1034 5001
2400 123 946 5038
2400 124 1055 5004
2400 125 994 5003
2400 126 897 5060
2400 127 939 5056
2400 128 1047 5023
2400 129 1137 4974
2700 0 3774 4448
2700 1 3334 5785
2700 2 2544 4825
2700 3 1016 5014
2700 4 3334 5785
2700 5 3334 5785
2700 6 3334 5785
2700 7 2544 4825
2700 8 2544 4825
2700 9 1016 5014
2700 10 3426 5759
2700 11 3141 5737
2700 12 3257 5760
2700 13 3190 5778
2700 14 3244 5653
2700 15 3352 5787
2700 16 3139 5880
2700 17 3288 5853
2700 18 3174 5743
2700 19 3333 5775
2700 20 3296 5738
2700 21 3425 5722
2700 22 3189 5720
2700 23 3359 5818
2700 24 3230 5922
2700 25 3512 5644
2700 26 3302 5767
2700 27 3365 5757
2700 28 3444 5635
2700 29 3460 5675
2700 30 3229 5745
2700 31 3401 5859
2700 32 3463 5750
2700 33 3346 5731
2700 34 3233 5728
2700 35 3279 5720
2700 36 3340 5782
2700 37 3434 5862
2700 38 3345 5800
2700 39 3154 5756
2700 40 3373 5727
2700 41 3307 5771
2700 42 3337 5727
2700 43 3357 5738
2700 44 3358 5773
2700 45 3518 5704
2700 46 2554 4845
2700 47 2523 5001
2700 48 2501 4830
2700 49 2469 4821
2700 50 2532 4910
2700 51 2488 4831
2700 52 2589 4921
2700 53 2578 4830
2700 54 2653 4896
2700 55 2461 4847
2700 56 2537 4825
2700 57 2517 4811
2700 58 2507 4827
2700 59 2563 4897
2700 60 2557 4809
2700 61 2493 4920
2700 62 2491 4824
2700 63 2540 4830
2700 64 2607 4767
2700 65 2514 4718
2700 66 2560 4809
2700 67 2580 4874
2700 68 2604 4813
2700 69 2436 4739
2700 70 2545 4826
2700 71 2492 4777
2700 72 2460 4766
2700 73 2558 4844
2700 74 2534 4828
2700 75 2489 4844
2700 76 2531 4843
2700 77 2464 4880
2700 78 2452 4733
2700 79 2634 4877
2700 80 2571 4952
2700 81 2466 4789
2700 82 2555 4833
2700 83 2527 4847
2700 84 2400 4899
2700 85 2643 4757
2700 86 943 5161
2700 87 820 4927
2700 88 1018 5034
2700 89 1066 4880
2700 90 1003 5098
2700 91 989 5034
2700 92 959 4907
2700 93 1041 4905
2700 94 907 5111
2700 95 1067 4950
2700 96 1070 5083
2700 97 1062 4982
2700 98 1150 4901
2700 99 949 4842
2700 100 997 4935
2700 101 985 5009
2700 102 961 4932
2700 103 890 5001
2700 104 960 5050
2700 105 995 4972
2700 106 981 5181
2700 107 1095 5044
2700 108 1125 5094
2700 109 1064 5134
2700 110 1033 5015
2700 111 1042 4997
2700 112 1105 5114
2700 113 1036 5025
2700 114 1097 5072
2700 115 808 5051
2700 116 1108 5036
2700 117 1115 5129
2700 118 1178 4969
2700 119 1014 5022
2700 120 1058 4965
2700 121 1017 4842
2700 122 1034 5001
2700 123 946 5038
2700 124 1055 5004
2700 125 994 5003
2700 126 897 5060
2700 127 956 5066
2700 128 1047 5023
2700 129 1105 4969
3000 0 3774 4448
3000 1 3334 5785
3000 2 2544 4825
3000 3 1016 5014
3000 4 3334 5785
3000 5 3334 5785
3000 6 3334 5785
3000 7 2544 4825
3000 8 2544 4825
3000 9 1016 5014
3000 10 3190 5657
3000 11 3141 5737
3000 12 3257 5760
3000 13 3190 5778
3000 14 3244 5653
3000 15 3352 5787
3000 16 3139 5880
3000 17 3324 5771
3000 18 3174 5743
3000 19 3333 5775
3000 20 3406 5874
3000 21 3425 5722
3000 22 3162 5706
3000 23 3359 5818
3000 24 3230 5922
3000 25 3512 5644
3000 26 3307 5667
3000 27 3417 6000
3000 28 3444 5635
3000 29 3444 5811
3000 30 3229 5745
3000 31 3401 5859
3000 32 3463 5750
3000 33 3346 5731
3000 34 3225 5576
3000 35 3279 5720
3000 36 3340 5782
3000 37 3345 5732
3000 38 3345 5800
3000 39 3154 5756
3000 40 3373 5727
3000 41 3307 5771
3000 42 3337 5727
3000 43 3357 5738
3000 44 3358 5773
3000 45 3337 5784
3000 46 2554 4845
3000 47 2523 5001
3000 48 2501 4830
3000 49 2513 4822
3000 50 2532 4910
3000 51 2488 4831
3000 52 2529 4762
3000 53 2578 4830
3000 54 2653 4896
3000 55 2477 4777
3000 56 2537 4825
3000 57 2517 4811
3000 58 2507 4827
3000 59 2563 4897
3000 60 2557 4809
3000 61 2493 4920
3000 62 2539 4825
3000 63 2510 4827
3000 64 2607 4767
3000 65 2514 4718
3000 66 2560 4809
3000 67 2580 4874
3000 68 2604 4813
3000 69 2436 4739
3000 70 2545 4826
3000 71 2492 4777
3000 72 2460 4766
3000 73 2558 4844
3000 74 2534 4828
3000 75 2489 4844
3000 76 2531 4843
3000 77 2464 4880
3000 78 2478 4746
3000 79 2634 4877
3000 80 2589 4939
3000 81 2606 4926
3000 82 2555 4833
3000 83 2527 4847
3000 84 2400 4899
3000 85 2643 4757
3000 86 873 5068
3000 87 894 4879
3000 88 1151 4993
3000 89 1066 4880
3000 90 1003 5098
3000 91 989 5034
3000 92 959 4907
3000 93 1041 4905
3000 94 907 5111
3000 95 1067 4950
3000 96 1070 5083
3000 97 1062 4982
3000 98 1150 4901
3000 99 949 4842
3000 100 997 4935
3000 101 985 5009
3000 102 970 4955
3000 103 1037 4998
3000 104 960 5050
3000 105 995 4972
3000 106 1060 5057
3000 107 1095 5044
3000 108 1015 5024
3000 109 999 5039
3000 110 1033 5015
3000 111 1042 4997
3000 112 998 4956
3000 113 1036 5025
3000 114 1097 5072
3000 115 1023 5013
3000 116 1108 5036
3000 117 1115 5129
3000 118 1178 4969
3000 119 1014 5022
3000 120 1058 4965
3000 121 1072 5054
3000 122 1094 4924
3000 123 946 5038
3000 124 1055 5004
3000 125 994 5003
3000 126 886 5105
3000 127 956 5066
3000 128 1047 5023
3000 129 1137 4974
3300 0 3774 4448
3300 1 3334 5785
3300 2 2544 4825
3300 3 1016 5014
3300 4 3334 5785
3300 5 3334 5785
3300 6 3334 5785
3300 7 2544 4825
3300 8 2544 4825
3300 9 1016 5014
3300 10 3426 5759
3300 11 3141 5737
3300 12 3257 5760
3300 13 3190 5778
3300 14 3244 5653
3300 15 3352 5787
3300 16 3385 5710
3300 17 3324 5771
3300 18 3174 5743
3300 19 3333 5775
3300 20 3406 5874
3300 21 3425 5722
3300 22 3162 5706
3300 23 3359 5818
3300 24 3230 5922
3300 25 3512 5644
3300 26 3318 5787
3300 27 3365 5757
3300 28 3444 5635
3300 29 3460 5675
3300 30 3533 5747
3300 31 3401 5859
3300 32 3463 5750
3300 33 3427 5713
3300 34 3233 5728
3300 35 3550 5756
3300 36 3340 5782
3300 37 3345 5732
3300 38 3290 5739
3300 39 3154 5756
3300 40 3373 5727
3300 41 3307 5771
3300 42 3337 5727
3300 43 3357 5738
3300 44 3358 5773
3300 45 3337 5784
3300 46 2554 4845
3300 47 2523 5001
3300 48 2508 4957
3300 49 2472 4930
3300 50 2532 4910
3300 51 2488 4831
3300 52 2529 4762
3300 53 2578 4830
3300 54 2653 4896
3300 55 2461 4847
3300 56 2517 4987
3300 57 2517 4811
3300 58 2507 4827
3300 59 2563 4897
3300 60 2557 4809
3300 61 2493 4920
3300 62 2539 4825
3300 63 2540 4830
3300 64 2607 4767
3300 65 2514 4718
3300 66 2591 4779
3300 67 2580 4874
3300 68 2604 4813
3300 69 2436 4739
3300 70 2545 4826
3300 71 2494 4760
3300 72 2460 4766
3300 73 2558 4844
3300 74 2534 4828
3300 75 2489 4844
3300 76 2531 4843
3300 77 2464 4880
3300 78 2452 4733
3300 79 2634 4877
3300 80 2398 4922
3300 81 2606 4926
3300 82 2555 4833
3300 83 2527 4847
3300 84 2519 4789
3300 85 2643 4757
3300 86 943 5161
3300 87 894 4879
3300 88 1018 5034
3300 89 1066 4880
3300 90 1003 5098
3300 91 989 5034
3300 92 959 4907
3300 93 1041 4905
3300 94 907 5111
3300 95 1081 4943
3300 96 1070 5083
3300 97 1062 4982
3300 98 1129 4901
3300 99 949 4842
3300 100 841 5030
3300 101 985 5009
3300 102 949 4982
3300 103 1044 5034
3300 104 960 5050
3300 105 995 4972
3300 106 1060 5057
3300 107 1095 5044
3300 108 1015 5024
3300 109 999 5039
3300 110 1021 5001
3300 111 1042 4997
3300 112 1140 5025
3300 113 1036 5025
3300 114 1097 5072
3300 115 995 5090
3300 116 1108 5036
3300 117 1115 5129
3300 118 1212 5097
3300 119 1014 5022
3300 120 1058 4965
3300 121 1039 4923
3300 122 1034 5001
3300 123 946 5038
3300 124 1055 5004
3300 125 1020 4883
3300 126 897 5060
3300 127 956 5066
3300 128 1205 5068
3300 129 1137 4974
3600 0 3774 4448
3600 1 3334 5785
3600 2 2544 4825
3600 3 1016 5014
3600 4 3334 5785
3600 5 3334 5785
3600 6 3334 5785
3600 7 2544 4825
3600 8 2544 4825
3600 9 1016 5014
3600 10 3426 5759
3600 11 3141 5737
3600 12 3257 5760
3600 13 3190 5778
3600 14 3244 5653
3600 15 3352 5787
3600 16 3139 5880
3600 17 3324 5771
3600 18 3174 5743
3600 19 3333 5775
3600 20 3406 5874
3600 21 3425 5722
3600 22 3162 5706
3600 23 3359 5818
3600 24 3230 5922
3600 25 3512 5644
3600 26 3318 5787
3600 27 3365 5757
3600 28 3444 5635
3600 29 3460 5675
3600 30 3229 5745
3600 31 3401 5859
3600 32 3463 5750
3600 33 3346 5731
3600 34 3233 5728
3600 35 3279 5720
3600 36 3340 5782
3600 37 3345 5732
3600 38 3196 5830
3600 39 3154 5756
3600 40 3373 5727
3600 41 3307 5771
3600 42 3230 5727
3600 43 3357 5738
3600 44 3358 5773
3600 45 3337 5784
3600 46 2554 4845
3600 47 2523 5001
3600 48 2501 4830
3600 49 2513 4822
3600 50 2532 4910
3600 51 2488 4831
3600 52 2529 4762
3600 53 2578 4830
3600 54 2653 4896
3600 55 2541 4744
3600 56 2537 4825
3600 57 2517 4811
3600 58 2540 4802
3600 59 2490 4898
3600 60 2557 4809
3600 61 2493 4920
3600 62 2539 4825
3600 63 2540 4830
3600 64 2607 4767
3600 65 2455 4638
3600 66 2560 4809
3600 67 2563 5024
3600 68 2604 4813
3600 69 2436 4739
3600 70 2545 4826
3600 71 2492 4777
3600 72 2448 4690
3600 73 2558 4844
3600 74 2534 4828
3600 75 2489 4844
3600 76 2531 4843
3600 77 2464 4880
3600 78 2452 4733
3600 79 2634 4877
3600 80 2589 4939
3600 81 2606 4926
3600 82 2592 4928
3600 83 2527 4847
3600 84 2400 4899
3600 85 2643 4757
3600 86 943 5161
3600 87 894 4879
3600 88 1018 5034
3600 89 1066 4880
3600 90 1003 5098
3600 91 1177 4893
3600 92 959 4907
3600 93 954 5141
3600 94 907 5111
3600 95 1067 4950
3600 96 1070 5083
3600 97 1062 4982
3600 98 1150 4901
3600 99 949 4842
3600 100 956 4828
3600 101 1073 5041
3600 102 949 4982
3600 103 1044 5034
3600 104 960 5050
3600 105 995 4972
3600 106 1060 5057
3600 107 1010 5068
3600 108 1025 5046
3600 109 999 5039
3600 110 1033 5015
3600 111 1042 4997
3600 112 1140 5025
3600 113 1036 5025
3600 114 1097 5072
3600 115 1023 5013
3600 116 1100 5200
3600 117 1115 5129
3600 118 1224 4954
3600 119 1014 5022
3600 120 1062 4982
3600 121 1072 5054
3600 122 1034 5001
3600 123 946 5038
3600 124 1055 5004
3600 125 994 5003
3600 126 897 5060
3600 127 956 5066
3600 128 1047 5023
3600 129 1137 4974
3900 0 3774 4448
3900 1 3334 5785
3900 2 2544 4825
3900 3 1016 5014
3900 4 3334 5785
3900 5 3334 5785
3900 6 3334 5785
3900 7 2544 4825
3900 8 2544 4825
3900 9 1016 5014
3900 10 3394 5567
3900 11 3141 5737
3900 12 3233 5599
3900 13 3190 5778
3900 14 3244 5653
3900 15 3352 5787
3900 16 3139 5880
3900 17 3324 5771
3900 18 3174 5743
3900 19 3333 5775
3900 20 3406 5874
3900 21 3425 5722
3900 22 3200 5766
3900 23 3359 5818
3900 24 3230 5922
3900 25 3512 5644
3900 26 3318 5787
3900 27 3365 5757
3900 28 3444 5635
3900 29 3460 5675
3900 30 3229 5745
3900 31 3405 5886
3900 32 3463 5750
3900 33 3346 5731
3900 34 3233 5728
3900 35 3279 5720
3900 36 3340 5782
3900 37 3345 5732
3900 38 3345 5800
3900 39 3154 5756
3900 40 3373 5727
3900 41 3307 5771
3900 42 3337 5727
3900 43 3357 5738
3900 44 3358 5773
3900 45 3337 5784
3900 46 2554 4845
3900 47 2523 5001
3900 48 2501 4830
3900 49 2513 4822
3900 50 2532 4910
3900 51 2488 4831
3900 52 2529 4762
3900 53 2578 4830
3900 54 2653 4896
3900 55 2461 4847
3900 56 2537 4825
3900 57 2644 4941
3900 58 2507 4827
3900 59 2563 4897
3900 60 2557 4809
3900 61 2493 4920
3900 62 2539 4825
3900 63 2540 4830
3900 64 2607 4767
3900 65 2514 4718
3900 66 2560 4809
3900 67 2581 4877
3900 68 2604 4813
3900 69 2436 4739
3900 70 2545 4826
3900 71 2492 4777
3900 72 2460 4766
3900 73 2558 4844
3900 74 2398 4708
3900 75 2489 4844
3900 76 2531 4843
3900 77 2464 4880
3900 78 2452 4733
3900 79 2634 4877
3900 80 2487 4980
3900 81 2606 4926
3900 82 2555 4833
3900 83 2527 4847
3900 84 2400 4899
3900 85 2643 4757
3900 86 943 5161
3900 87 894 4879
3900 88 1018 5034
3900 89 1066 4880
3900 90 1003 5098
3900 91 989 5034
3900 92 959 4907
3900 93 1041 4905
3900 94 907 5111
3900 95 1067 4950
3900 96 1070 5083
3900 97 1062 4982
3900 98 1150 4901
3900 99 949 4842
3900 100 997 4935
3900 101 1150 5158
3900 102 949 4982
3900 103 1044 5034
3900 104 960 5050
3900 105 995 4972
3900 106 1060 5057
3900 107 1095 5044
3900 108 1015 5024
3900 109 999 5039
3900 110 1033 5015
3900 111 1042 4997
3900 112 1140 5025
3900 113 1036 5025
3900 114 1097 5072
3900 115 1023 5013
3900 116 1108 5036
3900 117 1115 5129
3900 118 1178 4969
3900 119 1014 5022
3900 120 996 5016
3900 121 1072 5054
3900 122 1034 5001
3900 123 946 5038
3900 124 1055 5004
3900 125 994 5003
3900 126 897 5060
3900 127 956 5066
3900 128 1110 5099
3900 129 1137 4974
4200 0 3774 4448
4200 1 3334 5785
4200 2 2544 4825
4200 3 1016 5014
4200 4 3334 5785
4200 5 3334 5785
4200 6 3334 5785
4200 7 2544 4825
4200 8 2544 4825
4200 9 1016 5014
4200 10 3426 5759
4200 11 3141 5737
4200 12 3257 5760
4200 13 3190 5778
4200 14 3244 5653
4200 15 3352 5787
4200 16 3139 5880
4200 17 3435 5750
4200 18 3174 5743
4200 19 3244 5784
4200 20 3406 5874
4200 21 3425 5722
4200 22 3162 5706
4200 23 3359 5818
4200 24 3230 5922
4200 25 3512 5644
4200 26 3318 5787
4200 27 3365 5757
4200 28 3421 5660
4200 29 3460 5675
4200 30 3229 5745
4200 31 3401 5859
4200 32 3554 5871
4200 33 3346 5731
4200 34 3233 5728
4200 35 3279 5720
4200 36 3340 5782
4200 37 3345 5732
4200 38 3200 5794
4200 39 3154 5756
4200 40 3373 5727
4200 41 3322 5854
4200 42 3337 5727
4200 43 3314 5680
4200 44 3585 5720
4200 45 3315 5775
4200 46 2699 4799
4200 47 2567 5015
4200 48 2431 4802
4200 49 2513 4822
4200 50 2532 4910
4200 51 2488 4831
4200 52 2529 4762
4200 53 2578 4830
4200 54 2653 4896
4200 55 2461 4847
4200 56 2537 4825
4200 57 2675 4824
4200 58 2507 4827
4200 59 2563 4897
4200 60 2557 4809
4200 61 2493 4920
4200 62 2539 4825
4200 63 2540 4830
4200 64 2607 4767
4200 65 2514 4718
4200 66 2560 4809
4200 67 2580 4874
4200 68 2604 4813
4200 69 2436 4739
4200 70 2545 4826
4200 71 2492 4777
4200 72 2460 4766
4200 73 2558 4844
4200 74 2747 4798
4200 75 2489 4844
4200 76 2531 4843
4200 77 2464 4880
4200 78 2452 4733
4200 79 2634 4877
4200 80 2589 4939
4200 81 2606 4926
4200 82 2555 4833
4200 83 2527 4847
4200 84 2400 4899
4200 85 2643 4757
4200 86 943 5161
4200 87 894 4879
4200 88 1018 5034
4200 89 1066 4880
4200 90 1003 5098
4200 91 989 5034
4200 92 959 4907
4200 93 1041 4905
4200 94 1197 5042
4200 95 1067 4950
4200 96 1070 5083
4200 97 1062 4982
4200 98 1150 4901
4200 99 949 4842
4200 100 996 4917
4200 101 985 5009
4200 102 949 4982
4200 103 1044 5034
4200 104 960 5050
4200 105 995 4972
4200 106 867 5094
4200 107 1095 5044
4200 108 1015 5024
4200 109 999 5039
4200 110 1033 5015
4200 111 1042 4997
4200 112 1140 5025
4200 113 1036 5025
4200 114 1097 5072
4200 115 1023 5013
4200 116 1108 5036
4200 117 1115 5129
4200 118 1178 4969
4200 119 1014 5023
4200 120 1058 4965
4200 121 906 5078
4200 122 1034 5001
4200 123 946 5038
4200 124 1055 5004
4200 125 994 5003
4200 126 897 5060
4200 127 956 5066
4200 128 1047 5023
4200 129 1137 4974
4500 0 3774 4448
4500 1 3334 5785
4500 2 2544 4825
4500 3 1016 5014
4500 4 3334 5785
4500 5 3334 5785
4500 6 3334 5785
4500 7 2544 4825
4500 8 2544 4825
4500 9 1016 5014
4500 10 3426 5759
4500 11 3141 5737
4500 12 3257 5760
4500 13 3190 5778
4500 14 3244 5653
4500 15 3352 5787
4500 16 3139 5880
4500 17 3324 5771
4500 18 3174 5743
4500 19 3184 5875
4500 20 3406 5874
4500 21 3425 5722
4500 22 3162 5706
4500 23 3359 5818
4500 24 3230 5922
4500 25 3400 5704
4500 26 3285 5785
4500 27 3365 5757
4500 28 3444 5635
4500 29 3460 5675
4500 30 3175 5772
4500 31 3434 5968
4500 32 3463 5750
4500 33 3458 5991
4500 34 3233 5728
4500 35 3261 5577
4500 36 3340 5782
4500 37 3345 5732
4500 38 3345 5800
4500 39 3154 5756
4500 40 3373 5727
4500 41 3307 5771
4500 42 3284 5533
4500 43 3357 5738
4500 44 3358 5773
4500 45 3337 5784
4500 46 2554 4845
4500 47 2523 5001
4500 48 2501 4830
4500 49 2513 4822
4500 50 2532 4910
4500 51 2488 4831
4500 52 2659 4756
4500 53 2578 4830
4500 54 2653 4896
4500 55 2389 4881
4500 56 2537 4825
4500 57 2517 4811
4500 58 2507 4827
4500 59 2563 4897
4500 60 2557 4809
4500 61 2524 4812
4500 62 2539 4825
4500 63 2576 4747
4500 64 2607 4767
4500 65 2514 4718
4500 66 2560 4809
4500 67 2580 4874
4500 68 2604 4813
4500 69 2436 4739
4500 70 2545 4826
4500 71 2492 4777
4500 72 2460 4766
4500 73 2558 4844
4500 74 2534 4828
4500 75 2415 4777
4500 76 2607 4843
4500 77 2464 4880
4500 78 2452 4733
4500 79 2634 4877
4500 80 2589 4939
4500 81 2604 4925
4500 82 2555 4833
4500 83 2527 4847
4500 84 2400 4899
4500 85 2643 4757
4500 86 943 5161
4500 87 894 4879
4500 88 1018 5034
4500 89 1066 4880
4500 90 1003 5098
4500 91 989 5034
4500 92 959 4907
4500 93 1041 4905
4500 94 907 5111
4500 95 1067 4950
4500 96 1070 5083
4500 97 1062 4982
4500 98 1150 4901
4500 99 949 4842
4500 100 997 4935
4500 101 985 5009
4500 102 949 4982
4500 103 1044 5034
4500 104 960 5050
4500 105 909 4925
4500 106 1052 5012
4500 107 1095 5044
4500 108 1015 5024
4500 109 999 5039
4500 110 1033 5015
4500 111 1042 4997
4500 112 1140 5025
4500 113 1036 5025
4500 114 1097 5072
4500 115 1023 5013
4500 116 1108 5036
4500 117 1115 5129
4500 118 1178 4969
4500 119 1014 5022
4500 120 1058 4965
4500 121 1072 5054
4500 122 1034 5001
4500 123 946 5038
4500 124 1055 5004
4500 125 994 5003
4500 126 897 5060
4500 127 1039 5085
4500 128 1047 5023
4500 129 1064 4999
4800 0 3774 4448
4800 1 3334 5785
4800 2 2544 4825
4800 3 1016 5014
4800 4 3334 5785
4800 5 3334 5785
4800 6 3334 5785
4800 7 2544 4825
4800 8 2544 4825
4800 9 1016 5014
4800 10 3426 5759
4800 11 3141 5737
4800 12 3257 5760
4800 13 3190 5778
4800 14 3244 5653
4800 15 3352 5787
4800 16 3139 5880
4800 17 3324 5771
4800 18 3174 5743
4800 19 3333 5775
4800 20 3406 5874
4800 21 3425 5722
4800 22 3162 5706
4800 23 3359 5818
4800 24 3230 5922
4800 25 3512 5644
4800 26 3318 5787
4800 27 3340 5646
4800 28 3444 5635
4800 29 3460 5675
4800 30 3284 5713
4800 31 3401 5859
4800 32 3463 5750
4800 33 3346 5731
4800 34 3233 5728
4800 35 3279 5720
4800 36 3340 5782
4800 37 3345 5732
4800 38 3383 5723
4800 39 3154 5756
4800 40 3373 5727
4800 41 3307 5771
4800 42 3337 5727
4800 43 3365 5664
4800 44 3358 5773
4800 45 3337 5784
4800 46 2554 4845
4800 47 2523 5001
4800 48 2501 4830
4800 49 2539 4796
4800 50 2532 4910
4800 51 2609 4883
4800 52 2529 4762
4800 53 2578 4830
4800 54 2653 4896
4800 55 2461 4847
4800 56 2537 4825
4800 57 2625 4970
4800 58 2507 4827
4800 59 2563 4897
4800 60 2557 4809
4800 61 2493 4920
4800 62 2539 4825
4800 63 2540 4830
4800 64 2607 4767
4800 65 2514 4718
4800 66 2560 4809
4800 67 2580 4874
4800 68 2604 4813
4800 69 2436 4739
4800 70 2545 4826
4800 71 2427 4902
4800 72 2460 4766
4800 73 2568 4894
4800 74 2534 4828
4800 75 2489 4844
4800 76 2531 4843
4800 77 2464 4880
4800 78 2452 4733
4800 79 2634 4877
4800 80 2589 4939
4800 81 2606 4926
4800 82 2555 4833
4800 83 2527 4847
4800 84 2400 4899
4800 85 2643 4757
4800 86 943 5161
4800 87 894 4879
4800 88 1018 5034
4800 89 1066 4880
4800 90 1003 5098
4800 91 989 5034
4800 92 959 4907
4800 93 1041 4905
4800 94 907 5111
4800 95 1067 4950
4800 96 1070 5083
4800 97 1062 4982
4800 98 1150 4901
4800 99 1104 4875
4800 100 997 4935
4800 101 985 5009
4800 102 949 4982
4800 103 1044 5034
4800 104 960 5050
4800 105 995 4972
4800 106 1060 5057
4800 107 1095 5044
4800 108 1015 5024
4800 109 1135 5116
4800 110 1055 5138
4800 111 1042 4997
4800 112 1140 5025
4800 113 1186 5028
4800 114 1097 5072
4800 115 1023 5013
4800 116 1108 5036
4800 117 1115 5129
4800 118 1178 4969
4800 119 1014 5022
4800 120 1058 4965
4800 121 1072 5054
4800 122 1228 5057
4800 123 946 5038
4800 124 1055 5004
4800 125 994 5003
4800 126 897 5060
4800 127 956 5066
4800 128 1047 5023
4800 129 1137 4974
5100 0 3774 4448
5100 1 3334 5785
5100 2 2544 4825
5100 3 1016 5014
5100 4 3334 5785
5100 5 3334 5785
5100 6 3334 5785
5100 7 2544 4825
5100 8 2544 4825
5100 9 1016 5014
5100 10 3426 5759
5100 11 3141 5737
5100 12 3285 5716
5100 13 3190 5778
5100 14 3244 5653
5100 15 3309 5678
5100 16 3249 5877
5100 17 3324 5771
5100 18 3174 5743
5100 19 3333 5775
5100 20 3406 5874
5100 21 3425 5722
5100 22 3162 5706
5100 23 3359 5818
5100 24 3230 5922
5100 25 3512 5644
5100 26 3318 5787
5100 27 3365 5757
5100 28 3444 5635
5100 29 3460 5675
5100 30 3268 5739
5100 31 3401 5859
5100 32 3463 5750
5100 33 3346 5731
5100 34 3233 5728
5100 35 3279 5720
5100 36 3340 5782
5100 37 3345 5732
5100 38 3220 5563
5100 39 3154 5756
5100 40 3373 5727
5100 41 3266 5940
5100 42 3337 5727
5100 43 3357 5738
5100 44 3358 5773
5100 45 3390 5805
5100 46 2560 4935
5100 47 2523 5001
5100 48 2501 4830
5100 49 2513 4822
5100 50 2532 4910
5100 51 2488 4831
5100 52 2529 4762
5100 53 2578 4830
5100 54 2486 4776
5100 55 2461 4847
5100 56 2537 4825
5100 57 2517 4811
5100 58 2507 4827
5100 59 2563 4897
5100 60 2487 4866
5100 61 2493 4920
5100 62 2539 4825
5100 63 2740 4798
5100 64 2611 4685
5100 65 2514 4718
5100 66 2623 4973
5100 67 2580 4874
5100 68 2604 4813
5100 69 2436 4739
5100 70 2545 4826
5100 71 2492 4777
5100 72 2460 4766
5100 73 2558 4844
5100 74 2534 4828
5100 75 2489 4844
5100 76 2531 4843
5100 77 2464 4880
5100 78 2452 4733
5100 79 2634 4877
5100 80 2589 4939
5100 81 2606 4926
5100 82 2555 4833
5100 83 2527 4847
5100 84 2400 4899
5100 85 2643 4757
5100 86 943 5161
5100 87 894 4879
5100 88 1018 5034
5100 89 1066 4880
5100 90 1003 5098
5100 91 989 5034
5100 92 959 4907
5100 93 1041 4905
5100 94 907 5111
5100 95 1067 4950
5100 96 1200 4973
5100 97 1062 4982
5100 98 1150 4901
5100 99 949 4842
5100 100 997 4935
5100 101 985 5009
5100 102 949 4982
5100 103 1044 5034
5100 104 960 5050
5100 105 995 4972
5100 106 1063 5018
5100 107 1095 5044
5100 108 1015 5024
5100 109 999 5039
5100 110 939 5058
5100 111 1190 4972
5100 112 1140 5025
5100 113 1036 5025
5100 114 1097 5072
5100 115 1023 5013
5100 116 1108 5036
5100 117 1115 5129
5100 118 1178 4969
5100 119 1014 5022
5100 120 1058 4965
5100 121 1072 5054
5100 122 1034 5001
5100 123 1021 5055
5100 124 1055 5004
5100 125 994 5003
5100 126 897 5060
5100 127 956 5066
5100 128 1047 5023
5100 129 1176 5004
5400 0 3774 4448
5400 1 3334 5785
5400 2 2544 4825
5400 3 1016 5014
5400 4 3334 5785
5400 5 3334 5785
5400 6 3334 5785
5400 7 2544 4825
5400 8 2544 4825
5400 9 1016 5014
5400 10 3426 5759
5400 11 3141 5737
5400 12 3257 5760
5400 13 3190 5778
5400 14 3200 5706
5400 15 3352 5787
5400 16 3139 5880
5400 17 3324 5771
5400 18 3174 5743
5400 19 3333 5775
5400 20 3406 5874
5400 21 3425 5722
5400 22 3162 5706
5400 23 3359 5818
5400 24 3230 5922
5400 25 3512 5644
5400 26 3318 5787
5400 27 3365 5757
5400 28 3453 5610
5400 29 3460 5675
5400 30 3229 5745
5400 31 3401 5859
5400 32 3463 5750
5400 33 3346 5731
5400 34 3233 5728
5400 35 3279 5720
5400 36 3340 5782
5400 37 3345 5732
5400 38 3345 5800
5400 39 3154 5756
5400 40 3373 5727
5400 41 3307 5771
5400 42 3337 5727
5400 43 3444 5706
5400 44 3392 5688
5400 45 3337 5784
5400 46 2554 4845
5400 47 2523 5001
5400 48 2501 4830
5400 49 2513 4822
5400 50 2532 4910
5400 51 2488 4831
5400 52 2529 4762
5400 53 2578 4830
5400 54 2653 4896
5400 55 2461 4847
5400 56 2537 4825
5400 57 2517 4811
5400 58 2507 4827
5400 59 2563 4897
5400 60 2557 4809
5400 61 2493 4920
5400 62 2539 4825
5400 63 2540 4830
5400 64 2607 4767
5400 65 2401 4788
5400 66 2599 4711
5400 67 2580 4874
5400 68 2604 4813
5400 69 2436 4739
5400 70 2545 4826
5400 71 2492 4777
5400 72 2460 4766
5400 73 2558 4844
5400 74 2534 4828
5400 75 2489 4844
5400 76 2531 4843
5400 77 2464 4880
5400 78 2452 4733
5400 79 2634 4877
5400 80 2589 4939
5400 81 2606 4926
5400 82 2555 4833
5400 83 2591 4879
5400 84 2400 4899
5400 85 2643 4757
5400 86 943 5161
5400 87 894 4879
5400 88 1018 5034
5400 89 1039 4857
5400 90 1003 5098
5400 91 989 5034
5400 92 959 4907
5400 93 1041 4905
5400 94 907 5111
5400 95 1067 4950
5400 96 1070 5083
5400 97 1062 4982
5400 98 1150 4901
5400 99 1033 4969
5400 100 997 4935
5400 101 985 5009
5400 102 949 4982
5400 103 1044 5034
5400 104 960 5050
5400 105 995 4972
5400 106 1060 5057
5400 107 1095 5044
5400 108 1015 5024
5400 109 999 5039
5400 110 1033 5015
5400 111 1042 4997
5400 112 1140 5025
5400 113 1036 5025
5400 114 973 5107
5400 115 1023 5013
5400 116 1108 5036
5400 117 1115 5129
5400 118 1178 4969
5400 119 1014 5022
5400 120 1058 4965
5400 121 1072 5054
5400 122 1034 5001
5400 123 946 5038
5400 124 1055 5004
5400 125 994 5003
5400 126 897 5060
5400 127 956 5066
5400 128 1047 5023
5400 129 1137 4974
5700 0 3774 4448
5700 1 3334 5785
5700 2 2544 4825
5700 3 1016 5014
5700 4 3334 5785
5700 5 3334 5785
5700 6 3334 5785
5700 7 2544 4825
5700 8 2544 4825
5700 9 1016 5014
5700 10 3426 5759
5700 11 3141 5737
5700 12 3257 5760
5700 13 3190 5778
5700 14 3244 5653
5700 15 3352 5787
5700 16 3139 5880
5700 17 3324 5771
5700 18 3174 5743
5700 19 3333 5775
5700 20 3406 5874
5700 21 3425 5722
5700 22 3162 5706
5700 23 3359 5818
5700 24 3230 5922
5700 25 3512 5644
5700 26 3318 5787
5700 27 3365 5757
5700 28 3444 5635
5700 29 3460 5675
5700 30 3229 5745
5700 31 3401 5859
5700 32 3463 5750
5700 33 3346 5731
5700 34 3233 5728
5700 35 3279 5720
5700 36 3340 5782
5700 37 3334 5724
5700 38 3345 5800
5700 39 3154 5756
5700 40 3373 5727
5700 41 3307 5771
5700 42 3337 5727
5700 43 3357 5738
5700 44 3358 5773
5700 45 3337 5784
5700 46 2554 4845
5700 47 2523 5001
5700 48 2501 4830
5700 49 2509 4988
5700 50 2532 4910
5700 51 2488 4831
5700 52 2529 4762
5700 53 2447 4780
5700 54 2653 4896
5700 55 2646 4930
5700 56 2537 4825
5700 57 2517 4811
5700 58 2507 4827
5700 59 2563 4897
5700 60 2557 4809
5700 61 2493 4920
5700 62 2539 4825
5700 63 2540 4830
5700 64 2607 4767
5700 65 2514 4718
5700 66 2560 4809
5700 67 2580 4874
5700 68 2604 4813
5700 69 2436 4739
5700 70 2545 4826
5700 71 2492 4777
5700 72 2460 4766
5700 73 2558 4844
5700 74 2534 4828
5700 75 2489 4844
5700 76 2531 4843
5700 77 2464 4880
5700 78 2452 4733
5700 79 2634 4877
5700 80 2589 4939
5700 81 2614 4923
5700 82 2555 4833
5700 83 2527 4847
5700 84 2400 4899
5700 85 2643 4757
5700 86 943 5161
5700 87 868 5171
5700 88 1018 5034
5700 89 1066 4880
5700 90 1003 5098
5700 91 1209 5067
5700 92 959 4907
5700 93 1041 4905
5700 94 907 5111
5700 95 1067 4950
5700 96 1070 5083
5700 97 1062 4982
5700 98 1150 4901
5700 99 949 4842
5700 100 997 4935
5700 101 1138 5059
5700 102 949 4982
5700 103 1044 5034
5700 104 960 5050
5700 105 995 4972
5700 106 1060 5057
5700 107 1095 5044
5700 108 1015 5024
5700 109 999 5039
5700 110 1033 5015
5700 111 1042 4997
5700 112 1140 5025
5700 113 1082 5146
5700 114 1097 5072
5700 115 1023 5013
5700 116 1108 5036
5700 117 1115 5129
5700 118 1178 4969
5700 119 1037 4953
5700 120 1058 4965
5700 121 1072 5054
5700 122 1034 5001
5700 123 946 5038
5700 124 1055 5004
5700 125 1000 5026
5700 126 897 5060
5700 127 956 5066
5700 128 1047 5023
5700 129 1137 4974
6000 0 3774 4448
6000 1 3334 5785
6000 2 2544 4825
6000 3 1016 5014
6000 4 3334 5785
6000 5 3334 5785
6000 6 3334 5785
6000 7 2544 4825
6000 8 2544 4825
6000 9 1016 5014
6000 10 3426 5759
6000 11 3188 5644
6000 12 3257 5760
6000 13 3190 5778
6000 14 3244 5653
6000 15 3352 5787
6000 16 3139 5880
6000 17 3324 5771
6000 18 3174 5743
6000 19 3333 5775
6000 20 3406 5874
6000 21 3415 5757
6000 22 3162 5706
6000 23 3359 5818
6000 24 3230 5922
6000 25 3484 5677
6000 26 3209 5720
6000 27 3365 5757
6000 28 3444 5635
6000 29 3463 5999
6000 30 3237 5765
6000 31 3401 5859
6000 32 3463 5750
6000 33 3346 5731
6000 34 3233 5728
6000 35 3279 5720
6000 36 3340 5782
6000 37 3345 5732
6000 38 3345 5800
6000 39 3154 5756
6000 40 3373 5727
6000 41 3307 5771
6000 42 3337 5727
6000 43 3357 5738
6000 44 3358 5773
6000 45 3337 5784
6000 46 2554 4845
6000 47 2523 5001
6000 48 2501 4830
6000 49 2627 4904
6000 50 2532 4910
6000 51 2488 4831
6000 52 2529 4762
6000 53 2396 4881
6000 54 2653 4896
6000 55 2461 4847
6000 56 2537 4825
6000 57 2517 4811
6000 58 2507 4827
6000 59 2520 4763
6000 60 2557 4809
6000 61 2493 4920
6000 62 2539 4825
6000 63 2540 4830
6000 64 2607 4767
6000 65 2514 4718
6000 66 2615 4674
6000 67 2580 4874
6000 68 2604 4813
6000 69 2436 4739
6000 70 2545 4826
6000 71 2492 4777
6000 72 2460 4766
6000 73 2558 4844
6000 74 2534 4828
6000 75 2489 4844
6000 76 2531 4843
6000 77 2464 4880
6000 78 2452 4733
6000 79 2634 4877
6000 80 2589 4939
6000 81 2606 4926
6000 82 2555 4833
6000 83 2527 4847
6000 84 2400 4899
6000 85 2643 4757
6000 86 943 5161
6000 87 894 4879
6000 88 1018 5034
6000 89 1066 4880
6000 90 1003 5098
6000 91 989 5034
6000 92 959 4907
6000 93 1041 4905
6000 94 907 5111
6000 95 1067 4950
6000 96 1070 5083
6000 97 1062 4982
6000 98 1150 4901
6000 99 949 4842
6000 100 997 4935
6000 101 985 5009
6000 102 949 4982
6000 103 1044 5034
6000 104 960 5050
6000 105 995 4972
6000 106 1060 5057
6000 107 1095 5044
6000 108 1015 5024
6000 109 999 5039
6000 110 1033 5015
6000 111 1042 4997
6000 112 1140 5025
6000 113 1036 5025
6000 114 1097 5072
6000 115 1007 5131
6000 116 1018 5055
6000 117 1115 5129
6000 118 1178 4969
6000 119 1061 4991
6000 120 1058 4965
6000 121 1150 5030
6000 122 1034 5001
6000 123 946 5038
6000 124 1055 5004
6000 125 994 5003
6000 126 897 5060
6000 127 956 5066
6000 128 1047 5023
6000 129 1137 4974
6300 0 3774 4448
6300 1 3334 5785
6300 2 2544 4825
6300 3 1016 5014
6300 4 3334 5785
6300 5 3334 5785
6300 6 3334 5785
6300 7 2544 4825
6300 8 2544 4825
6300 9 1016 5014
6300 10 3426 5759
6300 11 3141 5737
6300 12 3257 5760
6300 13 3190 5778
6300 14 3308 5694
6300 15 3352 5787
6300 16 3139 5880
6300 17 3360 5719
6300 18 3104 5878
6300 19 3333 5775
6300 20 3406 5874
6300 21 3425 5722
6300 22 3162 5706
6300 23 3359 5818
6300 24 3230 5922
6300 25 3512 5644
6300 26 3262 5766
6300 27 3365 5757
6300 28 3264 5713
6300 29 3460 5675
6300 30 3229 5745
6300 31 3401 5859
6300 32 3572 5724
6300 33 3346 5731
6300 34 3233 5728
6300 35 3279 5720
6300 36 3340 5782
6300 37 3486 5634
6300 38 3345 5800
6300 39 3154 5756
6300 40 3373 5727
6300 41 3307 5771
6300 42 3392 5714
6300 43 3357 5738
6300 44 3358 5773
6300 45 3337 5784
6300 46 2554 4845
6300 47 2523 5001
6300 48 2501 4830
6300 49 2513 4822
6300 50 2464 4903
6300 51 2398 4785
6300 52 2597 4755
6300 53 2578 4830
6300 54 2653 4896
6300 55 2461 4847
6300 56 2537 4825
6300 57 2517 4811
6300 58 2553 4745
6300 59 2563 4897
6300 60 2557 4809
6300 61 2493 4920
6300 62 2539 4825
6300 63 2540 4830
6300 64 2607 4767
6300 65 2514 4718
6300 66 2560 4809
6300 67 2580 4874
6300 68 2600 4810
6300 69 2436 4739
6300 70 2545 4826
6300 71 2492 4777
6300 72 2460 4766
6300 73 2558 4844
6300 74 2534 4828
6300 75 2489 4844
6300 76 2531 4843
6300 77 2454 4986
6300 78 2452 4733
6300 79 2634 4877
6300 80 2589 4939
6300 81 2606 4926
6300 82 2555 4833
6300 83 2413 4746
6300 84 2400 4899
6300 85 2643 4757
6300 86 905 5152
6300 87 894 4879
6300 88 1018 5034
6300 89 1066 4880
6300 90 1003 5098
6300 91 989 5034
6300 92 866 4998
6300 93 1033 4909
6300 94 959 5014
6300 95 833 4909
6300 96 1070 5083
6300 97 1062 4982
6300 98 1150 4901
6300 99 949 4842
6300 100 997 4935
6300 101 985 5009
6300 102 949 4982
6300 103 1044 5034
6300 104 960 5050
6300 105 995 4972
6300 106 1060 5057
6300 107 1095 5044
6300 108 1015 5024
6300 109 999 5039
6300 110 1003 5062
6300 111 1042 4997
6300 112 1140 5025
6300 113 1036 5025
6300 114 1097 5072
6300 115 1023 5013
6300 116 1108 5036
6300 117 1115 5129
6300 118 1178 4969
6300 119 1005 5013
6300 120 1058 4965
6300 121 1072 5054
6300 122 1034 5001
6300 123 946 5038
6300 124 1055 5004
6300 125 994 5003
6300 126 897 5060
6300 127 956 5066
6300 128 1047 5023
6300 129 1137 4974
6600 0 3774 4448
6600 1 3334 5785
6600 2 2544 4825
6600 3 1016 5014
6600 4 3334 5785
6600 5 3334 5785
6600 6 3334 5785
6600 7 2544 4825
6600 8 2544 4825
6600 9 1016 5014
6600 10 3426 5759
6600 11 3141 5737
6600 12 3257 5760
6600 13 3190 5778
6600 14 3244 5653
6600 15 3496 5644
6600 16 3139 5880
6600 17 3324 5771
6600 18 3174 5743
6600 19 3333 5775
6600 20 3406 5874
6600 21 3425 5722
6600 22 3162 5706
6600 23 3359 5818
6600 24 3230 5922
6600 25 3512 5644
6600 26 3318 5787
6600 27 3365 5757
6600 28 3444 5635
6600 29 3460 5675
6600 30 3229 5745
6600 31 3401 5859
6600 32 3545 5696
6600 33 3346 5731
6600 34 3233 5728
6600 35 3279 5720
6600 36 3340 5782
6600 37 3345 5732
6600 38 3359 5783
6600 39 3154 5756
6600 40 3373 5727
6600 41 3307 5771
6600 42 3337 5727
6600 43 3357 5738
6600 44 3242 6020
6600 45 3337 5784
6600 46 2554 4845
6600 47 2523 5001
6600 48 2445 4919
6600 49 2513 4822
6600 50 2532 4910
6600 51 2488 4831
6600 52 2529 4762
6600 53 2578 4830
6600 54 2686 4898
6600 55 2461 4847
6600 56 2537 4825
6600 57 2517 4811
6600 58 2507 4827
6600 59 2563 4897
6600 60 2557 4809
6600 61 2493 4920
6600 62 2539 4825
6600 63 2540 4830
6600 64 2607 4767
6600 65 2514 4718
6600 66 2560 4809
6600 67 2676 4896
6600 68 2604 4813
6600 69 2436 4739
6600 70 2545 4826
6600 71 2492 4777
6600 72 2460 4766
6600 73 2558 4844
6600 74 2534 4828
6600 75 2489 4844
6600 76 2531 4843
6600 77 2464 4880
6600 78 2452 4733
6600 79 2634 4877
6600 80 2506 4866
6600 81 2606 4926
6600 82 2555 4833
6600 83 2527 4847
6600 84 2400 4899
6600 85 2643 4757
6600 86 943 5161
6600 87 894 4879
6600 88 1018 5034
6600 89 1066 4880
6600 90 1003 5098
6600 91 989 5034
6600 92 959 4907
6600 93 1041 4905
6600 94 907 5111
6600 95 1067 4950
6600 96 1201 5078
6600 97 1062 4982
6600 98 1150 4901
6600 99 949 4842
6600 100 997 4935
6600 101 985 5009
6600 102 949 4982
6600 103 1044 5034
6600 104 960 5050
6600 105 995 4972
6600 106 1060 5057
6600 107 1095 5044
6600 108 1015 5024
6600 109 999 5039
6600 110 1033 5015
6600 111 1042 4997
6600 112 1140 5025
6600 113 1046 5032
6600 114 1097 5072
6600 115 1023 5013
6600 116 1108 5036
6600 117 1115 5129
6600 118 1228 4983
6600 119 1014 5022
6600 120 917 4881
6600 121 1047 5048
6600 122 1034 5001
6600 123 946 5038
6600 124 945 5036
6600 125 994 5003
6600 126 897 5060
6600 127 956 5066
6600 128 1047 5023
6600 129 1137 4974
6900 0 3774 4448
6900 1 3334 5785
6900 2 2544 4825
6900 3 1016 5014
6900 4 3334 5785
6900 5 3334 5785
6900 6 3334 5785
6900 7 2544 4825
6900 8 2544 4825
6900 9 1016 5014
6900 10 3426 5759
6900 11 3141 5737
6900 12 3284 5679
6900 13 3190 5778
6900 14 3244 5653
6900 15 3352 5787
6900 16 3139 5880
6900 17 3324 5771
6900 18 3174 5743
6900 19 3333 5775
6900 20 3406 5874
6900 21 3425 5722
6900 22 3162 5706
6900 23 3359 5818
6900 24 3230 5922
6900 25 3512 5644
6900 26 3318 5787
6900 27 3365 5757
6900 28 3444 5635
6900 29 3460 5675
6900 30 3229 5745
6900 31 3401 5859
6900 32 3463 5750
6900 33 3346 5731
6900 34 3233 5728
6900 35 3337 5702
6900 36 3340 5782
6900 37 3345 5732
6900 38 3332 5920
6900 39 3196 5735
6900 40 3373 5727
6900 41 3307 5771
6900 42 3362 5981
6900 43 3291 5860
6900 44 3358 5773
6900 45 3337 5784
6900 46 2554 4845
6900 47 2523 5001
6900 48 2501 4830
6900 49 2513 4822
6900 50 2532 4910
6900 51 2488 4831
6900 52 2529 4762
6900 53 2578 4830
6900 54 2653 4896
6900 55 2461 4847
6900 56 2566 4885
6900 57 2517 4811
6900 58 2507 4827
6900 59 2563 4897
6900 60 2544 4813
6900 61 2493 4920
6900 62 2539 4825
6900 63 2481 4811
6900 64 2659 4746
6900 65 2514 4718
6900 66 2560 4809
6900 67 2580 4874
6900 68 2604 4813
6900 69 2436 4739
6900 70 2545 4826
6900 71 2492 4777
6900 72 2460 4766
6900 73 2510 4818
6900 74 2534 4828
6900 75 2432 4949
6900 76 2531 4843
6900 77 2464 4880
6900 78 2452 4733
6900 79 2609 4939
6900 80 2589 4939
6900 81 2606 4926
6900 82 2555 4833
6900 83 2527 4847
6900 84 2400 4899
6900 85 2659 4845
6900 86 943 5161
6900 87 894 4879
6900 88 1018 5034
6900 89 1066 4880
6900 90 1007 5076
6900 91 989 5034
6900 92 959 4907
6900 93 1041 4905
6900 94 907 5111
6900 95 1067 4950
6900 96 1070 5083
6900 97 1062 4982
6900 98 1150 4901
6900 99 949 4842
6900 100 997 4935
6900 101 985 5009
6900 102 949 4982
6900 103 1044 5034
6900 104 958 5048
6900 105 995 4972
6900 106 1060 5057
6900 107 1095 5044
6900 108 1015 5024
6900 109 999 5039
6900 110 1033 5015
6900 111 1042 4997
6900 112 1140 5025
6900 113 1036 5025
6900 114 1097 5072
6900 115 1023 5013
6900 116 1108 5036
6900 117 1115 5129
6900 118 1178 4969
6900 119 1014 5022
6900 120 997 5051
6900 121 1072 5054
6900 122 1034 5001
6900 123 946 5038
6900 124 1055 5004
6900 125 994 5003
6900 126 897 5060
6900 127 956 5066
6900 128 1047 5023
6900 129 1137 4974
7200 0 3774 4448
7200 1 3334 5785
7200 2 2544 4825
7200 3 1016 5014
7200 4 3334 5785
7200 5 3334 5785
7200 6 3334 5785
7200 7 2544 4825
7200 8 2544 4825
7200 9 1016 5014
7200 10 3426 5759
7200 11 3141 5737
7200 12 3257 5760
7200 13 3190 5778
7200 14 3244 5653
7200 15 3352 5787
7200 16 3139 5880
7200 17 3324 5771
7200 18 3174 5743
7200 19 3333 5775
7200 20 3406 5874
7200 21 3425 5722
7200 22 3162 5706
7200 23 3359 5818
7200 24 3230 5922
7200 25 3512 5644
7200 26 3318 5787
7200 27 3365 5757
7200 28 3444 5635
7200 29 3460 5675
7200 30 3287 5765
7200 31 3401 5859
7200 32 3463 5750
7200 33 3346 5731
7200 34 3219 5700
7200 35 3219 5683
7200 36 3340 5782
7200 37 3345 5732
7200 38 3345 5800
7200 39 3124 5871
7200 40 3373 5727
7200 41 3307 5771
7200 42 3270 5667
7200 43 3357 5738
7200 44 3358 5773
7200 45 3337 5784
7200 46 2554 4845
7200 47 2523 5001
7200 48 2501 4830
7200 49 2491 4824
7200 50 2532 4910
7200 51 2488 4831
7200 52 2529 4762
7200 53 2578 4830
7200 54 2653 4896
7200 55 2461 4847
7200 56 2537 4825
7200 57 2517 4811
7200 58 2507 4827
7200 59 2563 4897
7200 60 2557 4809
7200 61 2493 4920
7200 62 2539 4825
7200 63 2540 4830
7200 64 2606 4764
7200 65 2514 4718
7200 66 2560 4809
7200 67 2580 4874
7200 68 2604 4813
7200 69 2373 4866
7200 70 2545 4826
7200 71 2492 4777
7200 72 2460 4766
7200 73 2558 4844
7200 74 2534 4828
7200 75 2489 4844
7200 76 2531 4843
7200 77 2655 4730
7200 78 2452 4733
7200 79 2634 4877
7200 80 2599 4909
7200 81 2606 4926
7200 82 2555 4833
7200 83 2527 4847
7200 84 2400 4899
7200 85 2643 4757
7200 86 943 5161
7200 87 894 4879
7200 88 1018 5034
7200 89 1040 4852
7200 90 1003 5098
7200 91 989 5034
7200 92 959 4907
7200 93 1041 4905
7200 94 907 5111
7200 95 1067 4950
7200 96 1008 5129
7200 97 1062 4982
7200 98 1150 4901
7200 99 949 4842
7200 100 992 4896
7200 101 985 5009
7200 102 949 4982
7200 103 1044 5034
7200 104 994 4929
7200 105 995 4972
7200 106 1060 5057
7200 107 1095 5044
7200 108 1044 5020
7200 109 999 5039
7200 110 1033 5015
7200 111 1042 4997
7200 112 1140 5025
7200 113 1036 5025
7200 114 1097 5072
7200 115 1023 5013
7200 116 1181 5037
7200 117 1092 5149
7200 118 1178 4969
7200 119 1014 5022
7200 120 1058 4965
7200 121 1072 5054
7200 122 1034 5001
7200 123 946 5038
7200 124 1055 5004
7200 125 994 5003
7200 126 897 5060
7200 127 956 5066
7200 128 1047 5023
7200 129 1137 4974
7500 0 3774 4448
7500 1 3334 5785
7500 2 2544 4825
7500 3 1016 5014
7500 4 3334 5785
7500 5 3334 5785
7500 6 3334 5785
7500 7 2544 4825
7500 8 2544 4825
7500 9 1016 5014
7500 10 3426 5759
7500 11 3141 5737
7500 12 3257 5760
7500 13 3190 5778
7500 14 3244 5653
7500 15 3352 5787
7500 16 3139 5749
7500 17 3324 5771
7500 18 3174 5743
7500 19 3333 5775
7500 20 3406 5874
7500 21 3425 5722
7500 22 3162 5706
7500 23 3359 5818
7500 24 3230 5922
7500 25 3512 5644
7500 26 3318 5787
7500 27 3365 5757
7500 28 3444 5635
7500 29 3460 5675
7500 30 3229 5745
7500 31 3401 5859
7500 32 3463 5750
7500 33 3346 5731
7500 34 3233 5728
7500 35 3279 5720
7500 36 3340 5782
7500 37 3345 5732
7500 38 3345 5800
7500 39 3154 5756
7500 40 3373 5727
7500 41 3307 5771
7500 42 3337 5727
7500 43 3357 5738
7500 44 3358 5773
7500 45 3337 5784
7500 46 2532 4986
7500 47 2523 5001
7500 48 2501 4830
7500 49 2513 4822
7500 50 2532 4910
7500 51 2647 4678
7500 52 2429 4717
7500 53 2578 4830
7500 54 2579 4971
7500 55 2670 4909
7500 56 2545 4826
7500 57 2517 4811
7500 58 2507 4827
7500 59 2563 4897
7500 60 2557 4809
7500 61 2493 4920
7500 62 2539 4825
7500 63 2540 4830
7500 64 2611 4771
7500 65 2514 4718
7500 66 2560 4809
7500 67 2580 4874
7500 68 2604 4813
7500 69 2436 4739
7500 70 2545 4826
7500 71 2542 5003
7500 72 2460 4766
7500 73 2558 4844
7500 74 2534 4828
7500 75 2521 4747
7500 76 2531 4843
7500 77 2464 4880
7500 78 2452 4733
7500 79 2634 4877
7500 80 2589 4939
7500 81 2641 4936
7500 82 2555 4833
7500 83 2527 4847
7500 84 2400 4899
7500 85 2643 4757
7500 86 943 5161
7500 87 894 4879
7500 88 1018 5034
7500 89 1066 4880
7500 90 1107 5020
7500 91 989 5034
7500 92 959 4907
7500 93 1041 4905
7500 94 907 5111
7500 95 1067 4950
7500 96 1086 4844
7500 97 964 5127
7500 98 1150 4901
7500 99 1023 4818
7500 100 997 4935
7500 101 985 5009
7500 102 949 4982
7500 103 1044 5034
7500 104 960 5050
7500 105 995 4972
7500 106 1060 5057
7500 107 1095 5044
7500 108 1015 5024
7500 109 999 5039
7500 110 1033 5015
7500 111 1187 4887
7500 112 1140 5025
7500 113 1036 5025
7500 114 1097 5072
7500 115 1023 5013
7500 116 1108 5036
7500 117 1115 5129
7500 118 1178 4969
7500 119 1014 5022
7500 120 1058 4965
7500 121 1072 5054
7500 122 1034 5001
7500 123 946 5038
7500 124 1047 5041
7500 125 842 5070
7500 126 897 5060
7500 127 956 5066
7500 128 1047 5023
7500 129 1137 4974
7800 0 3774 4448
7800 1 3334 5785
7800 2 2544 4825
7800 3 1016 5014
7800 4 3334 5785
7800 5 3334 5785
7800 6 3334 5785
7800 7 2544 4825
7800 8 2544 4825
7800 9 1016 5014
7800 10 3426 5759
7800 11 3141 5737
7800 12 3257 5760
7800 13 3190 5778
7800 14 3244 5653
7800 15 3352 5787
7800 16 3139 5880
7800 17 3324 5771
7800 18 3174 5743
7800 19 3333 5775
7800 20 3406 5874
7800 21 3425 5722
7800 22 3162 5706
7800 23 3359 5818
7800 24 3230 5922
7800 25 3512 5644
7800 26 3318 5787
7800 27 3370 5928
7800 28 3444 5635
7800 29 3460 5675
7800 30 3229 5745
7800 31 3401 5859
7800 32 3463 5750
7800 33 3346 5731
7800 34 3170 5609
7800 35 3279 5720
7800 36 3340 5782
7800 37 3345 5732
7800 38 3316 5733
7800 39 3160 5768
7800 40 3373 5727
7800 41 3307 5771
7800 42 3337 5727
7800 43 3357 5738
7800 44 3345 5951
7800 45 3337 5784
7800 46 2600 4817
7800 47 2523 5001
7800 48 2501 4830
7800 49 2513 4822
7800 50 2532 4910
7800 51 2488 4831
7800 52 2529 4762
7800 53 2578 4830
7800 54 2634 4878
7800 55 2461 4847
7800 56 2537 4825
7800 57 2517 4811
7800 58 2507 4827
7800 59 2563 4897
7800 60 2557 4809
7800 61 2493 4920
7800 62 2539 4825
7800 63 2540 4830
7800 64 2607 4767
7800 65 2514 4718
7800 66 2638 4841
7800 67 2580 4874
7800 68 2604 4813
7800 69 2436 4739
7800 70 2602 4832
7800 71 2514 4763
7800 72 2460 4766
7800 73 2558 4844
7800 74 2601 4970
7800 75 2489 4844
7800 76 2531 4843
7800 77 2464 4880
7800 78 2452 4733
7800 79 2634 4877
7800 80 2589 4939
7800 81 2606 4926
7800 82 2555 4833
7800 83 2527 4847
7800 84 2400 4899
7800 85 2643 4757
7800 86 943 5161
7800 87 894 4879
7800 88 1018 5034
7800 89 1066 4880
7800 90 1003 5098
7800 91 1121 5191
7800 92 909 4922
7800 93 1041 4905
7800 94 953 5143
7800 95 1067 4950
7800 96 947 5033
7800 97 1062 4982
7800 98 1150 4901
7800 99 949 4842
7800 100 997 4935
7800 101 985 5009
7800 102 949 4982
7800 103 1044 5034
7800 104 1134 5125
7800 105 995 4972
7800 106 1139 5114
7800 107 1138 5071
7800 108 1015 5024
7800 109 999 5039
7800 110 1033 5015
7800 111 1042 4997
7800 112 1140 5025
7800 113 1036 5025
7800 114 1097 5072
7800 115 1023 5013
7800 116 1108 5036
7800 117 1115 5129
7800 118 1178 4969
7800 119 1014 5022
7800 120 1058 4965
7800 121 1072 5054
7800 122 1034 5001
7800 123 946 5038
7800 124 1055 5004
7800 125 994 5003
7800 126 897 5060
7800 127 956 5066
7800 128 1047 5023
7800 129 1137 4974
8100 0 3774 4448
8100 1 3334 5785
8100 2 2544 4825
8100 3 1016 5014
8100 4 3334 5785
8100 5 3334 5785
8100 6 3334 5785
8100 7 2544 4825
8100 8 2544 4825
8100 9 1016 5014
8100 10 3501 5909
8100 11 3141 5737
8100 12 3257 5760
8100 13 3190 5778
8100 14 3244 5653
8100 15 3285 5812
8100 16 3139 5880
8100 17 3316 5782
8100 18 3174 5743
8100 19 3333 5775
8100 20 3406 5874
8100 21 3425 5722
8100 22 3162 5706
8100 23 3359 5818
8100 24 3308 5952
8100 25 3512 5644
8100 26 3318 5787
8100 27 3365 5757
8100 28 3444 5635
8100 29 3460 5675
8100 30 3229 5745
8100 31 3401 5859
8100 32 3463 5750
8100 33 3346 5731
8100 34 3233 5728
8100 35 3137 5664
8100 36 3340 5782
8100 37 3345 5732
8100 38 3345 5800
8100 39 3154 5756
8100 40 3373 5727
8100 41 3307 5771
8100 42 3337 5727
8100 43 3357 5738
8100 44 3358 5773
8100 45 3337 5784
8100 46 2554 4845
8100 47 2523 5001
8100 48 2501 4830
8100 49 2513 4822
8100 50 2532 4910
8100 51 2587 4959
8100 52 2529 4762
8100 53 2578 4830
8100 54 2653 4896
8100 55 2461 4847
8100 56 2537 4825
8100 57 2517 4811
8100 58 2507 4827
8100 59 2520 4875
8100 60 2557 4809
8100 61 2493 4920
8100 62 2539 4825
8100 63 2540 4830
8100 64 2607 4767
8100 65 2522 4623
8100 66 2560 4809
8100 67 2580 4874
8100 68 2604 4813
8100 69 2436 4739
8100 70 2545 4826
8100 71 2500 4820
8100 72 2450 4774
8100 73 2558 4844
8100 74 2396 4863
8100 75 2489 4844
8100 76 2531 4843
8100 77 2464 4880
8100 78 2452 4733
8100 79 2634 4877
8100 80 2589 4939
8100 81 2606 4926
8100 82 2555 4833
8100 83 2527 4847
8100 84 2400 4899
8100 85 2643 4757
8100 86 943 5161
8100 87 894 4879
8100 88 1018 5034
8100 89 1066 4880
8100 90 1003 5098
8100 91 989 5034
8100 92 959 4907
8100 93 1041 4905
8100 94 907 5111
8100 95 1067 4950
8100 96 1070 5083
8100 97 1118 4986
8100 98 1150 4901
8100 99 873 4923
8100 100 997 4935
8100 101 985 5009
8100 102 949 4982
8100 103 1044 5034
8100 104 960 5050
8100 105 1091 4987
8100 106 1163 5155
8100 107 1095 5044
8100 108 1015 5024
8100 109 999 5039
8100 110 1033 5015
8100 111 1042 4997
8100 112 1140 5025
8100 113 1036 5025
8100 114 1097 5072
8100 115 1023 5013
8100 116 1108 5036
8100 117 917 5100
8100 118 1178 4969
8100 119 1014 5022
8100 120 1058 4965
8100 121 1072 5054
8100 122 1034 5001
8100 123 946 5038
8100 124 1055 5004
8100 125 994 5003
8100 126 897 5060
8100 127 956 5066
8100 128 1047 5023
8100 129 1137 4974
8400 0 3774 4448
8400 1 3334 5785
8400 2 2544 4825
8400 3 1016 5014
8400 4 3334 5785
8400 5 3334 5785
8400 6 3334 5785
8400 7 2544 4825
8400 8 2544 4825
8400 9 1016 5014
8400 10 3426 5759
8400 11 3267 5581
8400 12 3257 5760
8400 13 3190 5778
8400 14 3244 5653
8400 15 3352 5787
8400 16 3145 5888
8400 17 3324 5771
8400 18 3174 5743
8400 19 3333 5775
8400 20 3406 5874
8400 21 3412 5630
8400 22 3162 5706
8400 23 3359 5818
8400 24 3245 5924
8400 25 3512 5644
8400 26 3318 5787
8400 27 3365 5757
8400 28 3444 5635
8400 29 3460 5675
8400 30 3229 5745
8400 31 3401 5859
8400 32 3463 5750
8400 33 3346 5731
8400 34 3233 5728
8400 35 3279 5720
8400 36 3321 5603
8400 37 3385 5735
8400 38 3345 5800
8400 39 3154 5756
8400 40 3373 5727
8400 41 3307 5771
8400 42 3352 5767
8400 43 3276 5730
8400 44 3358 5773
8400 45 3337 5784
8400 46 2554 4845
8400 47 2523 5001
8400 48 2501 4830
8400 49 2391 4863
8400 50 2532 4910
8400 51 2488 4831
8400 52 2529 4762
8400 53 2578 4830
8400 54 2653 4896
8400 55 2390 4909
8400 56 2629 4988
8400 57 2517 4811
8400 58 2507 4827
8400 59 2563 4897
8400 60 2557 4809
8400 61 2493 4920
8400 62 2539 4825
8400 63 2540 4830
8400 64 2607 4767
8400 65 2514 4718
8400 66 2560 4809
8400 67 2580 4874
8400 68 2604 4813
8400 69 2436 4739
8400 70 2545 4826
8400 71 2492 4777
8400 72 2460 4766
8400 73 2558 4844
8400 74 2534 4828
8400 75 2489 4844
8400 76 2531 4843
8400 77 2464 4880
8400 78 2452 4733
8400 79 2634 4877
8400 80 2589 4939
8400 81 2607 4889
8400 82 2555 4833
8400 83 2527 4847
8400 84 2400 4899
8400 85 2643 4757
8400 86 931 5118
8400 87 894 4879
8400 88 1018 5034
8400 89 1066 4880
8400 90 1003 5098
8400 91 989 5034
8400 92 959 4907
8400 93 1041 4905
8400 94 907 5111
8400 95 1067 4950
8400 96 1070 5083
8400 97 1062 4982
8400 98 1150 4901
8400 99 949 4842
8400 100 997 4935
8400 101 985 5009
8400 102 949 4982
8400 103 1044 5034
8400 104 960 5050
8400 105 995 4972
8400 106 1060 5057
8400 107 1095 5044
8400 108 1015 5024
8400 109 974 5196
8400 110 1043 4937
8400 111 1042 4997
8400 112 1140 5025
8400 113 1036 5025
8400 114 1097 5072
8400 115 1023 5013
8400 116 1108 5036
8400 117 1115 5129
8400 118 1178 4969
8400 119 1014 5022
8400 120 1058 4965
8400 121 1072 5054
8400 122 1034 5001
8400 123 946 5038
8400 124 1055 5004
8400 125 1043 5054
8400 126 897 5060
8400 127 956 5066
8400 128 1047 5023
8400 129 1186 4977
8700 0 3774 4448
8700 1 3334 5785
8700 2 2544 4825
8700 3 1016 5014
8700 4 3334 5785
8700 5 3334 5785
8700 6 3334 5785
8700 7 2544 4825
8700 8 2544 4825
8700 9 1016 5014
8700 10 3197 5692
8700 11 3141 5737
8700 12 3257 5760
8700 13 3190 5778
8700 14 3244 5653
8700 15 3352 5787
8700 16 3139 5880
8700 17 3324 5771
8700 18 3174 5743
8700 19 3333 5775
8700 20 3406 5874
8700 21 3483 5978
8700 22 3162 5706
8700 23 3359 5818
8700 24 3230 5922
8700 25 3512 5644
8700 26 3303 5994
8700 27 3365 5757
8700 28 3444 5635
8700 29 3460 5675
8700 30 3229 5745
8700 31 3401 5859
8700 32 3463 5750
8700 33 3346 5731
8700 34 3233 5728
8700 35 3279 5720
8700 36 3340 5782
8700 37 3493 5674
8700 38 3345 5800
8700 39 3154 5756
8700 40 3373 5727
8700 41 3307 5771
8700 42 3337 5727
8700 43 3327 5815
8700 44 3358 5773
8700 45 3328 5639
8700 46 2712 4761
8700 47 2523 5001
8700 48 2501 4830
8700 49 2513 4822
8700 50 2547 4801
8700 51 2558 4747
8700 52 2529 4762
8700 53 2578 4830
8700 54 2653 4896
8700 55 2461 4847
8700 56 2537 4825
8700 57 2517 4811
8700 58 2507 4827
8700 59 2563 4897
8700 60 2557 4809
8700 61 2493 4920
8700 62 2539 4825
8700 63 2540 4830
8700 64 2607 4767
8700 65 2514 4718
8700 66 2483 4655
8700 67 2580 4874
8700 68 2604 4813
8700 69 2436 4739
8700 70 2545 4826
8700 71 2619 4693
8700 72 2460 4766
8700 73 2558 4844
8700 74 2534 4828
8700 75 2489 4844
8700 76 2531 4843
8700 77 2463 4879
8700 78 2452 4733
8700 79 2634 4877
8700 80 2589 4939
8700 81 2606 4926
8700 82 2555 4833
8700 83 2377 4914
8700 84 2417 4855
8700 85 2562 4761
8700 86 943 5161
8700 87 894 4879
8700 88 1076 4914
8700 89 1066 4880
8700 90 1003 5098
8700 91 989 5034
8700 92 959 4907
8700 93 1041 4905
8700 94 907 5111
8700 95 1067 4950
8700 96 1070 5083
8700 97 1062 4982
8700 98 1150 4901
8700 99 949 4842
8700 100 997 4935
8700 101 985 5009
8700 102 949 4982
8700 103 1044 5034
8700 104 960 5050
8700 105 995 4972
8700 106 1060 5057
8700 107 1095 5044
8700 108 1015 5024
8700 109 999 5039
8700 110 1033 5015
8700 111 1042 4997
8700 112 1118 4997
8700 113 1088 4930
8700 114 1097 5072
8700 115 1194 5004
8700 116 1108 5036
8700 117 1115 5129
8700 118 1102 5059
8700 119 1014 5022
8700 120 1058 4965
8700 121 1061 5072
8700 122 1034 5001
8700 123 869 5089
8700 124 1055 5004
8700 125 994 5003
8700 126 897 5060
8700 127 897 4971
8700 128 1047 5023
8700 129 1137 4974
9000 0 3774 4448
9000 1 3334 5785
9000 2 2544 4825
9000 3 1016 5014
9000 4 3334 5785
9000 5 3334 5785
9000 6 3334 5785
9000 7 2544 4825
9000 8 2544 4825
9000 9 1016 5014
9000 10 3426 5759
9000 11 3141 5737
9000 12 3257 5760
9000 13 3190 5778
9000 14 3244 5653
9000 15 3352 5787
9000 16 3139 5880
9000 17 3324 5771
9000 18 3174 5743
9000 19 3236 5582
9000 20 3491 5816
9000 21 3425 5722
9000 22 3162 5706
9000 23 3359 5818
9000 24 3230 5922
9000 25 3512 5644
9000 26 3318 5787
9000 27 3365 5757
9000 28 3444 5635
9000 29 3460 5675
9000 30 3159 5642
9000 31 3401 5859
9000 32 3463 5750
9000 33 3346 5731
9000 34 3284 5743
9000 35 3162 5687
9000 36 3340 5782
9000 37 3345 5732
9000 38 3489 5781
9000 39 3154 5756
9000 40 3373 5727
9000 41 3307 5771
9000 42 3337 5727
9000 43 3357 5738
9000 44 3358 5773
9000 45 3337 5784
9000 46 2554 4845
9000 47 2523 4998
9000 48 2515 4700
9000 49 2513 4822
9000 50 2532 4910
9000 51 2488 4831
9000 52 2529 4762
9000 53 2578 4830
9000 54 2653 4896
9000 55 2461 4847
9000 56 2537 4825
9000 57 2517 4811
9000 58 2507 4827
9000 59 2563 4897
9000 60 2557 4809
9000 61 2493 4920
9000 62 2539 4825
9000 63 2540 4830
9000 64 2607 4767
9000 65 2514 4718
9000 66 2566 4727
9000 67 2580 4874
9000 68 2748 4845
9000 69 2436 4739
9000 70 2545 4826
9000 71 2492 4777
9000 72 2460 4766
9000 73 2558 4844
9000 74 2534 4828
9000 75 2489 4844
9000 76 2531 4843
9000 77 2464 4880
9000 78 2452 4733
9000 79 2634 4877
9000 80 2589 4939
9000 81 2606 4926
9000 82 2484 4649
9000 83 2527 4847
9000 84 2400 4899
9000 85 2643 4757
9000 86 943 5161
9000 87 894 4879
9000 88 1018 5034
9000 89 1066 4880
9000 90 1003 5098
9000 91 999 5028
9000 92 959 4907
9000 93 1041 4905
9000 94 907 5111
9000 95 1067 4950
9000 96 1048 5131
9000 97 1062 4982
9000 98 1150 4901
9000 99 868 4854
9000 100 997 4935
9000 101 985 5009
9000 102 949 4982
9000 103 1186 5127
9000 104 960 5050
9000 105 995 4972
9000 106 1125 5000
9000 107 1095 5044
9000 108 1015 5024
9000 109 999 5039
9000 110 1033 5015
9000 111 1042 4997
9000 112 1140 5025
9000 113 1036 5025
9000 114 1097 5072
9000 115 961 4909
9000 116 1108 5036
9000 117 1115 5129
9000 118 1167 4981
9000 119 1014 5022
9000 120 1058 4965
9000 121 1072 5054
9000 122 1034 5001
9000 123 946 5038
9000 124 1055 5004
9000 125 989 5059
9000 126 897 5060
9000 127 956 5066
9000 128 1047 5023
9000 129 1137 4974
9300 0 3774 4448
9300 1 3334 5785
9300 2 2544 4825
9300 3 1016 5014
9300 4 3334 5785
9300 5 3334 5785
9300 6 3334 5785
9300 7 2544 4825
9300 8 2544 4825
9300 9 1016 5014
9300 10 3426 5759
9300 11 3141 5737
9300 12 3257 5760
9300 13 3190 5778
9300 14 3299 5758
9300 15 3352 5787
9300 16 3139 5880
9300 17 3324 5771
9300 18 3174 5743
9300 19 3333 5775
9300 20 3406 5874
9300 21 3412 5713
9300 22 3162 5706
9300 23 3359 5818
9300 24 3230 5922
9300 25 3512 5644
9300 26 3318 5787
9300 27 3365 5757
9300 28 3444 5635
9300 29 3460 5675
9300 30 3229 5745
9300 31 3401 5859
9300 32 3463 5750
9300 33 3346 5731
9300 34 3233 5728
9300 35 3279 5720
9300 36 3340 5782
9300 37 3345 5732
9300 38 3345 5800
9300 39 3154 5756
9300 40 3373 5727
9300 41 3307 5771
9300 42 3401 5565
9300 43 3357 5738
9300 44 3358 5773
9300 45 3402 5762
9300 46 2554 4845
9300 47 2523 5001
9300 48 2518 4813
9300 49 2513 4822
9300 50 2532 4910
9300 51 2488 4831
9300 52 2481 4874
9300 53 2578 4830
9300 54 2653 4896
9300 55 2461 4847
9300 56 2537 4825
9300 57 2517 4811
9300 58 2507 4827
9300 59 2563 4897
9300 60 2562 4808
9300 61 2493 4920
9300 62 2539 4825
9300 63 2540 4830
9300 64 2579 4916
9300 65 2514 4718
9300 66 2560 4809
9300 67 2580 4874
9300 68 2547 5024
9300 69 2436 4739
9300 70 2545 4826
9300 71 2492 4777
9300 72 2460 4766
9300 73 2558 4844
9300 74 2534 4828
9300 75 2489 4844
9300 76 2531 4843
9300 77 2464 4880
9300 78 2452 4733
9300 79 2634 4877
9300 80 2589 4939
9300 81 2606 4926
9300 82 2555 4833
9300 83 2527 4847
9300 84 2400 4899
9300 85 2643 4757
9300 86 943 5161
9300 87 894 4879
9300 88 1018 5034
9300 89 1079 4838
9300 90 1003 5098
9300 91 989 5034
9300 92 959 4907
9300 93 1041 4905
9300 94 907 5111
9300 95 1156 4907
9300 96 1070 5083
9300 97 1139 5169
9300 98 1150 4901
9300 99 949 4842
9300 100 997 4935
9300 101 985 5009
9300 102 949 4982
9300 103 1044 5034
9300 104 960 5050
9300 105 933 4978
9300 106 1060 5057
9300 107 1095 5044
9300 108 1015 5024
9300 109 999 5039
9300 110 1124 4906
9300 111 1042 4997
9300 112 1140 5025
9300 113 1036 5025
9300 114 1097 5072
9300 115 1023 5013
9300 116 1108 5036
9300 117 1115 5129
9300 118 1178 4969
9300 119 1014 5022
9300 120 1198 5028
9300 121 1072 5054
9300 122 1034 5001
9300 123 946 5038
9300 124 1055 5004
9300 125 994 5003
9300 126 897 5060
9300 127 956 5066
9300 128 1047 5023
9300 129 1137 4974
9600 0 3774 4448
9600 1 3334 5785
9600 2 2544 4825
9600 3 1016 5014
9600 4 3334 5785
9600 5 3334 5785
9600 6 3334 5785
9600 7 2544 4825
9600 8 2544 4825
9600 9 1016 5014
9600 10 3426 5759
9600 11 3141 5737
9600 12 3296 5746
9600 13 3190 5778
9600 14 3201 5866
9600 15 3304 5614
9600 16 3139 5880
9600 17 3324 5771
9600 18 3174 5743
9600 19 3333 5775
9600 20 3406 5874
9600 21 3447 5765
9600 22 3162 5706
9600 23 3359 5818
9600 24 3230 5922
9600 25 3521 5722
9600 26 3318 5787
9600 27 3365 5757
9600 28 3444 5635
9600 29 3460 5675
9600 30 3229 5745
9600 31 3401 5859
9600 32 3463 5750
9600 33 3346 5731
9600 34 3233 5728
9600 35 3279 5720
9600 36 3340 5782
9600 37 3345 5732
9600 38 3345 5800
9600 39 3154 5756
9600 40 3373 5727
9600 41 3300 5760
9600 42 3337 5727
9600 43 3361 5740
9600 44 3309 5785
9600 45 3337 5784
9600 46 2554 4845
9600 47 2523 5001
9600 48 2501 4830
9600 49 2513 4822
9600 50 2532 4910
9600 51 2488 4831
9600 52 2581 4926
9600 53 2578 4830
9600 54 2653 4896
9600 55 2517 4842
9600 56 2537 4825
9600 57 2517 4811
9600 58 2507 4827
9600 59 2563 4897
9600 60 2557 4809
9600 61 2493 4920
9600 62 2539 4825
9600 63 2540 4830
9600 64 2607 4767
9600 65 2514 4718
9600 66 2560 4809
9600 67 2580 4874
9600 68 2604 4813
9600 69 2436 4739
9600 70 2545 4826
9600 71 2492 4777
9600 72 2460 4766
9600 73 2614 4766
9600 74 2534 4828
9600 75 2489 4844
9600 76 2531 4843
9600 77 2534 4943
9600 78 2452 4733
9600 79 2634 4877
9600 80 2589 4939
9600 81 2606 4926
9600 82 2555 4833
9600 83 2527 4847
9600 84 2400 4899
9600 85 2643 4757
9600 86 943 5161
9600 87 894 4879
9600 88 1018 5034
9600 89 1066 4880
9600 90 1003 5098
9600 91 989 5034
9600 92 959 4907
9600 93 1041 4905
9600 94 931 4912
9600 95 1067 4950
9600 96 1070 5083
9600 97 1062 4982
9600 98 1150 4901
9600 99 949 4842
9600 100 997 4935
9600 101 979 5065
9600 102 971 5155
9600 103 1044 5034
9600 104 960 5050
9600 105 995 4972
9600 106 1060 5057
9600 107 1095 5044
9600 108 1015 5024
9600 109 999 5039
9600 110 1033 5015
9600 111 995 4939
9600 112 1140 5025
9600 113 1036 5025
9600 114 1097 5072
9600 115 1023 5013
9600 116 1108 5036
9600 117 1115 5129
9600 118 1178 4969
9600 119 1014 5022
9600 120 1058 4965
9600 121 1072 5054
9600 122 1034 5001
9600 123 946 5038
9600 124 1055 5004
9600 125 994 5003
9600 126 897 5060
9600 127 956 5066
9600 128 1047 5023
9600 129 1137 4974
9900 0 3774 4448
9900 1 3334 5785
9900 2 2544 4825
9900 3 1016 5014
9900 4 3334 5785
9900 5 3334 5785
9900 6 3334 5785
9900 7 2544 4825
9900 8 2544 4825
9900 9 1016 5014
9900 10 3426 5759
9900 11 3354 5705
9900 12 3257 5760
9900 13 3190 5778
9900 14 3244 5653
9900 15 3338 5877
9900 16 3139 5880
9900 17 3324 5771
9900 18 3174 5743
9900 19 3333 5775
9900 20 3406 5874
9900 21 3254 5728
9900 22 3162 5706
9900 23 3359 5818
9900 24 3230 5922
9900 25 3512 5644
9900 26 3236 5663
9900 27 3365 5757
9900 28 3444 5635
9900 29 3460 5675
9900 30 3229 5745
9900 31 3401 5859
9900 32 3463 5750
9900 33 3346 5731
9900 34 3233 5728
9900 35 3279 5720
9900 36 3340 5782
9900 37 3345 5732
9900 38 3345 5800
9900 39 3154 5756
9900 40 3373 5727
9900 41 3307 5771
9900 42 3337 5727
9900 43 3357 5738
9900 44 3358 5773
9900 45 3337 5784
9900 46 2529 4791
9900 47 2523 5001
9900 48 2501 4830
9900 49 2513 4822
9900 50 2532 4910
9900 51 2488 4831
9900 52 2529 4762
9900 53 2578 4830
9900 54 2653 4896
9900 55 2432 4857
9900 56 2537 4825
9900 57 2517 4811
9900 58 2507 4827
9900 59 2563 4897
9900 60 2557 4809
9900 61 2493 4920
9900 62 2539 4825
9900 63 2503 4963
9900 64 2607 4767
9900 65 2514 4718
9900 66 2560 4809
9900 67 2580 4874
9900 68 2604 4813
9900 69 2436 4739
9900 70 2545 4826
9900 71 2492 4777
9900 72 2460 4766
9900 73 2558 4844
9900 74 2445 4812
9900 75 2489 4844
9900 76 2531 4843
9900 77 2464 4880
9900 78 2452 4733
9900 79 2634 4877
9900 80 2626 4885
9900 81 2606 4926
9900 82 2555 4833
9900 83 2527 4847
9900 84 2400 4899
9900 85 2588 4984
9900 86 1096 5112
9900 87 894 4879
9900 88 1018 5034
9900 89 1062 4916
9900 90 1003 5098
9900 91 989 5034
9900 92 1000 5031
9900 93 1125 5064
9900 94 907 5111
9900 95 1067 4950
9900 96 1070 5083
9900 97 1062 4982
9900 98 1150 4901
9900 99 949 4842
9900 100 999 4933
9900 101 985 5009
9900 102 949 4982
9900 103 1044 5034
9900 104 907 4913
9900 105 995 4972
9900 106 1036 5096
9900 107 1095 5044
9900 108 1015 5024
9900 109 999 5039
9900 110 1033 5015
9900 111 1042 4997
9900 112 1140 5025
9900 113 1036 5025
9900 114 1097 5072
9900 115 1023 5013
9900 116 1108 5036
9900 117 1222 5042
9900 118 1178 4969
9900 119 1014 5022
9900 120 1058 4965
9900 121 1072 5054
9900 122 1034 5001
9900 123 946 5038
9900 124 1055 5004
9900 125 994 5003
9900 126 897 5060
9900 127 956 5066
9900 128 1047 5023
9900 129 1137 4974
10200 0 3774 4448
10200 1 3334 5785
10200 2 2544 4825
10200 3 1016 5014
10200 4 3334 5785
10200 5 3334 5785
10200 6 3334 5785
10200 7 2544 4825
10200 8 2544 4825
10200 9 1016 5014
10200 10 3426 5759
10200 11 3141 5737
10200 12 3257 5760
10200 13 3190 5778
10200 14 3244 5653
10200 15 3352 5787
10200 16 3139 5880
10200 17 3324 5771
10200 18 3174 5743
10200 19 3333 5775
10200 20 3406 5874
10200 21 3427 5649
10200 22 3162 5706
10200 23 3359 5818
10200 24 3230 5922
10200 25 3512 5644
10200 26 3318 5787
10200 27 3365 5757
10200 28 3444 5635
10200 29 3460 5675
10200 30 3239 5840
10200 31 3401 5859
10200 32 3463 5750
10200 33 3346 5731
10200 34 3233 5728
10200 35 3279 5720
10200 36 3390 5726
10200 37 3345 5732
10200 38 3345 5800
10200 39 3154 5756
10200 40 3373 5727
10200 41 3307 5771
10200 42 3337 5727
10200 43 3357 5738
10200 44 3358 5773
10200 45 3337 5784
10200 46 2554 4845
10200 47 2523 5001
10200 48 2501 4830
10200 49 2513 4822
10200 50 2532 4910
10200 51 2488 4831
10200 52 2529 4762
10200 53 2578 4830
10200 54 2653 4896
10200 55 2461 4847
10200 56 2537 4825
10200 57 2517 4811
10200 58 2507 4827
10200 59 2563 4897
10200 60 2557 4809
10200 61 2493 4920
10200 62 2539 4825
10200 63 2540 4830
10200 64 2607 4767
10200 65 2514 4718
10200 66 2560 4809
10200 67 2580 4874
10200 68 2604 4813
10200 69 2467 4650
10200 70 2545 4826
10200 71 2492 4777
10200 72 2460 4766
10200 73 2558 4844
10200 74 2534 4828
10200 75 2489 4844
10200 76 2531 4843
10200 77 2464 4880
10200 78 2452 4733
10200 79 2634 4877
10200 80 2589 4939
10200 81 2606 4926
10200 82 2555 4833
10200 83 2527 4847
10200 84 2551 4863
10200 85 2483 4705
10200 86 943 5161
10200 87 894 4879
10200 88 1018 5034
10200 89 1066 4880
10200 90 1003 5098
10200 91 989 5034
10200 92 959 4907
10200 93 1041 4905
10200 94 907 5111
10200 95 1067 4950
10200 96 1070 5083
10200 97 1062 4982
10200 98 1150 4901
10200 99 949 4842
10200 100 997 4935
10200 101 985 5009
10200 102 965 4859
10200 103 1044 5034
10200 104 960 5050
10200 105 995 4972
10200 106 890 5053
10200 107 1095 5044
10200 108 1015 5024
10200 109 999 5039
10200 110 1033 5015
10200 111 1042 4997
10200 112 1140 5025
10200 113 1036 5025
10200 114 1097 5072
10200 115 1023 5013
10200 116 1111 5045
10200 117 1115 5129
10200 118 1178 4969
10200 119 1014 5022
10200 120 1058 4965
10200 121 1072 5054
10200 122 856 5088
10200 123 933 5004
10200 124 1055 5004
10200 125 994 5003
10200 126 897 5060
10200 127 956 5066
10200 128 1047 5023
10200 129 1137 4974
10500 0 3774 4448
10500 1 3334 5785
10500 2 2544 4825
10500 3 1016 5014
10500 4 3334 5785
10500 5 3334 5785
10500 6 3334 5785
10500 7 2544 4825
10500 8 2544 4825
10500 9 1016 5014
10500 10 3426 5759
10500 11 3141 5737
10500 12 3257 5760
10500 13 3190 5778
10500 14 3244 5653
10500 15 3181 5802
10500 16 3139 5880
10500 17 3324 5771
10500 18 3174 5743
10500 19 3333 5775
10500 20 3406 5874
10500 21 3425 5722
10500 22 3229 5613
10500 23 3359 5818
10500 24 3230 5922
10500 25 3512 5644
10500 26 3318 5787
10500 27 3365 5757
10500 28 3444 5635
10500 29 3460 5675
10500 30 3229 5745
10500 31 3579 5894
10500 32 3463 5750
10500 33 3346 5731
10500 34 3233 5728
10500 35 3279 5720
10500 36 3340 5782
10500 37 3345 5732
10500 38 3345 5800
10500 39 3154 5756
10500 40 3556 5662
10500 41 3307 5771
10500 42 3403 5545
10500 43 3357 5738
10500 44 3358 5773
10500 45 3337 5784
10500 46 2554 4845
10500 47 2523 5001
10500 48 2501 4830
10500 49 2513 4822
10500 50 2539 4886
10500 51 2488 4831
10500 52 2529 4762
10500 53 2604 4781
10500 54 2653 4896
10500 55 2528 4838
10500 56 2537 4825
10500 57 2460 4743
10500 58 2554 4863
10500 59 2563 4897
10500 60 2597 4645
10500 61 2493 4920
10500 62 2539 4825
10500 63 2540 4830
10500 64 2697 4834
10500 65 2386 4763
10500 66 2560 4809
10500 67 2580 4874
10500 68 2604 4813
10500 69 2436 4739
10500 70 2545 4826
10500 71 2492 4777
10500 72 2460 4766
10500 73 2558 4844
10500 74 2534 4828
10500 75 2489 4844
10500 76 2531 4843
10500 77 2374 4843
10500 78 2452 4733
10500 79 2634 4877
10500 80 2589 4939
10500 81 2606 4926
10500 82 2555 4833
10500 83 2527 4847
10500 84 2400 4899
10500 85 2643 4757
10500 86 947 5162
10500 87 894 4879
10500 88 1018 5034
10500 89 1066 4880
10500 90 1003 5098
10500 91 989 5034
10500 92 1031 5071
10500 93 1041 4905
10500 94 907 5111
10500 95 1067 4950
10500 96 1070 5083
10500 97 1062 4982
10500 98 1150 4901
10500 99 949 4842
10500 100 997 4935
10500 101 1091 5047
10500 102 949 4982
10500 103 1073 4911
10500 104 863 5099
10500 105 995 4972
10500 106 1060 5057
10500 107 1095 5044
10500 108 1015 5024
10500 109 999 5039
10500 110 1033 5015
10500 111 1042 4997
10500 112 1140 5025
10500 113 1069 5010
10500 114 914 5053
10500 115 1023 5013
10500 116 1108 5036
10500 117 1173 4875
10500 118 1178 4969
10500 119 1014 5022
10500 120 1058 4965
10500 121 1072 5054
10500 122 1034 5001
10500 123 946 5038
10500 124 1055 5004
10500 125 994 5003
10500 126 897 5060
10500 127 956 5066
10500 128 1047 5023
10500 129 1137 4974
