0 3600
600 0 1 2 3 4 5 11 12 14 102 103 107 108 115 116 117 118 119 121 123 127 129 130 131 132 133 134 136 138 220 221 222 223 224 225 226 227 228 229 230 231 232 233 234 235 236 237 238 239 240 241 242 243 244 245 246 247 248 249 
600 1 0 2 3 4 5 6 7 8 20 21 22 23 24 25 26 27 28 29 30 31 32 34 35 36 37 38 39 40 41 42 43 44 45 46 48 50 51 52 53 54 183 185 186 187 190 191 192 193 194 200 201 202 205 207 208 209 210 212 213 215 216 217 218 219 221 222 224 226 228 230 231 232 233 234 236 237 239 240 242 244 245 246 248 249 
600 2 0 1 3 4 5 9 10 55 56 57 58 59 61 62 63 64 65 67 68 69 70 72 74 75 76 77 78 79 80 81 82 83 84 85 86 87 89 90 92 93 94 95 96 97 98 99 221 222 225 227 229 232 234 236 237 238 240 241 244 245 247 248 249 
600 3 0 1 2 4 5 11 12 13 14 15 102 103 104 105 106 107 110 111 112 113 114 115 116 117 118 119 120 121 122 123 124 125 127 128 129 130 131 132 133 134 135 136 137 138 139 140 221 223 224 225 227 228 231 232 233 235 236 237 239 242 243 245 246 247 249 
600 4 0 1 2 3 5 16 141 142 143 144 145 147 149 150 151 152 153 155 156 157 158 159 160 161 162 164 165 166 167 168 169 171 172 173 176 177 178 179 181 220 222 224 225 226 227 229 230 233 234 235 237 238 240 243 244 247 248 249 
600 5 0 1 2 3 4 6 7 8 20 21 22 24 26 28 30 32 34 35 36 37 38 39 40 42 43 44 46 48 49 51 53 54 182 183 184 185 186 187 189 190 191 192 193 194 196 199 200 201 202 203 205 207 208 209 210 211 213 215 216 217 218 219 220 221 223 225 226 227 230 233 235 236 237 239 241 242 243 245 246 248 249 
600 6 1 5 7 8 20 21 22 23 24 25 26 27 28 29 30 31 32 34 35 36 37 38 39 40 41 42 43 44 45 46 48 49 50 51 52 53 54 183 185 186 187 190 191 192 193 194 196 200 201 202 203 205 207 208 209 210 211 212 213 215 216 217 218 219 
600 7 1 5 6 8 20 21 22 23 24 25 26 27 28 29 30 31 32 34 35 36 37 38 39 40 41 42 43 44 45 46 48 49 50 51 52 53 54 183 185 186 187 190 191 192 193 194 196 200 201 202 203 205 207 208 209 210 211 212 213 215 216 217 218 219 
600 8 1 5 6 7 20 21 22 26 27 28 29 30 32 34 35 39 43 44 51 53 190 212 
600 9 2 10 61 65 66 67 75 76 77 89 99 
600 10 2 9 55 56 57 58 59 61 62 63 64 65 67 68 69 70 72 74 75 76 77 78 79 80 81 82 83 84 85 86 87 89 90 92 93 94 95 96 97 98 99 
600 11 0 3 13 14 15 103 105 106 115 116 122 
600 12 0 3 13 14 15 117 118 
600 13 3 11 12 14 102 103 104 105 106 107 110 111 112 113 114 115 116 117 118 119 120 121 122 123 124 125 127 128 129 130 131 132 133 134 135 136 137 138 139 140 
600 14 0 3 11 12 13 15 102 103 104 105 106 107 110 111 112 113 114 115 116 117 118 119 120 121 122 123 124 125 127 128 129 130 131 132 133 134 135 136 137 138 139 140 
600 15 3 11 12 14 102 103 104 105 106 107 110 111 112 113 114 115 116 117 118 119 120 121 122 123 124 125 127 128 129 130 131 132 133 134 135 136 137 138 139 140 
600 16 4 153 
600 17 155 
600 18 37 46 
600 19 32 
600 20 1 5 6 7 8 
600 21 1 5 6 7 8 
600 22 1 5 6 7 8 
600 23 1 6 7 
600 24 1 5 6 7 
600 25 1 6 7 
600 26 1 5 6 7 8 
600 27 1 6 7 8 
600 28 1 5 6 7 8 
600 29 1 6 7 8 
600 30 1 5 6 7 8 
600 31 1 6 7 
600 32 1 5 6 7 8 19 47 197 206 
600 33 40 
600 34 1 5 6 7 8 
600 35 1 5 6 7 8 
600 36 1 5 6 7 
600 37 1 5 6 7 18 
600 38 1 5 6 7 
600 39 1 5 6 7 8 
600 40 1 5 6 7 33 
600 41 1 6 7 
600 42 1 5 6 7 
600 43 1 5 6 7 8 
600 44 1 5 6 7 8 
600 45 1 6 7 
600 46 1 5 6 7 18 
600 47 32 
600 48 1 5 6 7 
600 49 5 6 7 
600 50 1 6 7 
600 51 1 5 6 7 8 
600 52 1 6 7 
600 53 1 5 6 7 8 188 
600 54 1 5 6 7 
600 55 2 10 
600 56 2 10 
600 57 2 10 
600 58 2 10 
600 59 2 10 
600 60 65 
600 61 2 9 10 
600 62 2 10 
600 63 2 10 
600 64 2 10 71 88 
600 65 2 9 10 60 
600 66 9 
600 67 2 9 10 
600 68 2 10 
600 69 2 10 
600 70 2 10 
600 71 64 
600 72 2 10 
600 73 97 
600 74 2 10 
600 75 2 9 10 
600 76 2 9 10 
600 77 2 9 10 
600 78 2 10 
600 79 2 10 
600 80 2 10 
600 81 2 10 
600 82 2 10 
600 83 2 10 
600 84 2 10 
600 85 2 10 
600 86 2 10 
600 87 2 10 
600 88 64 
600 89 2 9 10 
600 90 2 10 
600 91 97 
600 92 2 10 
600 93 2 10 
600 94 2 10 
600 95 2 10 
600 96 2 10 
600 97 2 10 73 91 
600 98 2 10 
600 99 2 9 10 
600 100 128 
600 101 128 
600 102 0 3 13 14 15 
600 103 0 3 11 13 14 15 
600 104 3 13 14 15 
600 105 3 11 13 14 15 
600 106 3 11 13 14 15 
600 107 0 3 13 14 15 
600 108 0 
600 109 138 
600 110 3 13 14 15 
600 111 3 13 14 15 
600 112 3 13 14 15 
600 113 3 13 14 15 
600 114 3 13 14 15 
600 115 0 3 11 13 14 15 
600 116 0 3 11 13 14 15 
600 117 0 3 12 13 14 15 
600 118 0 3 12 13 14 15 
600 119 0 3 13 14 15 
600 120 3 13 14 15 
600 121 0 3 13 14 15 
600 122 3 11 13 14 15 
600 123 0 3 13 14 15 
600 124 3 13 14 15 
600 125 3 13 14 15 
600 126 
600 127 0 3 13 14 15 
600 128 3 13 14 15 100 101 129 
600 129 0 3 13 14 15 128 
600 130 0 3 13 14 15 
600 131 0 3 13 14 15 
600 132 0 3 13 14 15 
600 133 0 3 13 14 15 
600 134 0 3 13 14 15 
600 135 3 13 14 15 
600 136 0 3 13 14 15 
600 137 3 13 14 15 
600 138 0 3 13 14 15 109 
600 139 3 13 14 15 
600 140 3 13 14 15 
600 141 4 
600 142 4 
600 143 4 
600 144 4 
600 145 4 
600 146 161 
600 147 4 
600 148 176 
600 149 4 
600 150 4 
600 151 4 
600 152 4 
600 153 4 16 
600 154 171 
600 155 4 17 
600 156 4 
600 157 4 
600 158 4 
600 159 4 
600 160 4 
600 161 4 146 163 170 174 175 
600 162 4 
600 163 161 
600 164 4 
600 165 4 180 
600 166 4 
600 167 4 
600 168 4 
600 169 4 
600 170 161 
600 171 4 154 
600 172 4 
600 173 4 
600 174 161 
600 175 161 
600 176 4 148 
600 177 4 
600 178 4 
600 179 4 
600 180 165 
600 181 4 
600 182 5 
600 183 1 5 6 7 
600 184 5 214 
600 185 1 5 6 7 
600 186 1 5 6 7 
600 187 1 5 6 7 
600 188 53 
600 189 5 
600 190 1 5 6 7 8 
600 191 1 5 6 7 
600 192 1 5 6 7 
600 193 1 5 6 7 195 
600 194 1 5 6 7 
600 195 193 
600 196 5 6 7 198 
600 197 32 
600 198 196 
600 199 5 
600 200 1 5 6 7 
600 201 1 5 6 7 
600 202 1 5 6 7 
600 203 5 6 7 
600 204 210 
600 205 1 5 6 7 
600 206 32 
600 207 1 5 6 7 
600 208 1 5 6 7 
600 209 1 5 6 7 
600 210 1 5 6 7 204 
600 211 5 6 7 
600 212 1 6 7 8 
600 213 1 5 6 7 
600 214 184 
600 215 1 5 6 7 
600 216 1 5 6 7 
600 217 1 5 6 7 
600 218 1 5 6 7 
600 219 1 5 6 7 
600 220 0 4 5 
600 221 0 1 2 3 5 
600 222 0 1 2 4 
600 223 0 3 5 
600 224 0 1 3 4 
600 225 0 2 3 4 5 
600 226 0 1 4 5 
600 227 0 2 3 4 5 
600 228 0 1 3 
600 229 0 2 4 
600 230 0 1 4 5 
600 231 0 1 3 
600 232 0 1 2 3 
600 233 0 1 3 4 5 
600 234 0 1 2 4 
600 235 0 3 4 5 
600 236 0 1 2 3 5 
600 237 0 1 2 3 4 5 
600 238 0 2 4 
600 239 0 1 3 5 
600 240 0 1 2 4 
600 241 0 2 5 
600 242 0 1 3 5 
600 243 0 3 4 5 
600 244 0 1 2 4 
600 245 0 1 2 3 5 
600 246 0 1 3 5 
600 247 0 2 3 4 
600 248 0 1 2 4 5 
600 249 0 1 2 3 4 5 
