0 21600
0 0 1 2 3 4 5 218 219 220 221 222 223 224 225 226 227 228 229 230 231 232 233 234 235 236 237 238 239 240 241 242 243 244 245 246 247 
0 1 0 2 3 4 5 6 7 15 16 17 20 21 22 24 25 26 28 29 30 31 32 33 34 35 36 37 38 39 40 41 42 43 44 45 46 47 48 50 51 52 53 54 55 56 57 58 59 218 222 225 227 233 235 237 242 243 247 
0 2 0 1 3 4 5 8 61 62 63 65 66 67 68 69 70 71 72 73 74 75 76 77 79 80 81 82 83 84 87 88 89 90 93 94 95 96 97 98 99 100 101 102 219 220 224 226 231 234 236 237 242 243 246 247 
0 3 0 1 2 4 5 9 10 104 105 106 108 109 110 111 115 116 118 119 121 123 124 125 127 128 129 130 132 134 137 138 139 140 141 143 145 146 220 223 227 228 234 236 238 240 244 246 
0 4 0 1 2 3 5 11 12 13 148 149 150 151 153 154 155 157 158 159 160 161 162 163 164 165 166 168 170 171 172 173 174 175 176 178 220 223 225 227 230 232 234 236 241 243 244 
0 5 0 1 2 3 4 14 179 181 184 185 186 187 189 190 192 193 194 195 196 197 198 199 200 202 203 204 205 208 209 210 211 212 214 217 219 221 224 226 229 232 235 237 239 244 245 247 
0 6 1 7 15 16 17 20 21 22 24 25 26 28 29 30 31 32 33 34 35 36 37 38 39 40 41 42 43 44 45 46 47 48 50 51 52 53 54 55 56 57 58 59 
0 7 1 6 15 16 17 22 24 25 26 28 29 30 31 35 39 40 45 47 52 55 56 58 
0 8 2 61 62 63 71 72 73 95 
0 9 3 10 104 105 106 108 109 110 111 115 116 118 119 121 123 124 125 127 128 129 130 132 134 137 138 139 140 141 143 145 146 
0 10 3 9 104 105 106 108 109 110 111 115 116 118 119 121 123 124 125 127 128 129 130 132 134 137 138 139 140 141 143 145 146 
0 11 4 12 13 148 149 150 151 153 154 155 157 158 159 160 161 162 163 164 165 166 168 170 171 172 173 174 175 176 178 
0 12 4 11 13 148 149 150 151 153 154 155 157 158 159 160 161 162 163 164 165 166 168 170 171 172 173 174 175 176 178 
0 13 4 11 12 150 151 178 
0 14 5 
0 15 1 6 7 
0 16 1 6 7 18 49 60 
0 17 1 6 7 23 
0 18 16 
0 19 20 
0 20 1 6 19 27 
0 21 1 6 
0 22 1 6 7 
0 23 17 
0 24 1 6 7 
0 25 1 6 7 
0 26 1 6 7 
0 27 20 
0 28 1 6 7 
0 29 1 6 7 
0 30 1 6 7 
0 31 1 6 7 
0 32 1 6 
0 33 1 6 
0 34 1 6 
0 35 1 6 7 
0 36 1 6 
0 37 1 6 
0 38 1 6 
0 39 1 6 7 
0 40 1 6 7 
0 41 1 6 
0 42 1 6 
0 43 1 6 
0 44 1 6 
0 45 1 6 7 
0 46 1 6 
0 47 1 6 7 
0 48 1 6 
0 49 16 
0 50 1 6 
0 51 1 6 
0 52 1 6 7 
0 53 1 6 
0 54 1 6 
0 55 1 6 7 
0 56 1 6 7 
0 57 1 6 
0 58 1 6 7 
0 59 1 6 
0 60 16 
0 61 2 8 91 
0 62 2 8 92 
0 63 2 8 85 86 
0 64 75 
0 65 2 
0 66 2 
0 67 2 
0 68 2 
0 69 2 
0 70 2 
0 71 2 8 
0 72 2 8 
0 73 2 8 
0 74 2 78 
0 75 2 64 
0 76 2 
0 77 2 
0 78 74 
0 79 2 
0 80 2 
0 81 2 
0 82 2 
0 83 2 
0 84 2 
0 85 63 
0 86 63 
0 87 2 
0 88 2 
0 89 2 
0 90 2 
0 91 61 
0 92 62 
0 93 2 
0 94 2 
0 95 2 8 
0 96 2 
0 97 2 
0 98 2 
0 99 2 
0 100 2 
0 101 2 
0 102 2 
0 103 134 
0 104 3 9 10 
0 105 3 9 10 
0 106 3 9 10 
0 107 129 
0 108 3 9 10 
0 109 3 9 10 
0 110 3 9 10 
0 111 3 9 10 
0 112 140 
0 113 140 
0 114 134 
0 115 3 9 10 
0 116 3 9 10 
0 117 129 
0 118 3 9 10 
0 119 3 9 10 
0 120 140 
0 121 3 9 10 
0 122 134 
0 123 3 9 10 
0 124 3 9 10 
0 125 3 9 10 
0 126 146 
0 127 3 9 10 
0 128 3 9 10 
0 129 3 9 10 107 117 136 
0 130 3 9 10 
0 131 134 
0 132 3 9 10 
0 133 134 
0 134 3 9 10 103 114 122 131 133 135 144 
0 135 134 
0 136 129 
0 137 3 9 10 
0 138 3 9 10 
0 139 3 9 10 142 
0 140 3 9 10 112 113 120 
0 141 3 9 10 
0 142 139 
0 143 3 9 10 
0 144 134 
0 145 3 9 10 
0 146 3 9 10 126 
0 147 150 
0 148 4 11 12 152 156 
0 149 4 11 12 
0 150 4 11 12 13 147 
0 151 4 11 12 13 
0 152 148 
0 153 4 11 12 167 169 177 
0 154 4 11 12 
0 155 4 11 12 
0 156 148 
0 157 4 11 12 
0 158 4 11 12 
0 159 4 11 12 
0 160 4 11 12 
0 161 4 11 12 
0 162 4 11 12 
0 163 4 11 12 
0 164 4 11 12 
0 165 4 11 12 
0 166 4 11 12 
0 167 153 
0 168 4 11 12 
0 169 153 
0 170 4 11 12 
0 171 4 11 12 
0 172 4 11 12 
0 173 4 11 12 
0 174 4 11 12 
0 175 4 11 12 
0 176 4 11 12 
0 177 153 
0 178 4 11 12 13 
0 179 5 213 216 
0 180 202 
0 181 5 
0 182 184 
0 183 185 
0 184 5 182 191 215 
0 185 5 183 188 201 206 
0 186 5 
0 187 5 
0 188 185 
0 189 5 
0 190 5 
0 191 184 
0 192 5 
0 193 5 
0 194 5 
0 195 5 
0 196 5 
0 197 5 
0 198 5 
0 199 5 
0 200 5 
0 201 185 
0 202 5 180 
0 203 5 
0 204 5 
0 205 5 
0 206 185 
0 207 
0 208 5 
0 209 5 
0 210 5 
0 211 5 
0 212 5 
0 213 179 
0 214 5 
0 215 184 
0 216 179 
0 217 5 
0 218 0 1 
0 219 0 2 5 
0 220 0 2 3 4 
0 221 0 5 
0 222 0 1 
0 223 0 3 4 
0 224 0 2 5 
0 225 0 1 4 
0 226 0 2 5 
0 227 0 1 3 4 
0 228 0 3 
0 229 0 5 
0 230 0 4 
0 231 0 2 
0 232 0 4 5 
0 233 0 1 
0 234 0 2 3 4 
0 235 0 1 5 
0 236 0 2 3 4 
0 237 0 1 2 5 
0 238 0 3 
0 239 0 5 
0 240 0 3 
0 241 0 4 
0 242 0 1 2 
0 243 0 1 2 4 
0 244 0 3 4 5 
0 245 0 5 
0 246 0 2 3 
0 247 0 1 2 5 
