0 21600
1800 0 186 187 188 189 190 191 192 193 194 195 196 197 198 199 200 201 202 203 204 205 206 207 208 209 210 211 212 213 214 215 
1800 1 0 2 3 4 5 6 186 188 193 194 196 198 201 205 207 208 210 215 
1800 2 0 1 3 4 5 187 190 192 194 196 200 202 205 208 209 210 213 
1800 3 0 1 2 4 5 9 186 189 191 195 197 199 203 204 206 209 210 214 
1800 4 0 186 191 193 194 198 202 206 207 209 211 212 
1800 5 0 1 2 3 4 11 12 188 190 192 195 197 200 201 205 207 208 212 214 
1800 6 1 
1800 7 1 6 
1800 8 2 
1800 9 
1800 10 
1800 11 5 12 
1800 12 
1800 13 12 
1800 14 19 
1800 15 30 
1800 16 19 
1800 17 28 
1800 18 28 
1800 19 1 6 
1800 20 1 6 
1800 21 30 
1800 22 28 
1800 23 1 6 7 
1800 24 1 6 7 
1800 25 1 6 7 
1800 26 1 6 
1800 27 1 6 7 
1800 28 1 6 7 
1800 29 1 6 7 
1800 30 1 6 7 
1800 31 1 6 
1800 32 1 6 
1800 33 1 6 
1800 34 1 6 7 
1800 35 1 6 
1800 36 28 
1800 37 1 6 
1800 38 19 
1800 39 1 6 7 
1800 40 1 6 
1800 41 1 6 
1800 42 1 6 
1800 43 19 
1800 44 1 6 7 
1800 45 28 
1800 46 1 6 7 
1800 47 28 
1800 48 1 6 7 
1800 49 1 6 
1800 50 1 6 
1800 51 58 
1800 52 1 6 
1800 53 1 6 
1800 54 1 6 7 
1800 55 28 
1800 56 1 6 
1800 57 1 6 7 
1800 58 26 
1800 59 28 
1800 60 28 
1800 61 1 6 7 
1800 62 63 
1800 63 2 
1800 64 2 
1800 65 2 
1800 66 2 
1800 67 2 
1800 68 2 
1800 69 2 
1800 70 69 
1800 71 2 8 
1800 72 2 8 
1800 73 2 
1800 74 66 
1800 75 2 
1800 76 2 
1800 77 2 
1800 78 2 
1800 79 2 
1800 80 2 
1800 81 2 
1800 82 2 
1800 83 2 
1800 84 2 8 
1800 85 2 
1800 86 63 
1800 87 2 
1800 88 2 
1800 89 2 
1800 90 2 
1800 91 2 
1800 92 2 
1800 93 2 
1800 94 2 8 
1800 95 3 9 
1800 96 3 9 
1800 97 96 
1800 98 108 
1800 99 3 9 
1800 100 3 9 
1800 101 108 
1800 102 3 9 
1800 103 3 9 
1800 104 3 9 
1800 105 99 
1800 106 108 
1800 107 108 
1800 108 3 9 
1800 109 99 
1800 110 95 
1800 111 3 9 
1800 112 3 9 
1800 113 122 
1800 114 3 9 
1800 115 3 9 
1800 116 3 9 
1800 117 100 
1800 118 3 9 
1800 119 3 9 
1800 120 96 
1800 121 116 
1800 122 3 9 
1800 123 3 9 
1800 124 3 9 
1800 125 4 10 
1800 126 4 10 
1800 127 4 10 
1800 128 4 10 
1800 129 4 10 
1800 130 134 
1800 131 4 10 
1800 132 139 
1800 133 4 10 
1800 134 4 10 
1800 135 4 10 
1800 136 4 10 
1800 137 4 10 
1800 138 4 10 
1800 139 4 10 
1800 140 4 10 
1800 141 4 10 
1800 142 4 10 
1800 143 4 10 
1800 144 4 10 
1800 145 152 
1800 146 149 
1800 147 4 10 
1800 148 4 10 
1800 149 4 10 
1800 150 4 10 
1800 151 4 10 
1800 152 4 10 
1800 153 139 
1800 154 4 10 
1800 155 4 10 
1800 156 5 11 12 
1800 157 5 11 12 
1800 158 5 11 12 
1800 159 5 11 12 
1800 160 5 11 12 
1800 161 5 11 12 
1800 162 5 11 12 
1800 163 5 11 12 
1800 164 5 11 12 
1800 165 5 11 12 
1800 166 5 11 12 
1800 167 5 11 12 
1800 168 5 11 12 
1800 169 5 11 12 
1800 170 5 11 12 
1800 171 5 11 12 
1800 172 5 11 12 
1800 173 5 11 12 
1800 174 5 11 12 
1800 175 5 11 12 
1800 176 5 11 12 
1800 177 5 11 12 13 
1800 178 5 11 12 
1800 179 5 11 12 
1800 180 5 11 12 13 
1800 181 5 11 12 
1800 182 5 11 12 
1800 183 5 11 12 
1800 184 5 11 12 
1800 185 5 11 12 
1800 186 0 1 3 4 
1800 187 0 2 
1800 188 0 1 5 
1800 189 0 3 
1800 190 0 2 5 
1800 191 0 3 4 
1800 192 0 2 5 
1800 193 0 1 4 
1800 194 0 1 2 4 
1800 195 0 3 5 
1800 196 0 1 2 
1800 197 0 3 5 
1800 198 0 1 4 
1800 199 0 3 
1800 200 0 2 5 
1800 201 0 1 5 
1800 202 0 2 4 
1800 203 0 3 
1800 204 0 3 
1800 205 0 1 2 5 
1800 206 0 3 4 
1800 207 0 1 4 5 
1800 208 0 1 2 5 
1800 209 0 2 3 4 
1800 210 0 1 2 3 
1800 211 0 4 
1800 212 0 4 5 
1800 213 0 2 
1800 214 0 3 5 
1800 215 0 1 
3600 0 186 187 188 189 190 191 192 193 194 195 196 197 198 199 200 201 202 203 204 205 206 207 208 209 210 211 212 213 214 215 
3600 1 0 2 3 4 5 6 186 188 193 194 196 198 201 205 207 208 210 215 
3600 2 0 1 3 4 5 187 190 192 194 196 200 202 205 208 209 210 213 
3600 3 0 1 2 4 5 9 186 189 191 195 197 199 203 204 206 209 210 214 
3600 4 0 186 191 193 194 198 202 206 207 209 211 212 
3600 5 0 1 2 3 4 11 12 188 190 192 195 197 200 201 205 207 208 212 214 
3600 6 1 
3600 7 1 6 
3600 8 2 
3600 9 
3600 10 
3600 11 5 12 
3600 12 
3600 13 12 
3600 14 19 
3600 15 33 
3600 16 19 
3600 17 15 
3600 18 26 
3600 19 1 6 
3600 20 1 6 
3600 21 33 
3600 22 26 
3600 23 1 6 7 
3600 24 1 6 7 
3600 25 1 6 7 
3600 26 1 6 
3600 27 1 6 7 
3600 28 1 6 7 
3600 29 1 6 7 
3600 30 1 6 7 
3600 31 1 6 
3600 32 1 6 
3600 33 1 6 
3600 34 1 6 7 
3600 35 1 6 
3600 36 26 
3600 37 1 6 
3600 38 19 
3600 39 1 6 7 
3600 40 1 6 
3600 41 1 6 
3600 42 23 
3600 43 19 
3600 44 1 6 7 
3600 45 31 
3600 46 1 6 7 
3600 47 26 
3600 48 1 6 7 
3600 49 1 6 
3600 50 1 6 
3600 51 58 
3600 52 1 6 
3600 53 1 6 
3600 54 1 6 7 
3600 55 26 
3600 56 1 6 
3600 57 1 6 7 
3600 58 27 
3600 59 33 
3600 60 33 
3600 61 1 6 7 
3600 62 63 
3600 63 2 
3600 64 2 
3600 65 2 
3600 66 2 
3600 67 2 
3600 68 2 
3600 69 2 
3600 70 69 
3600 71 2 8 
3600 72 2 8 
3600 73 2 
3600 74 66 
3600 75 2 
3600 76 2 
3600 77 2 
3600 78 2 
3600 79 2 
3600 80 2 
3600 81 2 
3600 82 2 
3600 83 2 
3600 84 2 8 
3600 85 2 
3600 86 65 
3600 87 2 
3600 88 2 
3600 89 2 
3600 90 2 
3600 91 2 
3600 92 2 
3600 93 2 
3600 94 2 8 
3600 95 3 9 
3600 96 3 9 
3600 97 96 
3600 98 95 
3600 99 3 9 
3600 100 3 9 
3600 101 108 
3600 102 3 9 
3600 103 3 9 
3600 104 3 9 
3600 105 119 
3600 106 108 
3600 107 103 
3600 108 3 9 
3600 109 105 
3600 110 95 
3600 111 3 9 
3600 112 3 9 
3600 113 108 
3600 114 3 9 
3600 115 3 9 
3600 116 3 9 
3600 117 119 
3600 118 3 9 
3600 119 3 9 
3600 120 96 
3600 121 116 
3600 122 3 9 
3600 123 3 9 
3600 124 3 9 
3600 125 134 
3600 126 4 10 
3600 127 143 
3600 128 4 10 
3600 129 4 10 
3600 130 134 
3600 131 4 10 
3600 132 139 
3600 133 4 10 
3600 134 4 10 
3600 135 4 10 
3600 136 4 10 
3600 137 4 10 
3600 138 4 10 
3600 139 4 10 
3600 140 139 
3600 141 4 10 
3600 142 4 10 
3600 143 4 10 
3600 144 4 10 
3600 145 152 
3600 146 4 10 
3600 147 4 10 
3600 148 4 10 
3600 149 4 10 
3600 150 4 10 
3600 151 4 10 
3600 152 4 10 
3600 153 139 
3600 154 4 10 
3600 155 4 10 
3600 156 5 11 12 
3600 157 5 11 12 
3600 158 5 11 12 
3600 159 5 11 12 
3600 160 5 11 12 
3600 161 5 11 12 
3600 162 5 11 12 
3600 163 5 11 12 
3600 164 5 11 12 
3600 165 5 11 12 
3600 166 5 11 12 
3600 167 5 11 12 
3600 168 5 11 12 
3600 169 5 11 12 
3600 170 5 11 12 
3600 171 5 11 12 
3600 172 5 11 12 
3600 173 5 11 12 
3600 174 5 11 12 
3600 175 5 11 12 
3600 176 5 11 12 
3600 177 5 11 12 13 
3600 178 5 11 12 
3600 179 5 11 12 
3600 180 5 11 12 13 
3600 181 5 11 12 
3600 182 5 11 12 
3600 183 5 11 12 
3600 184 5 11 12 
3600 185 5 11 12 
3600 186 0 1 3 4 
3600 187 0 2 
3600 188 0 1 5 
3600 189 0 3 
3600 190 0 2 5 
3600 191 0 3 4 
3600 192 0 2 5 
3600 193 0 1 4 
3600 194 0 1 2 4 
3600 195 0 3 5 
3600 196 0 1 2 
3600 197 0 3 5 
3600 198 0 1 4 
3600 199 0 3 
3600 200 0 2 5 
3600 201 0 1 5 
3600 202 0 2 4 
3600 203 0 3 
3600 204 0 3 
3600 205 0 1 2 5 
3600 206 0 3 4 
3600 207 0 1 4 5 
3600 208 0 1 2 5 
3600 209 0 2 3 4 
3600 210 0 1 2 3 
3600 211 0 4 
3600 212 0 4 5 
3600 213 0 2 
3600 214 0 3 5 
3600 215 0 1 
5400 0 186 187 188 189 190 191 192 193 194 195 196 197 198 199 200 201 202 203 204 205 206 207 208 209 210 211 212 213 214 215 
5400 1 0 2 3 4 5 6 186 188 193 194 196 198 201 205 207 208 210 215 
5400 2 0 1 3 4 5 187 190 192 194 196 200 202 205 208 209 210 213 
5400 3 0 1 2 4 5 9 186 189 191 195 197 199 203 204 206 209 210 214 
5400 4 0 186 191 193 194 198 202 206 207 209 211 212 
5400 5 0 1 2 3 4 11 12 188 190 192 195 197 200 201 205 207 208 212 214 
5400 6 1 
5400 7 1 6 
5400 8 2 
5400 9 
5400 10 
5400 11 5 12 
5400 12 
5400 13 12 
5400 14 19 
5400 15 23 
5400 16 19 
5400 17 23 
5400 18 22 
5400 19 1 6 
5400 20 1 6 
5400 21 23 
5400 22 1 6 7 
5400 23 1 6 7 
5400 24 1 6 7 
5400 25 1 6 7 
5400 26 1 6 
5400 27 1 6 7 
5400 28 1 6 7 
5400 29 1 6 7 
5400 30 1 6 7 
5400 31 1 6 
5400 32 1 6 
5400 33 1 6 
5400 34 1 6 7 
5400 35 1 6 
5400 36 22 
5400 37 1 6 
5400 38 19 
5400 39 1 6 7 
5400 40 1 6 
5400 41 1 6 
5400 42 1 6 
5400 43 44 
5400 44 1 6 7 
5400 45 22 
5400 46 1 6 7 
5400 47 22 
5400 48 1 6 7 
5400 49 1 6 
5400 50 1 6 
5400 51 22 
5400 52 1 6 
5400 53 1 6 
5400 54 1 6 7 
5400 55 22 
5400 56 1 6 
5400 57 1 6 7 
5400 58 19 
5400 59 22 
5400 60 22 
5400 61 1 6 7 
5400 62 63 
5400 63 2 
5400 64 2 
5400 65 2 
5400 66 2 
5400 67 2 
5400 68 2 
5400 69 2 
5400 70 82 
5400 71 2 8 
5400 72 2 8 
5400 73 2 
5400 74 66 
5400 75 2 
5400 76 2 
5400 77 63 
5400 78 2 
5400 79 2 
5400 80 2 
5400 81 2 
5400 82 2 
5400 83 2 
5400 84 2 8 
5400 85 2 
5400 86 63 
5400 87 2 
5400 88 2 
5400 89 2 
5400 90 2 
5400 91 2 
5400 92 2 
5400 93 2 
5400 94 2 8 
5400 95 3 9 
5400 96 3 9 
5400 97 96 
5400 98 95 
5400 99 3 9 
5400 100 3 9 
5400 101 99 
5400 102 3 9 
5400 103 3 9 
5400 104 3 9 
5400 105 117 
5400 106 108 
5400 107 99 
5400 108 3 9 
5400 109 117 
5400 110 95 
5400 111 3 9 
5400 112 3 9 
5400 113 108 
5400 114 3 9 
5400 115 3 9 
5400 116 3 9 
5400 117 3 9 
5400 118 3 9 
5400 119 3 9 
5400 120 96 
5400 121 100 
5400 122 3 9 
5400 123 3 9 
5400 124 3 9 
5400 125 134 
5400 126 4 10 
5400 127 139 
5400 128 4 10 
5400 129 4 10 
5400 130 4 10 
5400 131 4 10 
5400 132 139 
5400 133 4 10 
5400 134 4 10 
5400 135 4 10 
5400 136 143 
5400 137 4 10 
5400 138 4 10 
5400 139 4 10 
5400 140 139 
5400 141 4 10 
5400 142 4 10 
5400 143 4 10 
5400 144 4 10 
5400 145 152 
5400 146 4 10 
5400 147 4 10 
5400 148 4 10 
5400 149 4 10 
5400 150 4 10 
5400 151 4 10 
5400 152 4 10 
5400 153 4 10 
5400 154 4 10 
5400 155 4 10 
5400 156 5 11 12 
5400 157 5 11 12 
5400 158 5 11 12 
5400 159 5 11 12 
5400 160 5 11 12 
5400 161 5 11 12 
5400 162 5 11 12 
5400 163 5 11 12 
5400 164 5 11 12 
5400 165 5 11 12 
5400 166 5 11 12 
5400 167 5 11 12 
5400 168 5 11 12 
5400 169 5 11 12 
5400 170 5 11 12 
5400 171 5 11 12 
5400 172 5 11 12 
5400 173 5 11 12 
5400 174 5 11 12 
5400 175 5 11 12 
5400 176 5 11 12 
5400 177 5 11 12 13 
5400 178 5 11 12 
5400 179 5 11 12 
5400 180 5 11 12 13 
5400 181 5 11 12 
5400 182 5 11 12 
5400 183 5 11 12 
5400 184 5 11 12 
5400 185 5 11 12 
5400 186 0 1 3 4 
5400 187 0 2 
5400 188 0 1 5 
5400 189 0 3 
5400 190 0 2 5 
5400 191 0 3 4 
5400 192 0 2 5 
5400 193 0 1 4 
5400 194 0 1 2 4 
5400 195 0 3 5 
5400 196 0 1 2 
5400 197 0 3 5 
5400 198 0 1 4 
5400 199 0 3 
5400 200 0 2 5 
5400 201 0 1 5 
5400 202 0 2 4 
5400 203 0 3 
5400 204 0 3 
5400 205 0 1 2 5 
5400 206 0 3 4 
5400 207 0 1 4 5 
5400 208 0 1 2 5 
5400 209 0 2 3 4 
5400 210 0 1 2 3 
5400 211 0 4 
5400 212 0 4 5 
5400 213 0 2 
5400 214 0 3 5 
5400 215 0 1 
7200 0 186 187 188 189 190 191 192 193 194 195 196 197 198 199 200 201 202 203 204 205 206 207 208 209 210 211 212 213 214 215 
7200 1 0 2 3 4 5 6 186 188 193 194 196 198 201 205 207 208 210 215 
7200 2 0 1 3 4 5 187 190 192 194 196 200 202 205 208 209 210 213 
7200 3 0 1 2 4 5 9 186 189 191 195 197 199 203 204 206 209 210 214 
7200 4 0 186 191 193 194 198 202 206 207 209 211 212 
7200 5 0 1 2 3 4 11 12 188 190 192 195 197 200 201 205 207 208 212 214 
7200 6 1 
7200 7 1 6 
7200 8 2 
7200 9 
7200 10 
7200 11 5 12 
7200 12 
7200 13 12 
7200 14 19 
7200 15 17 
7200 16 19 
7200 17 33 
7200 18 31 
7200 19 1 6 
7200 20 1 6 
7200 21 33 
7200 22 31 
7200 23 1 6 7 
7200 24 1 6 7 
7200 25 1 6 7 
7200 26 1 6 
7200 27 1 6 7 
7200 28 1 6 7 
7200 29 1 6 7 
7200 30 1 6 7 
7200 31 1 6 
7200 32 1 6 
7200 33 1 6 
7200 34 1 6 7 
7200 35 1 6 
7200 36 31 
7200 37 1 6 
7200 38 19 
7200 39 1 6 7 
7200 40 1 6 
7200 41 1 6 
7200 42 1 6 
7200 43 19 
7200 44 1 6 7 
7200 45 31 
7200 46 1 6 7 
7200 47 31 
7200 48 1 6 7 
7200 49 1 6 
7200 50 1 6 
7200 51 61 
7200 52 1 6 
7200 53 1 6 
7200 54 1 6 7 
7200 55 31 
7200 56 1 6 
7200 57 1 6 7 
7200 58 27 
7200 59 33 
7200 60 33 
7200 61 1 6 7 
7200 62 83 
7200 63 2 
7200 64 2 
7200 65 2 
7200 66 2 
7200 67 2 
7200 68 2 
7200 69 2 
7200 70 82 
7200 71 2 8 
7200 72 2 8 
7200 73 2 
7200 74 66 
7200 75 2 
7200 76 2 
7200 77 63 
7200 78 2 
7200 79 2 
7200 80 2 
7200 81 2 
7200 82 2 
7200 83 2 
7200 84 2 8 
7200 85 2 
7200 86 63 
7200 87 2 
7200 88 2 
7200 89 2 
7200 90 2 
7200 91 2 
7200 92 2 
7200 93 2 
7200 94 2 8 
7200 95 3 9 
7200 96 3 9 
7200 97 96 
7200 98 95 108 
7200 99 3 9 
7200 100 3 9 
7200 101 108 
7200 102 3 9 
7200 103 3 9 
7200 104 3 9 
7200 105 98 
7200 106 108 
7200 107 108 
7200 108 3 9 
7200 109 104 
7200 110 95 
7200 111 3 9 
7200 112 3 9 
7200 113 108 
7200 114 3 9 
7200 115 3 9 
7200 116 3 9 
7200 117 104 
7200 118 3 9 
7200 119 3 9 
7200 120 96 
7200 121 104 
7200 122 3 9 
7200 123 3 9 
7200 124 3 9 
7200 125 134 
7200 126 4 10 
7200 127 137 
7200 128 4 10 
7200 129 4 10 
7200 130 134 
7200 131 4 10 
7200 132 137 
7200 133 4 10 
7200 134 4 10 
7200 135 4 10 
7200 136 4 10 
7200 137 4 10 
7200 138 4 10 
7200 139 4 10 
7200 140 137 
7200 141 4 10 
7200 142 4 10 
7200 143 4 10 
7200 144 4 10 
7200 145 152 
7200 146 151 
7200 147 4 10 
7200 148 4 10 
7200 149 4 10 
7200 150 4 10 
7200 151 4 10 
7200 152 4 10 
7200 153 137 
7200 154 4 10 
7200 155 4 10 
7200 156 5 11 12 
7200 157 5 11 12 
7200 158 5 11 12 
7200 159 5 11 12 
7200 160 5 11 12 
7200 161 5 11 12 
7200 162 5 11 12 
7200 163 5 11 12 
7200 164 5 11 12 
7200 165 5 11 12 
7200 166 5 11 12 
7200 167 5 11 12 
7200 168 5 11 12 
7200 169 5 11 12 
7200 170 5 11 12 
7200 171 5 11 12 
7200 172 5 11 12 
7200 173 5 11 12 
7200 174 5 11 12 
7200 175 5 11 12 
7200 176 5 11 12 
7200 177 5 11 12 13 
7200 178 5 11 12 
7200 179 5 11 12 
7200 180 5 11 12 13 
7200 181 5 11 12 
7200 182 5 11 12 
7200 183 5 11 12 
7200 184 5 11 12 
7200 185 5 11 12 
7200 186 0 1 3 4 
7200 187 0 2 
7200 188 0 1 5 
7200 189 0 3 
7200 190 0 2 5 
7200 191 0 3 4 
7200 192 0 2 5 
7200 193 0 1 4 
7200 194 0 1 2 4 
7200 195 0 3 5 
7200 196 0 1 2 
7200 197 0 3 5 
7200 198 0 1 4 
7200 199 0 3 
7200 200 0 2 5 
7200 201 0 1 5 
7200 202 0 2 4 
7200 203 0 3 
7200 204 0 3 
7200 205 0 1 2 5 
7200 206 0 3 4 
7200 207 0 1 4 5 
7200 208 0 1 2 5 
7200 209 0 2 3 4 
7200 210 0 1 2 3 
7200 211 0 4 
7200 212 0 4 5 
7200 213 0 2 
7200 214 0 3 5 
7200 215 0 1 
9000 0 186 187 188 189 190 191 192 193 194 195 196 197 198 199 200 201 202 203 204 205 206 207 208 209 210 211 212 213 214 215 
9000 1 0 2 3 4 5 6 186 188 193 194 196 198 201 205 207 208 210 215 
9000 2 0 1 3 4 5 187 190 192 194 196 200 202 205 208 209 210 213 
9000 3 0 1 2 4 5 9 186 189 191 195 197 199 203 204 206 209 210 214 
9000 4 0 186 191 193 194 198 202 206 207 209 211 212 
9000 5 0 1 2 3 4 11 12 188 190 192 195 197 200 201 205 207 208 212 214 
9000 6 1 
9000 7 1 6 
9000 8 2 
9000 9 
9000 10 
9000 11 5 12 
9000 12 
9000 13 12 
9000 14 19 
9000 15 26 
9000 16 19 
9000 17 18 
9000 18 1 6 
9000 19 1 6 
9000 20 1 6 
9000 21 18 
9000 22 18 
9000 23 1 6 7 
9000 24 1 6 7 
9000 25 1 6 7 
9000 26 1 6 
9000 27 1 6 7 
9000 28 1 6 7 
9000 29 1 6 7 
9000 30 1 6 7 
9000 31 1 6 
9000 32 1 6 
9000 33 1 6 
9000 34 1 6 7 
9000 35 1 6 
9000 36 18 
9000 37 1 6 
9000 38 19 
9000 39 1 6 7 
9000 40 1 6 
9000 41 1 6 
9000 42 1 6 
9000 43 1 6 
9000 44 1 6 7 
9000 45 18 
9000 46 1 6 7 
9000 47 18 
9000 48 1 6 7 
9000 49 1 6 
9000 50 1 6 
9000 51 34 
9000 52 1 6 
9000 53 1 6 
9000 54 1 6 7 
9000 55 18 
9000 56 1 6 
9000 57 1 6 7 
9000 58 27 
9000 59 18 
9000 60 18 
9000 61 1 6 7 
9000 62 63 
9000 63 2 
9000 64 2 
9000 65 2 
9000 66 2 
9000 67 2 
9000 68 2 
9000 69 2 
9000 70 69 
9000 71 2 8 
9000 72 2 8 
9000 73 2 
9000 74 66 
9000 75 2 
9000 76 2 
9000 77 2 
9000 78 2 
9000 79 2 
9000 80 2 
9000 81 2 
9000 82 2 
9000 83 2 
9000 84 2 8 
9000 85 2 
9000 86 63 
9000 87 2 
9000 88 2 
9000 89 2 
9000 90 2 
9000 91 2 
9000 92 2 
9000 93 2 
9000 94 2 8 
9000 95 3 9 
9000 96 3 9 
9000 97 96 
9000 98 108 
9000 99 3 9 
9000 100 3 9 
9000 101 108 
9000 102 3 9 
9000 103 3 9 
9000 104 3 9 
9000 105 119 
9000 106 108 
9000 107 108 
9000 108 3 9 
9000 109 105 
9000 110 95 
9000 111 3 9 
9000 112 3 9 
9000 113 108 
9000 114 3 9 
9000 115 3 9 
9000 116 3 9 
9000 117 119 
9000 118 3 9 
9000 119 3 9 
9000 120 96 
9000 121 100 
9000 122 3 9 
9000 123 3 9 
9000 124 3 9 
9000 125 134 
9000 126 4 10 
9000 127 139 
9000 128 4 10 
9000 129 4 10 
9000 130 134 
9000 131 4 10 
9000 132 139 
9000 133 4 10 
9000 134 4 10 
9000 135 4 10 
9000 136 4 10 
9000 137 4 10 
9000 138 4 10 
9000 139 4 10 
9000 140 139 
9000 141 4 10 
9000 142 4 10 
9000 143 4 10 
9000 144 4 10 
9000 145 152 
9000 146 154 
9000 147 4 10 
9000 148 4 10 
9000 149 4 10 
9000 150 4 10 
9000 151 4 10 
9000 152 4 10 
9000 153 139 
9000 154 4 10 
9000 155 4 10 
9000 156 5 11 12 
9000 157 5 11 12 
9000 158 5 11 12 
9000 159 5 11 12 
9000 160 5 11 12 
9000 161 5 11 12 
9000 162 5 11 12 
9000 163 5 11 12 
9000 164 5 11 12 
9000 165 5 11 12 
9000 166 5 11 12 
9000 167 5 11 12 
9000 168 5 11 12 
9000 169 5 11 12 
9000 170 5 11 12 
9000 171 5 11 12 
9000 172 5 11 12 
9000 173 5 11 12 
9000 174 5 11 12 
9000 175 5 11 12 
9000 176 5 11 12 
9000 177 5 11 12 13 
9000 178 5 11 12 
9000 179 5 11 12 
9000 180 5 11 12 13 
9000 181 5 11 12 
9000 182 5 11 12 
9000 183 5 11 12 
9000 184 5 11 12 
9000 185 5 11 12 
9000 186 0 1 3 4 
9000 187 0 2 
9000 188 0 1 5 
9000 189 0 3 
9000 190 0 2 5 
9000 191 0 3 4 
9000 192 0 2 5 
9000 193 0 1 4 
9000 194 0 1 2 4 
9000 195 0 3 5 
9000 196 0 1 2 
9000 197 0 3 5 
9000 198 0 1 4 
9000 199 0 3 
9000 200 0 2 5 
9000 201 0 1 5 
9000 202 0 2 4 
9000 203 0 3 
9000 204 0 3 
9000 205 0 1 2 5 
9000 206 0 3 4 
9000 207 0 1 4 5 
9000 208 0 1 2 5 
9000 209 0 2 3 4 
9000 210 0 1 2 3 
9000 211 0 4 
9000 212 0 4 5 
9000 213 0 2 
9000 214 0 3 5 
9000 215 0 1 
10800 0 186 187 188 189 190 191 192 193 194 195 196 197 198 199 200 201 202 203 204 205 206 207 208 209 210 211 212 213 214 215 
10800 1 0 2 3 4 5 6 186 188 193 194 196 198 201 205 207 208 210 215 
10800 2 0 1 3 4 5 187 190 192 194 196 200 202 205 208 209 210 213 
10800 3 0 1 2 4 5 9 186 189 191 195 197 199 203 204 206 209 210 214 
10800 4 0 186 191 193 194 198 202 206 207 209 211 212 
10800 5 0 1 2 3 4 11 12 188 190 192 195 197 200 201 205 207 208 212 214 
10800 6 1 
10800 7 1 6 
10800 8 2 
10800 9 
10800 10 
10800 11 5 12 
10800 12 
10800 13 12 
10800 14 19 
10800 15 
10800 16 19 
10800 17 18 
10800 18 1 6 
10800 19 1 6 
10800 20 1 6 
10800 21 18 
10800 22 18 
10800 23 1 6 7 
10800 24 1 6 7 
10800 25 1 6 7 
10800 26 1 6 
10800 27 1 6 7 
10800 28 1 6 7 
10800 29 1 6 7 
10800 30 1 6 7 
10800 31 1 6 
10800 32 1 6 
10800 33 1 6 
10800 34 1 6 7 
10800 35 1 6 
10800 36 18 
10800 37 1 6 
10800 38 19 
10800 39 1 6 7 
10800 40 1 6 
10800 41 1 6 
10800 42 1 6 
10800 43 32 
10800 44 1 6 7 
10800 45 18 
10800 46 1 6 7 
10800 47 18 
10800 48 1 6 7 
10800 49 1 6 
10800 50 1 6 
10800 51 58 
10800 52 1 6 
10800 53 1 6 
10800 54 1 6 7 
10800 55 26 
10800 56 1 6 
10800 57 1 6 7 
10800 58 19 
10800 59 18 
10800 60 1 6 7 
10800 61 1 6 7 
10800 62 63 
10800 63 2 
10800 64 2 
10800 65 2 
10800 66 2 
10800 67 2 
10800 68 2 
10800 69 2 
10800 70 63 
10800 71 2 8 
10800 72 2 8 
10800 73 2 
10800 74 66 
10800 75 2 
10800 76 2 
10800 77 63 
10800 78 2 
10800 79 2 
10800 80 2 
10800 81 2 
10800 82 2 
10800 83 2 
10800 84 2 8 
10800 85 2 
10800 86 63 
10800 87 2 
10800 88 2 
10800 89 2 
10800 90 2 
10800 91 2 
10800 92 2 
10800 93 2 
10800 94 2 8 
10800 95 3 9 
10800 96 3 9 
10800 97 96 
10800 98 95 108 
10800 99 3 9 
10800 100 3 9 
10800 101 108 
10800 102 3 9 
10800 103 3 9 
10800 104 3 9 
10800 105 116 
10800 106 98 
10800 107 108 
10800 108 3 9 
10800 109 117 
10800 110 95 
10800 111 3 9 
10800 112 3 9 
10800 113 108 
10800 114 3 9 
10800 115 3 9 
10800 116 3 9 
10800 117 95 
10800 118 3 9 
10800 119 3 9 
10800 120 96 
10800 121 116 
10800 122 3 9 
10800 123 3 9 
10800 124 3 9 
10800 125 134 
10800 126 4 10 
10800 127 149 
10800 128 4 10 
10800 129 4 10 
10800 130 134 
10800 131 4 10 
10800 132 139 
10800 133 4 10 
10800 134 4 10 
10800 135 4 10 
10800 136 4 10 
10800 137 4 10 
10800 138 4 10 
10800 139 4 10 
10800 140 137 
10800 141 4 10 
10800 142 4 10 
10800 143 4 10 
10800 144 4 10 
10800 145 152 
10800 146 135 
10800 147 4 10 
10800 148 4 10 
10800 149 4 10 
10800 150 4 10 
10800 151 4 10 
10800 152 4 10 
10800 153 4 10 
10800 154 4 10 
10800 155 4 10 
10800 156 5 11 12 
10800 157 5 11 12 
10800 158 5 11 12 
10800 159 5 11 12 
10800 160 5 11 12 
10800 161 5 11 12 
10800 162 5 11 12 
10800 163 5 11 12 
10800 164 5 11 12 
10800 165 5 11 12 
10800 166 5 11 12 
10800 167 5 11 12 
10800 168 5 11 12 
10800 169 5 11 12 
10800 170 5 11 12 
10800 171 5 11 12 
10800 172 5 11 12 
10800 173 5 11 12 
10800 174 5 11 12 
10800 175 5 11 12 
10800 176 5 11 12 
10800 177 5 11 12 13 
10800 178 5 11 12 
10800 179 5 11 12 
10800 180 5 11 12 13 
10800 181 5 11 12 
10800 182 5 11 12 
10800 183 5 11 12 
10800 184 5 11 12 
10800 185 5 11 12 
10800 186 0 1 3 4 
10800 187 0 2 
10800 188 0 1 5 
10800 189 0 3 
10800 190 0 2 5 
10800 191 0 3 4 
10800 192 0 2 5 
10800 193 0 1 4 
10800 194 0 1 2 4 
10800 195 0 3 5 
10800 196 0 1 2 
10800 197 0 3 5 
10800 198 0 1 4 
10800 199 0 3 
10800 200 0 2 5 
10800 201 0 1 5 
10800 202 0 2 4 
10800 203 0 3 
10800 204 0 3 
10800 205 0 1 2 5 
10800 206 0 3 4 
10800 207 0 1 4 5 
10800 208 0 1 2 5 
10800 209 0 2 3 4 
10800 210 0 1 2 3 
10800 211 0 4 
10800 212 0 4 5 
10800 213 0 2 
10800 214 0 3 5 
10800 215 0 1 
12600 0 186 187 188 189 190 191 192 193 194 195 196 197 198 199 200 201 202 203 204 205 206 207 208 209 210 211 212 213 214 215 
12600 1 0 2 3 4 5 6 186 188 193 194 196 198 201 205 207 208 210 215 
12600 2 0 1 3 4 5 187 190 192 194 196 200 202 205 208 209 210 213 
12600 3 0 1 2 4 5 9 186 189 191 195 197 199 203 204 206 209 210 214 
12600 4 0 186 191 193 194 198 202 206 207 209 211 212 
12600 5 0 1 2 3 4 11 12 188 190 192 195 197 200 201 205 207 208 212 214 
12600 6 1 
12600 7 1 6 
12600 8 2 
12600 9 
12600 10 
12600 11 5 12 
12600 12 
12600 13 12 
12600 14 19 
12600 15 32 
12600 16 19 
12600 17 30 
12600 18 31 
12600 19 1 6 
12600 20 1 6 
12600 21 32 
12600 22 31 
12600 23 1 6 7 
12600 24 1 6 7 
12600 25 1 6 7 
12600 26 1 6 
12600 27 1 6 7 
12600 28 1 6 7 
12600 29 1 6 7 
12600 30 1 6 7 
12600 31 1 6 
12600 32 1 6 
12600 33 1 6 
12600 34 1 6 7 
12600 35 1 6 
12600 36 1 6 
12600 37 1 6 
12600 38 19 
12600 39 1 6 7 
12600 40 1 6 
12600 41 1 6 
12600 42 1 6 
12600 43 19 
12600 44 1 6 7 
12600 45 30 
12600 46 1 6 7 
12600 47 31 
12600 48 1 6 7 
12600 49 1 6 
12600 50 1 6 
12600 51 54 
12600 52 1 6 
12600 53 1 6 
12600 54 1 6 7 
12600 55 31 
12600 56 1 6 
12600 57 1 6 7 
12600 58 24 
12600 59 30 
12600 60 30 
12600 61 1 6 7 
12600 62 63 
12600 63 2 
12600 64 2 
12600 65 2 
12600 66 2 
12600 67 2 
12600 68 2 
12600 69 2 
12600 70 68 
12600 71 2 8 
12600 72 2 8 
12600 73 2 
12600 74 66 
12600 75 2 
12600 76 2 
12600 77 63 
12600 78 2 
12600 79 2 
12600 80 2 
12600 81 2 
12600 82 2 
12600 83 2 
12600 84 2 8 
12600 85 2 
12600 86 63 
12600 87 2 
12600 88 2 
12600 89 2 
12600 90 2 
12600 91 2 
12600 92 2 
12600 93 2 
12600 94 2 8 
12600 95 3 9 
12600 96 3 9 
12600 97 96 
12600 98 108 
12600 99 3 9 
12600 100 3 9 
12600 101 108 
12600 102 3 9 
12600 103 3 9 
12600 104 3 9 
12600 105 3 9 
12600 106 108 
12600 107 104 
12600 108 3 9 
12600 109 104 
12600 110 3 9 
12600 111 3 9 
12600 112 3 9 
12600 113 105 
12600 114 3 9 
12600 115 3 9 
12600 116 3 9 
12600 117 108 
12600 118 3 9 
12600 119 3 9 
12600 120 3 9 
12600 121 104 
12600 122 3 9 
12600 123 3 9 
12600 124 3 9 
12600 125 134 
12600 126 4 10 
12600 127 139 
12600 128 4 10 
12600 129 4 10 
12600 130 134 
12600 131 4 10 
12600 132 139 
12600 133 4 10 
12600 134 4 10 
12600 135 4 10 
12600 136 4 10 
12600 137 4 10 
12600 138 4 10 
12600 139 4 10 
12600 140 139 
12600 141 4 10 
12600 142 4 10 
12600 143 4 10 
12600 144 4 10 
12600 145 152 
12600 146 136 
12600 147 4 10 
12600 148 4 10 
12600 149 4 10 
12600 150 4 10 
12600 151 4 10 
12600 152 4 10 
12600 153 139 
12600 154 4 10 
12600 155 4 10 
12600 156 5 11 12 
12600 157 5 11 12 
12600 158 5 11 12 
12600 159 5 11 12 
12600 160 5 11 12 
12600 161 5 11 12 
12600 162 5 11 12 
12600 163 5 11 12 
12600 164 5 11 12 
12600 165 5 11 12 
12600 166 5 11 12 
12600 167 5 11 12 
12600 168 5 11 12 
12600 169 5 11 12 
12600 170 5 11 12 
12600 171 5 11 12 
12600 172 5 11 12 
12600 173 5 11 12 
12600 174 5 11 12 
12600 175 5 11 12 
12600 176 5 11 12 
12600 177 5 11 12 13 
12600 178 5 11 12 
12600 179 5 11 12 
12600 180 5 11 12 13 
12600 181 5 11 12 
12600 182 5 11 12 
12600 183 5 11 12 
12600 184 5 11 12 
12600 185 5 11 12 
12600 186 0 1 3 4 
12600 187 0 2 
12600 188 0 1 5 
12600 189 0 3 
12600 190 0 2 5 
12600 191 0 3 4 
12600 192 0 2 5 
12600 193 0 1 4 
12600 194 0 1 2 4 
12600 195 0 3 5 
12600 196 0 1 2 
12600 197 0 3 5 
12600 198 0 1 4 
12600 199 0 3 
12600 200 0 2 5 
12600 201 0 1 5 
12600 202 0 2 4 
12600 203 0 3 
12600 204 0 3 
12600 205 0 1 2 5 
12600 206 0 3 4 
12600 207 0 1 4 5 
12600 208 0 1 2 5 
12600 209 0 2 3 4 
12600 210 0 1 2 3 
12600 211 0 4 
12600 212 0 4 5 
12600 213 0 2 
12600 214 0 3 5 
12600 215 0 1 
14400 0 186 187 188 189 190 191 192 193 194 195 196 197 198 199 200 201 202 203 204 205 206 207 208 209 210 211 212 213 214 215 
14400 1 0 2 3 4 5 6 186 188 193 194 196 198 201 205 207 208 210 215 
14400 2 0 1 3 4 5 187 190 192 194 196 200 202 205 208 209 210 213 
14400 3 0 1 2 4 5 9 186 189 191 195 197 199 203 204 206 209 210 214 
14400 4 0 186 191 193 194 198 202 206 207 209 211 212 
14400 5 0 1 2 3 4 11 12 188 190 192 195 197 200 201 205 207 208 212 214 
14400 6 1 
14400 7 1 6 
14400 8 2 
14400 9 
14400 10 
14400 11 5 12 
14400 12 
14400 13 12 
14400 14 19 
14400 15 24 
14400 16 19 
14400 17 22 
14400 18 22 
14400 19 1 6 
14400 20 1 6 
14400 21 22 
14400 22 1 6 7 
14400 23 1 6 7 
14400 24 1 6 7 
14400 25 1 6 7 
14400 26 1 6 
14400 27 1 6 7 
14400 28 1 6 7 
14400 29 1 6 7 
14400 30 1 6 7 
14400 31 1 6 
14400 32 1 6 
14400 33 1 6 
14400 34 1 6 7 
14400 35 1 6 
14400 36 22 
14400 37 1 6 
14400 38 19 
14400 39 1 6 7 
14400 40 1 6 
14400 41 1 6 
14400 42 1 6 
14400 43 19 
14400 44 1 6 7 
14400 45 22 
14400 46 1 6 7 
14400 47 22 
14400 48 1 6 7 
14400 49 1 6 
14400 50 1 6 
14400 51 35 
14400 52 1 6 
14400 53 1 6 
14400 54 1 6 7 
14400 55 22 
14400 56 1 6 
14400 57 1 6 7 
14400 58 27 
14400 59 22 
14400 60 22 
14400 61 1 6 7 
14400 62 63 
14400 63 2 
14400 64 2 
14400 65 2 
14400 66 2 
14400 67 2 
14400 68 2 
14400 69 2 
14400 70 82 
14400 71 2 8 
14400 72 2 8 
14400 73 2 
14400 74 65 
14400 75 2 
14400 76 2 
14400 77 63 
14400 78 2 
14400 79 2 
14400 80 2 
14400 81 2 
14400 82 2 
14400 83 2 
14400 84 2 8 
14400 85 2 
14400 86 2 
14400 87 2 
14400 88 2 
14400 89 2 
14400 90 2 
14400 91 2 
14400 92 2 
14400 93 2 
14400 94 2 8 
14400 95 3 9 
14400 96 3 9 
14400 97 96 
14400 98 95 
14400 99 3 9 
14400 100 3 9 
14400 101 108 
14400 102 3 9 
14400 103 3 9 
14400 104 3 9 
14400 105 119 
14400 106 99 
14400 107 108 
14400 108 3 9 
14400 109 106 
14400 110 95 
14400 111 3 9 
14400 112 3 9 
14400 113 108 
14400 114 3 9 
14400 115 3 9 
14400 116 3 9 
14400 117 119 
14400 118 3 9 
14400 119 3 9 
14400 120 96 
14400 121 100 
14400 122 3 9 
14400 123 3 9 
14400 124 3 9 
14400 125 134 
14400 126 4 10 
14400 127 134 
14400 128 4 10 
14400 129 4 10 
14400 130 134 
14400 131 4 10 
14400 132 134 
14400 133 4 10 
14400 134 4 10 
14400 135 4 10 
14400 136 4 10 
14400 137 4 10 
14400 138 4 10 
14400 139 4 10 
14400 140 134 
14400 141 4 10 
14400 142 4 10 
14400 143 4 10 
14400 144 4 10 
14400 145 152 
14400 146 148 
14400 147 4 10 
14400 148 4 10 
14400 149 4 10 
14400 150 4 10 
14400 151 4 10 
14400 152 4 10 
14400 153 139 
14400 154 4 10 
14400 155 4 10 
14400 156 5 11 12 
14400 157 5 11 12 
14400 158 5 11 12 
14400 159 5 11 12 
14400 160 5 11 12 
14400 161 5 11 12 
14400 162 5 11 12 
14400 163 5 11 12 
14400 164 5 11 12 
14400 165 5 11 12 
14400 166 5 11 12 
14400 167 5 11 12 
14400 168 5 11 12 
14400 169 5 11 12 
14400 170 5 11 12 
14400 171 5 11 12 
14400 172 5 11 12 
14400 173 5 11 12 
14400 174 5 11 12 
14400 175 5 11 12 
14400 176 5 11 12 
14400 177 5 11 12 13 
14400 178 5 11 12 
14400 179 5 11 12 
14400 180 5 11 12 13 
14400 181 5 11 12 
14400 182 5 11 12 
14400 183 5 11 12 
14400 184 5 11 12 
14400 185 5 11 12 
14400 186 0 1 3 4 
14400 187 0 2 
14400 188 0 1 5 
14400 189 0 3 
14400 190 0 2 5 
14400 191 0 3 4 
14400 192 0 2 5 
14400 193 0 1 4 
14400 194 0 1 2 4 
14400 195 0 3 5 
14400 196 0 1 2 
14400 197 0 3 5 
14400 198 0 1 4 
14400 199 0 3 
14400 200 0 2 5 
14400 201 0 1 5 
14400 202 0 2 4 
14400 203 0 3 
14400 204 0 3 
14400 205 0 1 2 5 
14400 206 0 3 4 
14400 207 0 1 4 5 
14400 208 0 1 2 5 
14400 209 0 2 3 4 
14400 210 0 1 2 3 
14400 211 0 4 
14400 212 0 4 5 
14400 213 0 2 
14400 214 0 3 5 
14400 215 0 1 
16200 0 186 187 188 189 190 191 192 193 194 195 196 197 198 199 200 201 202 203 204 205 206 207 208 209 210 211 212 213 214 215 
16200 1 0 2 3 4 5 6 186 188 193 194 196 198 201 205 207 208 210 215 
16200 2 0 1 3 4 5 187 190 192 194 196 200 202 205 208 209 210 213 
16200 3 0 1 2 4 5 9 186 189 191 195 197 199 203 204 206 209 210 214 
16200 4 0 186 191 193 194 198 202 206 207 209 211 212 
16200 5 0 1 2 3 4 11 12 188 190 192 195 197 200 201 205 207 208 212 214 
16200 6 1 
16200 7 1 6 
16200 8 2 
16200 9 
16200 10 
16200 11 5 12 
16200 12 
16200 13 12 
16200 14 19 
16200 15 24 
16200 16 32 
16200 17 45 
16200 18 20 
16200 19 1 6 
16200 20 1 6 
16200 21 33 
16200 22 20 
16200 23 1 6 7 
16200 24 1 6 7 
16200 25 1 6 7 
16200 26 1 6 
16200 27 1 6 7 
16200 28 1 6 7 
16200 29 1 6 7 
16200 30 1 6 7 
16200 31 1 6 
16200 32 1 6 
16200 33 1 6 
16200 34 1 6 7 
16200 35 1 6 
16200 36 20 
16200 37 1 6 
16200 38 19 
16200 39 1 6 7 
16200 40 1 6 
16200 41 1 6 
16200 42 1 6 
16200 43 23 
16200 44 1 6 7 
16200 45 20 32 
16200 46 1 6 7 
16200 47 31 
16200 48 1 6 7 
16200 49 1 6 
16200 50 1 6 
16200 51 34 
16200 52 1 6 
16200 53 1 6 
16200 54 1 6 7 
16200 55 20 
16200 56 1 6 
16200 57 1 6 7 
16200 58 19 
16200 59 33 
16200 60 33 
16200 61 19 
16200 62 63 
16200 63 2 
16200 64 2 
16200 65 2 
16200 66 2 
16200 67 2 
16200 68 2 
16200 69 2 
16200 70 64 
16200 71 2 8 
16200 72 2 8 
16200 73 2 
16200 74 65 
16200 75 2 
16200 76 2 
16200 77 63 
16200 78 2 
16200 79 2 
16200 80 2 
16200 81 2 
16200 82 2 
16200 83 2 
16200 84 2 8 
16200 85 2 
16200 86 63 
16200 87 2 
16200 88 2 
16200 89 2 
16200 90 2 
16200 91 2 
16200 92 2 
16200 93 2 
16200 94 2 8 
16200 95 3 9 
16200 96 3 9 
16200 97 96 
16200 98 3 9 
16200 99 3 9 
16200 100 3 9 
16200 101 98 
16200 102 3 9 
16200 103 3 9 
16200 104 3 9 
16200 105 119 
16200 106 98 
16200 107 98 
16200 108 3 9 
16200 109 105 
16200 110 95 
16200 111 3 9 
16200 112 3 9 
16200 113 108 
16200 114 3 9 
16200 115 3 9 
16200 116 3 9 
16200 117 119 
16200 118 3 9 
16200 119 3 9 
16200 120 96 
16200 121 116 
16200 122 3 9 
16200 123 3 9 
16200 124 3 9 
16200 125 134 
16200 126 4 10 
16200 127 139 
16200 128 4 10 
16200 129 4 10 
16200 130 134 
16200 131 4 10 
16200 132 139 
16200 133 4 10 
16200 134 4 10 
16200 135 4 10 
16200 136 4 10 
16200 137 4 10 
16200 138 4 10 
16200 139 4 10 
16200 140 139 
16200 141 4 10 
16200 142 4 10 
16200 143 4 10 
16200 144 4 10 
16200 145 151 
16200 146 136 
16200 147 4 10 
16200 148 4 10 
16200 149 4 10 
16200 150 4 10 
16200 151 4 10 
16200 152 4 10 
16200 153 139 
16200 154 4 10 
16200 155 4 10 
16200 156 5 11 12 
16200 157 5 11 12 
16200 158 5 11 12 
16200 159 5 11 12 
16200 160 5 11 12 
16200 161 5 11 12 
16200 162 5 11 12 
16200 163 5 11 12 
16200 164 5 11 12 
16200 165 5 11 12 
16200 166 5 11 12 
16200 167 5 11 12 
16200 168 5 11 12 
16200 169 5 11 12 
16200 170 5 11 12 
16200 171 5 11 12 
16200 172 5 11 12 
16200 173 5 11 12 
16200 174 5 11 12 
16200 175 5 11 12 
16200 176 5 11 12 
16200 177 5 11 12 13 
16200 178 5 11 12 
16200 179 5 11 12 
16200 180 5 11 12 13 
16200 181 5 11 12 
16200 182 5 11 12 
16200 183 5 11 12 
16200 184 5 11 12 
16200 185 5 11 12 
16200 186 0 1 3 4 
16200 187 0 2 
16200 188 0 1 5 
16200 189 0 3 
16200 190 0 2 5 
16200 191 0 3 4 
16200 192 0 2 5 
16200 193 0 1 4 
16200 194 0 1 2 4 
16200 195 0 3 5 
16200 196 0 1 2 
16200 197 0 3 5 
16200 198 0 1 4 
16200 199 0 3 
16200 200 0 2 5 
16200 201 0 1 5 
16200 202 0 2 4 
16200 203 0 3 
16200 204 0 3 
16200 205 0 1 2 5 
16200 206 0 3 4 
16200 207 0 1 4 5 
16200 208 0 1 2 5 
16200 209 0 2 3 4 
16200 210 0 1 2 3 
16200 211 0 4 
16200 212 0 4 5 
16200 213 0 2 
16200 214 0 3 5 
16200 215 0 1 
18000 0 186 187 188 189 190 191 192 193 194 195 196 197 198 199 200 201 202 203 204 205 206 207 208 209 210 211 212 213 214 215 
18000 1 0 2 3 4 5 6 186 188 193 194 196 198 201 205 207 208 210 215 
18000 2 0 1 3 4 5 187 190 192 194 196 200 202 205 208 209 210 213 
18000 3 0 1 2 4 5 9 186 189 191 195 197 199 203 204 206 209 210 214 
18000 4 0 186 191 193 194 198 202 206 207 209 211 212 
18000 5 0 1 2 3 4 11 12 188 190 192 195 197 200 201 205 207 208 212 214 
18000 6 1 
18000 7 1 6 
18000 8 2 
18000 9 
18000 10 
18000 11 5 12 
18000 12 
18000 13 12 
18000 14 18 
18000 15 43 
18000 16 32 
18000 17 18 
18000 18 1 6 
18000 19 1 6 
18000 20 1 6 
18000 21 18 
18000 22 18 
18000 23 1 6 7 
18000 24 1 6 7 
18000 25 1 6 7 
18000 26 1 6 
18000 27 1 6 7 
18000 28 1 6 7 
18000 29 1 6 7 
18000 30 1 6 7 
18000 31 1 6 
18000 32 1 6 
18000 33 1 6 
18000 34 1 6 7 
18000 35 1 6 
18000 36 18 
18000 37 1 6 
18000 38 32 
18000 39 1 6 7 
18000 40 1 6 
18000 41 1 6 
18000 42 1 6 
18000 43 19 
18000 44 1 6 7 
18000 45 18 
18000 46 1 6 7 
18000 47 18 
18000 48 1 6 7 
18000 49 1 6 
18000 50 1 6 
18000 51 18 
18000 52 1 6 
18000 53 1 6 
18000 54 1 6 7 
18000 55 18 
18000 56 1 6 
18000 57 1 6 7 
18000 58 18 
18000 59 18 
18000 60 18 
18000 61 1 6 7 
18000 62 63 
18000 63 2 
18000 64 2 
18000 65 2 
18000 66 2 
18000 67 2 
18000 68 2 
18000 69 2 
18000 70 67 
18000 71 2 8 
18000 72 2 8 
18000 73 2 
18000 74 66 
18000 75 2 
18000 76 2 
18000 77 63 
18000 78 2 
18000 79 2 
18000 80 2 
18000 81 2 
18000 82 2 
18000 83 2 
18000 84 2 8 
18000 85 2 
18000 86 63 
18000 87 2 
18000 88 2 
18000 89 2 
18000 90 2 
18000 91 2 
18000 92 2 
18000 93 2 
18000 94 2 8 
18000 95 3 9 
18000 96 3 9 
18000 97 95 
18000 98 95 
18000 99 3 9 
18000 100 3 9 
18000 101 108 
18000 102 3 9 
18000 103 3 9 
18000 104 3 9 
18000 105 119 
18000 106 100 
18000 107 100 
18000 108 3 9 
18000 109 105 
18000 110 95 
18000 111 3 9 
18000 112 3 9 
18000 113 108 
18000 114 3 9 
18000 115 3 9 
18000 116 3 9 
18000 117 105 
18000 118 3 9 
18000 119 3 9 
18000 120 96 
18000 121 100 
18000 122 3 9 
18000 123 3 9 
18000 124 3 9 
18000 125 134 
18000 126 4 10 
18000 127 139 
18000 128 4 10 
18000 129 4 10 
18000 130 134 
18000 131 4 10 
18000 132 139 
18000 133 4 10 
18000 134 4 10 
18000 135 4 10 
18000 136 4 10 
18000 137 4 10 
18000 138 4 10 
18000 139 4 10 
18000 140 139 
18000 141 4 10 
18000 142 4 10 
18000 143 4 10 
18000 144 4 10 
18000 145 152 
18000 146 149 
18000 147 4 10 
18000 148 4 10 
18000 149 4 10 
18000 150 4 10 
18000 151 4 10 
18000 152 4 10 
18000 153 139 
18000 154 4 10 
18000 155 4 10 
18000 156 5 11 12 
18000 157 5 11 12 
18000 158 5 11 12 
18000 159 5 11 12 
18000 160 5 11 12 
18000 161 5 11 12 
18000 162 5 11 12 
18000 163 5 11 12 
18000 164 5 11 12 
18000 165 5 11 12 
18000 166 5 11 12 
18000 167 5 11 12 
18000 168 5 11 12 
18000 169 5 11 12 
18000 170 5 11 12 
18000 171 5 11 12 
18000 172 5 11 12 
18000 173 5 11 12 
18000 174 5 11 12 
18000 175 5 11 12 
18000 176 5 11 12 
18000 177 5 11 12 13 
18000 178 5 11 12 
18000 179 5 11 12 
18000 180 5 11 12 13 
18000 181 5 11 12 
18000 182 5 11 12 
18000 183 5 11 12 
18000 184 5 11 12 
18000 185 5 11 12 
18000 186 0 1 3 4 
18000 187 0 2 
18000 188 0 1 5 
18000 189 0 3 
18000 190 0 2 5 
18000 191 0 3 4 
18000 192 0 2 5 
18000 193 0 1 4 
18000 194 0 1 2 4 
18000 195 0 3 5 
18000 196 0 1 2 
18000 197 0 3 5 
18000 198 0 1 4 
18000 199 0 3 
18000 200 0 2 5 
18000 201 0 1 5 
18000 202 0 2 4 
18000 203 0 3 
18000 204 0 3 
18000 205 0 1 2 5 
18000 206 0 3 4 
18000 207 0 1 4 5 
18000 208 0 1 2 5 
18000 209 0 2 3 4 
18000 210 0 1 2 3 
18000 211 0 4 
18000 212 0 4 5 
18000 213 0 2 
18000 214 0 3 5 
18000 215 0 1 
19800 0 186 187 188 189 190 191 192 193 194 195 196 197 198 199 200 201 202 203 204 205 206 207 208 209 210 211 212 213 214 215 
19800 1 0 2 3 4 5 6 186 188 193 194 196 198 201 205 207 208 210 215 
19800 2 0 1 3 4 5 187 190 192 194 196 200 202 205 208 209 210 213 
19800 3 0 1 2 4 5 9 186 189 191 195 197 199 203 204 206 209 210 214 
19800 4 0 186 191 193 194 198 202 206 207 209 211 212 
19800 5 0 1 2 3 4 11 12 188 190 192 195 197 200 201 205 207 208 212 214 
19800 6 1 
19800 7 1 6 
19800 8 2 
19800 9 
19800 10 
19800 11 5 12 
19800 12 
19800 13 12 
19800 14 19 
19800 15 
19800 16 32 
19800 17 25 
19800 18 24 
19800 19 1 6 
19800 20 1 6 
19800 21 24 
19800 22 24 
19800 23 1 6 7 
19800 24 1 6 7 
19800 25 1 6 7 
19800 26 1 6 
19800 27 1 6 7 
19800 28 1 6 7 
19800 29 1 6 7 
19800 30 1 6 7 
19800 31 1 6 
19800 32 1 6 
19800 33 1 6 
19800 34 1 6 7 
19800 35 1 6 
19800 36 24 
19800 37 1 6 
19800 38 19 
19800 39 1 6 7 
19800 40 1 6 
19800 41 1 6 
19800 42 1 6 
19800 43 1 6 
19800 44 1 6 7 
19800 45 24 
19800 46 1 6 7 
19800 47 24 
19800 48 1 6 7 
19800 49 1 6 
19800 50 1 6 
19800 51 61 
19800 52 1 6 
19800 53 1 6 
19800 54 1 6 7 
19800 55 24 
19800 56 1 6 
19800 57 1 6 7 
19800 58 23 
19800 59 24 
19800 60 24 
19800 61 1 6 7 
19800 62 63 
19800 63 2 
19800 64 2 
19800 65 2 
19800 66 2 
19800 67 2 
19800 68 2 
19800 69 2 
19800 70 72 
19800 71 2 8 
19800 72 2 8 
19800 73 2 
19800 74 64 
19800 75 2 
19800 76 2 
19800 77 63 
19800 78 2 
19800 79 2 
19800 80 2 
19800 81 2 
19800 82 2 
19800 83 2 
19800 84 2 8 
19800 85 2 
19800 86 63 
19800 87 2 
19800 88 2 
19800 89 2 
19800 90 2 
19800 91 2 
19800 92 2 
19800 93 2 
19800 94 2 8 
19800 95 3 9 
19800 96 3 9 
19800 97 96 
19800 98 3 9 
19800 99 3 9 
19800 100 3 9 
19800 101 98 
19800 102 3 9 
19800 103 3 9 
19800 104 3 9 
19800 105 95 
19800 106 98 
19800 107 98 
19800 108 3 9 
19800 109 105 
19800 110 95 
19800 111 3 9 
19800 112 3 9 
19800 113 95 
19800 114 3 9 
19800 115 3 9 
19800 116 3 9 
19800 117 95 
19800 118 3 9 
19800 119 3 9 
19800 120 96 
19800 121 100 
19800 122 3 9 
19800 123 3 9 
19800 124 3 9 
19800 125 134 
19800 126 4 10 
19800 127 136 
19800 128 4 10 
19800 129 4 10 
19800 130 4 10 
19800 131 4 10 
19800 132 136 
19800 133 4 10 
19800 134 4 10 
19800 135 4 10 
19800 136 4 10 
19800 137 4 10 
19800 138 4 10 
19800 139 4 10 
19800 140 136 
19800 141 4 10 
19800 142 4 10 
19800 143 4 10 
19800 144 4 10 
19800 145 152 
19800 146 151 
19800 147 4 10 
19800 148 4 10 
19800 149 4 10 
19800 150 4 10 
19800 151 4 10 
19800 152 4 10 
19800 153 137 
19800 154 4 10 
19800 155 4 10 
19800 156 5 11 12 
19800 157 5 11 12 
19800 158 5 11 12 
19800 159 5 11 12 
19800 160 5 11 12 
19800 161 5 11 12 
19800 162 5 11 12 
19800 163 5 11 12 
19800 164 5 11 12 
19800 165 5 11 12 
19800 166 5 11 12 
19800 167 5 11 12 
19800 168 5 11 12 
19800 169 5 11 12 
19800 170 5 11 12 
19800 171 5 11 12 
19800 172 5 11 12 
19800 173 5 11 12 
19800 174 5 11 12 
19800 175 5 11 12 
19800 176 5 11 12 
19800 177 5 11 12 13 
19800 178 5 11 12 
19800 179 5 11 12 
19800 180 5 11 12 13 
19800 181 5 11 12 
19800 182 5 11 12 
19800 183 5 11 12 
19800 184 5 11 12 
19800 185 5 11 12 
19800 186 0 1 3 4 
19800 187 0 2 
19800 188 0 1 5 
19800 189 0 3 
19800 190 0 2 5 
19800 191 0 3 4 
19800 192 0 2 5 
19800 193 0 1 4 
19800 194 0 1 2 4 
19800 195 0 3 5 
19800 196 0 1 2 
19800 197 0 3 5 
19800 198 0 1 4 
19800 199 0 3 
19800 200 0 2 5 
19800 201 0 1 5 
19800 202 0 2 4 
19800 203 0 3 
19800 204 0 3 
19800 205 0 1 2 5 
19800 206 0 3 4 
19800 207 0 1 4 5 
19800 208 0 1 2 5 
19800 209 0 2 3 4 
19800 210 0 1 2 3 
19800 211 0 4 
19800 212 0 4 5 
19800 213 0 2 
19800 214 0 3 5 
19800 215 0 1 
