0 21600
0 0 4 5 186 187 188 189 190 191 192 193 194 195 196 197 198 199 200 201 202 203 204 205 206 207 208 209 210 211 212 213 214 215 
0 1 57 61 
0 2 62 63 
0 3 123 124 
0 4 0 126 186 191 193 194 198 202 206 207 209 211 212 
0 5 0 185 188 190 192 195 197 200 201 205 207 208 212 214 
0 6 57 61 
0 7 57 61 
0 8 62 63 
0 9 95 124 
0 10 126 155 
0 11 184 185 
0 12 184 185 
0 13 184 185 
0 14 57 61 
0 15 25 
0 16 19 44 
0 17 45 47 
0 18 31 53 
0 19 16 61 
0 20 57 61 
0 21 45 47 
0 22 31 53 
0 23 56 57 
0 24 56 57 
0 25 15 61 
0 26 56 57 
0 27 60 61 
0 28 58 61 
0 29 58 61 
0 30 58 61 
0 31 18 22 
0 32 58 61 
0 33 59 60 
0 34 58 61 
0 35 56 57 
0 36 55 60 
0 37 58 61 
0 38 58 61 
0 39 59 60 
0 40 57 61 
0 41 58 61 
0 42 58 61 
0 43 44 48 
0 44 16 43 
0 45 17 21 
0 46 58 61 
0 47 17 21 
0 48 43 57 
0 49 58 61 
0 50 58 61 
0 51 58 
0 52 56 57 
0 53 18 22 
0 54 56 57 
0 55 36 60 
0 56 23 24 26 35 52 54 
0 57 1 6 7 14 20 23 24 26 35 40 48 52 54 
0 58 28 29 30 32 34 37 38 41 42 46 49 50 51 
0 59 33 39 
0 60 27 33 36 39 55 
0 61 1 6 7 14 19 20 25 27 28 29 30 32 34 37 38 40 41 42 46 49 50 
0 62 2 8 
0 63 2 8 
0 64 72 94 
0 65 91 93 
0 66 72 94 
0 67 72 94 
0 68 72 94 
0 69 72 93 
0 70 82 83 
0 71 72 91 
0 72 64 66 67 68 69 71 
0 73 91 93 
0 74 76 94 
0 75 93 94 
0 76 74 91 
0 77 91 92 
0 78 92 94 
0 79 93 94 
0 80 91 93 
0 81 90 93 
0 82 70 91 
0 83 70 93 
0 84 86 92 
0 85 93 94 
0 86 84 92 
0 87 93 94 
0 88 93 94 
0 89 93 94 
0 90 81 94 
0 91 65 71 73 76 77 80 82 
0 92 77 78 84 86 
0 93 65 69 73 75 79 80 81 83 85 87 88 89 
0 94 64 66 67 68 74 75 78 79 85 87 88 89 90 
0 95 9 124 
0 96 123 124 
0 97 123 124 
0 98 118 123 
0 99 123 124 
0 100 121 124 
0 101 106 108 
0 102 123 124 
0 103 123 124 
0 104 123 124 
0 105 109 110 
0 106 101 107 
0 107 106 108 
0 108 101 107 
0 109 105 113 
0 110 105 119 
0 111 123 124 
0 112 123 124 
0 113 109 117 
0 114 123 124 
0 115 123 124 
0 116 121 124 
0 117 113 119 
0 118 98 124 
0 119 110 117 120 
0 120 119 124 
0 121 100 116 
0 122 123 124 
0 123 3 96 97 98 99 102 103 104 111 112 114 115 122 
0 124 3 9 95 96 97 99 100 102 103 104 111 112 114 115 116 118 120 122 
0 125 126 151 
0 126 4 10 125 
0 127 140 143 
0 128 138 155 
0 129 138 155 
0 130 138 155 
0 131 138 155 
0 132 140 143 
0 133 138 155 
0 134 138 155 
0 135 138 155 
0 136 138 155 
0 137 138 155 
0 138 128 129 130 131 133 134 135 136 137 
0 139 154 155 
0 140 127 132 
0 141 154 155 
0 142 154 155 
0 143 127 132 146 
0 144 153 155 
0 145 151 152 
0 146 143 149 
0 147 152 155 
0 148 152 155 
0 149 146 155 
0 150 152 155 
0 151 125 145 
0 152 145 147 148 150 
0 153 144 154 
0 154 139 141 142 153 
0 155 10 128 129 130 131 133 134 135 136 137 139 141 142 144 147 148 149 150 
0 156 158 165 
0 157 184 185 
0 158 156 185 
0 159 183 185 
0 160 184 185 
0 161 183 185 
0 162 184 185 
0 163 165 185 
0 164 184 185 
0 165 156 163 
0 166 184 185 
0 167 182 183 
0 168 184 185 
0 169 181 184 
0 170 184 185 
0 171 184 185 
0 172 184 185 
0 173 184 185 
0 174 184 185 
0 175 184 185 
0 176 184 185 
0 177 184 185 
0 178 183 185 
0 179 184 185 
0 180 184 185 
0 181 169 185 
0 182 167 185 
0 183 159 161 167 178 
0 184 11 12 13 157 160 162 164 166 168 169 170 171 172 173 174 175 176 177 179 180 
0 185 5 11 12 13 157 158 159 160 161 162 163 164 166 168 170 171 172 173 174 175 176 177 178 179 180 181 182 
0 186 0 4 
0 187 0 
0 188 0 5 
0 189 0 
0 190 0 5 
0 191 0 4 
0 192 0 5 
0 193 0 4 
0 194 0 4 
0 195 0 5 
0 196 0 
0 197 0 5 
0 198 0 4 
0 199 0 
0 200 0 5 
0 201 0 5 
0 202 0 4 
0 203 0 
0 204 0 
0 205 0 5 
0 206 0 4 
0 207 0 4 5 
0 208 0 5 
0 209 0 4 
0 210 0 
0 211 0 4 
0 212 0 4 5 
0 213 0 
0 214 0 5 
0 215 0 
1800 0 4 5 186 187 188 189 190 191 192 193 194 195 196 197 198 199 200 201 202 203 204 205 206 207 208 209 210 211 212 213 214 215 
1800 1 57 61 
1800 2 63 89 
1800 3 123 124 
1800 4 0 127 186 191 193 194 198 202 206 207 209 211 212 
1800 5 0 185 188 190 192 195 197 200 201 205 207 208 212 214 
1800 6 57 61 
1800 7 57 61 
1800 8 63 91 
1800 9 95 124 
1800 10 126 127 
1800 11 184 185 
1800 12 184 185 
1800 13 184 185 
1800 14 57 61 
1800 15 30 
1800 16 43 44 
1800 17 45 47 
1800 18 31 53 
1800 19 57 61 
1800 20 57 61 
1800 21 30 47 
1800 22 30 31 
1800 23 56 57 
1800 24 56 57 
1800 25 57 61 
1800 26 58 61 
1800 27 58 61 
1800 28 60 61 
1800 29 58 61 
1800 30 15 21 22 
1800 31 18 22 
1800 32 57 61 
1800 33 59 60 
1800 34 58 61 
1800 35 56 57 
1800 36 55 59 
1800 37 58 61 
1800 38 43 61 
1800 39 59 60 
1800 40 57 61 
1800 41 58 61 
1800 42 58 61 
1800 43 16 38 
1800 44 16 57 
1800 45 17 53 
1800 46 58 61 
1800 47 17 21 
1800 48 56 57 
1800 49 58 61 
1800 50 58 61 
1800 51 58 
1800 52 56 57 
1800 53 18 45 
1800 54 56 57 
1800 55 36 59 
1800 56 23 24 35 48 52 54 
1800 57 1 6 7 14 19 20 23 24 25 32 35 40 44 48 52 54 
1800 58 26 27 29 34 37 41 42 46 49 50 51 
1800 59 33 36 39 55 
1800 60 28 33 39 
1800 61 1 6 7 14 19 20 25 26 27 28 29 32 34 37 38 40 41 42 46 49 50 
1800 62 77 86 
1800 63 2 8 
1800 64 72 91 
1800 65 91 93 
1800 66 72 94 
1800 67 72 94 
1800 68 72 91 
1800 69 72 93 
1800 70 77 92 
1800 71 72 91 
1800 72 64 66 67 68 69 71 
1800 73 91 93 
1800 74 76 94 
1800 75 93 94 
1800 76 74 91 
1800 77 62 70 
1800 78 92 94 
1800 79 93 94 
1800 80 91 93 
1800 81 90 93 
1800 82 91 93 
1800 83 92 93 
1800 84 91 92 
1800 85 91 94 
1800 86 62 92 
1800 87 91 94 
1800 88 93 94 
1800 89 2 91 
1800 90 81 91 
1800 91 8 64 65 68 71 73 76 80 82 84 85 87 89 90 
1800 92 70 78 83 84 86 
1800 93 65 69 73 75 79 80 81 82 83 88 
1800 94 66 67 74 75 78 79 85 87 88 
1800 95 9 124 
1800 96 120 124 
1800 97 111 120 
1800 98 101 108 
1800 99 123 124 
1800 100 122 123 
1800 101 98 110 
1800 102 123 124 
1800 103 123 124 
1800 104 123 124 
1800 105 109 110 
1800 106 107 108 
1800 107 106 108 
1800 108 98 106 107 
1800 109 105 122 
1800 110 101 105 
1800 111 97 124 
1800 112 123 124 
1800 113 117 122 
1800 114 123 124 
1800 115 123 124 
1800 116 122 123 
1800 117 113 121 
1800 118 123 124 
1800 119 123 124 
1800 120 96 97 
1800 121 117 122 
1800 122 100 109 113 116 121 
1800 123 3 99 100 102 103 104 112 114 115 116 118 119 
1800 124 3 9 95 96 99 102 103 104 111 112 114 115 118 119 
1800 125 126 138 
1800 126 10 125 
1800 127 4 10 
1800 128 138 155 
1800 129 138 155 
1800 130 148 155 
1800 131 138 155 
1800 132 140 146 
1800 133 138 155 
1800 134 138 155 
1800 135 138 155 
1800 136 138 155 
1800 137 138 155 
1800 138 125 128 129 131 133 134 135 136 137 
1800 139 154 155 
1800 140 132 155 
1800 141 154 155 
1800 142 154 155 
1800 143 154 155 
1800 144 153 155 
1800 145 151 152 
1800 146 132 149 
1800 147 152 155 
1800 148 130 155 
1800 149 146 155 
1800 150 152 155 
1800 151 145 155 
1800 152 145 147 150 
1800 153 144 154 
1800 154 139 141 142 143 153 
1800 155 128 129 130 131 133 134 135 136 137 139 140 141 142 143 144 147 148 149 150 151 
1800 156 183 185 
1800 157 184 185 
1800 158 184 185 
1800 159 183 185 
1800 160 184 185 
1800 161 183 185 
1800 162 184 185 
1800 163 183 185 
1800 164 184 185 
1800 165 184 185 
1800 166 184 185 
1800 167 182 183 
1800 168 184 185 
1800 169 181 184 
1800 170 184 185 
1800 171 184 185 
1800 172 184 185 
1800 173 184 185 
1800 174 184 185 
1800 175 184 185 
1800 176 184 185 
1800 177 184 185 
1800 178 183 185 
1800 179 181 184 
1800 180 184 185 
1800 181 169 179 
1800 182 167 185 
1800 183 156 159 161 163 167 178 
1800 184 11 12 13 157 158 160 162 164 165 166 168 169 170 171 172 173 174 175 176 177 179 180 
1800 185 5 11 12 13 156 157 158 159 160 161 162 163 164 165 166 168 170 171 172 173 174 175 176 177 178 180 182 
1800 186 0 4 
1800 187 0 
1800 188 0 5 
1800 189 0 
1800 190 0 5 
1800 191 0 4 
1800 192 0 5 
1800 193 0 4 
1800 194 0 4 
1800 195 0 5 
1800 196 0 
1800 197 0 5 
1800 198 0 4 
1800 199 0 
1800 200 0 5 
1800 201 0 5 
1800 202 0 4 
1800 203 0 
1800 204 0 
1800 205 0 5 
1800 206 0 4 
1800 207 0 4 5 
1800 208 0 5 
1800 209 0 4 
1800 210 0 
1800 211 0 4 
1800 212 0 4 5 
1800 213 0 
1800 214 0 5 
1800 215 0 
3600 0 4 5 186 187 188 189 190 191 192 193 194 195 196 197 198 199 200 201 202 203 204 205 206 207 208 209 210 211 212 213 214 215 
3600 1 57 61 
3600 2 63 89 
3600 3 123 124 
3600 4 0 126 186 191 193 194 198 202 206 207 209 211 212 
3600 5 0 185 188 190 192 195 197 200 201 205 207 208 212 214 
3600 6 57 61 
3600 7 57 61 
3600 8 63 91 
3600 9 95 124 
3600 10 126 155 
3600 11 184 185 
3600 12 184 185 
3600 13 184 185 
3600 14 57 61 
3600 15 45 53 
3600 16 27 44 
3600 17 45 60 
3600 18 31 53 
3600 19 57 61 
3600 20 57 61 
3600 21 53 60 
3600 22 31 53 
3600 23 56 57 
3600 24 57 61 
3600 25 57 61 
3600 26 56 57 
3600 27 16 61 
3600 28 58 61 
3600 29 58 61 
3600 30 56 57 
3600 31 18 22 
3600 32 57 61 
3600 33 59 60 
3600 34 58 61 
3600 35 55 56 
3600 36 59 60 
3600 37 60 61 
3600 38 58 61 
3600 39 59 60 
3600 40 57 61 
3600 41 58 61 
3600 42 59 60 
3600 43 44 57 
3600 44 16 43 
3600 45 15 17 
3600 46 58 61 
3600 47 53 60 
3600 48 56 57 
3600 49 58 61 
3600 50 58 61 
3600 51 58 
3600 52 56 57 
3600 53 15 18 21 22 47 
3600 54 56 57 
3600 55 35 60 
3600 56 23 26 30 35 48 52 54 
3600 57 1 6 7 14 19 20 23 24 25 26 30 32 40 43 48 52 54 
3600 58 28 29 34 38 41 46 49 50 51 
3600 59 33 36 39 42 
3600 60 17 21 33 36 37 39 42 47 55 
3600 61 1 6 7 14 19 20 24 25 27 28 29 32 34 37 38 40 41 46 49 50 
3600 62 63 77 
3600 63 2 8 62 
3600 64 72 91 
3600 65 91 93 
3600 66 72 94 
3600 67 72 94 
3600 68 72 91 
3600 69 72 93 
3600 70 73 77 
3600 71 72 91 
3600 72 64 66 67 68 69 71 
3600 73 70 91 
3600 74 76 94 
3600 75 93 94 
3600 76 74 91 
3600 77 62 70 
3600 78 92 94 
3600 79 93 94 
3600 80 91 94 
3600 81 90 93 
3600 82 91 93 
3600 83 90 93 
3600 84 86 92 
3600 85 91 94 
3600 86 84 92 
3600 87 91 94 
3600 88 93 94 
3600 89 2 91 
3600 90 81 83 
3600 91 8 64 65 68 71 73 76 80 82 85 87 89 
3600 92 78 84 86 
3600 93 65 69 75 79 81 82 83 88 
3600 94 66 67 74 75 78 79 80 85 87 88 
3600 95 9 124 
3600 96 120 124 
3600 97 111 120 
3600 98 107 108 
3600 99 123 124 
3600 100 121 122 
3600 101 106 118 
3600 102 123 124 
3600 103 123 124 
3600 104 123 124 
3600 105 110 117 
3600 106 101 118 
3600 107 98 108 
3600 108 98 107 
3600 109 113 117 
3600 110 105 119 
3600 111 97 124 
3600 112 123 124 
3600 113 109 117 
3600 114 123 124 
3600 115 123 124 
3600 116 121 122 
3600 117 105 109 113 
3600 118 101 106 
3600 119 110 124 
3600 120 96 97 
3600 121 100 116 
3600 122 100 116 
3600 123 3 99 102 103 104 112 114 115 
3600 124 3 9 95 96 99 102 103 104 111 112 114 115 119 
3600 125 126 151 
3600 126 4 10 125 
3600 127 140 143 
3600 128 138 155 
3600 129 138 155 
3600 130 138 155 
3600 131 138 155 
3600 132 139 140 
3600 133 138 155 
3600 134 138 155 
3600 135 138 155 
3600 136 138 155 
3600 137 138 155 
3600 138 128 129 130 131 133 134 135 136 137 
3600 139 132 155 
3600 140 127 132 
3600 141 154 155 
3600 142 154 155 
3600 143 127 155 
3600 144 153 155 
3600 145 151 152 
3600 146 154 155 
3600 147 152 155 
3600 148 152 155 
3600 149 154 155 
3600 150 152 155 
3600 151 125 145 
3600 152 145 147 148 150 
3600 153 144 154 
3600 154 141 142 146 149 153 
3600 155 10 128 129 130 131 133 134 135 136 137 139 141 142 143 144 146 147 148 149 150 
3600 156 158 165 
3600 157 184 185 
3600 158 156 185 
3600 159 183 185 
3600 160 184 185 
3600 161 183 185 
3600 162 184 185 
3600 163 183 185 
3600 164 184 185 
3600 165 156 185 
3600 166 184 185 
3600 167 182 183 
3600 168 184 185 
3600 169 181 184 
3600 170 184 185 
3600 171 184 185 
3600 172 184 185 
3600 173 184 185 
3600 174 184 185 
3600 175 184 185 
3600 176 184 185 
3600 177 184 185 
3600 178 183 185 
3600 179 181 184 
3600 180 184 185 
3600 181 169 179 
3600 182 167 185 
3600 183 159 161 163 167 178 
3600 184 11 12 13 157 160 162 164 166 168 169 170 171 172 173 174 175 176 177 179 180 
3600 185 5 11 12 13 157 158 159 160 161 162 163 164 165 166 168 170 171 172 173 174 175 176 177 178 180 182 
3600 186 0 4 
3600 187 0 
3600 188 0 5 
3600 189 0 
3600 190 0 5 
3600 191 0 4 
3600 192 0 5 
3600 193 0 4 
3600 194 0 4 
3600 195 0 5 
3600 196 0 
3600 197 0 5 
3600 198 0 4 
3600 199 0 
3600 200 0 5 
3600 201 0 5 
3600 202 0 4 
3600 203 0 
3600 204 0 
3600 205 0 5 
3600 206 0 4 
3600 207 0 4 5 
3600 208 0 5 
3600 209 0 4 
3600 210 0 
3600 211 0 4 
3600 212 0 4 5 
3600 213 0 
3600 214 0 5 
3600 215 0 
5400 0 4 5 186 187 188 189 190 191 192 193 194 195 196 197 198 199 200 201 202 203 204 205 206 207 208 209 210 211 212 213 214 215 
5400 1 57 61 
5400 2 63 89 
5400 3 123 124 
5400 4 0 126 186 191 193 194 198 202 206 207 209 211 212 
5400 5 0 185 188 190 192 195 197 200 201 205 207 208 212 214 
5400 6 57 61 
5400 7 57 61 
5400 8 63 94 
5400 9 95 124 
5400 10 126 155 
5400 11 184 185 
5400 12 184 185 
5400 13 184 185 
5400 14 57 61 
5400 15 23 43 
5400 16 44 61 
5400 17 45 47 
5400 18 31 53 
5400 19 58 61 
5400 20 57 61 
5400 21 45 47 
5400 22 51 60 
5400 23 15 60 
5400 24 56 57 
5400 25 57 61 
5400 26 56 57 
5400 27 58 61 
5400 28 58 61 
5400 29 58 61 
5400 30 56 57 
5400 31 18 57 
5400 32 57 61 
5400 33 59 60 
5400 34 58 61 
5400 35 56 57 
5400 36 59 60 
5400 37 58 61 
5400 38 58 61 
5400 39 59 60 
5400 40 57 61 
5400 41 58 61 
5400 42 58 61 
5400 43 15 44 
5400 44 16 43 
5400 45 17 21 
5400 46 58 61 
5400 47 17 21 
5400 48 56 57 
5400 49 58 61 
5400 50 58 61 
5400 51 22 58 
5400 52 56 57 
5400 53 18 60 
5400 54 56 57 
5400 55 59 60 
5400 56 24 26 30 35 48 52 54 
5400 57 1 6 7 14 20 24 25 26 30 31 32 35 40 48 52 54 
5400 58 19 27 28 29 34 37 38 41 42 46 49 50 51 
5400 59 33 36 39 55 
5400 60 22 23 33 36 39 53 55 
5400 61 1 6 7 14 16 19 20 25 27 28 29 32 34 37 38 40 41 42 46 49 50 
5400 62 63 86 
5400 63 2 8 62 
5400 64 72 94 
5400 65 91 93 
5400 66 72 94 
5400 67 72 94 
5400 68 72 94 
5400 69 72 93 
5400 70 82 83 
5400 71 72 91 
5400 72 64 66 67 68 69 71 
5400 73 91 94 
5400 74 76 94 
5400 75 93 94 
5400 76 74 91 
5400 77 91 92 
5400 78 92 94 
5400 79 93 94 
5400 80 91 94 
5400 81 90 93 
5400 82 70 91 
5400 83 70 93 
5400 84 91 92 
5400 85 93 94 
5400 86 62 92 
5400 87 92 94 
5400 88 93 94 
5400 89 2 94 
5400 90 81 94 
5400 91 65 71 73 76 77 80 82 84 
5400 92 77 78 84 86 87 
5400 93 65 69 75 79 81 83 85 88 
5400 94 8 64 66 67 68 73 74 75 78 79 80 85 87 88 89 90 
5400 95 9 124 
5400 96 120 122 
5400 97 111 120 
5400 98 123 124 
5400 99 122 124 
5400 100 121 122 
5400 101 110 124 
5400 102 123 124 
5400 103 123 124 
5400 104 123 124 
5400 105 109 110 
5400 106 123 124 
5400 107 123 124 
5400 108 123 124 
5400 109 105 113 
5400 110 101 105 
5400 111 97 124 
5400 112 123 124 
5400 113 109 117 
5400 114 123 124 
5400 115 123 124 
5400 116 121 122 
5400 117 113 122 
5400 118 122 124 
5400 119 122 124 
5400 120 96 97 
5400 121 100 116 
5400 122 96 99 100 116 117 118 119 
5400 123 3 98 102 103 104 106 107 108 112 114 115 
5400 124 3 9 95 98 99 101 102 103 104 106 107 108 111 112 114 115 118 119 
5400 125 126 127 
5400 126 4 10 125 
5400 127 125 154 
5400 128 138 155 
5400 129 138 155 
5400 130 138 155 
5400 131 138 155 
5400 132 140 141 
5400 133 138 155 
5400 134 138 155 
5400 135 152 155 
5400 136 143 154 
5400 137 138 155 
5400 138 128 129 130 131 133 134 137 
5400 139 154 155 
5400 140 132 141 
5400 141 132 140 
5400 142 154 155 
5400 143 136 155 
5400 144 154 155 
5400 145 151 152 
5400 146 154 155 
5400 147 152 155 
5400 148 152 155 
5400 149 154 155 
5400 150 152 155 
5400 151 145 155 
5400 152 135 145 147 148 150 
5400 153 154 155 
5400 154 127 136 139 142 144 146 149 153 
5400 155 10 128 129 130 131 133 134 135 137 139 142 143 144 146 147 148 149 150 151 153 
5400 156 158 181 
5400 157 184 185 
5400 158 156 185 
5400 159 183 185 
5400 160 184 185 
5400 161 183 185 
5400 162 184 185 
5400 163 183 185 
5400 164 184 185 
5400 165 184 185 
5400 166 184 185 
5400 167 182 183 
5400 168 184 185 
5400 169 181 184 
5400 170 184 185 
5400 171 184 185 
5400 172 184 185 
5400 173 184 185 
5400 174 184 185 
5400 175 184 185 
5400 176 184 185 
5400 177 184 185 
5400 178 183 185 
5400 179 181 184 
5400 180 184 185 
5400 181 156 169 179 
5400 182 167 185 
5400 183 159 161 163 167 178 
5400 184 11 12 13 157 160 162 164 165 166 168 169 170 171 172 173 174 175 176 177 179 180 
5400 185 5 11 12 13 157 158 159 160 161 162 163 164 165 166 168 170 171 172 173 174 175 176 177 178 180 182 
5400 186 0 4 
5400 187 0 
5400 188 0 5 
5400 189 0 
5400 190 0 5 
5400 191 0 4 
5400 192 0 5 
5400 193 0 4 
5400 194 0 4 
5400 195 0 5 
5400 196 0 
5400 197 0 5 
5400 198 0 4 
5400 199 0 
5400 200 0 5 
5400 201 0 5 
5400 202 0 4 
5400 203 0 
5400 204 0 
5400 205 0 5 
5400 206 0 4 
5400 207 0 4 5 
5400 208 0 5 
5400 209 0 4 
5400 210 0 
5400 211 0 4 
5400 212 0 4 5 
5400 213 0 
5400 214 0 5 
5400 215 0 
7200 0 4 5 186 187 188 189 190 191 192 193 194 195 196 197 198 199 200 201 202 203 204 205 206 207 208 209 210 211 212 213 214 215 
7200 1 57 61 
7200 2 63 89 
7200 3 123 124 
7200 4 0 126 186 191 193 194 198 202 206 207 209 211 212 
7200 5 0 185 188 190 192 195 197 200 201 205 207 208 212 214 
7200 6 57 61 
7200 7 57 61 
7200 8 63 94 
7200 9 95 124 
7200 10 126 155 
7200 11 184 185 
7200 12 184 185 
7200 13 184 185 
7200 14 57 61 
7200 15 17 21 
7200 16 43 44 
7200 17 15 45 
7200 18 31 60 
7200 19 57 61 
7200 20 57 61 
7200 21 15 45 
7200 22 31 53 
7200 23 56 57 
7200 24 56 57 
7200 25 57 61 
7200 26 56 57 
7200 27 58 61 
7200 28 58 61 
7200 29 58 61 
7200 30 56 57 
7200 31 18 22 
7200 32 57 61 
7200 33 59 60 
7200 34 58 61 
7200 35 56 57 
7200 36 59 60 
7200 37 58 61 
7200 38 58 61 
7200 39 57 60 
7200 40 57 61 
7200 41 58 61 
7200 42 58 61 
7200 43 16 44 
7200 44 16 43 
7200 45 17 21 
7200 46 58 61 
7200 47 53 60 
7200 48 56 57 
7200 49 58 61 
7200 50 58 61 
7200 51 58 61 
7200 52 56 57 
7200 53 22 47 
7200 54 56 57 
7200 55 59 60 
7200 56 23 24 26 30 35 48 52 54 
7200 57 1 6 7 14 19 20 23 24 25 26 30 32 35 39 40 48 52 54 
7200 58 27 28 29 34 37 38 41 42 46 49 50 51 
7200 59 33 36 55 
7200 60 18 33 36 39 47 55 
7200 61 1 6 7 14 19 20 25 27 28 29 32 34 37 38 40 41 42 46 49 50 51 
7200 62 70 87 
7200 63 2 8 
7200 64 72 94 
7200 65 91 93 
7200 66 72 94 
7200 67 72 94 
7200 68 72 94 
7200 69 72 93 
7200 70 62 87 
7200 71 92 94 
7200 72 64 66 67 68 69 
7200 73 91 93 
7200 74 76 94 
7200 75 93 94 
7200 76 74 91 
7200 77 91 92 
7200 78 92 94 
7200 79 93 94 
7200 80 91 93 
7200 81 90 93 
7200 82 91 93 
7200 83 90 93 
7200 84 86 92 
7200 85 93 94 
7200 86 84 92 
7200 87 62 70 
7200 88 93 94 
7200 89 2 94 
7200 90 81 83 
7200 91 65 73 76 77 80 82 
7200 92 71 77 78 84 86 
7200 93 65 69 73 75 79 80 81 82 83 85 88 
7200 94 8 64 66 67 68 71 74 75 78 79 85 88 89 
7200 95 9 124 
7200 96 123 124 
7200 97 111 120 
7200 98 107 108 
7200 99 123 124 
7200 100 121 122 
7200 101 107 108 
7200 102 120 124 
7200 103 123 124 
7200 104 123 124 
7200 105 110 117 
7200 106 108 119 
7200 107 98 101 
7200 108 98 101 106 
7200 109 113 117 
7200 110 105 119 
7200 111 97 124 
7200 112 123 124 
7200 113 109 117 
7200 114 123 124 
7200 115 123 124 
7200 116 123 124 
7200 117 105 109 113 
7200 118 123 124 
7200 119 106 110 121 
7200 120 97 102 
7200 121 100 119 
7200 122 100 124 
7200 123 3 96 99 103 104 112 114 115 116 118 
7200 124 3 9 95 96 99 102 103 104 111 112 114 115 116 118 122 
7200 125 126 151 
7200 126 4 10 125 
7200 127 140 143 
7200 128 138 155 
7200 129 138 155 
7200 130 138 155 
7200 131 138 155 
7200 132 135 140 
7200 133 138 155 
7200 134 138 155 
7200 135 132 153 
7200 136 138 155 
7200 137 138 155 
7200 138 128 129 130 131 133 134 136 137 
7200 139 154 155 
7200 140 127 132 
7200 141 154 155 
7200 142 154 155 
7200 143 127 155 
7200 144 154 155 
7200 145 149 151 
7200 146 149 151 
7200 147 152 155 
7200 148 152 155 
7200 149 145 146 
7200 150 152 155 
7200 151 125 145 146 
7200 152 147 148 150 
7200 153 135 154 
7200 154 139 141 142 144 153 
7200 155 10 128 129 130 131 133 134 136 137 139 141 142 143 144 147 148 150 
7200 156 158 165 
7200 157 184 185 
7200 158 156 185 
7200 159 183 185 
7200 160 184 185 
7200 161 183 185 
7200 162 184 185 
7200 163 165 185 
7200 164 184 185 
7200 165 156 163 
7200 166 184 185 
7200 167 183 184 
7200 168 184 185 
7200 169 181 184 
7200 170 184 185 
7200 171 184 185 
7200 172 184 185 
7200 173 184 185 
7200 174 184 185 
7200 175 184 185 
7200 176 184 185 
7200 177 183 184 
7200 178 183 185 
7200 179 181 184 
7200 180 184 185 
7200 181 169 179 
7200 182 184 185 
7200 183 159 161 167 177 178 
7200 184 11 12 13 157 160 162 164 166 167 168 169 170 171 172 173 174 175 176 177 179 180 182 
7200 185 5 11 12 13 157 158 159 160 161 162 163 164 166 168 170 171 172 173 174 175 176 178 180 182 
7200 186 0 4 
7200 187 0 
7200 188 0 5 
7200 189 0 
7200 190 0 5 
7200 191 0 4 
7200 192 0 5 
7200 193 0 4 
7200 194 0 4 
7200 195 0 5 
7200 196 0 
7200 197 0 5 
7200 198 0 4 
7200 199 0 
7200 200 0 5 
7200 201 0 5 
7200 202 0 4 
7200 203 0 
7200 204 0 
7200 205 0 5 
7200 206 0 4 
7200 207 0 4 5 
7200 208 0 5 
7200 209 0 4 
7200 210 0 
7200 211 0 4 
7200 212 0 4 5 
7200 213 0 
7200 214 0 5 
7200 215 0 
9000 0 4 5 186 187 188 189 190 191 192 193 194 195 196 197 198 199 200 201 202 203 204 205 206 207 208 209 210 211 212 213 214 215 
9000 1 57 61 
9000 2 63 89 
9000 3 123 124 
9000 4 0 126 186 191 193 194 198 202 206 207 209 211 212 
9000 5 0 185 188 190 192 195 197 200 201 205 207 208 212 214 
9000 6 57 61 
9000 7 57 61 
9000 8 63 91 
9000 9 95 124 
9000 10 126 155 
9000 11 184 185 
9000 12 184 185 
9000 13 184 185 
9000 14 57 61 
9000 15 26 
9000 16 44 61 
9000 17 45 47 
9000 18 59 60 
9000 19 54 57 
9000 20 56 57 
9000 21 29 45 
9000 22 31 53 
9000 23 56 57 
9000 24 56 57 
9000 25 57 61 
9000 26 15 57 
9000 27 58 61 
9000 28 58 61 
9000 29 21 58 
9000 30 57 58 
9000 31 22 57 
9000 32 57 61 
9000 33 59 60 
9000 34 57 58 
9000 35 56 57 
9000 36 59 60 
9000 37 58 61 
9000 38 51 58 
9000 39 59 60 
9000 40 57 60 
9000 41 58 61 
9000 42 58 61 
9000 43 56 57 
9000 44 16 57 
9000 45 17 21 
9000 46 58 61 
9000 47 17 53 
9000 48 56 57 
9000 49 58 61 
9000 50 58 61 
9000 51 38 58 
9000 52 56 57 
9000 53 22 47 
9000 54 19 57 
9000 55 59 60 
9000 56 20 23 24 35 43 48 52 
9000 57 1 6 7 14 19 20 23 24 25 26 30 31 32 34 35 40 43 44 48 52 54 
9000 58 27 28 29 30 34 37 38 41 42 46 49 50 51 
9000 59 18 33 36 39 55 
9000 60 18 33 36 39 40 55 
9000 61 1 6 7 14 16 25 27 28 32 37 41 42 46 49 50 
9000 62 63 77 
9000 63 2 8 62 
9000 64 72 91 
9000 65 91 93 
9000 66 72 94 
9000 67 72 91 
9000 68 72 91 
9000 69 72 93 
9000 70 77 92 
9000 71 72 91 
9000 72 64 66 67 68 69 71 
9000 73 91 94 
9000 74 92 94 
9000 75 91 94 
9000 76 91 94 
9000 77 62 70 
9000 78 92 94 
9000 79 93 94 
9000 80 91 93 
9000 81 90 93 
9000 82 91 93 
9000 83 90 93 
9000 84 86 92 
9000 85 91 94 
9000 86 84 92 
9000 87 91 94 
9000 88 91 94 
9000 89 2 91 
9000 90 81 83 
9000 91 8 64 65 67 68 71 73 75 76 80 82 85 87 88 89 
9000 92 70 74 78 84 86 
9000 93 65 69 79 80 81 82 83 
9000 94 66 73 74 75 76 78 79 85 87 88 
9000 95 9 124 
9000 96 123 124 
9000 97 111 120 
9000 98 101 108 
9000 99 123 124 
9000 100 121 122 
9000 101 98 106 
9000 102 120 124 
9000 103 123 124 
9000 104 123 124 
9000 105 110 117 
9000 106 101 107 
9000 107 106 108 
9000 108 98 107 
9000 109 113 117 
9000 110 105 119 
9000 111 97 124 
9000 112 123 124 
9000 113 109 119 
9000 114 123 124 
9000 115 123 124 
9000 116 121 122 
9000 117 105 109 
9000 118 123 124 
9000 119 110 113 
9000 120 97 102 
9000 121 100 116 
9000 122 100 116 
9000 123 3 96 99 103 104 112 114 115 118 
9000 124 3 9 95 96 99 102 103 104 111 112 114 115 118 
9000 125 126 151 
9000 126 4 10 125 
9000 127 140 143 
9000 128 138 155 
9000 129 138 155 
9000 130 148 155 
9000 131 138 155 
9000 132 139 140 
9000 133 138 155 
9000 134 138 155 
9000 135 138 153 
9000 136 138 155 
9000 137 138 155 
9000 138 128 129 131 133 134 135 136 137 
9000 139 132 155 
9000 140 127 132 
9000 141 154 155 
9000 142 154 155 
9000 143 127 155 
9000 144 154 155 
9000 145 151 154 
9000 146 149 154 
9000 147 154 155 
9000 148 130 155 
9000 149 146 155 
9000 150 154 155 
9000 151 125 145 
9000 152 154 155 
9000 153 135 154 
9000 154 141 142 144 145 146 147 150 152 153 
9000 155 10 128 129 130 131 133 134 136 137 139 141 142 143 144 147 148 149 150 152 
9000 156 183 185 
9000 157 184 185 
9000 158 184 185 
9000 159 184 185 
9000 160 184 185 
9000 161 183 185 
9000 162 184 185 
9000 163 183 185 
9000 164 184 185 
9000 165 184 185 
9000 166 184 185 
9000 167 183 185 
9000 168 184 185 
9000 169 184 185 
9000 170 181 184 
9000 171 184 185 
9000 172 184 185 
9000 173 184 185 
9000 174 184 185 
9000 175 184 185 
9000 176 184 185 
9000 177 184 185 
9000 178 183 185 
9000 179 184 185 
9000 180 184 185 
9000 181 170 185 
9000 182 184 185 
9000 183 156 161 163 167 178 
9000 184 11 12 13 157 158 159 160 162 164 165 166 168 169 170 171 172 173 174 175 176 177 179 180 182 
9000 185 5 11 12 13 156 157 158 159 160 161 162 163 164 165 166 167 168 169 171 172 173 174 175 176 177 178 179 180 181 182 
9000 186 0 4 
9000 187 0 
9000 188 0 5 
9000 189 0 
9000 190 0 5 
9000 191 0 4 
9000 192 0 5 
9000 193 0 4 
9000 194 0 4 
9000 195 0 5 
9000 196 0 
9000 197 0 5 
9000 198 0 4 
9000 199 0 
9000 200 0 5 
9000 201 0 5 
9000 202 0 4 
9000 203 0 
9000 204 0 
9000 205 0 5 
9000 206 0 4 
9000 207 0 4 5 
9000 208 0 5 
9000 209 0 4 
9000 210 0 
9000 211 0 4 
9000 212 0 4 5 
9000 213 0 
9000 214 0 5 
9000 215 0 
10800 0 4 5 186 187 188 189 190 191 192 193 194 195 196 197 198 199 200 201 202 203 204 205 206 207 208 209 210 211 212 213 214 215 
10800 1 60 61 
10800 2 63 89 
10800 3 123 124 
10800 4 0 126 186 191 193 194 198 202 206 207 209 211 212 
10800 5 0 185 188 190 192 195 197 200 201 205 207 208 212 214 
10800 6 60 61 
10800 7 60 61 
10800 8 63 94 
10800 9 95 124 
10800 10 126 155 
10800 11 184 185 
10800 12 184 185 
10800 13 184 185 
10800 14 27 61 
10800 15 
10800 16 27 44 
10800 17 45 47 
10800 18 59 60 
10800 19 58 61 
10800 20 60 61 
10800 21 45 47 
10800 22 31 53 
10800 23 56 57 
10800 24 56 57 
10800 25 60 61 
10800 26 57 60 
10800 27 14 16 
10800 28 60 61 
10800 29 60 61 
10800 30 57 60 
10800 31 22 60 
10800 32 43 61 
10800 33 59 60 
10800 34 58 61 
10800 35 57 60 
10800 36 59 60 
10800 37 58 61 
10800 38 58 61 
10800 39 59 60 
10800 40 57 61 
10800 41 58 61 
10800 42 58 61 
10800 43 32 44 
10800 44 16 43 
10800 45 17 21 
10800 46 60 61 
10800 47 17 21 
10800 48 57 60 
10800 49 58 61 
10800 50 60 61 
10800 51 58 
10800 52 57 60 
10800 53 22 60 
10800 54 56 57 
10800 55 59 60 
10800 56 23 24 54 
10800 57 23 24 26 30 35 40 48 52 54 
10800 58 19 34 37 38 41 42 49 51 
10800 59 18 33 36 39 55 
10800 60 1 6 7 18 20 25 26 28 29 30 31 33 35 36 39 46 48 50 52 53 55 
10800 61 1 6 7 14 19 20 25 28 29 32 34 37 38 40 41 42 46 49 50 
10800 62 63 86 
10800 63 2 8 62 
10800 64 72 94 
10800 65 91 93 
10800 66 72 94 
10800 67 72 94 
10800 68 72 94 
10800 69 72 93 
10800 70 76 93 
10800 71 72 91 
10800 72 64 66 67 68 69 71 
10800 73 92 93 
10800 74 91 94 
10800 75 93 94 
10800 76 70 94 
10800 77 91 92 
10800 78 93 94 
10800 79 93 94 
10800 80 91 93 
10800 81 90 93 
10800 82 91 93 
10800 83 91 94 
10800 84 92 93 
10800 85 93 94 
10800 86 62 92 
10800 87 93 94 
10800 88 93 94 
10800 89 2 94 
10800 90 81 91 
10800 91 65 71 74 77 80 82 83 90 
10800 92 73 77 84 86 
10800 93 65 69 70 73 75 78 79 80 81 82 84 85 87 88 
10800 94 8 64 66 67 68 74 75 76 78 79 83 85 87 88 89 
10800 95 9 124 
10800 96 123 124 
10800 97 111 120 
10800 98 108 117 
10800 99 123 124 
10800 100 121 122 
10800 101 106 117 
10800 102 123 124 
10800 103 123 124 
10800 104 123 124 
10800 105 109 110 
10800 106 101 107 
10800 107 106 108 
10800 108 98 107 
10800 109 105 113 
10800 110 105 119 
10800 111 97 124 
10800 112 120 124 
10800 113 109 117 
10800 114 123 124 
10800 115 123 124 
10800 116 121 124 
10800 117 98 101 113 
10800 118 123 124 
10800 119 110 124 
10800 120 97 112 
10800 121 100 116 
10800 122 100 124 
10800 123 3 96 99 102 103 104 114 115 118 
10800 124 3 9 95 96 99 102 103 104 111 112 114 115 116 118 119 122 
10800 125 126 151 
10800 126 4 10 125 
10800 127 135 149 
10800 128 138 155 
10800 129 138 155 
10800 130 152 155 
10800 131 138 155 
10800 132 139 140 
10800 133 138 155 
10800 134 138 155 
10800 135 127 146 
10800 136 138 155 
10800 137 138 155 
10800 138 128 129 131 133 134 136 137 
10800 139 132 155 
10800 140 132 143 
10800 141 154 155 
10800 142 154 155 
10800 143 140 155 
10800 144 154 155 
10800 145 151 152 
10800 146 135 149 
10800 147 152 155 
10800 148 152 155 
10800 149 127 146 153 
10800 150 152 155 
10800 151 125 145 
10800 152 130 145 147 148 150 
10800 153 149 154 
10800 154 141 142 144 153 
10800 155 10 128 129 130 131 133 134 136 137 139 141 142 143 144 147 148 150 
10800 156 183 185 
10800 157 184 185 
10800 158 184 185 
10800 159 183 185 
10800 160 184 185 
10800 161 183 185 
10800 162 184 185 
10800 163 183 185 
10800 164 184 185 
10800 165 184 185 
10800 166 184 185 
10800 167 182 183 
10800 168 184 185 
10800 169 182 184 
10800 170 184 185 
10800 171 184 185 
10800 172 184 185 
10800 173 184 185 
10800 174 184 185 
10800 175 184 185 
10800 176 184 185 
10800 177 184 185 
10800 178 183 185 
10800 179 182 184 
10800 180 184 185 
10800 181 184 185 
10800 182 167 169 179 
10800 183 156 159 161 163 167 178 
10800 184 11 12 13 157 158 160 162 164 165 166 168 169 170 171 172 173 174 175 176 177 179 180 181 
10800 185 5 11 12 13 156 157 158 159 160 161 162 163 164 165 166 168 170 171 172 173 174 175 176 177 178 180 181 
10800 186 0 4 
10800 187 0 
10800 188 0 5 
10800 189 0 
10800 190 0 5 
10800 191 0 4 
10800 192 0 5 
10800 193 0 4 
10800 194 0 4 
10800 195 0 5 
10800 196 0 
10800 197 0 5 
10800 198 0 4 
10800 199 0 
10800 200 0 5 
10800 201 0 5 
10800 202 0 4 
10800 203 0 
10800 204 0 
10800 205 0 5 
10800 206 0 4 
10800 207 0 4 5 
10800 208 0 5 
10800 209 0 4 
10800 210 0 
10800 211 0 4 
10800 212 0 4 5 
10800 213 0 
10800 214 0 5 
10800 215 0 
12600 0 4 5 186 187 188 189 190 191 192 193 194 195 196 197 198 199 200 201 202 203 204 205 206 207 208 209 210 211 212 213 214 215 
12600 1 57 61 
12600 2 63 89 
12600 3 123 124 
12600 4 0 126 186 191 193 194 198 202 206 207 209 211 212 
12600 5 0 185 188 190 192 195 197 200 201 205 207 208 212 214 
12600 6 57 61 
12600 7 57 61 
12600 8 63 94 
12600 9 123 124 
12600 10 126 155 
12600 11 184 185 
12600 12 184 185 
12600 13 184 185 
12600 14 57 61 
12600 15 35 48 
12600 16 19 44 
12600 17 30 47 
12600 18 31 53 
12600 19 16 61 
12600 20 57 61 
12600 21 45 47 
12600 22 31 53 
12600 23 56 57 
12600 24 58 61 
12600 25 57 61 
12600 26 56 57 
12600 27 58 61 
12600 28 58 61 
12600 29 58 61 
12600 30 17 60 
12600 31 18 22 
12600 32 57 61 
12600 33 59 60 
12600 34 58 61 
12600 35 15 61 
12600 36 59 60 
12600 37 58 61 
12600 38 58 61 
12600 39 59 60 
12600 40 57 61 
12600 41 58 61 
12600 42 58 61 
12600 43 44 49 
12600 44 16 43 
12600 45 21 53 
12600 46 58 61 
12600 47 17 21 
12600 48 15 57 
12600 49 43 61 
12600 50 58 61 
12600 51 54 58 
12600 52 56 57 
12600 53 18 22 45 
12600 54 51 58 
12600 55 59 60 
12600 56 23 26 52 
12600 57 1 6 7 14 20 23 25 26 32 40 48 52 
12600 58 24 27 28 29 34 37 38 41 42 46 50 51 54 
12600 59 33 36 39 55 
12600 60 30 33 36 39 55 
12600 61 1 6 7 14 19 20 24 25 27 28 29 32 34 35 37 38 40 41 42 46 49 50 
12600 62 63 94 
12600 63 2 8 62 
12600 64 72 94 
12600 65 91 94 
12600 66 72 94 
12600 67 72 128 
12600 68 72 94 
12600 69 72 94 
12600 70 73 83 
12600 71 72 91 
12600 72 64 66 67 68 69 71 
12600 73 70 91 
12600 74 76 94 
12600 75 93 94 
12600 76 74 91 
12600 77 92 94 
12600 78 92 94 
12600 79 93 94 
12600 80 91 94 
12600 81 93 94 
12600 82 91 94 
12600 83 70 94 
12600 84 92 94 
12600 85 93 94 
12600 86 92 94 
12600 87 93 94 
12600 88 93 94 
12600 89 2 91 
12600 90 91 94 
12600 91 65 71 73 76 80 82 89 90 
12600 92 77 78 84 86 
12600 93 75 79 81 85 87 88 
12600 94 8 62 64 65 66 68 69 74 75 77 78 79 80 81 82 83 84 85 86 87 88 90 
12600 95 123 124 
12600 96 123 124 
12600 97 123 124 
12600 98 101 106 
12600 99 123 124 
12600 100 121 122 
12600 101 98 111 
12600 102 123 124 
12600 103 123 124 
12600 104 122 124 
12600 105 115 124 
12600 106 98 111 
12600 107 109 111 
12600 108 119 124 
12600 109 107 110 
12600 110 109 113 117 
12600 111 101 106 107 
12600 112 123 124 
12600 113 110 117 
12600 114 123 124 
12600 115 105 124 
12600 116 121 122 
12600 117 110 113 
12600 118 123 124 
12600 119 108 124 
12600 120 123 124 
12600 121 100 116 
12600 122 100 104 116 
12600 123 3 9 95 96 97 99 102 103 112 114 118 120 
12600 124 3 9 95 96 97 99 102 103 104 105 108 112 114 115 118 119 120 
12600 125 126 151 
12600 126 4 10 125 
12600 127 140 143 
12600 128 67 138 
12600 129 138 155 
12600 130 138 155 
12600 131 138 155 
12600 132 139 140 
12600 133 138 155 
12600 134 138 155 
12600 135 138 155 
12600 136 138 146 
12600 137 138 155 
12600 138 128 129 130 131 133 134 135 136 137 
12600 139 132 155 
12600 140 127 132 
12600 141 154 155 
12600 142 154 155 
12600 143 127 155 
12600 144 153 154 
12600 145 151 152 
12600 146 136 149 
12600 147 152 155 
12600 148 152 155 
12600 149 146 155 
12600 150 152 155 
12600 151 125 145 
12600 152 145 147 148 150 
12600 153 144 154 
12600 154 141 142 144 153 
12600 155 10 129 130 131 133 134 135 137 139 141 142 143 147 148 149 150 
12600 156 183 185 
12600 157 184 185 
12600 158 184 185 
12600 159 183 185 
12600 160 184 185 
12600 161 183 185 
12600 162 184 185 
12600 163 183 185 
12600 164 184 185 
12600 165 184 185 
12600 166 184 185 
12600 167 182 183 
12600 168 184 185 
12600 169 181 184 
12600 170 184 185 
12600 171 184 185 
12600 172 184 185 
12600 173 184 185 
12600 174 184 185 
12600 175 184 185 
12600 176 184 185 
12600 177 184 185 
12600 178 184 185 
12600 179 181 184 
12600 180 184 185 
12600 181 169 179 
12600 182 167 185 
12600 183 156 159 161 163 167 
12600 184 11 12 13 157 158 160 162 164 165 166 168 169 170 171 172 173 174 175 176 177 178 179 180 
12600 185 5 11 12 13 156 157 158 159 160 161 162 163 164 165 166 168 170 171 172 173 174 175 176 177 178 180 182 
12600 186 0 4 
12600 187 0 
12600 188 0 5 
12600 189 0 
12600 190 0 5 
12600 191 0 4 
12600 192 0 5 
12600 193 0 4 
12600 194 0 4 
12600 195 0 5 
12600 196 0 
12600 197 0 5 
12600 198 0 4 
12600 199 0 
12600 200 0 5 
12600 201 0 5 
12600 202 0 4 
12600 203 0 
12600 204 0 
12600 205 0 5 
12600 206 0 4 
12600 207 0 4 5 
12600 208 0 5 
12600 209 0 4 
12600 210 0 
12600 211 0 4 
12600 212 0 4 5 
12600 213 0 
12600 214 0 5 
12600 215 0 
14400 0 4 5 186 187 188 189 190 191 192 193 194 195 196 197 198 199 200 201 202 203 204 205 206 207 208 209 210 211 212 213 214 215 
14400 1 57 61 
14400 2 63 89 
14400 3 123 124 
14400 4 0 126 186 191 193 194 198 202 206 207 209 211 212 
14400 5 0 185 188 190 192 195 197 200 201 205 207 208 212 214 
14400 6 57 61 
14400 7 57 61 
14400 8 63 94 
14400 9 95 124 
14400 10 126 155 
14400 11 184 185 
14400 12 184 185 
14400 13 184 185 
14400 14 30 61 
14400 15 23 53 
14400 16 43 44 
14400 17 45 47 
14400 18 53 60 
14400 19 57 61 
14400 20 56 61 
14400 21 53 60 
14400 22 59 60 
14400 23 15 60 
14400 24 56 60 
14400 25 60 61 
14400 26 56 57 
14400 27 58 61 
14400 28 58 61 
14400 29 58 61 
14400 30 14 61 
14400 31 56 57 
14400 32 57 61 
14400 33 59 60 
14400 34 58 61 
14400 35 51 58 
14400 36 59 60 
14400 37 58 61 
14400 38 44 61 
14400 39 56 57 
14400 40 57 61 
14400 41 58 61 
14400 42 58 61 
14400 43 16 44 
14400 44 16 38 43 
14400 45 17 53 
14400 46 58 61 
14400 47 17 53 
14400 48 56 57 
14400 49 58 61 
14400 50 58 61 
14400 51 35 58 
14400 52 56 57 
14400 53 15 18 21 45 47 54 
14400 54 53 56 
14400 55 59 60 
14400 56 20 24 26 31 39 48 52 54 
14400 57 1 6 7 19 26 31 32 39 40 48 52 
14400 58 27 28 29 34 35 37 41 42 46 49 50 51 
14400 59 22 33 36 55 
14400 60 18 21 22 23 24 25 33 36 55 
14400 61 1 6 7 14 19 20 25 27 28 29 30 32 34 37 38 40 41 42 46 49 50 
14400 62 63 86 
14400 63 2 8 62 
14400 64 72 94 
14400 65 91 94 
14400 66 72 94 
14400 67 72 94 
14400 68 72 94 
14400 69 72 93 
14400 70 83 86 
14400 71 91 94 
14400 72 64 66 67 68 69 
14400 73 91 93 
14400 74 76 94 
14400 75 93 94 
14400 76 74 91 
14400 77 91 92 
14400 78 92 94 
14400 79 93 94 
14400 80 91 93 
14400 81 90 93 
14400 82 91 93 
14400 83 70 94 
14400 84 91 94 
14400 85 93 94 
14400 86 62 70 
14400 87 93 94 
14400 88 94 144 
14400 89 2 91 
14400 90 81 91 
14400 91 65 71 73 76 77 80 82 84 89 90 
14400 92 77 78 
14400 93 69 73 75 79 80 81 82 85 87 
14400 94 8 64 65 66 67 68 71 74 75 78 79 83 84 85 87 88 
14400 95 9 124 
14400 96 123 124 
14400 97 111 120 
14400 98 108 110 
14400 99 123 124 
14400 100 123 124 
14400 101 106 110 
14400 102 123 124 
14400 103 123 124 
14400 104 123 124 
14400 105 109 110 
14400 106 101 121 
14400 107 108 110 
14400 108 98 107 
14400 109 105 113 
14400 110 98 101 105 107 
14400 111 97 124 
14400 112 123 124 
14400 113 109 117 
14400 114 123 124 
14400 115 123 124 
14400 116 121 122 
14400 117 113 119 
14400 118 123 124 
14400 119 117 124 
14400 120 97 123 
14400 121 106 116 
14400 122 116 124 
14400 123 3 96 99 100 102 103 104 112 114 115 118 120 
14400 124 3 9 95 96 99 100 102 103 104 111 112 114 115 118 119 122 
14400 125 126 151 
14400 126 4 10 125 
14400 127 140 143 
14400 128 138 155 
14400 129 138 155 
14400 130 151 155 
14400 131 138 155 
14400 132 139 140 
14400 133 138 155 
14400 134 138 155 
14400 135 138 155 
14400 136 138 155 
14400 137 138 155 
14400 138 128 129 131 133 134 135 136 137 
14400 139 132 155 
14400 140 127 132 
14400 141 154 155 
14400 142 154 155 
14400 143 127 155 
14400 144 88 155 
14400 145 147 151 
14400 146 148 149 
14400 147 145 155 
14400 148 146 153 
14400 149 146 155 
14400 150 152 155 
14400 151 125 130 145 
14400 152 150 155 
14400 153 148 154 
14400 154 141 142 153 
14400 155 10 128 129 130 131 133 134 135 136 137 139 141 142 143 144 147 149 150 152 
14400 156 158 165 
14400 157 184 185 
14400 158 156 185 
14400 159 183 185 
14400 160 184 185 
14400 161 183 185 
14400 162 184 185 
14400 163 165 185 
14400 164 184 185 
14400 165 156 163 
14400 166 184 185 
14400 167 182 183 
14400 168 184 185 
14400 169 181 184 
14400 170 184 185 
14400 171 184 185 
14400 172 184 185 
14400 173 184 185 
14400 174 184 185 
14400 175 184 185 
14400 176 184 185 
14400 177 184 185 
14400 178 183 185 
14400 179 181 184 
14400 180 184 185 
14400 181 169 179 
14400 182 167 185 
14400 183 159 161 167 178 
14400 184 11 12 13 157 160 162 164 166 168 169 170 171 172 173 174 175 176 177 179 180 
14400 185 5 11 12 13 157 158 159 160 161 162 163 164 166 168 170 171 172 173 174 175 176 177 178 180 182 
14400 186 0 4 
14400 187 0 
14400 188 0 5 
14400 189 0 
14400 190 0 5 
14400 191 0 4 
14400 192 0 5 
14400 193 0 4 
14400 194 0 4 
14400 195 0 5 
14400 196 0 
14400 197 0 5 
14400 198 0 4 
14400 199 0 
14400 200 0 5 
14400 201 0 5 
14400 202 0 4 
14400 203 0 
14400 204 0 
14400 205 0 5 
14400 206 0 4 
14400 207 0 4 5 
14400 208 0 5 
14400 209 0 4 
14400 210 0 
14400 211 0 4 
14400 212 0 4 5 
14400 213 0 
14400 214 0 5 
14400 215 0 
16200 0 4 5 186 187 188 189 190 191 192 193 194 195 196 197 198 199 200 201 202 203 204 205 206 207 208 209 210 211 212 213 214 215 
16200 1 56 57 
16200 2 63 89 
16200 3 123 124 
16200 4 0 126 186 191 193 194 198 202 206 207 209 211 212 
16200 5 0 185 188 190 192 195 197 200 201 205 207 208 212 214 
16200 6 56 57 
16200 7 56 57 
16200 8 63 94 
16200 9 95 124 
16200 10 126 155 
16200 11 184 185 
16200 12 184 185 
16200 13 184 185 
16200 14 23 57 
16200 15 24 
16200 16 43 44 
16200 17 45 47 
16200 18 31 53 
16200 19 58 61 
16200 20 56 57 
16200 21 45 47 
16200 22 31 53 
16200 23 14 57 
16200 24 15 57 
16200 25 56 57 
16200 26 57 61 
16200 27 57 58 
16200 28 57 58 
16200 29 57 58 
16200 30 56 57 
16200 31 18 22 
16200 32 56 57 
16200 33 59 60 
16200 34 58 61 
16200 35 57 61 
16200 36 55 59 
16200 37 57 58 
16200 38 58 61 
16200 39 59 60 
16200 40 56 57 
16200 41 52 58 
16200 42 57 58 
16200 43 16 44 
16200 44 16 43 
16200 45 17 21 
16200 46 56 58 
16200 47 17 21 
16200 48 56 57 
16200 49 57 58 
16200 50 57 58 
16200 51 58 61 
16200 52 41 57 
16200 53 18 22 
16200 54 56 57 
16200 55 36 60 
16200 56 1 6 7 20 25 30 32 40 46 48 54 
16200 57 1 6 7 14 20 23 24 25 26 27 28 29 30 32 35 37 40 42 48 49 50 52 54 
16200 58 19 27 28 29 34 37 38 41 42 46 49 50 51 
16200 59 33 36 39 
16200 60 33 39 55 
16200 61 19 26 34 35 38 51 
16200 62 63 86 
16200 63 2 8 62 
16200 64 72 94 
16200 65 91 94 
16200 66 72 94 
16200 67 72 94 
16200 68 72 94 
16200 69 72 93 
16200 70 81 83 
16200 71 72 91 
16200 72 64 66 67 68 69 71 
16200 73 91 94 
16200 74 76 94 
16200 75 93 94 
16200 76 74 91 
16200 77 91 92 
16200 78 92 94 
16200 79 93 94 
16200 80 91 93 
16200 81 70 93 
16200 82 91 93 
16200 83 70 93 
16200 84 91 92 
16200 85 93 94 
16200 86 62 92 
16200 87 93 94 
16200 88 93 94 
16200 89 2 94 
16200 90 93 94 
16200 91 65 71 73 76 77 80 82 84 
16200 92 77 78 84 86 
16200 93 69 75 79 80 81 82 83 85 87 88 90 
16200 94 8 64 65 66 67 68 73 74 75 78 79 85 87 88 89 90 
16200 95 9 124 
16200 96 120 124 
16200 97 120 124 
16200 98 123 124 
16200 99 123 124 
16200 100 121 122 
16200 101 106 108 
16200 102 123 124 
16200 103 123 124 
16200 104 123 124 
16200 105 110 117 
16200 106 101 107 
16200 107 106 108 
16200 108 101 107 
16200 109 113 117 
16200 110 105 119 
16200 111 123 124 
16200 112 123 124 
16200 113 109 117 
16200 114 123 124 
16200 115 123 124 
16200 116 121 122 
16200 117 105 109 113 
16200 118 123 124 
16200 119 110 124 
16200 120 96 97 
16200 121 100 116 
16200 122 100 116 
16200 123 3 98 99 102 103 104 111 112 114 115 118 
16200 124 3 9 95 96 97 98 99 102 103 104 111 112 114 115 118 119 
16200 125 126 151 
16200 126 4 10 125 
16200 127 140 143 
16200 128 138 155 
16200 129 138 155 
16200 130 148 155 
16200 131 138 155 
16200 132 140 155 
16200 133 151 152 
16200 134 138 155 
16200 135 138 155 
16200 136 138 155 
16200 137 138 155 
16200 138 128 129 131 134 135 136 137 
16200 139 153 154 
16200 140 127 132 
16200 141 154 155 
16200 142 153 154 
16200 143 127 155 
16200 144 154 155 
16200 145 151 152 
16200 146 147 149 
16200 147 146 155 
16200 148 130 155 
16200 149 146 155 
16200 150 152 155 
16200 151 125 133 145 
16200 152 133 145 150 
16200 153 139 142 
16200 154 139 141 142 144 
16200 155 10 128 129 130 131 132 134 135 136 137 141 143 144 147 148 149 150 
16200 156 158 165 
16200 157 184 185 
16200 158 156 185 
16200 159 184 185 
16200 160 184 185 
16200 161 184 185 
16200 162 184 185 
16200 163 184 185 
16200 164 184 185 
16200 165 156 185 
16200 166 184 185 
16200 167 183 184 
16200 168 184 185 
16200 169 181 184 
16200 170 184 185 
16200 171 184 185 
16200 172 184 185 
16200 173 184 185 
16200 174 184 185 
16200 175 184 185 
16200 176 184 185 
16200 177 184 185 
16200 178 184 185 
16200 179 181 184 
16200 180 184 185 
16200 181 169 179 
16200 182 184 185 
16200 183 167 185 
16200 184 11 12 13 157 159 160 161 162 163 164 166 167 168 169 170 171 172 173 174 175 176 177 178 179 180 182 
16200 185 5 11 12 13 157 158 159 160 161 162 163 164 165 166 168 170 171 172 173 174 175 176 177 178 180 182 183 
16200 186 0 4 
16200 187 0 
16200 188 0 5 
16200 189 0 
16200 190 0 5 
16200 191 0 4 
16200 192 0 5 
16200 193 0 4 
16200 194 0 4 
16200 195 0 5 
16200 196 0 
16200 197 0 5 
16200 198 0 4 
16200 199 0 
16200 200 0 5 
16200 201 0 5 
16200 202 0 4 
16200 203 0 
16200 204 0 
16200 205 0 5 
16200 206 0 4 
16200 207 0 4 5 
16200 208 0 5 
16200 209 0 4 
16200 210 0 
16200 211 0 4 
16200 212 0 4 5 
16200 213 0 
16200 214 0 5 
16200 215 0 
18000 0 4 5 186 187 188 189 190 191 192 193 194 195 196 197 198 199 200 201 202 203 204 205 206 207 208 209 210 211 212 213 214 215 
18000 1 57 61 
18000 2 63 89 
18000 3 123 124 
18000 4 0 126 186 191 193 194 198 202 206 207 209 211 212 
18000 5 0 185 188 190 192 195 197 200 201 205 207 208 212 214 
18000 6 57 61 
18000 7 57 61 
18000 8 63 94 
18000 9 95 124 
18000 10 126 155 
18000 11 184 185 
18000 12 184 185 
18000 13 184 185 
18000 14 58 61 
18000 15 43 
18000 16 38 44 
18000 17 45 47 
18000 18 51 61 
18000 19 58 61 
18000 20 60 61 
18000 21 45 47 
18000 22 31 53 
18000 23 56 57 
18000 24 56 57 
18000 25 57 61 
18000 26 56 57 
18000 27 58 61 
18000 28 58 61 
18000 29 58 61 
18000 30 56 57 
18000 31 22 61 
18000 32 58 61 
18000 33 59 60 
18000 34 58 61 
18000 35 56 57 
18000 36 59 60 
18000 37 58 61 
18000 38 16 61 
18000 39 59 60 
18000 40 57 61 
18000 41 58 61 
18000 42 58 61 
18000 43 15 44 
18000 44 16 43 
18000 45 17 21 
18000 46 58 61 
18000 47 17 21 
18000 48 56 57 
18000 49 58 61 
18000 50 58 61 
18000 51 18 58 
18000 52 56 57 
18000 53 22 60 
18000 54 56 57 
18000 55 59 60 
18000 56 23 24 26 30 35 48 52 54 
18000 57 1 6 7 23 24 25 26 30 35 40 48 52 54 
18000 58 14 19 27 28 29 32 34 37 41 42 46 49 50 51 
18000 59 33 36 39 55 
18000 60 20 33 36 39 53 55 
18000 61 1 6 7 14 18 19 20 25 27 28 29 31 32 34 37 38 40 41 42 46 49 50 
18000 62 63 85 
18000 63 2 8 62 
18000 64 72 94 
18000 65 91 94 
18000 66 72 94 
18000 67 72 94 
18000 68 72 94 
18000 69 90 93 
18000 70 83 87 
18000 71 72 91 
18000 72 64 66 67 68 71 
18000 73 91 93 
18000 74 79 94 
18000 75 93 94 
18000 76 91 94 
18000 77 91 92 
18000 78 92 94 
18000 79 74 94 
18000 80 91 93 
18000 81 90 93 
18000 82 91 93 
18000 83 70 93 
18000 84 91 92 
18000 85 62 94 
18000 86 87 92 
18000 87 70 86 
18000 88 93 94 
18000 89 2 94 
18000 90 69 81 
18000 91 65 71 73 76 77 80 82 84 
18000 92 77 78 84 86 
18000 93 69 73 75 80 81 82 83 88 
18000 94 8 64 65 66 67 68 74 75 76 78 79 85 88 89 
18000 95 9 124 
18000 96 120 124 
18000 97 120 124 
18000 98 107 108 
18000 99 123 124 
18000 100 121 123 
18000 101 106 119 
18000 102 123 124 
18000 103 123 124 
18000 104 123 124 
18000 105 110 117 
18000 106 101 108 
18000 107 98 108 
18000 108 98 106 107 
18000 109 113 117 
18000 110 105 119 
18000 111 123 124 
18000 112 123 124 
18000 113 109 117 
18000 114 123 124 
18000 115 123 124 
18000 116 121 122 
18000 117 105 109 113 
18000 118 123 124 
18000 119 101 110 
18000 120 96 97 
18000 121 100 116 
18000 122 116 124 
18000 123 3 99 100 102 103 104 111 112 114 115 118 
18000 124 3 9 95 96 97 99 102 103 104 111 112 114 115 118 122 
18000 125 126 127 
18000 126 4 10 125 
18000 127 125 143 
18000 128 138 155 
18000 129 138 155 
18000 130 148 155 
18000 131 138 155 
18000 132 140 146 
18000 133 138 155 
18000 134 138 155 
18000 135 138 155 
18000 136 138 155 
18000 137 138 155 
18000 138 128 129 131 133 134 135 136 137 
18000 139 154 155 
18000 140 132 143 
18000 141 154 155 
18000 142 154 155 
18000 143 127 140 
18000 144 154 155 
18000 145 151 152 
18000 146 132 149 
18000 147 152 155 
18000 148 130 155 
18000 149 146 153 
18000 150 152 155 
18000 151 145 155 
18000 152 145 147 150 
18000 153 149 154 
18000 154 139 141 142 144 153 
18000 155 10 128 129 130 131 133 134 135 136 137 139 141 142 144 147 148 150 151 
18000 156 158 165 
18000 157 184 185 
18000 158 156 185 
18000 159 183 185 
18000 160 184 185 
18000 161 183 185 
18000 162 184 185 
18000 163 183 185 
18000 164 184 185 
18000 165 156 185 
18000 166 184 185 
18000 167 182 183 
18000 168 184 185 
18000 169 181 184 
18000 170 184 185 
18000 171 184 185 
18000 172 184 185 
18000 173 184 185 
18000 174 184 185 
18000 175 184 185 
18000 176 184 185 
18000 177 184 185 
18000 178 183 185 
18000 179 181 184 
18000 180 184 185 
18000 181 169 179 
18000 182 167 185 
18000 183 159 161 163 167 178 
18000 184 11 12 13 157 160 162 164 166 168 169 170 171 172 173 174 175 176 177 179 180 
18000 185 5 11 12 13 157 158 159 160 161 162 163 164 165 166 168 170 171 172 173 174 175 176 177 178 180 182 
18000 186 0 4 
18000 187 0 
18000 188 0 5 
18000 189 0 
18000 190 0 5 
18000 191 0 4 
18000 192 0 5 
18000 193 0 4 
18000 194 0 4 
18000 195 0 5 
18000 196 0 
18000 197 0 5 
18000 198 0 4 
18000 199 0 
18000 200 0 5 
18000 201 0 5 
18000 202 0 4 
18000 203 0 
18000 204 0 
18000 205 0 5 
18000 206 0 4 
18000 207 0 4 5 
18000 208 0 5 
18000 209 0 4 
18000 210 0 
18000 211 0 4 
18000 212 0 4 5 
18000 213 0 
18000 214 0 5 
18000 215 0 
