0 0 2 193 194 195 196 197 198 199 200 201 202 203 204 205 206 207 208 209 210 211 212 213 214 215 216 217 218 219 220 221 222 
0 1 57 58 
0 2 0 101 193 194 196 197 198 200 201 203 204 206 207 208 210 213 214 216 217 219 220 221 
0 3 115 122 
0 4 156 159 
0 5 170 179 
0 6 54 62 
0 7 38 55 
0 8 31 61 
0 9 40 63 
0 10 53 63 
0 11 72 96 
0 12 92 102 
0 13 82 102 
0 14 65 71 
0 15 81 82 
0 16 179 191 
0 17 188 190 
0 18 185 190 
0 19 176 184 
0 20 177 178 
0 21 38 39 
0 22 46 47 
0 23 34 63 
0 24 32 60 
0 25 30 34 
0 26 39 56 
0 27 50 59 
0 28 37 62 
0 29 50 61 
0 30 25 39 
0 31 8 57 
0 32 24 37 
0 33 46 49 
0 34 23 25 
0 35 38 56 
0 36 60 61 
0 37 28 32 
0 38 7 21 35 
0 39 21 26 30 
0 40 9 48 52 
0 41 44 46 
0 42 57 59 
0 43 58 62 
0 44 41 50 
0 45 54 61 
0 46 22 33 41 
0 47 22 58 
0 48 40 
0 49 33 55 
0 50 27 29 44 
0 51 53 54 
0 52 40 61 
0 53 10 51 
0 54 6 45 51 
0 55 7 49 
0 56 26 35 
0 57 1 31 42 
0 58 1 43 47 
0 59 27 42 
0 60 24 36 
0 61 8 29 36 45 52 
0 62 6 28 43 
0 63 9 10 23 
0 64 91 97 
0 65 14 83 
0 66 91 101 
0 67 81 87 
0 68 90 
0 69 79 82 
0 70 90 99 
0 71 14 92 
0 72 11 84 
0 73 95 99 
0 74 89 97 
0 75 87 100 
0 76 78 92 
0 77 100 
0 78 76 90 
0 79 69 80 
0 80 79 84 
0 81 15 67 
0 82 13 15 69 
0 83 65 91 
0 84 72 80 
0 85 91 99 
0 86 88 99 
0 87 67 75 
0 88 86 94 
0 89 74 100 
0 90 68 70 78 98 
0 91 64 66 83 85 
0 92 12 71 76 
0 93 96 102 
0 94 88 100 
0 95 73 101 
0 96 11 93 
0 97 64 74 
0 98 90 100 
0 99 70 73 85 86 
0 100 75 77 89 94 98 
0 101 2 66 95 
0 102 12 13 93 
0 103 112 113 
0 104 105 121 
0 105 104 115 
0 106 115 120 
0 107 112 116 
0 108 118 121 
0 109 110 114 
0 110 109 122 
0 111 117 120 
0 112 103 107 
0 113 103 122 
0 114 109 120 
0 115 3 105 106 
0 116 107 120 
0 117 111 122 
0 118 108 119 
0 119 118 123 
0 120 106 111 114 116 123 
0 121 104 108 
0 122 3 110 113 117 
0 123 119 120 
0 124 150 158 161 
0 125 129 165 
0 126 151 155 
0 127 139 142 143 154 
0 128 147 160 
0 129 125 166 
0 130 138 163 
0 131 132 145 149 
0 132 131 157 
0 133 134 156 
0 134 133 149 
0 135 137 146 
0 136 141 168 
0 137 135 141 
0 138 130 139 145 151 167 
0 139 127 138 
0 140 141 165 
0 141 136 137 140 150 
0 142 127 161 
0 143 127 164 
0 144 148 164 
0 145 131 138 
0 146 135 168 
0 147 128 159 
0 148 144 168 
0 149 131 134 
0 150 124 141 
0 151 126 138 
0 152 164 166 
0 153 159 162 
0 154 127 160 
0 155 126 166 
0 156 4 133 
0 157 132 159 
0 158 124 162 
0 159 4 147 153 157 
0 160 128 154 167 
0 161 124 142 
0 162 153 158 
0 163 130 164 
0 164 143 144 152 163 
0 165 125 140 
0 166 129 152 155 
0 167 138 160 
0 168 136 146 148 
0 169 173 191 
0 170 5 173 
0 171 174 180 
0 172 179 183 
0 173 169 170 
0 174 171 187 
0 175 178 181 
0 176 19 186 
0 177 20 179 
0 178 20 175 192 
0 179 5 16 172 177 
0 180 171 
0 181 175 182 
0 182 181 188 
0 183 172 190 
0 184 19 191 
0 185 18 189 
0 186 176 
0 187 174 190 
0 188 17 182 
0 189 185 
0 190 17 18 183 187 192 
0 191 16 169 184 
0 192 178 190 
0 193 0 2 
0 194 0 2 
0 195 0 
0 196 0 2 
0 197 0 2 
0 198 0 2 
0 199 0 
0 200 0 2 
0 201 0 2 
0 202 0 
0 203 0 2 
0 204 0 2 
0 205 0 
0 206 0 2 
0 207 0 2 
0 208 0 2 
0 209 0 
0 210 0 2 
0 211 0 
0 212 0 
0 213 0 2 
0 214 0 2 
0 215 0 
0 216 0 2 
0 217 0 2 
0 218 0 
0 219 0 2 
0 220 0 2 
0 221 0 2 
0 222 0 
1800 0 3 4 193 194 195 196 197 198 199 200 201 202 203 204 205 206 207 208 209 210 211 212 213 214 215 216 217 218 219 220 221 222 
1800 1 52 61 
1800 2 89 97 
1800 3 0 121 194 195 196 197 198 200 201 202 205 207 208 209 211 212 213 214 216 218 220 222 
1800 4 0 159 193 194 195 198 199 200 201 203 204 207 208 209 210 212 214 216 217 218 221 222 
1800 5 172 177 
1800 6 58 61 
1800 7 46 57 
1800 8 22 50 
1800 9 48 55 
1800 10 57 58 
1800 11 97 101 
1800 12 66 83 
1800 13 96 99 
1800 14 85 93 
1800 15 86 87 
1800 16 173 183 
1800 17 172 188 
1800 18 182 183 
1800 19 188 189 
1800 20 181 186 
1800 21 49 55 
1800 22 8 55 
1800 23 56 57 
1800 24 46 57 
1800 25 51 63 
1800 26 39 62 
1800 27 42 46 
1800 28 45 49 
1800 29 47 62 
1800 30 32 50 
1800 31 52 61 
1800 32 30 55 
1800 33 56 58 
1800 34 57 61 
1800 35 36 52 
1800 36 35 47 
1800 37 57 60 
1800 38 48 53 
1800 39 26 
1800 40 48 60 
1800 41 45 55 
1800 42 27 57 
1800 43 51 52 
1800 44 48 53 
1800 45 28 41 
1800 46 7 24 27 
1800 47 29 36 
1800 48 9 38 40 44 
1800 49 21 28 
1800 50 8 30 
1800 51 25 43 
1800 52 1 31 35 43 54 
1800 53 38 44 54 
1800 54 52 53 
1800 55 9 21 22 32 41 63 
1800 56 23 33 
1800 57 7 10 23 24 34 37 42 59 
1800 58 6 10 33 
1800 59 57 61 
1800 60 37 40 
1800 61 1 6 31 34 59 
1800 62 26 29 
1800 63 25 55 
1800 64 84 85 
1800 65 96 99 
1800 66 12 90 
1800 67 89 94 
1800 68 81 87 
1800 69 73 84 
1800 70 83 85 
1800 71 73 101 
1800 72 89 92 
1800 73 69 71 100 
1800 74 91 100 
1800 75 98 102 
1800 76 79 92 
1800 77 82 91 
1800 78 80 81 
1800 79 76 98 
1800 80 78 84 
1800 81 68 78 
1800 82 77 99 
1800 83 12 70 
1800 84 64 69 80 94 
1800 85 14 64 70 
1800 86 15 90 
1800 87 15 68 
1800 88 97 99 
1800 89 2 67 72 
1800 90 66 86 
1800 91 74 77 
1800 92 72 76 
1800 93 14 101 
1800 94 67 84 
1800 95 99 101 
1800 96 13 65 102 
1800 97 2 11 88 
1800 98 75 79 
1800 99 13 65 82 88 95 
1800 100 73 74 
1800 101 11 71 93 95 
1800 102 75 96 
1800 103 107 116 
1800 104 118 123 
1800 105 111 114 
1800 106 113 114 
1800 107 103 115 
1800 108 111 122 
1800 109 112 116 
1800 110 115 117 
1800 111 105 108 
1800 112 109 119 
1800 113 106 117 
1800 114 105 106 
1800 115 107 110 
1800 116 103 109 123 
1800 117 110 113 120 121 
1800 118 104 122 
1800 119 112 120 
1800 120 117 119 
1800 121 3 117 
1800 122 108 118 
1800 123 104 116 
1800 124 136 161 165 
1800 125 152 168 
1800 126 144 149 
1800 127 154 156 
1800 128 130 138 
1800 129 149 162 
1800 130 128 140 142 146 148 
1800 131 160 161 
1800 132 147 166 
1800 133 142 153 158 
1800 134 143 160 
1800 135 147 167 
1800 136 124 138 
1800 137 147 167 
1800 138 128 136 146 164 
1800 139 166 167 
1800 140 130 168 
1800 141 159 167 
1800 142 130 133 
1800 143 134 156 
1800 144 126 152 
1800 145 150 159 
1800 146 130 138 
1800 147 132 135 137 155 
1800 148 130 163 
1800 149 126 129 
1800 150 145 154 
1800 151 166 167 
1800 152 125 144 
1800 153 133 163 
1800 154 127 150 
1800 155 147 168 
1800 156 127 143 
1800 157 158 159 
1800 158 133 157 
1800 159 4 141 145 157 
1800 160 131 134 
1800 161 124 131 
1800 162 129 165 
1800 163 148 153 164 
1800 164 138 163 
1800 165 124 162 
1800 166 132 139 151 
1800 167 135 137 139 141 151 
1800 168 125 140 155 
1800 169 174 180 
1800 170 186 192 
1800 171 185 187 
1800 172 5 17 
1800 173 16 190 
1800 174 169 186 
1800 175 180 191 
1800 176 189 190 
1800 177 5 181 187 
1800 178 179 182 
1800 179 178 184 
1800 180 169 175 
1800 181 20 177 
1800 182 18 178 
1800 183 16 18 185 
1800 184 179 186 
1800 185 171 183 
1800 186 20 170 174 184 
1800 187 171 177 
1800 188 17 19 
1800 189 19 176 
1800 190 173 176 
1800 191 175 
1800 192 170 
1800 193 0 4 
1800 194 0 3 4 
1800 195 0 3 4 
1800 196 0 3 
1800 197 0 3 
1800 198 0 3 4 
1800 199 0 4 
1800 200 0 3 4 
1800 201 0 3 4 
1800 202 0 3 
1800 203 0 4 
1800 204 0 4 
1800 205 0 3 
1800 206 0 
1800 207 0 3 4 
1800 208 0 3 4 
1800 209 0 3 4 
1800 210 0 4 
1800 211 0 3 
1800 212 0 3 4 
1800 213 0 3 
1800 214 0 3 4 
1800 215 0 
1800 216 0 3 4 
1800 217 0 4 
1800 218 0 3 4 
1800 219 0 
1800 220 0 3 
1800 221 0 4 
1800 222 0 3 4 
3600 0 1 5 193 194 195 196 197 198 199 200 201 202 203 204 205 206 207 208 209 210 211 212 213 214 215 216 217 218 219 220 221 222 
3600 1 0 62 193 195 198 199 200 202 203 205 207 208 209 211 212 213 215 216 218 220 221 
3600 2 67 90 
3600 3 117 120 
3600 4 138 165 
3600 5 0 181 193 194 196 197 199 200 201 203 204 206 208 209 211 212 214 215 216 219 220 222 
3600 6 50 58 
3600 7 59 62 
3600 8 29 37 
3600 9 57 60 
3600 10 32 59 
3600 11 96 102 
3600 12 80 85 
3600 13 95 102 
3600 14 67 82 
3600 15 75 95 
3600 16 183 185 
3600 17 183 191 
3600 18 187 188 
3600 19 172 178 
3600 20 174 180 
3600 21 61 62 
3600 22 36 47 
3600 23 40 45 
3600 24 40 51 
3600 25 36 47 
3600 26 44 50 
3600 27 51 58 
3600 28 49 51 
3600 29 8 56 
3600 30 54 60 
3600 31 59 61 
3600 32 10 55 
3600 33 46 50 
3600 34 61 63 
3600 35 38 53 
3600 36 22 25 
3600 37 8 63 
3600 38 35 57 
3600 39 43 53 
3600 40 23 24 41 
3600 41 40 46 
3600 42 55 63 
3600 43 39 63 
3600 44 26 59 
3600 45 23 54 
3600 46 33 41 
3600 47 22 25 
3600 48 53 58 
3600 49 28 60 
3600 50 6 26 33 
3600 51 24 27 28 
3600 52 56 58 
3600 53 35 39 48 
3600 54 30 45 
3600 55 32 42 
3600 56 29 52 
3600 57 9 38 
3600 58 6 27 48 52 
3600 59 7 10 31 44 
3600 60 9 30 49 
3600 61 21 31 34 
3600 62 1 7 21 
3600 63 34 37 42 43 
3600 64 81 99 
3600 65 68 95 
3600 66 76 90 
3600 67 2 14 
3600 68 65 70 
3600 69 93 99 
3600 70 68 95 
3600 71 79 101 
3600 72 74 98 
3600 73 93 95 
3600 74 72 102 
3600 75 15 99 
3600 76 66 88 
3600 77 84 99 
3600 78 96 98 
3600 79 71 100 
3600 80 12 85 
3600 81 64 100 
3600 82 14 102 
3600 83 93 102 
3600 84 77 97 
3600 85 12 80 
3600 86 88 91 
3600 87 89 95 
3600 88 76 86 92 
3600 89 87 98 
3600 90 2 66 
3600 91 86 93 
3600 92 88 94 
3600 93 69 73 83 91 
3600 94 92 
3600 95 13 15 65 70 73 87 
3600 96 11 78 97 
3600 97 84 96 
3600 98 72 78 89 101 
3600 99 64 69 75 77 
3600 100 79 81 
3600 101 71 98 
3600 102 11 13 74 82 83 
3600 103 112 117 
3600 104 109 123 
3600 105 118 120 
3600 106 115 119 
3600 107 112 116 
3600 108 114 120 
3600 109 104 115 
3600 110 114 123 
3600 111 118 122 
3600 112 103 107 
3600 113 120 122 
3600 114 108 110 
3600 115 106 109 
3600 116 107 120 
3600 117 3 103 119 
3600 118 105 111 
3600 119 106 117 
3600 120 3 105 108 113 116 
3600 121 122 123 
3600 122 111 113 121 
3600 123 104 110 121 
3600 124 125 133 139 
3600 125 124 132 
3600 126 153 156 
3600 127 128 136 137 142 155 157 
3600 128 127 167 
3600 129 158 159 
3600 130 141 167 
3600 131 160 162 
3600 132 125 166 
3600 133 124 139 
3600 134 141 159 
3600 135 144 148 152 154 
3600 136 127 138 
3600 137 127 141 
3600 138 4 136 149 
3600 139 124 133 
3600 140 141 148 
3600 141 130 134 137 140 151 152 160 
3600 142 127 158 
3600 143 163 164 
3600 144 135 159 
3600 145 147 168 
3600 146 157 168 
3600 147 145 166 
3600 148 135 140 
3600 149 138 159 
3600 150 165 167 
3600 151 141 163 
3600 152 135 141 
3600 153 126 158 
3600 154 135 156 
3600 155 127 161 
3600 156 126 154 
3600 157 127 146 
3600 158 129 142 153 
3600 159 129 134 144 149 
3600 160 131 141 
3600 161 155 164 
3600 162 131 163 
3600 163 143 151 162 
3600 164 143 161 
3600 165 4 150 
3600 166 132 147 
3600 167 128 130 150 
3600 168 145 146 
3600 169 183 186 
3600 170 187 188 
3600 171 188 191 
3600 172 19 173 
3600 173 172 186 
3600 174 20 179 
3600 175 188 191 
3600 176 178 187 
3600 177 182 189 
3600 178 19 176 
3600 179 174 189 
3600 180 20 181 
3600 181 5 180 
3600 182 177 186 
3600 183 16 17 169 
3600 184 190 192 
3600 185 16 190 
3600 186 169 173 182 
3600 187 18 170 176 
3600 188 18 170 171 175 192 
3600 189 177 179 
3600 190 184 185 
3600 191 17 171 175 
3600 192 184 188 
3600 193 0 1 5 
3600 194 0 5 
3600 195 0 1 
3600 196 0 5 
3600 197 0 5 
3600 198 0 1 
3600 199 0 1 5 
3600 200 0 1 5 
3600 201 0 5 
3600 202 0 1 
3600 203 0 1 5 
3600 204 0 5 
3600 205 0 1 
3600 206 0 5 
3600 207 0 1 
3600 208 0 1 5 
3600 209 0 1 5 
3600 210 0 
3600 211 0 1 5 
3600 212 0 1 5 
3600 213 0 1 
3600 214 0 5 
3600 215 0 1 5 
3600 216 0 1 5 
3600 217 0 
3600 218 0 1 
3600 219 0 5 
3600 220 0 1 5 
3600 221 0 1 
3600 222 0 5 
5400 0 3 4 193 194 195 196 197 198 199 200 201 202 203 204 205 206 207 208 209 210 211 212 213 214 215 216 217 218 219 220 221 222 
5400 1 55 59 
5400 2 64 78 
5400 3 0 105 194 195 196 197 198 200 201 202 205 207 208 209 211 212 213 214 216 218 220 222 
5400 4 0 165 193 194 195 198 199 200 201 203 204 207 208 209 210 212 214 216 217 218 221 222 
5400 5 176 192 
5400 6 29 34 
5400 7 50 58 
5400 8 38 62 
5400 9 42 45 
5400 10 54 58 
5400 11 73 91 
5400 12 86 98 
5400 13 74 76 
5400 14 67 84 
5400 15 92 102 
5400 16 178 188 
5400 17 180 183 
5400 18 177 178 
5400 19 169 172 
5400 20 181 184 
5400 21 59 60 
5400 22 54 63 
5400 23 57 61 
5400 24 51 54 
5400 25 29 49 
5400 26 31 35 
5400 27 51 63 
5400 28 39 54 
5400 29 6 25 
5400 30 58 60 
5400 31 26 35 
5400 32 34 37 
5400 33 62 63 
5400 34 6 32 
5400 35 26 31 
5400 36 47 61 
5400 37 32 59 
5400 38 8 58 
5400 39 28 41 
5400 40 56 
5400 41 39 50 
5400 42 9 46 
5400 43 50 62 
5400 44 48 63 
5400 45 9 63 
5400 46 42 63 
5400 47 36 58 
5400 48 44 63 
5400 49 25 57 
5400 50 7 41 43 56 
5400 51 24 27 
5400 52 54 62 
5400 53 57 59 
5400 54 10 22 24 28 52 
5400 55 1 63 
5400 56 40 50 
5400 57 23 49 53 
5400 58 7 10 30 38 47 
5400 59 1 21 37 53 
5400 60 21 30 
5400 61 23 36 
5400 62 8 33 43 52 
5400 63 22 27 33 44 45 46 48 55 
5400 64 2 75 
5400 65 82 89 
5400 66 99 102 
5400 67 14 102 
5400 68 84 102 
5400 69 89 96 
5400 70 86 102 
5400 71 94 95 
5400 72 85 102 
5400 73 11 95 
5400 74 13 96 
5400 75 64 87 
5400 76 13 79 
5400 77 83 88 
5400 78 2 83 
5400 79 76 100 
5400 80 81 93 
5400 81 80 101 
5400 82 65 98 
5400 83 77 78 
5400 84 14 68 
5400 85 72 97 
5400 86 12 70 
5400 87 75 
5400 88 77 102 
5400 89 65 69 
5400 90 99 101 
5400 91 11 94 
5400 92 15 101 
5400 93 80 95 
5400 94 71 91 
5400 95 71 73 93 100 
5400 96 69 74 
5400 97 85 
5400 98 12 82 
5400 99 66 90 
5400 100 79 95 
5400 101 81 90 92 
5400 102 15 66 67 68 70 72 88 
5400 103 104 113 
5400 104 103 109 
5400 105 3 108 
5400 106 117 123 
5400 107 112 120 
5400 108 105 109 
5400 109 104 108 
5400 110 115 120 
5400 111 119 122 
5400 112 107 114 
5400 113 103 116 
5400 114 112 118 
5400 115 110 
5400 116 113 121 
5400 117 106 119 
5400 118 114 122 
5400 119 111 117 
5400 120 107 110 
5400 121 116 123 
5400 122 111 118 
5400 123 106 121 
5400 124 135 145 167 
5400 125 158 159 
5400 126 130 134 142 159 162 
5400 127 137 140 145 
5400 128 135 165 
5400 129 141 165 
5400 130 126 149 
5400 131 133 167 
5400 132 157 161 
5400 133 131 161 
5400 134 126 150 
5400 135 124 128 
5400 136 149 155 
5400 137 127 141 
5400 138 143 147 156 
5400 139 153 163 
5400 140 127 164 
5400 141 129 137 144 
5400 142 126 149 
5400 143 138 168 
5400 144 141 147 
5400 145 124 127 
5400 146 160 163 
5400 147 138 144 
5400 148 165 168 
5400 149 130 136 142 
5400 150 134 168 
5400 151 153 158 
5400 152 163 165 
5400 153 139 151 
5400 154 162 168 
5400 155 136 164 
5400 156 138 166 
5400 157 132 166 
5400 158 125 151 
5400 159 125 126 
5400 160 146 168 
5400 161 132 133 
5400 162 126 154 
5400 163 139 146 152 
5400 164 140 155 
5400 165 4 128 129 148 152 
5400 166 156 157 
5400 167 124 131 
5400 168 143 148 150 154 160 
5400 169 19 192 
5400 170 180 190 
5400 171 173 176 
5400 172 19 183 
5400 173 171 179 
5400 174 187 190 
5400 175 186 191 
5400 176 5 171 
5400 177 18 192 
5400 178 16 18 
5400 179 173 185 
5400 180 17 170 
5400 181 20 186 
5400 182 184 
5400 183 17 172 187 
5400 184 20 182 
5400 185 179 189 
5400 186 175 181 
5400 187 174 183 
5400 188 16 189 
5400 189 185 188 191 
5400 190 170 174 
5400 191 175 189 
5400 192 5 169 177 
5400 193 0 4 
5400 194 0 3 4 
5400 195 0 3 4 
5400 196 0 3 
5400 197 0 3 
5400 198 0 3 4 
5400 199 0 4 
5400 200 0 3 4 
5400 201 0 3 4 
5400 202 0 3 
5400 203 0 4 
5400 204 0 4 
5400 205 0 3 
5400 206 0 
5400 207 0 3 4 
5400 208 0 3 4 
5400 209 0 3 4 
5400 210 0 4 
5400 211 0 3 
5400 212 0 3 4 
5400 213 0 3 
5400 214 0 3 4 
5400 215 0 
5400 216 0 3 4 
5400 217 0 4 
5400 218 0 3 4 
5400 219 0 
5400 220 0 3 
5400 221 0 4 
5400 222 0 3 4 
7200 0 3 193 194 195 196 197 198 199 200 201 202 203 204 205 206 207 208 209 210 211 212 213 214 215 216 217 218 219 220 221 222 
7200 1 35 62 
7200 2 81 98 
7200 3 0 115 194 195 196 197 198 200 201 202 205 207 208 209 211 212 213 214 216 218 220 222 
7200 4 141 158 
7200 5 173 185 
7200 6 54 62 
7200 7 55 62 
7200 8 58 61 
7200 9 38 46 
7200 10 24 57 
7200 11 73 82 
7200 12 85 101 
7200 13 97 100 
7200 14 79 80 
7200 15 91 94 
7200 16 190 192 
7200 17 187 192 
7200 18 179 189 
7200 19 176 192 
7200 20 170 191 
7200 21 34 55 
7200 22 60 62 
7200 23 60 63 
7200 24 10 50 
7200 25 53 57 
7200 26 55 60 
7200 27 34 47 
7200 28 50 55 
7200 29 41 60 
7200 30 47 63 
7200 31 60 62 
7200 32 46 56 
7200 33 45 48 
7200 34 21 27 
7200 35 1 44 
7200 36 37 52 
7200 37 36 43 
7200 38 9 49 
7200 39 52 57 
7200 40 49 62 
7200 41 29 53 
7200 42 54 57 
7200 43 37 51 
7200 44 35 63 
7200 45 33 61 
7200 46 9 32 
7200 47 27 30 
7200 48 33 54 
7200 49 38 40 
7200 50 24 28 58 
7200 51 43 63 
7200 52 36 39 
7200 53 25 41 
7200 54 6 42 48 
7200 55 7 21 26 28 
7200 56 32 59 
7200 57 10 25 39 42 
7200 58 8 50 
7200 59 56 61 
7200 60 22 23 26 29 31 
7200 61 8 45 59 
7200 62 1 6 7 22 31 40 
7200 63 23 30 44 51 
7200 64 73 98 
7200 65 78 100 
7200 66 80 98 
7200 67 78 87 
7200 68 79 95 
7200 69 97 
7200 70 80 102 
7200 71 90 98 
7200 72 76 93 
7200 73 11 64 89 
7200 74 77 100 
7200 75 101 102 
7200 76 72 98 
7200 77 74 89 
7200 78 65 67 
7200 79 14 68 86 
7200 80 14 66 70 
7200 81 2 92 
7200 82 11 102 
7200 83 87 102 
7200 84 91 102 
7200 85 12 97 
7200 86 79 
7200 87 67 83 
7200 88 97 100 
7200 89 73 77 
7200 90 71 101 
7200 91 15 84 
7200 92 81 
7200 93 72 101 
7200 94 15 99 
7200 95 68 99 
7200 96 97 100 
7200 97 13 69 85 88 96 
7200 98 2 64 66 71 76 
7200 99 94 95 
7200 100 13 65 74 88 96 
7200 101 12 75 90 93 
7200 102 70 75 82 83 84 
7200 103 109 120 
7200 104 119 120 
7200 105 121 123 
7200 106 115 123 
7200 107 113 120 
7200 108 113 121 
7200 109 103 114 
7200 110 113 114 
7200 111 116 118 
7200 112 120 121 
7200 113 107 108 110 
7200 114 109 110 
7200 115 3 106 
7200 116 111 119 
7200 117 121 122 
7200 118 111 121 
7200 119 104 116 
7200 120 103 104 107 112 
7200 121 105 108 112 117 118 
7200 122 117 123 
7200 123 105 106 122 
7200 124 128 137 146 
7200 125 143 144 149 
7200 126 128 133 136 147 150 161 
7200 127 143 154 167 
7200 128 124 126 
7200 129 138 141 
7200 130 151 152 
7200 131 134 139 156 163 167 
7200 132 157 158 
7200 133 126 141 
7200 134 131 135 
7200 135 134 140 153 155 
7200 136 126 168 
7200 137 124 156 
7200 138 129 150 
7200 139 131 141 
7200 140 135 165 
7200 141 4 129 133 139 144 164 
7200 142 162 168 
7200 143 125 127 
7200 144 125 141 
7200 145 157 162 
7200 146 124 152 
7200 147 126 164 
7200 148 161 162 
7200 149 125 159 
7200 150 126 138 
7200 151 130 159 
7200 152 130 146 
7200 153 135 166 
7200 154 127 168 
7200 155 135 165 
7200 156 131 137 
7200 157 132 145 
7200 158 4 132 
7200 159 149 151 
7200 160 165 166 
7200 161 126 148 
7200 162 142 145 148 
7200 163 131 168 
7200 164 141 147 
7200 165 140 155 160 
7200 166 153 160 
7200 167 127 131 
7200 168 136 142 154 163 
7200 169 190 
7200 170 20 179 
7200 171 172 184 
7200 172 171 184 
7200 173 5 187 
7200 174 182 192 
7200 175 187 189 
7200 176 19 186 
7200 177 186 188 
7200 178 191 192 
7200 179 18 170 
7200 180 183 186 
7200 181 186 190 
7200 182 174 187 
7200 183 180 190 
7200 184 171 172 
7200 185 5 186 
7200 186 176 177 180 181 185 
7200 187 17 173 175 182 
7200 188 177 190 
7200 189 18 175 
7200 190 16 169 181 183 188 
7200 191 20 178 
7200 192 16 17 19 174 178 
7200 193 0 
7200 194 0 3 
7200 195 0 3 
7200 196 0 3 
7200 197 0 3 
7200 198 0 3 
7200 199 0 
7200 200 0 3 
7200 201 0 3 
7200 202 0 3 
7200 203 0 
7200 204 0 
7200 205 0 3 
7200 206 0 
7200 207 0 3 
7200 208 0 3 
7200 209 0 3 
7200 210 0 
7200 211 0 3 
7200 212 0 3 
7200 213 0 3 
7200 214 0 3 
7200 215 0 
7200 216 0 3 
7200 217 0 
7200 218 0 3 
7200 219 0 
7200 220 0 3 
7200 221 0 
7200 222 0 3 
9000 0 5 193 194 195 196 197 198 199 200 201 202 203 204 205 206 207 208 209 210 211 212 213 214 215 216 217 218 219 220 221 222 
9000 1 54 55 
9000 2 78 82 
9000 3 4 114 194 195 196 197 198 200 201 202 205 207 208 209 211 212 213 214 216 218 220 222 
9000 4 3 136 193 194 195 198 199 200 201 203 204 207 208 209 210 212 214 216 217 218 221 222 
9000 5 0 179 193 194 196 197 199 200 201 203 204 206 208 209 211 212 214 215 216 219 220 222 
9000 6 58 61 
9000 7 54 56 
9000 8 48 61 
9000 9 43 46 
9000 10 33 59 
9000 11 87 91 
9000 12 74 92 
9000 13 64 81 
9000 14 83 99 
9000 15 83 93 
9000 16 185 191 
9000 17 177 188 
9000 18 176 185 
9000 19 191 192 
9000 20 185 187 
9000 21 37 44 
9000 22 52 56 
9000 23 32 58 
9000 24 59 63 
9000 25 38 51 
9000 26 59 62 
9000 27 30 59 
9000 28 42 54 
9000 29 55 63 
9000 30 27 31 
9000 31 30 47 
9000 32 23 54 
9000 33 10 61 
9000 34 39 54 
9000 35 36 62 
9000 36 35 51 
9000 37 21 
9000 38 25 58 
9000 39 34 55 
9000 40 44 54 
9000 41 48 52 
9000 42 28 48 
9000 43 9 62 
9000 44 21 40 
9000 45 54 63 
9000 46 9 56 
9000 47 31 61 
9000 48 8 41 42 
9000 49 58 61 
9000 50 53 56 
9000 51 25 36 
9000 52 22 41 
9000 53 50 62 
9000 54 1 7 28 32 34 40 45 60 
9000 55 1 29 39 
9000 56 7 22 46 50 57 
9000 57 56 58 
9000 58 6 23 38 49 57 
9000 59 10 24 26 27 
9000 60 54 
9000 61 6 8 33 47 49 
9000 62 26 35 43 53 
9000 63 24 29 45 
9000 64 13 89 
9000 65 72 101 
9000 66 79 96 
9000 67 72 75 
9000 68 80 94 
9000 69 81 89 
9000 70 82 94 
9000 71 79 95 
9000 72 65 67 
9000 73 74 94 
9000 74 12 73 88 
9000 75 67 98 
9000 76 98 101 
9000 77 78 80 
9000 78 2 77 
9000 79 66 71 
9000 80 68 77 
9000 81 13 69 
9000 82 2 70 
9000 83 14 15 
9000 84 94 97 
9000 85 98 100 
9000 86 97 101 
9000 87 11 100 
9000 88 74 
9000 89 64 69 
9000 90 95 99 
9000 91 11 96 
9000 92 12 94 
9000 93 15 
9000 94 68 70 73 84 92 
9000 95 71 90 
9000 96 66 91 
9000 97 84 86 
9000 98 75 76 85 
9000 99 14 90 
9000 100 85 87 102 
9000 101 65 76 86 102 
9000 102 100 101 
9000 103 105 120 
9000 104 107 119 
9000 105 103 121 
9000 106 115 122 
9000 107 104 117 
9000 108 109 119 
9000 109 108 116 
9000 110 116 117 
9000 111 113 123 
9000 112 120 123 
9000 113 111 114 
9000 114 3 113 
9000 115 106 118 
9000 116 109 110 118 
9000 117 107 110 
9000 118 115 116 
9000 119 104 108 
9000 120 103 112 
9000 121 105 122 
9000 122 106 121 
9000 123 111 112 
9000 124 130 138 
9000 125 127 147 
9000 126 129 132 157 
9000 127 125 138 140 160 168 
9000 128 129 130 143 168 
9000 129 126 128 
9000 130 124 128 
9000 131 133 135 
9000 132 126 153 
9000 133 131 152 
9000 134 136 154 
9000 135 131 137 149 156 
9000 136 4 134 
9000 137 135 159 
9000 138 124 127 
9000 139 146 157 
9000 140 127 147 
9000 141 166 167 
9000 142 166 167 
9000 143 128 155 
9000 144 158 166 
9000 145 161 167 
9000 146 139 161 
9000 147 125 140 163 
9000 148 158 165 
9000 149 135 162 
9000 150 153 154 
9000 151 163 164 
9000 152 133 159 
9000 153 132 150 
9000 154 134 150 164 
9000 155 143 162 
9000 156 135 167 
9000 157 126 139 
9000 158 144 148 
9000 159 137 152 165 
9000 160 127 167 
9000 161 145 146 
9000 162 149 155 
9000 163 147 151 
9000 164 151 154 
9000 165 148 159 
9000 166 141 142 144 
9000 167 141 142 145 156 160 
9000 168 127 128 
9000 169 186 192 
9000 170 182 187 
9000 171 174 189 
9000 172 184 192 
9000 173 176 184 
9000 174 171 180 
9000 175 180 183 
9000 176 18 173 
9000 177 17 188 
9000 178 189 190 
9000 179 5 190 
9000 180 174 175 183 
9000 181 187 
9000 182 170 185 
9000 183 175 180 
9000 184 172 173 
9000 185 16 18 20 182 
9000 186 169 192 
9000 187 20 170 181 
9000 188 17 177 
9000 189 171 178 
9000 190 178 179 
9000 191 16 19 
9000 192 19 169 172 186 
9000 193 0 4 5 
9000 194 0 3 4 5 
9000 195 0 3 4 
9000 196 0 3 5 
9000 197 0 3 5 
9000 198 0 3 4 
9000 199 0 4 5 
9000 200 0 3 4 5 
9000 201 0 3 4 5 
9000 202 0 3 
9000 203 0 4 5 
9000 204 0 4 5 
9000 205 0 3 
9000 206 0 5 
9000 207 0 3 4 
9000 208 0 3 4 5 
9000 209 0 3 4 5 
9000 210 0 4 
9000 211 0 3 5 
9000 212 0 3 4 5 
9000 213 0 3 
9000 214 0 3 4 5 
9000 215 0 5 
9000 216 0 3 4 5 
9000 217 0 4 
9000 218 0 3 4 
9000 219 0 5 
9000 220 0 3 5 
9000 221 0 4 
9000 222 0 3 4 5 
