0 21600
0 0 1 2 3 4 5 218 219 220 221 222 223 224 225 226 227 228 229 230 231 232 233 234 235 236 237 238 239 240 241 242 243 244 245 246 247 
0 1 0 2 3 4 5 6 7 218 222 225 227 233 235 237 242 243 247 
0 2 0 1 3 4 5 8 219 220 224 226 231 234 236 237 242 243 246 247 
0 3 0 1 2 4 5 9 10 134 220 223 227 228 234 236 238 240 244 246 
0 4 0 1 2 3 5 11 12 13 220 223 225 227 230 232 234 236 241 243 244 
0 5 0 1 2 3 4 14 190 219 221 224 226 229 232 235 237 239 244 245 247 
0 6 1 7 42 
0 7 1 6 57 
0 8 2 82 
0 9 3 10 111 
0 10 3 9 
0 11 4 12 13 
0 12 4 11 13 
0 13 4 11 12 
0 14 5 196 211 
0 15 44 45 
0 16 49 56 
0 17 26 50 
0 18 47 55 
0 19 31 
0 20 22 55 
0 21 37 56 
0 22 20 56 
0 23 31 32 
0 24 
0 25 40 50 
0 26 17 46 
0 27 46 
0 28 41 48 
0 29 38 42 
0 30 34 54 
0 31 19 23 
0 32 23 46 
0 33 39 44 
0 34 30 43 
0 35 48 59 
0 36 51 57 58 
0 37 21 45 
0 38 29 40 
0 39 33 55 
0 40 25 38 
0 41 28 47 
0 42 6 29 54 
0 43 34 53 
0 44 15 33 51 
0 45 15 37 
0 46 26 27 32 
0 47 18 41 
0 48 28 35 
0 49 16 
0 50 17 25 
0 51 36 44 
0 52 55 58 
0 53 43 
0 54 30 42 
0 55 18 20 39 52 
0 56 16 21 22 
0 57 7 36 
0 58 36 52 
0 59 35 
0 60 
0 61 74 76 
0 62 73 76 
0 63 94 98 
0 64 
0 65 76 94 
0 66 89 98 
0 67 72 80 
0 68 81 101 
0 69 82 89 
0 70 77 84 
0 71 86 96 
0 72 67 101 
0 73 62 83 87 
0 74 61 78 
0 75 88 90 
0 76 61 62 65 
0 77 70 102 
0 78 74 
0 79 96 102 
0 80 67 93 
0 81 68 87 
0 82 8 69 95 
0 83 73 100 
0 84 70 100 
0 85 86 99 
0 86 71 85 
0 87 73 81 
0 88 75 90 
0 89 66 69 
0 90 75 88 
0 91 
0 92 102 
0 93 80 102 
0 94 63 65 
0 95 82 96 
0 96 71 79 95 
0 97 98 99 
0 98 63 66 97 
0 99 85 97 
0 100 83 84 
0 101 68 72 
0 102 77 79 92 93 
0 103 120 
0 104 117 137 146 
0 105 130 139 141 142 
0 106 127 134 
0 107 
0 108 124 136 
0 109 123 125 
0 110 111 145 
0 111 9 110 129 133 
0 112 135 140 
0 113 
0 114 143 
0 115 118 130 143 
0 116 121 138 
0 117 104 126 
0 118 115 141 
0 119 123 137 
0 120 103 133 
0 121 116 140 
0 122 
0 123 109 119 128 
0 124 108 132 
0 125 109 144 
0 126 117 
0 127 106 128 139 142 146 
0 128 123 127 
0 129 111 145 
0 130 105 115 
0 131 
0 132 124 138 
0 133 111 120 
0 134 3 106 
0 135 112 
0 136 108 
0 137 104 119 
0 138 116 132 
0 139 105 127 
0 140 112 121 
0 141 105 118 
0 142 105 127 
0 143 114 115 
0 144 125 
0 145 110 129 
0 146 104 127 
0 147 159 162 
0 148 164 172 
0 149 157 174 
0 150 152 175 
0 151 165 173 
0 152 150 168 
0 153 170 178 
0 154 176 178 
0 155 166 167 
0 156 
0 157 149 175 
0 158 164 168 
0 159 147 178 
0 160 166 167 
0 161 177 178 
0 162 147 175 
0 163 171 178 
0 164 148 158 165 
0 165 151 164 
0 166 155 160 
0 167 155 160 
0 168 152 158 
0 169 176 
0 170 153 175 
0 171 163 173 
0 172 148 176 
0 173 151 171 
0 174 149 
0 175 150 157 162 170 
0 176 154 169 172 
0 177 161 
0 178 153 154 159 161 163 
0 179 200 209 
0 180 202 
0 181 198 212 
0 182 
0 183 
0 184 186 208 
0 185 201 216 
0 186 184 189 
0 187 208 211 
0 188 
0 189 186 210 
0 190 5 217 
0 191 
0 192 199 209 
0 193 203 204 
0 194 212 214 
0 195 210 217 
0 196 14 205 
0 197 210 217 
0 198 181 212 
0 199 192 212 
0 200 179 203 
0 201 185 
0 202 180 211 
0 203 193 200 
0 204 193 205 
0 205 196 204 
0 206 210 
0 207 
0 208 184 187 
0 209 179 192 
0 210 189 195 197 206 
0 211 14 187 202 
0 212 181 194 198 199 214 
0 213 216 
0 214 194 212 
0 215 
0 216 185 213 
0 217 190 195 197 
0 218 0 1 
0 219 0 2 5 
0 220 0 2 3 4 
0 221 0 5 
0 222 0 1 
0 223 0 3 4 
0 224 0 2 5 
0 225 0 1 4 
0 226 0 2 5 
0 227 0 1 3 4 
0 228 0 3 
0 229 0 5 
0 230 0 4 
0 231 0 2 
0 232 0 4 5 
0 233 0 1 
0 234 0 2 3 4 
0 235 0 1 5 
0 236 0 2 3 4 
0 237 0 1 2 5 
0 238 0 3 
0 239 0 5 
0 240 0 3 
0 241 0 4 
0 242 0 1 2 
0 243 0 1 2 4 
0 244 0 3 4 5 
0 245 0 5 
0 246 0 2 3 
0 247 0 1 2 5 
1800 0 1 2 3 4 5 218 219 220 221 222 223 224 225 226 227 228 229 230 231 232 233 234 235 236 237 238 239 240 241 242 243 244 245 246 247 
1800 1 0 2 3 4 5 6 7 218 222 225 227 233 235 237 242 243 247 
1800 2 0 1 3 4 5 8 102 219 220 224 226 231 234 236 237 242 243 246 247 
1800 3 0 1 2 4 5 9 10 220 223 227 228 234 236 238 240 244 246 
1800 4 0 1 2 3 5 11 12 13 220 223 225 227 230 232 234 236 241 243 244 
1800 5 0 1 2 3 4 14 219 221 224 226 229 232 235 237 239 244 245 247 
1800 6 1 7 
1800 7 1 6 
1800 8 2 88 89 
1800 9 3 10 143 
1800 10 3 9 
1800 11 4 12 13 
1800 12 4 11 13 150 
1800 13 4 11 12 153 
1800 14 5 196 217 
1800 15 38 52 
1800 16 47 58 
1800 17 30 43 
1800 18 49 50 
1800 19 46 
1800 20 42 53 
1800 21 41 59 
1800 22 40 45 
1800 23 30 31 
1800 24 27 53 
1800 25 39 48 
1800 26 36 54 
1800 27 24 53 
1800 28 48 51 
1800 29 48 55 
1800 30 17 23 
1800 31 23 37 
1800 32 51 58 
1800 33 47 52 
1800 34 39 54 
1800 35 46 59 
1800 36 26 58 
1800 37 31 57 
1800 38 15 51 
1800 39 25 34 
1800 40 22 45 
1800 41 21 54 
1800 42 20 46 
1800 43 17 45 
1800 44 52 58 
1800 45 22 40 43 
1800 46 19 35 42 
1800 47 16 33 
1800 48 25 28 29 
1800 49 18 56 
1800 50 18 60 
1800 51 28 32 38 56 
1800 52 15 33 44 
1800 53 20 24 27 
1800 54 26 34 41 
1800 55 29 60 
1800 56 49 51 
1800 57 37 59 
1800 58 16 32 36 44 
1800 59 21 35 57 
1800 60 50 55 
1800 61 76 102 
1800 62 93 98 
1800 63 95 101 
1800 64 96 
1800 65 69 82 
1800 66 90 97 
1800 67 88 93 
1800 68 90 101 
1800 69 65 
1800 70 77 96 
1800 71 94 96 
1800 72 87 91 
1800 73 87 95 
1800 74 75 92 
1800 75 74 81 89 
1800 76 61 90 
1800 77 70 102 
1800 78 82 
1800 79 84 90 
1800 80 101 102 
1800 81 75 97 
1800 82 65 78 
1800 83 100 102 
1800 84 79 92 
1800 85 
1800 86 98 
1800 87 72 73 
1800 88 8 67 
1800 89 8 75 
1800 90 66 68 76 79 
1800 91 72 
1800 92 74 84 
1800 93 62 67 94 99 
1800 94 71 93 
1800 95 63 73 
1800 96 64 70 71 
1800 97 66 81 
1800 98 62 86 
1800 99 93 
1800 100 83 
1800 101 63 68 80 
1800 102 2 61 77 80 83 
1800 103 112 113 133 
1800 104 127 128 
1800 105 123 127 
1800 106 115 122 136 141 
1800 107 111 
1800 108 122 
1800 109 121 139 144 
1800 110 111 
1800 111 107 110 130 
1800 112 103 114 
1800 113 103 135 
1800 114 112 
1800 115 106 143 
1800 116 118 
1800 117 129 146 
1800 118 116 142 
1800 119 123 129 
1800 120 145 
1800 121 109 125 
1800 122 106 108 
1800 123 105 119 
1800 124 136 145 
1800 125 121 144 
1800 126 146 
1800 127 104 105 138 
1800 128 104 137 
1800 129 117 119 
1800 130 111 138 
1800 131 
1800 132 134 140 
1800 133 103 135 
1800 134 132 141 
1800 135 113 133 
1800 136 106 124 
1800 137 128 146 
1800 138 127 130 
1800 139 109 140 
1800 140 132 139 
1800 141 106 134 
1800 142 118 145 
1800 143 9 115 
1800 144 109 125 
1800 145 120 124 142 
1800 146 117 126 137 
1800 147 152 161 
1800 148 155 164 174 
1800 149 174 176 
1800 150 12 168 
1800 151 164 170 
1800 152 147 177 
1800 153 13 165 
1800 154 157 168 
1800 155 148 167 
1800 156 
1800 157 154 165 
1800 158 172 178 
1800 159 165 175 
1800 160 161 172 
1800 161 147 160 
1800 162 170 172 
1800 163 166 173 
1800 164 148 151 
1800 165 153 157 159 
1800 166 163 177 
1800 167 155 
1800 168 150 154 
1800 169 
1800 170 151 162 
1800 171 173 178 
1800 172 158 160 162 
1800 173 163 171 
1800 174 148 149 
1800 175 159 176 
1800 176 149 175 
1800 177 152 166 
1800 178 158 171 
1800 179 200 209 
1800 180 188 
1800 181 193 200 
1800 182 
1800 183 188 
1800 184 192 197 
1800 185 205 215 
1800 186 192 199 212 
1800 187 188 205 
1800 188 180 183 187 
1800 189 213 214 
1800 190 205 217 
1800 191 217 
1800 192 184 186 
1800 193 181 208 
1800 194 198 205 
1800 195 197 205 
1800 196 14 209 
1800 197 184 195 
1800 198 194 205 
1800 199 186 202 
1800 200 179 181 204 
1800 201 210 
1800 202 199 
1800 203 214 
1800 204 200 211 
1800 205 185 187 190 194 195 198 
1800 206 
1800 207 
1800 208 193 214 
1800 209 179 196 
1800 210 201 
1800 211 204 212 
1800 212 186 211 
1800 213 189 
1800 214 189 203 208 
1800 215 185 
1800 216 
1800 217 14 190 191 
1800 218 0 1 
1800 219 0 2 5 
1800 220 0 2 3 4 
1800 221 0 5 
1800 222 0 1 
1800 223 0 3 4 
1800 224 0 2 5 
1800 225 0 1 4 
1800 226 0 2 5 
1800 227 0 1 3 4 
1800 228 0 3 
1800 229 0 5 
1800 230 0 4 
1800 231 0 2 
1800 232 0 4 5 
1800 233 0 1 
1800 234 0 2 3 4 
1800 235 0 1 5 
1800 236 0 2 3 4 
1800 237 0 1 2 5 
1800 238 0 3 
1800 239 0 5 
1800 240 0 3 
1800 241 0 4 
1800 242 0 1 2 
1800 243 0 1 2 4 
1800 244 0 3 4 5 
1800 245 0 5 
1800 246 0 2 3 
1800 247 0 1 2 5 
3600 0 1 2 3 4 5 218 219 220 221 222 223 224 225 226 227 228 229 230 231 232 233 234 235 236 237 238 239 240 241 242 243 244 245 246 247 
3600 1 0 2 3 4 5 6 7 218 222 225 227 233 235 237 242 243 247 
3600 2 0 1 3 4 5 8 219 220 224 226 231 234 236 237 242 243 246 247 
3600 3 0 1 2 4 5 9 10 220 223 227 228 234 236 238 240 244 246 
3600 4 0 1 2 3 5 11 12 13 220 223 225 227 230 232 234 236 241 243 244 
3600 5 0 1 2 3 4 14 192 219 221 224 226 229 232 235 237 239 244 245 247 
3600 6 1 7 59 
3600 7 1 6 28 40 
3600 8 2 84 
3600 9 3 10 115 145 
3600 10 3 9 104 
3600 11 4 12 13 176 
3600 12 4 11 13 153 
3600 13 4 11 12 
3600 14 5 200 204 
3600 15 50 55 
3600 16 39 60 
3600 17 45 46 
3600 18 47 50 
3600 19 26 31 
3600 20 22 60 
3600 21 30 
3600 22 20 27 
3600 23 41 42 
3600 24 45 56 
3600 25 
3600 26 19 47 
3600 27 22 37 
3600 28 7 47 
3600 29 47 48 
3600 30 21 54 
3600 31 19 33 
3600 32 
3600 33 31 57 
3600 34 54 56 
3600 35 46 53 
3600 36 43 59 
3600 37 27 57 
3600 38 50 55 
3600 39 16 52 
3600 40 7 41 
3600 41 23 40 43 
3600 42 23 46 
3600 43 36 41 
3600 44 51 57 
3600 45 17 24 
3600 46 17 35 42 
3600 47 18 26 28 29 
3600 48 29 58 
3600 49 58 
3600 50 15 18 38 
3600 51 44 53 
3600 52 39 58 
3600 53 35 51 
3600 54 30 34 
3600 55 15 38 
3600 56 24 34 
3600 57 33 37 44 
3600 58 48 49 52 
3600 59 6 36 
3600 60 16 20 
3600 61 65 96 
3600 62 92 100 
3600 63 99 
3600 64 75 89 
3600 65 61 93 
3600 66 97 98 
3600 67 98 99 
3600 68 86 94 
3600 69 73 87 
3600 70 80 100 
3600 71 79 99 
3600 72 74 94 
3600 73 69 74 
3600 74 72 73 
3600 75 64 102 
3600 76 88 101 
3600 77 101 102 
3600 78 
3600 79 71 99 
3600 80 70 96 
3600 81 87 95 
3600 82 98 102 
3600 83 95 97 
3600 84 8 102 
3600 85 
3600 86 68 90 
3600 87 69 81 
3600 88 76 99 
3600 89 64 99 
3600 90 86 100 
3600 91 
3600 92 62 
3600 93 65 94 
3600 94 68 72 93 
3600 95 81 83 
3600 96 61 80 
3600 97 66 83 
3600 98 66 67 82 
3600 99 63 67 71 79 88 89 
3600 100 62 70 90 
3600 101 76 77 
3600 102 75 77 82 84 
3600 103 135 
3600 104 10 120 
3600 105 129 136 139 
3600 106 119 136 
3600 107 
3600 108 121 123 
3600 109 122 123 
3600 110 113 131 
3600 111 123 137 
3600 112 120 140 
3600 113 110 
3600 114 135 
3600 115 9 128 129 141 
3600 116 119 133 
3600 117 122 123 
3600 118 125 130 
3600 119 106 116 
3600 120 104 112 
3600 121 108 130 
3600 122 109 117 
3600 123 108 109 111 117 134 140 
3600 124 132 133 
3600 125 118 138 
3600 126 146 
3600 127 134 141 
3600 128 115 138 
3600 129 105 115 
3600 130 118 121 
3600 131 110 
3600 132 124 143 
3600 133 116 124 
3600 134 123 127 
3600 135 103 114 
3600 136 105 106 
3600 137 111 145 
3600 138 125 128 
3600 139 105 142 
3600 140 112 123 
3600 141 115 127 
3600 142 139 146 
3600 143 132 
3600 144 
3600 145 9 137 
3600 146 126 142 
3600 147 162 173 
3600 148 158 
3600 149 172 178 
3600 150 170 174 
3600 151 159 170 
3600 152 155 161 
3600 153 12 
3600 154 176 
3600 155 152 168 
3600 156 
3600 157 172 175 
3600 158 148 173 
3600 159 151 162 
3600 160 166 178 
3600 161 152 168 
3600 162 147 159 
3600 163 164 171 
3600 164 163 175 
3600 165 171 174 
3600 166 160 177 
3600 167 
3600 168 155 161 
3600 169 
3600 170 150 151 177 
3600 171 163 165 
3600 172 149 157 
3600 173 147 158 
3600 174 150 165 
3600 175 157 164 
3600 176 11 154 
3600 177 166 170 
3600 178 149 160 
3600 179 199 209 
3600 180 
3600 181 196 205 
3600 182 217 
3600 183 188 201 206 
3600 184 185 211 
3600 185 184 192 
3600 186 196 200 
3600 187 212 213 
3600 188 183 202 
3600 189 205 216 
3600 190 204 214 
3600 191 
3600 192 5 185 
3600 193 200 209 
3600 194 195 212 
3600 195 194 198 
3600 196 181 186 
3600 197 203 209 
3600 198 195 
3600 199 179 202 
3600 200 14 186 193 210 
3600 201 183 202 
3600 202 188 199 201 
3600 203 197 217 
3600 204 14 190 
3600 205 181 189 
3600 206 183 
3600 207 
3600 208 209 213 
3600 209 179 193 197 208 216 
3600 210 200 
3600 211 184 
3600 212 187 194 214 
3600 213 187 208 
3600 214 190 212 
3600 215 
3600 216 189 209 
3600 217 182 203 
3600 218 0 1 
3600 219 0 2 5 
3600 220 0 2 3 4 
3600 221 0 5 
3600 222 0 1 
3600 223 0 3 4 
3600 224 0 2 5 
3600 225 0 1 4 
3600 226 0 2 5 
3600 227 0 1 3 4 
3600 228 0 3 
3600 229 0 5 
3600 230 0 4 
3600 231 0 2 
3600 232 0 4 5 
3600 233 0 1 
3600 234 0 2 3 4 
3600 235 0 1 5 
3600 236 0 2 3 4 
3600 237 0 1 2 5 
3600 238 0 3 
3600 239 0 5 
3600 240 0 3 
3600 241 0 4 
3600 242 0 1 2 
3600 243 0 1 2 4 
3600 244 0 3 4 5 
3600 245 0 5 
3600 246 0 2 3 
3600 247 0 1 2 5 
5400 0 1 2 3 4 5 218 219 220 221 222 223 224 225 226 227 228 229 230 231 232 233 234 235 236 237 238 239 240 241 242 243 244 245 246 247 
5400 1 0 2 3 4 5 6 7 218 222 225 227 233 235 237 242 243 247 
5400 2 0 1 3 4 5 8 99 219 220 224 226 231 234 236 237 242 243 246 247 
5400 3 0 1 2 4 5 9 10 220 223 227 228 234 236 238 240 244 246 
5400 4 0 1 2 3 5 11 12 13 220 223 225 227 230 232 234 236 241 243 244 
5400 5 0 1 2 3 4 14 184 219 221 224 226 229 232 235 237 239 244 245 247 
5400 6 1 7 
5400 7 1 6 
5400 8 2 89 99 
5400 9 3 10 
5400 10 3 9 
5400 11 4 12 13 
5400 12 4 11 13 
5400 13 4 11 12 
5400 14 5 214 217 
5400 15 23 28 
5400 16 35 54 
5400 17 30 31 
5400 18 52 57 
5400 19 
5400 20 36 52 
5400 21 47 52 
5400 22 46 
5400 23 15 50 
5400 24 34 44 
5400 25 39 40 
5400 26 28 37 
5400 27 
5400 28 15 26 
5400 29 34 36 
5400 30 17 50 
5400 31 17 39 
5400 32 34 38 
5400 33 51 57 
5400 34 24 29 32 
5400 35 16 59 
5400 36 20 29 46 
5400 37 26 51 
5400 38 32 42 
5400 39 25 31 
5400 40 25 57 
5400 41 55 59 
5400 42 38 53 
5400 43 45 56 
5400 44 24 58 
5400 45 43 50 
5400 46 22 36 
5400 47 21 59 
5400 48 57 59 
5400 49 58 59 
5400 50 23 30 45 
5400 51 33 37 
5400 52 18 20 21 
5400 53 42 55 
5400 54 16 56 
5400 55 41 53 
5400 56 43 54 
5400 57 18 33 40 48 
5400 58 44 49 
5400 59 35 41 47 48 49 
5400 60 
5400 61 89 90 
5400 62 77 88 
5400 63 100 
5400 64 74 96 
5400 65 75 83 
5400 66 
5400 67 76 81 
5400 68 69 98 
5400 69 68 92 
5400 70 77 84 
5400 71 79 93 
5400 72 82 91 
5400 73 92 99 
5400 74 64 94 
5400 75 65 102 
5400 76 67 80 
5400 77 62 70 
5400 78 
5400 79 71 102 
5400 80 76 97 
5400 81 67 99 
5400 82 72 93 
5400 83 65 87 
5400 84 70 102 
5400 85 97 
5400 86 100 
5400 87 83 
5400 88 62 96 
5400 89 8 61 
5400 90 61 94 
5400 91 72 
5400 92 69 73 
5400 93 71 82 
5400 94 74 90 95 
5400 95 94 96 
5400 96 64 88 95 
5400 97 80 85 101 
5400 98 68 
5400 99 2 8 73 81 
5400 100 63 86 101 
5400 101 97 100 
5400 102 75 79 84 
5400 103 114 
5400 104 109 145 
5400 105 111 117 
5400 106 118 138 
5400 107 128 
5400 108 109 118 
5400 109 104 108 
5400 110 118 123 
5400 111 105 133 
5400 112 114 133 
5400 113 140 
5400 114 103 112 125 138 
5400 115 134 136 
5400 116 124 137 
5400 117 105 126 128 139 
5400 118 106 108 110 119 141 
5400 119 118 140 
5400 120 130 137 
5400 121 125 132 
5400 122 129 141 146 
5400 123 110 129 130 
5400 124 116 139 
5400 125 114 121 
5400 126 117 146 
5400 127 136 142 
5400 128 107 117 
5400 129 122 123 
5400 130 120 123 
5400 131 
5400 132 121 134 
5400 133 111 112 
5400 134 115 132 
5400 135 
5400 136 115 127 
5400 137 116 120 
5400 138 106 114 
5400 139 117 124 
5400 140 113 119 
5400 141 118 122 
5400 142 127 
5400 143 144 145 
5400 144 143 
5400 145 104 143 
5400 146 122 126 
5400 147 
5400 148 164 175 
5400 149 159 162 
5400 150 151 178 
5400 151 150 156 170 
5400 152 178 
5400 153 157 169 
5400 154 163 178 
5400 155 163 178 
5400 156 151 162 
5400 157 153 167 170 172 
5400 158 165 175 
5400 159 149 174 
5400 160 172 177 
5400 161 173 176 
5400 162 149 156 
5400 163 154 155 
5400 164 148 171 
5400 165 158 168 
5400 166 171 
5400 167 157 
5400 168 165 178 
5400 169 153 176 
5400 170 151 157 
5400 171 164 166 
5400 172 157 160 
5400 173 161 176 
5400 174 159 
5400 175 148 158 
5400 176 161 169 173 
5400 177 160 
5400 178 150 152 154 155 168 
5400 179 193 204 211 
5400 180 188 
5400 181 202 203 
5400 182 
5400 183 188 206 
5400 184 5 200 
5400 185 189 197 
5400 186 187 204 
5400 187 186 205 
5400 188 180 183 
5400 189 185 199 
5400 190 199 211 
5400 191 208 215 
5400 192 193 194 
5400 193 179 192 
5400 194 192 210 
5400 195 208 212 
5400 196 208 214 
5400 197 185 205 
5400 198 199 212 
5400 199 189 190 198 
5400 200 184 215 
5400 201 
5400 202 181 
5400 203 181 216 
5400 204 179 186 
5400 205 187 197 217 
5400 206 183 
5400 207 
5400 208 191 195 196 
5400 209 212 216 
5400 210 194 212 
5400 211 179 190 
5400 212 195 198 209 210 
5400 213 
5400 214 14 196 
5400 215 191 200 
5400 216 203 209 
5400 217 14 205 
5400 218 0 1 
5400 219 0 2 5 
5400 220 0 2 3 4 
5400 221 0 5 
5400 222 0 1 
5400 223 0 3 4 
5400 224 0 2 5 
5400 225 0 1 4 
5400 226 0 2 5 
5400 227 0 1 3 4 
5400 228 0 3 
5400 229 0 5 
5400 230 0 4 
5400 231 0 2 
5400 232 0 4 5 
5400 233 0 1 
5400 234 0 2 3 4 
5400 235 0 1 5 
5400 236 0 2 3 4 
5400 237 0 1 2 5 
5400 238 0 3 
5400 239 0 5 
5400 240 0 3 
5400 241 0 4 
5400 242 0 1 2 
5400 243 0 1 2 4 
5400 244 0 3 4 5 
5400 245 0 5 
5400 246 0 2 3 
5400 247 0 1 2 5 
7200 0 1 2 3 4 5 218 219 220 221 222 223 224 225 226 227 228 229 230 231 232 233 234 235 236 237 238 239 240 241 242 243 244 245 246 247 
7200 1 0 2 3 4 5 6 7 58 218 222 225 227 233 235 237 242 243 247 
7200 2 0 1 3 4 5 8 219 220 224 226 231 234 236 237 242 243 246 247 
7200 3 0 1 2 4 5 9 10 129 220 223 227 228 234 236 238 240 244 246 
7200 4 0 1 2 3 5 11 12 13 220 223 225 227 230 232 234 236 241 243 244 
7200 5 0 1 2 3 4 14 179 219 221 224 226 229 232 235 237 239 244 245 247 
7200 6 1 7 55 
7200 7 1 6 
7200 8 2 74 
7200 9 3 10 124 
7200 10 3 9 146 
7200 11 4 12 13 
7200 12 4 11 13 178 
7200 13 4 11 12 
7200 14 5 184 197 
7200 15 50 57 
7200 16 46 56 
7200 17 34 57 
7200 18 
7200 19 23 34 
7200 20 47 56 
7200 21 29 34 
7200 22 55 56 
7200 23 19 31 
7200 24 27 51 
7200 25 28 40 
7200 26 55 58 
7200 27 24 39 
7200 28 25 41 
7200 29 21 55 
7200 30 50 51 
7200 31 23 37 
7200 32 33 38 
7200 33 32 42 
7200 34 17 19 21 
7200 35 43 60 
7200 36 37 42 
7200 37 31 36 
7200 38 32 45 
7200 39 27 45 
7200 40 25 60 
7200 41 28 50 
7200 42 33 36 
7200 43 35 59 
7200 44 45 57 
7200 45 38 39 44 54 
7200 46 16 53 
7200 47 20 53 
7200 48 52 54 
7200 49 51 52 
7200 50 15 30 41 59 
7200 51 24 30 49 
7200 52 48 49 
7200 53 46 47 
7200 54 45 48 
7200 55 6 22 26 29 
7200 56 16 20 22 
7200 57 15 17 44 
7200 58 1 26 
7200 59 43 50 
7200 60 35 40 
7200 61 64 76 
7200 62 75 93 
7200 63 86 90 
7200 64 61 102 
7200 65 66 100 
7200 66 65 100 
7200 67 99 101 
7200 68 70 99 
7200 69 76 82 
7200 70 68 87 
7200 71 82 84 
7200 72 87 96 
7200 73 84 90 
7200 74 8 75 
7200 75 62 74 
7200 76 61 69 
7200 77 88 101 
7200 78 85 92 102 
7200 79 96 98 
7200 80 90 
7200 81 90 94 
7200 82 69 71 
7200 83 89 101 
7200 84 71 73 
7200 85 78 88 
7200 86 63 
7200 87 70 72 
7200 88 77 85 
7200 89 83 101 
7200 90 63 73 80 81 93 
7200 91 94 97 
7200 92 78 
7200 93 62 90 
7200 94 81 91 
7200 95 96 99 
7200 96 72 79 95 97 
7200 97 91 96 
7200 98 79 99 
7200 99 67 68 95 98 
7200 100 65 66 
7200 101 67 77 83 89 
7200 102 64 78 
7200 103 112 
7200 104 105 122 
7200 105 104 142 
7200 106 137 141 
7200 107 117 
7200 108 117 121 
7200 109 111 125 
7200 110 116 136 
7200 111 109 115 
7200 112 103 113 
7200 113 112 133 
7200 114 134 
7200 115 111 125 
7200 116 110 121 
7200 117 107 108 
7200 118 128 132 
7200 119 127 145 
7200 120 
7200 121 108 116 128 134 136 
7200 122 104 
7200 123 130 141 146 
7200 124 9 130 145 
7200 125 109 115 
7200 126 
7200 127 119 138 140 
7200 128 118 121 
7200 129 3 138 
7200 130 123 124 
7200 131 139 
7200 132 118 137 
7200 133 113 135 
7200 134 114 121 
7200 135 133 140 
7200 136 110 121 
7200 137 106 132 
7200 138 127 129 
7200 139 131 
7200 140 127 135 
7200 141 106 123 
7200 142 105 
7200 143 
7200 144 
7200 145 119 124 
7200 146 10 123 
7200 147 177 
7200 148 151 172 
7200 149 153 166 
7200 150 166 176 
7200 151 148 158 
7200 152 160 
7200 153 149 167 
7200 154 162 174 
7200 155 164 171 
7200 156 166 175 
7200 157 164 176 
7200 158 151 171 
7200 159 175 178 
7200 160 152 173 
7200 161 163 178 
7200 162 154 166 
7200 163 161 170 173 
7200 164 155 157 172 
7200 165 174 175 
7200 166 149 150 156 162 
7200 167 153 176 
7200 168 
7200 169 
7200 170 163 178 
7200 171 155 158 
7200 172 148 164 
7200 173 160 163 
7200 174 154 165 
7200 175 156 159 165 
7200 176 150 157 167 
7200 177 147 178 
7200 178 12 159 161 170 177 
7200 179 5 181 
7200 180 
7200 181 179 205 
7200 182 191 
7200 183 
7200 184 14 200 205 
7200 185 189 196 
7200 186 194 214 
7200 187 195 204 
7200 188 
7200 189 185 208 213 
7200 190 211 217 
7200 191 182 
7200 192 197 214 
7200 193 
7200 194 186 199 
7200 195 187 217 
7200 196 185 198 211 
7200 197 14 192 208 
7200 198 196 209 
7200 199 194 210 
7200 200 184 217 
7200 201 202 
7200 202 201 
7200 203 217 
7200 204 187 212 
7200 205 181 184 
7200 206 
7200 207 
7200 208 189 197 
7200 209 198 217 
7200 210 199 212 
7200 211 190 196 
7200 212 204 210 
7200 213 189 
7200 214 186 192 
7200 215 
7200 216 
7200 217 190 195 200 203 209 
7200 218 0 1 
7200 219 0 2 5 
7200 220 0 2 3 4 
7200 221 0 5 
7200 222 0 1 
7200 223 0 3 4 
7200 224 0 2 5 
7200 225 0 1 4 
7200 226 0 2 5 
7200 227 0 1 3 4 
7200 228 0 3 
7200 229 0 5 
7200 230 0 4 
7200 231 0 2 
7200 232 0 4 5 
7200 233 0 1 
7200 234 0 2 3 4 
7200 235 0 1 5 
7200 236 0 2 3 4 
7200 237 0 1 2 5 
7200 238 0 3 
7200 239 0 5 
7200 240 0 3 
7200 241 0 4 
7200 242 0 1 2 
7200 243 0 1 2 4 
7200 244 0 3 4 5 
7200 245 0 5 
7200 246 0 2 3 
7200 247 0 1 2 5 
9000 0 1 2 3 4 5 218 219 220 221 222 223 224 225 226 227 228 229 230 231 232 233 234 235 236 237 238 239 240 241 242 243 244 245 246 247 
9000 1 0 2 3 4 5 6 7 218 222 225 227 233 235 237 242 243 247 
9000 2 0 1 3 4 5 8 219 220 224 226 231 234 236 237 242 243 246 247 
9000 3 0 1 2 4 5 9 10 220 223 227 228 234 236 238 240 244 246 
9000 4 0 1 2 3 5 11 12 13 160 174 220 223 225 227 230 232 234 236 241 243 244 
9000 5 0 1 2 3 4 14 219 221 224 226 229 232 235 237 239 244 245 247 
9000 6 1 7 54 
9000 7 1 6 25 
9000 8 2 84 88 
9000 9 3 10 103 
9000 10 3 9 125 
9000 11 4 12 13 174 
9000 12 4 11 13 168 175 
9000 13 4 11 12 166 176 
9000 14 5 213 217 
9000 15 42 47 
9000 16 58 60 
9000 17 59 60 
9000 18 44 47 
9000 19 
9000 20 23 57 
9000 21 46 51 
9000 22 32 56 
9000 23 20 29 
9000 24 26 36 
9000 25 7 38 
9000 26 24 52 
9000 27 39 45 
9000 28 34 45 
9000 29 23 55 
9000 30 37 58 
9000 31 45 50 
9000 32 22 37 
9000 33 49 56 
9000 34 28 53 
9000 35 42 60 
9000 36 24 51 
9000 37 30 32 
9000 38 25 52 
9000 39 27 40 
9000 40 39 47 
9000 41 43 52 
9000 42 15 35 48 
9000 43 41 51 
9000 44 18 46 
9000 45 27 28 31 
9000 46 21 44 50 
9000 47 15 18 40 48 
9000 48 42 47 
9000 49 33 59 
9000 50 31 46 
9000 51 21 36 43 
9000 52 26 38 41 55 
9000 53 34 58 
9000 54 6 
9000 55 29 52 
9000 56 22 33 
9000 57 20 
9000 58 16 30 53 
9000 59 17 49 
9000 60 16 17 35 
9000 61 82 89 
9000 62 70 80 
9000 63 67 79 
9000 64 102 
9000 65 75 81 
9000 66 74 100 
9000 67 63 72 
9000 68 100 101 
9000 69 72 96 
9000 70 62 97 
9000 71 82 87 
9000 72 67 69 79 
9000 73 75 83 
9000 74 66 80 
9000 75 65 73 
9000 76 77 102 
9000 77 76 90 93 
9000 78 
9000 79 63 72 
9000 80 62 74 
9000 81 65 90 
9000 82 61 71 
9000 83 73 100 
9000 84 8 89 
9000 85 88 102 
9000 86 
9000 87 71 101 
9000 88 8 85 
9000 89 61 84 
9000 90 77 81 
9000 91 
9000 92 
9000 93 77 99 
9000 94 97 100 
9000 95 97 102 
9000 96 69 97 
9000 97 70 94 95 96 
9000 98 
9000 99 93 102 
9000 100 66 68 83 94 
9000 101 68 87 
9000 102 64 76 85 95 99 
9000 103 9 121 
9000 104 115 123 
9000 105 117 139 
9000 106 
9000 107 129 
9000 108 123 145 
9000 109 120 140 
9000 110 121 144 
9000 111 116 124 129 134 
9000 112 113 
9000 113 112 
9000 114 131 144 
9000 115 104 124 130 132 
9000 116 111 125 
9000 117 105 128 146 
9000 118 136 140 141 
9000 119 138 
9000 120 109 135 
9000 121 103 110 143 
9000 122 127 134 
9000 123 104 108 137 145 
9000 124 111 115 
9000 125 10 116 133 
9000 126 146 
9000 127 122 136 
9000 128 117 141 
9000 129 107 111 
9000 130 115 138 
9000 131 114 
9000 132 115 133 
9000 133 125 132 
9000 134 111 122 
9000 135 120 
9000 136 118 127 
9000 137 123 139 
9000 138 119 130 
9000 139 105 137 
9000 140 109 118 
9000 141 118 128 
9000 142 
9000 143 121 
9000 144 110 114 
9000 145 108 123 
9000 146 117 126 
9000 147 162 
9000 148 149 164 
9000 149 148 155 
9000 150 159 176 
9000 151 172 
9000 152 156 158 
9000 153 157 176 
9000 154 172 173 
9000 155 149 170 
9000 156 152 158 
9000 157 153 161 
9000 158 152 156 
9000 159 150 173 175 
9000 160 4 172 
9000 161 157 176 
9000 162 147 178 
9000 163 164 176 
9000 164 148 163 
9000 165 168 171 
9000 166 13 170 
9000 167 
9000 168 12 165 
9000 169 
9000 170 155 166 
9000 171 165 
9000 172 151 154 160 
9000 173 154 159 
9000 174 4 11 
9000 175 12 159 
9000 176 13 150 153 161 163 
9000 177 178 
9000 178 162 177 
9000 179 186 213 
9000 180 
9000 181 185 199 
9000 182 194 
9000 183 202 
9000 184 192 204 
9000 185 181 195 197 
9000 186 179 196 211 
9000 187 204 216 
9000 188 202 
9000 189 194 212 
9000 190 204 211 
9000 191 214 
9000 192 184 196 
9000 193 208 209 
9000 194 182 189 
9000 195 185 
9000 196 186 192 
9000 197 185 202 
9000 198 212 217 
9000 199 181 207 208 
9000 200 203 205 
9000 201 206 
9000 202 183 188 197 209 
9000 203 200 204 
9000 204 184 187 190 203 
9000 205 200 
9000 206 201 
9000 207 199 214 
9000 208 193 199 
9000 209 193 202 
9000 210 
9000 211 186 190 
9000 212 189 198 215 216 
9000 213 14 179 
9000 214 191 207 
9000 215 212 
9000 216 187 212 
9000 217 14 198 
9000 218 0 1 
9000 219 0 2 5 
9000 220 0 2 3 4 
9000 221 0 5 
9000 222 0 1 
9000 223 0 3 4 
9000 224 0 2 5 
9000 225 0 1 4 
9000 226 0 2 5 
9000 227 0 1 3 4 
9000 228 0 3 
9000 229 0 5 
9000 230 0 4 
9000 231 0 2 
9000 232 0 4 5 
9000 233 0 1 
9000 234 0 2 3 4 
9000 235 0 1 5 
9000 236 0 2 3 4 
9000 237 0 1 2 5 
9000 238 0 3 
9000 239 0 5 
9000 240 0 3 
9000 241 0 4 
9000 242 0 1 2 
9000 243 0 1 2 4 
9000 244 0 3 4 5 
9000 245 0 5 
9000 246 0 2 3 
9000 247 0 1 2 5 
10800 0 1 2 3 4 5 218 219 220 221 222 223 224 225 226 227 228 229 230 231 232 233 234 235 236 237 238 239 240 241 242 243 244 245 246 247 
10800 1 0 2 3 4 5 6 7 218 222 225 227 233 235 237 242 243 247 
10800 2 0 1 3 4 5 8 219 220 224 226 231 234 236 237 242 243 246 247 
10800 3 0 1 2 4 5 9 10 220 223 227 228 234 236 238 240 244 246 
10800 4 0 1 2 3 5 11 12 13 220 223 225 227 230 232 234 236 241 243 244 
10800 5 0 1 2 3 4 14 219 221 224 226 229 232 235 237 239 244 245 247 
10800 6 1 7 
10800 7 1 6 
10800 8 2 71 75 
10800 9 3 10 116 
10800 10 3 9 
10800 11 4 12 13 149 153 
10800 12 4 11 13 174 178 
10800 13 4 11 12 176 
10800 14 5 184 199 
10800 15 41 51 
10800 16 18 50 
10800 17 36 54 
10800 18 16 43 
10800 19 29 34 42 
10800 20 39 49 
10800 21 45 51 
10800 22 55 59 
10800 23 43 54 
10800 24 53 58 
10800 25 48 57 
10800 26 54 57 
10800 27 47 58 
10800 28 44 46 
10800 29 19 51 
10800 30 55 60 
10800 31 46 50 
10800 32 55 58 
10800 33 55 58 
10800 34 19 57 
10800 35 44 51 
10800 36 17 53 
10800 37 46 47 
10800 38 55 59 
10800 39 20 59 
10800 40 49 51 
10800 41 15 45 
10800 42 19 57 
10800 43 18 23 
10800 44 28 35 
10800 45 21 41 
10800 46 28 31 37 
10800 47 27 37 
10800 48 25 52 
10800 49 20 40 
10800 50 16 31 60 
10800 51 15 21 29 35 40 
10800 52 48 55 
10800 53 24 36 
10800 54 17 23 26 
10800 55 22 30 32 33 38 52 
10800 56 
10800 57 25 26 34 42 
10800 58 24 27 32 33 
10800 59 22 38 39 
10800 60 30 50 
10800 61 67 83 
10800 62 77 83 
10800 63 95 100 
10800 64 102 
10800 65 81 89 
10800 66 94 97 
10800 67 61 86 101 
10800 68 90 94 
10800 69 82 84 
10800 70 74 88 
10800 71 8 98 100 
10800 72 73 87 
10800 73 72 81 
10800 74 70 86 95 
10800 75 8 101 
10800 76 82 96 
10800 77 62 97 
10800 78 85 92 
10800 79 82 92 
10800 80 89 93 
10800 81 65 73 
10800 82 69 76 79 
10800 83 61 62 91 
10800 84 69 98 
10800 85 78 
10800 86 67 74 
10800 87 72 
10800 88 70 
10800 89 65 80 
10800 90 68 93 
10800 91 83 
10800 92 78 79 
10800 93 80 90 96 
10800 94 66 68 99 
10800 95 63 74 
10800 96 76 93 
10800 97 66 77 99 
10800 98 71 84 
10800 99 94 97 
10800 100 63 71 
10800 101 67 75 
10800 102 64 
10800 103 
10800 104 115 134 
10800 105 111 118 
10800 106 109 123 
10800 107 
10800 108 128 129 130 
10800 109 106 125 
10800 110 111 120 
10800 111 105 110 
10800 112 140 
10800 113 131 139 146 
10800 114 133 
10800 115 104 143 
10800 116 9 
10800 117 123 146 
10800 118 105 124 134 137 139 
10800 119 127 138 140 
10800 120 110 132 
10800 121 130 145 
10800 122 126 136 
10800 123 106 117 145 
10800 124 118 144 
10800 125 109 137 
10800 126 122 
10800 127 119 
10800 128 108 138 
10800 129 108 141 
10800 130 108 121 
10800 131 113 
10800 132 120 144 
10800 133 114 143 
10800 134 104 118 
10800 135 142 
10800 136 122 141 
10800 137 118 125 
10800 138 119 128 
10800 139 113 118 
10800 140 112 119 
10800 141 129 136 
10800 142 135 
10800 143 115 133 
10800 144 124 132 
10800 145 121 123 
10800 146 113 117 
10800 147 154 158 
10800 148 149 167 
10800 149 11 148 
10800 150 154 176 
10800 151 171 172 
10800 152 
10800 153 11 171 
10800 154 147 150 
10800 155 166 167 
10800 156 177 
10800 157 161 171 
10800 158 147 165 
10800 159 163 175 
10800 160 167 169 
10800 161 157 164 
10800 162 175 
10800 163 159 178 
10800 164 161 165 
10800 165 158 164 
10800 166 155 172 
10800 167 148 155 160 170 
10800 168 170 
10800 169 160 
10800 170 167 168 
10800 171 151 153 157 
10800 172 151 166 
10800 173 175 177 
10800 174 12 
10800 175 159 162 173 
10800 176 13 150 
10800 177 156 173 
10800 178 12 163 
10800 179 194 211 
10800 180 
10800 181 197 203 
10800 182 
10800 183 202 212 
10800 184 14 
10800 185 186 214 
10800 186 185 
10800 187 204 212 
10800 188 
10800 189 194 200 
10800 190 209 
10800 191 
10800 192 194 214 
10800 193 196 213 
10800 194 179 189 192 195 
10800 195 194 201 
10800 196 193 202 
10800 197 181 217 
10800 198 200 208 
10800 199 14 214 
10800 200 189 198 
10800 201 195 
10800 202 183 196 
10800 203 181 214 
10800 204 187 212 
10800 205 208 214 
10800 206 
10800 207 
10800 208 198 205 209 
10800 209 190 208 
10800 210 
10800 211 179 
10800 212 183 187 204 213 
10800 213 193 212 
10800 214 185 192 199 203 205 217 
10800 215 
10800 216 
10800 217 197 214 
10800 218 0 1 
10800 219 0 2 5 
10800 220 0 2 3 4 
10800 221 0 5 
10800 222 0 1 
10800 223 0 3 4 
10800 224 0 2 5 
10800 225 0 1 4 
10800 226 0 2 5 
10800 227 0 1 3 4 
10800 228 0 3 
10800 229 0 5 
10800 230 0 4 
10800 231 0 2 
10800 232 0 4 5 
10800 233 0 1 
10800 234 0 2 3 4 
10800 235 0 1 5 
10800 236 0 2 3 4 
10800 237 0 1 2 5 
10800 238 0 3 
10800 239 0 5 
10800 240 0 3 
10800 241 0 4 
10800 242 0 1 2 
10800 243 0 1 2 4 
10800 244 0 3 4 5 
10800 245 0 5 
10800 246 0 2 3 
10800 247 0 1 2 5 
12600 0 1 2 3 4 5 218 219 220 221 222 223 224 225 226 227 228 229 230 231 232 233 234 235 236 237 238 239 240 241 242 243 244 245 246 247 
12600 1 0 2 3 4 5 6 7 218 222 225 227 233 235 237 242 243 247 
12600 2 0 1 3 4 5 8 83 85 94 219 220 224 226 231 234 236 237 242 243 246 247 
12600 3 0 1 2 4 5 9 10 123 220 223 227 228 234 236 238 240 244 246 
12600 4 0 1 2 3 5 11 12 13 220 223 225 227 230 232 234 236 241 243 244 
12600 5 0 1 2 3 4 14 219 221 224 226 229 232 235 237 239 244 245 247 
12600 6 1 7 
12600 7 1 6 
12600 8 2 63 99 
12600 9 3 10 
12600 10 3 9 123 
12600 11 4 12 13 
12600 12 4 11 13 
12600 13 4 11 12 166 
12600 14 5 202 
12600 15 20 32 
12600 16 41 51 
12600 17 29 55 
12600 18 
12600 19 
12600 20 15 27 
12600 21 27 38 
12600 22 43 45 
12600 23 39 60 
12600 24 54 56 
12600 25 35 52 
12600 26 40 57 
12600 27 20 21 
12600 28 50 58 
12600 29 17 48 
12600 30 44 53 
12600 31 46 47 
12600 32 15 33 
12600 33 32 50 
12600 34 51 58 
12600 35 25 56 
12600 36 46 54 
12600 37 52 58 
12600 38 21 51 
12600 39 23 40 
12600 40 26 39 
12600 41 16 48 
12600 42 43 54 
12600 43 22 42 59 
12600 44 30 58 
12600 45 22 55 
12600 46 31 36 
12600 47 31 58 
12600 48 29 41 
12600 49 60 
12600 50 28 33 
12600 51 16 34 38 59 
12600 52 25 37 57 
12600 53 30 58 
12600 54 24 36 42 
12600 55 17 45 
12600 56 24 35 
12600 57 26 52 
12600 58 28 34 37 44 47 53 
12600 59 43 51 
12600 60 23 49 
12600 61 91 95 
12600 62 93 95 
12600 63 8 
12600 64 102 
12600 65 80 99 
12600 66 75 76 
12600 67 95 97 
12600 68 84 87 
12600 69 97 99 
12600 70 95 96 
12600 71 82 85 
12600 72 96 100 
12600 73 83 97 
12600 74 87 
12600 75 66 84 
12600 76 66 90 
12600 77 95 101 
12600 78 
12600 79 81 82 
12600 80 65 90 
12600 81 79 102 
12600 82 71 79 
12600 83 2 73 
12600 84 68 75 89 94 
12600 85 2 71 
12600 86 93 
12600 87 68 74 
12600 88 93 101 
12600 89 84 90 
12600 90 76 80 89 
12600 91 61 97 
12600 92 
12600 93 62 86 88 
12600 94 2 84 
12600 95 61 62 67 70 77 
12600 96 70 72 
12600 97 67 69 73 91 
12600 98 99 
12600 99 8 65 69 98 
12600 100 72 
12600 101 77 88 
12600 102 64 81 
12600 103 
12600 104 117 138 
12600 105 107 141 
12600 106 107 139 
12600 107 105 106 
12600 108 136 137 145 
12600 109 111 115 
12600 110 118 137 
12600 111 109 125 
12600 112 113 135 
12600 113 112 140 
12600 114 115 
12600 115 109 114 129 144 
12600 116 138 143 
12600 117 104 126 130 
12600 118 110 139 
12600 119 121 127 134 
12600 120 140 
12600 121 119 124 
12600 122 
12600 123 3 10 
12600 124 121 133 134 143 
12600 125 111 132 
12600 126 117 
12600 127 119 132 
12600 128 136 142 
12600 129 115 146 
12600 130 117 133 
12600 131 
12600 132 125 127 
12600 133 124 130 
12600 134 119 124 
12600 135 112 141 
12600 136 108 128 
12600 137 108 110 
12600 138 104 116 
12600 139 106 118 
12600 140 113 120 
12600 141 105 135 
12600 142 128 146 
12600 143 116 124 
12600 144 115 
12600 145 108 
12600 146 129 142 
12600 147 
12600 148 162 171 
12600 149 155 178 
12600 150 151 172 
12600 151 150 178 
12600 152 168 177 
12600 153 171 
12600 154 156 174 
12600 155 149 169 
12600 156 154 165 175 
12600 157 170 
12600 158 174 175 
12600 159 
12600 160 170 173 
12600 161 172 176 
12600 162 148 172 
12600 163 164 165 166 
12600 164 163 170 
12600 165 156 163 
12600 166 13 163 
12600 167 
12600 168 152 
12600 169 155 176 
12600 170 157 160 164 
12600 171 148 153 
12600 172 150 161 162 
12600 173 160 
12600 174 154 158 
12600 175 156 158 
12600 176 161 169 
12600 177 152 
12600 178 149 151 
12600 179 196 205 
12600 180 
12600 181 192 212 
12600 182 
12600 183 201 206 
12600 184 191 204 
12600 185 199 211 
12600 186 187 195 
12600 187 186 201 
12600 188 
12600 189 196 212 
12600 190 194 
12600 191 184 
12600 192 181 
12600 193 200 212 
12600 194 190 197 
12600 195 186 208 
12600 196 179 189 
12600 197 194 215 
12600 198 205 
12600 199 185 217 
12600 200 193 214 
12600 201 183 187 
12600 202 14 203 209 211 
12600 203 202 214 
12600 204 184 
12600 205 179 198 
12600 206 183 210 
12600 207 
12600 208 195 212 
12600 209 202 217 
12600 210 206 212 
12600 211 185 202 
12600 212 181 189 193 208 210 
12600 213 
12600 214 200 203 
12600 215 197 
12600 216 
12600 217 199 209 
12600 218 0 1 
12600 219 0 2 5 
12600 220 0 2 3 4 
12600 221 0 5 
12600 222 0 1 
12600 223 0 3 4 
12600 224 0 2 5 
12600 225 0 1 4 
12600 226 0 2 5 
12600 227 0 1 3 4 
12600 228 0 3 
12600 229 0 5 
12600 230 0 4 
12600 231 0 2 
12600 232 0 4 5 
12600 233 0 1 
12600 234 0 2 3 4 
12600 235 0 1 5 
12600 236 0 2 3 4 
12600 237 0 1 2 5 
12600 238 0 3 
12600 239 0 5 
12600 240 0 3 
12600 241 0 4 
12600 242 0 1 2 
12600 243 0 1 2 4 
12600 244 0 3 4 5 
12600 245 0 5 
12600 246 0 2 3 
12600 247 0 1 2 5 
14400 0 1 2 3 4 5 218 219 220 221 222 223 224 225 226 227 228 229 230 231 232 233 234 235 236 237 238 239 240 241 242 243 244 245 246 247 
14400 1 0 2 3 4 5 6 7 218 222 225 227 233 235 237 242 243 247 
14400 2 0 1 3 4 5 8 219 220 224 226 231 234 236 237 242 243 246 247 
14400 3 0 1 2 4 5 9 10 125 220 223 227 228 234 236 238 240 244 246 
14400 4 0 1 2 3 5 11 12 13 164 220 223 225 227 230 232 234 236 241 243 244 
14400 5 0 1 2 3 4 14 189 205 219 221 224 226 229 232 235 237 239 244 245 247 
14400 6 1 7 50 
14400 7 1 6 44 46 
14400 8 2 79 82 
14400 9 3 10 111 
14400 10 3 9 
14400 11 4 12 13 150 174 
14400 12 4 11 13 160 
14400 13 4 11 12 149 
14400 14 5 196 198 
14400 15 46 54 
14400 16 43 45 
14400 17 37 38 
14400 18 25 60 
14400 19 21 
14400 20 35 53 
14400 21 19 51 
14400 22 32 57 
14400 23 42 48 
14400 24 51 58 
14400 25 18 38 
14400 26 47 60 
14400 27 36 58 
14400 28 45 50 
14400 29 48 56 
14400 30 50 59 
14400 31 39 41 
14400 32 22 59 
14400 33 42 52 
14400 34 41 56 
14400 35 20 36 53 
14400 36 27 35 
14400 37 17 51 
14400 38 17 25 
14400 39 31 46 
14400 40 43 44 
14400 41 31 34 
14400 42 23 33 
14400 43 16 40 
14400 44 7 40 
14400 45 16 28 
14400 46 7 15 39 
14400 47 26 52 
14400 48 23 29 
14400 49 55 56 
14400 50 6 28 30 
14400 51 21 24 37 57 
14400 52 33 47 
14400 53 20 35 
14400 54 15 
14400 55 49 60 
14400 56 29 34 49 
14400 57 22 51 
14400 58 24 27 
14400 59 30 32 
14400 60 18 26 55 
14400 61 83 97 
14400 62 75 99 
14400 63 81 99 
14400 64 76 
14400 65 81 94 
14400 66 68 93 
14400 67 94 97 
14400 68 66 100 
14400 69 74 95 
14400 70 81 84 
14400 71 76 90 
14400 72 87 94 
14400 73 95 97 
14400 74 69 88 
14400 75 62 83 
14400 76 64 71 
14400 77 90 97 
14400 78 96 
14400 79 8 
14400 80 96 101 
14400 81 63 65 70 
14400 82 8 95 
14400 83 61 75 
14400 84 70 99 
14400 85 
14400 86 98 101 
14400 87 72 97 
14400 88 74 102 
14400 89 94 102 
14400 90 71 77 
14400 91 97 
14400 92 
14400 93 66 95 
14400 94 65 67 72 89 
14400 95 69 73 82 93 
14400 96 78 80 
14400 97 61 67 73 77 87 91 
14400 98 86 101 
14400 99 62 63 84 
14400 100 68 101 
14400 101 80 86 98 100 
14400 102 88 89 
14400 103 132 
14400 104 112 142 
14400 105 128 139 
14400 106 111 130 136 
14400 107 
14400 108 124 128 141 
14400 109 115 121 136 146 
14400 110 116 137 
14400 111 9 106 
14400 112 104 114 
14400 113 
14400 114 112 144 
14400 115 109 143 
14400 116 110 118 119 140 
14400 117 126 
14400 118 116 125 
14400 119 116 132 
14400 120 135 
14400 121 109 134 
14400 122 134 138 
14400 123 137 138 140 
14400 124 108 146 
14400 125 3 118 
14400 126 117 131 
14400 127 129 145 
14400 128 105 108 
14400 129 127 139 
14400 130 106 
14400 131 126 
14400 132 103 119 
14400 133 144 
14400 134 121 122 
14400 135 120 
14400 136 106 109 
14400 137 110 123 
14400 138 122 123 
14400 139 105 129 
14400 140 116 123 
14400 141 108 145 
14400 142 104 
14400 143 115 
14400 144 114 133 
14400 145 127 141 
14400 146 109 124 
14400 147 152 155 159 168 
14400 148 159 172 
14400 149 13 166 
14400 150 11 171 
14400 151 156 163 
14400 152 147 
14400 153 163 
14400 154 
14400 155 147 165 
14400 156 151 157 
14400 157 156 158 
14400 158 157 174 
14400 159 147 148 
14400 160 12 166 170 175 
14400 161 176 178 
14400 162 165 173 
14400 163 151 153 171 
14400 164 4 173 
14400 165 155 162 175 176 
14400 166 149 160 
14400 167 169 
14400 168 147 
14400 169 167 170 
14400 170 160 169 
14400 171 150 163 
14400 172 148 
14400 173 162 164 178 
14400 174 11 158 
14400 175 160 165 
14400 176 161 165 
14400 177 
14400 178 161 173 
14400 179 209 213 
14400 180 
14400 181 186 204 
14400 182 215 
14400 183 
14400 184 192 200 
14400 185 199 203 
14400 186 181 193 
14400 187 188 206 
14400 188 187 
14400 189 5 213 
14400 190 200 209 
14400 191 
14400 192 184 209 
14400 193 186 203 216 
14400 194 212 214 
14400 195 208 217 
14400 196 14 217 
14400 197 209 
14400 198 14 211 
14400 199 185 214 
14400 200 184 190 
14400 201 210 
14400 202 
14400 203 185 193 
14400 204 181 215 
14400 205 5 
14400 206 187 210 
14400 207 
14400 208 195 214 
14400 209 179 190 192 197 
14400 210 201 206 
14400 211 198 217 
14400 212 194 216 
14400 213 179 189 
14400 214 194 199 208 
14400 215 182 204 
14400 216 193 212 
14400 217 195 196 211 
14400 218 0 1 
14400 219 0 2 5 
14400 220 0 2 3 4 
14400 221 0 5 
14400 222 0 1 
14400 223 0 3 4 
14400 224 0 2 5 
14400 225 0 1 4 
14400 226 0 2 5 
14400 227 0 1 3 4 
14400 228 0 3 
14400 229 0 5 
14400 230 0 4 
14400 231 0 2 
14400 232 0 4 5 
14400 233 0 1 
14400 234 0 2 3 4 
14400 235 0 1 5 
14400 236 0 2 3 4 
14400 237 0 1 2 5 
14400 238 0 3 
14400 239 0 5 
14400 240 0 3 
14400 241 0 4 
14400 242 0 1 2 
14400 243 0 1 2 4 
14400 244 0 3 4 5 
14400 245 0 5 
14400 246 0 2 3 
14400 247 0 1 2 5 
16200 0 1 2 3 4 5 218 219 220 221 222 223 224 225 226 227 228 229 230 231 232 233 234 235 236 237 238 239 240 241 242 243 244 245 246 247 
16200 1 0 2 3 4 5 6 7 37 218 222 225 227 233 235 237 242 243 247 
16200 2 0 1 3 4 5 8 219 220 224 226 231 234 236 237 242 243 246 247 
16200 3 0 1 2 4 5 9 10 116 220 223 227 228 234 236 238 240 244 246 
16200 4 0 1 2 3 5 11 12 13 220 223 225 227 230 232 234 236 241 243 244 
16200 5 0 1 2 3 4 14 219 221 224 226 229 232 235 237 239 244 245 247 
16200 6 1 7 15 
16200 7 1 6 
16200 8 2 87 
16200 9 3 10 110 
16200 10 3 9 132 
16200 11 4 12 13 155 
16200 12 4 11 13 164 
16200 13 4 11 12 159 160 171 
16200 14 5 199 
16200 15 6 50 
16200 16 52 60 
16200 17 23 51 
16200 18 47 52 
16200 19 27 
16200 20 27 41 
16200 21 33 58 
16200 22 47 52 
16200 23 17 28 
16200 24 37 54 
16200 25 26 54 
16200 26 25 59 
16200 27 19 20 
16200 28 23 31 
16200 29 44 55 
16200 30 32 38 
16200 31 28 36 
16200 32 30 49 
16200 33 21 44 
16200 34 35 42 
16200 35 34 59 
16200 36 31 45 
16200 37 1 24 
16200 38 30 56 
16200 39 43 53 
16200 40 46 59 
16200 41 20 48 
16200 42 34 46 
16200 43 39 45 
16200 44 29 33 58 
16200 45 36 43 
16200 46 40 42 
16200 47 18 22 53 
16200 48 41 59 
16200 49 32 
16200 50 15 60 
16200 51 17 57 
16200 52 16 18 22 
16200 53 39 47 
16200 54 24 25 
16200 55 29 56 
16200 56 38 55 
16200 57 51 
16200 58 21 44 
16200 59 26 35 40 48 
16200 60 16 50 
16200 61 96 97 
16200 62 69 92 
16200 63 65 100 
16200 64 96 
16200 65 63 99 
16200 66 73 99 
16200 67 73 80 
16200 68 74 87 
16200 69 62 101 
16200 70 99 102 
16200 71 77 99 
16200 72 91 94 
16200 73 66 67 84 95 
16200 74 68 90 
16200 75 88 93 
16200 76 93 
16200 77 71 97 
16200 78 80 92 
16200 79 94 98 
16200 80 67 78 81 
16200 81 80 95 
16200 82 100 102 
16200 83 
16200 84 73 88 
16200 85 
16200 86 90 
16200 87 8 68 
16200 88 75 84 89 
16200 89 88 96 
16200 90 74 86 
16200 91 72 97 
16200 92 62 78 
16200 93 75 76 
16200 94 72 79 
16200 95 73 81 
16200 96 61 64 89 
16200 97 61 77 91 
16200 98 79 101 
16200 99 65 66 70 71 
16200 100 63 82 
16200 101 69 98 
16200 102 70 82 
16200 103 
16200 104 127 139 
16200 105 135 145 
16200 106 123 129 
16200 107 142 
16200 108 117 119 
16200 109 124 139 
16200 110 9 133 134 
16200 111 130 134 
16200 112 118 
16200 113 120 
16200 114 120 128 
16200 115 122 143 
16200 116 3 
16200 117 108 124 
16200 118 112 122 133 140 
16200 119 108 145 
16200 120 113 114 
16200 121 123 132 
16200 122 115 118 
16200 123 106 121 
16200 124 109 117 129 
16200 125 128 130 
16200 126 
16200 127 104 135 
16200 128 114 125 
16200 129 106 124 
16200 130 111 125 
16200 131 142 146 
16200 132 10 121 
16200 133 110 118 
16200 134 110 111 
16200 135 105 127 
16200 136 141 
16200 137 138 141 
16200 138 137 143 
16200 139 104 109 
16200 140 118 146 
16200 141 136 137 
16200 142 107 131 
16200 143 115 138 
16200 144 
16200 145 105 119 
16200 146 131 140 
16200 147 149 158 
16200 148 170 175 
16200 149 147 156 
16200 150 164 173 
16200 151 162 168 
16200 152 178 
16200 153 
16200 154 164 170 
16200 155 11 
16200 156 149 
16200 157 163 175 
16200 158 147 173 
16200 159 13 174 
16200 160 13 173 
16200 161 168 177 
16200 162 151 175 
16200 163 157 166 
16200 164 12 150 154 
16200 165 174 175 
16200 166 163 172 
16200 167 
16200 168 151 161 
16200 169 
16200 170 148 154 
16200 171 13 177 
16200 172 166 174 
16200 173 150 158 160 
16200 174 159 165 172 
16200 175 148 157 162 165 178 
16200 176 
16200 177 161 171 
16200 178 152 175 
16200 179 181 194 
16200 180 213 
16200 181 179 214 
16200 182 215 
16200 183 187 201 
16200 184 187 200 
16200 185 209 214 
16200 186 195 196 
16200 187 183 184 201 
16200 188 
16200 189 204 214 
16200 190 193 213 
16200 191 192 196 
16200 192 191 217 
16200 193 190 211 
16200 194 179 212 
16200 195 186 197 205 208 
16200 196 186 191 203 205 
16200 197 195 215 
16200 198 204 208 
16200 199 14 212 
16200 200 184 204 
16200 201 183 187 
16200 202 
16200 203 196 
16200 204 189 198 200 217 
16200 205 195 196 
16200 206 
16200 207 
16200 208 195 198 
16200 209 185 214 
16200 210 
16200 211 193 
16200 212 194 199 
16200 213 180 190 
16200 214 181 185 189 209 
16200 215 182 197 
16200 216 
16200 217 192 204 
16200 218 0 1 
16200 219 0 2 5 
16200 220 0 2 3 4 
16200 221 0 5 
16200 222 0 1 
16200 223 0 3 4 
16200 224 0 2 5 
16200 225 0 1 4 
16200 226 0 2 5 
16200 227 0 1 3 4 
16200 228 0 3 
16200 229 0 5 
16200 230 0 4 
16200 231 0 2 
16200 232 0 4 5 
16200 233 0 1 
16200 234 0 2 3 4 
16200 235 0 1 5 
16200 236 0 2 3 4 
16200 237 0 1 2 5 
16200 238 0 3 
16200 239 0 5 
16200 240 0 3 
16200 241 0 4 
16200 242 0 1 2 
16200 243 0 1 2 4 
16200 244 0 3 4 5 
16200 245 0 5 
16200 246 0 2 3 
16200 247 0 1 2 5 
18000 0 1 2 3 4 5 218 219 220 221 222 223 224 225 226 227 228 229 230 231 232 233 234 235 236 237 238 239 240 241 242 243 244 245 246 247 
18000 1 0 2 3 4 5 6 7 218 222 225 227 233 235 237 242 243 247 
18000 2 0 1 3 4 5 8 219 220 224 226 231 234 236 237 242 243 246 247 
18000 3 0 1 2 4 5 9 10 220 223 227 228 234 236 238 240 244 246 
18000 4 0 1 2 3 5 11 12 13 220 223 225 227 230 232 234 236 241 243 244 
18000 5 0 1 2 3 4 14 219 221 224 226 229 232 235 237 239 244 245 247 
18000 6 1 7 
18000 7 1 6 
18000 8 2 99 
18000 9 3 10 
18000 10 3 9 104 
18000 11 4 12 13 
18000 12 4 11 13 164 
18000 13 4 11 12 
18000 14 5 181 209 
18000 15 43 51 
18000 16 45 50 
18000 17 38 59 
18000 18 57 59 
18000 19 23 
18000 20 29 42 
18000 21 49 57 
18000 22 44 53 
18000 23 19 
18000 24 46 58 
18000 25 50 55 
18000 26 42 59 
18000 27 34 46 
18000 28 48 54 
18000 29 20 39 
18000 30 54 57 
18000 31 35 41 
18000 32 34 56 
18000 33 43 59 
18000 34 27 32 
18000 35 31 46 
18000 36 37 58 
18000 37 36 58 
18000 38 17 41 60 
18000 39 29 
18000 40 56 57 
18000 41 31 38 
18000 42 20 26 
18000 43 15 33 
18000 44 22 
18000 45 16 56 
18000 46 24 27 35 55 
18000 47 48 60 
18000 48 28 47 52 
18000 49 21 52 
18000 50 16 25 
18000 51 15 53 
18000 52 48 49 
18000 53 22 51 
18000 54 28 30 
18000 55 25 46 
18000 56 32 40 45 
18000 57 18 21 30 40 
18000 58 24 36 37 
18000 59 17 18 26 33 
18000 60 38 47 
18000 61 77 84 
18000 62 79 93 
18000 63 77 79 
18000 64 85 96 
18000 65 92 101 
18000 66 97 101 
18000 67 81 97 
18000 68 70 
18000 69 90 100 
18000 70 68 100 
18000 71 96 102 
18000 72 73 80 
18000 73 72 81 
18000 74 80 94 
18000 75 82 93 
18000 76 95 99 
18000 77 61 63 87 
18000 78 99 
18000 79 62 63 
18000 80 72 74 
18000 81 67 73 
18000 82 75 99 
18000 83 94 101 
18000 84 61 93 
18000 85 64 92 
18000 86 90 100 
18000 87 77 93 
18000 88 90 101 
18000 89 99 100 
18000 90 69 86 88 98 
18000 91 
18000 92 65 85 
18000 93 62 75 84 87 
18000 94 74 83 
18000 95 76 97 
18000 96 64 71 
18000 97 66 67 95 
18000 98 90 101 
18000 99 8 76 78 82 89 
18000 100 69 70 86 89 
18000 101 65 66 83 88 98 
18000 102 71 
18000 103 112 
18000 104 10 117 
18000 105 122 137 140 
18000 106 111 122 
18000 107 126 136 
18000 108 117 123 145 
18000 109 110 129 138 
18000 110 109 132 
18000 111 106 140 145 
18000 112 103 
18000 113 116 124 
18000 114 144 
18000 115 119 127 
18000 116 113 120 135 137 142 
18000 117 104 108 
18000 118 130 146 
18000 119 115 143 
18000 120 116 128 
18000 121 129 134 
18000 122 105 106 
18000 123 108 138 
18000 124 113 139 
18000 125 
18000 126 107 
18000 127 115 132 
18000 128 120 130 135 139 141 
18000 129 109 121 
18000 130 118 128 
18000 131 
18000 132 110 127 
18000 133 143 
18000 134 121 142 
18000 135 116 128 
18000 136 107 141 
18000 137 105 116 
18000 138 109 123 
18000 139 124 128 
18000 140 105 111 
18000 141 128 136 
18000 142 116 134 
18000 143 119 133 
18000 144 114 
18000 145 108 111 
18000 146 118 
18000 147 150 159 
18000 148 159 178 
18000 149 150 176 
18000 150 147 149 
18000 151 171 174 
18000 152 173 
18000 153 167 172 
18000 154 162 178 
18000 155 166 176 
18000 156 159 
18000 157 165 171 
18000 158 162 
18000 159 147 148 156 168 
18000 160 166 171 
18000 161 
18000 162 154 158 
18000 163 168 172 
18000 164 12 
18000 165 157 177 
18000 166 155 160 
18000 167 153 176 
18000 168 159 163 
18000 169 170 176 
18000 170 169 176 
18000 171 151 157 160 
18000 172 153 163 
18000 173 152 176 
18000 174 151 175 
18000 175 174 176 
18000 176 149 155 167 169 170 173 175 
18000 177 165 
18000 178 148 154 
18000 179 186 201 
18000 180 216 
18000 181 14 200 
18000 182 
18000 183 197 212 
18000 184 205 215 
18000 185 208 210 
18000 186 179 212 
18000 187 201 205 
18000 188 
18000 189 192 200 
18000 190 208 
18000 191 215 
18000 192 189 209 
18000 193 202 208 
18000 194 200 204 
18000 195 205 211 
18000 196 200 215 
18000 197 183 211 
18000 198 199 202 
18000 199 198 205 
18000 200 181 189 194 196 
18000 201 179 187 210 
18000 202 193 198 206 213 
18000 203 204 213 
18000 204 194 203 
18000 205 184 187 195 199 
18000 206 202 
18000 207 
18000 208 185 190 193 
18000 209 14 192 
18000 210 185 201 
18000 211 195 197 217 
18000 212 183 186 
18000 213 202 203 
18000 214 215 217 
18000 215 184 191 196 214 
18000 216 180 
18000 217 211 214 
18000 218 0 1 
18000 219 0 2 5 
18000 220 0 2 3 4 
18000 221 0 5 
18000 222 0 1 
18000 223 0 3 4 
18000 224 0 2 5 
18000 225 0 1 4 
18000 226 0 2 5 
18000 227 0 1 3 4 
18000 228 0 3 
18000 229 0 5 
18000 230 0 4 
18000 231 0 2 
18000 232 0 4 5 
18000 233 0 1 
18000 234 0 2 3 4 
18000 235 0 1 5 
18000 236 0 2 3 4 
18000 237 0 1 2 5 
18000 238 0 3 
18000 239 0 5 
18000 240 0 3 
18000 241 0 4 
18000 242 0 1 2 
18000 243 0 1 2 4 
18000 244 0 3 4 5 
18000 245 0 5 
18000 246 0 2 3 
18000 247 0 1 2 5 
