0 21600
0 0 209 210 211 212 213 214 215 216 217 218 219 220 221 222 223 224 225 226 227 228 229 230 231 232 233 234 235 236 237 238 
0 1 6 7 8 20 21 23 24 25 26 27 28 29 30 31 32 33 34 35 36 37 39 40 41 44 45 48 51 52 54 209 211 212 213 214 215 217 219 220 221 223 225 227 228 230 231 232 234 235 237 
0 2 9 10 11 58 59 60 61 65 68 69 70 71 72 73 74 78 79 80 81 83 85 86 87 89 90 91 210 211 213 216 217 220 221 222 223 226 227 228 229 231 232 235 236 237 
0 3 12 13 14 93 94 97 98 99 103 104 105 106 108 113 115 116 117 118 119 120 124 125 126 210 212 213 214 215 217 218 221 222 223 226 229 230 231 232 234 236 237 
0 4 15 129 131 132 133 134 135 138 140 141 143 144 145 147 149 150 151 152 154 155 156 157 159 161 165 168 170 171 174 209 211 212 213 214 215 216 219 220 221 222 224 226 229 230 231 232 234 235 237 238 
0 5 16 17 18 175 176 177 181 183 184 186 187 188 189 190 191 192 193 194 195 196 197 198 199 201 202 203 204 205 206 207 210 211 212 214 215 217 218 220 222 223 224 225 227 228 229 231 233 235 236 238 
0 6 1 7 8 20 21 23 24 25 26 27 28 29 30 31 32 33 34 35 36 37 39 40 41 44 45 48 51 52 54 
0 7 1 6 8 20 21 23 24 25 26 27 28 29 30 31 32 33 34 35 36 37 39 40 41 44 45 48 51 52 54 
0 8 1 6 7 20 21 23 24 25 26 27 28 29 30 31 32 33 34 35 36 37 39 40 41 44 45 48 51 52 54 
0 9 2 10 11 58 59 60 61 65 68 69 70 71 72 73 74 78 79 80 81 83 85 86 87 89 90 91 
0 10 2 9 11 58 59 60 61 65 68 69 70 71 72 73 74 78 79 80 81 83 85 86 87 89 90 91 
0 11 2 9 10 58 59 60 61 65 68 69 70 71 72 73 74 78 79 80 81 83 85 86 87 89 90 91 
0 12 3 13 14 93 94 97 98 99 103 104 105 106 108 113 115 116 117 118 119 120 124 125 126 
0 13 3 12 14 93 94 97 98 99 103 104 105 106 108 113 115 116 117 118 119 120 124 125 126 
0 14 3 12 13 93 94 97 98 99 103 104 105 106 108 113 115 116 117 118 119 120 124 125 126 
0 15 4 129 131 132 133 134 135 138 140 141 143 144 145 147 149 150 151 152 154 155 156 157 159 161 165 168 170 171 174 
0 16 5 17 18 175 176 177 181 183 184 186 187 188 189 190 191 192 193 194 195 196 197 198 199 201 202 203 204 205 206 207 
0 17 5 16 18 175 176 177 181 183 184 186 187 188 189 190 191 192 193 194 195 196 197 198 199 201 202 203 204 205 206 207 
0 18 5 16 17 175 176 177 181 183 184 186 187 188 189 190 191 192 193 194 195 196 197 198 199 201 202 203 204 205 206 207 
0 19 22 23 28 30 32 33 34 43 45 48 52 
0 20 1 6 7 8 21 23 24 25 26 27 28 29 30 31 32 33 34 35 36 37 39 40 44 45 46 48 51 52 54 
0 21 1 6 7 8 20 24 25 26 27 28 29 30 31 34 35 36 37 39 40 45 46 48 51 54 55 
0 22 19 32 33 34 43 48 52 
0 23 1 6 7 8 19 20 24 26 27 28 29 30 32 34 35 39 41 43 44 45 51 54 
0 24 1 6 7 8 20 21 23 25 26 27 28 29 30 31 35 36 37 38 39 40 41 44 45 51 54 
0 25 1 6 7 8 20 21 24 26 27 28 29 30 31 32 33 34 35 36 39 40 45 46 48 51 52 54 55 
0 26 1 6 7 8 20 21 23 24 25 27 28 29 30 31 32 33 34 35 36 37 39 40 41 44 45 48 51 52 54 
0 27 1 6 7 8 20 21 23 24 25 26 28 29 30 31 32 33 34 35 36 37 39 40 41 44 45 48 51 52 54 
0 28 1 6 7 8 19 20 21 23 24 25 26 27 29 30 31 32 33 34 35 36 39 40 41 43 44 45 48 51 52 54 
0 29 1 6 7 8 20 21 23 24 25 26 27 28 30 31 32 33 34 35 36 37 39 40 43 44 45 46 48 51 52 54 
0 30 1 6 7 8 19 20 21 23 24 25 26 27 28 29 31 32 33 34 35 36 37 39 40 41 43 44 45 48 51 52 54 
0 31 1 6 7 8 20 21 24 25 26 27 28 29 30 32 34 35 36 37 39 40 41 44 45 51 54 
0 32 1 6 7 8 19 20 22 23 25 26 27 28 29 30 31 33 34 35 39 43 44 45 48 51 52 54 
0 33 1 6 7 8 19 20 22 25 26 27 28 29 30 32 34 35 39 43 45 46 48 51 52 53 54 
0 34 1 6 7 8 19 20 21 22 23 25 26 27 28 29 30 31 32 33 35 39 40 43 45 46 48 51 52 53 54 
0 35 1 6 7 8 20 21 23 24 25 26 27 28 29 30 31 32 33 34 36 37 39 40 43 44 45 46 48 51 52 54 
0 36 1 6 7 8 20 21 24 25 26 27 28 29 30 31 35 37 39 40 41 44 45 51 54 
0 37 1 6 7 8 20 21 24 26 27 29 30 31 35 36 38 39 40 41 44 51 54 
0 38 24 37 41 44 47 
0 39 1 6 7 8 20 21 23 24 25 26 27 28 29 30 31 32 33 34 35 36 37 40 41 44 45 48 51 52 54 
0 40 1 6 7 8 20 21 24 25 26 27 28 29 30 31 34 35 36 37 39 45 48 51 54 
0 41 1 6 7 8 23 24 26 27 28 30 31 36 37 38 39 44 51 54 
0 42 46 49 53 55 56 
0 43 19 22 23 28 29 30 32 33 34 35 45 48 51 52 
0 44 1 6 7 8 20 23 24 26 27 28 29 30 31 32 35 36 37 38 39 41 45 51 54 
0 45 1 6 7 8 19 20 21 23 24 25 26 27 28 29 30 31 32 33 34 35 36 39 40 43 44 46 48 51 52 54 
0 46 20 21 25 29 33 34 35 42 45 48 49 52 53 55 56 
0 47 38 
0 48 1 6 7 8 19 20 21 22 25 26 27 28 29 30 32 33 34 35 39 40 43 45 46 51 52 53 54 
0 49 42 46 53 55 56 
0 50 
0 51 1 6 7 8 20 21 23 24 25 26 27 28 29 30 31 32 33 34 35 36 37 39 40 41 43 44 45 48 52 54 
0 52 1 6 7 8 19 20 22 25 26 27 28 29 30 32 33 34 35 39 43 45 46 48 51 53 54 
0 53 33 34 42 46 48 49 52 55 56 
0 54 1 6 7 8 20 21 23 24 25 26 27 28 29 30 31 32 33 34 35 36 37 39 40 41 44 45 48 51 52 
0 55 21 25 42 46 49 53 56 
0 56 42 46 49 53 55 
0 57 62 
0 58 2 9 10 11 59 60 61 68 71 73 75 77 78 79 81 83 85 86 87 89 90 91 
0 59 2 9 10 11 58 60 61 65 68 69 70 71 72 73 74 77 78 79 80 81 83 85 86 87 89 90 91 
0 60 2 9 10 11 58 59 61 65 68 69 70 71 72 78 80 81 85 86 89 90 91 
0 61 2 9 10 11 58 59 60 65 68 69 70 71 73 74 77 78 79 81 85 86 87 89 90 91 
0 62 57 88 
0 63 64 66 75 82 83 84 
0 64 63 82 
0 65 2 9 10 11 59 60 61 68 69 70 71 73 74 77 78 79 81 86 89 90 91 92 
0 66 63 75 80 82 83 84 85 
0 67 74 76 77 
0 68 2 9 10 11 58 59 60 61 65 69 70 71 72 73 78 80 81 83 85 86 89 90 91 
0 69 2 9 10 11 59 60 61 65 68 70 71 73 74 78 81 86 89 92 
0 70 2 9 10 11 59 60 61 65 68 69 71 73 74 77 78 79 81 86 89 90 91 92 
0 71 2 9 10 11 58 59 60 61 65 68 69 70 72 73 74 78 79 80 81 83 85 86 87 89 90 91 
0 72 2 9 10 11 59 60 68 71 78 80 83 85 86 89 
0 73 2 9 10 11 58 59 61 65 68 69 70 71 74 77 78 79 81 86 87 89 90 91 
0 74 2 9 10 11 59 61 65 67 69 70 71 73 76 77 78 79 81 86 87 89 90 91 
0 75 58 63 66 79 83 84 90 91 
0 76 67 74 
0 77 58 59 61 65 67 70 73 74 78 79 81 87 90 91 
0 78 2 9 10 11 58 59 60 61 65 68 69 70 71 72 73 74 77 79 81 85 86 87 89 90 91 
0 79 2 9 10 11 58 59 61 65 70 71 73 74 75 77 78 81 85 87 89 90 91 
0 80 2 9 10 11 59 60 66 68 71 72 83 85 86 89 
0 81 2 9 10 11 58 59 60 61 65 68 69 70 71 73 74 77 78 79 86 87 89 90 91 
0 82 63 64 66 
0 83 2 9 10 11 58 59 63 66 68 71 72 75 80 84 85 89 90 91 
0 84 63 66 75 83 
0 85 2 9 10 11 58 59 60 61 66 68 71 72 78 79 80 83 86 89 90 91 
0 86 2 9 10 11 58 59 60 61 65 68 69 70 71 72 73 74 78 80 81 85 89 90 91 92 
0 87 2 9 10 11 58 59 61 71 73 74 77 78 79 81 89 90 91 
0 88 62 89 
0 89 2 9 10 11 58 59 60 61 65 68 69 70 71 72 73 74 78 79 80 81 83 85 86 87 88 90 91 
0 90 2 9 10 11 58 59 60 61 65 68 70 71 73 74 75 77 78 79 81 83 85 86 87 89 91 
0 91 2 9 10 11 58 59 60 61 65 68 70 71 73 74 75 77 78 79 81 83 85 86 87 89 90 
0 92 65 69 70 86 
0 93 3 12 13 14 94 97 98 99 100 103 104 105 106 113 115 116 117 119 120 124 125 126 
0 94 3 12 13 14 93 97 98 102 103 104 105 106 108 113 115 117 119 120 124 125 126 
0 95 99 100 104 110 111 118 120 123 125 127 128 
0 96 111 118 119 
0 97 3 12 13 14 93 94 98 99 103 104 105 106 108 111 113 115 117 118 119 120 124 125 126 127 128 
0 98 3 12 13 14 93 94 97 99 100 103 104 105 106 113 115 116 117 118 119 120 124 125 126 
0 99 3 12 13 14 93 95 97 98 100 104 105 106 111 117 118 119 120 125 126 127 128 
0 100 93 95 98 99 104 112 117 120 123 124 126 127 
0 101 114 
0 102 94 108 113 114 115 119 
0 103 3 12 13 14 93 94 97 98 104 105 106 108 112 113 115 116 117 119 120 121 124 125 126 
0 104 3 12 13 14 93 94 95 97 98 99 100 103 105 106 113 115 117 118 119 120 124 125 126 
0 105 3 12 13 14 93 94 97 98 99 103 104 106 108 113 115 116 117 118 119 120 124 125 126 
0 106 3 12 13 14 93 94 97 98 99 103 104 105 108 113 115 117 118 119 120 124 125 126 
0 107 109 110 
0 108 3 12 13 14 94 97 102 103 105 106 113 114 115 119 
0 109 107 128 
0 110 95 107 
0 111 95 96 97 99 118 119 125 128 
0 112 100 103 116 117 120 121 123 124 126 
0 113 3 12 13 14 93 94 97 98 102 103 104 105 106 108 114 115 119 120 124 125 126 
0 114 101 102 108 113 
0 115 3 12 13 14 93 94 97 98 102 103 104 105 106 108 113 117 119 120 124 125 126 
0 116 3 12 13 14 93 98 103 105 112 117 120 121 124 126 
0 117 3 12 13 14 93 94 97 98 99 100 103 104 105 106 112 115 116 120 121 123 124 126 
0 118 3 12 13 14 95 96 97 98 99 104 105 106 111 119 120 125 127 128 
0 119 3 12 13 14 93 94 96 97 98 99 102 103 104 105 106 108 111 113 115 118 120 125 126 
0 120 3 12 13 14 93 94 95 97 98 99 100 103 104 105 106 112 113 115 116 117 118 119 123 124 125 126 
0 121 103 112 116 117 122 124 126 
0 122 121 
0 123 95 100 112 117 120 127 
0 124 3 12 13 14 93 94 97 98 100 103 104 105 106 112 113 115 116 117 120 121 125 126 
0 125 3 12 13 14 93 94 95 97 98 99 103 104 105 106 111 113 115 118 119 120 124 126 128 
0 126 3 12 13 14 93 94 97 98 99 100 103 104 105 106 112 113 115 116 117 119 120 121 124 125 
0 127 95 97 99 100 118 123 128 
0 128 95 97 99 109 111 118 125 127 
0 129 4 15 131 132 134 135 138 139 140 141 144 147 150 151 154 155 156 158 161 163 164 165 167 168 170 172 
0 130 146 160 171 174 
0 131 4 15 129 132 133 134 135 138 141 143 144 145 147 149 150 151 152 154 155 156 157 161 163 164 168 170 172 
0 132 4 15 129 131 133 134 135 138 140 141 143 144 145 147 149 150 151 152 154 155 156 157 159 161 168 170 171 174 
0 133 4 15 131 132 134 135 137 138 140 141 143 144 145 149 150 151 152 154 157 159 161 168 170 171 
0 134 4 15 129 131 132 133 135 138 141 143 144 145 147 149 150 151 152 154 155 156 157 161 163 164 168 170 172 
0 135 4 15 129 131 132 133 134 138 140 141 143 144 145 147 149 150 151 152 154 155 156 157 159 161 168 170 171 174 
0 136 146 162 
0 137 133 143 148 149 152 157 159 160 162 171 
0 138 4 15 129 131 132 133 134 135 140 141 143 144 145 147 149 150 151 152 154 155 156 157 159 161 164 165 168 170 171 174 
0 139 129 142 155 158 163 164 167 172 
0 140 4 15 129 132 133 135 138 141 143 144 145 147 149 150 151 152 154 155 156 157 159 160 161 165 168 170 171 174 
0 141 4 15 129 131 132 133 134 135 138 140 143 144 145 147 149 150 151 152 154 156 157 159 160 161 168 170 171 174 
0 142 139 167 
0 143 4 15 131 132 133 134 135 137 138 140 141 144 145 147 149 150 151 152 154 157 159 160 161 168 170 171 174 
0 144 4 15 129 131 132 133 134 135 138 140 141 143 145 147 149 150 151 152 154 155 156 157 159 160 161 168 170 171 174 
0 145 4 15 131 132 133 134 135 138 140 141 143 144 147 149 150 151 152 154 157 159 161 168 170 171 174 
0 146 130 136 
0 147 4 15 129 131 132 134 135 138 140 141 143 144 145 149 150 151 152 154 155 156 157 158 161 163 164 165 167 168 170 172 174 
0 148 137 159 160 162 171 
0 149 4 15 131 132 133 134 135 137 138 140 141 143 144 145 147 150 151 152 154 157 159 161 168 170 171 173 
0 150 4 15 129 131 132 133 134 135 138 140 141 143 144 145 147 149 151 152 154 155 156 157 158 159 161 163 164 165 168 170 171 174 
0 151 4 15 129 131 132 133 134 135 138 140 141 143 144 145 147 149 150 152 154 155 156 157 158 159 161 163 164 165 167 168 170 171 174 
0 152 4 15 131 132 133 134 135 137 138 140 141 143 144 145 147 149 150 151 154 157 159 160 161 168 170 171 174 
0 153 166 
0 154 4 15 129 131 132 133 134 135 138 140 141 143 144 145 147 149 150 151 152 155 156 157 159 160 161 165 168 170 171 174 
0 155 4 15 129 131 132 134 135 138 139 140 144 147 150 151 154 156 158 161 163 164 165 167 168 170 
0 156 4 15 129 131 132 134 135 138 140 141 144 147 150 151 154 155 158 161 163 164 165 167 168 170 174 
0 157 4 15 131 132 133 134 135 137 138 140 141 143 144 145 147 149 150 151 152 154 159 160 161 168 170 171 174 
0 158 129 139 147 150 151 155 156 161 163 164 165 167 169 
0 159 4 15 132 133 135 137 138 140 141 143 144 145 148 149 150 151 152 154 157 160 168 170 171 174 
0 160 130 137 140 141 143 144 148 152 154 157 159 171 174 
0 161 4 15 129 131 132 133 134 135 138 140 141 143 144 145 147 149 150 151 152 154 155 156 157 158 163 164 165 167 168 170 172 174 
0 162 136 137 148 
0 163 129 131 134 139 147 150 151 155 156 158 161 164 165 167 168 172 
0 164 129 131 134 138 139 147 150 151 155 156 158 161 163 165 167 168 170 172 
0 165 4 15 129 138 140 147 150 151 154 155 156 158 161 163 164 167 169 174 
0 166 153 
0 167 129 139 142 147 151 155 156 158 161 163 164 165 169 172 
0 168 4 15 129 131 132 133 134 135 138 140 141 143 144 145 147 149 150 151 152 154 155 156 157 159 161 163 164 170 171 
0 169 158 165 167 
0 170 4 15 129 131 132 133 134 135 138 140 141 143 144 145 147 149 150 151 152 154 155 156 157 159 161 164 168 171 
0 171 4 15 130 132 133 135 137 138 140 141 143 144 145 148 149 150 151 152 154 157 159 160 168 170 174 
0 172 129 131 134 139 147 161 163 164 167 
0 173 149 
0 174 4 15 130 132 135 138 140 141 143 144 145 147 150 151 152 154 156 157 159 160 161 165 171 
0 175 5 16 17 18 176 177 181 183 184 186 187 188 189 190 191 192 193 194 195 196 197 198 201 202 203 204 205 206 207 
0 176 5 16 17 18 175 178 182 183 184 186 187 188 189 190 191 192 193 194 195 198 201 203 204 205 206 
0 177 5 16 17 18 175 179 180 181 183 184 187 188 189 190 191 192 193 194 195 196 197 198 199 201 202 204 205 206 207 
0 178 176 186 196 
0 179 177 181 190 196 197 201 202 207 
0 180 177 184 185 191 194 196 197 199 201 205 206 207 208 
0 181 5 16 17 18 175 177 179 184 186 187 188 190 191 193 195 196 197 198 200 201 202 206 207 
0 182 176 189 192 203 205 
0 183 5 16 17 18 175 176 177 184 186 187 188 189 190 191 192 193 194 195 196 198 201 203 204 205 206 207 
0 184 5 16 17 18 175 176 177 180 181 183 187 188 189 190 191 192 193 194 195 196 197 198 199 201 202 203 204 205 206 207 
0 185 180 194 199 203 204 205 208 
0 186 5 16 17 18 175 176 178 181 183 187 188 189 190 191 192 193 195 196 198 200 201 202 
0 187 5 16 17 18 175 176 177 181 183 184 186 188 189 190 191 192 193 194 195 196 197 198 200 201 202 204 205 206 207 
0 188 5 16 17 18 175 176 177 181 183 184 186 187 189 190 191 192 193 194 195 196 197 198 199 201 202 203 204 205 206 207 
0 189 5 16 17 18 175 176 177 182 183 184 186 187 188 190 191 192 193 194 195 196 198 201 203 204 205 206 207 
0 190 5 16 17 18 175 176 177 179 181 183 184 186 187 188 189 191 192 193 194 195 196 197 198 200 201 202 204 205 206 207 
0 191 5 16 17 18 175 176 177 180 181 183 184 186 187 188 189 190 192 193 194 195 196 197 198 199 201 202 203 204 205 206 207 
0 192 5 16 17 18 175 176 177 182 183 184 186 187 188 189 190 191 193 194 195 196 198 201 203 204 205 206 207 
0 193 5 16 17 18 175 176 177 181 183 184 186 187 188 189 190 191 192 194 195 196 197 198 200 201 202 204 205 206 207 
0 194 5 16 17 18 175 176 177 180 183 184 185 187 188 189 190 191 192 193 195 196 197 198 199 201 203 204 205 206 207 
0 195 5 16 17 18 175 176 177 181 183 184 186 187 188 189 190 191 192 193 194 196 197 198 199 201 202 203 204 205 206 207 
0 196 5 16 17 18 175 177 178 179 180 181 183 184 186 187 188 189 190 191 192 193 194 195 197 198 199 200 201 202 204 205 206 207 
0 197 5 16 17 18 175 177 179 180 181 184 187 188 190 191 193 194 195 196 198 201 202 206 207 
0 198 5 16 17 18 175 176 177 181 183 184 186 187 188 189 190 191 192 193 194 195 196 197 199 201 202 203 204 205 206 207 
0 199 5 16 17 18 177 180 184 185 188 191 194 195 196 198 201 203 204 205 206 207 208 
0 200 181 186 187 190 193 196 202 
0 201 5 16 17 18 175 176 177 179 180 181 183 184 186 187 188 189 190 191 192 193 194 195 196 197 198 199 202 203 204 205 206 207 
0 202 5 16 17 18 175 177 179 181 184 186 187 188 190 191 193 195 196 197 198 200 201 206 207 
0 203 5 16 17 18 175 176 182 183 184 185 188 189 191 192 194 195 198 199 201 204 205 206 207 
0 204 5 16 17 18 175 176 177 183 184 185 187 188 189 190 191 192 193 194 195 196 198 199 201 203 205 206 207 
0 205 5 16 17 18 175 176 177 180 182 183 184 185 187 188 189 190 191 192 193 194 195 196 198 199 201 203 204 206 207 
0 206 5 16 17 18 175 176 177 180 181 183 184 187 188 189 190 191 192 193 194 195 196 197 198 199 201 202 203 204 205 207 
0 207 5 16 17 18 175 177 179 180 181 183 184 187 188 189 190 191 192 193 194 195 196 197 198 199 201 202 203 204 205 206 
0 208 180 185 199 
0 209 0 1 4 
0 210 0 2 3 5 
0 211 0 1 2 4 5 
0 212 0 1 3 4 5 
0 213 0 1 2 3 4 
0 214 0 1 3 4 5 
0 215 0 1 3 4 5 
0 216 0 2 4 
0 217 0 1 2 3 5 
0 218 0 3 5 
0 219 0 1 4 
0 220 0 1 2 4 5 
0 221 0 1 2 3 4 
0 222 0 2 3 4 5 
0 223 0 1 2 3 5 
0 224 0 4 5 
0 225 0 1 5 
0 226 0 2 3 4 
0 227 0 1 2 5 
0 228 0 1 2 5 
0 229 0 2 3 4 5 
0 230 0 1 3 4 
0 231 0 1 2 3 4 5 
0 232 0 1 2 3 4 
0 233 0 5 
0 234 0 1 3 4 
0 235 0 1 2 4 5 
0 236 0 2 3 5 
0 237 0 1 2 3 4 
0 238 0 4 5 
