0 21600
0 0 4 5 186 187 188 189 190 191 192 193 194 195 196 197 198 199 200 201 202 203 204 205 206 207 208 209 210 211 212 213 214 215 
0 1 24 28 31 35 49 
0 2 4 187 190 192 194 196 200 202 205 208 209 210 213 
0 3 98 
0 4 0 2 126 129 137 138 142 186 191 193 194 198 202 206 207 209 211 212 
0 5 0 11 12 160 171 173 185 188 190 192 195 197 200 201 205 207 208 212 214 
0 6 30 35 39 49 54 56 
0 7 29 40 46 52 
0 8 65 68 73 76 82 84 92 93 
0 9 122 
0 10 138 141 143 151 152 154 
0 11 5 157 161 169 181 182 
0 12 5 156 157 164 176 180 183 
0 13 161 162 164 168 172 176 
0 14 32 37 38 40 
0 15 
0 16 
0 17 45 59 
0 18 22 27 47 
0 19 23 26 48 52 
0 20 26 41 42 49 53 
0 21 60 
0 22 18 31 53 59 
0 23 19 31 32 35 42 54 
0 24 1 28 
0 25 28 32 50 54 56 
0 26 19 20 42 44 54 
0 27 18 28 33 39 58 61 
0 28 1 24 25 27 39 41 48 50 
0 29 7 39 40 41 42 46 49 52 58 
0 30 6 31 32 39 53 57 
0 31 1 22 23 30 36 39 50 52 
0 32 14 23 25 30 40 
0 33 27 40 56 60 
0 34 35 41 58 
0 35 1 6 23 34 39 
0 36 31 39 
0 37 14 46 52 57 
0 38 14 
0 39 6 27 28 29 30 31 35 36 50 54 56 60 
0 40 7 14 29 32 33 48 
0 41 20 28 29 34 44 46 
0 42 20 23 26 29 48 
0 43 44 48 
0 44 26 41 43 48 50 53 
0 45 17 47 53 
0 46 7 29 37 41 58 61 
0 47 18 45 59 
0 48 19 28 40 42 43 44 49 
0 49 1 6 20 29 48 
0 50 25 28 31 39 44 53 61 
0 51 
0 52 7 19 29 31 37 53 56 
0 53 20 22 30 44 45 50 52 54 57 
0 54 6 23 25 26 39 53 56 
0 55 60 
0 56 6 25 33 39 52 54 
0 57 30 37 53 
0 58 27 29 34 46 
0 59 17 22 47 
0 60 21 33 39 55 
0 61 27 46 50 
0 62 64 
0 63 64 71 72 75 
0 64 62 63 65 67 72 79 82 
0 65 8 64 71 77 80 85 92 93 
0 66 75 87 90 91 
0 67 64 71 75 82 89 
0 68 8 75 76 88 91 
0 69 
0 70 83 
0 71 63 65 67 73 89 
0 72 63 64 75 76 78 83 93 
0 73 8 71 77 79 
0 74 94 
0 75 63 66 67 68 72 76 82 89 90 
0 76 8 68 72 75 77 
0 77 65 73 76 84 86 91 
0 78 72 79 
0 79 64 73 78 85 
0 80 65 81 87 
0 81 80 87 
0 82 8 64 67 75 89 90 
0 83 70 72 85 87 
0 84 8 77 85 
0 85 65 79 83 84 
0 86 77 
0 87 66 80 81 83 
0 88 68 
0 89 67 71 75 82 94 
0 90 66 75 82 
0 91 66 68 77 
0 92 8 65 
0 93 8 65 72 
0 94 74 89 
0 95 98 108 112 
0 96 99 104 112 115 116 120 123 
0 97 102 
0 98 3 95 101 107 111 
0 99 96 114 123 
0 100 103 112 
0 101 98 
0 102 97 111 119 
0 103 100 118 124 
0 104 96 108 114 123 124 
0 105 
0 106 
0 107 98 
0 108 95 104 110 117 123 124 
0 109 
0 110 108 
0 111 98 102 115 123 
0 112 95 96 100 114 124 
0 113 
0 114 99 104 112 
0 115 96 111 123 124 
0 116 96 
0 117 108 
0 118 103 
0 119 102 122 
0 120 96 
0 121 
0 122 9 119 124 
0 123 96 99 104 108 111 115 
0 124 103 104 108 112 115 122 
0 125 
0 126 4 128 133 142 
0 127 140 144 
0 128 126 134 136 147 
0 129 4 130 134 136 139 
0 130 129 142 155 
0 131 142 150 
0 132 149 
0 133 126 147 150 151 
0 134 128 129 137 142 144 
0 135 137 150 
0 136 128 129 137 141 144 
0 137 4 134 135 136 
0 138 4 10 141 143 148 154 
0 139 129 
0 140 127 
0 141 10 136 138 148 
0 142 4 126 130 131 134 148 
0 143 10 138 146 
0 144 127 134 136 150 154 
0 145 
0 146 143 
0 147 128 133 151 
0 148 138 141 142 151 
0 149 132 154 
0 150 131 133 135 144 
0 151 10 133 147 148 
0 152 10 
0 153 
0 154 10 138 144 149 
0 155 130 
0 156 12 165 167 
0 157 11 12 182 
0 158 161 172 180 181 182 183 
0 159 162 181 182 
0 160 5 166 185 
0 161 11 13 158 162 163 164 168 176 
0 162 13 159 161 168 175 176 
0 163 161 181 182 183 
0 164 12 13 161 167 171 172 182 183 184 185 
0 165 156 168 173 
0 166 160 172 176 182 184 
0 167 156 164 169 
0 168 13 161 162 165 169 173 
0 169 11 167 168 
0 170 173 
0 171 5 164 174 177 
0 172 13 158 164 166 
0 173 5 165 168 170 175 
0 174 171 
0 175 162 173 181 
0 176 12 13 161 162 166 178 
0 177 171 184 
0 178 176 
0 179 182 185 
0 180 12 158 182 185 
0 181 11 158 159 163 175 182 
0 182 11 157 158 159 163 164 166 179 180 181 
0 183 12 158 163 164 
0 184 164 166 177 
0 185 5 160 164 179 180 
0 186 0 4 
0 187 0 2 
0 188 0 5 
0 189 0 
0 190 0 2 5 
0 191 0 4 
0 192 0 2 5 
0 193 0 4 
0 194 0 2 4 
0 195 0 5 
0 196 0 2 
0 197 0 5 
0 198 0 4 
0 199 0 
0 200 0 2 5 
0 201 0 5 
0 202 0 2 4 
0 203 0 
0 204 0 
0 205 0 2 5 
0 206 0 4 
0 207 0 4 5 
0 208 0 2 5 
0 209 0 2 4 
0 210 0 2 
0 211 0 4 
0 212 0 4 5 
0 213 0 2 
0 214 0 5 
0 215 0 
1800 0 
1800 1 2 6 61 186 188 193 194 196 198 201 205 207 208 210 215 
1800 2 1 3 4 88 187 190 192 194 196 200 202 205 208 209 210 213 
1800 3 2 99 114 118 122 123 124 186 189 191 195 197 199 203 204 206 209 210 214 
1800 4 2 127 142 148 186 191 193 194 198 202 206 207 209 211 212 
1800 5 171 173 
1800 6 1 26 41 54 61 
1800 7 19 30 40 44 46 53 
1800 8 66 72 77 84 88 
1800 9 100 115 124 
1800 10 128 137 140 141 142 149 
1800 11 12 158 165 168 171 182 
1800 12 11 156 158 167 182 183 
1800 13 162 165 167 175 181 184 185 
1800 14 34 61 
1800 15 30 
1800 16 19 32 
1800 17 18 22 
1800 18 17 22 
1800 19 7 16 23 57 
1800 20 31 37 41 46 
1800 21 45 
1800 22 17 18 36 45 49 
1800 23 19 32 37 49 50 
1800 24 25 29 32 40 
1800 25 24 26 29 30 40 46 48 
1800 26 6 25 27 28 48 54 61 
1800 27 26 
1800 28 26 31 34 40 59 
1800 29 24 25 49 57 61 
1800 30 7 15 25 31 35 40 44 57 
1800 31 20 28 30 37 42 46 54 
1800 32 16 23 24 34 40 
1800 33 40 47 54 
1800 34 14 28 32 35 37 40 41 46 
1800 35 30 34 52 
1800 36 22 39 55 
1800 37 20 23 31 34 
1800 38 
1800 39 36 60 
1800 40 7 24 25 28 30 32 33 34 44 56 
1800 41 6 20 34 44 46 48 52 58 61 
1800 42 31 48 53 54 61 
1800 43 
1800 44 7 30 40 41 57 
1800 45 21 22 53 55 
1800 46 7 20 25 31 34 41 58 
1800 47 33 
1800 48 25 26 41 42 52 
1800 49 22 23 29 50 54 55 57 
1800 50 23 49 53 
1800 51 
1800 52 35 41 48 54 
1800 53 7 42 45 50 54 
1800 54 6 26 31 33 42 49 52 53 57 
1800 55 36 45 49 
1800 56 40 
1800 57 19 29 30 44 49 54 
1800 58 41 46 
1800 59 28 
1800 60 39 
1800 61 1 6 14 26 29 41 42 
1800 62 92 
1800 63 
1800 64 65 82 91 94 
1800 65 64 83 84 90 
1800 66 8 78 79 
1800 67 72 85 89 
1800 68 71 84 93 
1800 69 70 73 
1800 70 69 82 92 
1800 71 68 77 
1800 72 8 67 73 78 87 
1800 73 69 72 81 82 87 
1800 74 94 
1800 75 88 93 94 
1800 76 77 78 80 83 88 90 92 
1800 77 8 71 76 85 87 
1800 78 66 72 76 80 82 
1800 79 66 87 88 
1800 80 76 78 90 
1800 81 73 
1800 82 64 70 73 78 88 
1800 83 65 76 92 93 
1800 84 8 65 68 91 
1800 85 67 77 
1800 86 92 
1800 87 72 73 77 79 92 
1800 88 2 8 75 76 79 82 93 
1800 89 67 93 
1800 90 65 76 80 92 94 
1800 91 64 84 
1800 92 62 70 76 83 86 87 90 
1800 93 68 75 83 88 89 
1800 94 64 74 75 90 
1800 95 96 
1800 96 95 102 112 123 124 
1800 97 111 
1800 98 106 
1800 99 3 110 111 123 124 
1800 100 9 109 116 117 119 121 
1800 101 108 110 
1800 102 96 112 123 
1800 103 111 
1800 104 108 114 
1800 105 113 
1800 106 98 107 
1800 107 106 
1800 108 101 104 110 113 115 124 
1800 109 100 
1800 110 99 101 108 
1800 111 97 99 103 118 
1800 112 96 102 116 122 
1800 113 105 108 
1800 114 3 104 123 
1800 115 9 108 123 
1800 116 100 112 117 
1800 117 100 116 
1800 118 3 111 119 124 
1800 119 100 118 122 
1800 120 
1800 121 100 
1800 122 3 112 119 
1800 123 3 96 99 102 114 115 
1800 124 3 9 96 99 108 118 
1800 125 143 150 151 
1800 126 133 143 144 152 
1800 127 4 137 138 144 154 
1800 128 10 131 142 
1800 129 131 134 143 144 155 
1800 130 142 148 
1800 131 128 129 135 140 141 
1800 132 
1800 133 126 137 
1800 134 129 142 147 
1800 135 131 
1800 136 141 144 149 152 154 
1800 137 10 127 133 140 142 150 155 
1800 138 127 150 155 
1800 139 141 142 
1800 140 10 131 137 
1800 141 10 131 136 139 142 144 
1800 142 4 10 128 130 134 137 139 141 150 
1800 143 125 126 129 147 
1800 144 126 127 129 136 141 153 155 
1800 145 
1800 146 
1800 147 134 143 152 
1800 148 4 130 150 
1800 149 10 136 154 
1800 150 125 137 138 142 148 155 
1800 151 125 152 
1800 152 126 136 147 151 
1800 153 144 154 
1800 154 127 136 149 153 
1800 155 129 137 138 144 150 
1800 156 12 161 166 182 
1800 157 162 168 173 
1800 158 11 12 174 185 
1800 159 171 181 183 
1800 160 165 182 
1800 161 156 162 167 174 181 183 
1800 162 13 157 161 165 166 172 179 180 182 
1800 163 164 166 178 182 185 
1800 164 163 165 171 182 
1800 165 11 13 160 162 164 170 172 174 181 184 
1800 166 156 162 163 169 175 176 177 
1800 167 12 13 161 180 181 
1800 168 11 157 179 
1800 169 166 171 
1800 170 165 181 
1800 171 5 11 159 164 169 173 180 184 185 
1800 172 162 165 176 185 
1800 173 5 157 171 177 183 
1800 174 158 161 165 
1800 175 13 166 176 
1800 176 166 172 175 184 
1800 177 166 173 
1800 178 163 
1800 179 162 168 
1800 180 162 167 171 185 
1800 181 13 159 161 165 167 170 
1800 182 11 12 156 160 162 163 164 
1800 183 12 159 161 173 
1800 184 13 165 171 176 
1800 185 13 158 163 171 172 180 
1800 186 1 3 4 
1800 187 2 
1800 188 1 
1800 189 3 
1800 190 2 
1800 191 3 4 
1800 192 2 
1800 193 1 4 
1800 194 1 2 4 
1800 195 3 
1800 196 1 2 
1800 197 3 
1800 198 1 4 
1800 199 3 
1800 200 2 
1800 201 1 
1800 202 2 4 
1800 203 3 
1800 204 3 
1800 205 1 2 
1800 206 3 4 
1800 207 1 4 
1800 208 1 2 
1800 209 2 3 4 
1800 210 1 2 3 
1800 211 4 
1800 212 4 
1800 213 2 
1800 214 3 
1800 215 1 
3600 0 
3600 1 3 28 33 44 50 52 54 61 186 188 193 194 196 198 201 205 207 208 210 215 
3600 2 71 77 84 
3600 3 1 5 9 104 123 186 189 191 195 197 199 203 204 206 209 210 214 
3600 4 138 155 
3600 5 3 160 164 179 184 188 190 192 195 197 200 201 205 207 208 212 214 
3600 6 25 27 33 41 53 54 
3600 7 34 35 46 52 53 56 
3600 8 66 67 78 84 89 92 
3600 9 3 99 108 111 
3600 10 126 134 138 139 143 147 149 150 154 
3600 11 156 160 161 167 168 169 174 175 176 178 183 
3600 12 165 175 
3600 13 
3600 14 43 
3600 15 
3600 16 19 27 43 
3600 17 21 42 
3600 18 22 37 39 47 59 
3600 19 16 23 26 43 
3600 20 31 32 34 40 
3600 21 17 22 42 47 
3600 22 18 21 42 59 
3600 23 19 37 41 42 44 56 
3600 24 32 39 43 56 
3600 25 6 32 37 56 
3600 26 19 32 33 37 39 40 48 49 
3600 27 6 16 40 50 
3600 28 1 46 56 
3600 29 
3600 30 33 41 48 50 
3600 31 20 33 46 52 
3600 32 20 24 25 26 50 
3600 33 1 6 26 30 31 36 45 47 56 57 59 
3600 34 7 20 46 53 56 57 
3600 35 7 40 56 
3600 36 33 
3600 37 18 23 25 26 40 41 
3600 38 49 58 
3600 39 18 24 26 48 52 60 
3600 40 20 26 27 35 37 41 49 52 
3600 41 6 23 30 37 40 53 61 
3600 42 17 21 22 23 
3600 43 14 16 19 24 
3600 44 1 23 46 
3600 45 33 
3600 46 7 28 31 34 44 48 53 56 58 
3600 47 18 21 33 53 60 
3600 48 26 30 39 46 
3600 49 26 38 40 50 61 
3600 50 1 27 30 32 49 57 
3600 51 
3600 52 1 7 31 39 40 
3600 53 6 7 34 41 46 47 
3600 54 1 6 56 
3600 55 
3600 56 7 23 24 25 28 33 34 35 46 54 
3600 57 33 34 50 
3600 58 38 46 
3600 59 18 22 33 
3600 60 39 47 
3600 61 1 41 49 
3600 62 77 86 
3600 63 64 75 76 80 92 
3600 64 63 71 73 78 80 84 87 91 
3600 65 69 71 72 73 
3600 66 8 71 76 78 81 90 91 
3600 67 8 68 69 71 73 76 82 91 
3600 68 67 72 76 83 85 90 93 
3600 69 65 67 87 93 
3600 70 82 
3600 71 2 64 65 66 67 76 78 92 
3600 72 65 68 79 90 
3600 73 64 65 67 88 
3600 74 
3600 75 63 94 
3600 76 63 66 67 68 71 78 79 87 89 90 
3600 77 2 62 80 85 
3600 78 8 64 66 71 76 
3600 79 72 76 80 90 
3600 80 63 64 77 79 83 85 89 93 
3600 81 66 
3600 82 67 70 88 
3600 83 68 80 90 
3600 84 2 8 64 
3600 85 68 77 80 90 
3600 86 62 
3600 87 64 69 76 
3600 88 73 82 
3600 89 8 76 80 92 
3600 90 66 68 72 76 79 83 85 92 
3600 91 64 66 67 
3600 92 8 63 71 89 90 
3600 93 68 69 80 
3600 94 75 
3600 95 124 
3600 96 100 103 112 123 
3600 97 
3600 98 118 
3600 99 9 
3600 100 96 119 
3600 101 118 
3600 102 115 123 
3600 103 96 115 118 
3600 104 3 108 111 112 116 124 
3600 105 109 117 
3600 106 107 108 
3600 107 106 
3600 108 9 104 106 124 
3600 109 105 
3600 110 119 
3600 111 9 104 112 122 
3600 112 96 104 111 
3600 113 
3600 114 
3600 115 102 103 118 
3600 116 104 119 
3600 117 105 
3600 118 98 101 103 115 124 
3600 119 100 110 116 
3600 120 
3600 121 
3600 122 111 
3600 123 3 96 102 
3600 124 95 104 108 118 
3600 125 
3600 126 10 128 
3600 127 132 140 153 154 
3600 128 126 138 146 
3600 129 141 152 
3600 130 137 
3600 131 134 135 137 144 
3600 132 127 146 
3600 133 135 136 
3600 134 10 131 137 148 
3600 135 131 133 137 149 
3600 136 133 139 141 
3600 137 130 131 134 135 143 
3600 138 4 10 128 146 150 
3600 139 10 136 141 144 145 150 
3600 140 127 149 154 
3600 141 129 136 139 155 
3600 142 144 
3600 143 10 137 149 
3600 144 131 139 142 
3600 145 139 151 
3600 146 128 132 138 154 
3600 147 10 
3600 148 134 150 
3600 149 10 135 140 143 
3600 150 10 138 139 148 155 
3600 151 145 152 155 
3600 152 129 151 
3600 153 127 154 
3600 154 10 127 140 146 153 
3600 155 4 141 150 151 
3600 156 11 158 171 177 185 
3600 157 164 171 172 173 180 182 
3600 158 156 161 163 165 169 177 
3600 159 165 181 
3600 160 5 11 172 175 
3600 161 11 158 163 165 166 177 
3600 162 164 165 169 170 175 176 
3600 163 158 161 180 
3600 164 5 157 162 168 173 179 185 
3600 165 12 158 159 161 162 167 171 180 
3600 166 161 176 179 181 
3600 167 11 165 181 
3600 168 11 164 176 181 185 
3600 169 11 158 162 
3600 170 162 172 180 
3600 171 156 157 165 173 
3600 172 157 160 170 177 178 180 
3600 173 157 164 171 
3600 174 11 181 
3600 175 11 12 160 162 176 178 180 181 
3600 176 11 162 166 168 175 178 181 
3600 177 156 158 161 172 
3600 178 11 172 175 176 185 
3600 179 5 164 166 180 
3600 180 157 163 165 170 172 175 179 183 
3600 181 159 166 167 168 174 175 176 
3600 182 157 184 
3600 183 11 180 
3600 184 5 182 
3600 185 156 164 168 178 
3600 186 1 3 
3600 188 1 5 
3600 189 3 
3600 190 5 
3600 191 3 
3600 192 5 
3600 193 1 
3600 194 1 
3600 195 3 5 
3600 196 1 
3600 197 3 5 
3600 198 1 
3600 199 3 
3600 200 5 
3600 201 1 5 
3600 203 3 
3600 204 3 
3600 205 1 5 
3600 206 3 
3600 207 1 5 
3600 208 1 5 
3600 209 3 
3600 210 1 3 
3600 212 5 
3600 214 3 5 
3600 215 1 
5400 0 2 186 187 188 189 190 191 192 193 194 195 196 197 198 199 200 201 202 203 204 205 206 207 208 209 210 211 212 213 214 215 
5400 1 4 29 34 39 42 46 57 186 188 193 194 196 198 201 205 207 208 210 215 
5400 2 0 3 5 67 75 87 89 187 190 192 194 196 200 202 205 208 209 210 213 
5400 3 2 100 103 111 123 186 189 191 195 197 199 203 204 206 209 210 214 
5400 4 1 5 129 133 141 186 191 193 194 198 202 206 207 209 211 212 
5400 5 2 4 168 170 174 180 181 188 190 192 195 197 200 201 205 207 208 212 214 
5400 6 7 44 56 
5400 7 6 22 23 27 48 
5400 8 63 76 79 80 82 94 
5400 9 100 108 116 117 
5400 10 141 146 
5400 11 156 160 164 169 172 175 176 177 
5400 12 158 163 170 173 
5400 13 163 166 169 
5400 14 16 42 
5400 15 
5400 16 14 32 
5400 17 45 59 
5400 18 47 55 
5400 19 23 42 49 50 
5400 20 22 24 25 28 32 35 57 
5400 21 53 
5400 22 7 20 30 50 56 
5400 23 7 19 27 31 32 34 42 53 
5400 24 20 40 44 46 48 57 
5400 25 20 26 29 33 34 42 53 54 61 
5400 26 25 28 33 37 39 46 
5400 27 7 23 52 
5400 28 20 26 39 49 54 61 
5400 29 1 25 49 
5400 30 22 31 39 53 
5400 31 23 30 37 40 49 54 57 
5400 32 16 20 23 44 52 56 61 
5400 33 25 26 40 56 
5400 34 1 23 25 44 58 
5400 35 20 42 48 
5400 36 47 53 55 
5400 37 26 31 42 
5400 38 58 61 
5400 39 1 26 28 30 48 
5400 40 24 31 33 41 48 52 54 57 61 
5400 41 40 58 
5400 42 1 14 19 23 25 35 37 46 
5400 43 
5400 44 6 24 32 34 53 
5400 45 17 59 60 
5400 46 1 24 26 42 48 54 57 61 
5400 47 18 36 53 
5400 48 7 24 35 39 40 46 52 
5400 49 19 28 29 31 50 57 
5400 50 19 22 49 54 61 
5400 51 
5400 52 27 32 40 48 
5400 53 21 23 25 30 36 44 47 
5400 54 25 28 31 40 46 50 56 
5400 55 18 36 
5400 56 6 22 32 33 54 
5400 57 1 20 24 31 40 46 49 
5400 58 34 38 41 
5400 59 17 45 
5400 60 45 
5400 61 25 28 32 38 40 46 50 
5400 62 86 
5400 63 8 81 82 
5400 64 65 71 82 84 88 
5400 65 64 68 76 84 90 92 
5400 66 71 78 94 
5400 67 2 69 81 94 
5400 68 65 85 90 92 
5400 69 67 73 81 85 87 
5400 70 
5400 71 64 66 73 74 75 79 86 88 92 
5400 72 75 76 81 88 
5400 73 69 71 86 87 
5400 74 71 
5400 75 2 71 72 81 87 
5400 76 8 65 72 77 82 83 84 88 91 94 
5400 77 76 84 
5400 78 66 88 
5400 79 8 71 91 
5400 80 8 91 92 
5400 81 63 67 69 72 75 83 90 
5400 82 8 63 64 76 89 
5400 83 76 81 
5400 84 64 65 76 77 89 91 
5400 85 68 69 87 91 92 
5400 86 62 71 73 
5400 87 2 69 73 75 85 
5400 88 64 71 72 76 78 
5400 89 2 82 84 
5400 90 65 68 81 
5400 91 76 79 80 84 85 
5400 92 65 68 71 80 85 
5400 93 
5400 94 8 66 67 76 
5400 95 102 
5400 96 116 122 
5400 97 115 122 
5400 98 123 124 
5400 99 103 114 
5400 100 3 9 102 114 121 
5400 101 124 
5400 102 95 100 103 
5400 103 3 99 102 
5400 104 
5400 105 117 
5400 106 123 
5400 107 
5400 108 9 110 117 118 
5400 109 113 
5400 110 108 123 124 
5400 111 3 122 
5400 112 116 118 122 
5400 113 109 117 
5400 114 99 100 118 124 
5400 115 97 124 
5400 116 9 96 112 119 
5400 117 9 105 108 113 
5400 118 108 112 114 119 
5400 119 116 118 
5400 120 
5400 121 100 
5400 122 96 97 111 112 
5400 123 3 98 106 110 124 
5400 124 98 101 110 114 115 123 
5400 125 
5400 126 128 135 141 
5400 127 145 
5400 128 126 129 130 134 138 142 152 
5400 129 4 128 135 137 138 149 
5400 130 128 137 141 
5400 131 133 135 148 149 
5400 132 139 141 146 
5400 133 4 131 137 138 141 
5400 134 128 138 147 148 152 
5400 135 126 129 131 142 
5400 136 
5400 137 129 130 133 155 
5400 138 128 129 133 134 142 149 
5400 139 132 154 
5400 140 149 
5400 141 4 10 126 130 132 133 143 144 155 
5400 142 128 135 138 150 154 
5400 143 141 
5400 144 141 155 
5400 145 127 151 
5400 146 10 132 
5400 147 134 152 
5400 148 131 134 
5400 149 129 131 138 140 150 152 
5400 150 142 149 152 155 
5400 151 145 
5400 152 128 134 147 149 150 
5400 153 155 
5400 154 139 142 
5400 155 137 141 144 150 153 
5400 156 11 177 182 183 
5400 157 159 160 172 175 
5400 158 12 167 179 180 
5400 159 157 163 175 
5400 160 11 157 171 174 175 180 
5400 161 165 177 178 182 
5400 162 
5400 163 12 13 159 166 180 183 
5400 164 11 166 174 180 
5400 165 161 167 170 181 184 
5400 166 13 163 164 168 171 173 179 
5400 167 158 165 180 
5400 168 5 166 179 180 184 185 
5400 169 11 13 
5400 170 5 12 165 
5400 171 160 166 176 181 184 
5400 172 11 157 181 182 185 
5400 173 12 166 176 
5400 174 5 160 164 184 
5400 175 11 157 159 160 
5400 176 11 171 173 
5400 177 11 156 161 184 
5400 178 161 181 
5400 179 158 166 168 180 
5400 180 5 158 160 163 164 167 168 179 183 
5400 181 5 165 171 172 178 
5400 182 156 161 172 
5400 183 156 163 180 
5400 184 165 168 171 174 177 
5400 185 168 172 
5400 186 0 1 3 4 
5400 187 0 2 
5400 188 0 1 5 
5400 189 0 3 
5400 190 0 2 5 
5400 191 0 3 4 
5400 192 0 2 5 
5400 193 0 1 4 
5400 194 0 1 2 4 
5400 195 0 3 5 
5400 196 0 1 2 
5400 197 0 3 5 
5400 198 0 1 4 
5400 199 0 3 
5400 200 0 2 5 
5400 201 0 1 5 
5400 202 0 2 4 
5400 203 0 3 
5400 204 0 3 
5400 205 0 1 2 5 
5400 206 0 3 4 
5400 207 0 1 4 5 
5400 208 0 1 2 5 
5400 209 0 2 3 4 
5400 210 0 1 2 3 
5400 211 0 4 
5400 212 0 4 5 
5400 213 0 2 
5400 214 0 3 5 
5400 215 0 1 
7200 0 
7200 1 2 39 49 61 186 188 193 194 196 198 201 205 207 208 210 215 
7200 2 1 3 5 63 66 69 73 79 80 89 187 190 192 194 196 200 202 205 208 209 210 213 
7200 3 2 4 95 108 114 115 116 118 186 189 191 195 197 199 203 204 206 209 210 214 
7200 4 3 5 138 141 142 186 191 193 194 198 202 206 207 209 211 212 
7200 5 2 4 13 156 167 169 170 175 177 179 181 184 188 190 192 195 197 200 201 205 207 208 212 214 
7200 6 19 20 23 24 27 37 41 56 57 61 
7200 7 20 35 41 
7200 8 75 89 91 92 93 
7200 9 96 100 115 122 123 
7200 10 137 138 150 
7200 11 156 158 159 161 
7200 12 172 177 178 180 183 
7200 13 5 159 163 166 169 173 178 181 183 
7200 14 34 37 40 
7200 15 21 
7200 16 
7200 17 
7200 18 22 33 
7200 19 6 20 30 49 
7200 20 6 7 19 27 32 
7200 21 15 47 53 
7200 22 18 31 36 39 59 
7200 23 6 25 57 
7200 24 6 44 46 53 57 
7200 25 23 37 
7200 26 27 33 52 54 
7200 27 6 20 26 28 53 
7200 28 27 34 35 50 52 
7200 29 31 34 35 49 57 61 
7200 30 19 37 39 
7200 31 22 29 36 40 45 50 56 
7200 32 20 40 48 
7200 33 18 26 53 
7200 34 14 28 29 37 46 53 57 
7200 35 7 28 29 49 56 
7200 36 22 31 53 
7200 37 6 14 25 30 34 44 52 
7200 38 
7200 39 1 22 30 42 44 50 53 
7200 40 14 31 32 56 
7200 41 6 7 44 46 50 
7200 42 39 48 57 58 
7200 43 
7200 44 24 37 39 41 49 53 57 
7200 45 31 53 
7200 46 24 34 41 49 53 
7200 47 21 53 
7200 48 32 42 50 56 
7200 49 1 19 29 35 44 46 56 
7200 50 28 31 39 41 48 
7200 51 
7200 52 26 28 37 53 
7200 53 21 24 27 33 34 36 39 44 45 46 47 52 
7200 54 26 
7200 55 60 
7200 56 6 31 35 40 48 49 57 
7200 57 6 23 24 29 34 42 44 56 
7200 58 42 
7200 59 22 60 
7200 60 55 59 
7200 61 1 6 29 
7200 62 
7200 63 2 72 84 93 
7200 64 75 87 
7200 65 75 82 85 86 92 
7200 66 2 74 79 80 89 
7200 67 69 81 91 94 
7200 68 75 81 83 87 88 90 
7200 69 2 67 70 83 
7200 70 69 
7200 71 73 74 90 
7200 72 63 77 81 87 88 
7200 73 2 71 80 
7200 74 66 71 
7200 75 8 64 65 68 89 90 
7200 76 78 79 81 84 94 
7200 77 72 91 92 
7200 78 76 89 
7200 79 2 66 76 82 88 89 94 
7200 80 2 66 73 82 86 89 
7200 81 67 68 72 76 
7200 82 65 79 80 
7200 83 68 69 
7200 84 63 76 
7200 85 65 
7200 86 65 80 92 
7200 87 64 68 72 92 
7200 88 68 72 79 93 
7200 89 2 8 66 75 78 79 80 94 
7200 90 68 71 75 
7200 91 8 67 77 
7200 92 8 65 77 86 87 
7200 93 8 63 88 
7200 94 67 76 79 89 
7200 95 3 111 112 115 124 
7200 96 9 120 123 
7200 97 112 
7200 98 101 107 
7200 99 110 112 122 
7200 100 9 121 
7200 101 98 
7200 102 123 
7200 103 118 119 
7200 104 109 
7200 105 113 117 
7200 106 107 
7200 107 98 106 
7200 108 3 
7200 109 104 
7200 110 99 
7200 111 95 118 
7200 112 95 97 99 114 
7200 113 105 
7200 114 3 112 116 118 
7200 115 3 9 95 
7200 116 3 114 121 
7200 117 105 
7200 118 3 103 111 114 
7200 119 103 
7200 120 96 
7200 121 100 116 
7200 122 9 99 
7200 123 9 96 102 
7200 124 95 
7200 125 126 149 150 
7200 126 125 128 134 149 155 
7200 127 137 
7200 128 126 129 137 
7200 129 128 130 131 142 152 
7200 130 129 
7200 131 129 141 
7200 132 154 
7200 133 138 142 148 
7200 134 126 142 143 147 149 150 151 
7200 135 141 143 
7200 136 154 
7200 137 10 127 128 142 149 154 
7200 138 4 10 133 148 
7200 139 143 
7200 140 144 149 153 
7200 141 4 131 135 148 150 
7200 142 4 129 133 134 137 148 153 
7200 143 134 135 139 153 154 155 
7200 144 140 150 155 
7200 145 
7200 146 149 
7200 147 134 150 155 
7200 148 133 138 141 142 
7200 149 125 126 134 137 140 146 150 
7200 150 10 125 134 141 144 147 149 
7200 151 134 
7200 152 129 
7200 153 140 142 143 
7200 154 132 136 137 143 
7200 155 126 143 144 147 
7200 156 5 11 164 167 178 
7200 157 165 168 182 
7200 158 11 
7200 159 11 13 171 181 
7200 160 165 166 170 171 174 
7200 161 11 164 166 171 172 173 182 185 
7200 162 165 177 
7200 163 13 166 173 180 182 
7200 164 156 161 167 177 179 181 184 
7200 165 157 160 162 184 
7200 166 13 160 161 163 169 174 185 
7200 167 5 156 164 184 
7200 168 157 172 176 
7200 169 5 13 166 181 
7200 170 5 160 172 175 184 
7200 171 159 160 161 177 179 182 184 185 
7200 172 12 161 168 170 174 176 181 185 
7200 173 13 161 163 174 175 
7200 174 160 166 172 173 
7200 175 5 170 173 
7200 176 168 172 180 
7200 177 5 12 162 164 171 178 
7200 178 12 13 156 177 
7200 179 5 164 171 181 
7200 180 12 163 176 181 
7200 181 5 13 159 164 169 172 179 180 184 
7200 182 157 161 163 171 
7200 183 12 13 185 
7200 184 5 164 165 167 170 171 181 185 
7200 185 161 166 171 172 183 184 
7200 186 1 3 4 
7200 187 2 
7200 188 1 5 
7200 189 3 
7200 190 2 5 
7200 191 3 4 
7200 192 2 5 
7200 193 1 4 
7200 194 1 2 4 
7200 195 3 5 
7200 196 1 2 
7200 197 3 5 
7200 198 1 4 
7200 199 3 
7200 200 2 5 
7200 201 1 5 
7200 202 2 4 
7200 203 3 
7200 204 3 
7200 205 1 2 5 
7200 206 3 4 
7200 207 1 4 5 
7200 208 1 2 5 
7200 209 2 3 4 
7200 210 1 2 3 
7200 211 4 
7200 212 4 5 
7200 213 2 
7200 214 3 5 
7200 215 1 
9000 0 
9000 1 4 20 24 41 42 50 186 188 193 194 196 198 201 205 207 208 210 215 
9000 2 8 65 66 67 72 73 77 84 
9000 3 115 124 
9000 4 1 135 139 144 155 186 191 193 194 198 202 206 207 209 211 212 
9000 5 160 165 170 173 176 177 
9000 6 27 37 40 41 43 48 49 54 
9000 7 26 28 39 40 44 49 57 61 
9000 8 2 84 91 
9000 9 
9000 10 128 137 139 150 154 
9000 11 13 156 164 169 171 173 178 184 
9000 12 159 161 167 168 183 
9000 13 11 171 173 177 
9000 14 16 32 38 
9000 15 
9000 16 14 19 
9000 17 18 40 60 
9000 18 17 21 26 28 31 37 56 
9000 19 16 29 32 50 
9000 20 1 32 35 42 
9000 21 18 29 47 
9000 22 56 
9000 23 24 25 53 
9000 24 1 23 29 37 44 48 50 52 56 
9000 25 23 28 34 37 43 53 
9000 26 7 18 28 31 49 52 54 
9000 27 6 43 44 
9000 28 7 18 25 26 30 42 49 
9000 29 19 21 24 32 34 37 44 50 
9000 30 28 31 37 38 39 58 
9000 31 18 26 30 35 40 53 
9000 32 14 19 20 29 42 44 56 
9000 33 52 
9000 34 25 29 52 
9000 35 20 31 39 41 49 53 
9000 36 55 
9000 37 6 18 24 25 29 30 40 53 
9000 38 14 30 
9000 39 7 30 35 46 52 56 
9000 40 6 7 17 31 37 44 47 57 
9000 41 1 6 35 44 53 
9000 42 1 20 28 32 43 52 61 
9000 43 6 25 27 42 49 54 56 
9000 44 7 24 27 29 32 40 41 53 
9000 45 53 
9000 46 39 53 
9000 47 21 40 
9000 48 6 24 54 
9000 49 6 7 26 28 35 43 53 54 56 
9000 50 1 19 24 29 52 
9000 51 
9000 52 24 26 33 34 39 42 50 54 57 
9000 53 23 25 31 35 37 41 44 45 46 49 57 60 
9000 54 6 26 43 48 49 52 
9000 55 36 
9000 56 18 22 24 32 39 43 49 
9000 57 7 40 52 53 
9000 58 30 
9000 59 
9000 60 17 53 
9000 61 7 42 
9000 62 73 82 
9000 63 80 84 86 89 92 
9000 64 66 73 91 93 
9000 65 2 71 78 
9000 66 2 64 75 
9000 67 2 81 88 90 
9000 68 69 71 79 82 83 85 
9000 69 68 70 72 73 79 83 88 93 
9000 70 69 
9000 71 65 68 75 80 82 87 90 91 
9000 72 2 69 80 82 86 
9000 73 2 62 64 69 80 81 83 84 94 
9000 74 86 
9000 75 66 71 87 88 
9000 76 
9000 77 2 79 81 83 
9000 78 65 89 92 
9000 79 68 69 77 80 
9000 80 63 71 72 73 79 
9000 81 67 73 77 85 
9000 82 62 68 71 72 85 
9000 83 68 69 73 77 93 
9000 84 2 8 63 73 90 92 
9000 85 68 81 82 87 88 93 
9000 86 63 72 74 92 
9000 87 71 75 85 88 90 91 
9000 88 67 69 75 85 87 94 
9000 89 63 78 
9000 90 67 71 84 87 92 
9000 91 8 64 71 87 94 
9000 92 63 78 84 86 90 
9000 93 64 69 83 85 
9000 94 73 88 91 
9000 95 98 114 122 
9000 96 104 118 
9000 97 103 115 
9000 98 95 
9000 99 100 
9000 100 99 112 118 121 
9000 101 
9000 102 111 112 115 
9000 103 97 112 
9000 104 96 124 
9000 105 110 
9000 106 
9000 107 108 
9000 108 107 114 123 
9000 109 113 
9000 110 105 
9000 111 102 
9000 112 100 102 103 115 
9000 113 109 
9000 114 95 108 
9000 115 3 97 102 112 
9000 116 
9000 117 
9000 118 96 100 
9000 119 123 
9000 120 
9000 121 100 
9000 122 95 
9000 123 108 119 
9000 124 3 104 
9000 125 
9000 126 128 130 131 147 149 152 
9000 127 
9000 128 10 126 133 135 136 150 
9000 129 133 137 138 150 
9000 130 126 
9000 131 126 135 136 138 141 152 
9000 132 
9000 133 128 129 141 155 
9000 134 141 142 154 
9000 135 4 128 131 136 139 140 141 148 149 
9000 136 128 131 135 144 149 152 
9000 137 10 129 148 155 
9000 138 129 131 141 155 
9000 139 4 10 135 140 154 
9000 140 135 139 
9000 141 131 133 134 135 138 155 
9000 142 134 143 144 154 
9000 143 142 
9000 144 4 136 142 
9000 145 
9000 146 
9000 147 126 152 
9000 148 135 137 152 
9000 149 126 135 136 152 
9000 150 10 128 129 152 
9000 151 155 
9000 152 126 131 136 147 148 149 150 
9000 153 
9000 154 10 134 139 142 
9000 155 4 133 137 138 141 151 
9000 156 11 167 177 
9000 157 176 
9000 158 159 168 177 
9000 159 12 158 160 167 173 176 184 
9000 160 5 159 171 172 180 182 184 
9000 161 12 166 176 178 180 181 182 
9000 162 164 175 
9000 163 173 178 182 
9000 164 11 162 179 182 183 185 
9000 165 5 170 174 179 183 
9000 166 161 172 
9000 167 12 156 159 
9000 168 12 158 171 
9000 169 11 177 179 
9000 170 5 165 175 179 
9000 171 11 13 160 168 180 182 
9000 172 160 166 
9000 173 5 11 13 159 163 
9000 174 165 175 
9000 175 162 170 174 177 
9000 176 5 157 159 161 
9000 177 5 13 156 158 169 175 
9000 178 11 161 163 180 
9000 179 164 165 169 170 180 
9000 180 160 161 171 178 179 184 
9000 181 161 182 
9000 182 160 161 163 164 171 181 
9000 183 12 164 165 
9000 184 11 159 160 180 
9000 185 164 
9000 186 1 4 
9000 188 1 
9000 191 4 
9000 193 1 4 
9000 194 1 4 
9000 196 1 
9000 198 1 4 
9000 201 1 
9000 202 4 
9000 205 1 
9000 206 4 
9000 207 1 4 
9000 208 1 
9000 209 4 
9000 210 1 
9000 211 4 
9000 212 4 
9000 215 1 
10800 0 4 186 187 188 189 190 191 192 193 194 195 196 197 198 199 200 201 202 203 204 205 206 207 208 209 210 211 212 213 214 215 
10800 1 3 4 23 28 30 41 52 186 188 193 194 196 198 201 205 207 208 210 215 
10800 2 65 75 91 94 
10800 3 1 4 104 112 124 186 189 191 195 197 199 203 204 206 209 210 214 
10800 4 0 1 3 128 131 186 191 193 194 198 202 206 207 209 211 212 
10800 5 11 160 170 171 173 182 185 
10800 6 26 28 29 31 39 46 52 60 
10800 7 18 20 25 29 31 34 37 52 57 
10800 8 64 66 75 93 94 
10800 9 100 102 116 123 
10800 10 126 135 137 144 
10800 11 5 158 161 182 183 
10800 12 156 161 162 164 173 175 178 
10800 13 157 161 178 181 184 
10800 14 34 57 61 
10800 15 
10800 16 
10800 17 18 21 60 
10800 18 7 17 20 26 30 33 36 37 50 54 57 59 
10800 19 26 41 44 
10800 20 7 18 29 35 39 42 46 53 57 61 
10800 21 17 
10800 22 
10800 23 1 49 
10800 24 28 29 31 52 
10800 25 7 31 42 49 52 53 
10800 26 6 18 19 32 39 56 
10800 27 35 44 49 50 53 54 60 
10800 28 1 6 24 40 57 60 61 
10800 29 6 7 20 24 37 46 49 
10800 30 1 18 32 42 56 57 
10800 31 6 7 24 25 52 60 
10800 32 26 30 37 61 
10800 33 18 40 45 47 
10800 34 7 14 46 49 58 
10800 35 20 27 40 57 
10800 36 18 53 
10800 37 7 18 29 32 50 54 
10800 38 49 
10800 39 6 20 26 45 56 60 
10800 40 28 33 35 41 54 56 
10800 41 1 19 40 
10800 42 20 25 30 54 
10800 43 
10800 44 19 27 49 52 
10800 45 33 39 
10800 46 6 20 29 34 49 58 
10800 47 33 55 
10800 48 50 
10800 49 23 25 27 29 34 38 44 46 52 
10800 50 18 27 37 48 53 56 57 
10800 51 
10800 52 1 6 7 24 25 31 44 49 53 56 57 
10800 53 20 25 27 36 50 52 56 
10800 54 18 27 37 40 42 56 
10800 55 47 60 
10800 56 26 30 39 40 50 52 53 54 57 60 
10800 57 7 14 18 20 28 30 35 50 52 56 
10800 58 34 46 
10800 59 18 
10800 60 6 17 27 28 31 39 55 56 
10800 61 14 20 28 32 
10800 62 70 72 81 82 
10800 63 71 76 78 79 
10800 64 8 75 76 79 82 
10800 65 2 71 81 83 86 
10800 66 8 68 75 
10800 67 68 72 74 75 76 80 85 93 
10800 68 66 67 69 78 84 
10800 69 68 87 
10800 70 62 
10800 71 63 65 77 78 79 92 94 
10800 72 62 67 78 89 
10800 73 80 83 84 
10800 74 67 78 
10800 75 2 8 64 66 67 79 83 87 
10800 76 63 64 67 79 80 83 85 91 94 
10800 77 71 83 
10800 78 63 68 71 72 74 83 
10800 79 63 64 71 75 76 82 88 89 
10800 80 67 73 76 
10800 81 62 65 85 
10800 82 62 64 79 89 90 
10800 83 65 73 75 76 77 78 90 92 93 
10800 84 68 73 85 91 
10800 85 67 76 81 84 87 
10800 86 65 
10800 87 69 75 85 93 
10800 88 79 94 
10800 89 72 79 82 
10800 90 82 83 
10800 91 2 76 84 
10800 92 71 83 
10800 93 8 67 83 87 
10800 94 2 8 71 76 88 
10800 95 
10800 96 114 
10800 97 102 
10800 98 108 
10800 99 104 
10800 100 9 102 
10800 101 106 107 
10800 102 9 97 100 108 
10800 103 
10800 104 3 99 
10800 105 
10800 106 101 
10800 107 101 
10800 108 98 102 
10800 109 113 
10800 110 
10800 111 114 118 
10800 112 3 114 116 124 
10800 113 109 
10800 114 96 111 112 124 
10800 115 123 
10800 116 9 112 119 123 
10800 117 
10800 118 111 
10800 119 116 
10800 120 
10800 121 
10800 122 124 
10800 123 9 115 116 
10800 124 3 112 114 122 
10800 125 134 145 152 
10800 126 10 129 134 148 
10800 127 135 
10800 128 4 130 131 133 135 136 143 148 153 
10800 129 126 141 149 
10800 130 128 138 
10800 131 4 128 134 
10800 132 
10800 133 128 148 155 
10800 134 125 126 131 144 
10800 135 10 127 128 143 150 
10800 136 128 
10800 137 10 143 155 
10800 138 130 143 155 
10800 139 140 144 
10800 140 139 
10800 141 129 148 
10800 142 143 150 152 154 155 
10800 143 128 135 137 138 142 154 
10800 144 10 134 139 152 154 
10800 145 125 
10800 146 
10800 147 150 
10800 148 126 128 133 141 150 151 
10800 149 129 154 
10800 150 135 142 147 148 151 
10800 151 148 150 
10800 152 125 142 144 155 
10800 153 128 
10800 154 142 143 144 149 
10800 155 133 137 138 142 152 
10800 156 12 166 173 181 
10800 157 13 160 162 166 171 175 181 
10800 158 11 179 
10800 159 165 180 
10800 160 5 157 162 184 185 
10800 161 11 12 13 162 163 173 177 180 183 
10800 162 12 157 160 161 176 177 181 
10800 163 161 180 
10800 164 12 168 171 
10800 165 159 179 
10800 166 156 157 169 172 176 181 184 
10800 167 180 181 
10800 168 164 179 
10800 169 166 179 
10800 170 5 171 175 
10800 171 5 157 164 170 182 
10800 172 166 179 
10800 173 5 12 156 161 174 175 184 
10800 174 173 
10800 175 12 157 170 173 180 185 
10800 176 162 166 
10800 177 161 162 184 185 
10800 178 12 13 
10800 179 158 165 168 169 172 180 182 
10800 180 159 161 163 167 175 179 182 
10800 181 13 156 157 162 166 167 182 
10800 182 5 11 171 179 180 181 
10800 183 11 161 185 
10800 184 13 160 166 173 177 
10800 185 5 160 175 177 183 
10800 186 0 1 3 4 
10800 187 0 
10800 188 0 1 
10800 189 0 3 
10800 190 0 
10800 191 0 3 4 
10800 192 0 
10800 193 0 1 4 
10800 194 0 1 4 
10800 195 0 3 
10800 196 0 1 
10800 197 0 3 
10800 198 0 1 4 
10800 199 0 3 
10800 200 0 
10800 201 0 1 
10800 202 0 4 
10800 203 0 3 
10800 204 0 3 
10800 205 0 1 
10800 206 0 3 4 
10800 207 0 1 4 
10800 208 0 1 
10800 209 0 3 4 
10800 210 0 1 3 
10800 211 0 4 
10800 212 0 4 
10800 213 0 
10800 214 0 3 
10800 215 0 1 
12600 0 3 186 187 188 189 190 191 192 193 194 195 196 197 198 199 200 201 202 203 204 205 206 207 208 209 210 211 212 213 214 215 
12600 1 19 25 30 31 41 52 53 
12600 2 75 78 85 
12600 3 0 102 103 111 116 120 186 189 191 195 197 199 203 204 206 209 210 214 
12600 4 129 135 
12600 5 158 160 169 177 180 184 
12600 6 20 24 25 31 50 52 57 
12600 7 27 29 34 44 54 
12600 8 64 80 81 92 94 
12600 9 95 100 104 122 
12600 10 143 149 154 
12600 11 160 162 164 167 179 
12600 12 13 157 167 170 172 178 180 181 182 
12600 13 12 156 160 164 169 
12600 14 15 43 
12600 15 14 
12600 16 
12600 17 21 
12600 18 
12600 19 1 49 50 54 
12600 20 6 41 54 
12600 21 17 22 53 
12600 22 21 36 
12600 23 46 
12600 24 6 37 41 
12600 25 1 6 27 30 34 36 37 44 52 61 
12600 26 27 28 29 33 34 37 56 
12600 27 7 25 26 35 44 56 
12600 28 26 39 56 58 
12600 29 7 26 39 49 
12600 30 1 25 35 37 40 53 54 56 
12600 31 1 6 35 37 45 49 54 55 60 
12600 32 46 49 54 
12600 33 26 40 45 59 
12600 34 7 25 26 35 41 42 46 48 49 57 
12600 35 27 30 31 34 38 40 58 
12600 36 22 25 
12600 37 24 25 26 30 31 40 42 56 
12600 38 35 41 
12600 39 28 29 45 46 52 53 54 56 59 
12600 40 30 33 35 37 41 42 56 
12600 41 1 20 24 34 38 40 46 
12600 42 34 37 40 44 50 56 57 
12600 43 14 
12600 44 7 25 27 42 
12600 45 31 33 39 
12600 46 23 32 34 39 41 58 61 
12600 47 53 
12600 48 34 53 
12600 49 19 29 31 32 34 50 57 
12600 50 6 19 42 49 52 57 
12600 51 54 
12600 52 1 6 25 39 50 56 57 
12600 53 1 21 30 39 47 48 
12600 54 7 19 20 30 31 32 39 51 
12600 55 31 60 
12600 56 26 27 28 30 37 39 40 42 52 
12600 57 6 34 42 49 50 52 
12600 58 28 35 46 
12600 59 33 39 
12600 60 31 55 
12600 61 25 46 
12600 62 94 
12600 63 73 85 87 90 91 94 
12600 64 8 72 75 82 89 90 91 
12600 65 66 69 91 93 
12600 66 65 73 76 78 
12600 67 87 89 
12600 68 72 73 75 81 
12600 69 65 72 79 83 
12600 70 82 
12600 71 74 
12600 72 64 68 69 
12600 73 63 66 68 77 78 79 81 
12600 74 71 91 94 
12600 75 2 64 68 88 
12600 76 66 82 92 
12600 77 73 
12600 78 2 66 73 
12600 79 69 73 85 
12600 80 8 82 83 
12600 81 8 68 73 82 90 
12600 82 64 70 76 80 81 90 92 
12600 83 69 80 90 93 
12600 84 89 90 
12600 85 2 63 79 
12600 86 
12600 87 63 67 92 
12600 88 75 93 
12600 89 64 67 84 
12600 90 63 64 81 82 83 84 92 
12600 91 63 64 65 74 
12600 92 8 76 82 87 90 94 
12600 93 65 83 88 
12600 94 8 62 63 74 92 
12600 95 9 111 123 
12600 96 99 112 114 
12600 97 
12600 98 101 107 
12600 99 96 102 110 124 
12600 100 9 114 115 119 
12600 101 98 
12600 102 3 99 118 122 
12600 103 3 114 122 
12600 104 9 105 110 118 119 
12600 105 104 107 
12600 106 111 
12600 107 98 105 108 111 123 
12600 108 107 
12600 109 113 
12600 110 99 104 
12600 111 3 95 106 107 
12600 112 96 116 118 123 
12600 113 109 
12600 114 96 100 103 116 
12600 115 100 122 
12600 116 3 112 114 120 121 122 
12600 117 
12600 118 102 104 112 
12600 119 100 104 
12600 120 3 116 
12600 121 116 
12600 122 9 102 103 115 116 
12600 123 95 107 112 
12600 124 99 
12600 125 145 151 
12600 126 141 149 154 
12600 127 149 153 154 
12600 128 131 139 150 
12600 129 4 144 149 
12600 130 148 
12600 131 128 135 136 143 
12600 132 139 149 
12600 133 137 138 141 151 
12600 134 143 
12600 135 4 131 147 148 150 
12600 136 131 141 142 148 151 
12600 137 133 141 
12600 138 133 150 
12600 139 128 132 140 143 154 
12600 140 139 
12600 141 126 133 136 137 149 154 
12600 142 136 151 154 
12600 143 10 131 134 139 150 
12600 144 129 147 148 
12600 145 125 
12600 146 
12600 147 135 144 
12600 148 130 135 136 144 
12600 149 10 126 127 129 132 141 
12600 150 128 135 138 143 
12600 151 125 133 136 142 
12600 152 155 
12600 153 127 
12600 154 10 126 127 139 141 142 
12600 155 152 
12600 156 13 167 180 181 
12600 157 12 162 168 170 182 
12600 158 5 164 177 181 184 
12600 159 180 
12600 160 5 11 13 164 168 179 
12600 161 177 181 
12600 162 11 157 174 179 
12600 163 173 
12600 164 11 13 158 160 168 173 176 183 
12600 165 174 182 185 
12600 166 171 175 
12600 167 11 12 156 178 
12600 168 157 160 164 172 174 181 183 184 
12600 169 5 13 184 
12600 170 12 157 181 184 
12600 171 166 174 177 184 185 
12600 172 12 168 175 182 
12600 173 163 164 176 
12600 174 162 165 168 171 
12600 175 166 172 176 179 180 
12600 176 164 173 175 179 184 
12600 177 5 158 161 171 179 182 183 
12600 178 12 167 179 
12600 179 11 160 162 175 176 177 178 
12600 180 5 12 156 159 175 
12600 181 12 156 158 161 168 170 
12600 182 12 157 165 172 177 183 
12600 183 164 168 177 182 185 
12600 184 5 158 168 169 170 171 176 
12600 185 165 171 183 
12600 186 0 3 
12600 187 0 
12600 188 0 
12600 189 0 3 
12600 190 0 
12600 191 0 3 
12600 192 0 
12600 193 0 
12600 194 0 
12600 195 0 3 
12600 196 0 
12600 197 0 3 
12600 198 0 
12600 199 0 3 
12600 200 0 
12600 201 0 
12600 202 0 
12600 203 0 3 
12600 204 0 3 
12600 205 0 
12600 206 0 3 
12600 207 0 
12600 208 0 
12600 209 0 3 
12600 210 0 3 
12600 211 0 
12600 212 0 
12600 213 0 
12600 214 0 3 
12600 215 0 
14400 0 
14400 1 24 25 27 30 50 57 
14400 2 8 78 81 82 85 86 87 
14400 3 9 95 108 124 
14400 4 5 129 141 186 191 193 194 198 202 206 207 209 211 212 
14400 5 4 13 158 161 162 170 188 190 192 195 197 200 201 205 207 208 212 214 
14400 6 26 28 33 48 49 
14400 7 40 
14400 8 2 75 80 83 94 
14400 9 3 114 119 
14400 10 126 129 139 147 
14400 11 158 164 170 173 175 176 177 180 183 
14400 12 157 166 
14400 13 5 156 168 169 176 177 185 
14400 14 
14400 15 
14400 16 37 
14400 17 47 60 
14400 18 55 
14400 19 40 46 
14400 20 27 50 54 56 
14400 21 
14400 22 23 28 31 37 40 45 46 59 
14400 23 22 28 32 37 39 
14400 24 1 25 30 46 56 
14400 25 1 24 28 33 35 40 53 59 
14400 26 6 41 
14400 27 1 20 32 37 39 46 50 54 57 
14400 28 6 22 23 25 31 42 53 
14400 29 37 41 46 52 54 61 
14400 30 1 24 38 44 57 
14400 31 22 28 34 47 
14400 32 23 27 61 
14400 33 6 25 39 47 56 59 
14400 34 31 40 46 58 
14400 35 25 36 37 41 50 54 55 58 
14400 36 35 47 
14400 37 16 22 23 27 29 35 38 48 52 56 
14400 38 30 37 
14400 39 23 27 33 48 54 56 
14400 40 7 19 22 25 34 46 
14400 41 26 29 35 48 
14400 42 28 49 54 58 
14400 43 
14400 44 30 48 49 
14400 45 22 47 60 
14400 46 19 22 24 27 29 34 40 49 53 56 
14400 47 17 31 33 36 45 53 60 
14400 48 6 37 39 41 44 
14400 49 6 42 44 46 52 54 57 61 
14400 50 1 20 27 35 61 
14400 51 58 
14400 52 29 37 49 54 
14400 53 25 28 46 47 
14400 54 20 27 29 35 39 42 49 52 
14400 55 18 35 
14400 56 20 24 33 37 39 46 57 
14400 57 1 27 30 49 56 
14400 58 34 35 42 51 
14400 59 22 25 33 
14400 60 17 45 47 
14400 61 29 32 49 50 
14400 62 
14400 63 78 91 
14400 64 75 88 89 
14400 65 82 83 
14400 66 71 72 75 80 84 
14400 67 76 78 79 91 
14400 68 73 82 88 94 
14400 69 76 86 89 93 
14400 70 83 86 
14400 71 66 78 82 
14400 72 66 80 84 
14400 73 68 77 80 81 
14400 74 91 
14400 75 8 64 66 90 
14400 76 67 69 86 
14400 77 73 
14400 78 2 63 67 71 
14400 79 67 87 94 
14400 80 8 66 72 73 87 89 
14400 81 2 73 82 85 
14400 82 2 65 68 71 81 86 87 90 93 
14400 83 8 65 70 
14400 84 66 72 
14400 85 2 81 
14400 86 2 69 70 76 82 
14400 87 2 79 80 82 88 89 93 
14400 88 64 68 87 89 
14400 89 64 69 80 87 88 92 
14400 90 75 82 93 
14400 91 63 67 74 92 
14400 92 89 91 
14400 93 69 82 87 90 
14400 94 8 68 79 
14400 95 3 104 108 111 122 124 
14400 96 97 99 104 112 114 116 123 
14400 97 96 
14400 98 101 108 
14400 99 96 102 110 124 
14400 100 102 
14400 101 98 
14400 102 99 100 115 122 
14400 103 118 123 
14400 104 95 96 111 116 122 
14400 105 106 119 121 
14400 106 105 107 117 
14400 107 106 
14400 108 3 95 98 
14400 109 
14400 110 99 113 119 
14400 111 95 104 124 
14400 112 96 114 118 122 124 
14400 113 110 117 
14400 114 9 96 112 118 122 
14400 115 102 
14400 116 96 104 118 
14400 117 106 113 121 
14400 118 103 112 114 116 124 
14400 119 9 105 110 
14400 120 
14400 121 105 117 
14400 122 95 102 104 112 114 
14400 123 96 103 124 
14400 124 3 95 99 111 112 118 123 
14400 125 145 147 
14400 126 10 145 
14400 127 146 154 
14400 128 135 
14400 129 4 10 139 142 
14400 130 134 
14400 131 136 150 
14400 132 
14400 133 134 142 150 155 
14400 134 130 133 139 146 150 155 
14400 135 128 148 150 
14400 136 131 141 147 155 
14400 137 155 
14400 138 
14400 139 10 129 134 143 155 
14400 140 143 149 
14400 141 4 136 148 
14400 142 129 133 149 
14400 143 139 140 147 
14400 144 147 155 
14400 145 125 126 
14400 146 127 134 
14400 147 10 125 136 143 144 
14400 148 135 141 149 153 
14400 149 140 142 148 155 
14400 150 131 133 134 135 
14400 151 
14400 152 155 
14400 153 148 154 
14400 154 127 153 
14400 155 133 134 136 137 139 144 149 152 
14400 156 13 167 178 
14400 157 12 159 165 170 171 184 
14400 158 5 11 161 177 185 
14400 159 157 161 183 
14400 160 162 168 180 
14400 161 5 158 159 162 163 172 173 177 
14400 162 5 160 161 163 168 170 172 
14400 163 161 162 165 
14400 164 11 172 179 180 181 184 
14400 165 157 163 168 174 182 
14400 166 12 175 176 177 184 
14400 167 156 169 
14400 168 13 160 162 165 169 174 185 
14400 169 13 167 168 172 177 
14400 170 5 11 157 162 175 180 
14400 171 157 
14400 172 161 162 164 169 180 
14400 173 11 161 174 178 
14400 174 165 168 173 181 185 
14400 175 11 166 170 181 184 
14400 176 11 13 166 
14400 177 11 13 158 161 166 169 178 181 182 183 
14400 178 156 173 177 
14400 179 164 
14400 180 11 160 164 170 172 
14400 181 164 174 175 177 185 
14400 182 165 177 185 
14400 183 11 159 177 
14400 184 157 164 166 175 
14400 185 13 158 168 174 181 182 
14400 186 4 
14400 188 5 
14400 190 5 
14400 191 4 
14400 192 5 
14400 193 4 
14400 194 4 
14400 195 5 
14400 197 5 
14400 198 4 
14400 200 5 
14400 201 5 
14400 202 4 
14400 205 5 
14400 206 4 
14400 207 4 5 
14400 208 5 
14400 209 4 
14400 211 4 
14400 212 4 5 
14400 214 5 
16200 0 
16200 1 20 27 35 42 
16200 2 4 63 64 68 75 78 90 187 190 192 194 196 200 202 205 208 209 210 213 
16200 3 100 
16200 4 2 126 133 139 141 147 186 191 193 194 198 202 206 207 209 211 212 
16200 5 163 167 168 173 174 181 184 
16200 6 31 32 44 49 
16200 7 19 23 26 32 34 40 44 46 54 
16200 8 87 
16200 9 99 102 
16200 10 133 143 147 
16200 11 158 163 169 172 176 177 179 181 
16200 12 156 163 185 
16200 13 158 173 180 184 
16200 14 49 54 
16200 15 
16200 16 
16200 17 
16200 18 
16200 19 7 23 25 27 28 41 42 
16200 20 1 33 37 48 
16200 21 40 60 
16200 22 36 45 
16200 23 7 19 24 33 37 
16200 24 23 28 29 35 48 
16200 25 19 27 34 
16200 26 7 30 46 48 53 55 
16200 27 1 19 25 29 30 31 52 57 
16200 28 19 24 29 49 
16200 29 24 27 28 48 
16200 30 26 27 32 44 57 
16200 31 6 27 32 46 52 54 
16200 32 6 7 30 31 35 37 43 45 55 57 
16200 33 20 23 54 
16200 34 7 25 35 41 42 
16200 35 1 24 32 34 48 
16200 36 22 39 45 53 59 
16200 37 20 23 32 40 42 52 57 
16200 38 61 
16200 39 36 50 60 
16200 40 7 21 37 46 52 56 
16200 41 19 34 46 
16200 42 1 19 34 37 50 58 
16200 43 32 57 
16200 44 6 7 30 53 
16200 45 22 32 36 
16200 46 7 26 31 40 41 50 
16200 47 
16200 48 20 24 26 29 35 50 54 
16200 49 6 14 28 
16200 50 39 42 46 48 52 56 57 
16200 51 58 
16200 52 27 31 37 40 50 53 
16200 53 26 36 44 52 
16200 54 7 14 31 33 48 56 57 
16200 55 26 32 
16200 56 40 50 54 
16200 57 27 30 32 37 43 50 54 
16200 58 42 51 61 
16200 59 36 
16200 60 21 39 
16200 61 38 58 
16200 62 63 
16200 63 2 62 68 72 89 92 
16200 64 2 68 71 81 85 87 93 
16200 65 69 72 73 78 81 94 
16200 66 71 88 89 92 
16200 67 71 73 81 
16200 68 2 63 64 89 90 94 
16200 69 65 76 88 
16200 70 81 
16200 71 64 66 67 79 92 
16200 72 63 65 73 79 
16200 73 65 67 72 81 90 91 
16200 74 
16200 75 2 79 
16200 76 69 81 87 89 
16200 77 80 
16200 78 2 65 79 
16200 79 71 72 75 78 94 
16200 80 77 84 89 
16200 81 64 65 67 70 73 76 82 
16200 82 81 
16200 83 89 
16200 84 80 85 87 90 
16200 85 64 84 87 91 94 
16200 86 
16200 87 8 64 76 84 85 90 92 
16200 88 66 69 91 94 
16200 89 63 66 68 76 80 83 
16200 90 2 68 73 84 87 93 
16200 91 73 85 88 
16200 92 63 66 71 87 
16200 93 64 90 
16200 94 65 68 79 85 88 
16200 95 114 115 124 
16200 96 97 112 122 
16200 97 96 102 115 
16200 98 107 111 
16200 99 9 102 110 
16200 100 3 102 119 
16200 101 107 
16200 102 9 97 99 100 114 118 124 
16200 103 104 112 116 118 
16200 104 103 114 118 123 
16200 105 
16200 106 107 
16200 107 98 101 106 
16200 108 
16200 109 113 
16200 110 99 
16200 111 98 115 119 124 
16200 112 96 103 118 122 123 
16200 113 109 
16200 114 95 102 104 119 
16200 115 95 97 111 122 
16200 116 103 118 121 
16200 117 
16200 118 102 103 104 112 116 119 124 
16200 119 100 111 114 118 122 
16200 120 
16200 121 116 
16200 122 96 112 115 119 
16200 123 104 112 
16200 124 95 102 111 118 
16200 125 134 150 
16200 126 4 129 138 143 151 
16200 127 
16200 128 129 147 155 
16200 129 126 128 130 136 144 
16200 130 129 148 
16200 131 133 135 136 155 
16200 132 
16200 133 4 10 131 135 136 142 
16200 134 125 142 
16200 135 131 133 138 141 148 
16200 136 129 131 133 138 139 143 147 148 149 
16200 137 150 
16200 138 126 135 136 144 154 
16200 139 4 136 141 150 154 
16200 140 
16200 141 4 135 139 
16200 142 133 134 149 150 
16200 143 10 126 136 147 149 154 
16200 144 129 138 147 153 155 
16200 145 
16200 146 149 
16200 147 4 10 128 136 143 144 151 
16200 148 130 135 136 
16200 149 136 142 143 146 
16200 150 125 137 139 142 152 
16200 151 126 147 
16200 152 150 
16200 153 144 
16200 154 138 139 143 
16200 155 128 131 144 
16200 156 12 159 166 173 182 
16200 157 164 169 181 
16200 158 11 13 164 168 176 181 184 
16200 159 156 162 171 173 178 182 
16200 160 164 171 176 185 
16200 161 166 182 
16200 162 159 164 169 179 180 
16200 163 5 11 12 176 177 183 
16200 164 157 158 160 162 172 175 185 
16200 165 174 176 177 179 182 
16200 166 156 161 167 169 173 178 184 
16200 167 5 166 177 183 
16200 168 5 158 
16200 169 11 157 162 166 179 181 
16200 170 171 
16200 171 159 160 170 176 178 
16200 172 11 164 177 185 
16200 173 5 13 156 159 166 174 180 
16200 174 5 165 173 
16200 175 164 180 
16200 176 11 158 160 163 165 171 182 
16200 177 11 163 165 167 172 179 180 181 182 
16200 178 159 166 171 
16200 179 11 162 165 169 177 
16200 180 13 162 173 175 177 
16200 181 5 11 157 158 169 177 
16200 182 156 159 161 165 176 177 
16200 183 163 167 
16200 184 5 13 158 166 
16200 185 12 160 164 172 
16200 186 4 
16200 187 2 
16200 190 2 
16200 191 4 
16200 192 2 
16200 193 4 
16200 194 2 4 
16200 196 2 
16200 198 4 
16200 200 2 
16200 202 2 4 
16200 205 2 
16200 206 4 
16200 207 4 
16200 208 2 
16200 209 2 4 
16200 210 2 
16200 211 4 
16200 212 4 
16200 213 2 
18000 0 4 186 187 188 189 190 191 192 193 194 195 196 197 198 199 200 201 202 203 204 205 206 207 208 209 210 211 212 213 214 215 
18000 1 26 27 37 46 61 
18000 2 67 69 85 87 89 92 
18000 3 102 111 112 
18000 4 0 126 134 137 139 186 191 193 194 198 202 206 207 209 211 212 
18000 5 11 13 159 166 169 170 180 183 185 
18000 6 7 25 40 41 46 49 61 
18000 7 6 40 44 48 54 
18000 8 63 64 76 83 84 87 90 
18000 9 99 103 123 
18000 10 128 141 143 155 
18000 11 5 13 162 169 172 174 181 182 
18000 12 13 165 170 180 185 
18000 13 5 11 12 160 170 179 180 
18000 14 23 34 41 57 
18000 15 
18000 16 44 
18000 17 21 47 60 
18000 18 37 39 45 48 
18000 19 20 31 37 43 50 58 
18000 20 19 25 27 32 36 42 49 52 53 54 57 
18000 21 17 22 43 
18000 22 21 31 
18000 23 14 24 32 43 
18000 24 23 29 33 42 54 
18000 25 6 20 28 29 56 
18000 26 1 28 32 35 40 42 
18000 27 1 20 42 44 46 53 54 57 
18000 28 25 26 30 34 54 
18000 29 24 25 31 61 
18000 30 28 35 40 41 56 
18000 31 19 22 29 35 36 41 49 54 
18000 32 20 23 26 50 58 
18000 33 24 43 48 
18000 34 14 28 52 54 
18000 35 26 30 31 46 48 
18000 36 20 31 53 
18000 37 1 18 19 44 50 61 
18000 38 49 58 
18000 39 18 45 56 
18000 40 6 7 26 30 44 52 54 
18000 41 6 14 30 31 
18000 42 20 24 26 27 46 53 56 61 
18000 43 19 21 23 33 
18000 44 7 16 27 37 40 57 
18000 45 18 39 
18000 46 1 6 27 35 42 57 
18000 47 17 53 
18000 48 7 18 33 35 
18000 49 6 20 31 38 52 
18000 50 19 32 37 
18000 51 
18000 52 20 34 40 49 
18000 53 20 27 36 42 47 
18000 54 7 20 24 27 28 31 34 40 
18000 55 60 
18000 56 25 30 39 42 
18000 57 14 20 27 44 46 
18000 58 19 32 38 
18000 59 
18000 60 17 55 
18000 61 1 6 29 37 42 
18000 62 72 73 
18000 63 8 67 68 77 80 84 85 88 90 91 93 
18000 64 8 79 85 93 
18000 65 89 94 
18000 66 72 75 84 88 89 
18000 67 2 63 70 78 81 
18000 68 63 75 82 84 90 
18000 69 2 
18000 70 67 
18000 71 87 89 92 
18000 72 62 66 76 79 
18000 73 62 
18000 74 
18000 75 66 68 90 
18000 76 8 72 77 79 81 89 
18000 77 63 76 84 
18000 78 67 91 
18000 79 64 72 76 84 90 94 
18000 80 63 
18000 81 67 76 87 90 
18000 82 68 90 93 
18000 83 8 
18000 84 8 63 66 68 77 79 
18000 85 2 63 64 89 
18000 86 
18000 87 2 8 71 81 
18000 88 63 66 91 
18000 89 2 65 66 71 76 85 92 
18000 90 8 63 68 75 79 81 82 
18000 91 63 78 88 
18000 92 2 71 89 
18000 93 63 64 82 
18000 94 65 79 
18000 95 97 112 114 115 118 123 
18000 96 97 104 
18000 97 95 96 112 
18000 98 
18000 99 9 104 110 111 118 122 
18000 100 112 
18000 101 
18000 102 3 111 123 
18000 103 9 104 111 114 118 119 124 
18000 104 96 99 103 108 114 
18000 105 109 117 
18000 106 
18000 107 
18000 108 104 110 113 
18000 109 105 
18000 110 99 108 113 
18000 111 3 99 102 103 115 124 
18000 112 3 95 97 100 115 122 124 
18000 113 108 110 
18000 114 95 103 104 
18000 115 95 111 112 122 
18000 116 
18000 117 105 
18000 118 95 99 103 124 
18000 119 103 
18000 120 
18000 121 
18000 122 99 112 115 123 
18000 123 9 95 102 122 
18000 124 103 111 112 118 
18000 125 127 
18000 126 4 129 130 135 138 141 
18000 127 125 128 144 146 149 
18000 128 10 127 
18000 129 126 133 152 155 
18000 130 126 155 
18000 131 155 
18000 132 
18000 133 129 143 
18000 134 4 
18000 135 126 152 
18000 136 141 149 
18000 137 4 
18000 138 126 
18000 139 4 142 
18000 140 154 
18000 141 10 126 136 142 
18000 142 139 141 143 144 
18000 143 10 133 142 
18000 144 127 142 147 155 
18000 145 151 
18000 146 127 149 
18000 147 144 155 
18000 148 151 
18000 149 127 136 146 
18000 150 155 
18000 151 145 148 
18000 152 129 135 
18000 153 
18000 154 140 
18000 155 10 129 130 131 144 147 150 
18000 156 158 161 178 180 
18000 157 172 
18000 158 156 168 172 178 181 183 
18000 159 5 162 174 183 
18000 160 13 163 173 174 179 182 
18000 161 156 163 171 173 176 180 
18000 162 11 159 164 173 182 
18000 163 160 161 164 178 180 182 
18000 164 162 163 169 171 173 174 
18000 165 12 166 173 174 175 184 
18000 166 5 165 184 
18000 167 
18000 168 158 172 175 180 
18000 169 5 11 164 171 180 
18000 170 5 12 13 
18000 171 161 164 169 179 183 
18000 172 11 157 158 168 175 176 181 183 
18000 173 160 161 162 164 165 183 
18000 174 11 159 160 164 165 175 180 
18000 175 165 168 172 174 176 
18000 176 161 172 175 
18000 177 178 180 185 
18000 178 156 158 163 177 182 183 
18000 179 13 160 171 
18000 180 5 12 13 156 161 163 168 169 174 177 182 183 185 
18000 181 11 158 172 182 183 184 
18000 182 11 160 162 163 178 180 181 183 
18000 183 5 158 159 171 172 173 178 180 181 182 
18000 184 165 166 181 
18000 185 5 12 177 180 
18000 186 0 4 
18000 187 0 
18000 188 0 
18000 189 0 
18000 190 0 
18000 191 0 4 
18000 192 0 
18000 193 0 4 
18000 194 0 4 
18000 195 0 
18000 196 0 
18000 197 0 
18000 198 0 4 
18000 199 0 
18000 200 0 
18000 201 0 
18000 202 0 4 
18000 203 0 
18000 204 0 
18000 205 0 
18000 206 0 4 
18000 207 0 4 
18000 208 0 
18000 209 0 4 
18000 210 0 
18000 211 0 4 
18000 212 0 4 
18000 213 0 
18000 214 0 
18000 215 0 
