0 21600
1800 0 2 224 225 226 227 228 229 230 231 232 233 234 235 236 237 238 239 240 241 242 243 244 245 246 247 248 249 250 251 252 253 
1800 1 3 11 15 17 18 20 25 32 33 39 45 224 226 227 229 230 231 232 234 236 237 238 240 242 244 245 246 250 251 253 
1800 2 0 5 65 69 78 82 89 224 225 226 228 230 231 233 235 237 239 241 242 243 244 246 248 250 252 
1800 3 1 95 99 103 104 106 108 109 110 117 118 120 122 224 226 228 230 231 232 234 236 238 240 242 244 245 247 249 250 252 
1800 4 5 133 149 153 158 159 160 169 224 225 227 229 232 234 236 237 240 241 242 244 245 247 249 250 252 253 
1800 5 2 4 177 178 180 181 188 190 206 218 225 228 230 232 234 235 236 238 239 241 243 245 248 249 251 252 
1800 6 8 17 28 45 49 54 
1800 7 22 23 26 49 
1800 8 6 18 33 53 
1800 9 130 131 137 147 149 158 166 168 174 
1800 10 184 189 192 194 206 209 219 
1800 11 1 37 42 49 54 
1800 12 39 
1800 13 30 
1800 14 41 
1800 15 1 19 28 36 42 48 50 
1800 16 26 33 48 50 53 
1800 17 1 6 22 37 
1800 18 1 8 20 26 27 51 52 
1800 19 15 36 43 49 
1800 20 1 18 30 36 
1800 21 79 
1800 22 7 17 27 33 36 
1800 23 7 32 34 52 53 
1800 24 25 29 32 
1800 25 1 24 30 36 40 
1800 26 7 16 18 27 30 33 37 
1800 27 18 22 26 31 36 
1800 28 6 15 30 32 34 
1800 29 24 44 
1800 30 13 20 25 26 28 44 47 49 
1800 31 27 34 35 42 92 
1800 32 1 23 24 28 36 
1800 33 1 8 16 22 26 
1800 34 23 28 31 
1800 35 31 39 42 44 46 49 54 
1800 36 15 19 20 22 25 27 32 43 44 
1800 37 11 17 26 46 54 
1800 38 74 
1800 39 1 12 35 44 46 
1800 40 25 44 48 
1800 41 14 87 
1800 42 11 15 31 35 50 51 
1800 43 19 36 44 48 61 
1800 44 29 30 35 36 39 40 43 45 46 
1800 45 1 6 44 47 53 
1800 46 35 37 39 44 50 54 
1800 47 30 45 48 52 
1800 48 15 16 40 43 47 50 
1800 49 6 7 11 19 30 35 53 
1800 50 15 16 42 46 48 53 
1800 51 18 42 
1800 52 18 23 47 61 69 88 
1800 53 8 16 23 45 49 50 
1800 54 6 11 35 37 46 56 
1800 55 91 
1800 56 54 57 58 91 
1800 57 56 59 60 68 78 
1800 58 56 88 92 
1800 59 57 63 66 77 81 88 89 93 
1800 60 57 63 69 83 85 90 
1800 61 43 52 
1800 62 70 71 89 91 92 
1800 63 59 60 70 72 73 80 81 92 
1800 64 72 90 
1800 65 2 74 85 87 89 
1800 66 59 71 92 
1800 67 72 80 
1800 68 57 
1800 69 2 52 60 
1800 70 62 63 82 
1800 71 62 66 72 77 88 91 
1800 72 63 64 67 71 89 
1800 73 63 74 
1800 74 38 65 73 75 
1800 75 74 76 79 
1800 76 75 83 
1800 77 59 71 82 88 
1800 78 2 57 88 93 
1800 79 21 75 83 
1800 80 63 67 89 90 
1800 81 59 63 90 
1800 82 2 70 77 83 
1800 83 60 76 79 82 
1800 84 91 
1800 85 60 65 
1800 86 93 
1800 87 41 65 93 
1800 88 52 58 59 71 77 78 90 
1800 89 2 59 62 65 72 80 
1800 90 60 64 80 81 88 
1800 91 55 56 62 71 84 
1800 92 31 58 62 63 66 
1800 93 59 78 86 87 
1800 94 97 101 116 122 
1800 95 3 97 98 116 120 122 126 
1800 96 100 105 109 118 122 127 
1800 97 94 95 99 101 108 109 112 118 122 
1800 98 95 106 124 
1800 99 3 97 115 
1800 100 96 104 105 108 113 118 121 123 126 
1800 101 94 97 102 104 107 116 
1800 102 101 113 117 118 127 
1800 103 3 107 108 109 116 119 126 
1800 104 3 100 101 
1800 105 96 100 118 120 
1800 106 3 98 107 108 113 118 120 
1800 107 101 103 106 110 112 115 116 118 121 125 126 
1800 108 3 97 100 103 106 118 120 121 122 
1800 109 3 96 97 103 124 
1800 110 3 107 120 124 
1800 111 114 115 
1800 112 97 107 114 118 119 122 123 126 
1800 113 100 102 106 117 119 120 
1800 114 111 112 117 118 120 126 
1800 115 99 107 111 118 119 
1800 116 94 95 101 103 107 122 123 124 125 127 
1800 117 3 102 113 114 119 126 
1800 118 3 96 97 100 102 105 106 107 108 112 114 115 
1800 119 103 112 113 115 117 122 124 
1800 120 3 95 105 106 108 110 113 114 121 
1800 121 100 107 108 120 
1800 122 3 94 95 96 97 108 112 116 119 124 
1800 123 100 112 116 125 
1800 124 98 109 110 116 119 122 
1800 125 107 116 123 126 
1800 126 95 100 103 107 112 114 117 125 
1800 127 96 102 116 
1800 128 131 133 140 146 149 165 
1800 129 160 165 169 172 
1800 130 9 131 132 143 154 160 169 
1800 131 9 128 130 149 153 159 161 163 165 169 
1800 132 130 136 143 144 152 159 173 
1800 133 4 128 134 138 140 141 144 153 161 163 164 168 171 
1800 134 133 138 148 169 172 174 175 
1800 135 136 157 160 176 
1800 136 132 135 137 143 153 163 166 
1800 137 9 136 140 147 148 163 167 175 
1800 138 133 134 147 155 167 171 
1800 139 148 149 151 158 160 163 168 169 171 
1800 140 128 133 137 146 153 157 166 
1800 141 133 144 164 169 
1800 142 156 163 164 174 
1800 143 130 132 136 147 154 171 
1800 144 132 133 141 168 171 
1800 145 158 162 
1800 146 128 140 162 167 172 
1800 147 9 137 138 143 148 153 159 169 
1800 148 134 137 139 147 149 152 153 159 169 171 
1800 149 4 9 128 131 139 148 152 154 155 164 168 170 175 
1800 150 169 172 
1800 151 139 159 166 
1800 152 132 148 149 158 163 171 174 
1800 153 4 131 133 136 140 147 148 158 164 166 167 
1800 154 130 143 149 168 
1800 155 138 149 158 159 161 162 166 171 172 
1800 156 142 
1800 157 135 140 160 
1800 158 4 9 139 145 152 153 155 172 174 
1800 159 4 131 132 147 148 151 155 161 171 175 
1800 160 4 129 130 135 139 157 165 166 168 
1800 161 131 133 155 159 168 
1800 162 145 146 155 
1800 163 131 133 136 137 139 142 152 166 175 
1800 164 133 141 142 149 153 167 
1800 165 128 129 131 160 166 175 
1800 166 9 136 140 151 153 155 160 163 165 168 169 
1800 167 137 138 146 153 164 
1800 168 9 133 139 144 149 154 160 161 166 175 
1800 169 4 129 130 131 134 139 141 147 148 150 166 
1800 170 149 
1800 171 133 138 139 143 144 148 152 155 159 172 173 
1800 172 129 134 146 150 155 158 171 
1800 173 132 171 176 
1800 174 9 134 142 152 158 
1800 175 134 137 149 159 163 165 168 
1800 176 135 173 
1800 177 5 180 182 186 187 191 201 205 212 
1800 178 5 180 183 186 192 
1800 179 186 197 204 205 211 216 
1800 180 5 177 178 184 201 216 221 
1800 181 5 182 215 
1800 182 177 181 186 205 
1800 183 178 190 201 207 211 
1800 184 10 180 185 191 196 219 
1800 185 184 190 193 196 198 223 
1800 186 177 178 179 182 190 217 219 
1800 187 177 188 194 196 198 201 215 217 223 
1800 188 5 187 208 
1800 189 10 204 
1800 190 5 183 185 186 194 205 216 218 220 222 
1800 191 177 184 193 194 197 207 212 215 219 
1800 192 10 178 203 212 220 
1800 193 185 191 197 209 219 220 222 
1800 194 10 187 190 191 195 201 220 
1800 195 194 212 218 
1800 196 184 185 187 197 201 215 219 220 
1800 197 179 191 193 196 213 218 220 
1800 198 185 187 201 209 212 217 
1800 199 200 
1800 200 199 216 
1800 201 177 180 183 187 194 196 198 206 222 
1800 202 209 
1800 203 192 
1800 204 179 189 217 219 
1800 205 177 179 182 190 217 219 
1800 206 5 10 201 207 209 212 
1800 207 183 191 206 217 220 
1800 208 188 212 
1800 209 10 193 198 202 206 218 
1800 210 211 
1800 211 179 183 210 213 220 222 
1800 212 177 191 192 195 198 206 208 213 217 220 222 
1800 213 197 211 212 215 217 220 222 
1800 214 216 218 
1800 215 181 187 191 196 213 216 219 222 
1800 216 179 180 190 200 214 215 
1800 217 186 187 198 204 205 207 212 213 220 222 
1800 218 5 190 195 197 209 214 
1800 219 10 184 186 191 193 196 204 205 215 220 
1800 220 190 192 193 194 196 197 207 211 212 213 217 219 
1800 221 180 
1800 222 190 193 201 211 212 213 215 217 
1800 223 185 187 
1800 224 0 1 2 3 4 
1800 225 0 2 4 5 
1800 226 0 1 2 3 
1800 227 0 1 4 
1800 228 0 2 3 5 
1800 229 0 1 4 
1800 230 0 1 2 3 5 
1800 231 0 1 2 3 
1800 232 0 1 3 4 5 
1800 233 0 2 
1800 234 0 1 3 4 5 
1800 235 0 2 5 
1800 236 0 1 3 4 5 
1800 237 0 1 2 4 
1800 238 0 1 3 5 
1800 239 0 2 5 
1800 240 0 1 3 4 
1800 241 0 2 4 5 
1800 242 0 1 2 3 4 
1800 243 0 2 5 
1800 244 0 1 2 3 4 
1800 245 0 1 3 4 5 
1800 246 0 1 2 
1800 247 0 3 4 
1800 248 0 2 5 
1800 249 0 3 4 5 
1800 250 0 1 2 3 4 
1800 251 0 1 5 
1800 252 0 2 3 4 5 
1800 253 0 1 4 
