0 21600
0 0 1 2 3 4 5 186 187 188 189 190 191 192 193 194 195 196 197 198 199 200 201 202 203 204 205 206 207 208 209 210 211 212 213 214 215 
0 1 0 6 7 19 20 23 24 25 26 27 28 29 30 31 32 33 34 35 37 39 40 41 42 44 46 48 49 50 52 53 54 56 57 61 186 188 193 194 196 198 201 205 207 208 210 215 
0 2 0 8 62 63 64 65 66 67 68 69 71 72 73 75 76 78 79 80 81 82 83 84 85 87 88 89 90 91 92 93 94 187 190 192 194 196 200 202 205 208 209 210 213 
0 3 0 9 95 96 98 99 100 102 103 104 108 111 112 114 115 116 118 119 122 123 124 186 189 191 195 197 199 203 204 206 209 210 214 
0 4 0 10 126 128 129 131 133 134 135 136 137 138 139 141 142 143 144 147 148 149 150 151 152 154 155 186 191 193 194 198 202 206 207 209 211 212 
0 5 0 11 12 13 156 157 158 159 160 161 162 163 164 165 166 167 168 169 170 171 172 173 174 175 176 177 178 179 180 181 182 183 184 185 188 190 192 195 197 200 201 205 207 208 212 214 
0 6 1 
0 7 1 
0 8 2 
0 9 3 
0 10 4 
0 11 5 
0 12 5 
0 13 5 
0 14 16 32 38 43 
0 15 25 
0 16 14 
0 17 18 21 22 45 47 59 60 
0 18 17 33 36 55 
0 19 1 
0 20 1 
0 21 17 
0 22 17 
0 23 1 
0 24 1 
0 25 1 15 
0 26 1 
0 27 1 58 
0 28 1 
0 29 1 
0 30 1 
0 31 1 
0 32 1 14 
0 33 1 18 
0 34 1 
0 35 1 
0 36 18 
0 37 1 
0 38 14 
0 39 1 
0 40 1 
0 41 1 
0 42 1 
0 43 14 
0 44 1 
0 45 17 
0 46 1 
0 47 17 
0 48 1 
0 49 1 
0 50 1 
0 51 58 
0 52 1 
0 53 1 
0 54 1 
0 55 18 
0 56 1 
0 57 1 
0 58 27 51 
0 59 17 
0 60 17 
0 61 1 
0 62 2 70 77 86 
0 63 2 
0 64 2 
0 65 2 
0 66 2 74 
0 67 2 
0 68 2 
0 69 2 
0 70 62 
0 71 2 
0 72 2 
0 73 2 
0 74 66 
0 75 2 
0 76 2 
0 77 62 
0 78 2 
0 79 2 
0 80 2 
0 81 2 
0 82 2 
0 83 2 
0 84 2 
0 85 2 
0 86 62 
0 87 2 
0 88 2 
0 89 2 
0 90 2 
0 91 2 
0 92 2 
0 93 2 
0 94 2 
0 95 3 110 
0 96 3 97 120 
0 97 96 
0 98 3 101 106 107 
0 99 3 
0 100 3 121 
0 101 98 
0 102 3 
0 103 3 
0 104 3 
0 105 109 113 117 119 
0 106 98 
0 107 98 
0 108 3 
0 109 105 
0 110 95 
0 111 3 
0 112 3 
0 113 105 
0 114 3 
0 115 3 
0 116 3 
0 117 105 
0 118 3 
0 119 3 105 
0 120 96 
0 121 100 
0 122 3 
0 123 3 
0 124 3 
0 125 145 147 
0 126 4 130 
0 127 132 140 144 146 153 
0 128 4 
0 129 4 
0 130 126 
0 131 4 
0 132 127 
0 133 4 
0 134 4 
0 135 4 
0 136 4 
0 137 4 
0 138 4 
0 139 4 
0 140 127 
0 141 4 
0 142 4 
0 143 4 
0 144 4 127 
0 145 125 
0 146 127 
0 147 4 125 
0 148 4 
0 149 4 
0 150 4 
0 151 4 
0 152 4 
0 153 127 
0 154 4 
0 155 4 
0 156 5 
0 157 5 
0 158 5 
0 159 5 
0 160 5 
0 161 5 
0 162 5 
0 163 5 
0 164 5 
0 165 5 
0 166 5 
0 167 5 
0 168 5 
0 169 5 
0 170 5 
0 171 5 
0 172 5 
0 173 5 
0 174 5 
0 175 5 
0 176 5 
0 177 5 
0 178 5 
0 179 5 
0 180 5 
0 181 5 
0 182 5 
0 183 5 
0 184 5 
0 185 5 
0 186 0 1 3 4 
0 187 0 2 
0 188 0 1 5 
0 189 0 3 
0 190 0 2 5 
0 191 0 3 4 
0 192 0 2 5 
0 193 0 1 4 
0 194 0 1 2 4 
0 195 0 3 5 
0 196 0 1 2 
0 197 0 3 5 
0 198 0 1 4 
0 199 0 3 
0 200 0 2 5 
0 201 0 1 5 
0 202 0 2 4 
0 203 0 3 
0 204 0 3 
0 205 0 1 2 5 
0 206 0 3 4 
0 207 0 1 4 5 
0 208 0 1 2 5 
0 209 0 2 3 4 
0 210 0 1 2 3 
0 211 0 4 
0 212 0 4 5 
0 213 0 2 
0 214 0 3 5 
0 215 0 1 
1800 0 1 2 3 4 5 186 187 188 189 190 191 192 193 194 195 196 197 198 199 200 201 202 203 204 205 206 207 208 209 210 211 212 213 214 215 
1800 1 0 6 7 19 20 23 24 25 26 27 28 29 30 31 32 33 34 35 37 39 40 41 42 44 46 48 49 50 52 53 54 56 57 61 186 188 193 194 196 198 201 205 207 208 210 215 
1800 2 0 8 63 64 65 66 67 68 69 71 72 73 75 76 77 78 79 80 81 82 83 84 85 87 88 89 90 91 92 93 94 187 190 192 194 196 200 202 205 208 209 210 213 
1800 3 0 9 95 96 99 100 102 103 104 108 111 112 114 115 116 118 119 122 123 124 186 189 191 195 197 199 203 204 206 209 210 214 
1800 4 0 10 125 126 127 128 129 131 133 134 135 136 137 138 139 140 141 142 143 144 147 148 149 150 151 152 154 155 186 191 193 194 198 202 206 207 209 211 212 
1800 5 0 11 12 13 156 157 158 159 160 161 162 163 164 165 166 167 168 169 170 171 172 173 174 175 176 177 178 179 180 181 182 183 184 185 188 190 192 195 197 200 201 205 207 208 212 214 
1800 6 1 
1800 7 1 
1800 8 2 
1800 9 3 
1800 10 4 
1800 11 5 
1800 12 5 
1800 13 5 
1800 14 16 32 38 43 
1800 15 30 
1800 16 14 
1800 17 18 21 22 28 45 47 59 60 
1800 18 17 36 55 
1800 19 1 
1800 20 1 
1800 21 17 
1800 22 17 
1800 23 1 
1800 24 1 
1800 25 1 
1800 26 1 58 
1800 27 1 
1800 28 1 17 
1800 29 1 
1800 30 1 15 
1800 31 1 
1800 32 1 14 
1800 33 1 
1800 34 1 
1800 35 1 
1800 36 18 
1800 37 1 
1800 38 14 
1800 39 1 
1800 40 1 
1800 41 1 
1800 42 1 
1800 43 14 
1800 44 1 
1800 45 17 
1800 46 1 
1800 47 17 
1800 48 1 
1800 49 1 
1800 50 1 
1800 51 58 
1800 52 1 
1800 53 1 
1800 54 1 
1800 55 18 
1800 56 1 
1800 57 1 
1800 58 26 51 
1800 59 17 
1800 60 17 
1800 61 1 
1800 62 70 82 86 
1800 63 2 
1800 64 2 
1800 65 2 
1800 66 2 74 
1800 67 2 
1800 68 2 
1800 69 2 
1800 70 62 
1800 71 2 
1800 72 2 
1800 73 2 
1800 74 66 
1800 75 2 
1800 76 2 
1800 77 2 
1800 78 2 
1800 79 2 
1800 80 2 
1800 81 2 
1800 82 2 62 
1800 83 2 
1800 84 2 
1800 85 2 
1800 86 62 
1800 87 2 
1800 88 2 
1800 89 2 
1800 90 2 
1800 91 2 
1800 92 2 
1800 93 2 
1800 94 2 
1800 95 3 98 110 
1800 96 3 97 120 
1800 97 96 
1800 98 95 101 106 107 
1800 99 3 105 109 
1800 100 3 117 121 
1800 101 98 
1800 102 3 
1800 103 3 
1800 104 3 
1800 105 99 113 
1800 106 98 
1800 107 98 
1800 108 3 
1800 109 99 
1800 110 95 
1800 111 3 
1800 112 3 
1800 113 105 
1800 114 3 
1800 115 3 
1800 116 3 
1800 117 100 
1800 118 3 
1800 119 3 
1800 120 96 
1800 121 100 
1800 122 3 
1800 123 3 
1800 124 3 
1800 125 4 145 
1800 126 4 130 
1800 127 4 132 146 153 
1800 128 4 
1800 129 4 
1800 130 126 
1800 131 4 
1800 132 127 
1800 133 4 
1800 134 4 
1800 135 4 
1800 136 4 
1800 137 4 
1800 138 4 
1800 139 4 
1800 140 4 
1800 141 4 
1800 142 4 
1800 143 4 
1800 144 4 
1800 145 125 
1800 146 127 
1800 147 4 
1800 148 4 
1800 149 4 
1800 150 4 
1800 151 4 
1800 152 4 
1800 153 127 
1800 154 4 
1800 155 4 
1800 156 5 
1800 157 5 
1800 158 5 
1800 159 5 
1800 160 5 
1800 161 5 
1800 162 5 
1800 163 5 
1800 164 5 
1800 165 5 
1800 166 5 
1800 167 5 
1800 168 5 
1800 169 5 
1800 170 5 
1800 171 5 
1800 172 5 
1800 173 5 
1800 174 5 
1800 175 5 
1800 176 5 
1800 177 5 
1800 178 5 
1800 179 5 
1800 180 5 
1800 181 5 
1800 182 5 
1800 183 5 
1800 184 5 
1800 185 5 
1800 186 0 1 3 4 
1800 187 0 2 
1800 188 0 1 5 
1800 189 0 3 
1800 190 0 2 5 
1800 191 0 3 4 
1800 192 0 2 5 
1800 193 0 1 4 
1800 194 0 1 2 4 
1800 195 0 3 5 
1800 196 0 1 2 
1800 197 0 3 5 
1800 198 0 1 4 
1800 199 0 3 
1800 200 0 2 5 
1800 201 0 1 5 
1800 202 0 2 4 
1800 203 0 3 
1800 204 0 3 
1800 205 0 1 2 5 
1800 206 0 3 4 
1800 207 0 1 4 5 
1800 208 0 1 2 5 
1800 209 0 2 3 4 
1800 210 0 1 2 3 
1800 211 0 4 
1800 212 0 4 5 
1800 213 0 2 
1800 214 0 3 5 
1800 215 0 1 
3600 0 1 2 3 4 5 186 187 188 189 190 191 192 193 194 195 196 197 198 199 200 201 202 203 204 205 206 207 208 209 210 211 212 213 214 215 
3600 1 0 6 7 19 20 23 24 25 26 27 28 29 30 31 32 33 34 35 37 39 40 41 44 46 48 49 50 52 53 54 56 57 61 186 188 193 194 196 198 201 205 207 208 210 215 
3600 2 0 8 63 64 65 66 67 68 69 71 72 73 75 76 77 78 79 80 81 82 83 84 85 87 88 89 90 91 92 93 94 187 190 192 194 196 200 202 205 208 209 210 213 
3600 3 0 9 95 96 99 100 102 103 104 108 111 112 114 115 116 118 119 122 123 124 186 189 191 195 197 199 203 204 206 209 210 214 
3600 4 0 10 126 128 129 131 133 134 135 136 137 138 139 141 142 143 144 146 147 148 149 150 151 152 154 155 186 191 193 194 198 202 206 207 209 211 212 
3600 5 0 11 12 13 156 157 158 159 160 161 162 163 164 165 166 167 168 169 170 171 172 173 174 175 176 177 178 179 180 181 182 183 184 185 188 190 192 195 197 200 201 205 207 208 212 214 
3600 6 1 
3600 7 1 
3600 8 2 
3600 9 3 
3600 10 4 
3600 11 5 
3600 12 5 
3600 13 5 
3600 14 16 32 38 43 
3600 15 17 18 21 22 33 42 45 47 60 
3600 16 14 
3600 17 15 59 
3600 18 15 36 55 
3600 19 1 
3600 20 1 
3600 21 15 
3600 22 15 
3600 23 1 
3600 24 1 
3600 25 1 
3600 26 1 
3600 27 1 58 
3600 28 1 
3600 29 1 
3600 30 1 
3600 31 1 
3600 32 1 14 
3600 33 1 15 
3600 34 1 
3600 35 1 
3600 36 18 
3600 37 1 
3600 38 14 
3600 39 1 
3600 40 1 
3600 41 1 
3600 42 15 
3600 43 14 
3600 44 1 
3600 45 15 
3600 46 1 
3600 47 15 
3600 48 1 
3600 49 1 
3600 50 1 
3600 51 58 
3600 52 1 
3600 53 1 
3600 54 1 
3600 55 18 
3600 56 1 
3600 57 1 
3600 58 27 51 
3600 59 17 
3600 60 15 
3600 61 1 
3600 62 70 82 86 
3600 63 2 
3600 64 2 
3600 65 2 
3600 66 2 74 
3600 67 2 
3600 68 2 
3600 69 2 
3600 70 62 
3600 71 2 
3600 72 2 
3600 73 2 
3600 74 66 
3600 75 2 
3600 76 2 
3600 77 2 
3600 78 2 
3600 79 2 
3600 80 2 
3600 81 2 
3600 82 2 62 
3600 83 2 
3600 84 2 
3600 85 2 
3600 86 62 
3600 87 2 
3600 88 2 
3600 89 2 
3600 90 2 
3600 91 2 
3600 92 2 
3600 93 2 
3600 94 2 
3600 95 3 98 110 
3600 96 3 97 120 
3600 97 96 
3600 98 95 101 106 107 
3600 99 3 
3600 100 3 121 
3600 101 98 
3600 102 3 
3600 103 3 
3600 104 3 
3600 105 109 113 117 119 
3600 106 98 
3600 107 98 
3600 108 3 
3600 109 105 
3600 110 95 
3600 111 3 
3600 112 3 
3600 113 105 
3600 114 3 
3600 115 3 
3600 116 3 
3600 117 105 
3600 118 3 
3600 119 3 105 
3600 120 96 
3600 121 100 
3600 122 3 
3600 123 3 
3600 124 3 
3600 125 128 145 
3600 126 4 130 
3600 127 132 140 144 153 
3600 128 4 125 
3600 129 4 
3600 130 126 
3600 131 4 
3600 132 127 
3600 133 4 
3600 134 4 
3600 135 4 
3600 136 4 
3600 137 4 
3600 138 4 
3600 139 4 
3600 140 127 
3600 141 4 
3600 142 4 
3600 143 4 
3600 144 4 127 
3600 145 125 
3600 146 4 
3600 147 4 
3600 148 4 
3600 149 4 
3600 150 4 
3600 151 4 
3600 152 4 
3600 153 127 
3600 154 4 
3600 155 4 
3600 156 5 
3600 157 5 
3600 158 5 
3600 159 5 
3600 160 5 
3600 161 5 
3600 162 5 
3600 163 5 
3600 164 5 
3600 165 5 
3600 166 5 
3600 167 5 
3600 168 5 
3600 169 5 
3600 170 5 
3600 171 5 
3600 172 5 
3600 173 5 
3600 174 5 
3600 175 5 
3600 176 5 
3600 177 5 
3600 178 5 
3600 179 5 
3600 180 5 
3600 181 5 
3600 182 5 
3600 183 5 
3600 184 5 
3600 185 5 
3600 186 0 1 3 4 
3600 187 0 2 
3600 188 0 1 5 
3600 189 0 3 
3600 190 0 2 5 
3600 191 0 3 4 
3600 192 0 2 5 
3600 193 0 1 4 
3600 194 0 1 2 4 
3600 195 0 3 5 
3600 196 0 1 2 
3600 197 0 3 5 
3600 198 0 1 4 
3600 199 0 3 
3600 200 0 2 5 
3600 201 0 1 5 
3600 202 0 2 4 
3600 203 0 3 
3600 204 0 3 
3600 205 0 1 2 5 
3600 206 0 3 4 
3600 207 0 1 4 5 
3600 208 0 1 2 5 
3600 209 0 2 3 4 
3600 210 0 1 2 3 
3600 211 0 4 
3600 212 0 4 5 
3600 213 0 2 
3600 214 0 3 5 
3600 215 0 1 
5400 0 1 2 3 4 5 186 187 188 189 190 191 192 193 194 195 196 197 198 199 200 201 202 203 204 205 206 207 208 209 210 211 212 213 214 215 
5400 1 0 6 7 19 20 22 23 24 25 26 27 28 29 30 31 32 33 34 35 37 39 40 41 42 44 46 48 49 50 52 53 54 56 57 61 186 188 193 194 196 198 201 205 207 208 210 215 
5400 2 0 8 63 64 65 66 67 68 69 71 72 73 75 76 78 79 80 81 82 83 84 85 87 88 89 90 91 92 93 94 187 190 192 194 196 200 202 205 208 209 210 213 
5400 3 0 9 95 96 99 100 102 103 104 108 111 112 114 115 116 117 118 119 122 123 124 186 189 191 195 197 199 203 204 206 209 210 214 
5400 4 0 10 126 128 129 130 131 133 134 135 137 138 139 141 142 143 144 146 147 148 149 150 151 152 153 154 155 186 191 193 194 198 202 206 207 209 211 212 
5400 5 0 11 12 13 156 157 158 159 160 161 162 163 164 165 166 167 168 169 170 171 172 173 174 175 176 177 178 179 180 181 182 183 184 185 188 190 192 195 197 200 201 205 207 208 212 214 
5400 6 1 
5400 7 1 
5400 8 2 
5400 9 3 
5400 10 4 
5400 11 5 
5400 12 5 
5400 13 5 
5400 14 16 32 38 
5400 15 23 43 
5400 16 14 
5400 17 18 21 23 45 47 59 60 
5400 18 17 36 55 
5400 19 1 58 
5400 20 1 
5400 21 17 
5400 22 1 51 
5400 23 1 15 17 
5400 24 1 
5400 25 1 
5400 26 1 
5400 27 1 
5400 28 1 
5400 29 1 
5400 30 1 
5400 31 1 
5400 32 1 14 
5400 33 1 
5400 34 1 
5400 35 1 
5400 36 18 
5400 37 1 
5400 38 14 
5400 39 1 
5400 40 1 
5400 41 1 
5400 42 1 
5400 43 15 
5400 44 1 
5400 45 17 
5400 46 1 
5400 47 17 
5400 48 1 
5400 49 1 
5400 50 1 
5400 51 22 
5400 52 1 
5400 53 1 
5400 54 1 
5400 55 18 
5400 56 1 
5400 57 1 
5400 58 19 
5400 59 17 
5400 60 17 
5400 61 1 
5400 62 70 82 86 
5400 63 2 77 
5400 64 2 
5400 65 2 
5400 66 2 74 
5400 67 2 
5400 68 2 
5400 69 2 
5400 70 62 
5400 71 2 
5400 72 2 
5400 73 2 
5400 74 66 
5400 75 2 
5400 76 2 
5400 77 63 
5400 78 2 
5400 79 2 
5400 80 2 
5400 81 2 
5400 82 2 62 
5400 83 2 
5400 84 2 
5400 85 2 
5400 86 62 
5400 87 2 
5400 88 2 
5400 89 2 
5400 90 2 
5400 91 2 
5400 92 2 
5400 93 2 
5400 94 2 
5400 95 3 98 110 
5400 96 3 97 120 
5400 97 96 
5400 98 95 101 106 107 
5400 99 3 
5400 100 3 121 
5400 101 98 113 
5400 102 3 
5400 103 3 
5400 104 3 
5400 105 109 113 
5400 106 98 
5400 107 98 
5400 108 3 
5400 109 105 
5400 110 95 
5400 111 3 
5400 112 3 
5400 113 101 105 
5400 114 3 
5400 115 3 
5400 116 3 
5400 117 3 
5400 118 3 
5400 119 3 
5400 120 96 
5400 121 100 
5400 122 3 
5400 123 3 
5400 124 3 
5400 125 127 145 147 
5400 126 4 
5400 127 125 132 140 
5400 128 4 
5400 129 4 
5400 130 4 
5400 131 4 
5400 132 127 
5400 133 4 
5400 134 4 
5400 135 4 
5400 136 145 
5400 137 4 
5400 138 4 
5400 139 4 
5400 140 127 
5400 141 4 
5400 142 4 
5400 143 4 
5400 144 4 
5400 145 125 136 
5400 146 4 
5400 147 4 125 
5400 148 4 
5400 149 4 
5400 150 4 
5400 151 4 
5400 152 4 
5400 153 4 
5400 154 4 
5400 155 4 
5400 156 5 
5400 157 5 
5400 158 5 
5400 159 5 
5400 160 5 
5400 161 5 
5400 162 5 
5400 163 5 
5400 164 5 
5400 165 5 
5400 166 5 
5400 167 5 
5400 168 5 
5400 169 5 
5400 170 5 
5400 171 5 
5400 172 5 
5400 173 5 
5400 174 5 
5400 175 5 
5400 176 5 
5400 177 5 
5400 178 5 
5400 179 5 
5400 180 5 
5400 181 5 
5400 182 5 
5400 183 5 
5400 184 5 
5400 185 5 
5400 186 0 1 3 4 
5400 187 0 2 
5400 188 0 1 5 
5400 189 0 3 
5400 190 0 2 5 
5400 191 0 3 4 
5400 192 0 2 5 
5400 193 0 1 4 
5400 194 0 1 2 4 
5400 195 0 3 5 
5400 196 0 1 2 
5400 197 0 3 5 
5400 198 0 1 4 
5400 199 0 3 
5400 200 0 2 5 
5400 201 0 1 5 
5400 202 0 2 4 
5400 203 0 3 
5400 204 0 3 
5400 205 0 1 2 5 
5400 206 0 3 4 
5400 207 0 1 4 5 
5400 208 0 1 2 5 
5400 209 0 2 3 4 
5400 210 0 1 2 3 
5400 211 0 4 
5400 212 0 4 5 
5400 213 0 2 
5400 214 0 3 5 
5400 215 0 1 
7200 0 1 2 3 4 5 186 187 188 189 190 191 192 193 194 195 196 197 198 199 200 201 202 203 204 205 206 207 208 209 210 211 212 213 214 215 
7200 1 0 6 7 19 20 23 24 25 26 27 28 29 30 31 32 33 34 35 37 39 40 41 42 44 46 48 49 50 52 53 54 56 57 61 186 188 193 194 196 198 201 205 207 208 210 215 
7200 2 0 8 63 64 65 66 67 68 69 71 72 73 75 76 78 79 80 81 82 83 84 85 87 88 89 90 91 92 93 94 187 190 192 194 196 200 202 205 208 209 210 213 
7200 3 0 9 95 96 99 100 102 103 104 108 111 112 114 115 116 118 119 122 123 124 186 189 191 195 197 199 203 204 206 209 210 214 
7200 4 0 10 126 128 129 131 133 134 135 136 137 138 139 141 142 143 144 147 148 149 150 151 152 154 155 186 191 193 194 198 202 206 207 209 211 212 
7200 5 0 11 12 13 156 157 158 159 160 161 162 163 164 165 166 167 168 169 170 171 172 173 174 175 176 177 178 179 180 181 182 183 184 185 188 190 192 195 197 200 201 205 207 208 212 214 
7200 6 1 
7200 7 1 
7200 8 2 
7200 9 3 
7200 10 4 
7200 11 5 
7200 12 5 
7200 13 5 
7200 14 16 32 38 43 
7200 15 17 21 
7200 16 14 
7200 17 15 18 22 33 45 47 59 60 
7200 18 17 36 55 
7200 19 1 
7200 20 1 
7200 21 15 
7200 22 17 
7200 23 1 
7200 24 1 
7200 25 1 
7200 26 1 
7200 27 1 58 
7200 28 1 
7200 29 1 
7200 30 1 
7200 31 1 
7200 32 1 14 
7200 33 1 17 
7200 34 1 
7200 35 1 
7200 36 18 
7200 37 1 
7200 38 14 
7200 39 1 
7200 40 1 
7200 41 1 
7200 42 1 
7200 43 14 
7200 44 1 
7200 45 17 
7200 46 1 
7200 47 17 
7200 48 1 
7200 49 1 
7200 50 1 
7200 51 58 
7200 52 1 
7200 53 1 
7200 54 1 
7200 55 18 
7200 56 1 
7200 57 1 
7200 58 27 51 
7200 59 17 
7200 60 17 
7200 61 1 
7200 62 70 83 
7200 63 2 77 86 
7200 64 2 
7200 65 2 
7200 66 2 74 
7200 67 2 
7200 68 2 
7200 69 2 
7200 70 62 
7200 71 2 
7200 72 2 
7200 73 2 
7200 74 66 
7200 75 2 
7200 76 2 
7200 77 63 
7200 78 2 
7200 79 2 
7200 80 2 
7200 81 2 
7200 82 2 
7200 83 2 62 
7200 84 2 
7200 85 2 
7200 86 63 
7200 87 2 
7200 88 2 
7200 89 2 
7200 90 2 
7200 91 2 
7200 92 2 
7200 93 2 
7200 94 2 
7200 95 3 98 110 
7200 96 3 97 120 
7200 97 96 
7200 98 95 101 105 106 107 
7200 99 3 121 
7200 100 3 
7200 101 98 
7200 102 3 
7200 103 3 
7200 104 3 109 117 
7200 105 98 113 
7200 106 98 
7200 107 98 
7200 108 3 
7200 109 104 
7200 110 95 
7200 111 3 
7200 112 3 
7200 113 105 
7200 114 3 
7200 115 3 
7200 116 3 
7200 117 104 
7200 118 3 
7200 119 3 
7200 120 96 
7200 121 99 
7200 122 3 
7200 123 3 
7200 124 3 
7200 125 145 147 
7200 126 4 130 
7200 127 132 140 144 146 153 
7200 128 4 
7200 129 4 
7200 130 126 
7200 131 4 
7200 132 127 
7200 133 4 
7200 134 4 
7200 135 4 
7200 136 4 
7200 137 4 
7200 138 4 
7200 139 4 
7200 140 127 
7200 141 4 
7200 142 4 
7200 143 4 
7200 144 4 127 
7200 145 125 
7200 146 127 
7200 147 4 125 
7200 148 4 
7200 149 4 
7200 150 4 
7200 151 4 
7200 152 4 
7200 153 127 
7200 154 4 
7200 155 4 
7200 156 5 
7200 157 5 
7200 158 5 
7200 159 5 
7200 160 5 
7200 161 5 
7200 162 5 
7200 163 5 
7200 164 5 
7200 165 5 
7200 166 5 
7200 167 5 
7200 168 5 
7200 169 5 
7200 170 5 
7200 171 5 
7200 172 5 
7200 173 5 
7200 174 5 
7200 175 5 
7200 176 5 
7200 177 5 
7200 178 5 
7200 179 5 
7200 180 5 
7200 181 5 
7200 182 5 
7200 183 5 
7200 184 5 
7200 185 5 
7200 186 0 1 3 4 
7200 187 0 2 
7200 188 0 1 5 
7200 189 0 3 
7200 190 0 2 5 
7200 191 0 3 4 
7200 192 0 2 5 
7200 193 0 1 4 
7200 194 0 1 2 4 
7200 195 0 3 5 
7200 196 0 1 2 
7200 197 0 3 5 
7200 198 0 1 4 
7200 199 0 3 
7200 200 0 2 5 
7200 201 0 1 5 
7200 202 0 2 4 
7200 203 0 3 
7200 204 0 3 
7200 205 0 1 2 5 
7200 206 0 3 4 
7200 207 0 1 4 5 
7200 208 0 1 2 5 
7200 209 0 2 3 4 
7200 210 0 1 2 3 
7200 211 0 4 
7200 212 0 4 5 
7200 213 0 2 
7200 214 0 3 5 
7200 215 0 1 
9000 0 1 2 3 4 5 186 187 188 189 190 191 192 193 194 195 196 197 198 199 200 201 202 203 204 205 206 207 208 209 210 211 212 213 214 215 
9000 1 0 6 7 18 19 20 23 24 25 26 27 28 29 30 31 32 33 34 35 37 39 40 41 42 43 44 46 48 49 50 52 53 54 56 57 61 186 188 193 194 196 198 201 205 207 208 210 215 
9000 2 0 8 63 64 65 66 67 68 69 71 72 73 75 76 77 78 79 80 81 82 83 84 85 87 88 89 90 91 92 93 94 187 190 192 194 196 200 202 205 208 209 210 213 
9000 3 0 9 95 96 99 100 102 103 104 108 111 112 114 115 116 118 119 122 123 124 186 189 191 195 197 199 203 204 206 209 210 214 
9000 4 0 10 126 128 129 131 133 134 135 136 137 138 139 141 142 143 144 147 148 149 150 151 152 154 155 186 191 193 194 198 202 206 207 209 211 212 
9000 5 0 11 12 13 156 157 158 159 160 161 162 163 164 165 166 167 168 169 170 171 172 173 174 175 176 177 178 179 180 181 182 183 184 185 188 190 192 195 197 200 201 205 207 208 212 214 
9000 6 1 
9000 7 1 
9000 8 2 
9000 9 3 
9000 10 4 
9000 11 5 
9000 12 5 
9000 13 5 
9000 14 16 32 38 
9000 15 26 
9000 16 14 
9000 17 18 21 22 45 47 59 60 
9000 18 1 17 36 55 
9000 19 1 
9000 20 1 
9000 21 17 
9000 22 17 
9000 23 1 
9000 24 1 
9000 25 1 
9000 26 1 15 
9000 27 1 58 
9000 28 1 
9000 29 1 
9000 30 1 51 
9000 31 1 
9000 32 1 14 
9000 33 1 
9000 34 1 
9000 35 1 
9000 36 18 
9000 37 1 
9000 38 14 
9000 39 1 
9000 40 1 
9000 41 1 
9000 42 1 
9000 43 1 
9000 44 1 
9000 45 17 
9000 46 1 
9000 47 17 
9000 48 1 
9000 49 1 
9000 50 1 
9000 51 30 
9000 52 1 
9000 53 1 
9000 54 1 
9000 55 18 
9000 56 1 
9000 57 1 
9000 58 27 
9000 59 17 
9000 60 17 
9000 61 1 
9000 62 70 80 86 
9000 63 2 
9000 64 2 
9000 65 2 
9000 66 2 74 
9000 67 2 
9000 68 2 
9000 69 2 
9000 70 62 
9000 71 2 
9000 72 2 
9000 73 2 
9000 74 66 
9000 75 2 
9000 76 2 
9000 77 2 
9000 78 2 
9000 79 2 
9000 80 2 62 
9000 81 2 
9000 82 2 
9000 83 2 
9000 84 2 
9000 85 2 
9000 86 62 
9000 87 2 
9000 88 2 
9000 89 2 
9000 90 2 
9000 91 2 
9000 92 2 
9000 93 2 
9000 94 2 
9000 95 3 98 106 107 110 
9000 96 3 97 120 
9000 97 96 
9000 98 95 101 
9000 99 3 
9000 100 3 121 
9000 101 98 
9000 102 3 
9000 103 3 
9000 104 3 
9000 105 109 113 117 119 
9000 106 95 
9000 107 95 
9000 108 3 
9000 109 105 
9000 110 95 
9000 111 3 
9000 112 3 
9000 113 105 
9000 114 3 
9000 115 3 
9000 116 3 
9000 117 105 
9000 118 3 
9000 119 3 105 
9000 120 96 
9000 121 100 
9000 122 3 
9000 123 3 
9000 124 3 
9000 125 145 147 
9000 126 4 130 
9000 127 132 140 144 146 153 
9000 128 4 
9000 129 4 
9000 130 126 
9000 131 4 
9000 132 127 
9000 133 4 
9000 134 4 
9000 135 4 
9000 136 4 
9000 137 4 
9000 138 4 
9000 139 4 
9000 140 127 
9000 141 4 
9000 142 4 
9000 143 4 
9000 144 4 127 
9000 145 125 
9000 146 127 
9000 147 4 125 
9000 148 4 
9000 149 4 
9000 150 4 
9000 151 4 
9000 152 4 
9000 153 127 
9000 154 4 
9000 155 4 
9000 156 5 
9000 157 5 
9000 158 5 
9000 159 5 
9000 160 5 
9000 161 5 
9000 162 5 
9000 163 5 
9000 164 5 
9000 165 5 
9000 166 5 
9000 167 5 
9000 168 5 
9000 169 5 
9000 170 5 
9000 171 5 
9000 172 5 
9000 173 5 
9000 174 5 
9000 175 5 
9000 176 5 
9000 177 5 
9000 178 5 
9000 179 5 
9000 180 5 
9000 181 5 
9000 182 5 
9000 183 5 
9000 184 5 
9000 185 5 
9000 186 0 1 3 4 
9000 187 0 2 
9000 188 0 1 5 
9000 189 0 3 
9000 190 0 2 5 
9000 191 0 3 4 
9000 192 0 2 5 
9000 193 0 1 4 
9000 194 0 1 2 4 
9000 195 0 3 5 
9000 196 0 1 2 
9000 197 0 3 5 
9000 198 0 1 4 
9000 199 0 3 
9000 200 0 2 5 
9000 201 0 1 5 
9000 202 0 2 4 
9000 203 0 3 
9000 204 0 3 
9000 205 0 1 2 5 
9000 206 0 3 4 
9000 207 0 1 4 5 
9000 208 0 1 2 5 
9000 209 0 2 3 4 
9000 210 0 1 2 3 
9000 211 0 4 
9000 212 0 4 5 
9000 213 0 2 
9000 214 0 3 5 
9000 215 0 1 
10800 0 1 2 3 4 5 186 187 188 189 190 191 192 193 194 195 196 197 198 199 200 201 202 203 204 205 206 207 208 209 210 211 212 213 214 215 
10800 1 0 6 7 18 19 20 23 24 25 26 27 28 29 30 31 32 33 34 35 37 39 40 41 42 44 46 48 49 50 52 53 54 56 57 60 61 186 188 193 194 196 198 201 205 207 208 210 215 
10800 2 0 8 63 64 65 66 67 68 69 71 72 73 75 76 78 79 80 81 82 83 84 85 87 88 89 90 91 92 93 94 187 190 192 194 196 200 202 205 208 209 210 213 
10800 3 0 9 95 96 99 100 102 103 104 108 111 112 114 115 116 118 119 122 123 124 186 189 191 195 197 199 203 204 206 209 210 214 
10800 4 0 10 126 128 129 131 133 134 135 136 137 138 139 141 142 143 144 147 148 149 150 151 152 153 154 155 186 191 193 194 198 202 206 207 209 211 212 
10800 5 0 11 12 13 156 157 158 159 160 161 162 163 164 165 166 167 168 169 170 171 172 173 174 175 176 177 178 179 180 181 182 183 184 185 188 190 192 195 197 200 201 205 207 208 212 214 
10800 6 1 
10800 7 1 
10800 8 2 
10800 9 3 
10800 10 4 
10800 11 5 
10800 12 5 
10800 13 5 
10800 14 16 32 38 43 58 
10800 15 
10800 16 14 
10800 17 18 21 22 45 47 59 
10800 18 1 17 36 
10800 19 1 
10800 20 1 
10800 21 17 
10800 22 17 55 
10800 23 1 
10800 24 1 
10800 25 1 
10800 26 1 
10800 27 1 
10800 28 1 
10800 29 1 
10800 30 1 
10800 31 1 
10800 32 1 14 
10800 33 1 
10800 34 1 
10800 35 1 
10800 36 18 
10800 37 1 
10800 38 14 
10800 39 1 
10800 40 1 
10800 41 1 
10800 42 1 
10800 43 14 
10800 44 1 
10800 45 17 
10800 46 1 
10800 47 17 
10800 48 1 
10800 49 1 
10800 50 1 
10800 51 58 
10800 52 1 
10800 53 1 
10800 54 1 
10800 55 22 
10800 56 1 
10800 57 1 
10800 58 14 51 
10800 59 17 
10800 60 1 
10800 61 1 
10800 62 70 81 86 
10800 63 2 77 
10800 64 2 
10800 65 2 
10800 66 2 74 
10800 67 2 
10800 68 2 
10800 69 2 
10800 70 62 
10800 71 2 
10800 72 2 
10800 73 2 
10800 74 66 
10800 75 2 
10800 76 2 
10800 77 63 
10800 78 2 
10800 79 2 
10800 80 2 
10800 81 2 62 
10800 82 2 
10800 83 2 
10800 84 2 
10800 85 2 
10800 86 62 
10800 87 2 
10800 88 2 
10800 89 2 
10800 90 2 
10800 91 2 
10800 92 2 
10800 93 2 
10800 94 2 
10800 95 3 98 110 117 
10800 96 3 97 120 
10800 97 96 
10800 98 95 101 106 107 
10800 99 3 
10800 100 3 121 
10800 101 98 
10800 102 3 
10800 103 3 
10800 104 3 
10800 105 109 113 116 
10800 106 98 
10800 107 98 
10800 108 3 
10800 109 105 
10800 110 95 
10800 111 3 
10800 112 3 
10800 113 105 
10800 114 3 
10800 115 3 
10800 116 3 105 
10800 117 95 
10800 118 3 
10800 119 3 
10800 120 96 
10800 121 100 
10800 122 3 
10800 123 3 
10800 124 3 
10800 125 145 147 
10800 126 4 130 
10800 127 132 146 149 
10800 128 4 
10800 129 4 
10800 130 126 
10800 131 4 
10800 132 127 140 
10800 133 4 
10800 134 4 
10800 135 4 
10800 136 4 
10800 137 4 
10800 138 4 
10800 139 4 
10800 140 132 
10800 141 4 
10800 142 4 
10800 143 4 
10800 144 4 
10800 145 125 
10800 146 127 
10800 147 4 125 
10800 148 4 
10800 149 4 127 
10800 150 4 
10800 151 4 
10800 152 4 
10800 153 4 
10800 154 4 
10800 155 4 
10800 156 5 
10800 157 5 
10800 158 5 
10800 159 5 
10800 160 5 
10800 161 5 
10800 162 5 
10800 163 5 
10800 164 5 
10800 165 5 
10800 166 5 
10800 167 5 
10800 168 5 
10800 169 5 
10800 170 5 
10800 171 5 
10800 172 5 
10800 173 5 
10800 174 5 
10800 175 5 
10800 176 5 
10800 177 5 
10800 178 5 
10800 179 5 
10800 180 5 
10800 181 5 
10800 182 5 
10800 183 5 
10800 184 5 
10800 185 5 
10800 186 0 1 3 4 
10800 187 0 2 
10800 188 0 1 5 
10800 189 0 3 
10800 190 0 2 5 
10800 191 0 3 4 
10800 192 0 2 5 
10800 193 0 1 4 
10800 194 0 1 2 4 
10800 195 0 3 5 
10800 196 0 1 2 
10800 197 0 3 5 
10800 198 0 1 4 
10800 199 0 3 
10800 200 0 2 5 
10800 201 0 1 5 
10800 202 0 2 4 
10800 203 0 3 
10800 204 0 3 
10800 205 0 1 2 5 
10800 206 0 3 4 
10800 207 0 1 4 5 
10800 208 0 1 2 5 
10800 209 0 2 3 4 
10800 210 0 1 2 3 
10800 211 0 4 
10800 212 0 4 5 
10800 213 0 2 
10800 214 0 3 5 
10800 215 0 1 
12600 0 1 2 3 4 5 186 187 188 189 190 191 192 193 194 195 196 197 198 199 200 201 202 203 204 205 206 207 208 209 210 211 212 213 214 215 
12600 1 0 6 7 19 20 23 24 25 26 27 28 29 30 31 32 33 34 35 36 37 39 40 41 42 44 46 48 49 50 52 53 54 56 57 61 186 188 193 194 196 198 201 205 207 208 210 215 
12600 2 0 8 63 64 65 66 67 68 69 71 72 73 75 76 78 79 80 81 82 83 84 85 87 88 89 90 91 92 93 94 187 190 192 194 196 200 202 205 208 209 210 213 
12600 3 0 9 95 96 99 100 102 103 104 105 108 110 111 112 114 115 116 118 119 120 122 123 124 186 189 191 195 197 199 203 204 206 209 210 214 
12600 4 0 10 126 128 129 131 133 134 135 136 137 138 139 141 142 143 144 147 148 149 150 151 152 154 155 186 191 193 194 198 202 206 207 209 211 212 
12600 5 0 11 12 13 156 157 158 159 160 161 162 163 164 165 166 167 168 169 170 171 172 173 174 175 176 177 178 179 180 181 182 183 184 185 188 190 192 195 197 200 201 205 207 208 212 214 
12600 6 1 
12600 7 1 
12600 8 2 
12600 9 3 
12600 10 4 
12600 11 5 
12600 12 5 
12600 13 5 
12600 14 15 16 21 38 43 48 
12600 15 14 
12600 16 14 
12600 17 18 21 22 45 47 59 60 
12600 18 17 55 
12600 19 1 
12600 20 1 
12600 21 14 17 
12600 22 17 
12600 23 1 
12600 24 1 58 
12600 25 1 
12600 26 1 
12600 27 1 
12600 28 1 
12600 29 1 
12600 30 1 
12600 31 1 
12600 32 1 
12600 33 1 
12600 34 1 
12600 35 1 
12600 36 1 
12600 37 1 
12600 38 14 
12600 39 1 
12600 40 1 
12600 41 1 
12600 42 1 
12600 43 14 
12600 44 1 
12600 45 17 
12600 46 1 
12600 47 17 
12600 48 1 14 
12600 49 1 
12600 50 1 
12600 51 58 
12600 52 1 
12600 53 1 
12600 54 1 
12600 55 18 
12600 56 1 
12600 57 1 
12600 58 24 51 
12600 59 17 
12600 60 17 
12600 61 1 
12600 62 68 70 86 
12600 63 2 77 
12600 64 2 
12600 65 2 
12600 66 2 74 
12600 67 2 
12600 68 2 62 
12600 69 2 
12600 70 62 
12600 71 2 
12600 72 2 
12600 73 2 
12600 74 66 
12600 75 2 
12600 76 2 
12600 77 63 
12600 78 2 
12600 79 2 
12600 80 2 
12600 81 2 
12600 82 2 
12600 83 2 
12600 84 2 
12600 85 2 
12600 86 62 
12600 87 2 
12600 88 2 
12600 89 2 
12600 90 2 
12600 91 2 
12600 92 2 
12600 93 2 
12600 94 2 
12600 95 3 
12600 96 3 97 
12600 97 96 
12600 98 101 106 107 111 113 117 
12600 99 3 
12600 100 3 121 
12600 101 98 
12600 102 3 
12600 103 3 
12600 104 3 109 
12600 105 3 
12600 106 98 
12600 107 98 
12600 108 3 
12600 109 104 
12600 110 3 
12600 111 3 98 
12600 112 3 
12600 113 98 
12600 114 3 
12600 115 3 
12600 116 3 
12600 117 98 
12600 118 3 
12600 119 3 
12600 120 3 
12600 121 100 
12600 122 3 
12600 123 3 
12600 124 3 
12600 125 145 147 
12600 126 4 130 153 
12600 127 132 140 144 146 
12600 128 4 
12600 129 4 
12600 130 126 
12600 131 4 
12600 132 127 
12600 133 4 
12600 134 4 
12600 135 4 
12600 136 4 
12600 137 4 
12600 138 4 
12600 139 4 
12600 140 127 
12600 141 4 
12600 142 4 
12600 143 4 
12600 144 4 127 
12600 145 125 
12600 146 127 
12600 147 4 125 
12600 148 4 
12600 149 4 
12600 150 4 
12600 151 4 
12600 152 4 
12600 153 126 
12600 154 4 
12600 155 4 
12600 156 5 
12600 157 5 
12600 158 5 
12600 159 5 
12600 160 5 
12600 161 5 
12600 162 5 
12600 163 5 
12600 164 5 
12600 165 5 
12600 166 5 
12600 167 5 
12600 168 5 
12600 169 5 
12600 170 5 
12600 171 5 
12600 172 5 
12600 173 5 
12600 174 5 
12600 175 5 
12600 176 5 
12600 177 5 
12600 178 5 
12600 179 5 
12600 180 5 
12600 181 5 
12600 182 5 
12600 183 5 
12600 184 5 
12600 185 5 
12600 186 0 1 3 4 
12600 187 0 2 
12600 188 0 1 5 
12600 189 0 3 
12600 190 0 2 5 
12600 191 0 3 4 
12600 192 0 2 5 
12600 193 0 1 4 
12600 194 0 1 2 4 
12600 195 0 3 5 
12600 196 0 1 2 
12600 197 0 3 5 
12600 198 0 1 4 
12600 199 0 3 
12600 200 0 2 5 
12600 201 0 1 5 
12600 202 0 2 4 
12600 203 0 3 
12600 204 0 3 
12600 205 0 1 2 5 
12600 206 0 3 4 
12600 207 0 1 4 5 
12600 208 0 1 2 5 
12600 209 0 2 3 4 
12600 210 0 1 2 3 
12600 211 0 4 
12600 212 0 4 5 
12600 213 0 2 
12600 214 0 3 5 
12600 215 0 1 
14400 0 1 2 3 4 5 186 187 188 189 190 191 192 193 194 195 196 197 198 199 200 201 202 203 204 205 206 207 208 209 210 211 212 213 214 215 
14400 1 0 6 7 19 20 22 23 24 25 26 27 28 29 30 31 32 33 34 35 37 39 40 41 42 44 46 48 49 50 52 53 54 56 57 61 186 188 193 194 196 198 201 205 207 208 210 215 
14400 2 0 8 63 64 65 66 67 68 69 71 72 73 75 76 78 79 80 81 82 83 84 85 86 87 88 89 90 91 92 93 94 187 190 192 194 196 200 202 205 208 209 210 213 
14400 3 0 9 95 96 99 100 102 103 104 108 111 112 114 115 116 118 119 122 123 124 186 189 191 195 197 199 203 204 206 209 210 214 
14400 4 0 10 126 128 129 131 133 134 135 136 137 138 139 141 142 143 144 147 148 149 150 151 152 154 155 186 191 193 194 198 202 206 207 209 211 212 
14400 5 0 11 12 13 156 157 158 159 160 161 162 163 164 165 166 167 168 169 170 171 172 173 174 175 176 177 178 179 180 181 182 183 184 185 188 190 192 195 197 200 201 205 207 208 212 214 
14400 6 1 
14400 7 1 
14400 8 2 
14400 9 3 
14400 10 4 
14400 11 5 
14400 12 5 
14400 13 5 
14400 14 16 32 38 43 
14400 15 24 60 
14400 16 14 
14400 17 18 21 22 45 47 59 
14400 18 17 36 55 
14400 19 1 
14400 20 1 
14400 21 17 
14400 22 1 17 
14400 23 1 
14400 24 1 15 
14400 25 1 
14400 26 1 
14400 27 1 58 
14400 28 1 
14400 29 1 
14400 30 1 
14400 31 1 
14400 32 1 14 
14400 33 1 
14400 34 1 
14400 35 1 51 
14400 36 18 
14400 37 1 
14400 38 14 
14400 39 1 
14400 40 1 
14400 41 1 
14400 42 1 
14400 43 14 
14400 44 1 
14400 45 17 
14400 46 1 
14400 47 17 
14400 48 1 
14400 49 1 
14400 50 1 
14400 51 35 
14400 52 1 
14400 53 1 
14400 54 1 
14400 55 18 
14400 56 1 
14400 57 1 
14400 58 27 
14400 59 17 
14400 60 15 
14400 61 1 
14400 62 70 82 
14400 63 2 77 
14400 64 2 
14400 65 2 74 
14400 66 2 
14400 67 2 
14400 68 2 
14400 69 2 
14400 70 62 
14400 71 2 
14400 72 2 
14400 73 2 
14400 74 65 
14400 75 2 
14400 76 2 
14400 77 63 
14400 78 2 
14400 79 2 
14400 80 2 
14400 81 2 
14400 82 2 62 
14400 83 2 
14400 84 2 
14400 85 2 
14400 86 2 
14400 87 2 
14400 88 2 
14400 89 2 
14400 90 2 
14400 91 2 
14400 92 2 
14400 93 2 
14400 94 2 
14400 95 3 98 110 
14400 96 3 97 120 
14400 97 96 
14400 98 95 101 106 107 
14400 99 3 
14400 100 3 121 
14400 101 98 
14400 102 3 
14400 103 3 
14400 104 3 
14400 105 109 113 117 119 
14400 106 98 
14400 107 98 
14400 108 3 
14400 109 105 
14400 110 95 
14400 111 3 
14400 112 3 
14400 113 105 
14400 114 3 
14400 115 3 
14400 116 3 
14400 117 105 
14400 118 3 
14400 119 3 105 
14400 120 96 
14400 121 100 
14400 122 3 
14400 123 3 
14400 124 3 
14400 125 131 145 
14400 126 4 130 
14400 127 132 140 144 146 153 
14400 128 4 
14400 129 4 
14400 130 126 
14400 131 4 125 
14400 132 127 
14400 133 4 
14400 134 4 
14400 135 4 
14400 136 4 
14400 137 4 
14400 138 4 
14400 139 4 
14400 140 127 
14400 141 4 
14400 142 4 
14400 143 4 
14400 144 4 127 
14400 145 125 
14400 146 127 
14400 147 4 
14400 148 4 
14400 149 4 
14400 150 4 
14400 151 4 
14400 152 4 
14400 153 127 
14400 154 4 
14400 155 4 
14400 156 5 
14400 157 5 
14400 158 5 
14400 159 5 
14400 160 5 
14400 161 5 
14400 162 5 
14400 163 5 
14400 164 5 
14400 165 5 
14400 166 5 
14400 167 5 
14400 168 5 
14400 169 5 
14400 170 5 
14400 171 5 
14400 172 5 
14400 173 5 
14400 174 5 
14400 175 5 
14400 176 5 
14400 177 5 
14400 178 5 
14400 179 5 
14400 180 5 
14400 181 5 
14400 182 5 
14400 183 5 
14400 184 5 
14400 185 5 
14400 186 0 1 3 4 
14400 187 0 2 
14400 188 0 1 5 
14400 189 0 3 
14400 190 0 2 5 
14400 191 0 3 4 
14400 192 0 2 5 
14400 193 0 1 4 
14400 194 0 1 2 4 
14400 195 0 3 5 
14400 196 0 1 2 
14400 197 0 3 5 
14400 198 0 1 4 
14400 199 0 3 
14400 200 0 2 5 
14400 201 0 1 5 
14400 202 0 2 4 
14400 203 0 3 
14400 204 0 3 
14400 205 0 1 2 5 
14400 206 0 3 4 
14400 207 0 1 4 5 
14400 208 0 1 2 5 
14400 209 0 2 3 4 
14400 210 0 1 2 3 
14400 211 0 4 
14400 212 0 4 5 
14400 213 0 2 
14400 214 0 3 5 
14400 215 0 1 
16200 0 1 2 3 4 5 186 187 188 189 190 191 192 193 194 195 196 197 198 199 200 201 202 203 204 205 206 207 208 209 210 211 212 213 214 215 
16200 1 0 6 7 19 20 23 24 25 26 27 28 29 30 31 32 33 34 35 37 39 40 41 42 44 46 48 49 50 52 53 54 56 57 186 188 193 194 196 198 201 205 207 208 210 215 
16200 2 0 8 63 64 65 66 67 68 69 71 72 73 75 76 78 79 80 81 82 83 84 85 87 88 89 90 91 92 93 94 187 190 192 194 196 200 202 205 208 209 210 213 
16200 3 0 9 95 96 98 99 100 102 103 104 108 111 112 114 115 116 118 119 122 123 124 186 189 191 195 197 199 203 204 206 209 210 214 
16200 4 0 10 126 128 129 131 133 134 135 136 137 138 139 141 142 143 144 147 148 149 150 151 152 154 155 186 191 193 194 198 202 206 207 209 211 212 
16200 5 0 11 12 13 156 157 158 159 160 161 162 163 164 165 166 167 168 169 170 171 172 173 174 175 176 177 178 179 180 181 182 183 184 185 188 190 192 195 197 200 201 205 207 208 212 214 
16200 6 1 
16200 7 1 
16200 8 2 
16200 9 3 
16200 10 4 
16200 11 5 
16200 12 5 
16200 13 5 
16200 14 16 32 38 43 
16200 15 24 
16200 16 14 
16200 17 18 21 22 45 47 59 60 
16200 18 17 32 36 55 
16200 19 1 58 61 
16200 20 1 
16200 21 17 
16200 22 17 
16200 23 1 
16200 24 1 15 
16200 25 1 
16200 26 1 
16200 27 1 
16200 28 1 
16200 29 1 
16200 30 1 
16200 31 1 
16200 32 1 14 18 
16200 33 1 
16200 34 1 51 
16200 35 1 
16200 36 18 
16200 37 1 
16200 38 14 
16200 39 1 
16200 40 1 
16200 41 1 
16200 42 1 
16200 43 14 
16200 44 1 
16200 45 17 
16200 46 1 
16200 47 17 
16200 48 1 
16200 49 1 
16200 50 1 
16200 51 34 
16200 52 1 
16200 53 1 
16200 54 1 
16200 55 18 
16200 56 1 
16200 57 1 
16200 58 19 
16200 59 17 
16200 60 17 
16200 61 19 
16200 62 64 70 86 
16200 63 2 77 
16200 64 2 62 
16200 65 2 74 
16200 66 2 
16200 67 2 
16200 68 2 
16200 69 2 
16200 70 62 
16200 71 2 
16200 72 2 
16200 73 2 
16200 74 65 
16200 75 2 
16200 76 2 
16200 77 63 
16200 78 2 
16200 79 2 
16200 80 2 
16200 81 2 
16200 82 2 
16200 83 2 
16200 84 2 
16200 85 2 
16200 86 62 
16200 87 2 
16200 88 2 
16200 89 2 
16200 90 2 
16200 91 2 
16200 92 2 
16200 93 2 
16200 94 2 
16200 95 3 110 
16200 96 3 97 120 
16200 97 96 
16200 98 3 101 106 107 
16200 99 3 
16200 100 3 121 
16200 101 98 
16200 102 3 
16200 103 3 
16200 104 3 
16200 105 109 113 117 119 
16200 106 98 
16200 107 98 
16200 108 3 
16200 109 105 
16200 110 95 
16200 111 3 
16200 112 3 
16200 113 105 
16200 114 3 
16200 115 3 
16200 116 3 
16200 117 105 
16200 118 3 
16200 119 3 105 
16200 120 96 
16200 121 100 
16200 122 3 
16200 123 3 
16200 124 3 
16200 125 145 147 
16200 126 4 130 
16200 127 132 140 144 146 153 
16200 128 4 
16200 129 4 
16200 130 126 
16200 131 4 
16200 132 127 
16200 133 4 
16200 134 4 
16200 135 4 
16200 136 4 
16200 137 4 
16200 138 4 
16200 139 4 
16200 140 127 
16200 141 4 
16200 142 4 
16200 143 4 
16200 144 4 127 
16200 145 125 
16200 146 127 
16200 147 4 125 
16200 148 4 
16200 149 4 
16200 150 4 
16200 151 4 
16200 152 4 
16200 153 127 
16200 154 4 
16200 155 4 
16200 156 5 
16200 157 5 
16200 158 5 
16200 159 5 
16200 160 5 
16200 161 5 
16200 162 5 
16200 163 5 
16200 164 5 
16200 165 5 
16200 166 5 
16200 167 5 
16200 168 5 
16200 169 5 
16200 170 5 
16200 171 5 
16200 172 5 
16200 173 5 
16200 174 5 
16200 175 5 
16200 176 5 
16200 177 5 
16200 178 5 
16200 179 5 
16200 180 5 
16200 181 5 
16200 182 5 
16200 183 5 
16200 184 5 
16200 185 5 
16200 186 0 1 3 4 
16200 187 0 2 
16200 188 0 1 5 
16200 189 0 3 
16200 190 0 2 5 
16200 191 0 3 4 
16200 192 0 2 5 
16200 193 0 1 4 
16200 194 0 1 2 4 
16200 195 0 3 5 
16200 196 0 1 2 
16200 197 0 3 5 
16200 198 0 1 4 
16200 199 0 3 
16200 200 0 2 5 
16200 201 0 1 5 
16200 202 0 2 4 
16200 203 0 3 
16200 204 0 3 
16200 205 0 1 2 5 
16200 206 0 3 4 
16200 207 0 1 4 5 
16200 208 0 1 2 5 
16200 209 0 2 3 4 
16200 210 0 1 2 3 
16200 211 0 4 
16200 212 0 4 5 
16200 213 0 2 
16200 214 0 3 5 
16200 215 0 1 
18000 0 1 2 3 4 5 186 187 188 189 190 191 192 193 194 195 196 197 198 199 200 201 202 203 204 205 206 207 208 209 210 211 212 213 214 215 
18000 1 0 6 7 18 19 20 23 24 25 26 27 28 29 30 31 32 33 34 35 37 39 40 41 42 44 46 48 49 50 52 53 54 56 57 61 186 188 193 194 196 198 201 205 207 208 210 215 
18000 2 0 8 63 64 65 66 67 68 69 71 72 73 75 76 78 79 80 81 82 83 84 85 87 88 89 90 91 92 93 94 187 190 192 194 196 200 202 205 208 209 210 213 
18000 3 0 9 95 96 99 100 102 103 104 108 111 112 114 115 116 118 119 122 123 124 186 189 191 195 197 199 203 204 206 209 210 214 
18000 4 0 10 126 128 129 131 133 134 135 136 137 138 139 141 142 143 144 147 148 149 150 151 152 154 155 186 191 193 194 198 202 206 207 209 211 212 
18000 5 0 11 12 13 156 157 158 159 160 161 162 163 164 165 166 167 168 169 170 171 172 173 174 175 176 177 178 179 180 181 182 183 184 185 188 190 192 195 197 200 201 205 207 208 212 214 
18000 6 1 
18000 7 1 
18000 8 2 
18000 9 3 
18000 10 4 
18000 11 5 
18000 12 5 
18000 13 5 
18000 14 16 32 38 51 58 
18000 15 43 
18000 16 14 
18000 17 18 21 22 45 47 59 60 
18000 18 1 17 36 55 
18000 19 1 43 
18000 20 1 
18000 21 17 
18000 22 17 
18000 23 1 
18000 24 1 
18000 25 1 
18000 26 1 
18000 27 1 
18000 28 1 
18000 29 1 
18000 30 1 
18000 31 1 
18000 32 1 14 
18000 33 1 
18000 34 1 
18000 35 1 
18000 36 18 
18000 37 1 
18000 38 14 
18000 39 1 
18000 40 1 
18000 41 1 
18000 42 1 
18000 43 15 19 
18000 44 1 
18000 45 17 
18000 46 1 
18000 47 17 
18000 48 1 
18000 49 1 
18000 50 1 
18000 51 14 
18000 52 1 
18000 53 1 
18000 54 1 
18000 55 18 
18000 56 1 
18000 57 1 
18000 58 14 
18000 59 17 
18000 60 17 
18000 61 1 
18000 62 70 82 86 
18000 63 2 77 
18000 64 2 
18000 65 2 
18000 66 2 74 
18000 67 2 
18000 68 2 
18000 69 2 
18000 70 62 
18000 71 2 
18000 72 2 
18000 73 2 
18000 74 66 
18000 75 2 
18000 76 2 
18000 77 63 
18000 78 2 
18000 79 2 
18000 80 2 
18000 81 2 
18000 82 2 62 
18000 83 2 
18000 84 2 
18000 85 2 
18000 86 62 
18000 87 2 
18000 88 2 
18000 89 2 
18000 90 2 
18000 91 2 
18000 92 2 
18000 93 2 
18000 94 2 
18000 95 3 97 98 110 
18000 96 3 120 
18000 97 95 
18000 98 95 101 106 107 
18000 99 3 
18000 100 3 121 
18000 101 98 
18000 102 3 
18000 103 3 
18000 104 3 
18000 105 109 113 117 119 
18000 106 98 
18000 107 98 
18000 108 3 
18000 109 105 
18000 110 95 
18000 111 3 
18000 112 3 
18000 113 105 
18000 114 3 
18000 115 3 
18000 116 3 
18000 117 105 
18000 118 3 
18000 119 3 105 
18000 120 96 
18000 121 100 
18000 122 3 
18000 123 3 
18000 124 3 
18000 125 127 145 146 147 
18000 126 4 130 
18000 127 125 132 140 153 
18000 128 4 
18000 129 4 
18000 130 126 
18000 131 4 
18000 132 127 
18000 133 4 
18000 134 4 
18000 135 4 
18000 136 4 
18000 137 4 
18000 138 4 
18000 139 4 
18000 140 127 
18000 141 4 
18000 142 4 
18000 143 4 
18000 144 4 
18000 145 125 
18000 146 125 
18000 147 4 125 
18000 148 4 
18000 149 4 
18000 150 4 
18000 151 4 
18000 152 4 
18000 153 127 
18000 154 4 
18000 155 4 
18000 156 5 
18000 157 5 
18000 158 5 
18000 159 5 
18000 160 5 
18000 161 5 
18000 162 5 
18000 163 5 
18000 164 5 
18000 165 5 
18000 166 5 
18000 167 5 
18000 168 5 
18000 169 5 
18000 170 5 
18000 171 5 
18000 172 5 
18000 173 5 
18000 174 5 
18000 175 5 
18000 176 5 
18000 177 5 
18000 178 5 
18000 179 5 
18000 180 5 
18000 181 5 
18000 182 5 
18000 183 5 
18000 184 5 
18000 185 5 
18000 186 0 1 3 4 
18000 187 0 2 
18000 188 0 1 5 
18000 189 0 3 
18000 190 0 2 5 
18000 191 0 3 4 
18000 192 0 2 5 
18000 193 0 1 4 
18000 194 0 1 2 4 
18000 195 0 3 5 
18000 196 0 1 2 
18000 197 0 3 5 
18000 198 0 1 4 
18000 199 0 3 
18000 200 0 2 5 
18000 201 0 1 5 
18000 202 0 2 4 
18000 203 0 3 
18000 204 0 3 
18000 205 0 1 2 5 
18000 206 0 3 4 
18000 207 0 1 4 5 
18000 208 0 1 2 5 
18000 209 0 2 3 4 
18000 210 0 1 2 3 
18000 211 0 4 
18000 212 0 4 5 
18000 213 0 2 
18000 214 0 3 5 
18000 215 0 1 
