0 21600
1800 0 2 224 225 226 227 228 229 230 231 232 233 234 235 236 237 238 239 240 241 242 243 244 245 246 247 248 249 250 251 252 253 
1800 1 3 11 15 17 18 20 25 32 33 39 45 224 226 227 229 230 231 232 234 236 237 238 240 242 244 245 246 250 251 253 
1800 2 0 5 65 69 78 82 89 224 225 226 228 230 231 233 235 237 239 241 242 243 244 246 248 250 252 
1800 3 1 95 99 103 104 106 108 109 110 117 118 120 122 224 226 228 230 231 232 234 236 238 240 242 244 245 247 249 250 252 
1800 4 5 133 149 153 158 159 160 169 224 225 227 229 232 234 236 237 240 241 242 244 245 247 249 250 252 253 
1800 5 2 4 177 178 180 181 188 190 206 218 225 228 230 232 234 235 236 238 239 241 243 245 248 249 251 252 
1800 6 8 17 28 49 54 
1800 7 22 23 26 49 
1800 8 6 53 
1800 9 130 131 137 147 149 166 168 174 
1800 10 184 189 192 194 206 209 219 
1800 11 1 37 42 
1800 12 39 
1800 13 30 
1800 14 41 
1800 15 1 19 36 48 50 
1800 16 26 
1800 17 1 6 
1800 18 1 27 51 52 
1800 19 15 43 
1800 20 1 30 
1800 21 79 
1800 22 7 
1800 23 7 34 
1800 24 29 32 
1800 25 1 
1800 26 7 16 
1800 27 18 31 
1800 28 6 
1800 29 24 
1800 30 13 20 44 47 
1800 31 27 
1800 32 1 24 
1800 33 1 
1800 34 23 
1800 35 42 
1800 36 15 
1800 37 11 46 
1800 38 74 
1800 39 1 12 
1800 40 44 
1800 41 14 87 
1800 42 11 35 
1800 43 19 61 
1800 44 30 40 
1800 45 1 
1800 46 37 
1800 47 30 
1800 48 15 
1800 49 6 7 
1800 50 15 
1800 51 18 
1800 52 18 
1800 53 8 
1800 54 6 56 
1800 55 91 
1800 56 54 57 58 91 
1800 57 56 59 60 68 78 
1800 58 56 88 92 
1800 59 57 63 66 77 81 93 
1800 60 57 83 85 90 
1800 61 43 
1800 62 89 
1800 63 59 70 72 73 80 
1800 64 72 
1800 65 2 74 87 
1800 66 59 
1800 67 72 
1800 68 57 
1800 69 2 
1800 70 63 
1800 71 72 
1800 72 63 64 67 71 
1800 73 63 
1800 74 38 65 75 
1800 75 74 76 79 
1800 76 75 
1800 77 59 
1800 78 2 57 
1800 79 21 75 
1800 80 63 
1800 81 59 
1800 82 2 
1800 83 60 
1800 84 91 
1800 85 60 
1800 86 93 
1800 87 41 65 
1800 88 58 
1800 89 2 62 
1800 90 60 
1800 91 55 56 84 
1800 92 58 
1800 93 59 86 
1800 94 97 101 116 122 
1800 95 3 98 126 
1800 96 100 105 122 127 
1800 97 94 112 
1800 98 95 124 
1800 99 3 115 
1800 100 96 
1800 101 94 102 107 
1800 102 101 113 
1800 103 3 
1800 104 3 
1800 105 96 
1800 106 3 
1800 107 101 121 125 
1800 108 3 
1800 109 3 
1800 110 3 
1800 111 114 
1800 112 97 114 119 123 
1800 113 102 
1800 114 111 112 
1800 115 99 
1800 116 94 
1800 117 3 
1800 118 3 
1800 119 112 
1800 120 3 
1800 121 107 
1800 122 3 94 96 
1800 123 112 
1800 124 98 
1800 125 107 
1800 126 95 
1800 127 96 
1800 128 131 140 146 165 
1800 129 160 172 
1800 130 9 132 143 154 
1800 131 9 128 161 163 
1800 132 130 136 144 152 173 
1800 133 4 134 138 141 164 171 
1800 134 133 148 175 
1800 135 136 157 176 
1800 136 132 135 
1800 137 9 167 
1800 138 133 155 
1800 139 148 151 
1800 140 128 
1800 141 133 
1800 142 156 163 
1800 143 130 
1800 144 132 
1800 145 162 
1800 146 128 
1800 147 9 
1800 148 134 139 
1800 149 4 9 170 
1800 150 172 
1800 151 139 
1800 152 132 
1800 153 4 
1800 154 130 
1800 155 138 162 
1800 156 142 
1800 157 135 
1800 158 4 
1800 159 4 
1800 160 4 129 
1800 161 131 
1800 162 145 155 
1800 163 131 142 
1800 164 133 
1800 165 128 
1800 166 9 
1800 167 137 
1800 168 9 
1800 169 4 
1800 170 149 
1800 171 133 
1800 172 129 150 
1800 173 132 
1800 174 9 
1800 175 134 
1800 176 135 
1800 177 5 
1800 178 5 
1800 179 186 197 204 205 211 216 
1800 180 5 221 
1800 181 5 
1800 182 205 
1800 183 190 201 207 211 
1800 184 10 185 191 196 
1800 185 184 193 198 223 
1800 186 179 
1800 187 194 215 217 
1800 188 5 208 
1800 189 10 
1800 190 5 183 220 222 
1800 191 184 212 
1800 192 10 203 
1800 193 185 
1800 194 10 187 195 
1800 195 194 
1800 196 184 
1800 197 179 213 
1800 198 185 
1800 199 200 
1800 200 199 216 
1800 201 183 
1800 202 209 
1800 203 192 
1800 204 179 
1800 205 179 182 
1800 206 5 10 
1800 207 183 
1800 208 188 
1800 209 10 202 
1800 210 211 
1800 211 179 183 210 
1800 212 191 
1800 213 197 
1800 214 218 
1800 215 187 
1800 216 179 200 
1800 217 187 
1800 218 5 214 
1800 219 10 
1800 220 190 
1800 221 180 
1800 222 190 
1800 223 185 
1800 224 0 1 2 3 4 
1800 225 0 2 4 5 
1800 226 0 1 2 3 
1800 227 0 1 4 
1800 228 0 2 3 5 
1800 229 0 1 4 
1800 230 0 1 2 3 5 
1800 231 0 1 2 3 
1800 232 0 1 3 4 5 
1800 233 0 2 
1800 234 0 1 3 4 5 
1800 235 0 2 5 
1800 236 0 1 3 4 5 
1800 237 0 1 2 4 
1800 238 0 1 3 5 
1800 239 0 2 5 
1800 240 0 1 3 4 
1800 241 0 2 4 5 
1800 242 0 1 2 3 4 
1800 243 0 2 5 
1800 244 0 1 2 3 4 
1800 245 0 1 3 4 5 
1800 246 0 1 2 
1800 247 0 3 4 
1800 248 0 2 5 
1800 249 0 3 4 5 
1800 250 0 1 2 3 4 
1800 251 0 1 5 
1800 252 0 2 3 4 5 
1800 253 0 1 4 
