0 3720
0 0 123 124 125 126 127 128 129 130 131 132 133 134 135 136 137 138 139 140 141 142 143 144 145 146 147 148 149 150 151 152 
0 1 0 4 5 123 124 125 127 129 130 131 132 133 135 137 138 139 141 142 144 145 146 147 148 149 151 
0 2 0 1 4 5 123 125 126 127 129 131 132 133 134 136 137 139 140 143 144 146 148 149 150 151 
0 3 0 1 4 5 123 124 126 128 129 130 132 133 136 137 139 140 142 143 144 145 147 148 150 151 152 
0 4 0 123 124 126 127 128 130 132 134 135 136 137 138 141 142 143 145 146 147 149 150 151 152 
0 5 0 123 125 127 128 129 131 132 133 134 136 137 139 141 143 144 146 148 149 150 
0 6 1 7 
0 7 
0 8 
0 9 
0 10 9 
0 11 
0 12 4 13 14 
0 13 4 12 14 
0 14 4 12 13 
0 15 
0 16 5 
0 17 1 6 7 
0 18 1 6 7 
0 19 1 6 7 
0 20 1 6 7 
0 21 7 
0 22 1 
0 23 1 6 7 
0 24 1 6 7 
0 25 1 6 7 
0 26 1 
0 27 1 6 7 
0 28 1 6 7 
0 29 7 
0 30 1 6 7 
0 31 1 6 7 
0 32 1 6 7 
0 33 1 6 7 
0 34 1 6 7 
0 35 1 6 7 
0 36 8 
0 37 9 10 
0 38 9 10 
0 39 9 10 
0 40 9 10 
0 41 2 
0 42 2 
0 43 9 10 
0 44 2 9 10 
0 45 9 10 
0 46 9 10 
0 47 2 8 9 10 
0 48 9 10 
0 49 9 10 
0 50 9 10 
0 51 2 9 10 
0 52 2 
0 53 9 10 
0 54 9 10 
0 55 2 9 10 
0 56 2 
0 57 3 
0 58 3 11 
0 59 3 
0 60 3 
0 61 3 
0 62 3 
0 63 3 
0 64 3 
0 65 3 
0 66 3 
0 67 3 
0 68 3 
0 69 3 
0 70 3 
0 71 3 
0 72 3 
0 73 3 11 
0 74 3 
0 75 3 
0 76 3 
0 77 11 
0 78 3 
0 79 96 
0 80 82 
0 81 4 
0 82 4 12 13 14 
0 83 4 12 13 14 
0 84 83 
0 85 4 
0 86 87 
0 87 4 
0 88 4 
0 89 4 12 13 14 
0 90 4 12 13 14 
0 91 4 
0 92 4 
0 93 4 
0 94 4 12 13 14 
0 95 96 
0 96 4 12 13 14 
0 97 96 
0 98 15 
0 99 5 
0 100 5 16 
0 101 5 
0 102 5 16 
0 103 5 
0 104 5 15 16 
0 105 5 16 
0 106 5 16 
0 107 5 
0 108 5 16 
0 109 5 16 
0 110 5 
0 111 5 16 
0 112 5 16 
0 113 5 16 
0 114 15 
0 115 5 15 16 
0 116 5 
0 117 15 
0 118 5 
0 119 5 16 
0 120 5 
0 121 5 16 
0 122 5 16 
0 123 0 1 2 3 4 5 
0 124 0 1 3 4 
0 125 0 1 2 5 
0 126 0 2 3 4 
0 127 0 1 2 4 5 
0 128 0 3 4 5 
0 129 0 1 2 3 5 
0 130 0 1 3 4 
0 131 0 1 2 5 
0 132 0 1 2 3 4 5 
0 133 0 1 2 3 5 
0 134 0 2 4 5 
0 135 0 1 4 
0 136 0 2 3 4 5 
0 137 0 1 2 3 4 5 
0 138 0 1 4 
0 139 0 1 2 3 5 
0 140 0 2 3 
0 141 0 1 4 5 
0 142 0 1 3 4 
0 143 0 2 3 4 5 
0 144 0 1 2 3 5 
0 145 0 1 3 4 
0 146 0 1 2 4 5 
0 147 0 1 3 4 
0 148 0 1 2 3 5 
0 149 0 1 2 4 5 
0 150 0 2 3 4 5 
0 151 0 1 2 3 4 
0 152 0 3 4 
900 0 123 124 125 126 127 128 129 130 131 132 133 134 135 136 137 138 139 140 141 142 143 144 145 146 147 148 149 150 151 152 
900 1 0 4 5 123 124 125 127 129 130 131 132 133 135 137 138 139 141 142 144 145 146 147 148 149 151 
900 2 0 1 4 5 123 125 126 127 129 131 132 133 134 136 137 139 140 143 144 146 148 149 150 151 
900 3 0 1 4 5 123 124 126 128 129 130 132 133 136 137 139 140 142 143 144 145 147 148 150 151 152 
900 4 0 123 124 126 127 128 130 132 134 135 136 137 138 141 142 143 145 146 147 149 150 151 152 
900 5 0 123 125 127 128 129 131 132 133 134 136 137 139 141 143 144 146 148 149 150 
900 6 1 7 
900 7 
900 8 
900 9 
900 10 9 
900 11 
900 12 4 13 14 
900 13 4 12 14 
900 14 4 12 13 
900 15 
900 16 5 
900 17 1 6 7 
900 18 1 6 7 
900 19 1 6 7 
900 20 1 6 7 
900 21 7 
900 22 1 
900 23 1 6 7 
900 24 1 6 7 
900 25 1 6 7 
900 26 1 
900 27 1 6 7 
900 28 1 6 7 
900 29 7 
900 30 1 6 7 
900 31 1 6 7 
900 32 1 6 7 
900 33 1 6 7 
900 34 1 6 7 
900 35 1 6 7 
900 36 2 8 
900 37 2 9 10 
900 38 2 9 10 
900 39 2 9 10 
900 40 9 10 
900 41 2 
900 42 2 
900 43 38 
900 44 2 9 10 
900 45 9 10 
900 46 37 
900 47 2 8 9 10 
900 48 9 10 
900 49 36 
900 50 9 10 
900 51 2 9 10 
900 52 2 
900 53 9 10 
900 54 9 10 
900 55 2 9 10 
900 56 39 
900 57 3 
900 58 3 11 
900 59 3 
900 60 3 
900 61 3 
900 62 3 
900 63 3 
900 64 3 
900 65 3 
900 66 3 
900 67 3 
900 68 3 
900 69 3 
900 70 3 
900 71 3 
900 72 3 
900 73 3 11 
900 74 3 
900 75 3 
900 76 3 
900 77 11 
900 78 3 
900 79 4 12 13 14 
900 80 4 
900 81 4 
900 82 79 
900 83 4 12 13 14 
900 84 79 
900 85 80 
900 86 4 
900 87 4 
900 88 4 
900 89 79 
900 90 4 12 13 14 
900 91 4 
900 92 4 
900 93 80 
900 94 4 12 13 14 
900 95 4 12 13 14 
900 96 88 
900 97 79 
900 98 15 
900 99 5 
900 100 5 16 
900 101 5 
900 102 5 16 
900 103 5 
900 104 5 15 16 
900 105 5 16 
900 106 5 16 
900 107 5 
900 108 5 16 
900 109 5 16 
900 110 5 
900 111 5 16 
900 112 5 16 
900 113 5 16 
900 114 15 
900 115 5 15 16 
900 116 5 
900 117 15 
900 118 5 
900 119 5 16 
900 120 5 
900 121 5 16 
900 122 5 16 
900 123 0 1 2 3 4 5 
900 124 0 1 3 4 
900 125 0 1 2 5 
900 126 0 2 3 4 
900 127 0 1 2 4 5 
900 128 0 3 4 5 
900 129 0 1 2 3 5 
900 130 0 1 3 4 
900 131 0 1 2 5 
900 132 0 1 2 3 4 5 
900 133 0 1 2 3 5 
900 134 0 2 4 5 
900 135 0 1 4 
900 136 0 2 3 4 5 
900 137 0 1 2 3 4 5 
900 138 0 1 4 
900 139 0 1 2 3 5 
900 140 0 2 3 
900 141 0 1 4 5 
900 142 0 1 3 4 
900 143 0 2 3 4 5 
900 144 0 1 2 3 5 
900 145 0 1 3 4 
900 146 0 1 2 4 5 
900 147 0 1 3 4 
900 148 0 1 2 3 5 
900 149 0 1 2 4 5 
900 150 0 2 3 4 5 
900 151 0 1 2 3 4 
900 152 0 3 4 
1800 0 123 124 125 126 127 128 129 130 131 132 133 134 135 136 137 138 139 140 141 142 143 144 145 146 147 148 149 150 151 152 
1800 1 0 4 5 123 124 125 127 129 130 131 132 133 135 137 138 139 141 142 144 145 146 147 148 149 151 
1800 2 0 1 4 5 123 125 126 127 129 131 132 133 134 136 137 139 140 143 144 146 148 149 150 151 
1800 3 0 1 4 5 123 124 126 128 129 130 132 133 136 137 139 140 142 143 144 145 147 148 150 151 152 
1800 4 0 123 124 126 127 128 130 132 134 135 136 137 138 141 142 143 145 146 147 149 150 151 152 
1800 5 0 123 125 127 128 129 131 132 133 134 136 137 139 141 143 144 146 148 149 150 
1800 6 1 7 
1800 7 
1800 8 
1800 9 
1800 10 9 
1800 11 
1800 12 4 13 14 
1800 13 4 12 14 
1800 14 4 12 13 
1800 15 
1800 16 5 
1800 17 1 6 7 
1800 18 1 6 7 
1800 19 1 6 7 
1800 20 1 6 7 
1800 21 7 
1800 22 1 
1800 23 1 6 7 
1800 24 1 6 7 
1800 25 1 6 7 
1800 26 1 
1800 27 1 6 7 
1800 28 1 6 7 
1800 29 7 
1800 30 1 6 7 
1800 31 1 6 7 
1800 32 1 6 7 
1800 33 1 6 7 
1800 34 1 6 7 
1800 35 1 6 7 
1800 36 2 8 
1800 37 2 9 10 
1800 38 9 10 
1800 39 9 10 
1800 40 9 10 
1800 41 2 
1800 42 2 
1800 43 9 10 
1800 44 2 9 10 
1800 45 36 
1800 46 9 10 
1800 47 2 8 9 10 
1800 48 9 10 
1800 49 9 10 
1800 50 37 
1800 51 2 9 10 
1800 52 2 
1800 53 9 10 
1800 54 9 10 
1800 55 2 9 10 
1800 56 2 
1800 57 3 
1800 58 3 11 
1800 59 3 
1800 60 3 
1800 61 3 
1800 62 3 
1800 63 3 
1800 64 3 
1800 65 3 
1800 66 3 
1800 67 3 
1800 68 3 
1800 69 3 
1800 70 3 
1800 71 3 
1800 72 3 
1800 73 3 11 
1800 74 3 
1800 75 3 
1800 76 3 
1800 77 11 
1800 78 3 
1800 79 4 12 13 14 
1800 80 4 
1800 81 80 
1800 82 4 12 13 14 
1800 83 85 
1800 84 80 
1800 85 4 
1800 86 4 
1800 87 4 
1800 88 4 
1800 89 4 12 13 14 
1800 90 4 12 13 14 
1800 91 4 
1800 92 4 
1800 93 88 
1800 94 4 12 13 14 
1800 95 4 12 13 14 
1800 96 79 
1800 97 82 
1800 98 15 
1800 99 5 
1800 100 5 16 
1800 101 5 
1800 102 5 16 
1800 103 5 
1800 104 5 15 16 
1800 105 5 16 
1800 106 5 16 
1800 107 5 
1800 108 5 16 
1800 109 5 16 
1800 110 5 
1800 111 5 16 
1800 112 5 16 
1800 113 5 16 
1800 114 15 
1800 115 5 15 16 
1800 116 5 
1800 117 15 
1800 118 5 
1800 119 5 16 
1800 120 5 
1800 121 5 16 
1800 122 5 16 
1800 123 0 1 2 3 4 5 
1800 124 0 1 3 4 
1800 125 0 1 2 5 
1800 126 0 2 3 4 
1800 127 0 1 2 4 5 
1800 128 0 3 4 5 
1800 129 0 1 2 3 5 
1800 130 0 1 3 4 
1800 131 0 1 2 5 
1800 132 0 1 2 3 4 5 
1800 133 0 1 2 3 5 
1800 134 0 2 4 5 
1800 135 0 1 4 
1800 136 0 2 3 4 5 
1800 137 0 1 2 3 4 5 
1800 138 0 1 4 
1800 139 0 1 2 3 5 
1800 140 0 2 3 
1800 141 0 1 4 5 
1800 142 0 1 3 4 
1800 143 0 2 3 4 5 
1800 144 0 1 2 3 5 
1800 145 0 1 3 4 
1800 146 0 1 2 4 5 
1800 147 0 1 3 4 
1800 148 0 1 2 3 5 
1800 149 0 1 2 4 5 
1800 150 0 2 3 4 5 
1800 151 0 1 2 3 4 
1800 152 0 3 4 
2700 0 123 124 125 126 127 128 129 130 131 132 133 134 135 136 137 138 139 140 141 142 143 144 145 146 147 148 149 150 151 152 
2700 1 0 4 5 123 124 125 127 129 130 131 132 133 135 137 138 139 141 142 144 145 146 147 148 149 151 
2700 2 0 1 4 5 123 125 126 127 129 131 132 133 134 136 137 139 140 143 144 146 148 149 150 151 
2700 3 0 1 4 5 123 124 126 128 129 130 132 133 136 137 139 140 142 143 144 145 147 148 150 151 152 
2700 4 0 123 124 126 127 128 130 132 134 135 136 137 138 141 142 143 145 146 147 149 150 151 152 
2700 5 0 123 125 127 128 129 131 132 133 134 136 137 139 141 143 144 146 148 149 150 
2700 6 1 7 
2700 7 
2700 8 
2700 9 
2700 10 9 
2700 11 
2700 12 4 13 14 
2700 13 4 12 14 
2700 14 4 12 13 
2700 15 
2700 16 5 
2700 17 1 6 7 
2700 18 1 6 7 
2700 19 1 6 7 
2700 20 1 6 7 
2700 21 7 
2700 22 1 
2700 23 1 6 7 
2700 24 1 6 7 
2700 25 1 6 7 
2700 26 1 
2700 27 1 6 7 
2700 28 1 6 7 
2700 29 7 
2700 30 1 6 7 
2700 31 1 6 7 
2700 32 1 6 7 
2700 33 1 6 7 
2700 34 1 6 7 
2700 35 1 6 7 
2700 36 2 8 
2700 37 9 10 
2700 38 9 10 
2700 39 9 10 
2700 40 9 10 
2700 41 2 
2700 42 2 
2700 43 9 10 
2700 44 2 9 10 
2700 45 9 10 
2700 46 9 10 
2700 47 36 
2700 48 9 10 
2700 49 9 10 
2700 50 9 10 
2700 51 2 9 10 
2700 52 2 
2700 53 9 10 
2700 54 9 10 
2700 55 2 9 10 
2700 56 2 
2700 57 3 
2700 58 3 11 
2700 59 3 
2700 60 3 
2700 61 3 
2700 62 3 
2700 63 3 
2700 64 3 
2700 65 3 
2700 66 3 
2700 67 3 
2700 68 3 
2700 69 3 
2700 70 3 
2700 71 3 
2700 72 3 
2700 73 3 11 
2700 74 3 
2700 75 3 
2700 76 3 
2700 77 11 
2700 78 3 
2700 79 4 12 13 14 
2700 80 4 
2700 81 4 
2700 82 4 12 13 14 
2700 83 4 12 13 14 
2700 84 4 12 13 14 
2700 85 4 
2700 86 79 
2700 87 4 
2700 88 4 
2700 89 80 
2700 90 96 
2700 91 96 
2700 92 4 
2700 93 96 
2700 94 4 12 13 14 
2700 95 4 12 13 14 
2700 96 4 12 13 14 
2700 97 80 
2700 98 15 
2700 99 5 
2700 100 5 16 
2700 101 5 
2700 102 5 16 
2700 103 5 
2700 104 5 15 16 
2700 105 5 16 
2700 106 5 16 
2700 107 5 
2700 108 5 16 
2700 109 5 16 
2700 110 5 
2700 111 5 16 
2700 112 5 16 
2700 113 5 16 
2700 114 15 
2700 115 5 15 16 
2700 116 5 
2700 117 15 
2700 118 5 
2700 119 5 16 
2700 120 5 
2700 121 5 16 
2700 122 5 16 
2700 123 0 1 2 3 4 5 
2700 124 0 1 3 4 
2700 125 0 1 2 5 
2700 126 0 2 3 4 
2700 127 0 1 2 4 5 
2700 128 0 3 4 5 
2700 129 0 1 2 3 5 
2700 130 0 1 3 4 
2700 131 0 1 2 5 
2700 132 0 1 2 3 4 5 
2700 133 0 1 2 3 5 
2700 134 0 2 4 5 
2700 135 0 1 4 
2700 136 0 2 3 4 5 
2700 137 0 1 2 3 4 5 
2700 138 0 1 4 
2700 139 0 1 2 3 5 
2700 140 0 2 3 
2700 141 0 1 4 5 
2700 142 0 1 3 4 
2700 143 0 2 3 4 5 
2700 144 0 1 2 3 5 
2700 145 0 1 3 4 
2700 146 0 1 2 4 5 
2700 147 0 1 3 4 
2700 148 0 1 2 3 5 
2700 149 0 1 2 4 5 
2700 150 0 2 3 4 5 
2700 151 0 1 2 3 4 
2700 152 0 3 4 
3600 0 123 124 125 126 127 128 129 130 131 132 133 134 135 136 137 138 139 140 141 142 143 144 145 146 147 148 149 150 151 152 
3600 1 0 4 5 123 124 125 127 129 130 131 132 133 135 137 138 139 141 142 144 145 146 147 148 149 151 
3600 2 0 1 4 5 123 125 126 127 129 131 132 133 134 136 137 139 140 143 144 146 148 149 150 151 
3600 3 0 1 4 5 123 124 126 128 129 130 132 133 136 137 139 140 142 143 144 145 147 148 150 151 152 
3600 4 0 123 124 126 127 128 130 132 134 135 136 137 138 141 142 143 145 146 147 149 150 151 152 
3600 5 0 123 125 127 128 129 131 132 133 134 136 137 139 141 143 144 146 148 149 150 
3600 6 1 7 
3600 7 
3600 8 
3600 9 
3600 10 9 
3600 11 
3600 12 4 13 14 
3600 13 4 12 14 
3600 14 4 12 13 
3600 15 
3600 16 5 
3600 17 1 6 7 
3600 18 1 6 7 
3600 19 1 6 7 
3600 20 1 6 7 
3600 21 7 
3600 22 1 
3600 23 1 6 7 
3600 24 1 6 7 
3600 25 1 6 7 
3600 26 1 
3600 27 1 6 7 
3600 28 1 6 7 
3600 29 7 
3600 30 1 6 7 
3600 31 1 6 7 
3600 32 1 6 7 
3600 33 1 6 7 
3600 34 1 6 7 
3600 35 1 6 7 
3600 36 8 
3600 37 9 10 
3600 38 2 9 10 
3600 39 38 
3600 40 38 
3600 41 2 
3600 42 2 
3600 43 9 10 
3600 44 48 
3600 45 38 
3600 46 48 
3600 47 48 
3600 48 2 9 10 
3600 49 9 10 
3600 50 9 10 
3600 51 2 9 10 
3600 52 48 
3600 53 9 10 
3600 54 9 10 
3600 55 38 
3600 56 41 
3600 57 3 
3600 58 3 11 
3600 59 3 
3600 60 3 
3600 61 3 
3600 62 3 
3600 63 3 
3600 64 3 
3600 65 3 
3600 66 3 
3600 67 3 
3600 68 3 
3600 69 3 
3600 70 3 
3600 71 3 
3600 72 3 
3600 73 3 11 
3600 74 3 
3600 75 3 
3600 76 3 
3600 77 11 
3600 78 3 
3600 79 4 12 13 14 
3600 80 97 
3600 81 4 
3600 82 4 12 13 14 
3600 83 4 12 13 14 
3600 84 4 12 13 14 
3600 85 79 
3600 86 90 
3600 87 4 
3600 88 4 
3600 89 90 
3600 90 4 12 13 14 
3600 91 90 
3600 92 4 
3600 93 79 
3600 94 90 
3600 95 4 12 13 14 
3600 96 79 
3600 97 4 12 13 14 
3600 98 15 
3600 99 5 
3600 100 5 16 
3600 101 5 
3600 102 5 16 
3600 103 5 
3600 104 5 15 16 
3600 105 5 16 
3600 106 5 16 
3600 107 5 
3600 108 5 16 
3600 109 5 16 
3600 110 5 
3600 111 5 16 
3600 112 5 16 
3600 113 5 16 
3600 114 15 
3600 115 5 15 16 
3600 116 5 
3600 117 15 
3600 118 5 
3600 119 5 16 
3600 120 5 
3600 121 5 16 
3600 122 5 16 
3600 123 0 1 2 3 4 5 
3600 124 0 1 3 4 
3600 125 0 1 2 5 
3600 126 0 2 3 4 
3600 127 0 1 2 4 5 
3600 128 0 3 4 5 
3600 129 0 1 2 3 5 
3600 130 0 1 3 4 
3600 131 0 1 2 5 
3600 132 0 1 2 3 4 5 
3600 133 0 1 2 3 5 
3600 134 0 2 4 5 
3600 135 0 1 4 
3600 136 0 2 3 4 5 
3600 137 0 1 2 3 4 5 
3600 138 0 1 4 
3600 139 0 1 2 3 5 
3600 140 0 2 3 
3600 141 0 1 4 5 
3600 142 0 1 3 4 
3600 143 0 2 3 4 5 
3600 144 0 1 2 3 5 
3600 145 0 1 3 4 
3600 146 0 1 2 4 5 
3600 147 0 1 3 4 
3600 148 0 1 2 3 5 
3600 149 0 1 2 4 5 
3600 150 0 2 3 4 5 
3600 151 0 1 2 3 4 
3600 152 0 3 4 
