0 21600
1800 0 1 2 3 4 5 232 233 234 235 236 237 238 239 240 241 242 243 244 245 246 247 248 249 250 251 252 253 254 255 256 257 258 259 260 261 
1800 1 0 2 3 4 5 6 26 27 28 29 30 31 34 35 36 37 38 39 40 41 42 43 44 45 47 48 49 50 51 52 53 54 55 56 57 58 60 61 62 63 64 65 66 67 68 150 174 232 234 235 237 239 240 243 244 246 247 248 250 252 254 256 257 259 261 
1800 2 0 1 3 4 5 7 8 9 10 11 69 70 71 72 73 74 75 76 77 78 79 80 81 82 83 84 85 87 88 89 90 92 93 94 95 96 97 98 99 100 232 233 235 236 237 239 240 241 242 245 246 247 248 250 253 255 258 259 260 
1800 3 0 1 2 4 5 13 14 15 101 102 103 104 105 106 107 108 109 110 111 112 113 114 115 116 118 119 120 121 122 124 125 126 127 128 129 130 131 132 133 135 136 137 138 139 140 141 142 143 144 145 146 147 148 149 232 233 235 236 237 238 239 241 243 245 246 247 249 250 251 252 255 258 259 
1800 4 0 1 2 3 5 17 19 151 152 153 154 155 158 159 160 161 162 163 164 165 167 168 170 171 172 173 175 176 177 178 179 180 181 182 232 233 235 236 237 239 241 243 244 246 247 249 250 251 253 256 257 259 260 
1800 5 0 1 2 3 4 21 23 25 183 184 185 186 188 189 190 191 192 193 194 195 196 198 199 200 201 202 203 204 205 206 207 208 209 211 212 213 215 217 218 219 221 222 223 224 225 226 227 228 229 230 231 232 234 235 236 237 238 240 241 242 244 245 246 249 252 253 254 257 258 261 
1800 6 1 26 27 28 29 30 31 34 35 36 37 38 39 40 41 42 43 44 45 47 48 49 50 51 52 53 54 55 56 57 58 60 61 62 63 64 65 66 67 68 150 174 
1800 7 2 8 9 10 11 69 70 71 72 73 74 75 76 77 78 79 80 81 82 83 84 85 87 88 89 90 92 93 94 95 96 97 98 99 100 
1800 8 2 7 10 11 69 71 72 73 81 82 83 84 88 89 90 92 95 
1800 9 2 7 10 72 73 74 82 83 84 96 
1800 10 2 7 8 9 11 69 70 71 72 73 74 75 76 77 78 79 80 81 82 83 84 85 87 88 89 90 92 93 94 95 96 97 98 99 100 
1800 11 2 7 8 10 69 71 72 73 81 82 83 84 88 89 90 92 95 
1800 12 146 
1800 13 3 14 124 125 
1800 14 3 13 15 101 102 103 104 105 106 107 108 109 110 111 112 113 114 115 116 118 119 120 121 122 124 125 126 127 128 129 130 131 132 133 135 136 137 138 139 140 141 142 143 144 145 146 147 148 149 
1800 15 3 14 116 
1800 16 17 18 19 20 151 152 153 154 155 158 159 160 161 162 163 164 165 167 168 170 171 172 173 175 176 177 178 179 180 181 182 
1800 17 4 16 18 19 151 152 153 154 155 158 159 160 161 162 163 164 165 167 168 170 171 172 173 175 176 177 178 179 180 181 182 
1800 18 16 17 19 20 151 152 153 154 155 158 159 160 161 162 163 164 165 167 168 170 171 172 173 175 176 177 178 179 180 181 182 
1800 19 4 16 17 18 160 
1800 20 16 18 161 162 
1800 21 5 23 189 
1800 22 23 25 
1800 23 5 21 22 25 183 184 185 186 188 189 190 191 192 193 194 195 196 198 199 200 201 202 203 204 205 206 207 208 209 211 212 213 215 217 218 219 221 222 223 224 225 226 227 228 229 230 231 
1800 24 192 196 
1800 25 5 22 23 
1800 26 1 6 
1800 27 1 6 
1800 28 1 6 
1800 29 1 6 
1800 30 1 6 
1800 31 1 6 
1800 32 36 
1800 33 150 
1800 34 1 6 
1800 35 1 6 
1800 36 1 6 32 
1800 37 1 6 
1800 38 1 6 
1800 39 1 6 
1800 40 1 6 
1800 41 1 6 46 
1800 42 1 6 156 169 
1800 43 1 6 
1800 44 1 6 
1800 45 1 6 
1800 46 41 
1800 47 1 6 
1800 48 1 6 
1800 49 1 6 
1800 50 1 6 
1800 51 1 6 
1800 52 1 6 
1800 53 1 6 
1800 54 1 6 
1800 55 1 6 
1800 56 1 6 
1800 57 1 6 
1800 58 1 6 
1800 59 65 
1800 60 1 6 
1800 61 1 6 
1800 62 1 6 
1800 63 1 6 
1800 64 1 6 166 
1800 65 1 6 59 
1800 66 1 6 
1800 67 1 6 
1800 68 1 6 
1800 69 2 7 8 10 11 91 
1800 70 2 7 10 
1800 71 2 7 8 10 11 
1800 72 2 7 8 9 10 11 
1800 73 2 7 8 9 10 11 
1800 74 2 7 9 10 86 
1800 75 2 7 10 
1800 76 2 7 10 
1800 77 2 7 10 
1800 78 2 7 10 
1800 79 2 7 10 
1800 80 2 7 10 
1800 81 2 7 8 10 11 
1800 82 2 7 8 9 10 11 
1800 83 2 7 8 9 10 11 
1800 84 2 7 8 9 10 11 
1800 85 2 7 10 
1800 86 74 
1800 87 2 7 10 
1800 88 2 7 8 10 11 
1800 89 2 7 8 10 11 
1800 90 2 7 8 10 11 
1800 91 69 
1800 92 2 7 8 10 11 
1800 93 2 7 10 
1800 94 2 7 10 
1800 95 2 7 8 10 11 
1800 96 2 7 9 10 
1800 97 2 7 10 
1800 98 2 7 10 
1800 99 2 7 10 
1800 100 2 7 10 
1800 101 3 14 
1800 102 3 14 
1800 103 3 14 
1800 104 3 14 
1800 105 3 14 
1800 106 3 14 
1800 107 3 14 
1800 108 3 14 
1800 109 3 14 
1800 110 3 14 
1800 111 3 14 
1800 112 3 14 
1800 113 3 14 
1800 114 3 14 
1800 115 3 14 
1800 116 3 14 15 
1800 117 136 
1800 118 3 14 
1800 119 3 14 
1800 120 3 14 
1800 121 3 14 
1800 122 3 14 
1800 123 136 
1800 124 3 13 14 
1800 125 3 13 14 
1800 126 3 14 
1800 127 3 14 
1800 128 3 14 
1800 129 3 14 
1800 130 3 14 
1800 131 3 14 134 
1800 132 3 14 
1800 133 3 14 
1800 134 131 
1800 135 3 14 
1800 136 3 14 117 123 
1800 137 3 14 
1800 138 3 14 
1800 139 3 14 
1800 140 3 14 
1800 141 3 14 
1800 142 3 14 
1800 143 3 14 
1800 144 3 14 
1800 145 3 14 
1800 146 3 12 14 
1800 147 3 14 
1800 148 3 14 
1800 149 3 14 
1800 150 1 6 33 
1800 151 4 16 17 18 
1800 152 4 16 17 18 
1800 153 4 16 17 18 
1800 154 4 16 17 18 
1800 155 4 16 17 18 
1800 156 42 
1800 157 163 
1800 158 4 16 17 18 
1800 159 4 16 17 18 
1800 160 4 16 17 18 19 
1800 161 4 16 17 18 20 
1800 162 4 16 17 18 20 
1800 163 4 16 17 18 157 
1800 164 4 16 17 18 
1800 165 4 16 17 18 
1800 166 64 
1800 167 4 16 17 18 
1800 168 4 16 17 18 
1800 169 42 
1800 170 4 16 17 18 
1800 171 4 16 17 18 
1800 172 4 16 17 18 
1800 173 4 16 17 18 
1800 174 1 6 
1800 175 4 16 17 18 
1800 176 4 16 17 18 
1800 177 4 16 17 18 
1800 178 4 16 17 18 
1800 179 4 16 17 18 
1800 180 4 16 17 18 
1800 181 4 16 17 18 
1800 182 4 16 17 18 
1800 183 5 23 210 220 
1800 184 5 23 
1800 185 5 23 197 
1800 186 5 23 
1800 187 225 
1800 188 5 23 
1800 189 5 21 23 
1800 190 5 23 
1800 191 5 23 
1800 192 5 23 24 216 
1800 193 5 23 
1800 194 5 23 
1800 195 5 23 
1800 196 5 23 24 
1800 197 185 
1800 198 5 23 
1800 199 5 23 
1800 200 5 23 
1800 201 5 23 214 
1800 202 5 23 
1800 203 5 23 
1800 204 5 23 
1800 205 5 23 
1800 206 5 23 
1800 207 5 23 
1800 208 5 23 
1800 209 5 23 
1800 210 183 
1800 211 5 23 
1800 212 5 23 
1800 213 5 23 
1800 214 201 
1800 215 5 23 
1800 216 192 
1800 217 5 23 
1800 218 5 23 
1800 219 5 23 
1800 220 183 
1800 221 5 23 
1800 222 5 23 
1800 223 5 23 
1800 224 5 23 
1800 225 5 23 187 
1800 226 5 23 
1800 227 5 23 
1800 228 5 23 
1800 229 5 23 
1800 230 5 23 
1800 231 5 23 
1800 232 0 1 2 3 4 5 
1800 233 0 2 3 4 
1800 234 0 1 5 
1800 235 0 1 2 3 4 5 
1800 236 0 2 3 4 5 
1800 237 0 1 2 3 4 5 
1800 238 0 3 5 
1800 239 0 1 2 3 4 
1800 240 0 1 2 5 
1800 241 0 2 3 4 5 
1800 242 0 2 5 
1800 243 0 1 3 4 
1800 244 0 1 4 5 
1800 245 0 2 3 5 
1800 246 0 1 2 3 4 5 
1800 247 0 1 2 3 4 
1800 248 0 1 2 
1800 249 0 3 4 5 
1800 250 0 1 2 3 4 
1800 251 0 3 4 
1800 252 0 1 3 5 
1800 253 0 2 4 5 
1800 254 0 1 5 
1800 255 0 2 3 
1800 256 0 1 4 
1800 257 0 1 4 5 
1800 258 0 2 3 5 
1800 259 0 1 2 3 4 
1800 260 0 2 4 
1800 261 0 1 5 
