0 21600
0 0 1 2 3 4 5 240 241 242 243 244 245 246 247 248 249 250 251 252 253 254 255 256 257 258 259 260 261 262 263 264 265 266 267 268 269 
0 1 0 2 3 4 5 6 7 8 17 18 19 20 21 24 25 27 28 30 33 35 37 38 39 40 41 42 44 48 50 51 52 53 54 242 243 245 247 250 254 257 259 261 263 265 267 269 
0 2 0 1 3 4 5 9 10 11 56 57 58 59 60 61 64 65 68 69 70 71 72 74 76 80 81 84 85 87 88 89 90 92 93 95 96 241 244 246 247 248 254 257 260 262 264 265 267 268 
0 3 0 1 2 4 5 12 97 98 100 101 102 103 104 105 106 107 108 109 110 111 112 113 114 115 116 117 118 119 120 121 123 124 125 126 127 128 129 130 131 132 134 135 136 137 138 139 140 141 142 241 242 244 248 249 253 258 259 261 264 265 266 
0 4 0 1 2 3 5 13 143 144 145 146 147 148 149 150 151 152 153 154 155 156 157 158 159 160 161 162 163 164 165 167 168 169 170 171 172 173 175 176 177 178 179 180 181 182 183 184 185 186 187 188 189 225 233 241 243 246 250 252 257 259 261 262 266 268 269 
0 5 0 1 2 3 4 16 174 190 191 192 193 195 196 198 199 201 202 203 204 205 206 208 209 210 211 212 213 214 215 216 217 218 219 220 221 222 223 224 227 228 229 230 233 235 236 237 238 239 240 244 245 247 251 255 256 260 262 263 266 267 
0 6 1 7 8 17 18 19 20 21 24 25 27 28 30 33 35 37 38 39 40 41 42 44 48 50 51 52 53 54 
0 7 1 6 8 17 18 19 20 21 24 25 27 28 30 33 35 37 38 39 40 41 42 44 48 50 51 52 53 54 
0 8 1 6 7 17 18 19 20 24 25 27 28 30 33 37 41 42 51 54 
0 9 2 10 59 64 65 74 87 
0 10 2 9 11 56 57 58 59 60 61 64 65 68 69 70 71 72 74 76 80 81 84 85 87 88 89 90 92 93 95 96 
0 11 2 10 57 58 60 64 72 74 80 81 
0 12 3 97 98 100 101 102 103 104 105 106 107 108 109 110 111 112 113 114 115 116 117 118 119 120 121 123 124 125 126 127 128 129 130 131 132 134 135 136 137 138 139 140 141 142 
0 13 4 14 143 144 145 146 147 148 149 150 151 152 153 154 155 156 157 158 159 160 161 162 163 164 165 167 168 169 170 171 172 173 175 176 177 178 179 180 181 182 183 184 185 186 187 188 189 225 233 
0 14 13 15 143 144 145 146 147 148 149 150 151 152 153 154 155 156 157 158 159 160 161 162 163 164 165 167 168 169 170 171 172 173 175 176 177 178 179 180 181 182 183 184 185 186 187 188 189 225 233 
0 15 14 152 153 180 183 233 
0 16 5 
0 17 1 6 7 8 23 31 43 
0 18 1 6 7 8 
0 19 1 6 7 8 
0 20 1 6 7 8 
0 21 1 6 7 34 
0 22 25 
0 23 17 
0 24 1 6 7 8 29 32 55 
0 25 1 6 7 8 22 26 46 47 
0 26 25 
0 27 1 6 7 8 45 
0 28 1 6 7 8 
0 29 24 
0 30 1 6 7 8 
0 31 17 
0 32 24 
0 33 1 6 7 8 
0 34 21 
0 35 1 6 7 
0 36 42 
0 37 1 6 7 8 
0 38 1 6 7 
0 39 1 6 7 
0 40 1 6 7 
0 41 1 6 7 8 
0 42 1 6 7 8 36 
0 43 17 
0 44 1 6 7 
0 45 27 
0 46 25 
0 47 25 
0 48 1 6 7 
0 49 145 
0 50 1 6 7 
0 51 1 6 7 8 
0 52 1 6 7 
0 53 1 6 7 
0 54 1 6 7 8 
0 55 24 
0 56 2 10 63 77 78 82 91 94 
0 57 2 10 11 73 83 
0 58 2 10 11 
0 59 2 9 10 
0 60 2 10 11 
0 61 2 10 
0 62 68 
0 63 56 
0 64 2 9 10 11 67 79 
0 65 2 9 10 86 
0 66 88 
0 67 64 
0 68 2 10 62 
0 69 2 10 
0 70 2 10 
0 71 2 10 
0 72 2 10 11 
0 73 57 
0 74 2 9 10 11 
0 75 
0 76 2 10 
0 77 56 
0 78 56 
0 79 64 
0 80 2 10 11 
0 81 2 10 11 
0 82 56 
0 83 57 
0 84 2 10 
0 85 2 10 
0 86 65 
0 87 2 9 10 
0 88 2 10 66 
0 89 2 10 
0 90 2 10 
0 91 56 
0 92 2 10 
0 93 2 10 
0 94 56 
0 95 2 10 
0 96 2 10 
0 97 3 12 
0 98 3 12 
0 99 132 
0 100 3 12 
0 101 3 12 
0 102 3 12 
0 103 3 12 
0 104 3 12 
0 105 3 12 
0 106 3 12 
0 107 3 12 
0 108 3 12 
0 109 3 12 
0 110 3 12 
0 111 3 12 
0 112 3 12 
0 113 3 12 
0 114 3 12 
0 115 3 12 
0 116 3 12 
0 117 3 12 
0 118 3 12 
0 119 3 12 
0 120 3 12 
0 121 3 12 
0 122 131 
0 123 3 12 
0 124 3 12 
0 125 3 12 
0 126 3 12 
0 127 3 12 
0 128 3 12 
0 129 3 12 133 
0 130 3 12 
0 131 3 12 122 
0 132 3 12 99 
0 133 129 
0 134 3 12 
0 135 3 12 
0 136 3 12 
0 137 3 12 
0 138 3 12 
0 139 3 12 
0 140 3 12 
0 141 3 12 
0 142 3 12 
0 143 4 13 14 
0 144 4 13 14 
0 145 4 13 14 49 
0 146 4 13 14 
0 147 4 13 14 194 207 231 234 
0 148 4 13 14 
0 149 4 13 14 
0 150 4 13 14 
0 151 4 13 14 
0 152 4 13 14 15 
0 153 4 13 14 15 166 
0 154 4 13 14 200 
0 155 4 13 14 
0 156 4 13 14 
0 157 4 13 14 
0 158 4 13 14 
0 159 4 13 14 
0 160 4 13 14 
0 161 4 13 14 
0 162 4 13 14 
0 163 4 13 14 
0 164 4 13 14 
0 165 4 13 14 232 
0 166 153 
0 167 4 13 14 
0 168 4 13 14 
0 169 4 13 14 
0 170 4 13 14 
0 171 4 13 14 
0 172 4 13 14 
0 173 4 13 14 
0 174 5 
0 175 4 13 14 
0 176 4 13 14 
0 177 4 13 14 
0 178 4 13 14 
0 179 4 13 14 
0 180 4 13 14 15 
0 181 4 13 14 
0 182 4 13 14 
0 183 4 13 14 15 
0 184 4 13 14 
0 185 4 13 14 
0 186 4 13 14 
0 187 4 13 14 
0 188 4 13 14 
0 189 4 13 14 
0 190 5 
0 191 5 
0 192 5 197 
0 193 5 
0 194 147 
0 195 5 226 
0 196 5 
0 197 192 
0 198 5 
0 199 5 
0 200 154 
0 201 5 
0 202 5 
0 203 5 
0 204 5 
0 205 5 
0 206 5 
0 207 147 
0 208 5 
0 209 5 
0 210 5 
0 211 5 
0 212 5 
0 213 5 
0 214 5 
0 215 5 
0 216 5 
0 217 5 
0 218 5 
0 219 5 
0 220 5 
0 221 5 
0 222 5 
0 223 5 
0 224 5 
0 225 4 13 14 
0 226 195 
0 227 5 
0 228 5 
0 229 5 
0 230 5 
0 231 147 
0 232 165 
0 233 4 5 13 14 15 
0 234 147 
0 235 5 
0 236 5 
0 237 5 
0 238 5 
0 239 5 
0 240 0 5 
0 241 0 2 3 4 
0 242 0 1 3 
0 243 0 1 4 
0 244 0 2 3 5 
0 245 0 1 5 
0 246 0 2 4 
0 247 0 1 2 5 
0 248 0 2 3 
0 249 0 3 
0 250 0 1 4 
0 251 0 5 
0 252 0 4 
0 253 0 3 
0 254 0 1 2 
0 255 0 5 
0 256 0 5 
0 257 0 1 2 4 
0 258 0 3 
0 259 0 1 3 4 
0 260 0 2 5 
0 261 0 1 3 4 
0 262 0 2 4 5 
0 263 0 1 5 
0 264 0 2 3 
0 265 0 1 2 3 
0 266 0 3 4 5 
0 267 0 1 2 5 
0 268 0 2 4 
0 269 0 1 4 
