0 21600
0 0 1 2 3 4 5 240 241 242 243 244 245 246 247 248 249 250 251 252 253 254 255 256 257 258 259 260 261 262 263 264 265 266 267 268 269 
0 1 0 2 3 4 5 6 7 8 17 18 19 20 21 24 25 27 28 30 33 35 37 38 39 40 41 42 44 48 50 51 52 53 54 242 243 245 247 250 254 257 259 261 263 265 267 269 
0 2 0 1 3 4 5 9 10 11 56 57 58 59 60 61 64 65 68 69 70 71 72 74 76 80 81 84 85 87 88 89 90 92 93 95 96 241 244 246 247 248 254 257 260 262 264 265 267 268 
0 3 0 1 2 4 5 12 97 98 100 101 102 103 104 105 106 107 108 109 110 111 112 113 114 115 116 117 118 119 120 121 123 124 125 126 127 128 129 130 131 132 134 135 136 137 138 139 140 141 142 241 242 244 248 249 253 258 259 261 264 265 266 
0 4 0 1 2 3 5 13 143 144 145 146 147 148 149 150 151 152 153 154 155 156 157 158 159 160 161 162 163 164 165 167 168 169 170 171 172 173 175 176 177 178 179 180 181 182 183 184 185 186 187 188 189 225 233 241 243 246 250 252 257 259 261 262 266 268 269 
0 5 0 1 2 3 4 16 174 190 191 192 193 195 196 198 199 201 202 203 204 205 206 208 209 210 211 212 213 214 215 216 217 218 219 220 221 222 223 224 227 228 229 230 233 235 236 237 238 239 240 244 245 247 251 255 256 260 262 263 266 267 
0 6 1 7 8 17 18 19 20 21 24 25 27 28 30 33 35 37 38 39 40 41 42 44 48 50 51 52 53 54 
0 7 1 6 8 17 18 19 20 21 24 25 27 28 30 33 35 37 38 39 40 41 42 44 48 50 51 52 53 54 
0 8 1 6 7 17 18 19 20 24 25 27 28 30 33 37 41 42 51 54 
0 9 2 10 59 64 65 74 87 
0 10 2 9 11 56 57 58 59 60 61 64 65 68 69 70 71 72 74 76 80 81 84 85 87 88 89 90 92 93 95 96 
0 11 2 10 57 58 60 64 72 74 80 81 
0 12 3 97 98 100 101 102 103 104 105 106 107 108 109 110 111 112 113 114 115 116 117 118 119 120 121 123 124 125 126 127 128 129 130 131 132 134 135 136 137 138 139 140 141 142 
0 13 4 14 143 144 145 146 147 148 149 150 151 152 153 154 155 156 157 158 159 160 161 162 163 164 165 167 168 169 170 171 172 173 175 176 177 178 179 180 181 182 183 184 185 186 187 188 189 225 233 
0 14 13 15 143 144 145 146 147 148 149 150 151 152 153 154 155 156 157 158 159 160 161 162 163 164 165 167 168 169 170 171 172 173 175 176 177 178 179 180 181 182 183 184 185 186 187 188 189 225 233 
0 15 14 152 153 180 183 233 
0 16 5 
0 17 1 6 7 8 23 31 43 
0 18 1 6 7 8 
0 19 1 6 7 8 
0 20 1 6 7 8 
0 21 1 6 7 34 
0 22 25 
0 23 17 
0 24 1 6 7 8 29 32 55 
0 25 1 6 7 8 22 26 46 47 
0 26 25 
0 27 1 6 7 8 45 
0 28 1 6 7 8 
0 29 24 
0 30 1 6 7 8 
0 31 17 
0 32 24 
0 33 1 6 7 8 
0 34 21 
0 35 1 6 7 
0 36 42 
0 37 1 6 7 8 
0 38 1 6 7 
0 39 1 6 7 
0 40 1 6 7 
0 41 1 6 7 8 
0 42 1 6 7 8 36 
0 43 17 
0 44 1 6 7 
0 45 27 
0 46 25 
0 47 25 
0 48 1 6 7 
0 49 145 
0 50 1 6 7 
0 51 1 6 7 8 
0 52 1 6 7 
0 53 1 6 7 
0 54 1 6 7 8 
0 55 24 
0 56 2 10 63 77 78 82 91 94 
0 57 2 10 11 73 83 
0 58 2 10 11 
0 59 2 9 10 
0 60 2 10 11 
0 61 2 10 
0 62 68 
0 63 56 
0 64 2 9 10 11 67 79 
0 65 2 9 10 86 
0 66 88 
0 67 64 
0 68 2 10 62 
0 69 2 10 
0 70 2 10 
0 71 2 10 
0 72 2 10 11 
0 73 57 
0 74 2 9 10 11 
0 75 
0 76 2 10 
0 77 56 
0 78 56 
0 79 64 
0 80 2 10 11 
0 81 2 10 11 
0 82 56 
0 83 57 
0 84 2 10 
0 85 2 10 
0 86 65 
0 87 2 9 10 
0 88 2 10 66 
0 89 2 10 
0 90 2 10 
0 91 56 
0 92 2 10 
0 93 2 10 
0 94 56 
0 95 2 10 
0 96 2 10 
0 97 3 12 
0 98 3 12 
0 99 132 
0 100 3 12 
0 101 3 12 
0 102 3 12 
0 103 3 12 
0 104 3 12 
0 105 3 12 
0 106 3 12 
0 107 3 12 
0 108 3 12 
0 109 3 12 
0 110 3 12 
0 111 3 12 
0 112 3 12 
0 113 3 12 
0 114 3 12 
0 115 3 12 
0 116 3 12 
0 117 3 12 
0 118 3 12 
0 119 3 12 
0 120 3 12 
0 121 3 12 
0 122 131 
0 123 3 12 
0 124 3 12 
0 125 3 12 
0 126 3 12 
0 127 3 12 
0 128 3 12 
0 129 3 12 133 
0 130 3 12 
0 131 3 12 122 
0 132 3 12 99 
0 133 129 
0 134 3 12 
0 135 3 12 
0 136 3 12 
0 137 3 12 
0 138 3 12 
0 139 3 12 
0 140 3 12 
0 141 3 12 
0 142 3 12 
0 143 4 13 14 
0 144 4 13 14 
0 145 4 13 14 49 
0 146 4 13 14 
0 147 4 13 14 194 207 231 234 
0 148 4 13 14 
0 149 4 13 14 
0 150 4 13 14 
0 151 4 13 14 
0 152 4 13 14 15 
0 153 4 13 14 15 166 
0 154 4 13 14 200 
0 155 4 13 14 
0 156 4 13 14 
0 157 4 13 14 
0 158 4 13 14 
0 159 4 13 14 
0 160 4 13 14 
0 161 4 13 14 
0 162 4 13 14 
0 163 4 13 14 
0 164 4 13 14 
0 165 4 13 14 232 
0 166 153 
0 167 4 13 14 
0 168 4 13 14 
0 169 4 13 14 
0 170 4 13 14 
0 171 4 13 14 
0 172 4 13 14 
0 173 4 13 14 
0 174 5 
0 175 4 13 14 
0 176 4 13 14 
0 177 4 13 14 
0 178 4 13 14 
0 179 4 13 14 
0 180 4 13 14 15 
0 181 4 13 14 
0 182 4 13 14 
0 183 4 13 14 15 
0 184 4 13 14 
0 185 4 13 14 
0 186 4 13 14 
0 187 4 13 14 
0 188 4 13 14 
0 189 4 13 14 
0 190 5 
0 191 5 
0 192 5 197 
0 193 5 
0 194 147 
0 195 5 226 
0 196 5 
0 197 192 
0 198 5 
0 199 5 
0 200 154 
0 201 5 
0 202 5 
0 203 5 
0 204 5 
0 205 5 
0 206 5 
0 207 147 
0 208 5 
0 209 5 
0 210 5 
0 211 5 
0 212 5 
0 213 5 
0 214 5 
0 215 5 
0 216 5 
0 217 5 
0 218 5 
0 219 5 
0 220 5 
0 221 5 
0 222 5 
0 223 5 
0 224 5 
0 225 4 13 14 
0 226 195 
0 227 5 
0 228 5 
0 229 5 
0 230 5 
0 231 147 
0 232 165 
0 233 4 5 13 14 15 
0 234 147 
0 235 5 
0 236 5 
0 237 5 
0 238 5 
0 239 5 
0 240 0 5 
0 241 0 2 3 4 
0 242 0 1 3 
0 243 0 1 4 
0 244 0 2 3 5 
0 245 0 1 5 
0 246 0 2 4 
0 247 0 1 2 5 
0 248 0 2 3 
0 249 0 3 
0 250 0 1 4 
0 251 0 5 
0 252 0 4 
0 253 0 3 
0 254 0 1 2 
0 255 0 5 
0 256 0 5 
0 257 0 1 2 4 
0 258 0 3 
0 259 0 1 3 4 
0 260 0 2 5 
0 261 0 1 3 4 
0 262 0 2 4 5 
0 263 0 1 5 
0 264 0 2 3 
0 265 0 1 2 3 
0 266 0 3 4 5 
0 267 0 1 2 5 
0 268 0 2 4 
0 269 0 1 4 
1800 0 1 2 3 4 5 240 241 242 243 244 245 246 247 248 249 250 251 252 253 254 255 256 257 258 259 260 261 262 263 264 265 266 267 268 269 
1800 1 0 2 3 4 5 6 7 8 17 18 19 20 21 24 25 27 28 30 33 35 38 39 40 41 42 44 48 50 51 52 53 54 242 243 245 247 250 254 257 259 261 263 265 267 269 
1800 2 0 1 3 4 5 9 10 11 56 57 58 59 60 61 64 65 68 69 70 71 72 73 74 76 80 81 84 85 87 88 89 90 92 93 95 96 241 244 246 247 248 254 257 260 262 264 265 267 268 
1800 3 0 1 2 4 5 12 97 98 100 101 102 104 105 106 107 108 109 110 111 112 113 114 115 116 117 118 119 120 121 123 124 125 126 127 128 129 130 131 132 134 135 136 137 138 139 140 141 142 241 242 244 248 249 253 258 259 261 264 265 266 
1800 4 0 1 2 3 5 13 143 144 145 146 147 148 149 150 151 152 153 154 155 156 157 158 159 160 161 162 163 164 165 167 168 169 170 171 172 173 175 176 177 178 179 180 181 182 183 184 185 186 187 188 189 215 225 241 243 246 250 252 257 259 261 262 266 268 269 
1800 5 0 1 2 3 4 16 158 162 174 186 190 191 192 193 195 196 198 199 201 202 203 204 205 206 208 209 210 211 212 213 214 215 216 217 218 219 220 221 222 223 224 227 228 229 230 231 233 235 236 237 238 239 240 244 245 247 251 255 256 260 262 263 266 267 
1800 6 1 7 8 17 18 19 20 21 24 25 27 28 30 33 35 38 39 40 41 42 44 48 50 51 52 53 54 
1800 7 1 6 8 17 18 19 20 21 24 25 27 28 30 33 35 38 39 40 41 42 44 48 50 51 52 53 54 
1800 8 1 6 7 17 18 19 20 24 25 27 28 30 33 41 42 51 54 
1800 9 2 10 59 64 65 73 74 87 
1800 10 2 9 11 56 57 58 59 60 61 64 65 68 69 70 71 72 73 74 76 80 81 84 85 87 88 89 90 92 93 95 96 
1800 11 2 10 57 58 60 64 72 73 74 80 81 
1800 12 3 97 98 100 101 102 104 105 106 107 108 109 110 111 112 113 114 115 116 117 118 119 120 121 123 124 125 126 127 128 129 130 131 132 134 135 136 137 138 139 140 141 142 
1800 13 4 14 143 144 145 146 147 148 149 150 151 152 153 154 155 156 157 158 159 160 161 162 163 164 165 167 168 169 170 171 172 173 175 176 177 178 179 180 181 182 183 184 185 186 187 188 189 215 225 
1800 14 13 15 143 144 145 146 147 148 149 150 151 152 153 154 155 156 157 158 159 160 161 162 163 164 165 167 168 169 170 171 172 173 175 176 177 178 179 180 181 182 183 184 185 186 187 188 189 215 225 
1800 15 14 152 153 180 183 
1800 16 5 
1800 17 1 6 7 8 23 31 43 
1800 18 1 6 7 8 32 55 
1800 19 1 6 7 8 29 
1800 20 1 6 7 8 
1800 21 1 6 7 34 
1800 22 25 
1800 23 17 
1800 24 1 6 7 8 
1800 25 1 6 7 8 22 26 36 46 47 
1800 26 25 
1800 27 1 6 7 8 37 45 
1800 28 1 6 7 8 
1800 29 19 
1800 30 1 6 7 8 
1800 31 17 
1800 32 18 
1800 33 1 6 7 8 
1800 34 21 
1800 35 1 6 7 
1800 36 25 
1800 37 27 
1800 38 1 6 7 
1800 39 1 6 7 
1800 40 1 6 7 
1800 41 1 6 7 8 
1800 42 1 6 7 8 
1800 43 17 
1800 44 1 6 7 
1800 45 27 
1800 46 25 
1800 47 25 
1800 48 1 6 7 
1800 49 145 
1800 50 1 6 7 
1800 51 1 6 7 8 
1800 52 1 6 7 
1800 53 1 6 7 
1800 54 1 6 7 8 
1800 55 18 
1800 56 2 10 82 91 
1800 57 2 10 11 62 67 78 79 83 
1800 58 2 10 11 
1800 59 2 9 10 
1800 60 2 10 11 
1800 61 2 10 
1800 62 57 
1800 63 73 
1800 64 2 9 10 11 
1800 65 2 9 10 86 
1800 66 68 
1800 67 57 
1800 68 2 10 66 
1800 69 2 10 
1800 70 2 10 
1800 71 2 10 
1800 72 2 10 11 94 
1800 73 2 9 10 11 63 
1800 74 2 9 10 11 
1800 75 86 
1800 76 2 10 
1800 77 78 
1800 78 57 77 
1800 79 57 
1800 80 2 10 11 
1800 81 2 10 11 
1800 82 56 
1800 83 57 
1800 84 2 10 
1800 85 2 10 
1800 86 65 75 
1800 87 2 9 10 
1800 88 2 10 
1800 89 2 10 
1800 90 2 10 
1800 91 56 
1800 92 2 10 
1800 93 2 10 
1800 94 72 
1800 95 2 10 
1800 96 2 10 
1800 97 3 12 
1800 98 3 12 
1800 99 129 
1800 100 3 12 
1800 101 3 12 
1800 102 3 12 
1800 103 131 
1800 104 3 12 
1800 105 3 12 
1800 106 3 12 
1800 107 3 12 
1800 108 3 12 
1800 109 3 12 
1800 110 3 12 
1800 111 3 12 
1800 112 3 12 
1800 113 3 12 
1800 114 3 12 
1800 115 3 12 
1800 116 3 12 
1800 117 3 12 
1800 118 3 12 
1800 119 3 12 
1800 120 3 12 
1800 121 3 12 
1800 122 131 
1800 123 3 12 
1800 124 3 12 
1800 125 3 12 
1800 126 3 12 
1800 127 3 12 
1800 128 3 12 
1800 129 3 12 99 133 
1800 130 3 12 
1800 131 3 12 103 122 
1800 132 3 12 
1800 133 129 
1800 134 3 12 
1800 135 3 12 
1800 136 3 12 
1800 137 3 12 
1800 138 3 12 
1800 139 3 12 
1800 140 3 12 
1800 141 3 12 
1800 142 3 12 
1800 143 4 13 14 
1800 144 4 13 14 
1800 145 4 13 14 49 
1800 146 4 13 14 
1800 147 4 13 14 194 207 234 
1800 148 4 13 14 
1800 149 4 13 14 
1800 150 4 13 14 
1800 151 4 13 14 
1800 152 4 13 14 15 
1800 153 4 13 14 15 166 
1800 154 4 13 14 200 
1800 155 4 13 14 
1800 156 4 13 14 
1800 157 4 13 14 
1800 158 4 5 13 14 
1800 159 4 13 14 
1800 160 4 13 14 
1800 161 4 13 14 
1800 162 4 5 13 14 
1800 163 4 13 14 
1800 164 4 13 14 
1800 165 4 13 14 
1800 166 153 
1800 167 4 13 14 
1800 168 4 13 14 
1800 169 4 13 14 
1800 170 4 13 14 
1800 171 4 13 14 
1800 172 4 13 14 
1800 173 4 13 14 
1800 174 5 
1800 175 4 13 14 
1800 176 4 13 14 
1800 177 4 13 14 
1800 178 4 13 14 
1800 179 4 13 14 
1800 180 4 13 14 15 
1800 181 4 13 14 
1800 182 4 13 14 
1800 183 4 13 14 15 
1800 184 4 13 14 
1800 185 4 13 14 
1800 186 4 5 13 14 
1800 187 4 13 14 
1800 188 4 13 14 
1800 189 4 13 14 
1800 190 5 
1800 191 5 232 
1800 192 5 
1800 193 5 
1800 194 147 
1800 195 5 226 
1800 196 5 
1800 197 215 
1800 198 5 
1800 199 5 
1800 200 154 
1800 201 5 
1800 202 5 
1800 203 5 
1800 204 5 
1800 205 5 
1800 206 5 
1800 207 147 
1800 208 5 
1800 209 5 
1800 210 5 
1800 211 5 
1800 212 5 
1800 213 5 
1800 214 5 
1800 215 4 5 13 14 197 
1800 216 5 
1800 217 5 
1800 218 5 
1800 219 5 
1800 220 5 
1800 221 5 
1800 222 5 
1800 223 5 
1800 224 5 
1800 225 4 13 14 
1800 226 195 
1800 227 5 
1800 228 5 
1800 229 5 
1800 230 5 
1800 231 5 
1800 232 191 
1800 233 5 
1800 234 147 
1800 235 5 
1800 236 5 
1800 237 5 
1800 238 5 
1800 239 5 
1800 240 0 5 
1800 241 0 2 3 4 
1800 242 0 1 3 
1800 243 0 1 4 
1800 244 0 2 3 5 
1800 245 0 1 5 
1800 246 0 2 4 
1800 247 0 1 2 5 
1800 248 0 2 3 
1800 249 0 3 
1800 250 0 1 4 
1800 251 0 5 
1800 252 0 4 
1800 253 0 3 
1800 254 0 1 2 
1800 255 0 5 
1800 256 0 5 
1800 257 0 1 2 4 
1800 258 0 3 
1800 259 0 1 3 4 
1800 260 0 2 5 
1800 261 0 1 3 4 
1800 262 0 2 4 5 
1800 263 0 1 5 
1800 264 0 2 3 
1800 265 0 1 2 3 
1800 266 0 3 4 5 
1800 267 0 1 2 5 
1800 268 0 2 4 
1800 269 0 1 4 
3600 0 1 2 3 4 5 240 241 242 243 244 245 246 247 248 249 250 251 252 253 254 255 256 257 258 259 260 261 262 263 264 265 266 267 268 269 
3600 1 0 2 3 4 5 6 7 8 17 18 19 20 21 24 25 27 28 30 33 35 37 38 39 40 41 42 44 48 50 51 52 53 54 242 243 245 247 250 254 257 259 261 263 265 267 269 
3600 2 0 1 3 4 5 9 10 11 56 57 58 59 60 61 64 65 68 69 70 71 72 74 76 78 80 81 84 85 87 88 89 90 92 93 95 96 241 244 246 247 248 254 257 260 262 264 265 267 268 
3600 3 0 1 2 4 5 12 97 98 99 100 101 102 103 104 105 106 107 108 109 110 111 112 113 114 115 116 117 118 119 120 121 123 124 125 126 127 128 129 130 131 132 134 135 136 137 138 139 140 141 142 241 242 244 248 249 253 258 259 261 264 265 266 
3600 4 0 1 2 3 5 17 143 144 145 146 147 148 149 150 151 152 153 154 155 156 157 158 159 160 161 162 163 164 165 166 167 168 169 170 171 172 173 175 176 177 178 179 180 181 182 183 184 185 186 187 188 189 225 229 241 243 246 250 252 257 259 261 262 266 268 269 
3600 5 0 1 2 3 4 16 174 190 191 192 193 195 196 198 199 201 202 203 204 205 206 208 209 210 211 212 213 214 215 216 217 218 219 220 221 222 223 224 227 228 229 230 233 235 236 237 238 239 240 244 245 247 251 255 256 260 262 263 266 267 
3600 6 1 7 8 17 18 19 20 21 24 25 27 28 30 33 35 37 38 39 40 41 42 44 48 50 51 52 53 54 
3600 7 1 6 8 17 18 19 20 21 24 25 27 28 30 33 35 37 38 39 40 41 42 44 48 50 51 52 53 54 
3600 8 1 6 7 17 18 19 20 24 25 27 28 30 33 37 41 42 51 54 
3600 9 2 10 59 64 65 74 87 
3600 10 2 9 11 56 57 58 59 60 61 64 65 68 69 70 71 72 74 76 78 80 81 84 85 87 88 89 90 92 93 95 96 
3600 11 2 10 57 58 60 64 72 74 80 81 
3600 12 3 97 98 99 100 101 102 103 104 105 106 107 108 109 110 111 112 113 114 115 116 117 118 119 120 121 123 124 125 126 127 128 129 130 131 132 134 135 136 137 138 139 140 141 142 
3600 13 17 29 32 39 49 143 145 150 151 152 153 155 157 158 163 168 169 172 176 179 180 184 186 188 189 
3600 14 15 17 143 144 145 146 147 148 149 150 151 152 153 154 155 156 157 158 159 160 161 162 163 164 165 166 167 168 169 170 171 172 173 175 176 177 178 179 180 181 182 183 184 185 186 187 188 189 225 229 
3600 15 14 152 153 180 183 
3600 16 5 
3600 17 1 4 6 7 8 13 14 23 31 43 
3600 18 1 6 7 8 
3600 19 1 6 7 8 
3600 20 1 6 7 8 
3600 21 1 6 7 34 46 
3600 22 25 
3600 23 17 
3600 24 1 6 7 8 36 55 
3600 25 1 6 7 8 22 26 47 
3600 26 25 
3600 27 1 6 7 8 45 
3600 28 1 6 7 8 
3600 29 13 
3600 30 1 6 7 8 
3600 31 17 
3600 32 13 
3600 33 1 6 7 8 
3600 34 21 
3600 35 1 6 7 
3600 36 24 
3600 37 1 6 7 8 
3600 38 1 6 7 
3600 39 1 6 7 13 
3600 40 1 6 7 
3600 41 1 6 7 8 
3600 42 1 6 7 8 
3600 43 17 
3600 44 1 6 7 
3600 45 27 
3600 46 21 
3600 47 25 
3600 48 1 6 7 
3600 49 13 
3600 50 1 6 7 
3600 51 1 6 7 8 
3600 52 1 6 7 
3600 53 1 6 7 
3600 54 1 6 7 8 
3600 55 24 
3600 56 2 10 63 67 73 82 83 
3600 57 2 10 11 
3600 58 2 10 11 
3600 59 2 9 10 91 
3600 60 2 10 11 
3600 61 2 10 
3600 62 68 
3600 63 56 
3600 64 2 9 10 11 79 
3600 65 2 9 10 86 94 
3600 66 68 
3600 67 56 
3600 68 2 10 62 66 
3600 69 2 10 
3600 70 2 10 
3600 71 2 10 
3600 72 2 10 11 
3600 73 56 
3600 74 2 9 10 11 
3600 75 
3600 76 2 10 
3600 77 78 
3600 78 2 10 77 
3600 79 64 
3600 80 2 10 11 
3600 81 2 10 11 
3600 82 56 
3600 83 56 
3600 84 2 10 
3600 85 2 10 
3600 86 65 
3600 87 2 9 10 
3600 88 2 10 
3600 89 2 10 
3600 90 2 10 
3600 91 59 
3600 92 2 10 
3600 93 2 10 
3600 94 65 
3600 95 2 10 
3600 96 2 10 
3600 97 3 12 
3600 98 3 12 
3600 99 3 12 
3600 100 3 12 
3600 101 3 12 
3600 102 3 12 
3600 103 3 12 
3600 104 3 12 
3600 105 3 12 
3600 106 3 12 
3600 107 3 12 
3600 108 3 12 
3600 109 3 12 
3600 110 3 12 
3600 111 3 12 
3600 112 3 12 
3600 113 3 12 
3600 114 3 12 
3600 115 3 12 
3600 116 3 12 
3600 117 3 12 
3600 118 3 12 
3600 119 3 12 
3600 120 3 12 
3600 121 3 12 
3600 122 131 
3600 123 3 12 
3600 124 3 12 
3600 125 3 12 
3600 126 3 12 
3600 127 3 12 
3600 128 3 12 
3600 129 3 12 133 
3600 130 3 12 
3600 131 3 12 122 
3600 132 3 12 
3600 133 129 
3600 134 3 12 
3600 135 3 12 
3600 136 3 12 
3600 137 3 12 
3600 138 3 12 
3600 139 3 12 
3600 140 3 12 
3600 141 3 12 
3600 142 3 12 
3600 143 4 13 14 
3600 144 4 14 231 
3600 145 4 13 14 
3600 146 4 14 
3600 147 4 14 194 207 234 
3600 148 4 14 
3600 149 4 14 
3600 150 4 13 14 
3600 151 4 13 14 
3600 152 4 13 14 15 
3600 153 4 13 14 15 
3600 154 4 14 200 
3600 155 4 13 14 
3600 156 4 14 
3600 157 4 13 14 
3600 158 4 13 14 
3600 159 4 14 
3600 160 4 14 
3600 161 4 14 
3600 162 4 14 
3600 163 4 13 14 
3600 164 4 14 
3600 165 4 14 
3600 166 4 14 
3600 167 4 14 
3600 168 4 13 14 
3600 169 4 13 14 
3600 170 4 14 
3600 171 4 14 
3600 172 4 13 14 
3600 173 4 14 
3600 174 5 
3600 175 4 14 
3600 176 4 13 14 
3600 177 4 14 
3600 178 4 14 
3600 179 4 13 14 
3600 180 4 13 14 15 
3600 181 4 14 
3600 182 4 14 
3600 183 4 14 15 
3600 184 4 13 14 
3600 185 4 14 
3600 186 4 13 14 
3600 187 4 14 
3600 188 4 13 14 
3600 189 4 13 14 
3600 190 5 
3600 191 5 232 
3600 192 5 197 
3600 193 5 
3600 194 147 
3600 195 5 226 
3600 196 5 
3600 197 192 
3600 198 5 
3600 199 5 
3600 200 154 
3600 201 5 
3600 202 5 
3600 203 5 
3600 204 5 
3600 205 5 
3600 206 5 
3600 207 147 
3600 208 5 
3600 209 5 
3600 210 5 
3600 211 5 
3600 212 5 
3600 213 5 
3600 214 5 
3600 215 5 
3600 216 5 
3600 217 5 
3600 218 5 
3600 219 5 
3600 220 5 
3600 221 5 
3600 222 5 
3600 223 5 
3600 224 5 
3600 225 4 14 
3600 226 195 
3600 227 5 
3600 228 5 
3600 229 4 5 14 
3600 230 5 
3600 231 144 
3600 232 191 
3600 233 5 
3600 234 147 
3600 235 5 
3600 236 5 
3600 237 5 
3600 238 5 
3600 239 5 
3600 240 0 5 
3600 241 0 2 3 4 
3600 242 0 1 3 
3600 243 0 1 4 
3600 244 0 2 3 5 
3600 245 0 1 5 
3600 246 0 2 4 
3600 247 0 1 2 5 
3600 248 0 2 3 
3600 249 0 3 
3600 250 0 1 4 
3600 251 0 5 
3600 252 0 4 
3600 253 0 3 
3600 254 0 1 2 
3600 255 0 5 
3600 256 0 5 
3600 257 0 1 2 4 
3600 258 0 3 
3600 259 0 1 3 4 
3600 260 0 2 5 
3600 261 0 1 3 4 
3600 262 0 2 4 5 
3600 263 0 1 5 
3600 264 0 2 3 
3600 265 0 1 2 3 
3600 266 0 3 4 5 
3600 267 0 1 2 5 
3600 268 0 2 4 
3600 269 0 1 4 
5400 0 1 2 3 4 5 240 241 242 243 244 245 246 247 248 249 250 251 252 253 254 255 256 257 258 259 260 261 262 263 264 265 266 267 268 269 
5400 1 0 2 3 4 5 6 7 8 17 18 19 20 21 24 25 26 27 28 30 33 35 37 38 39 40 41 42 44 48 50 51 52 53 54 242 243 245 247 250 254 257 259 261 263 265 267 269 
5400 2 0 1 3 4 5 9 10 11 56 57 58 59 60 61 64 65 68 69 70 71 72 74 76 78 80 81 84 85 87 88 90 92 93 95 96 241 244 246 247 248 254 257 260 262 264 265 267 268 
5400 3 0 1 2 4 5 12 97 98 100 101 102 103 104 105 106 107 108 109 110 111 112 113 114 115 116 117 118 119 120 121 123 124 125 126 127 128 129 130 131 132 134 135 136 137 138 139 140 141 142 241 242 244 248 249 253 258 259 261 264 265 266 
5400 4 0 1 2 3 5 29 143 144 145 146 147 148 149 150 151 152 153 154 155 156 157 158 159 160 161 162 163 164 165 166 167 168 169 170 171 172 173 174 175 176 177 178 179 180 181 182 183 184 185 186 187 188 189 202 225 241 243 246 250 252 257 259 261 262 266 268 269 
5400 5 0 1 2 3 4 16 174 190 191 192 193 195 196 197 198 199 200 201 202 203 204 205 206 208 209 210 211 212 213 214 215 216 217 218 219 220 221 222 223 224 227 228 229 230 232 233 235 236 237 238 239 240 244 245 247 251 255 256 260 262 263 266 267 
5400 6 1 7 8 17 18 19 20 21 24 25 26 27 28 30 33 35 37 38 39 40 41 42 44 48 50 51 52 53 54 
5400 7 1 6 8 17 18 19 20 21 24 25 26 27 28 30 33 35 37 38 39 40 41 42 44 48 50 51 52 53 54 
5400 8 1 6 7 17 18 19 20 24 25 26 27 28 30 33 37 41 42 51 54 
5400 9 2 10 59 64 65 74 87 
5400 10 2 9 11 56 57 58 59 60 61 64 65 68 69 70 71 72 74 76 78 80 81 84 85 87 88 90 92 93 95 96 
5400 11 2 10 57 58 60 64 72 74 80 81 
5400 12 3 97 98 100 101 102 103 104 105 106 107 108 109 110 111 112 113 114 115 116 117 118 119 120 121 123 124 125 126 127 128 129 130 131 132 134 135 136 137 138 139 140 141 142 
5400 13 17 18 29 32 39 49 143 145 150 151 152 153 155 156 157 163 168 169 172 179 180 183 184 185 186 188 189 
5400 14 15 29 143 144 145 146 147 148 149 150 151 152 153 154 155 156 157 158 159 160 161 162 163 164 165 166 167 168 169 170 171 172 173 174 175 176 177 178 179 180 181 182 183 184 185 186 187 188 189 202 225 
5400 15 14 152 153 180 183 
5400 16 5 
5400 17 1 6 7 8 13 23 31 43 45 55 
5400 18 1 6 7 8 13 
5400 19 1 6 7 8 
5400 20 1 6 7 8 
5400 21 1 6 7 34 
5400 22 25 
5400 23 17 
5400 24 1 6 7 8 
5400 25 1 6 7 8 22 46 47 
5400 26 1 6 7 8 
5400 27 1 6 7 8 
5400 28 1 6 7 8 
5400 29 4 13 14 
5400 30 1 6 7 8 
5400 31 17 
5400 32 13 
5400 33 1 6 7 8 
5400 34 21 
5400 35 1 6 7 
5400 36 42 
5400 37 1 6 7 8 
5400 38 1 6 7 
5400 39 1 6 7 13 
5400 40 1 6 7 
5400 41 1 6 7 8 
5400 42 1 6 7 8 36 
5400 43 17 
5400 44 1 6 7 
5400 45 17 
5400 46 25 
5400 47 25 
5400 48 1 6 7 
5400 49 13 
5400 50 1 6 7 
5400 51 1 6 7 8 
5400 52 1 6 7 
5400 53 1 6 7 
5400 54 1 6 7 8 
5400 55 17 
5400 56 2 10 82 91 
5400 57 2 10 11 73 83 89 
5400 58 2 10 11 
5400 59 2 9 10 
5400 60 2 10 11 
5400 61 2 10 66 
5400 62 68 
5400 63 78 
5400 64 2 9 10 11 67 79 
5400 65 2 9 10 86 
5400 66 61 75 
5400 67 64 
5400 68 2 10 62 
5400 69 2 10 
5400 70 2 10 
5400 71 2 10 
5400 72 2 10 11 
5400 73 57 
5400 74 2 9 10 11 
5400 75 66 
5400 76 2 10 
5400 77 78 
5400 78 2 10 63 77 
5400 79 64 
5400 80 2 10 11 
5400 81 2 10 11 
5400 82 56 
5400 83 57 
5400 84 2 10 
5400 85 2 10 
5400 86 65 
5400 87 2 9 10 94 
5400 88 2 10 
5400 89 57 
5400 90 2 10 
5400 91 56 
5400 92 2 10 
5400 93 2 10 
5400 94 87 
5400 95 2 10 
5400 96 2 10 
5400 97 3 12 
5400 98 3 12 
5400 99 132 
5400 100 3 12 
5400 101 3 12 
5400 102 3 12 
5400 103 3 12 
5400 104 3 12 
5400 105 3 12 
5400 106 3 12 
5400 107 3 12 
5400 108 3 12 
5400 109 3 12 
5400 110 3 12 
5400 111 3 12 
5400 112 3 12 
5400 113 3 12 
5400 114 3 12 
5400 115 3 12 
5400 116 3 12 
5400 117 3 12 
5400 118 3 12 
5400 119 3 12 
5400 120 3 12 
5400 121 3 12 
5400 122 131 
5400 123 3 12 
5400 124 3 12 
5400 125 3 12 
5400 126 3 12 
5400 127 3 12 
5400 128 3 12 
5400 129 3 12 
5400 130 3 12 
5400 131 3 12 122 
5400 132 3 12 99 
5400 133 134 
5400 134 3 12 133 
5400 135 3 12 
5400 136 3 12 
5400 137 3 12 
5400 138 3 12 
5400 139 3 12 
5400 140 3 12 
5400 141 3 12 
5400 142 3 12 
5400 143 4 13 14 
5400 144 4 14 
5400 145 4 13 14 
5400 146 4 14 
5400 147 4 14 194 207 231 234 
5400 148 4 14 
5400 149 4 14 
5400 150 4 13 14 
5400 151 4 13 14 
5400 152 4 13 14 15 
5400 153 4 13 14 15 
5400 154 4 14 
5400 155 4 13 14 
5400 156 4 13 14 
5400 157 4 13 14 
5400 158 4 14 
5400 159 4 14 
5400 160 4 14 
5400 161 4 14 
5400 162 4 14 
5400 163 4 13 14 
5400 164 4 14 
5400 165 4 14 
5400 166 4 14 
5400 167 4 14 
5400 168 4 13 14 
5400 169 4 13 14 
5400 170 4 14 
5400 171 4 14 
5400 172 4 13 14 
5400 173 4 14 
5400 174 4 5 14 
5400 175 4 14 
5400 176 4 14 
5400 177 4 14 
5400 178 4 14 
5400 179 4 13 14 
5400 180 4 13 14 15 
5400 181 4 14 
5400 182 4 14 
5400 183 4 13 14 15 
5400 184 4 13 14 
5400 185 4 13 14 
5400 186 4 13 14 
5400 187 4 14 
5400 188 4 13 14 
5400 189 4 13 14 
5400 190 5 
5400 191 5 
5400 192 5 
5400 193 5 
5400 194 147 
5400 195 5 226 
5400 196 5 
5400 197 5 
5400 198 5 
5400 199 5 
5400 200 5 
5400 201 5 
5400 202 4 5 14 
5400 203 5 
5400 204 5 
5400 205 5 
5400 206 5 
5400 207 147 
5400 208 5 
5400 209 5 
5400 210 5 
5400 211 5 
5400 212 5 
5400 213 5 
5400 214 5 
5400 215 5 
5400 216 5 
5400 217 5 
5400 218 5 
5400 219 5 
5400 220 5 
5400 221 5 
5400 222 5 
5400 223 5 
5400 224 5 
5400 225 4 14 
5400 226 195 
5400 227 5 
5400 228 5 
5400 229 5 
5400 230 5 
5400 231 147 
5400 232 5 
5400 233 5 
5400 234 147 
5400 235 5 
5400 236 5 
5400 237 5 
5400 238 5 
5400 239 5 
5400 240 0 5 
5400 241 0 2 3 4 
5400 242 0 1 3 
5400 243 0 1 4 
5400 244 0 2 3 5 
5400 245 0 1 5 
5400 246 0 2 4 
5400 247 0 1 2 5 
5400 248 0 2 3 
5400 249 0 3 
5400 250 0 1 4 
5400 251 0 5 
5400 252 0 4 
5400 253 0 3 
5400 254 0 1 2 
5400 255 0 5 
5400 256 0 5 
5400 257 0 1 2 4 
5400 258 0 3 
5400 259 0 1 3 4 
5400 260 0 2 5 
5400 261 0 1 3 4 
5400 262 0 2 4 5 
5400 263 0 1 5 
5400 264 0 2 3 
5400 265 0 1 2 3 
5400 266 0 3 4 5 
5400 267 0 1 2 5 
5400 268 0 2 4 
5400 269 0 1 4 
7200 0 1 2 3 4 5 240 241 242 243 244 245 246 247 248 249 250 251 252 253 254 255 256 257 258 259 260 261 262 263 264 265 266 267 268 269 
7200 1 0 2 3 4 5 6 7 8 17 18 19 20 21 24 25 27 28 30 33 35 37 38 39 40 41 42 44 48 50 51 53 54 242 243 245 247 250 254 257 259 261 263 265 267 269 
7200 2 0 1 3 4 5 9 10 11 56 57 58 59 60 61 64 65 68 69 70 71 72 74 76 80 81 84 85 87 88 89 90 92 93 95 96 241 244 246 247 248 254 257 260 262 264 265 267 268 
7200 3 0 1 2 4 5 12 97 98 100 101 102 103 104 105 106 107 108 109 110 111 112 113 114 115 116 117 118 119 120 121 123 124 125 126 127 128 129 130 131 132 134 135 136 137 138 139 140 141 142 241 242 244 248 249 253 258 259 261 264 265 266 
7200 4 0 1 2 3 5 143 144 145 146 147 148 149 150 151 152 153 154 155 156 157 158 159 160 161 162 163 164 165 167 168 169 170 171 172 173 175 176 177 178 179 180 181 182 183 184 185 186 187 188 189 225 241 243 246 250 252 257 259 261 262 266 268 269 
7200 5 0 1 2 3 4 16 174 190 191 192 193 195 196 197 198 199 201 202 203 204 205 206 208 209 210 211 212 213 214 215 216 217 218 219 220 221 222 223 224 227 228 229 230 233 234 235 236 237 238 239 240 244 245 247 251 255 256 260 262 263 266 267 
7200 6 1 7 8 17 18 19 20 21 24 25 27 28 30 33 35 37 38 39 40 41 42 44 48 50 51 53 54 
7200 7 1 6 8 17 18 19 20 21 24 25 27 28 30 33 35 37 38 39 40 41 42 44 48 50 51 53 54 
7200 8 1 6 7 17 18 19 20 24 25 27 28 30 33 37 41 42 51 54 
7200 9 2 10 59 64 65 74 87 
7200 10 2 9 11 56 57 58 59 60 61 64 65 68 69 70 71 72 74 76 80 81 84 85 87 88 89 90 92 93 95 96 
7200 11 2 10 57 58 60 64 72 74 80 81 
7200 12 3 97 98 100 101 102 103 104 105 106 107 108 109 110 111 112 113 114 115 116 117 118 119 120 121 123 124 125 126 127 128 129 130 131 132 134 135 136 137 138 139 140 141 142 
7200 13 24 29 32 33 39 49 143 145 150 151 152 153 155 157 163 168 169 172 178 179 180 184 186 188 189 225 
7200 14 15 143 144 145 146 147 148 149 150 151 152 153 154 155 156 157 158 159 160 161 162 163 164 165 167 168 169 170 171 172 173 175 176 177 178 179 180 181 182 183 184 185 186 187 188 189 225 
7200 15 14 152 153 180 183 
7200 16 5 
7200 17 1 6 7 8 23 31 43 
7200 18 1 6 7 8 26 34 45 47 55 
7200 19 1 6 7 8 22 52 
7200 20 1 6 7 8 
7200 21 1 6 7 
7200 22 19 
7200 23 17 
7200 24 1 6 7 8 13 
7200 25 1 6 7 8 46 
7200 26 18 
7200 27 1 6 7 8 
7200 28 1 6 7 8 
7200 29 13 
7200 30 1 6 7 8 
7200 31 17 
7200 32 13 
7200 33 1 6 7 8 13 
7200 34 18 
7200 35 1 6 7 
7200 36 42 
7200 37 1 6 7 8 
7200 38 1 6 7 
7200 39 1 6 7 13 
7200 40 1 6 7 
7200 41 1 6 7 8 
7200 42 1 6 7 8 36 
7200 43 17 
7200 44 1 6 7 
7200 45 18 
7200 46 25 
7200 47 18 
7200 48 1 6 7 
7200 49 13 
7200 50 1 6 7 
7200 51 1 6 7 8 
7200 52 19 
7200 53 1 6 7 
7200 54 1 6 7 8 
7200 55 18 
7200 56 2 10 82 91 
7200 57 2 10 11 67 73 78 83 
7200 58 2 10 11 
7200 59 2 9 10 
7200 60 2 10 11 
7200 61 2 10 
7200 62 68 
7200 63 70 
7200 64 2 9 10 11 79 
7200 65 2 9 10 86 
7200 66 88 
7200 67 57 
7200 68 2 10 62 
7200 69 2 10 
7200 70 2 10 63 77 94 
7200 71 2 10 
7200 72 2 10 11 
7200 73 57 
7200 74 2 9 10 11 
7200 75 
7200 76 2 10 
7200 77 70 
7200 78 57 
7200 79 64 
7200 80 2 10 11 
7200 81 2 10 11 
7200 82 56 
7200 83 57 
7200 84 2 10 
7200 85 2 10 
7200 86 65 
7200 87 2 9 10 
7200 88 2 10 66 
7200 89 2 10 
7200 90 2 10 
7200 91 56 
7200 92 2 10 
7200 93 2 10 
7200 94 70 
7200 95 2 10 
7200 96 2 10 
7200 97 3 12 
7200 98 3 12 
7200 99 136 
7200 100 3 12 
7200 101 3 12 
7200 102 3 12 
7200 103 3 12 
7200 104 3 12 
7200 105 3 12 
7200 106 3 12 
7200 107 3 12 
7200 108 3 12 
7200 109 3 12 
7200 110 3 12 
7200 111 3 12 
7200 112 3 12 
7200 113 3 12 
7200 114 3 12 
7200 115 3 12 
7200 116 3 12 
7200 117 3 12 
7200 118 3 12 
7200 119 3 12 
7200 120 3 12 
7200 121 3 12 
7200 122 131 
7200 123 3 12 
7200 124 3 12 
7200 125 3 12 
7200 126 3 12 
7200 127 3 12 
7200 128 3 12 
7200 129 3 12 133 
7200 130 3 12 
7200 131 3 12 122 
7200 132 3 12 
7200 133 129 
7200 134 3 12 
7200 135 3 12 
7200 136 3 12 99 
7200 137 3 12 
7200 138 3 12 
7200 139 3 12 
7200 140 3 12 
7200 141 3 12 
7200 142 3 12 
7200 143 4 13 14 
7200 144 4 14 166 
7200 145 4 13 14 
7200 146 4 14 
7200 147 4 14 194 207 231 
7200 148 4 14 
7200 149 4 14 
7200 150 4 13 14 
7200 151 4 13 14 
7200 152 4 13 14 15 
7200 153 4 13 14 15 
7200 154 4 14 200 
7200 155 4 13 14 
7200 156 4 14 
7200 157 4 13 14 
7200 158 4 14 
7200 159 4 14 
7200 160 4 14 
7200 161 4 14 
7200 162 4 14 
7200 163 4 13 14 
7200 164 4 14 
7200 165 4 14 
7200 166 144 
7200 167 4 14 
7200 168 4 13 14 
7200 169 4 13 14 
7200 170 4 14 
7200 171 4 14 
7200 172 4 13 14 
7200 173 4 14 
7200 174 5 
7200 175 4 14 
7200 176 4 14 
7200 177 4 14 
7200 178 4 13 14 
7200 179 4 13 14 
7200 180 4 13 14 15 
7200 181 4 14 
7200 182 4 14 
7200 183 4 14 15 
7200 184 4 13 14 
7200 185 4 14 
7200 186 4 13 14 
7200 187 4 14 
7200 188 4 13 14 
7200 189 4 13 14 
7200 190 5 
7200 191 5 
7200 192 5 
7200 193 5 
7200 194 147 
7200 195 5 226 
7200 196 5 232 
7200 197 5 
7200 198 5 
7200 199 5 
7200 200 154 
7200 201 5 
7200 202 5 
7200 203 5 
7200 204 5 
7200 205 5 
7200 206 5 
7200 207 147 
7200 208 5 
7200 209 5 
7200 210 5 
7200 211 5 
7200 212 5 
7200 213 5 
7200 214 5 
7200 215 5 
7200 216 5 
7200 217 5 
7200 218 5 
7200 219 5 
7200 220 5 
7200 221 5 
7200 222 5 
7200 223 5 
7200 224 5 
7200 225 4 13 14 
7200 226 195 
7200 227 5 
7200 228 5 
7200 229 5 
7200 230 5 
7200 231 147 
7200 232 196 
7200 233 5 
7200 234 5 
7200 235 5 
7200 236 5 
7200 237 5 
7200 238 5 
7200 239 5 
7200 240 0 5 
7200 241 0 2 3 4 
7200 242 0 1 3 
7200 243 0 1 4 
7200 244 0 2 3 5 
7200 245 0 1 5 
7200 246 0 2 4 
7200 247 0 1 2 5 
7200 248 0 2 3 
7200 249 0 3 
7200 250 0 1 4 
7200 251 0 5 
7200 252 0 4 
7200 253 0 3 
7200 254 0 1 2 
7200 255 0 5 
7200 256 0 5 
7200 257 0 1 2 4 
7200 258 0 3 
7200 259 0 1 3 4 
7200 260 0 2 5 
7200 261 0 1 3 4 
7200 262 0 2 4 5 
7200 263 0 1 5 
7200 264 0 2 3 
7200 265 0 1 2 3 
7200 266 0 3 4 5 
7200 267 0 1 2 5 
7200 268 0 2 4 
7200 269 0 1 4 
9000 0 1 2 3 4 5 240 241 242 243 244 245 246 247 248 249 250 251 252 253 254 255 256 257 258 259 260 261 262 263 264 265 266 267 268 269 
9000 1 0 2 3 4 5 6 7 8 17 18 19 20 21 24 25 27 28 30 33 35 37 38 39 40 41 42 44 48 50 51 52 53 54 242 243 245 247 250 254 257 259 261 263 265 267 269 
9000 2 0 1 3 4 5 9 10 11 56 57 58 59 60 61 64 65 67 68 69 70 71 72 74 76 80 81 84 85 87 88 89 90 92 93 94 95 96 241 244 246 247 248 254 257 260 262 264 265 267 268 
9000 3 0 1 2 4 5 12 97 98 100 101 102 103 104 105 106 107 108 109 110 111 112 113 114 115 116 117 118 119 120 121 123 124 125 126 127 128 129 130 131 132 134 135 136 137 138 139 140 141 142 241 242 244 248 249 253 258 259 261 264 265 266 
9000 4 0 1 2 3 5 143 144 145 146 147 148 149 150 151 152 153 154 155 156 157 158 159 160 161 162 163 164 165 167 168 169 170 171 172 173 175 176 177 178 179 180 181 182 183 184 185 186 187 188 189 211 225 241 243 246 250 252 257 259 261 262 266 268 269 
9000 5 0 1 2 3 4 16 148 174 190 191 192 193 195 196 198 199 201 202 203 204 205 206 208 209 210 211 212 213 214 215 216 217 218 219 220 221 222 223 224 225 226 227 228 229 230 233 235 236 237 238 239 240 244 245 247 251 255 256 260 262 263 266 267 
9000 6 1 7 8 17 18 19 20 21 24 25 27 28 30 33 35 37 38 39 40 41 42 44 48 50 51 52 53 54 
9000 7 1 6 8 17 18 19 20 21 24 25 27 28 30 33 35 37 38 39 40 41 42 44 48 50 51 52 53 54 
9000 8 1 6 7 17 18 19 20 24 25 27 28 30 33 37 41 42 51 54 
9000 9 2 10 59 64 65 74 87 
9000 10 2 9 11 56 57 58 59 60 61 64 65 67 68 69 70 71 72 74 76 80 81 84 85 87 88 89 90 92 93 94 95 96 
9000 11 2 10 57 58 60 64 72 74 80 81 
9000 12 3 97 98 100 101 102 103 104 105 106 107 108 109 110 111 112 113 114 115 116 117 118 119 120 121 123 124 125 126 127 128 129 130 131 132 134 135 136 137 138 139 140 141 142 
9000 13 29 32 39 49 55 143 145 150 151 152 153 155 157 161 163 168 169 172 179 180 184 185 186 188 189 
9000 14 15 143 144 145 146 147 148 149 150 151 152 153 154 155 156 157 158 159 160 161 162 163 164 165 167 168 169 170 171 172 173 175 176 177 178 179 180 181 182 183 184 185 186 187 188 189 211 225 
9000 15 14 152 153 180 183 
9000 16 5 
9000 17 1 6 7 8 31 43 
9000 18 1 6 7 8 
9000 19 1 6 7 8 
9000 20 1 6 7 8 
9000 21 1 6 7 34 
9000 22 42 
9000 23 40 
9000 24 1 6 7 8 
9000 25 1 6 7 8 26 47 
9000 26 25 
9000 27 1 6 7 8 45 46 
9000 28 1 6 7 8 
9000 29 13 
9000 30 1 6 7 8 
9000 31 17 
9000 32 13 
9000 33 1 6 7 8 
9000 34 21 
9000 35 1 6 7 
9000 36 42 
9000 37 1 6 7 8 
9000 38 1 6 7 
9000 39 1 6 7 13 
9000 40 1 6 7 23 
9000 41 1 6 7 8 
9000 42 1 6 7 8 22 36 
9000 43 17 
9000 44 1 6 7 
9000 45 27 
9000 46 27 
9000 47 25 
9000 48 1 6 7 
9000 49 13 
9000 50 1 6 7 
9000 51 1 6 7 8 
9000 52 1 6 7 
9000 53 1 6 7 
9000 54 1 6 7 8 
9000 55 13 
9000 56 2 10 82 91 
9000 57 2 10 11 62 66 73 83 
9000 58 2 10 11 
9000 59 2 9 10 63 78 
9000 60 2 10 11 
9000 61 2 10 
9000 62 57 
9000 63 59 
9000 64 2 9 10 11 79 
9000 65 2 9 10 75 86 
9000 66 57 
9000 67 2 10 
9000 68 2 10 
9000 69 2 10 
9000 70 2 10 
9000 71 2 10 
9000 72 2 10 11 
9000 73 57 
9000 74 2 9 10 11 
9000 75 65 
9000 76 2 10 
9000 77 94 
9000 78 59 
9000 79 64 
9000 80 2 10 11 
9000 81 2 10 11 
9000 82 56 
9000 83 57 
9000 84 2 10 
9000 85 2 10 
9000 86 65 
9000 87 2 9 10 
9000 88 2 10 
9000 89 2 10 
9000 90 2 10 
9000 91 56 
9000 92 2 10 
9000 93 2 10 
9000 94 2 10 77 
9000 95 2 10 
9000 96 2 10 
9000 97 3 12 
9000 98 3 12 
9000 99 136 
9000 100 3 12 
9000 101 3 12 
9000 102 3 12 
9000 103 3 12 
9000 104 3 12 
9000 105 3 12 
9000 106 3 12 
9000 107 3 12 
9000 108 3 12 
9000 109 3 12 
9000 110 3 12 
9000 111 3 12 
9000 112 3 12 
9000 113 3 12 
9000 114 3 12 
9000 115 3 12 
9000 116 3 12 
9000 117 3 12 
9000 118 3 12 
9000 119 3 12 
9000 120 3 12 
9000 121 3 12 
9000 122 131 
9000 123 3 12 
9000 124 3 12 
9000 125 3 12 
9000 126 3 12 
9000 127 3 12 
9000 128 3 12 
9000 129 3 12 133 
9000 130 3 12 
9000 131 3 12 122 
9000 132 3 12 
9000 133 129 
9000 134 3 12 
9000 135 3 12 
9000 136 3 12 99 
9000 137 3 12 
9000 138 3 12 
9000 139 3 12 
9000 140 3 12 
9000 141 3 12 
9000 142 3 12 
9000 143 4 13 14 
9000 144 4 14 
9000 145 4 13 14 
9000 146 4 14 
9000 147 4 14 194 207 231 234 
9000 148 4 5 14 197 
9000 149 4 14 200 
9000 150 4 13 14 
9000 151 4 13 14 
9000 152 4 13 14 15 
9000 153 4 13 14 15 166 
9000 154 4 14 
9000 155 4 13 14 
9000 156 4 14 
9000 157 4 13 14 
9000 158 4 14 
9000 159 4 14 
9000 160 4 14 
9000 161 4 13 14 
9000 162 4 14 
9000 163 4 13 14 
9000 164 4 14 
9000 165 4 14 
9000 166 153 
9000 167 4 14 
9000 168 4 13 14 
9000 169 4 13 14 
9000 170 4 14 
9000 171 4 14 
9000 172 4 13 14 
9000 173 4 14 
9000 174 5 
9000 175 4 14 
9000 176 4 14 
9000 177 4 14 
9000 178 4 14 
9000 179 4 13 14 
9000 180 4 13 14 15 
9000 181 4 14 
9000 182 4 14 
9000 183 4 14 15 
9000 184 4 13 14 
9000 185 4 13 14 
9000 186 4 13 14 
9000 187 4 14 
9000 188 4 13 14 
9000 189 4 13 14 
9000 190 5 232 
9000 191 5 
9000 192 5 
9000 193 5 
9000 194 147 
9000 195 5 
9000 196 5 
9000 197 148 
9000 198 5 
9000 199 5 
9000 200 149 
9000 201 5 
9000 202 5 
9000 203 5 
9000 204 5 
9000 205 5 
9000 206 5 
9000 207 147 
9000 208 5 
9000 209 5 
9000 210 5 
9000 211 4 5 14 
9000 212 5 
9000 213 5 
9000 214 5 
9000 215 5 
9000 216 5 
9000 217 5 
9000 218 5 
9000 219 5 
9000 220 5 
9000 221 5 
9000 222 5 
9000 223 5 
9000 224 5 
9000 225 4 5 14 
9000 226 5 
9000 227 5 
9000 228 5 
9000 229 5 
9000 230 5 
9000 231 147 
9000 232 190 
9000 233 5 
9000 234 147 
9000 235 5 
9000 236 5 
9000 237 5 
9000 238 5 
9000 239 5 
9000 240 0 5 
9000 241 0 2 3 4 
9000 242 0 1 3 
9000 243 0 1 4 
9000 244 0 2 3 5 
9000 245 0 1 5 
9000 246 0 2 4 
9000 247 0 1 2 5 
9000 248 0 2 3 
9000 249 0 3 
9000 250 0 1 4 
9000 251 0 5 
9000 252 0 4 
9000 253 0 3 
9000 254 0 1 2 
9000 255 0 5 
9000 256 0 5 
9000 257 0 1 2 4 
9000 258 0 3 
9000 259 0 1 3 4 
9000 260 0 2 5 
9000 261 0 1 3 4 
9000 262 0 2 4 5 
9000 263 0 1 5 
9000 264 0 2 3 
9000 265 0 1 2 3 
9000 266 0 3 4 5 
9000 267 0 1 2 5 
9000 268 0 2 4 
9000 269 0 1 4 
10800 0 1 2 3 4 5 240 241 242 243 244 245 246 247 248 249 250 251 252 253 254 255 256 257 258 259 260 261 262 263 264 265 266 267 268 269 
10800 1 0 2 3 4 5 6 7 8 17 18 19 20 21 24 25 27 28 30 33 35 37 38 39 40 41 42 44 48 50 51 52 53 54 242 243 245 247 250 254 257 259 261 263 265 267 269 
10800 2 0 1 3 4 5 9 10 11 56 57 58 59 60 61 64 65 68 69 70 71 72 74 75 76 80 81 84 85 87 88 89 90 92 93 95 241 244 246 247 248 254 257 260 262 264 265 267 268 
10800 3 0 1 2 4 5 12 97 98 100 101 102 103 104 105 106 107 108 109 110 111 112 113 114 115 116 117 118 119 120 121 123 124 125 126 127 128 129 130 131 132 134 135 136 137 138 139 140 141 142 241 242 244 248 249 253 258 259 261 264 265 266 
10800 4 0 1 2 3 5 143 144 145 146 147 148 149 150 151 152 153 154 155 156 157 158 159 160 161 162 163 164 165 167 168 169 170 171 172 173 175 176 177 178 179 180 181 182 183 184 185 186 187 188 189 193 225 241 243 246 250 252 257 259 261 262 266 268 269 
10800 5 0 1 2 3 4 16 150 174 190 191 192 193 194 195 196 198 199 201 202 203 204 205 206 208 209 210 211 212 213 214 215 216 217 218 219 220 221 222 223 224 227 228 229 230 232 233 235 236 237 238 239 240 244 245 247 251 255 256 260 262 263 266 267 
10800 6 1 7 8 17 18 19 20 21 24 25 27 28 30 33 35 37 38 39 40 41 42 44 48 50 51 52 53 54 
10800 7 1 6 8 17 18 19 20 21 24 25 27 28 30 33 35 37 38 39 40 41 42 44 48 50 51 52 53 54 
10800 8 1 6 7 17 18 19 20 24 25 27 28 30 33 37 41 42 51 54 
10800 9 2 10 59 64 65 74 75 87 
10800 10 2 9 11 56 57 58 59 60 61 64 65 68 69 70 71 72 74 75 76 80 81 84 85 87 88 89 90 92 93 95 
10800 11 2 10 57 58 60 64 72 74 75 80 81 
10800 12 3 97 98 100 101 102 103 104 105 106 107 108 109 110 111 112 113 114 115 116 117 118 119 120 121 123 124 125 126 127 128 129 130 131 132 134 135 136 137 138 139 140 141 142 
10800 13 29 32 36 39 49 143 144 145 150 151 152 153 155 157 163 165 168 169 172 175 179 180 184 186 188 189 
10800 14 15 143 144 145 146 147 148 149 150 151 152 153 154 155 156 157 158 159 160 161 162 163 164 165 167 168 169 170 171 172 173 175 176 177 178 179 180 181 182 183 184 185 186 187 188 189 193 225 
10800 15 14 152 153 180 183 
10800 16 5 
10800 17 1 6 7 8 31 43 
10800 18 1 6 7 8 26 45 47 
10800 19 1 6 7 8 
10800 20 1 6 7 8 
10800 21 1 6 7 34 
10800 22 25 
10800 23 40 
10800 24 1 6 7 8 55 
10800 25 1 6 7 8 22 46 
10800 26 18 
10800 27 1 6 7 8 
10800 28 1 6 7 8 
10800 29 13 
10800 30 1 6 7 8 
10800 31 17 
10800 32 13 
10800 33 1 6 7 8 
10800 34 21 
10800 35 1 6 7 
10800 36 13 
10800 37 1 6 7 8 
10800 38 1 6 7 
10800 39 1 6 7 13 
10800 40 1 6 7 23 
10800 41 1 6 7 8 
10800 42 1 6 7 8 
10800 43 17 
10800 44 1 6 7 
10800 45 18 
10800 46 25 
10800 47 18 
10800 48 1 6 7 
10800 49 13 
10800 50 1 6 7 
10800 51 1 6 7 8 
10800 52 1 6 7 
10800 53 1 6 7 
10800 54 1 6 7 8 
10800 55 24 
10800 56 2 10 73 83 91 
10800 57 2 10 11 78 
10800 58 2 10 11 
10800 59 2 9 10 
10800 60 2 10 11 67 96 
10800 61 2 10 
10800 62 68 
10800 63 73 
10800 64 2 9 10 11 79 
10800 65 2 9 10 86 
10800 66 75 
10800 67 60 
10800 68 2 10 62 82 
10800 69 2 10 
10800 70 2 10 
10800 71 2 10 
10800 72 2 10 11 
10800 73 56 63 
10800 74 2 9 10 11 
10800 75 2 9 10 11 66 
10800 76 2 10 
10800 77 78 
10800 78 57 77 
10800 79 64 
10800 80 2 10 11 
10800 81 2 10 11 94 
10800 82 68 
10800 83 56 
10800 84 2 10 
10800 85 2 10 
10800 86 65 
10800 87 2 9 10 
10800 88 2 10 
10800 89 2 10 
10800 90 2 10 
10800 91 56 
10800 92 2 10 
10800 93 2 10 
10800 94 81 
10800 95 2 10 
10800 96 60 
10800 97 3 12 
10800 98 3 12 
10800 99 132 
10800 100 3 12 
10800 101 3 12 
10800 102 3 12 
10800 103 3 12 
10800 104 3 12 
10800 105 3 12 
10800 106 3 12 
10800 107 3 12 
10800 108 3 12 
10800 109 3 12 
10800 110 3 12 
10800 111 3 12 
10800 112 3 12 
10800 113 3 12 
10800 114 3 12 
10800 115 3 12 
10800 116 3 12 
10800 117 3 12 
10800 118 3 12 
10800 119 3 12 
10800 120 3 12 
10800 121 3 12 
10800 122 131 
10800 123 3 12 
10800 124 3 12 
10800 125 3 12 
10800 126 3 12 
10800 127 3 12 
10800 128 3 12 
10800 129 3 12 133 
10800 130 3 12 
10800 131 3 12 122 
10800 132 3 12 99 
10800 133 129 
10800 134 3 12 
10800 135 3 12 
10800 136 3 12 
10800 137 3 12 
10800 138 3 12 
10800 139 3 12 
10800 140 3 12 
10800 141 3 12 
10800 142 3 12 
10800 143 4 13 14 
10800 144 4 13 14 
10800 145 4 13 14 
10800 146 4 14 
10800 147 4 14 207 231 234 
10800 148 4 14 166 
10800 149 4 14 
10800 150 4 5 13 14 200 
10800 151 4 13 14 
10800 152 4 13 14 15 
10800 153 4 13 14 15 
10800 154 4 14 
10800 155 4 13 14 
10800 156 4 14 
10800 157 4 13 14 
10800 158 4 14 
10800 159 4 14 
10800 160 4 14 
10800 161 4 14 
10800 162 4 14 
10800 163 4 13 14 
10800 164 4 14 
10800 165 4 13 14 
10800 166 148 
10800 167 4 14 
10800 168 4 13 14 
10800 169 4 13 14 
10800 170 4 14 
10800 171 4 14 
10800 172 4 13 14 
10800 173 4 14 
10800 174 5 
10800 175 4 13 14 
10800 176 4 14 
10800 177 4 14 
10800 178 4 14 
10800 179 4 13 14 
10800 180 4 13 14 15 
10800 181 4 14 
10800 182 4 14 
10800 183 4 14 15 
10800 184 4 13 14 
10800 185 4 14 
10800 186 4 13 14 
10800 187 4 14 
10800 188 4 13 14 
10800 189 4 13 14 
10800 190 5 
10800 191 5 
10800 192 5 197 
10800 193 4 5 14 
10800 194 5 
10800 195 5 226 
10800 196 5 
10800 197 192 
10800 198 5 
10800 199 5 
10800 200 150 
10800 201 5 
10800 202 5 
10800 203 5 
10800 204 5 
10800 205 5 
10800 206 5 
10800 207 147 
10800 208 5 
10800 209 5 
10800 210 5 
10800 211 5 
10800 212 5 
10800 213 5 
10800 214 5 
10800 215 5 
10800 216 5 
10800 217 5 
10800 218 5 
10800 219 5 
10800 220 5 
10800 221 5 
10800 222 5 
10800 223 5 
10800 224 5 
10800 225 4 14 
10800 226 195 
10800 227 5 
10800 228 5 
10800 229 5 
10800 230 5 
10800 231 147 
10800 232 5 
10800 233 5 
10800 234 147 
10800 235 5 
10800 236 5 
10800 237 5 
10800 238 5 
10800 239 5 
10800 240 0 5 
10800 241 0 2 3 4 
10800 242 0 1 3 
10800 243 0 1 4 
10800 244 0 2 3 5 
10800 245 0 1 5 
10800 246 0 2 4 
10800 247 0 1 2 5 
10800 248 0 2 3 
10800 249 0 3 
10800 250 0 1 4 
10800 251 0 5 
10800 252 0 4 
10800 253 0 3 
10800 254 0 1 2 
10800 255 0 5 
10800 256 0 5 
10800 257 0 1 2 4 
10800 258 0 3 
10800 259 0 1 3 4 
10800 260 0 2 5 
10800 261 0 1 3 4 
10800 262 0 2 4 5 
10800 263 0 1 5 
10800 264 0 2 3 
10800 265 0 1 2 3 
10800 266 0 3 4 5 
10800 267 0 1 2 5 
10800 268 0 2 4 
10800 269 0 1 4 
12600 0 1 2 3 4 5 240 241 242 243 244 245 246 247 248 249 250 251 252 253 254 255 256 257 258 259 260 261 262 263 264 265 266 267 268 269 
12600 1 0 2 3 4 5 6 7 8 17 18 19 20 21 24 25 27 28 30 33 35 37 38 39 40 41 42 44 48 50 51 52 53 54 242 243 245 247 250 254 257 259 261 263 265 267 269 
12600 2 0 1 3 4 5 9 10 11 56 57 58 59 60 61 64 65 68 69 70 71 72 74 76 80 81 84 85 87 88 89 90 92 93 95 96 241 244 246 247 248 254 257 260 262 264 265 267 268 
12600 3 0 1 2 4 5 12 97 98 100 101 102 103 104 105 106 107 108 109 110 111 112 113 114 115 116 117 118 119 120 121 123 124 125 126 127 128 129 130 131 132 134 135 136 137 138 139 140 141 142 241 242 244 248 249 253 258 259 261 264 265 266 
12600 4 0 1 2 3 5 23 143 144 145 146 147 148 149 150 151 152 153 154 155 156 157 158 159 160 161 162 163 164 165 167 168 169 170 171 172 173 175 176 177 178 179 180 181 182 183 184 185 186 187 188 189 200 225 234 241 243 246 250 252 257 259 261 262 266 268 269 
12600 5 0 1 2 3 4 16 162 174 190 191 192 193 195 196 198 199 201 202 203 204 205 206 208 209 210 211 212 213 214 215 216 217 218 219 220 221 222 223 224 225 227 228 229 230 233 235 236 237 238 239 240 244 245 247 251 255 256 260 262 263 266 267 
12600 6 1 7 8 17 18 19 20 21 24 25 27 28 30 33 35 37 38 39 40 41 42 44 48 50 51 52 53 54 
12600 7 1 6 8 17 18 19 20 21 24 25 27 28 30 33 35 37 38 39 40 41 42 44 48 50 51 52 53 54 
12600 8 1 6 7 17 18 19 20 24 25 27 28 30 33 37 41 42 51 54 
12600 9 2 10 59 64 65 74 87 
12600 10 2 9 11 56 57 58 59 60 61 64 65 68 69 70 71 72 74 76 80 81 84 85 87 88 89 90 92 93 95 96 
12600 11 2 10 57 58 60 64 72 74 80 81 
12600 12 3 97 98 100 101 102 103 104 105 106 107 108 109 110 111 112 113 114 115 116 117 118 119 120 121 123 124 125 126 127 128 129 130 131 132 134 135 136 137 138 139 140 141 142 
12600 13 23 29 32 33 39 49 143 145 150 151 152 153 155 157 163 168 169 171 172 179 180 184 186 188 189 
12600 14 15 23 143 144 145 146 147 148 149 150 151 152 153 154 155 156 157 158 159 160 161 162 163 164 165 167 168 169 170 171 172 173 175 176 177 178 179 180 181 182 183 184 185 186 187 188 189 200 225 234 
12600 15 14 152 153 180 183 234 
12600 16 5 
12600 17 1 6 7 8 31 43 
12600 18 1 6 7 8 
12600 19 1 6 7 8 
12600 20 1 6 7 8 
12600 21 1 6 7 34 
12600 22 24 
12600 23 4 13 14 
12600 24 1 6 7 8 22 46 
12600 25 1 6 7 8 26 47 
12600 26 25 
12600 27 1 6 7 8 45 
12600 28 1 6 7 8 
12600 29 13 
12600 30 1 6 7 8 
12600 31 17 
12600 32 13 
12600 33 1 6 7 8 13 55 
12600 34 21 
12600 35 1 6 7 
12600 36 37 
12600 37 1 6 7 8 36 
12600 38 1 6 7 
12600 39 1 6 7 13 
12600 40 1 6 7 
12600 41 1 6 7 8 
12600 42 1 6 7 8 
12600 43 17 
12600 44 1 6 7 
12600 45 27 
12600 46 24 
12600 47 25 
12600 48 1 6 7 
12600 49 13 
12600 50 1 6 7 
12600 51 1 6 7 8 
12600 52 1 6 7 
12600 53 1 6 7 
12600 54 1 6 7 8 
12600 55 33 
12600 56 2 10 73 82 83 
12600 57 2 10 11 
12600 58 2 10 11 
12600 59 2 9 10 91 
12600 60 2 10 11 
12600 61 2 10 62 66 
12600 62 61 
12600 63 81 
12600 64 2 9 10 11 78 79 
12600 65 2 9 10 86 
12600 66 61 
12600 67 80 
12600 68 2 10 77 
12600 69 2 10 
12600 70 2 10 
12600 71 2 10 
12600 72 2 10 11 
12600 73 56 
12600 74 2 9 10 11 
12600 75 91 
12600 76 2 10 
12600 77 68 
12600 78 64 
12600 79 64 
12600 80 2 10 11 67 
12600 81 2 10 11 63 94 
12600 82 56 
12600 83 56 
12600 84 2 10 
12600 85 2 10 
12600 86 65 
12600 87 2 9 10 
12600 88 2 10 
12600 89 2 10 
12600 90 2 10 
12600 91 59 75 
12600 92 2 10 
12600 93 2 10 
12600 94 81 
12600 95 2 10 
12600 96 2 10 
12600 97 3 12 
12600 98 3 12 
12600 99 132 
12600 100 3 12 
12600 101 3 12 
12600 102 3 12 
12600 103 3 12 
12600 104 3 12 
12600 105 3 12 
12600 106 3 12 
12600 107 3 12 
12600 108 3 12 
12600 109 3 12 
12600 110 3 12 
12600 111 3 12 
12600 112 3 12 
12600 113 3 12 
12600 114 3 12 
12600 115 3 12 
12600 116 3 12 
12600 117 3 12 
12600 118 3 12 
12600 119 3 12 
12600 120 3 12 
12600 121 3 12 
12600 122 131 
12600 123 3 12 
12600 124 3 12 
12600 125 3 12 
12600 126 3 12 
12600 127 3 12 
12600 128 3 12 
12600 129 3 12 133 
12600 130 3 12 
12600 131 3 12 122 
12600 132 3 12 99 
12600 133 129 
12600 134 3 12 
12600 135 3 12 
12600 136 3 12 
12600 137 3 12 
12600 138 3 12 
12600 139 3 12 
12600 140 3 12 
12600 141 3 12 
12600 142 3 12 
12600 143 4 13 14 
12600 144 4 14 
12600 145 4 13 14 
12600 146 4 14 
12600 147 4 14 194 207 231 
12600 148 4 14 
12600 149 4 14 
12600 150 4 13 14 
12600 151 4 13 14 
12600 152 4 13 14 15 
12600 153 4 13 14 15 166 
12600 154 4 14 
12600 155 4 13 14 
12600 156 4 14 
12600 157 4 13 14 
12600 158 4 14 197 
12600 159 4 14 
12600 160 4 14 
12600 161 4 14 
12600 162 4 5 14 
12600 163 4 13 14 
12600 164 4 14 
12600 165 4 14 
12600 166 153 
12600 167 4 14 
12600 168 4 13 14 
12600 169 4 13 14 
12600 170 4 14 
12600 171 4 13 14 
12600 172 4 13 14 
12600 173 4 14 
12600 174 5 
12600 175 4 14 
12600 176 4 14 
12600 177 4 14 
12600 178 4 14 
12600 179 4 13 14 
12600 180 4 13 14 15 
12600 181 4 14 
12600 182 4 14 
12600 183 4 14 15 
12600 184 4 13 14 
12600 185 4 14 
12600 186 4 13 14 
12600 187 4 14 
12600 188 4 13 14 
12600 189 4 13 14 
12600 190 5 
12600 191 5 
12600 192 5 
12600 193 5 
12600 194 147 
12600 195 5 
12600 196 5 
12600 197 158 
12600 198 5 
12600 199 5 
12600 200 4 14 232 
12600 201 5 
12600 202 5 
12600 203 5 
12600 204 5 
12600 205 5 
12600 206 5 
12600 207 147 
12600 208 5 
12600 209 5 
12600 210 5 
12600 211 5 
12600 212 5 
12600 213 5 
12600 214 5 
12600 215 5 
12600 216 5 
12600 217 5 
12600 218 5 
12600 219 5 
12600 220 5 
12600 221 5 
12600 222 5 
12600 223 5 
12600 224 5 
12600 225 4 5 14 
12600 226 234 
12600 227 5 
12600 228 5 
12600 229 5 
12600 230 5 
12600 231 147 
12600 232 200 
12600 233 5 
12600 234 4 14 15 226 
12600 235 5 
12600 236 5 
12600 237 5 
12600 238 5 
12600 239 5 
12600 240 0 5 
12600 241 0 2 3 4 
12600 242 0 1 3 
12600 243 0 1 4 
12600 244 0 2 3 5 
12600 245 0 1 5 
12600 246 0 2 4 
12600 247 0 1 2 5 
12600 248 0 2 3 
12600 249 0 3 
12600 250 0 1 4 
12600 251 0 5 
12600 252 0 4 
12600 253 0 3 
12600 254 0 1 2 
12600 255 0 5 
12600 256 0 5 
12600 257 0 1 2 4 
12600 258 0 3 
12600 259 0 1 3 4 
12600 260 0 2 5 
12600 261 0 1 3 4 
12600 262 0 2 4 5 
12600 263 0 1 5 
12600 264 0 2 3 
12600 265 0 1 2 3 
12600 266 0 3 4 5 
12600 267 0 1 2 5 
12600 268 0 2 4 
12600 269 0 1 4 
14400 0 1 2 3 4 5 240 241 242 243 244 245 246 247 248 249 250 251 252 253 254 255 256 257 258 259 260 261 262 263 264 265 266 267 268 269 
14400 1 0 2 3 4 5 6 7 8 17 18 19 20 21 24 25 27 28 29 30 32 33 35 37 38 39 40 41 42 44 46 48 50 51 52 53 54 242 243 245 247 250 254 257 259 261 263 265 267 269 
14400 2 0 1 3 4 5 9 10 11 56 57 58 59 60 61 64 65 68 69 70 71 72 74 76 80 81 84 85 87 88 89 90 92 93 95 96 241 244 246 247 248 254 257 260 262 264 265 267 268 
14400 3 0 1 2 4 5 12 97 98 100 101 102 103 104 105 106 107 108 109 110 111 112 113 114 115 116 117 118 119 120 121 122 123 124 125 126 127 128 129 130 131 132 134 135 136 137 138 139 140 141 142 241 242 244 248 249 253 258 259 261 264 265 266 
14400 4 0 1 2 3 5 49 143 144 145 146 147 148 149 150 151 152 153 154 155 156 157 158 159 160 161 162 163 164 165 167 168 169 170 171 172 173 175 176 177 178 179 180 181 182 183 184 185 186 187 188 189 225 236 241 243 246 250 252 257 259 261 262 266 268 269 
14400 5 0 1 2 3 4 16 162 174 190 191 192 193 194 195 196 198 199 201 202 203 204 205 206 208 209 210 211 212 213 214 215 216 217 218 219 220 221 222 223 224 227 228 229 230 233 235 236 237 238 239 240 244 245 247 251 255 256 260 262 263 266 267 
14400 6 1 7 8 17 18 19 20 21 24 25 27 28 29 30 32 33 35 37 38 39 40 41 42 44 46 48 50 51 52 53 54 
14400 7 1 6 8 17 18 19 20 21 24 25 27 28 29 30 32 33 35 37 38 39 40 41 42 44 46 48 50 51 52 53 54 
14400 8 1 6 7 17 18 19 20 24 25 27 28 30 32 33 37 41 42 51 54 
14400 9 2 10 59 64 65 74 87 
14400 10 2 9 11 56 57 58 59 60 61 64 65 68 69 70 71 72 74 76 80 81 84 85 87 88 89 90 92 93 95 96 
14400 11 2 10 57 58 60 64 72 74 80 81 
14400 12 3 97 98 100 101 102 103 104 105 106 107 108 109 110 111 112 113 114 115 116 117 118 119 120 121 122 123 124 125 126 127 128 129 130 131 132 134 135 136 137 138 139 140 141 142 
14400 13 29 32 39 49 143 145 150 151 152 153 155 156 157 161 163 164 168 169 172 179 180 184 186 188 189 
14400 14 15 49 143 144 145 146 147 148 149 150 151 152 153 154 155 156 157 158 159 160 161 162 163 164 165 167 168 169 170 171 172 173 175 176 177 178 179 180 181 182 183 184 185 186 187 188 189 225 236 
14400 15 14 152 153 180 183 236 
14400 16 5 
14400 17 1 6 7 8 23 31 43 
14400 18 1 6 7 8 
14400 19 1 6 7 8 
14400 20 1 6 7 8 
14400 21 1 6 7 22 34 
14400 22 21 
14400 23 17 
14400 24 1 6 7 8 36 55 
14400 25 1 6 7 8 26 47 
14400 26 25 
14400 27 1 6 7 8 45 
14400 28 1 6 7 8 
14400 29 1 6 7 13 
14400 30 1 6 7 8 
14400 31 17 
14400 32 1 6 7 8 13 
14400 33 1 6 7 8 
14400 34 21 
14400 35 1 6 7 
14400 36 24 
14400 37 1 6 7 8 
14400 38 1 6 7 
14400 39 1 6 7 13 
14400 40 1 6 7 
14400 41 1 6 7 8 
14400 42 1 6 7 8 
14400 43 17 
14400 44 1 6 7 
14400 45 27 
14400 46 1 6 7 
14400 47 25 
14400 48 1 6 7 
14400 49 4 13 14 
14400 50 1 6 7 
14400 51 1 6 7 8 
14400 52 1 6 7 
14400 53 1 6 7 
14400 54 1 6 7 8 
14400 55 24 
14400 56 2 10 73 83 91 
14400 57 2 10 11 63 78 82 
14400 58 2 10 11 62 66 
14400 59 2 9 10 
14400 60 2 10 11 
14400 61 2 10 
14400 62 58 
14400 63 57 
14400 64 2 9 10 11 67 79 
14400 65 2 9 10 86 
14400 66 58 
14400 67 64 
14400 68 2 10 
14400 69 2 10 
14400 70 2 10 
14400 71 2 10 
14400 72 2 10 11 
14400 73 56 
14400 74 2 9 10 11 
14400 75 92 
14400 76 2 10 
14400 77 82 
14400 78 57 
14400 79 64 
14400 80 2 10 11 
14400 81 2 10 11 
14400 82 57 77 
14400 83 56 
14400 84 2 10 
14400 85 2 10 
14400 86 65 
14400 87 2 9 10 94 
14400 88 2 10 
14400 89 2 10 
14400 90 2 10 
14400 91 56 
14400 92 2 10 75 
14400 93 2 10 
14400 94 87 
14400 95 2 10 
14400 96 2 10 
14400 97 3 12 
14400 98 3 12 
14400 99 132 
14400 100 3 12 
14400 101 3 12 
14400 102 3 12 
14400 103 3 12 
14400 104 3 12 
14400 105 3 12 
14400 106 3 12 
14400 107 3 12 
14400 108 3 12 
14400 109 3 12 
14400 110 3 12 
14400 111 3 12 
14400 112 3 12 
14400 113 3 12 
14400 114 3 12 
14400 115 3 12 
14400 116 3 12 
14400 117 3 12 
14400 118 3 12 
14400 119 3 12 
14400 120 3 12 
14400 121 3 12 
14400 122 3 12 
14400 123 3 12 
14400 124 3 12 
14400 125 3 12 
14400 126 3 12 
14400 127 3 12 
14400 128 3 12 
14400 129 3 12 133 
14400 130 3 12 
14400 131 3 12 
14400 132 3 12 99 
14400 133 129 
14400 134 3 12 
14400 135 3 12 
14400 136 3 12 
14400 137 3 12 
14400 138 3 12 
14400 139 3 12 
14400 140 3 12 
14400 141 3 12 
14400 142 3 12 
14400 143 4 13 14 
14400 144 4 14 
14400 145 4 13 14 
14400 146 4 14 
14400 147 4 14 207 231 234 
14400 148 4 14 
14400 149 4 14 
14400 150 4 13 14 
14400 151 4 13 14 
14400 152 4 13 14 15 166 
14400 153 4 13 14 15 
14400 154 4 14 200 
14400 155 4 13 14 
14400 156 4 13 14 
14400 157 4 13 14 
14400 158 4 14 
14400 159 4 14 
14400 160 4 14 
14400 161 4 13 14 
14400 162 4 5 14 
14400 163 4 13 14 197 
14400 164 4 13 14 
14400 165 4 14 
14400 166 152 
14400 167 4 14 
14400 168 4 13 14 
14400 169 4 13 14 
14400 170 4 14 
14400 171 4 14 
14400 172 4 13 14 
14400 173 4 14 
14400 174 5 
14400 175 4 14 
14400 176 4 14 
14400 177 4 14 
14400 178 4 14 
14400 179 4 13 14 
14400 180 4 13 14 15 
14400 181 4 14 
14400 182 4 14 
14400 183 4 14 15 
14400 184 4 13 14 
14400 185 4 14 
14400 186 4 13 14 
14400 187 4 14 
14400 188 4 13 14 
14400 189 4 13 14 
14400 190 5 
14400 191 5 
14400 192 5 
14400 193 5 226 
14400 194 5 
14400 195 5 
14400 196 5 
14400 197 163 
14400 198 5 
14400 199 5 
14400 200 154 
14400 201 5 
14400 202 5 232 
14400 203 5 
14400 204 5 
14400 205 5 
14400 206 5 
14400 207 147 
14400 208 5 
14400 209 5 
14400 210 5 
14400 211 5 
14400 212 5 
14400 213 5 
14400 214 5 
14400 215 5 
14400 216 5 
14400 217 5 
14400 218 5 
14400 219 5 
14400 220 5 
14400 221 5 
14400 222 5 
14400 223 5 
14400 224 5 
14400 225 4 14 
14400 226 193 
14400 227 5 
14400 228 5 
14400 229 5 
14400 230 5 
14400 231 147 
14400 232 202 
14400 233 5 
14400 234 147 
14400 235 5 
14400 236 4 5 14 15 
14400 237 5 
14400 238 5 
14400 239 5 
14400 240 0 5 
14400 241 0 2 3 4 
14400 242 0 1 3 
14400 243 0 1 4 
14400 244 0 2 3 5 
14400 245 0 1 5 
14400 246 0 2 4 
14400 247 0 1 2 5 
14400 248 0 2 3 
14400 249 0 3 
14400 250 0 1 4 
14400 251 0 5 
14400 252 0 4 
14400 253 0 3 
14400 254 0 1 2 
14400 255 0 5 
14400 256 0 5 
14400 257 0 1 2 4 
14400 258 0 3 
14400 259 0 1 3 4 
14400 260 0 2 5 
14400 261 0 1 3 4 
14400 262 0 2 4 5 
14400 263 0 1 5 
14400 264 0 2 3 
14400 265 0 1 2 3 
14400 266 0 3 4 5 
14400 267 0 1 2 5 
14400 268 0 2 4 
14400 269 0 1 4 
16200 0 1 2 3 4 5 240 241 242 243 244 245 246 247 248 249 250 251 252 253 254 255 256 257 258 259 260 261 262 263 264 265 266 267 268 269 
16200 1 0 2 3 4 5 6 7 8 17 18 19 20 21 24 25 27 28 30 33 35 37 38 39 40 41 42 44 46 48 50 51 52 53 54 242 243 245 247 250 254 257 259 261 263 265 267 269 
16200 2 0 1 3 4 5 9 10 11 56 57 58 59 60 61 64 65 68 69 70 71 72 74 76 80 81 84 85 87 88 89 90 92 93 95 96 241 244 246 247 248 254 257 260 262 264 265 267 268 
16200 3 0 1 2 4 5 12 97 98 100 101 102 103 104 105 106 107 108 109 110 111 112 113 114 115 116 117 118 119 120 121 123 124 125 126 127 128 129 130 131 132 134 135 136 137 138 139 140 141 142 241 242 244 248 249 253 258 259 261 264 265 266 
16200 4 0 1 2 3 5 51 143 144 145 146 147 148 149 150 151 152 153 154 155 156 157 158 159 160 161 162 163 164 165 167 168 169 170 171 172 173 175 176 177 178 179 180 181 182 183 184 185 186 187 188 189 225 235 241 243 246 250 252 257 259 261 262 266 268 269 
16200 5 0 1 2 3 4 16 171 174 190 191 192 193 195 196 198 199 201 202 203 204 205 206 208 209 210 211 212 213 214 215 216 217 218 219 220 221 222 223 224 227 228 229 230 233 235 236 237 238 239 240 244 245 247 251 255 256 260 262 263 266 267 
16200 6 1 7 8 17 18 19 20 21 24 25 27 28 30 33 35 37 38 39 40 41 42 44 46 48 50 51 52 53 54 
16200 7 1 6 8 17 18 19 20 21 24 25 27 28 30 33 35 37 38 39 40 41 42 44 46 48 50 51 52 53 54 
16200 8 1 6 7 17 18 19 20 24 25 27 28 30 33 37 41 42 51 54 
16200 9 2 10 59 64 65 74 87 
16200 10 2 9 11 56 57 58 59 60 61 64 65 68 69 70 71 72 74 76 80 81 84 85 87 88 89 90 92 93 95 96 
16200 11 2 10 57 58 60 64 72 74 80 81 
16200 12 3 97 98 100 101 102 103 104 105 106 107 108 109 110 111 112 113 114 115 116 117 118 119 120 121 123 124 125 126 127 128 129 130 131 132 134 135 136 137 138 139 140 141 142 
16200 13 29 32 39 49 51 143 145 150 151 152 153 155 156 157 163 167 168 169 172 179 180 184 186 188 189 
16200 14 15 51 143 144 145 146 147 148 149 150 151 152 153 154 155 156 157 158 159 160 161 162 163 164 165 167 168 169 170 171 172 173 175 176 177 178 179 180 181 182 183 184 185 186 187 188 189 225 235 
16200 15 14 152 153 180 183 235 
16200 16 5 
16200 17 1 6 7 8 31 43 
16200 18 1 6 7 8 
16200 19 1 6 7 8 
16200 20 1 6 7 8 
16200 21 1 6 7 34 
16200 22 25 
16200 23 40 
16200 24 1 6 7 8 55 
16200 25 1 6 7 8 22 26 36 47 
16200 26 25 
16200 27 1 6 7 8 45 
16200 28 1 6 7 8 
16200 29 13 
16200 30 1 6 7 8 
16200 31 17 
16200 32 13 
16200 33 1 6 7 8 
16200 34 21 
16200 35 1 6 7 
16200 36 25 
16200 37 1 6 7 8 
16200 38 1 6 7 
16200 39 1 6 7 13 
16200 40 1 6 7 23 
16200 41 1 6 7 8 
16200 42 1 6 7 8 
16200 43 17 
16200 44 1 6 7 
16200 45 27 
16200 46 1 6 7 
16200 47 25 
16200 48 1 6 7 
16200 49 13 
16200 50 1 6 7 
16200 51 1 4 6 7 8 13 14 
16200 52 1 6 7 
16200 53 1 6 7 
16200 54 1 6 7 8 
16200 55 24 
16200 56 2 10 82 91 
16200 57 2 10 11 73 78 83 94 
16200 58 2 10 11 
16200 59 2 9 10 
16200 60 2 10 11 67 
16200 61 2 10 
16200 62 65 
16200 63 73 
16200 64 2 9 10 11 79 
16200 65 2 9 10 62 66 86 
16200 66 65 
16200 67 60 
16200 68 2 10 
16200 69 2 10 
16200 70 2 10 
16200 71 2 10 
16200 72 2 10 11 
16200 73 57 63 
16200 74 2 9 10 11 
16200 75 
16200 76 2 10 
16200 77 94 
16200 78 57 
16200 79 64 
16200 80 2 10 11 
16200 81 2 10 11 
16200 82 56 
16200 83 57 
16200 84 2 10 
16200 85 2 10 
16200 86 65 
16200 87 2 9 10 
16200 88 2 10 
16200 89 2 10 
16200 90 2 10 
16200 91 56 
16200 92 2 10 
16200 93 2 10 
16200 94 57 77 
16200 95 2 10 
16200 96 2 10 
16200 97 3 12 
16200 98 3 12 
16200 99 129 
16200 100 3 12 
16200 101 3 12 
16200 102 3 12 
16200 103 3 12 
16200 104 3 12 
16200 105 3 12 
16200 106 3 12 
16200 107 3 12 
16200 108 3 12 
16200 109 3 12 
16200 110 3 12 
16200 111 3 12 
16200 112 3 12 
16200 113 3 12 
16200 114 3 12 
16200 115 3 12 
16200 116 3 12 
16200 117 3 12 
16200 118 3 12 
16200 119 3 12 
16200 120 3 12 
16200 121 3 12 
16200 122 131 
16200 123 3 12 
16200 124 3 12 
16200 125 3 12 
16200 126 3 12 
16200 127 3 12 
16200 128 3 12 
16200 129 3 12 99 133 
16200 130 3 12 
16200 131 3 12 122 
16200 132 3 12 
16200 133 129 
16200 134 3 12 
16200 135 3 12 
16200 136 3 12 
16200 137 3 12 
16200 138 3 12 
16200 139 3 12 
16200 140 3 12 
16200 141 3 12 
16200 142 3 12 
16200 143 4 13 14 
16200 144 4 14 
16200 145 4 13 14 
16200 146 4 14 
16200 147 4 14 194 207 231 234 
16200 148 4 14 232 
16200 149 4 14 
16200 150 4 13 14 
16200 151 4 13 14 
16200 152 4 13 14 15 
16200 153 4 13 14 15 166 
16200 154 4 14 200 
16200 155 4 13 14 
16200 156 4 13 14 
16200 157 4 13 14 
16200 158 4 14 
16200 159 4 14 
16200 160 4 14 
16200 161 4 14 
16200 162 4 14 
16200 163 4 13 14 
16200 164 4 14 
16200 165 4 14 
16200 166 153 
16200 167 4 13 14 
16200 168 4 13 14 
16200 169 4 13 14 
16200 170 4 14 
16200 171 4 5 14 197 
16200 172 4 13 14 
16200 173 4 14 
16200 174 5 
16200 175 4 14 
16200 176 4 14 
16200 177 4 14 
16200 178 4 14 
16200 179 4 13 14 
16200 180 4 13 14 15 
16200 181 4 14 
16200 182 4 14 
16200 183 4 14 15 
16200 184 4 13 14 
16200 185 4 14 
16200 186 4 13 14 
16200 187 4 14 
16200 188 4 13 14 
16200 189 4 13 14 
16200 190 5 
16200 191 5 
16200 192 5 
16200 193 5 
16200 194 147 
16200 195 5 226 
16200 196 5 
16200 197 171 
16200 198 5 
16200 199 5 
16200 200 154 
16200 201 5 
16200 202 5 
16200 203 5 
16200 204 5 
16200 205 5 
16200 206 5 
16200 207 147 
16200 208 5 
16200 209 5 
16200 210 5 
16200 211 5 
16200 212 5 
16200 213 5 
16200 214 5 
16200 215 5 
16200 216 5 
16200 217 5 
16200 218 5 
16200 219 5 
16200 220 5 
16200 221 5 
16200 222 5 
16200 223 5 
16200 224 5 
16200 225 4 14 
16200 226 195 
16200 227 5 
16200 228 5 
16200 229 5 
16200 230 5 
16200 231 147 
16200 232 148 
16200 233 5 
16200 234 147 
16200 235 4 5 14 15 
16200 236 5 
16200 237 5 
16200 238 5 
16200 239 5 
16200 240 0 5 
16200 241 0 2 3 4 
16200 242 0 1 3 
16200 243 0 1 4 
16200 244 0 2 3 5 
16200 245 0 1 5 
16200 246 0 2 4 
16200 247 0 1 2 5 
16200 248 0 2 3 
16200 249 0 3 
16200 250 0 1 4 
16200 251 0 5 
16200 252 0 4 
16200 253 0 3 
16200 254 0 1 2 
16200 255 0 5 
16200 256 0 5 
16200 257 0 1 2 4 
16200 258 0 3 
16200 259 0 1 3 4 
16200 260 0 2 5 
16200 261 0 1 3 4 
16200 262 0 2 4 5 
16200 263 0 1 5 
16200 264 0 2 3 
16200 265 0 1 2 3 
16200 266 0 3 4 5 
16200 267 0 1 2 5 
16200 268 0 2 4 
16200 269 0 1 4 
18000 0 1 2 3 4 5 240 241 242 243 244 245 246 247 248 249 250 251 252 253 254 255 256 257 258 259 260 261 262 263 264 265 266 267 268 269 
18000 1 0 2 3 4 5 6 7 8 17 18 19 20 21 24 25 27 28 30 33 35 37 38 39 40 41 42 44 46 48 50 51 52 53 54 242 243 245 247 250 254 257 259 261 263 265 267 269 
18000 2 0 1 3 4 5 9 10 11 56 57 58 59 60 61 64 65 68 69 70 71 72 74 76 80 81 84 85 87 88 89 90 92 93 95 96 241 244 246 247 248 254 257 260 262 264 265 267 268 
18000 3 0 1 2 4 5 12 97 98 100 101 102 103 104 105 106 107 108 109 110 111 112 113 114 115 116 117 118 119 120 121 123 124 125 126 127 128 129 130 131 132 134 135 136 137 138 139 140 141 142 241 242 244 248 249 253 258 259 261 264 265 266 
18000 4 0 1 2 3 5 143 144 145 146 147 148 149 150 151 152 153 154 155 156 157 158 159 160 161 162 163 164 165 167 168 169 170 171 172 173 175 176 177 178 179 180 181 182 183 184 185 186 187 188 189 215 225 239 241 243 246 250 252 257 259 261 262 266 268 269 
18000 5 0 1 2 3 4 16 148 174 190 191 192 193 194 195 196 198 199 201 202 203 204 205 206 208 209 210 211 212 213 214 215 216 217 218 219 220 221 222 223 224 227 228 229 230 233 235 236 237 238 239 240 244 245 247 251 255 256 260 262 263 266 267 
18000 6 1 7 8 17 18 19 20 21 24 25 27 28 30 33 35 37 38 39 40 41 42 44 46 48 50 51 52 53 54 
18000 7 1 6 8 17 18 19 20 21 24 25 27 28 30 33 35 37 38 39 40 41 42 44 46 48 50 51 52 53 54 
18000 8 1 6 7 17 18 19 20 24 25 27 28 30 33 37 41 42 51 54 
18000 9 2 10 59 64 65 74 87 
18000 10 2 9 11 56 57 58 59 60 61 64 65 68 69 70 71 72 74 76 80 81 84 85 87 88 89 90 92 93 95 96 
18000 11 2 10 57 58 60 64 72 74 80 81 
18000 12 3 97 98 100 101 102 103 104 105 106 107 108 109 110 111 112 113 114 115 116 117 118 119 120 121 123 124 125 126 127 128 129 130 131 132 134 135 136 137 138 139 140 141 142 
18000 13 24 29 32 39 49 143 145 150 151 152 153 155 157 163 168 169 172 178 179 180 184 186 188 189 
18000 14 15 143 144 145 146 147 148 149 150 151 152 153 154 155 156 157 158 159 160 161 162 163 164 165 167 168 169 170 171 172 173 175 176 177 178 179 180 181 182 183 184 185 186 187 188 189 215 225 239 
18000 15 14 152 153 180 183 
18000 16 5 
18000 17 1 6 7 8 22 31 34 36 43 55 
18000 18 1 6 7 8 
18000 19 1 6 7 8 
18000 20 1 6 7 8 26 45 47 
18000 21 1 6 7 
18000 22 17 
18000 23 40 
18000 24 1 6 7 8 13 
18000 25 1 6 7 8 
18000 26 20 
18000 27 1 6 7 8 
18000 28 1 6 7 8 
18000 29 13 
18000 30 1 6 7 8 
18000 31 17 
18000 32 13 
18000 33 1 6 7 8 
18000 34 17 
18000 35 1 6 7 
18000 36 17 
18000 37 1 6 7 8 
18000 38 1 6 7 
18000 39 1 6 7 13 
18000 40 1 6 7 23 
18000 41 1 6 7 8 
18000 42 1 6 7 8 
18000 43 17 
18000 44 1 6 7 
18000 45 20 
18000 46 1 6 7 
18000 47 20 
18000 48 1 6 7 
18000 49 13 
18000 50 1 6 7 
18000 51 1 6 7 8 
18000 52 1 6 7 
18000 53 1 6 7 
18000 54 1 6 7 8 
18000 55 17 
18000 56 2 10 78 82 86 91 
18000 57 2 10 11 73 83 
18000 58 2 10 11 
18000 59 2 9 10 
18000 60 2 10 11 
18000 61 2 10 
18000 62 68 
18000 63 89 
18000 64 2 9 10 11 
18000 65 2 9 10 
18000 66 88 
18000 67 80 
18000 68 2 10 62 
18000 69 2 10 
18000 70 2 10 
18000 71 2 10 
18000 72 2 10 11 
18000 73 57 
18000 74 2 9 10 11 
18000 75 
18000 76 2 10 
18000 77 78 
18000 78 56 77 
18000 79 96 
18000 80 2 10 11 67 
18000 81 2 10 11 
18000 82 56 
18000 83 57 
18000 84 2 10 
18000 85 2 10 
18000 86 56 
18000 87 2 9 10 94 
18000 88 2 10 66 
18000 89 2 10 63 
18000 90 2 10 
18000 91 56 
18000 92 2 10 
18000 93 2 10 
18000 94 87 
18000 95 2 10 
18000 96 2 10 79 
18000 97 3 12 
18000 98 3 12 
18000 99 141 
18000 100 3 12 
18000 101 3 12 
18000 102 3 12 
18000 103 3 12 
18000 104 3 12 
18000 105 3 12 
18000 106 3 12 
18000 107 3 12 
18000 108 3 12 
18000 109 3 12 
18000 110 3 12 
18000 111 3 12 
18000 112 3 12 
18000 113 3 12 
18000 114 3 12 
18000 115 3 12 
18000 116 3 12 
18000 117 3 12 
18000 118 3 12 
18000 119 3 12 
18000 120 3 12 
18000 121 3 12 
18000 122 131 
18000 123 3 12 
18000 124 3 12 
18000 125 3 12 
18000 126 3 12 
18000 127 3 12 
18000 128 3 12 
18000 129 3 12 133 
18000 130 3 12 
18000 131 3 12 122 
18000 132 3 12 
18000 133 129 
18000 134 3 12 
18000 135 3 12 
18000 136 3 12 
18000 137 3 12 
18000 138 3 12 
18000 139 3 12 
18000 140 3 12 
18000 141 3 12 99 
18000 142 3 12 
18000 143 4 13 14 
18000 144 4 14 
18000 145 4 13 14 
18000 146 4 14 
18000 147 4 14 207 231 234 
18000 148 4 5 14 200 
18000 149 4 14 
18000 150 4 13 14 
18000 151 4 13 14 
18000 152 4 13 14 15 
18000 153 4 13 14 15 166 
18000 154 4 14 
18000 155 4 13 14 
18000 156 4 14 
18000 157 4 13 14 
18000 158 4 14 
18000 159 4 14 
18000 160 4 14 
18000 161 4 14 
18000 162 4 14 
18000 163 4 13 14 
18000 164 4 14 
18000 165 4 14 
18000 166 153 
18000 167 4 14 
18000 168 4 13 14 
18000 169 4 13 14 
18000 170 4 14 
18000 171 4 14 
18000 172 4 13 14 
18000 173 4 14 
18000 174 5 226 
18000 175 4 14 
18000 176 4 14 232 
18000 177 4 14 
18000 178 4 13 14 
18000 179 4 13 14 
18000 180 4 13 14 15 
18000 181 4 14 
18000 182 4 14 
18000 183 4 14 15 
18000 184 4 13 14 
18000 185 4 14 
18000 186 4 13 14 
18000 187 4 14 
18000 188 4 13 14 
18000 189 4 13 14 
18000 190 5 
18000 191 5 
18000 192 5 
18000 193 5 
18000 194 5 
18000 195 5 
18000 196 5 
18000 197 215 
18000 198 5 
18000 199 5 
18000 200 148 
18000 201 5 
18000 202 5 
18000 203 5 
18000 204 5 
18000 205 5 
18000 206 5 
18000 207 147 
18000 208 5 
18000 209 5 
18000 210 5 
18000 211 5 
18000 212 5 
18000 213 5 
18000 214 5 
18000 215 4 5 14 197 
18000 216 5 
18000 217 5 
18000 218 5 
18000 219 5 
18000 220 5 
18000 221 5 
18000 222 5 
18000 223 5 
18000 224 5 
18000 225 4 14 
18000 226 174 
18000 227 5 
18000 228 5 
18000 229 5 
18000 230 5 
18000 231 147 
18000 232 176 
18000 233 5 
18000 234 147 
18000 235 5 
18000 236 5 
18000 237 5 
18000 238 5 
18000 239 4 5 14 
18000 240 0 5 
18000 241 0 2 3 4 
18000 242 0 1 3 
18000 243 0 1 4 
18000 244 0 2 3 5 
18000 245 0 1 5 
18000 246 0 2 4 
18000 247 0 1 2 5 
18000 248 0 2 3 
18000 249 0 3 
18000 250 0 1 4 
18000 251 0 5 
18000 252 0 4 
18000 253 0 3 
18000 254 0 1 2 
18000 255 0 5 
18000 256 0 5 
18000 257 0 1 2 4 
18000 258 0 3 
18000 259 0 1 3 4 
18000 260 0 2 5 
18000 261 0 1 3 4 
18000 262 0 2 4 5 
18000 263 0 1 5 
18000 264 0 2 3 
18000 265 0 1 2 3 
18000 266 0 3 4 5 
18000 267 0 1 2 5 
18000 268 0 2 4 
18000 269 0 1 4 
