0 21600
1800 0 222 223 224 225 226 227 228 229 230 231 232 233 234 235 236 237 238 239 240 241 242 243 244 245 246 247 248 249 250 251 
1800 1 0 2 3 4 5 6 7 222 223 224 226 228 231 232 233 234 236 237 238 240 241 242 244 247 248 250 251 
1800 2 0 1 3 4 5 10 222 224 225 226 228 231 232 233 234 236 238 240 241 243 244 246 247 248 249 251 
1800 3 0 1 2 4 5 13 222 223 225 227 228 230 232 233 235 236 237 239 240 241 242 244 245 247 248 249 
1800 4 0 222 224 225 227 230 232 234 236 237 239 240 241 242 243 245 246 248 250 251 
1800 5 0 1 2 3 4 222 223 224 226 229 231 233 234 235 237 239 240 241 243 244 246 247 248 250 
1800 6 1 7 
1800 7 1 6 
1800 8 2 10 
1800 9 2 10 
1800 10 
1800 11 3 13 
1800 12 3 13 
1800 13 
1800 14 4 15 
1800 15 
1800 16 15 
1800 17 5 
1800 18 1 6 7 
1800 19 1 6 7 
1800 20 1 6 7 
1800 21 1 6 7 
1800 22 1 6 7 
1800 23 1 6 7 
1800 24 1 6 7 
1800 25 1 6 7 
1800 26 1 6 7 
1800 27 1 6 7 
1800 28 1 6 7 
1800 29 1 6 7 
1800 30 1 6 7 
1800 31 1 6 7 
1800 32 1 6 7 
1800 33 1 6 7 
1800 34 1 6 7 
1800 35 1 6 7 
1800 36 1 6 7 
1800 37 1 6 7 
1800 38 1 6 7 
1800 39 18 
1800 40 1 6 7 
1800 41 1 6 7 
1800 42 1 6 7 
1800 43 1 6 7 
1800 44 1 6 7 
1800 45 1 6 7 
1800 46 1 6 7 
1800 47 1 6 7 
1800 48 1 6 7 
1800 49 1 6 7 
1800 50 1 6 7 
1800 51 1 6 7 
1800 52 1 6 7 
1800 53 2 10 
1800 54 5 
1800 55 2 8 10 
1800 56 2 10 
1800 57 2 10 
1800 58 57 
1800 59 2 8 10 
1800 60 68 
1800 61 85 
1800 62 2 10 
1800 63 56 
1800 64 53 
1800 65 56 
1800 66 2 9 10 
1800 67 2 10 
1800 68 2 10 
1800 69 2 10 
1800 70 66 
1800 71 2 10 
1800 72 2 10 
1800 73 2 8 10 
1800 74 2 8 9 10 
1800 75 56 
1800 76 2 8 9 10 
1800 77 2 10 
1800 78 2 10 
1800 79 2 10 
1800 80 62 
1800 81 2 8 10 
1800 82 5 
1800 83 5 
1800 84 2 8 10 
1800 85 2 10 
1800 86 2 10 
1800 87 2 8 10 
1800 88 2 9 10 
1800 89 56 
1800 90 2 10 
1800 91 2 10 
1800 92 2 10 
1800 93 2 10 
1800 94 3 13 
1800 95 3 13 
1800 96 98 
1800 97 3 13 
1800 98 3 13 
1800 99 94 
1800 100 3 13 
1800 101 3 13 
1800 102 3 11 13 
1800 103 3 13 
1800 104 3 11 13 
1800 105 3 11 13 
1800 106 3 13 
1800 107 3 13 
1800 108 3 13 
1800 109 3 13 
1800 110 3 13 
1800 111 3 13 
1800 112 3 13 
1800 113 3 13 
1800 114 3 11 13 
1800 115 3 11 13 
1800 116 3 12 13 
1800 117 3 12 13 
1800 118 3 13 
1800 119 3 13 
1800 120 3 13 
1800 121 3 11 13 
1800 122 3 13 
1800 123 3 13 
1800 124 3 13 
1800 125 3 13 
1800 126 3 13 
1800 127 3 13 
1800 128 3 13 
1800 129 4 14 15 
1800 130 4 14 15 
1800 131 4 14 15 
1800 132 4 14 15 
1800 133 4 14 15 
1800 134 4 14 15 
1800 135 4 14 15 
1800 136 4 14 15 
1800 137 4 14 15 
1800 138 4 14 15 
1800 139 4 14 15 
1800 140 4 14 15 
1800 141 4 14 15 
1800 142 4 14 15 
1800 143 4 14 15 
1800 144 4 14 15 
1800 145 4 14 15 
1800 146 4 14 15 
1800 147 4 14 15 
1800 148 4 14 15 
1800 149 4 14 15 
1800 150 4 14 15 
1800 151 4 14 15 
1800 152 129 
1800 153 4 14 15 16 
1800 154 4 14 15 16 
1800 155 4 14 15 
1800 156 4 14 15 
1800 157 4 14 15 
1800 158 4 14 15 
1800 159 134 
1800 160 4 14 15 
1800 161 129 
1800 162 4 14 15 
1800 163 129 
1800 164 4 14 15 
1800 165 4 14 15 
1800 166 4 14 15 
1800 167 4 14 15 
1800 168 4 14 15 
1800 169 4 14 15 
1800 170 4 14 15 
1800 171 4 14 15 
1800 172 4 14 15 
1800 173 4 14 15 
1800 174 4 14 15 
1800 175 4 14 15 
1800 176 4 14 15 
1800 177 5 
1800 178 5 
1800 179 5 
1800 180 5 
1800 181 2 5 10 
1800 182 56 
1800 183 5 
1800 184 5 
1800 185 5 
1800 186 5 
1800 187 5 
1800 188 5 
1800 189 5 
1800 190 62 
1800 191 5 
1800 192 5 
1800 193 2 5 10 
1800 194 5 
1800 195 5 
1800 196 5 
1800 197 5 
1800 198 2 10 
1800 199 180 
1800 200 5 
1800 201 5 
1800 202 5 
1800 203 5 
1800 204 217 
1800 205 56 
1800 206 5 
1800 207 5 
1800 208 2 10 
1800 209 5 
1800 210 180 
1800 211 5 
1800 212 2 9 10 
1800 213 5 
1800 214 5 
1800 215 204 
1800 216 5 
1800 217 5 
1800 218 79 
1800 219 5 
1800 220 5 
1800 221 5 
1800 222 0 1 2 3 4 5 
1800 223 0 1 3 5 
1800 224 0 1 2 4 5 
1800 225 0 2 3 4 
1800 226 0 1 2 5 
1800 227 0 3 4 
1800 228 0 1 2 3 
1800 229 0 5 
1800 230 0 3 4 
1800 231 0 1 2 5 
1800 232 0 1 2 3 4 
1800 233 0 1 2 3 5 
1800 234 0 1 2 4 5 
1800 235 0 3 5 
1800 236 0 1 2 3 4 
1800 237 0 1 3 4 5 
1800 238 0 1 2 
1800 239 0 3 4 5 
1800 240 0 1 2 3 4 5 
1800 241 0 1 2 3 4 5 
1800 242 0 1 3 4 
1800 243 0 2 4 5 
1800 244 0 1 2 3 5 
1800 245 0 3 4 
1800 246 0 2 4 5 
1800 247 0 1 2 3 5 
1800 248 0 1 2 3 4 5 
1800 249 0 2 3 
1800 250 0 1 4 5 
1800 251 0 1 2 4 
