0 21600
0 0 4 5 240 241 242 243 244 245 246 247 248 249 250 251 252 253 254 255 256 257 258 259 260 261 262 263 264 265 266 267 268 269 
0 1 53 54 
0 2 95 96 
0 3 126 127 
0 4 0 233 241 243 246 250 252 257 259 261 262 266 268 269 
0 5 0 239 240 244 245 247 251 255 256 260 262 263 266 267 
0 6 53 54 
0 7 53 54 
0 8 53 54 
0 9 95 96 
0 10 95 96 
0 11 95 96 
0 12 126 127 
0 13 225 233 
0 14 225 233 
0 15 225 233 
0 16 238 239 
0 17 28 31 
0 18 53 54 
0 19 53 54 
0 20 53 54 
0 21 53 54 
0 22 34 36 
0 23 40 43 50 
0 24 54 55 
0 25 51 52 
0 26 34 38 45 46 
0 27 53 54 
0 28 17 54 
0 29 32 39 145 164 
0 30 53 54 
0 31 17 40 43 50 
0 32 29 184 
0 33 53 54 
0 34 22 26 
0 35 53 54 
0 36 22 49 
0 37 54 55 
0 38 26 52 
0 39 29 53 
0 40 23 31 
0 41 53 54 
0 42 52 55 
0 43 23 31 
0 44 53 54 
0 45 26 47 
0 46 26 47 
0 47 45 46 
0 48 51 52 
0 49 36 55 
0 50 23 31 
0 51 25 48 
0 52 25 38 42 48 
0 53 1 6 7 8 18 19 20 21 27 30 33 35 39 41 44 
0 54 1 6 7 8 18 19 20 21 24 27 28 30 33 35 37 41 44 
0 55 24 37 42 49 
0 56 95 96 
0 57 95 96 
0 58 95 96 
0 59 95 96 
0 60 95 96 
0 61 95 96 
0 62 66 68 82 91 
0 63 73 94 
0 64 74 79 
0 65 95 96 
0 66 62 82 
0 67 79 80 
0 68 62 95 
0 69 95 96 
0 70 95 96 
0 71 95 96 
0 72 92 95 
0 73 63 83 
0 74 64 96 
0 75 
0 76 95 96 
0 77 78 94 
0 78 77 86 
0 79 64 67 
0 80 67 96 
0 81 95 96 
0 82 62 66 
0 83 73 94 
0 84 95 96 
0 85 95 96 
0 86 78 91 
0 87 95 96 
0 88 95 96 
0 89 95 96 
0 90 95 96 
0 91 62 86 
0 92 72 96 
0 93 95 96 
0 94 63 77 83 
0 95 2 9 10 11 56 57 58 59 60 61 65 68 69 70 71 72 76 81 84 85 87 88 89 90 93 
0 96 2 9 10 11 56 57 58 59 60 61 65 69 70 71 74 76 80 81 84 85 87 88 89 90 92 93 
0 97 126 127 
0 98 126 127 
0 99 122 127 
0 100 126 127 
0 101 124 127 
0 102 126 127 
0 103 126 127 
0 104 126 127 
0 105 126 127 
0 106 126 127 
0 107 125 126 
0 108 126 127 
0 109 126 127 
0 110 126 127 
0 111 125 126 
0 112 126 127 
0 113 126 127 
0 114 126 127 
0 115 126 127 
0 116 126 127 
0 117 126 127 
0 118 126 127 
0 119 126 127 
0 120 126 127 
0 121 126 127 
0 122 99 127 
0 123 127 133 
0 124 101 127 
0 125 107 111 137 
0 126 3 12 97 98 100 102 103 104 105 106 107 108 109 110 111 112 113 114 115 116 117 118 119 120 121 128 129 130 131 132 133 134 135 136 137 138 139 140 141 142 
0 127 3 12 97 98 99 100 101 102 103 104 105 106 108 109 110 112 113 114 115 116 117 118 119 120 121 122 123 124 128 129 130 131 132 134 135 136 138 139 140 141 142 
0 128 126 127 
0 129 126 127 
0 130 126 127 
0 131 126 127 
0 132 126 127 
0 133 123 126 
0 134 126 127 
0 135 126 127 
0 136 126 127 
0 137 125 126 
0 138 126 127 
0 139 126 127 
0 140 126 127 
0 141 126 127 
0 142 126 127 
0 143 145 172 
0 144 225 233 
0 145 29 143 
0 146 225 233 
0 147 238 239 
0 148 238 239 
0 149 236 239 
0 150 160 233 
0 151 225 233 
0 152 188 189 
0 153 188 189 
0 154 238 239 
0 155 189 233 
0 156 225 233 
0 157 188 189 
0 158 238 239 
0 159 236 239 
0 160 150 239 
0 161 225 233 
0 162 225 233 
0 163 188 189 
0 164 29 231 
0 165 236 239 
0 166 182 187 
0 167 225 233 
0 168 188 189 
0 169 188 189 
0 170 236 239 
0 171 236 239 
0 172 143 175 
0 173 236 239 
0 174 238 239 
0 175 172 233 
0 176 233 239 
0 177 234 236 
0 178 188 189 
0 179 188 189 
0 180 225 233 
0 181 236 239 
0 182 166 231 
0 183 225 239 
0 184 32 189 
0 185 236 239 
0 186 188 189 
0 187 166 233 
0 188 152 153 157 163 168 169 178 179 186 
0 189 152 153 155 157 163 168 169 178 179 184 186 
0 190 238 239 
0 191 238 239 
0 192 238 239 
0 193 238 239 
0 194 231 234 
0 195 238 239 
0 196 238 239 
0 197 226 234 
0 198 235 237 
0 199 238 239 
0 200 232 239 
0 201 237 238 
0 202 237 238 
0 203 237 238 
0 204 238 239 
0 205 237 238 
0 206 234 238 
0 207 231 234 
0 208 237 238 
0 209 237 239 
0 210 238 239 
0 211 238 239 
0 212 238 239 
0 213 235 237 
0 214 238 239 
0 215 238 239 
0 216 238 239 
0 217 237 238 
0 218 235 238 
0 219 238 239 
0 220 238 239 
0 221 237 238 
0 222 235 237 
0 223 238 239 
0 224 232 239 
0 225 13 14 15 144 146 151 156 161 162 167 180 183 
0 226 197 234 
0 227 237 238 
0 228 238 239 
0 229 238 239 
0 230 238 239 
0 231 164 182 194 207 
0 232 200 224 
0 233 4 13 14 15 144 146 150 151 155 156 161 162 167 175 176 180 187 
0 234 177 194 197 206 207 226 
0 235 198 213 218 222 
0 236 149 159 165 170 171 173 177 181 185 
0 237 198 201 202 203 205 208 209 213 217 221 222 227 
0 238 16 147 148 154 158 174 190 191 192 193 195 196 199 201 202 203 204 205 206 208 210 211 212 214 215 216 217 218 219 220 221 223 227 228 229 230 
0 239 5 16 147 148 149 154 158 159 160 165 170 171 173 174 176 181 183 185 190 191 192 193 195 196 199 200 204 209 210 211 212 214 215 216 219 220 223 224 228 229 230 
0 240 0 5 
0 241 0 4 
0 242 0 
0 243 0 4 
0 244 0 5 
0 245 0 5 
0 246 0 4 
0 247 0 5 
0 248 0 
0 249 0 
0 250 0 4 
0 251 0 5 
0 252 0 4 
0 253 0 
0 254 0 
0 255 0 5 
0 256 0 5 
0 257 0 4 
0 258 0 
0 259 0 4 
0 260 0 5 
0 261 0 4 
0 262 0 4 5 
0 263 0 5 
0 264 0 
0 265 0 
0 266 0 4 5 
0 267 0 5 
0 268 0 4 
0 269 0 4 
1800 0 4 5 240 241 242 243 244 245 246 247 248 249 250 251 252 253 254 255 256 257 258 259 260 261 262 263 264 265 266 267 268 269 
1800 1 53 54 
1800 2 95 96 
1800 3 126 127 
1800 4 0 225 241 243 246 250 252 257 259 261 262 266 268 269 
1800 5 0 239 240 244 245 247 251 255 256 260 262 263 266 267 
1800 6 53 54 
1800 7 53 54 
1800 8 53 54 
1800 9 95 96 
1800 10 95 96 
1800 11 95 96 
1800 12 126 127 
1800 13 15 225 
1800 14 15 225 
1800 15 13 14 
1800 16 238 239 
1800 17 28 31 
1800 18 40 41 
1800 19 54 55 
1800 20 145 168 
1800 21 53 54 
1800 22 34 36 46 
1800 23 43 50 
1800 24 30 53 
1800 25 26 38 
1800 26 25 34 37 45 46 47 
1800 27 53 54 
1800 28 17 54 
1800 29 32 39 49 145 
1800 30 24 55 
1800 31 17 40 43 50 
1800 32 29 55 
1800 33 53 54 
1800 34 22 26 
1800 35 53 54 
1800 36 22 55 
1800 37 26 38 
1800 38 25 37 
1800 39 29 53 
1800 40 18 31 
1800 41 18 54 
1800 42 52 55 
1800 43 23 31 
1800 44 54 55 
1800 45 26 47 
1800 46 22 26 
1800 47 26 45 
1800 48 51 52 
1800 49 29 55 
1800 50 23 31 
1800 51 48 53 
1800 52 42 48 
1800 53 1 6 7 8 21 24 27 33 35 39 51 
1800 54 1 6 7 8 19 21 27 28 33 35 41 44 
1800 55 19 30 32 36 42 44 49 
1800 56 95 96 
1800 57 95 96 
1800 58 95 96 
1800 59 95 96 
1800 60 95 96 
1800 61 95 96 
1800 62 64 66 67 82 91 
1800 63 77 78 79 83 
1800 64 62 74 
1800 65 95 96 
1800 66 62 82 
1800 67 62 79 
1800 68 93 95 
1800 69 95 96 
1800 70 95 96 
1800 71 95 96 
1800 72 94 95 
1800 73 95 96 
1800 74 64 96 
1800 75 86 
1800 76 95 96 
1800 77 63 94 
1800 78 63 94 
1800 79 63 67 
1800 80 95 96 
1800 81 95 96 
1800 82 62 66 
1800 83 63 94 
1800 84 95 96 
1800 85 95 96 
1800 86 75 91 
1800 87 95 96 
1800 88 95 96 
1800 89 95 96 
1800 90 95 96 
1800 91 62 86 
1800 92 95 96 
1800 93 68 96 
1800 94 72 77 78 83 
1800 95 2 9 10 11 56 57 58 59 60 61 65 68 69 70 71 72 73 76 80 81 84 85 87 88 89 90 92 
1800 96 2 9 10 11 56 57 58 59 60 61 65 69 70 71 73 74 76 80 81 84 85 87 88 89 90 92 93 
1800 97 126 127 
1800 98 126 127 
1800 99 124 127 
1800 100 126 127 
1800 101 124 127 
1800 102 126 127 
1800 103 122 127 
1800 104 126 127 
1800 105 126 127 
1800 106 126 127 
1800 107 125 126 
1800 108 126 127 
1800 109 126 127 
1800 110 126 127 
1800 111 125 126 
1800 112 126 127 
1800 113 126 127 
1800 114 126 127 
1800 115 126 127 
1800 116 126 127 
1800 117 126 127 
1800 118 126 127 
1800 119 126 127 
1800 120 126 127 
1800 121 123 126 
1800 122 103 127 
1800 123 121 133 
1800 124 99 101 
1800 125 107 111 137 
1800 126 3 12 97 98 100 102 104 105 106 107 108 109 110 111 112 113 114 115 116 117 118 119 120 121 128 129 130 131 132 133 134 135 136 137 138 139 140 141 142 
1800 127 3 12 97 98 99 100 101 102 103 104 105 106 108 109 110 112 113 114 115 116 117 118 119 120 122 128 129 130 131 132 134 135 136 138 139 140 141 142 
1800 128 126 127 
1800 129 126 127 
1800 130 126 127 
1800 131 126 127 
1800 132 126 127 
1800 133 123 126 
1800 134 126 127 
1800 135 126 127 
1800 136 126 127 
1800 137 125 126 
1800 138 126 127 
1800 139 126 127 
1800 140 126 127 
1800 141 126 127 
1800 142 126 127 
1800 143 150 168 172 179 184 
1800 144 215 225 
1800 145 20 29 
1800 146 215 225 
1800 147 238 239 
1800 148 238 239 
1800 149 236 239 
1800 150 143 215 
1800 151 215 225 
1800 152 189 215 
1800 153 225 239 
1800 154 238 239 
1800 155 189 215 
1800 156 215 225 
1800 157 188 189 
1800 158 219 239 
1800 159 236 239 
1800 160 236 239 
1800 161 215 225 
1800 162 238 239 
1800 163 189 215 
1800 164 215 225 
1800 165 215 225 
1800 166 182 187 
1800 167 215 225 
1800 168 20 143 
1800 169 188 189 
1800 170 236 239 
1800 171 236 239 
1800 172 143 175 
1800 173 236 239 
1800 174 238 239 
1800 175 172 225 
1800 176 225 239 
1800 177 234 236 
1800 178 188 189 
1800 179 143 215 
1800 180 215 225 
1800 181 236 239 
1800 182 166 215 
1800 183 225 239 
1800 184 143 189 
1800 185 236 239 
1800 186 238 239 
1800 187 166 231 
1800 188 157 169 178 
1800 189 152 155 157 163 169 178 184 
1800 190 238 239 
1800 191 238 239 
1800 192 238 239 
1800 193 238 239 
1800 194 207 234 
1800 195 238 239 
1800 196 238 239 
1800 197 226 234 
1800 198 233 237 
1800 199 238 239 
1800 200 232 239 
1800 201 237 238 
1800 202 238 239 
1800 203 237 238 
1800 204 238 239 
1800 205 237 238 
1800 206 237 238 
1800 207 194 234 
1800 208 237 238 
1800 209 237 239 
1800 210 238 239 
1800 211 238 239 
1800 212 238 239 
1800 213 238 239 
1800 214 238 239 
1800 215 144 146 150 151 152 155 156 161 163 164 165 167 179 180 182 
1800 216 238 239 
1800 217 237 238 
1800 218 235 238 
1800 219 158 238 
1800 220 238 239 
1800 221 237 238 
1800 222 237 238 
1800 223 238 239 
1800 224 237 239 
1800 225 4 13 14 144 146 151 153 156 161 164 165 167 175 176 180 183 
1800 226 197 234 
1800 227 237 238 
1800 228 238 239 
1800 229 238 239 
1800 230 238 239 
1800 231 187 239 
1800 232 200 233 
1800 233 198 232 
1800 234 177 194 197 207 226 
1800 235 218 239 
1800 236 149 159 160 170 171 173 177 181 185 
1800 237 198 201 203 205 206 208 209 217 221 222 224 227 
1800 238 16 147 148 154 162 174 186 190 191 192 193 195 196 199 201 202 203 204 205 206 208 210 211 212 213 214 216 217 218 219 220 221 222 223 227 228 229 230 
1800 239 5 16 147 148 149 153 154 158 159 160 162 170 171 173 174 176 181 183 185 186 190 191 192 193 195 196 199 200 202 204 209 210 211 212 213 214 216 220 223 224 228 229 230 231 235 
1800 240 0 5 
1800 241 0 4 
1800 242 0 
1800 243 0 4 
1800 244 0 5 
1800 245 0 5 
1800 246 0 4 
1800 247 0 5 
1800 248 0 
1800 249 0 
1800 250 0 4 
1800 251 0 5 
1800 252 0 4 
1800 253 0 
1800 254 0 
1800 255 0 5 
1800 256 0 5 
1800 257 0 4 
1800 258 0 
1800 259 0 4 
1800 260 0 5 
1800 261 0 4 
1800 262 0 4 5 
1800 263 0 5 
1800 264 0 
1800 265 0 
1800 266 0 4 5 
1800 267 0 5 
1800 268 0 4 
1800 269 0 4 
3600 0 4 5 240 241 242 243 244 245 246 247 248 249 250 251 252 253 254 255 256 257 258 259 260 261 262 263 264 265 266 267 268 269 
3600 1 53 54 
3600 2 95 96 
3600 3 126 127 
3600 4 0 17 241 243 246 250 252 257 259 261 262 266 268 269 
3600 5 0 239 240 244 245 247 251 255 256 260 262 263 266 267 
3600 6 53 54 
3600 7 53 54 
3600 8 53 54 
3600 9 95 96 
3600 10 95 96 
3600 11 95 96 
3600 12 126 127 
3600 13 32 49 
3600 14 225 229 
3600 15 225 229 
3600 16 238 239 
3600 17 4 40 
3600 18 53 54 
3600 19 53 54 
3600 20 53 54 
3600 21 53 54 
3600 22 34 36 46 
3600 23 31 43 
3600 24 54 55 
3600 25 51 52 
3600 26 34 45 46 47 
3600 27 53 54 
3600 28 53 54 
3600 29 32 39 
3600 30 53 54 
3600 31 23 40 43 
3600 32 13 29 
3600 33 53 54 
3600 34 22 26 
3600 35 53 54 
3600 36 22 55 
3600 37 54 55 
3600 38 52 53 
3600 39 29 53 
3600 40 17 31 
3600 41 53 54 
3600 42 52 55 
3600 43 23 31 
3600 44 53 54 
3600 45 26 47 
3600 46 22 26 
3600 47 26 45 
3600 48 51 52 
3600 49 13 55 
3600 50 53 54 
3600 51 25 48 
3600 52 25 38 42 48 
3600 53 1 6 7 8 18 19 20 21 27 28 30 33 35 38 39 41 44 50 
3600 54 1 6 7 8 18 19 20 21 24 27 28 30 33 35 37 41 44 50 
3600 55 24 36 37 42 49 
3600 56 95 96 
3600 57 95 96 
3600 58 95 96 
3600 59 95 96 
3600 60 95 96 
3600 61 95 96 
3600 62 66 82 
3600 63 91 94 
3600 64 79 96 
3600 65 94 96 
3600 66 62 91 
3600 67 79 96 
3600 68 93 95 
3600 69 95 96 
3600 70 95 96 
3600 71 95 96 
3600 72 92 93 
3600 73 83 86 
3600 74 95 96 
3600 75 
3600 76 95 96 
3600 77 91 94 
3600 78 93 94 
3600 79 64 67 
3600 80 95 96 
3600 81 95 96 
3600 82 62 91 
3600 83 73 94 
3600 84 95 96 
3600 85 95 96 
3600 86 73 91 
3600 87 95 96 
3600 88 95 96 
3600 89 95 96 
3600 90 95 96 
3600 91 63 66 77 82 86 
3600 92 72 96 
3600 93 68 72 78 
3600 94 63 65 77 78 83 
3600 95 2 9 10 11 56 57 58 59 60 61 68 69 70 71 74 76 80 81 84 85 87 88 89 90 
3600 96 2 9 10 11 56 57 58 59 60 61 64 65 67 69 70 71 74 76 80 81 84 85 87 88 89 90 92 
3600 97 126 127 
3600 98 126 127 
3600 99 126 127 
3600 100 126 127 
3600 101 124 127 
3600 102 126 127 
3600 103 125 126 
3600 104 126 127 
3600 105 126 127 
3600 106 126 127 
3600 107 125 126 
3600 108 126 127 
3600 109 126 127 
3600 110 126 127 
3600 111 125 126 
3600 112 126 127 
3600 113 126 127 
3600 114 126 127 
3600 115 126 127 
3600 116 126 127 
3600 117 126 127 
3600 118 126 127 
3600 119 126 127 
3600 120 126 127 
3600 121 123 133 
3600 122 125 127 
3600 123 121 127 
3600 124 101 127 
3600 125 103 107 111 122 137 
3600 126 3 12 97 98 99 100 102 103 104 105 106 107 108 109 110 111 112 113 114 115 116 117 118 119 120 128 129 130 131 132 133 134 135 136 137 138 139 140 141 142 
3600 127 3 12 97 98 99 100 101 102 104 105 106 108 109 110 112 113 114 115 116 117 118 119 120 122 123 124 128 129 130 131 132 134 135 136 138 139 140 141 142 
3600 128 126 127 
3600 129 126 127 
3600 130 126 127 
3600 131 126 127 
3600 132 126 127 
3600 133 121 126 
3600 134 126 127 
3600 135 126 127 
3600 136 126 127 
3600 137 125 126 
3600 138 126 127 
3600 139 126 127 
3600 140 126 127 
3600 141 126 127 
3600 142 126 127 
3600 143 145 150 152 157 168 172 179 184 
3600 144 229 231 
3600 145 143 175 
3600 146 225 229 
3600 147 238 239 
3600 148 238 239 
3600 149 236 239 
3600 150 143 160 
3600 151 189 225 
3600 152 143 160 
3600 153 188 189 
3600 154 238 239 
3600 155 188 189 
3600 156 200 225 
3600 157 143 189 
3600 158 238 239 
3600 159 238 239 
3600 160 150 152 
3600 161 225 229 
3600 162 225 229 
3600 163 236 239 
3600 164 231 238 
3600 165 229 231 
3600 166 231 238 
3600 167 225 229 
3600 168 143 189 
3600 169 231 236 
3600 170 238 239 
3600 171 236 239 
3600 172 143 175 
3600 173 236 239 
3600 174 238 239 
3600 175 145 172 
3600 176 225 239 
3600 177 236 238 
3600 178 188 189 
3600 179 143 189 
3600 180 189 225 
3600 181 238 239 
3600 182 231 238 
3600 183 229 239 
3600 184 143 225 
3600 185 238 239 
3600 186 225 239 
3600 187 231 238 
3600 188 153 155 178 
3600 189 151 153 155 157 168 178 179 180 
3600 190 238 239 
3600 191 238 239 
3600 192 238 239 
3600 193 237 239 
3600 194 207 234 
3600 195 238 239 
3600 196 238 239 
3600 197 226 234 
3600 198 237 238 
3600 199 238 239 
3600 200 156 232 
3600 201 237 238 
3600 202 237 238 
3600 203 237 238 
3600 204 238 239 
3600 205 237 238 
3600 206 237 238 
3600 207 194 234 
3600 208 237 238 
3600 209 237 239 
3600 210 238 239 
3600 211 238 239 
3600 212 238 239 
3600 213 233 237 
3600 214 238 239 
3600 215 238 239 
3600 216 238 239 
3600 217 237 238 
3600 218 235 238 
3600 219 238 239 
3600 220 238 239 
3600 221 237 238 
3600 222 233 237 
3600 223 238 239 
3600 224 237 239 
3600 225 14 15 146 151 156 161 162 167 176 180 184 186 
3600 226 197 234 
3600 227 237 238 
3600 228 238 239 
3600 229 14 15 144 146 161 162 165 167 183 
3600 230 238 239 
3600 231 144 164 165 166 169 182 187 
3600 232 200 233 
3600 233 213 222 232 
3600 234 194 197 207 226 
3600 235 218 239 
3600 236 149 163 169 171 173 177 
3600 237 193 198 201 202 203 205 206 208 209 213 217 221 222 224 227 
3600 238 16 147 148 154 158 159 164 166 170 174 177 181 182 185 187 190 191 192 195 196 198 199 201 202 203 204 205 206 208 210 211 212 214 215 216 217 218 219 220 221 223 227 228 230 
3600 239 5 16 147 148 149 154 158 159 163 170 171 173 174 176 181 183 185 186 190 191 192 193 195 196 199 204 209 210 211 212 214 215 216 219 220 223 224 228 230 235 
3600 240 0 5 
3600 241 0 4 
3600 242 0 
3600 243 0 4 
3600 244 0 5 
3600 245 0 5 
3600 246 0 4 
3600 247 0 5 
3600 248 0 
3600 249 0 
3600 250 0 4 
3600 251 0 5 
3600 252 0 4 
3600 253 0 
3600 254 0 
3600 255 0 5 
3600 256 0 5 
3600 257 0 4 
3600 258 0 
3600 259 0 4 
3600 260 0 5 
3600 261 0 4 
3600 262 0 4 5 
3600 263 0 5 
3600 264 0 
3600 265 0 
3600 266 0 4 5 
3600 267 0 5 
3600 268 0 4 
3600 269 0 4 
5400 0 4 5 240 241 242 243 244 245 246 247 248 249 250 251 252 253 254 255 256 257 258 259 260 261 262 263 264 265 266 267 268 269 
5400 1 53 54 
5400 2 95 96 
5400 3 126 127 
5400 4 0 225 241 243 246 250 252 257 259 261 262 266 268 269 
5400 5 0 239 240 244 245 247 251 255 256 260 262 263 266 267 
5400 6 53 54 
5400 7 53 54 
5400 8 53 54 
5400 9 95 96 
5400 10 95 96 
5400 11 95 96 
5400 12 126 127 
5400 13 32 49 
5400 14 15 225 
5400 15 14 175 
5400 16 238 239 
5400 17 55 185 
5400 18 156 185 
5400 19 54 185 
5400 20 53 54 
5400 21 54 55 
5400 22 34 36 46 
5400 23 31 43 
5400 24 55 185 
5400 25 51 52 
5400 26 54 55 
5400 27 53 54 
5400 28 53 54 
5400 29 55 145 
5400 30 54 185 
5400 31 23 40 
5400 32 13 185 
5400 33 53 54 
5400 34 22 47 
5400 35 53 54 
5400 36 22 55 
5400 37 55 185 
5400 38 51 52 
5400 39 54 185 
5400 40 31 185 
5400 41 53 54 
5400 42 52 55 
5400 43 23 45 
5400 44 53 54 
5400 45 43 47 
5400 46 22 47 
5400 47 34 45 46 
5400 48 51 52 
5400 49 13 55 
5400 50 54 185 
5400 51 25 38 48 
5400 52 25 38 42 48 
5400 53 1 6 7 8 20 27 28 33 35 41 44 
5400 54 1 6 7 8 19 20 21 26 27 28 30 33 35 39 41 44 50 
5400 55 17 21 24 26 29 36 37 42 49 
5400 56 95 96 
5400 57 95 96 
5400 58 95 96 
5400 59 95 96 
5400 60 95 96 
5400 61 95 96 
5400 62 66 68 75 82 
5400 63 73 77 83 
5400 64 95 96 
5400 65 95 96 
5400 66 62 75 
5400 67 79 80 
5400 68 62 95 
5400 69 95 96 
5400 70 95 96 
5400 71 95 96 
5400 72 92 95 
5400 73 63 89 
5400 74 95 96 
5400 75 62 66 
5400 76 95 96 
5400 77 63 94 
5400 78 94 96 
5400 79 67 89 
5400 80 67 96 
5400 81 95 96 
5400 82 62 91 
5400 83 63 94 
5400 84 95 96 
5400 85 95 96 
5400 86 91 92 
5400 87 95 96 
5400 88 95 96 
5400 89 73 79 
5400 90 95 96 
5400 91 82 86 
5400 92 72 86 
5400 93 95 96 
5400 94 77 78 83 
5400 95 2 9 10 11 56 57 58 59 60 61 64 65 68 69 70 71 72 74 76 81 84 85 87 88 90 93 
5400 96 2 9 10 11 56 57 58 59 60 61 64 65 69 70 71 74 76 78 80 81 84 85 87 88 90 93 
5400 97 126 127 
5400 98 126 127 
5400 99 122 127 
5400 100 126 127 
5400 101 124 127 
5400 102 126 127 
5400 103 126 127 
5400 104 126 127 
5400 105 126 127 
5400 106 126 127 
5400 107 126 127 
5400 108 126 127 
5400 109 126 127 
5400 110 126 127 
5400 111 126 127 
5400 112 126 127 
5400 113 126 127 
5400 114 126 127 
5400 115 126 127 
5400 116 126 127 
5400 117 126 127 
5400 118 126 127 
5400 119 126 127 
5400 120 126 127 
5400 121 123 127 
5400 122 99 127 
5400 123 121 127 
5400 124 101 127 
5400 125 126 127 
5400 126 3 12 97 98 100 102 103 104 105 106 107 108 109 110 111 112 113 114 115 116 117 118 119 120 125 128 129 130 131 132 133 134 135 136 137 138 139 140 141 142 
5400 127 3 12 97 98 99 100 101 102 103 104 105 106 107 108 109 110 111 112 113 114 115 116 117 118 119 120 121 122 123 124 125 128 129 130 131 132 133 134 135 136 137 138 139 140 141 142 
5400 128 126 127 
5400 129 126 127 
5400 130 126 127 
5400 131 126 127 
5400 132 126 127 
5400 133 126 127 
5400 134 126 127 
5400 135 126 127 
5400 136 126 127 
5400 137 126 127 
5400 138 126 127 
5400 139 126 127 
5400 140 126 127 
5400 141 126 127 
5400 142 126 127 
5400 143 145 150 157 163 168 169 172 179 184 
5400 144 202 225 
5400 145 29 143 
5400 146 202 225 
5400 147 238 239 
5400 148 238 239 
5400 149 236 239 
5400 150 143 211 
5400 151 202 225 
5400 152 188 189 
5400 153 235 238 
5400 154 238 239 
5400 155 188 189 
5400 156 18 157 
5400 157 143 156 
5400 158 238 239 
5400 159 236 239 
5400 160 236 239 
5400 161 238 239 
5400 162 202 225 
5400 163 143 189 
5400 164 225 231 
5400 165 211 225 
5400 166 188 189 
5400 167 189 225 
5400 168 143 211 
5400 169 143 189 
5400 170 236 239 
5400 171 236 239 
5400 172 143 189 
5400 173 236 239 
5400 174 238 239 
5400 175 15 225 
5400 176 225 239 
5400 177 234 236 
5400 178 188 189 
5400 179 143 189 
5400 180 189 225 
5400 181 236 239 
5400 182 189 231 
5400 183 225 239 
5400 184 143 189 
5400 185 17 18 19 24 30 32 37 39 40 50 
5400 186 188 189 
5400 187 225 231 
5400 188 152 155 166 178 186 
5400 189 152 155 163 166 167 169 172 178 179 180 182 184 186 
5400 190 238 239 
5400 191 238 239 
5400 192 238 239 
5400 193 238 239 
5400 194 231 234 
5400 195 238 239 
5400 196 238 239 
5400 197 237 238 
5400 198 233 237 
5400 199 238 239 
5400 200 238 239 
5400 201 238 239 
5400 202 144 146 151 162 
5400 203 237 238 
5400 204 238 239 
5400 205 237 238 
5400 206 234 238 
5400 207 226 234 
5400 208 237 238 
5400 209 237 239 
5400 210 238 239 
5400 211 150 165 168 
5400 212 238 239 
5400 213 233 237 
5400 214 238 239 
5400 215 238 239 
5400 216 238 239 
5400 217 237 238 
5400 218 235 238 
5400 219 238 239 
5400 220 238 239 
5400 221 237 238 
5400 222 238 239 
5400 223 238 239 
5400 224 238 239 
5400 225 4 14 144 146 151 162 164 165 167 175 176 180 183 187 
5400 226 207 234 
5400 227 237 238 
5400 228 238 239 
5400 229 238 239 
5400 230 238 239 
5400 231 164 182 187 194 
5400 232 237 239 
5400 233 198 213 
5400 234 177 194 206 207 226 
5400 235 153 218 
5400 236 149 159 160 170 171 173 177 181 
5400 237 197 198 203 205 208 209 213 217 221 227 232 
5400 238 16 147 148 153 154 158 161 174 190 191 192 193 195 196 197 199 200 201 203 204 205 206 208 210 212 214 215 216 217 218 219 220 221 222 223 224 227 228 229 230 
5400 239 5 16 147 148 149 154 158 159 160 161 170 171 173 174 176 181 183 190 191 192 193 195 196 199 200 201 204 209 210 212 214 215 216 219 220 222 223 224 228 229 230 232 
5400 240 0 5 
5400 241 0 4 
5400 242 0 
5400 243 0 4 
5400 244 0 5 
5400 245 0 5 
5400 246 0 4 
5400 247 0 5 
5400 248 0 
5400 249 0 
5400 250 0 4 
5400 251 0 5 
5400 252 0 4 
5400 253 0 
5400 254 0 
5400 255 0 5 
5400 256 0 5 
5400 257 0 4 
5400 258 0 
5400 259 0 4 
5400 260 0 5 
5400 261 0 4 
5400 262 0 4 5 
5400 263 0 5 
5400 264 0 
5400 265 0 
5400 266 0 4 5 
5400 267 0 5 
5400 268 0 4 
5400 269 0 4 
7200 0 4 5 240 241 242 243 244 245 246 247 248 249 250 251 252 253 254 255 256 257 258 259 260 261 262 263 264 265 266 267 268 269 
7200 1 53 54 
7200 2 95 96 
7200 3 126 127 
7200 4 0 225 241 243 246 250 252 257 259 261 262 266 268 269 
7200 5 0 239 240 244 245 247 251 255 256 260 262 263 266 267 
7200 6 53 54 
7200 7 53 54 
7200 8 53 54 
7200 9 95 96 
7200 10 95 96 
7200 11 95 96 
7200 12 126 127 
7200 13 32 49 
7200 14 15 225 
7200 15 14 225 
7200 16 238 239 
7200 17 28 31 
7200 18 54 55 
7200 19 53 54 
7200 20 53 54 
7200 21 53 54 
7200 22 34 36 46 
7200 23 43 50 
7200 24 54 55 
7200 25 51 52 
7200 26 38 52 
7200 27 53 54 
7200 28 17 54 
7200 29 32 39 49 163 178 
7200 30 53 54 
7200 31 17 38 43 50 
7200 32 13 29 
7200 33 184 225 
7200 34 22 52 
7200 35 53 54 
7200 36 22 52 
7200 37 54 55 
7200 38 26 31 
7200 39 29 54 
7200 40 53 54 
7200 41 53 54 
7200 42 52 55 
7200 43 23 31 
7200 44 53 54 
7200 45 46 47 
7200 46 22 45 
7200 47 45 52 
7200 48 51 52 
7200 49 13 29 
7200 50 23 31 
7200 51 25 48 
7200 52 25 26 34 36 42 47 48 
7200 53 1 6 7 8 19 20 21 27 30 35 40 41 44 
7200 54 1 6 7 8 18 19 20 21 24 27 28 30 35 37 39 40 41 44 
7200 55 18 24 37 42 
7200 56 95 96 
7200 57 95 96 
7200 58 95 96 
7200 59 95 96 
7200 60 95 96 
7200 61 95 96 
7200 62 66 82 91 
7200 63 67 73 77 78 83 86 
7200 64 73 74 
7200 65 95 96 
7200 66 62 82 
7200 67 63 79 
7200 68 93 95 
7200 69 95 96 
7200 70 95 96 
7200 71 95 96 
7200 72 95 96 
7200 73 63 64 
7200 74 64 96 
7200 75 
7200 76 95 96 
7200 77 63 94 
7200 78 63 94 
7200 79 67 87 
7200 80 95 96 
7200 81 95 96 
7200 82 62 66 
7200 83 63 94 
7200 84 95 96 
7200 85 95 96 
7200 86 63 91 
7200 87 79 96 
7200 88 95 96 
7200 89 95 96 
7200 90 95 96 
7200 91 62 86 
7200 92 95 96 
7200 93 68 96 
7200 94 77 78 83 
7200 95 2 9 10 11 56 57 58 59 60 61 65 68 69 70 71 72 76 80 81 84 85 88 89 90 92 
7200 96 2 9 10 11 56 57 58 59 60 61 65 69 70 71 72 74 76 80 81 84 85 87 88 89 90 92 93 
7200 97 126 127 
7200 98 126 127 
7200 99 122 127 
7200 100 126 127 
7200 101 124 127 
7200 102 126 127 
7200 103 125 126 
7200 104 126 127 
7200 105 126 127 
7200 106 126 127 
7200 107 125 126 
7200 108 126 127 
7200 109 126 127 
7200 110 126 127 
7200 111 125 126 
7200 112 126 127 
7200 113 126 127 
7200 114 126 127 
7200 115 126 127 
7200 116 126 127 
7200 117 126 127 
7200 118 126 127 
7200 119 126 127 
7200 120 126 127 
7200 121 126 127 
7200 122 99 127 
7200 123 127 133 
7200 124 101 127 
7200 125 103 107 111 137 
7200 126 3 12 97 98 100 102 103 104 105 106 107 108 109 110 111 112 113 114 115 116 117 118 119 120 121 128 129 130 131 132 133 134 135 136 137 138 139 140 141 142 
7200 127 3 12 97 98 99 100 101 102 104 105 106 108 109 110 112 113 114 115 116 117 118 119 120 121 122 123 124 128 129 130 131 132 134 135 136 138 139 140 141 142 
7200 128 126 127 
7200 129 126 127 
7200 130 126 127 
7200 131 126 127 
7200 132 126 127 
7200 133 123 126 
7200 134 126 127 
7200 135 126 127 
7200 136 126 127 
7200 137 125 126 
7200 138 126 127 
7200 139 126 127 
7200 140 126 127 
7200 141 126 127 
7200 142 126 127 
7200 143 144 145 157 172 
7200 144 143 225 
7200 145 143 225 
7200 146 189 225 
7200 147 238 239 
7200 148 238 239 
7200 149 236 239 
7200 150 160 225 
7200 151 189 225 
7200 152 189 225 
7200 153 188 189 
7200 154 238 239 
7200 155 189 225 
7200 156 233 239 
7200 157 143 225 
7200 158 238 239 
7200 159 236 239 
7200 160 150 239 
7200 161 189 225 
7200 162 189 225 
7200 163 29 225 
7200 164 225 231 
7200 165 225 233 
7200 166 187 188 
7200 167 189 231 
7200 168 236 239 
7200 169 189 225 
7200 170 236 239 
7200 171 236 239 
7200 172 143 225 
7200 173 236 239 
7200 174 238 239 
7200 175 189 225 
7200 176 225 239 
7200 177 234 236 
7200 178 29 189 
7200 179 189 225 
7200 180 189 225 
7200 181 236 239 
7200 182 189 231 
7200 183 225 239 
7200 184 33 225 
7200 185 236 239 
7200 186 189 225 
7200 187 166 231 
7200 188 153 166 
7200 189 146 151 152 153 155 161 162 167 169 175 178 179 180 182 186 
7200 190 238 239 
7200 191 238 239 
7200 192 238 239 
7200 193 238 239 
7200 194 207 231 
7200 195 238 239 
7200 196 238 239 
7200 197 237 238 
7200 198 233 237 
7200 199 238 239 
7200 200 232 239 
7200 201 237 238 
7200 202 237 238 
7200 203 237 238 
7200 204 238 239 
7200 205 237 238 
7200 206 234 238 
7200 207 194 226 
7200 208 237 238 
7200 209 237 239 
7200 210 238 239 
7200 211 238 239 
7200 212 238 239 
7200 213 233 237 
7200 214 238 239 
7200 215 238 239 
7200 216 238 239 
7200 217 237 238 
7200 218 235 238 
7200 219 238 239 
7200 220 238 239 
7200 221 237 238 
7200 222 233 237 
7200 223 238 239 
7200 224 238 239 
7200 225 4 14 15 33 144 145 146 150 151 152 155 157 161 162 163 164 165 169 172 175 176 179 180 183 184 186 
7200 226 207 234 
7200 227 237 238 
7200 228 238 239 
7200 229 238 239 
7200 230 238 239 
7200 231 164 167 182 187 194 
7200 232 200 233 
7200 233 156 165 198 213 222 232 
7200 234 177 206 226 
7200 235 218 239 
7200 236 149 159 168 170 171 173 177 181 185 
7200 237 197 198 201 202 203 205 208 209 213 217 221 222 227 
7200 238 16 147 148 154 158 174 190 191 192 193 195 196 197 199 201 202 203 204 205 206 208 210 211 212 214 215 216 217 218 219 220 221 223 224 227 228 229 230 
7200 239 5 16 147 148 149 154 156 158 159 160 168 170 171 173 174 176 181 183 185 190 191 192 193 195 196 199 200 204 209 210 211 212 214 215 216 219 220 223 224 228 229 230 235 
7200 240 0 5 
7200 241 0 4 
7200 242 0 
7200 243 0 4 
7200 244 0 5 
7200 245 0 5 
7200 246 0 4 
7200 247 0 5 
7200 248 0 
7200 249 0 
7200 250 0 4 
7200 251 0 5 
7200 252 0 4 
7200 253 0 
7200 254 0 
7200 255 0 5 
7200 256 0 5 
7200 257 0 4 
7200 258 0 
7200 259 0 4 
7200 260 0 5 
7200 261 0 4 
7200 262 0 4 5 
7200 263 0 5 
7200 264 0 
7200 265 0 
7200 266 0 4 5 
7200 267 0 5 
7200 268 0 4 
7200 269 0 4 
9000 0 4 5 240 241 242 243 244 245 246 247 248 249 250 251 252 253 254 255 256 257 258 259 260 261 262 263 264 265 266 267 268 269 
9000 1 53 54 
9000 2 95 96 
9000 3 126 127 
9000 4 0 225 241 243 246 250 252 257 259 261 262 266 268 269 
9000 5 0 239 240 244 245 247 251 255 256 260 262 263 266 267 
9000 6 53 54 
9000 7 53 54 
9000 8 53 54 
9000 9 95 96 
9000 10 95 96 
9000 11 95 96 
9000 12 126 127 
9000 13 32 49 
9000 14 15 225 
9000 15 14 225 
9000 16 238 239 
9000 17 28 31 
9000 18 53 54 
9000 19 53 54 
9000 20 53 54 
9000 21 54 55 
9000 22 34 36 46 
9000 23 40 43 
9000 24 54 55 
9000 25 53 54 
9000 26 34 38 45 48 
9000 27 53 54 
9000 28 17 54 
9000 29 49 185 
9000 30 54 55 
9000 31 17 40 43 
9000 32 13 152 
9000 33 53 54 
9000 34 22 26 
9000 35 54 55 
9000 36 22 55 
9000 37 54 55 
9000 38 26 52 
9000 39 54 55 
9000 40 23 31 
9000 41 53 54 
9000 42 52 55 
9000 43 23 31 
9000 44 54 55 
9000 45 26 47 
9000 46 22 47 
9000 47 45 46 
9000 48 26 52 
9000 49 13 29 
9000 50 53 54 
9000 51 52 53 
9000 52 38 42 48 51 
9000 53 1 6 7 8 18 19 20 25 27 33 41 50 51 
9000 54 1 6 7 8 18 19 20 21 24 25 27 28 30 33 35 37 39 41 44 50 
9000 55 21 24 30 35 36 37 39 42 44 
9000 56 95 96 
9000 57 95 96 
9000 58 95 96 
9000 59 95 96 
9000 60 95 96 
9000 61 95 96 
9000 62 66 82 91 
9000 63 64 77 83 
9000 64 63 74 
9000 65 75 95 
9000 66 62 82 
9000 67 79 95 
9000 68 94 95 
9000 69 95 96 
9000 70 95 96 
9000 71 95 96 
9000 72 94 95 
9000 73 79 83 
9000 74 64 96 
9000 75 65 
9000 76 95 96 
9000 77 63 78 
9000 78 77 86 
9000 79 67 73 
9000 80 95 96 
9000 81 95 96 
9000 82 62 66 
9000 83 63 73 
9000 84 95 96 
9000 85 95 96 
9000 86 78 91 
9000 87 95 96 
9000 88 95 96 
9000 89 95 96 
9000 90 95 96 
9000 91 62 86 
9000 92 95 96 
9000 93 95 96 
9000 94 68 72 
9000 95 2 9 10 11 56 57 58 59 60 61 65 67 68 69 70 71 72 76 80 81 84 85 87 88 89 90 92 93 
9000 96 2 9 10 11 56 57 58 59 60 61 69 70 71 74 76 80 81 84 85 87 88 89 90 92 93 
9000 97 126 127 
9000 98 126 127 
9000 99 122 127 
9000 100 126 127 
9000 101 124 127 
9000 102 126 127 
9000 103 125 126 
9000 104 126 127 
9000 105 126 127 
9000 106 126 127 
9000 107 125 126 
9000 108 126 127 
9000 109 126 127 
9000 110 126 127 
9000 111 125 126 
9000 112 126 127 
9000 113 126 127 
9000 114 126 127 
9000 115 126 127 
9000 116 126 127 
9000 117 126 127 
9000 118 125 127 
9000 119 126 127 
9000 120 126 127 
9000 121 123 133 
9000 122 99 127 
9000 123 121 127 
9000 124 101 127 
9000 125 103 107 111 118 137 141 
9000 126 3 12 97 98 100 102 103 104 105 106 107 108 109 110 111 112 113 114 115 116 117 119 120 128 129 130 131 132 133 134 135 136 137 138 139 140 142 
9000 127 3 12 97 98 99 100 101 102 104 105 106 108 109 110 112 113 114 115 116 117 118 119 120 122 123 124 128 129 130 131 132 134 135 136 138 139 140 141 142 
9000 128 126 127 
9000 129 126 127 
9000 130 126 127 
9000 131 126 127 
9000 132 126 127 
9000 133 121 126 
9000 134 126 127 
9000 135 126 127 
9000 136 126 127 
9000 137 125 126 
9000 138 126 127 
9000 139 126 127 
9000 140 126 127 
9000 141 125 127 
9000 142 126 127 
9000 143 145 148 157 163 169 172 
9000 144 211 225 
9000 145 143 175 
9000 146 211 225 
9000 147 238 239 
9000 148 143 239 
9000 149 236 239 
9000 150 225 239 
9000 151 211 225 
9000 152 32 189 
9000 153 188 189 
9000 154 238 239 
9000 155 188 189 
9000 156 211 225 
9000 157 143 183 
9000 158 238 239 
9000 159 236 239 
9000 160 236 239 
9000 161 211 225 
9000 162 211 225 
9000 163 143 183 
9000 164 236 239 
9000 165 225 239 
9000 166 174 187 
9000 167 189 225 
9000 168 189 211 
9000 169 143 225 
9000 170 231 239 
9000 171 236 239 
9000 172 143 175 
9000 173 236 239 
9000 174 166 239 
9000 175 145 172 
9000 176 225 239 
9000 177 234 236 
9000 178 234 236 
9000 179 188 189 
9000 180 189 225 
9000 181 236 239 
9000 182 189 231 
9000 183 157 163 
9000 184 188 189 
9000 185 29 239 
9000 186 188 189 
9000 187 166 236 
9000 188 153 155 179 184 186 
9000 189 152 153 155 167 168 179 180 182 184 186 
9000 190 238 239 
9000 191 238 239 
9000 192 238 239 
9000 193 238 239 
9000 194 231 234 
9000 195 238 239 
9000 196 238 239 
9000 197 207 234 
9000 198 233 237 
9000 199 238 239 
9000 200 232 239 
9000 201 237 238 
9000 202 237 238 
9000 203 237 238 
9000 204 238 239 
9000 205 237 238 
9000 206 234 238 
9000 207 197 234 
9000 208 237 238 
9000 209 237 239 
9000 210 238 239 
9000 211 144 146 151 156 161 162 168 
9000 212 238 239 
9000 213 233 237 
9000 214 238 239 
9000 215 238 239 
9000 216 238 239 
9000 217 237 238 
9000 218 236 238 
9000 219 238 239 
9000 220 238 239 
9000 221 237 238 
9000 222 237 238 
9000 223 238 239 
9000 224 237 239 
9000 225 4 14 15 144 146 150 151 156 161 162 165 167 169 176 180 
9000 226 237 238 
9000 227 237 238 
9000 228 238 239 
9000 229 238 239 
9000 230 238 239 
9000 231 170 182 194 
9000 232 200 233 
9000 233 198 213 232 
9000 234 177 178 194 197 206 207 
9000 235 238 239 
9000 236 149 159 160 164 171 173 177 178 181 187 218 
9000 237 198 201 202 203 205 208 209 213 217 221 222 224 226 227 
9000 238 16 147 154 158 190 191 192 193 195 196 199 201 202 203 204 205 206 208 210 212 214 215 216 217 218 219 220 221 222 223 226 227 228 229 230 235 
9000 239 5 16 147 148 149 150 154 158 159 160 164 165 170 171 173 174 176 181 185 190 191 192 193 195 196 199 200 204 209 210 212 214 215 216 219 220 223 224 228 229 230 235 
9000 240 0 5 
9000 241 0 4 
9000 242 0 
9000 243 0 4 
9000 244 0 5 
9000 245 0 5 
9000 246 0 4 
9000 247 0 5 
9000 248 0 
9000 249 0 
9000 250 0 4 
9000 251 0 5 
9000 252 0 4 
9000 253 0 
9000 254 0 
9000 255 0 5 
9000 256 0 5 
9000 257 0 4 
9000 258 0 
9000 259 0 4 
9000 260 0 5 
9000 261 0 4 
9000 262 0 4 5 
9000 263 0 5 
9000 264 0 
9000 265 0 
9000 266 0 4 5 
9000 267 0 5 
9000 268 0 4 
9000 269 0 4 
10800 0 4 5 240 241 242 243 244 245 246 247 248 249 250 251 252 253 254 255 256 257 258 259 260 261 262 263 264 265 266 267 268 269 
10800 1 53 54 
10800 2 93 95 
10800 3 126 127 
10800 4 0 225 241 243 246 250 252 257 259 261 262 266 268 269 
10800 5 0 239 240 244 245 247 251 255 256 260 262 263 266 267 
10800 6 53 54 
10800 7 53 54 
10800 8 53 54 
10800 9 93 95 
10800 10 93 95 
10800 11 93 95 
10800 12 126 127 
10800 13 32 49 
10800 14 15 225 
10800 15 14 225 
10800 16 238 239 
10800 17 28 31 
10800 18 53 54 
10800 19 53 54 
10800 20 53 54 
10800 21 53 54 
10800 22 34 46 
10800 23 40 43 50 
10800 24 54 55 
10800 25 52 55 
10800 26 38 45 
10800 27 53 54 
10800 28 17 54 
10800 29 144 145 
10800 30 53 54 
10800 31 17 40 43 50 
10800 32 13 36 
10800 33 53 54 
10800 34 22 55 
10800 35 53 54 
10800 36 32 55 
10800 37 54 55 
10800 38 26 52 
10800 39 53 54 
10800 40 23 31 
10800 41 53 54 
10800 42 53 55 
10800 43 23 31 
10800 44 53 54 
10800 45 26 47 
10800 46 22 47 
10800 47 45 46 
10800 48 52 55 
10800 49 13 55 
10800 50 23 31 
10800 51 52 53 
10800 52 25 38 48 51 
10800 53 1 6 7 8 18 19 20 21 27 30 33 35 39 41 42 44 51 
10800 54 1 6 7 8 18 19 20 21 24 27 28 30 33 35 37 39 41 44 
10800 55 24 25 34 36 37 42 48 49 
10800 56 92 95 
10800 57 92 95 
10800 58 92 95 
10800 59 93 95 
10800 60 95 96 
10800 61 95 96 
10800 62 66 75 82 91 
10800 63 73 77 78 83 
10800 64 74 79 
10800 65 93 95 
10800 66 62 82 
10800 67 79 80 
10800 68 93 95 
10800 69 89 95 
10800 70 95 96 
10800 71 93 95 
10800 72 93 95 
10800 73 63 83 
10800 74 64 95 
10800 75 62 95 
10800 76 95 96 
10800 77 63 94 
10800 78 63 86 
10800 79 64 67 
10800 80 67 96 
10800 81 94 95 
10800 82 62 66 
10800 83 63 73 
10800 84 95 96 
10800 85 92 95 
10800 86 78 91 
10800 87 94 95 
10800 88 95 96 
10800 89 69 95 
10800 90 95 96 
10800 91 62 86 
10800 92 56 57 58 85 
10800 93 2 9 10 11 59 65 68 71 72 
10800 94 77 81 87 
10800 95 2 9 10 11 56 57 58 59 60 61 65 68 69 70 71 72 74 75 76 81 84 85 87 88 89 90 
10800 96 60 61 70 76 80 84 88 90 
10800 97 126 127 
10800 98 126 127 
10800 99 122 127 
10800 100 126 127 
10800 101 124 127 
10800 102 126 127 
10800 103 125 126 
10800 104 126 127 
10800 105 126 127 
10800 106 126 127 
10800 107 126 127 
10800 108 126 127 
10800 109 126 127 
10800 110 126 127 
10800 111 125 126 
10800 112 126 127 
10800 113 126 127 
10800 114 126 127 
10800 115 126 127 
10800 116 126 127 
10800 117 126 127 
10800 118 126 127 
10800 119 126 127 
10800 120 126 127 
10800 121 123 133 
10800 122 99 127 
10800 123 121 127 
10800 124 101 127 
10800 125 103 111 137 
10800 126 3 12 97 98 100 102 103 104 105 106 107 108 109 110 111 112 113 114 115 116 117 118 119 120 128 129 130 131 132 133 134 135 136 137 138 139 140 141 142 
10800 127 3 12 97 98 99 100 101 102 104 105 106 107 108 109 110 112 113 114 115 116 117 118 119 120 122 123 124 128 129 130 131 132 134 135 136 138 139 140 141 142 
10800 128 126 127 
10800 129 126 127 
10800 130 126 127 
10800 131 126 127 
10800 132 126 127 
10800 133 121 126 
10800 134 126 127 
10800 135 126 127 
10800 136 126 127 
10800 137 125 126 
10800 138 126 127 
10800 139 126 127 
10800 140 126 127 
10800 141 126 127 
10800 142 126 127 
10800 143 145 172 
10800 144 29 225 
10800 145 29 143 
10800 146 193 225 
10800 147 238 239 
10800 148 238 239 
10800 149 236 239 
10800 150 238 239 
10800 151 193 225 
10800 152 188 189 
10800 153 188 189 
10800 154 238 239 
10800 155 188 189 
10800 156 200 225 
10800 157 188 189 
10800 158 238 239 
10800 159 236 239 
10800 160 238 239 
10800 161 193 225 
10800 162 193 225 
10800 163 188 189 
10800 164 225 231 
10800 165 189 225 
10800 166 182 187 
10800 167 189 225 
10800 168 188 189 
10800 169 188 189 
10800 170 236 239 
10800 171 236 239 
10800 172 143 175 
10800 173 236 239 
10800 174 238 239 
10800 175 172 225 
10800 176 225 239 
10800 177 234 236 
10800 178 188 189 
10800 179 188 189 
10800 180 189 225 
10800 181 236 239 
10800 182 166 231 
10800 183 225 239 
10800 184 188 189 
10800 185 236 239 
10800 186 188 189 
10800 187 166 231 
10800 188 152 153 155 157 163 168 169 178 179 184 186 
10800 189 152 153 155 157 163 165 167 168 169 178 179 180 184 186 
10800 190 238 239 
10800 191 238 239 
10800 192 238 239 
10800 193 146 151 161 162 
10800 194 238 239 
10800 195 238 239 
10800 196 238 239 
10800 197 226 234 
10800 198 238 239 
10800 199 238 239 
10800 200 156 239 
10800 201 237 238 
10800 202 237 238 
10800 203 237 238 
10800 204 238 239 
10800 205 237 238 
10800 206 234 238 
10800 207 231 234 
10800 208 237 238 
10800 209 237 239 
10800 210 238 239 
10800 211 238 239 
10800 212 238 239 
10800 213 233 237 
10800 214 238 239 
10800 215 238 239 
10800 216 238 239 
10800 217 237 238 
10800 218 235 238 
10800 219 238 239 
10800 220 238 239 
10800 221 237 238 
10800 222 233 237 
10800 223 238 239 
10800 224 237 239 
10800 225 4 14 15 144 146 151 156 161 162 164 165 167 175 176 180 183 
10800 226 197 234 
10800 227 237 238 
10800 228 238 239 
10800 229 238 239 
10800 230 238 239 
10800 231 164 182 187 207 
10800 232 233 237 
10800 233 213 222 232 
10800 234 177 197 206 207 226 
10800 235 218 239 
10800 236 149 159 170 171 173 177 181 185 
10800 237 201 202 203 205 208 209 213 217 221 222 224 227 232 
10800 238 16 147 148 150 154 158 160 174 190 191 192 194 195 196 198 199 201 202 203 204 205 206 208 210 211 212 214 215 216 217 218 219 220 221 223 227 228 229 230 
10800 239 5 16 147 148 149 150 154 158 159 160 170 171 173 174 176 181 183 185 190 191 192 194 195 196 198 199 200 204 209 210 211 212 214 215 216 219 220 223 224 228 229 230 235 
10800 240 0 5 
10800 241 0 4 
10800 242 0 
10800 243 0 4 
10800 244 0 5 
10800 245 0 5 
10800 246 0 4 
10800 247 0 5 
10800 248 0 
10800 249 0 
10800 250 0 4 
10800 251 0 5 
10800 252 0 4 
10800 253 0 
10800 254 0 
10800 255 0 5 
10800 256 0 5 
10800 257 0 4 
10800 258 0 
10800 259 0 4 
10800 260 0 5 
10800 261 0 4 
10800 262 0 4 5 
10800 263 0 5 
10800 264 0 
10800 265 0 
10800 266 0 4 5 
10800 267 0 5 
10800 268 0 4 
10800 269 0 4 
12600 0 4 5 240 241 242 243 244 245 246 247 248 249 250 251 252 253 254 255 256 257 258 259 260 261 262 263 264 265 266 267 268 269 
12600 1 53 54 
12600 2 95 96 
12600 3 126 127 
12600 4 0 234 241 243 246 250 252 257 259 261 262 266 268 269 
12600 5 0 239 240 244 245 247 251 255 256 260 262 263 266 267 
12600 6 53 54 
12600 7 53 54 
12600 8 53 54 
12600 9 95 96 
12600 10 95 96 
12600 11 95 96 
12600 12 126 127 
12600 13 32 49 
12600 14 225 234 
12600 15 225 234 
12600 16 238 239 
12600 17 28 31 
12600 18 53 54 
12600 19 53 54 
12600 20 53 54 
12600 21 53 54 
12600 22 34 46 
12600 23 40 43 50 
12600 24 53 54 
12600 25 51 52 
12600 26 34 38 45 46 47 
12600 27 53 54 
12600 28 17 54 
12600 29 32 39 145 
12600 30 53 54 
12600 31 17 40 43 50 
12600 32 13 29 
12600 33 54 55 
12600 34 22 26 
12600 35 53 54 
12600 36 49 55 
12600 37 54 55 
12600 38 26 52 
12600 39 29 53 
12600 40 23 31 
12600 41 53 54 
12600 42 52 55 
12600 43 23 31 
12600 44 53 54 
12600 45 26 47 
12600 46 22 26 
12600 47 26 45 
12600 48 51 52 
12600 49 13 36 
12600 50 23 31 
12600 51 25 48 
12600 52 25 38 42 48 
12600 53 1 6 7 8 18 19 20 21 24 27 30 35 39 41 44 
12600 54 1 6 7 8 18 19 20 21 24 27 28 30 33 35 37 41 44 
12600 55 33 36 37 42 
12600 56 95 96 
12600 57 95 96 
12600 58 95 96 
12600 59 95 96 
12600 60 95 96 
12600 61 95 96 
12600 62 82 91 
12600 63 73 78 83 94 
12600 64 79 96 
12600 65 95 96 
12600 66 75 77 
12600 67 79 80 
12600 68 93 95 
12600 69 95 96 
12600 70 95 96 
12600 71 95 96 
12600 72 93 95 
12600 73 63 83 
12600 74 95 96 
12600 75 66 77 
12600 76 95 96 
12600 77 66 75 86 94 
12600 78 63 86 
12600 79 64 67 
12600 80 67 96 
12600 81 95 96 
12600 82 62 91 
12600 83 63 73 
12600 84 95 96 
12600 85 95 96 
12600 86 77 78 
12600 87 95 96 
12600 88 95 96 
12600 89 95 96 
12600 90 95 96 
12600 91 62 82 
12600 92 95 96 
12600 93 68 72 
12600 94 63 77 
12600 95 2 9 10 11 56 57 58 59 60 61 65 68 69 70 71 72 74 76 81 84 85 87 88 89 90 92 
12600 96 2 9 10 11 56 57 58 59 60 61 64 65 69 70 71 74 76 80 81 84 85 87 88 89 90 92 
12600 97 126 127 
12600 98 126 127 
12600 99 122 127 
12600 100 126 127 
12600 101 126 127 
12600 102 126 127 
12600 103 126 127 
12600 104 126 127 
12600 105 126 127 
12600 106 126 127 
12600 107 125 126 
12600 108 126 127 
12600 109 126 127 
12600 110 126 127 
12600 111 125 126 
12600 112 126 127 
12600 113 126 127 
12600 114 126 127 
12600 115 126 127 
12600 116 126 127 
12600 117 126 127 
12600 118 126 127 
12600 119 126 127 
12600 120 126 127 
12600 121 123 133 
12600 122 99 127 
12600 123 121 127 
12600 124 126 127 
12600 125 107 111 137 
12600 126 3 12 97 98 100 101 102 103 104 105 106 107 108 109 110 111 112 113 114 115 116 117 118 119 120 124 128 129 130 131 132 133 134 135 136 137 138 139 140 141 142 
12600 127 3 12 97 98 99 100 101 102 103 104 105 106 108 109 110 112 113 114 115 116 117 118 119 120 122 123 124 128 129 130 131 132 134 135 136 138 139 140 141 142 
12600 128 126 127 
12600 129 126 127 
12600 130 126 127 
12600 131 126 127 
12600 132 126 127 
12600 133 121 126 
12600 134 126 127 
12600 135 126 127 
12600 136 126 127 
12600 137 125 126 
12600 138 126 127 
12600 139 126 127 
12600 140 126 127 
12600 141 126 127 
12600 142 126 127 
12600 143 145 150 157 168 172 179 184 
12600 144 234 239 
12600 145 29 143 
12600 146 225 234 
12600 147 238 239 
12600 148 238 239 
12600 149 236 239 
12600 150 143 200 
12600 151 200 225 
12600 152 188 189 
12600 153 188 189 
12600 154 238 239 
12600 155 189 234 
12600 156 200 225 
12600 157 143 189 
12600 158 238 239 
12600 159 236 239 
12600 160 236 239 
12600 161 189 234 
12600 162 238 239 
12600 163 188 189 
12600 164 234 239 
12600 165 200 225 
12600 166 187 194 
12600 167 225 234 
12600 168 143 200 
12600 169 188 189 
12600 170 236 239 
12600 171 236 239 
12600 172 143 175 
12600 173 236 239 
12600 174 238 239 
12600 175 172 234 
12600 176 234 239 
12600 177 236 239 
12600 178 188 189 
12600 179 143 189 
12600 180 225 234 
12600 181 236 239 
12600 182 231 234 
12600 183 234 239 
12600 184 143 189 
12600 185 236 239 
12600 186 189 234 
12600 187 166 239 
12600 188 152 153 163 169 178 
12600 189 152 153 155 157 161 163 169 178 179 184 186 
12600 190 238 239 
12600 191 238 239 
12600 192 238 239 
12600 193 238 239 
12600 194 166 231 
12600 195 238 239 
12600 196 238 239 
12600 197 207 226 
12600 198 237 238 
12600 199 238 239 
12600 200 150 151 156 165 168 
12600 201 238 239 
12600 202 237 238 
12600 203 238 239 
12600 204 238 239 
12600 205 237 238 
12600 206 230 238 
12600 207 197 226 
12600 208 238 239 
12600 209 238 239 
12600 210 238 239 
12600 211 238 239 
12600 212 238 239 
12600 213 233 237 
12600 214 238 239 
12600 215 238 239 
12600 216 238 239 
12600 217 237 238 
12600 218 235 238 
12600 219 238 239 
12600 220 238 239 
12600 221 237 238 
12600 222 233 237 
12600 223 238 239 
12600 224 232 239 
12600 225 14 15 146 151 156 165 167 180 
12600 226 197 207 
12600 227 237 238 
12600 228 238 239 
12600 229 238 239 
12600 230 206 239 
12600 231 182 194 
12600 232 224 233 
12600 233 213 222 232 
12600 234 4 14 15 144 146 155 161 164 167 175 176 180 182 183 186 
12600 235 218 239 
12600 236 149 159 160 170 171 173 177 181 185 
12600 237 198 202 205 213 217 221 222 227 
12600 238 16 147 148 154 158 162 174 190 191 192 193 195 196 198 199 201 202 203 204 205 206 208 209 210 211 212 214 215 216 217 218 219 220 221 223 227 228 229 
12600 239 5 16 144 147 148 149 154 158 159 160 162 164 170 171 173 174 176 177 181 183 185 187 190 191 192 193 195 196 199 201 203 204 208 209 210 211 212 214 215 216 219 220 223 224 228 229 230 235 
12600 240 0 5 
12600 241 0 4 
12600 242 0 
12600 243 0 4 
12600 244 0 5 
12600 245 0 5 
12600 246 0 4 
12600 247 0 5 
12600 248 0 
12600 249 0 
12600 250 0 4 
12600 251 0 5 
12600 252 0 4 
12600 253 0 
12600 254 0 
12600 255 0 5 
12600 256 0 5 
12600 257 0 4 
12600 258 0 
12600 259 0 4 
12600 260 0 5 
12600 261 0 4 
12600 262 0 4 5 
12600 263 0 5 
12600 264 0 
12600 265 0 
12600 266 0 4 5 
12600 267 0 5 
12600 268 0 4 
12600 269 0 4 
14400 0 4 5 240 241 242 243 244 245 246 247 248 249 250 251 252 253 254 255 256 257 258 259 260 261 262 263 264 265 266 267 268 269 
14400 1 53 54 
14400 2 95 96 
14400 3 126 127 
14400 4 0 236 241 243 246 250 252 257 259 261 262 266 268 269 
14400 5 0 239 240 244 245 247 251 255 256 260 262 263 266 267 
14400 6 53 54 
14400 7 53 54 
14400 8 53 54 
14400 9 95 96 
14400 10 95 96 
14400 11 95 96 
14400 12 126 127 
14400 13 143 189 
14400 14 225 236 
14400 15 225 236 
14400 16 238 239 
14400 17 28 31 
14400 18 53 54 
14400 19 54 184 
14400 20 53 54 
14400 21 53 54 
14400 22 36 55 
14400 23 40 43 50 
14400 24 54 55 
14400 25 52 54 
14400 26 34 38 45 
14400 27 53 54 
14400 28 17 54 
14400 29 55 184 
14400 30 53 54 
14400 31 17 40 43 50 
14400 32 145 184 
14400 33 53 54 
14400 34 26 47 
14400 35 53 54 
14400 36 22 55 
14400 37 54 55 
14400 38 26 52 
14400 39 54 184 
14400 40 23 31 
14400 41 53 54 
14400 42 54 55 
14400 43 23 31 
14400 44 53 54 
14400 45 26 47 
14400 46 52 55 
14400 47 34 45 
14400 48 52 54 
14400 49 55 143 
14400 50 23 31 
14400 51 53 54 
14400 52 25 38 46 48 
14400 53 1 6 7 8 18 20 21 27 30 33 35 41 44 51 
14400 54 1 6 7 8 18 19 20 21 24 25 27 28 30 33 35 37 39 41 42 44 48 51 
14400 55 22 24 29 36 37 42 46 49 
14400 56 95 96 
14400 57 95 96 
14400 58 95 96 
14400 59 95 96 
14400 60 95 96 
14400 61 95 96 
14400 62 66 91 
14400 63 73 83 
14400 64 74 79 
14400 65 95 96 
14400 66 62 82 
14400 67 79 80 
14400 68 75 96 
14400 69 95 96 
14400 70 95 96 
14400 71 95 96 
14400 72 92 95 
14400 73 63 83 
14400 74 64 96 
14400 75 68 92 
14400 76 95 96 
14400 77 82 94 
14400 78 86 94 
14400 79 64 67 
14400 80 67 96 
14400 81 95 96 
14400 82 66 77 
14400 83 63 73 
14400 84 95 96 
14400 85 95 96 
14400 86 78 91 
14400 87 95 96 
14400 88 95 96 
14400 89 95 96 
14400 90 95 96 
14400 91 62 86 
14400 92 72 75 
14400 93 95 96 
14400 94 77 78 
14400 95 2 9 10 11 56 57 58 59 60 61 65 69 70 71 72 76 81 84 85 87 88 89 90 93 
14400 96 2 9 10 11 56 57 58 59 60 61 65 68 69 70 71 74 76 80 81 84 85 87 88 89 90 93 
14400 97 126 127 
14400 98 126 127 
14400 99 124 127 
14400 100 126 127 
14400 101 124 127 
14400 102 126 127 
14400 103 126 127 
14400 104 126 127 
14400 105 126 127 
14400 106 126 127 
14400 107 125 126 
14400 108 126 127 
14400 109 126 127 
14400 110 126 127 
14400 111 126 127 
14400 112 126 127 
14400 113 126 127 
14400 114 126 127 
14400 115 126 127 
14400 116 126 127 
14400 117 125 127 
14400 118 126 127 
14400 119 126 127 
14400 120 126 127 
14400 121 123 133 
14400 122 125 127 
14400 123 121 127 
14400 124 99 101 
14400 125 107 117 122 137 
14400 126 3 12 97 98 100 102 103 104 105 106 107 108 109 110 111 112 113 114 115 116 118 119 120 128 129 130 131 132 133 134 135 136 137 138 139 140 141 142 
14400 127 3 12 97 98 99 100 101 102 103 104 105 106 108 109 110 111 112 113 114 115 116 117 118 119 120 122 123 128 129 130 131 132 134 135 136 138 139 140 141 142 
14400 128 126 127 
14400 129 126 127 
14400 130 126 127 
14400 131 126 127 
14400 132 126 127 
14400 133 121 126 
14400 134 126 127 
14400 135 126 127 
14400 136 126 127 
14400 137 125 126 
14400 138 126 127 
14400 139 126 127 
14400 140 126 127 
14400 141 126 127 
14400 142 126 127 
14400 143 13 49 157 168 169 172 
14400 144 225 236 
14400 145 32 175 
14400 146 177 225 
14400 147 238 239 
14400 148 238 239 
14400 149 236 239 
14400 150 236 239 
14400 151 189 225 
14400 152 177 231 
14400 153 177 189 
14400 154 238 239 
14400 155 189 225 
14400 156 200 225 
14400 157 143 189 
14400 158 238 239 
14400 159 238 239 
14400 160 236 239 
14400 161 225 236 
14400 162 238 239 
14400 163 236 238 
14400 164 177 225 
14400 165 200 225 
14400 166 177 187 
14400 167 189 225 
14400 168 143 189 
14400 169 143 189 
14400 170 236 239 
14400 171 236 239 
14400 172 143 175 
14400 173 236 239 
14400 174 238 239 
14400 175 145 172 
14400 176 236 239 
14400 177 146 152 153 164 166 
14400 178 188 189 
14400 179 236 239 
14400 180 225 239 
14400 181 236 239 
14400 182 189 231 
14400 183 236 239 
14400 184 19 29 32 39 
14400 185 236 239 
14400 186 189 225 
14400 187 166 236 
14400 188 178 225 
14400 189 13 151 153 155 157 167 168 169 178 182 186 
14400 190 238 239 
14400 191 238 239 
14400 192 238 239 
14400 193 238 239 
14400 194 235 238 
14400 195 238 239 
14400 196 238 239 
14400 197 226 234 
14400 198 233 237 
14400 199 238 239 
14400 200 156 165 232 
14400 201 237 238 
14400 202 238 239 
14400 203 237 238 
14400 204 238 239 
14400 205 237 238 
14400 206 237 238 
14400 207 231 234 
14400 208 237 238 
14400 209 237 239 
14400 210 238 239 
14400 211 238 239 
14400 212 238 239 
14400 213 237 239 
14400 214 238 239 
14400 215 238 239 
14400 216 238 239 
14400 217 237 238 
14400 218 235 238 
14400 219 238 239 
14400 220 238 239 
14400 221 237 238 
14400 222 233 237 
14400 223 238 239 
14400 224 237 239 
14400 225 14 15 144 146 151 155 156 161 164 165 167 180 186 188 
14400 226 197 234 
14400 227 237 238 
14400 228 238 239 
14400 229 238 239 
14400 230 238 239 
14400 231 152 182 207 
14400 232 200 233 
14400 233 198 222 232 
14400 234 197 207 226 
14400 235 194 218 
14400 236 4 14 15 144 149 150 160 161 163 170 171 173 176 179 181 183 185 187 
14400 237 198 201 203 205 206 208 209 213 217 221 222 224 227 
14400 238 16 147 148 154 158 159 162 163 174 190 191 192 193 194 195 196 199 201 202 203 204 205 206 208 210 211 212 214 215 216 217 218 219 220 221 223 227 228 229 230 
14400 239 5 16 147 148 149 150 154 158 159 160 162 170 171 173 174 176 179 180 181 183 185 190 191 192 193 195 196 199 202 204 209 210 211 212 213 214 215 216 219 220 223 224 228 229 230 
14400 240 0 5 
14400 241 0 4 
14400 242 0 
14400 243 0 4 
14400 244 0 5 
14400 245 0 5 
14400 246 0 4 
14400 247 0 5 
14400 248 0 
14400 249 0 
14400 250 0 4 
14400 251 0 5 
14400 252 0 4 
14400 253 0 
14400 254 0 
14400 255 0 5 
14400 256 0 5 
14400 257 0 4 
14400 258 0 
14400 259 0 4 
14400 260 0 5 
14400 261 0 4 
14400 262 0 4 5 
14400 263 0 5 
14400 264 0 
14400 265 0 
14400 266 0 4 5 
14400 267 0 5 
14400 268 0 4 
14400 269 0 4 
16200 0 4 5 240 241 242 243 244 245 246 247 248 249 250 251 252 253 254 255 256 257 258 259 260 261 262 263 264 265 266 267 268 269 
16200 1 53 54 
16200 2 95 96 
16200 3 126 127 
16200 4 0 235 241 243 246 250 252 257 259 261 262 266 268 269 
16200 5 0 239 240 244 245 247 251 255 256 260 262 263 266 267 
16200 6 53 54 
16200 7 53 54 
16200 8 53 54 
16200 9 95 96 
16200 10 95 96 
16200 11 95 96 
16200 12 126 127 
16200 13 32 49 
16200 14 225 235 
16200 15 225 235 
16200 16 238 239 
16200 17 28 31 
16200 18 53 54 
16200 19 53 54 
16200 20 53 54 
16200 21 53 54 
16200 22 34 36 
16200 23 40 43 50 
16200 24 54 55 
16200 25 52 55 
16200 26 34 38 45 
16200 27 53 54 
16200 28 17 54 
16200 29 145 179 
16200 30 53 54 
16200 31 17 40 43 50 
16200 32 13 167 
16200 33 53 54 
16200 34 22 26 
16200 35 53 54 
16200 36 22 55 
16200 37 54 55 
16200 38 26 52 
16200 39 53 54 
16200 40 23 31 
16200 41 53 54 
16200 42 52 55 
16200 43 23 31 
16200 44 53 54 
16200 45 26 47 
16200 46 53 54 
16200 47 45 51 
16200 48 51 52 
16200 49 13 55 
16200 50 23 31 
16200 51 47 48 
16200 52 25 38 42 48 
16200 53 1 6 7 8 18 19 20 21 27 30 33 35 39 41 44 46 
16200 54 1 6 7 8 18 19 20 21 24 27 28 30 33 35 37 39 41 44 46 
16200 55 24 25 36 37 42 49 
16200 56 95 96 
16200 57 95 96 
16200 58 95 96 
16200 59 95 96 
16200 60 95 96 
16200 61 95 96 
16200 62 66 68 82 91 
16200 63 73 77 78 83 
16200 64 94 96 
16200 65 95 96 
16200 66 62 82 
16200 67 79 92 
16200 68 62 95 
16200 69 95 96 
16200 70 95 96 
16200 71 79 96 
16200 72 74 95 
16200 73 63 94 
16200 74 72 96 
16200 75 
16200 76 95 96 
16200 77 63 94 
16200 78 63 86 
16200 79 67 71 
16200 80 95 96 
16200 81 95 96 
16200 82 62 66 
16200 83 63 94 
16200 84 95 96 
16200 85 95 96 
16200 86 78 91 
16200 87 95 96 
16200 88 95 96 
16200 89 95 96 
16200 90 95 96 
16200 91 62 86 
16200 92 67 96 
16200 93 95 96 
16200 94 64 73 77 83 
16200 95 2 9 10 11 56 57 58 59 60 61 65 68 69 70 72 76 80 81 84 85 87 88 89 90 93 
16200 96 2 9 10 11 56 57 58 59 60 61 64 65 69 70 71 74 76 80 81 84 85 87 88 89 90 92 93 
16200 97 126 127 
16200 98 126 127 
16200 99 122 127 
16200 100 126 127 
16200 101 126 127 
16200 102 126 127 
16200 103 125 126 
16200 104 126 127 
16200 105 126 127 
16200 106 126 127 
16200 107 125 126 
16200 108 126 127 
16200 109 126 127 
16200 110 126 127 
16200 111 125 126 
16200 112 126 127 
16200 113 126 127 
16200 114 126 127 
16200 115 126 127 
16200 116 126 127 
16200 117 126 127 
16200 118 126 127 
16200 119 126 127 
16200 120 126 127 
16200 121 123 133 
16200 122 99 127 
16200 123 121 127 
16200 124 126 127 
16200 125 103 107 111 
16200 126 3 12 97 98 100 101 102 103 104 105 106 107 108 109 110 111 112 113 114 115 116 117 118 119 120 124 128 129 130 131 132 133 134 135 136 137 138 139 140 141 142 
16200 127 3 12 97 98 99 100 101 102 104 105 106 108 109 110 112 113 114 115 116 117 118 119 120 122 123 124 128 129 130 131 132 134 135 136 137 138 139 140 141 142 
16200 128 126 127 
16200 129 126 127 
16200 130 126 127 
16200 131 126 127 
16200 132 126 127 
16200 133 121 126 
16200 134 126 127 
16200 135 126 127 
16200 136 126 127 
16200 137 126 127 
16200 138 126 127 
16200 139 126 127 
16200 140 126 127 
16200 141 126 127 
16200 142 126 127 
16200 143 145 150 152 155 157 168 169 172 179 180 184 186 
16200 144 225 235 
16200 145 29 143 
16200 146 225 235 
16200 147 238 239 
16200 148 238 239 
16200 149 236 239 
16200 150 143 160 
16200 151 189 225 
16200 152 143 189 
16200 153 188 189 
16200 154 238 239 
16200 155 143 189 
16200 156 200 225 
16200 157 143 189 
16200 158 238 239 
16200 159 236 239 
16200 160 150 239 
16200 161 225 235 
16200 162 235 239 
16200 163 236 239 
16200 164 231 235 
16200 165 177 225 
16200 166 187 219 
16200 167 32 225 
16200 168 143 189 
16200 169 143 189 
16200 170 236 239 
16200 171 219 239 
16200 172 143 175 
16200 173 236 239 
16200 174 238 239 
16200 175 172 235 
16200 176 235 239 
16200 177 165 236 
16200 178 188 189 
16200 179 29 143 
16200 180 143 225 
16200 181 236 239 
16200 182 238 239 
16200 183 235 239 
16200 184 143 189 
16200 185 236 239 
16200 186 143 189 
16200 187 166 235 
16200 188 153 178 
16200 189 151 152 153 155 157 168 169 178 184 186 
16200 190 238 239 
16200 191 238 239 
16200 192 238 239 
16200 193 238 239 
16200 194 231 234 
16200 195 238 239 
16200 196 238 239 
16200 197 226 234 
16200 198 233 237 
16200 199 238 239 
16200 200 156 232 
16200 201 237 238 
16200 202 237 238 
16200 203 237 238 
16200 204 237 238 
16200 205 237 238 
16200 206 234 238 
16200 207 231 234 
16200 208 238 239 
16200 209 237 239 
16200 210 238 239 
16200 211 238 239 
16200 212 238 239 
16200 213 233 237 
16200 214 238 239 
16200 215 238 239 
16200 216 238 239 
16200 217 237 238 
16200 218 234 238 
16200 219 166 171 
16200 220 238 239 
16200 221 238 239 
16200 222 233 237 
16200 223 238 239 
16200 224 237 239 
16200 225 14 15 144 146 151 156 161 165 167 180 
16200 226 197 234 
16200 227 237 238 
16200 228 238 239 
16200 229 238 239 
16200 230 238 239 
16200 231 164 194 207 
16200 232 200 239 
16200 233 198 213 222 
16200 234 194 197 206 207 218 226 
16200 235 4 14 15 144 146 161 162 164 175 176 183 187 
16200 236 149 159 163 170 173 177 181 185 
16200 237 198 201 202 203 204 205 209 213 217 222 224 227 
16200 238 16 147 148 154 158 174 182 190 191 192 193 195 196 199 201 202 203 204 205 206 208 210 211 212 214 215 216 217 218 220 221 223 227 228 229 230 
16200 239 5 16 147 148 149 154 158 159 160 162 163 170 171 173 174 176 181 182 183 185 190 191 192 193 195 196 199 208 209 210 211 212 214 215 216 220 221 223 224 228 229 230 232 
16200 240 0 5 
16200 241 0 4 
16200 242 0 
16200 243 0 4 
16200 244 0 5 
16200 245 0 5 
16200 246 0 4 
16200 247 0 5 
16200 248 0 
16200 249 0 
16200 250 0 4 
16200 251 0 5 
16200 252 0 4 
16200 253 0 
16200 254 0 
16200 255 0 5 
16200 256 0 5 
16200 257 0 4 
16200 258 0 
16200 259 0 4 
16200 260 0 5 
16200 261 0 4 
16200 262 0 4 5 
16200 263 0 5 
16200 264 0 
16200 265 0 
16200 266 0 4 5 
16200 267 0 5 
16200 268 0 4 
16200 269 0 4 
18000 0 4 5 240 241 242 243 244 245 246 247 248 249 250 251 252 253 254 255 256 257 258 259 260 261 262 263 264 265 266 267 268 269 
18000 1 53 54 
18000 2 95 96 
18000 3 126 127 
18000 4 0 239 241 243 246 250 252 257 259 261 262 266 268 269 
18000 5 0 239 240 244 245 247 251 255 256 260 262 263 266 267 
18000 6 53 54 
18000 7 53 54 
18000 8 53 54 
18000 9 95 96 
18000 10 95 96 
18000 11 95 96 
18000 12 126 127 
18000 13 29 49 
18000 14 225 239 
18000 15 225 239 
18000 16 148 238 
18000 17 54 55 
18000 18 54 55 
18000 19 53 54 
18000 20 53 54 
18000 21 53 54 
18000 22 34 36 
18000 23 40 43 50 
18000 24 55 145 
18000 25 51 52 
18000 26 34 38 45 47 
18000 27 53 54 
18000 28 53 54 
18000 29 13 32 145 
18000 30 53 54 
18000 31 40 43 50 
18000 32 29 49 
18000 33 53 54 
18000 34 22 26 
18000 35 53 54 
18000 36 22 55 
18000 37 54 55 
18000 38 26 52 
18000 39 53 54 
18000 40 23 31 
18000 41 53 54 
18000 42 52 55 
18000 43 23 31 
18000 44 53 54 
18000 45 26 47 
18000 46 52 55 
18000 47 26 45 
18000 48 51 52 
18000 49 13 32 
18000 50 23 31 
18000 51 25 48 
18000 52 25 38 42 46 48 
18000 53 1 6 7 8 19 20 21 27 28 30 33 35 39 41 44 
18000 54 1 6 7 8 17 18 19 20 21 27 28 30 33 35 37 39 41 44 
18000 55 17 18 24 36 37 42 46 
18000 56 95 96 
18000 57 95 96 
18000 58 95 96 
18000 59 95 96 
18000 60 95 96 
18000 61 95 96 
18000 62 66 82 91 
18000 63 73 77 78 83 
18000 64 95 96 
18000 65 95 96 
18000 66 62 82 
18000 67 79 96 
18000 68 93 95 
18000 69 95 96 
18000 70 95 96 
18000 71 95 96 
18000 72 92 95 
18000 73 63 83 
18000 74 95 96 
18000 75 
18000 76 95 96 
18000 77 63 94 
18000 78 63 94 
18000 79 67 96 
18000 80 85 95 
18000 81 95 96 
18000 82 62 66 
18000 83 63 73 
18000 84 95 96 
18000 85 80 96 
18000 86 91 94 
18000 87 95 96 
18000 88 95 96 
18000 89 95 96 
18000 90 95 96 
18000 91 62 86 
18000 92 72 96 
18000 93 68 96 
18000 94 77 78 86 
18000 95 2 9 10 11 56 57 58 59 60 61 64 65 68 69 70 71 72 74 76 80 81 84 87 88 89 90 
18000 96 2 9 10 11 56 57 58 59 60 61 64 65 67 69 70 71 74 76 79 81 84 85 87 88 89 90 92 93 
18000 97 126 127 
18000 98 126 127 
18000 99 122 127 
18000 100 126 127 
18000 101 126 127 
18000 102 125 127 
18000 103 125 126 
18000 104 126 127 
18000 105 126 127 
18000 106 126 127 
18000 107 125 126 
18000 108 126 127 
18000 109 126 127 
18000 110 126 127 
18000 111 125 126 
18000 112 126 127 
18000 113 126 127 
18000 114 126 127 
18000 115 126 127 
18000 116 126 127 
18000 117 126 127 
18000 118 126 127 
18000 119 126 127 
18000 120 126 127 
18000 121 123 133 
18000 122 99 127 
18000 123 121 127 
18000 124 126 127 
18000 125 102 103 107 111 137 
18000 126 3 12 97 98 100 101 103 104 105 106 107 108 109 110 111 112 113 114 115 116 117 118 119 120 124 128 129 130 131 132 133 134 135 136 137 138 139 140 141 142 
18000 127 3 12 97 98 99 100 101 102 104 105 106 108 109 110 112 113 114 115 116 117 118 119 120 122 123 124 128 129 130 131 132 134 135 136 138 139 140 141 142 
18000 128 126 127 
18000 129 126 127 
18000 130 126 127 
18000 131 126 127 
18000 132 126 127 
18000 133 121 126 
18000 134 126 127 
18000 135 126 127 
18000 136 126 127 
18000 137 125 126 
18000 138 126 127 
18000 139 126 127 
18000 140 126 127 
18000 141 126 127 
18000 142 126 127 
18000 143 157 172 
18000 144 225 239 
18000 145 24 29 
18000 146 225 239 
18000 147 238 239 
18000 148 16 239 
18000 149 236 239 
18000 150 160 239 
18000 151 225 239 
18000 152 215 239 
18000 153 231 239 
18000 154 238 239 
18000 155 215 239 
18000 156 225 239 
18000 157 143 215 
18000 158 238 239 
18000 159 236 239 
18000 160 150 239 
18000 161 225 239 
18000 162 225 239 
18000 163 215 239 
18000 164 231 239 
18000 165 225 239 
18000 166 187 215 
18000 167 225 239 
18000 168 175 189 
18000 169 189 215 
18000 170 236 239 
18000 171 236 239 
18000 172 143 175 
18000 173 236 239 
18000 174 236 237 
18000 175 168 172 
18000 176 237 239 
18000 177 236 239 
18000 178 188 189 
18000 179 215 239 
18000 180 225 239 
18000 181 236 239 
18000 182 231 239 
18000 183 225 239 
18000 184 188 189 
18000 185 236 239 
18000 186 215 239 
18000 187 166 239 
18000 188 178 184 
18000 189 168 169 178 184 
18000 190 237 238 
18000 191 237 238 
18000 192 237 238 
18000 193 237 238 
18000 194 237 238 
18000 195 237 238 
18000 196 237 238 
18000 197 226 234 
18000 198 237 238 
18000 199 237 238 
18000 200 227 232 
18000 201 237 238 
18000 202 237 238 
18000 203 237 238 
18000 204 237 238 
18000 205 237 238 
18000 206 234 238 
18000 207 231 234 
18000 208 237 238 
18000 209 233 237 
18000 210 237 238 
18000 211 237 238 
18000 212 237 238 
18000 213 233 237 
18000 214 237 238 
18000 215 152 155 157 163 166 169 179 186 
18000 216 237 238 
18000 217 237 238 
18000 218 235 238 
18000 219 237 238 
18000 220 237 238 
18000 221 237 238 
18000 222 237 238 
18000 223 236 237 
18000 224 235 237 
18000 225 14 15 144 146 151 156 161 162 165 167 180 183 
18000 226 197 234 
18000 227 200 238 
18000 228 237 238 
18000 229 237 238 
18000 230 237 238 
18000 231 153 164 182 207 
18000 232 200 233 
18000 233 209 213 232 
18000 234 197 206 207 226 
18000 235 218 224 
18000 236 149 159 170 171 173 174 177 181 185 223 
18000 237 174 176 190 191 192 193 194 195 196 198 199 201 202 203 204 205 208 209 210 211 212 213 214 216 217 219 220 221 222 223 224 228 229 230 
18000 238 16 147 154 158 190 191 192 193 194 195 196 198 199 201 202 203 204 205 206 208 210 211 212 214 216 217 218 219 220 221 222 227 228 229 230 
18000 239 4 5 14 15 144 146 147 148 149 150 151 152 153 154 155 156 158 159 160 161 162 163 164 165 167 170 171 173 176 177 179 180 181 182 183 185 186 187 
18000 240 0 5 
18000 241 0 4 
18000 242 0 
18000 243 0 4 
18000 244 0 5 
18000 245 0 5 
18000 246 0 4 
18000 247 0 5 
18000 248 0 
18000 249 0 
18000 250 0 4 
18000 251 0 5 
18000 252 0 4 
18000 253 0 
18000 254 0 
18000 255 0 5 
18000 256 0 5 
18000 257 0 4 
18000 258 0 
18000 259 0 4 
18000 260 0 5 
18000 261 0 4 
18000 262 0 4 5 
18000 263 0 5 
18000 264 0 
18000 265 0 
18000 266 0 4 5 
18000 267 0 5 
18000 268 0 4 
18000 269 0 4 
