0 21600
1800 0 1 3 182 183 184 185 186 187 188 189 190 191 192 193 194 195 196 197 198 199 200 201 202 203 204 205 206 207 208 209 210 211 
1800 1 0 29 184 186 188 190 191 192 193 195 196 197 198 200 201 202 203 205 206 207 208 210 
1800 2 79 85 
1800 3 0 113 182 184 186 188 189 191 192 193 194 196 198 199 202 203 204 205 206 207 208 209 
1800 4 120 123 
1800 5 172 173 
1800 6 24 43 
1800 7 27 39 
1800 8 40 44 
1800 9 62 78 
1800 10 95 103 
1800 11 121 130 
1800 12 161 176 
1800 13 28 31 
1800 14 22 33 
1800 15 25 36 
1800 16 24 47 
1800 17 47 
1800 18 31 32 
1800 19 39 47 
1800 20 32 35 
1800 21 24 39 
1800 22 14 45 
1800 23 24 46 
1800 24 6 16 21 23 
1800 25 15 42 
1800 26 38 45 
1800 27 7 28 37 
1800 28 13 27 
1800 29 1 40 
1800 30 34 47 
1800 31 13 18 34 
1800 32 18 20 48 
1800 33 14 35 36 41 
1800 34 30 31 
1800 35 20 33 
1800 36 15 33 
1800 37 27 
1800 38 26 41 
1800 39 7 19 21 
1800 40 8 29 
1800 41 33 38 
1800 42 25 49 
1800 43 6 46 
1800 44 8 49 
1800 45 22 26 
1800 46 23 43 
1800 47 16 17 19 30 
1800 48 32 
1800 49 42 44 
1800 50 52 86 
1800 51 77 83 
1800 52 50 64 
1800 53 55 85 
1800 54 59 76 
1800 55 53 66 
1800 56 61 80 
1800 57 75 76 
1800 58 61 78 
1800 59 54 72 
1800 60 71 80 
1800 61 56 58 
1800 62 9 69 
1800 63 65 73 
1800 64 52 
1800 65 63 67 
1800 66 55 81 
1800 67 65 73 
1800 68 72 76 
1800 69 62 85 
1800 70 84 85 
1800 71 60 72 
1800 72 59 68 71 77 
1800 73 63 67 
1800 74 75 79 
1800 75 57 74 
1800 76 54 57 68 81 
1800 77 51 72 
1800 78 9 58 
1800 79 2 74 
1800 80 56 60 
1800 81 66 76 
1800 82 84 86 
1800 83 51 85 
1800 84 70 82 
1800 85 2 53 69 70 83 
1800 86 50 82 
1800 87 95 110 
1800 88 111 112 
1800 89 111 112 
1800 90 110 111 
1800 91 115 116 
1800 92 99 103 
1800 93 102 112 
1800 94 113 116 
1800 95 10 87 
1800 96 100 107 
1800 97 114 115 
1800 98 99 114 
1800 99 92 98 
1800 100 96 105 
1800 101 113 116 
1800 102 93 109 
1800 103 10 92 
1800 104 108 114 
1800 105 100 108 
1800 106 109 113 
1800 107 96 114 
1800 108 104 105 
1800 109 102 106 
1800 110 87 90 
1800 111 88 89 90 
1800 112 88 89 93 
1800 113 3 94 101 106 
1800 114 97 98 104 107 
1800 115 91 97 
1800 116 91 94 101 
1800 117 144 
1800 118 136 
1800 119 139 
1800 120 4 129 
1800 121 11 145 
1800 122 128 
1800 123 4 140 
1800 124 144 145 
1800 125 126 142 
1800 126 125 137 
1800 127 129 
1800 128 122 129 
1800 129 120 127 128 146 
1800 130 11 
1800 131 138 
1800 132 133 135 143 147 
1800 133 132 138 
1800 134 137 139 
1800 135 132 136 
1800 136 118 135 
1800 137 126 134 
1800 138 131 133 
1800 139 119 134 
1800 140 123 141 
1800 141 140 
1800 142 125 
1800 143 132 147 
1800 144 117 124 
1800 145 121 124 
1800 146 129 
1800 147 132 143 
1800 148 160 173 
1800 149 167 170 
1800 150 166 168 
1800 151 170 174 
1800 152 171 172 
1800 153 169 179 
1800 154 161 162 
1800 155 165 178 
1800 156 164 176 
1800 157 159 175 
1800 158 169 174 
1800 159 157 171 
1800 160 148 176 
1800 161 12 154 
1800 162 154 181 
1800 163 169 174 
1800 164 156 180 
1800 165 155 166 167 180 
1800 166 150 165 
1800 167 149 165 
1800 168 150 181 
1800 169 153 158 163 
1800 170 149 151 
1800 171 152 159 175 177 
1800 172 5 152 178 
1800 173 5 148 
1800 174 151 158 163 
1800 175 157 171 
1800 176 12 156 160 
1800 177 171 179 
1800 178 155 172 
1800 179 153 177 
1800 180 164 165 
1800 181 162 168 
1800 182 0 3 
1800 183 0 
1800 184 0 1 3 
1800 185 0 
1800 186 0 1 3 
1800 187 0 
1800 188 0 1 3 
1800 189 0 3 
1800 190 0 1 
1800 191 0 1 3 
1800 192 0 1 3 
1800 193 0 1 3 
1800 194 0 3 
1800 195 0 1 
1800 196 0 1 3 
1800 197 0 1 
1800 198 0 1 3 
1800 199 0 3 
1800 200 0 1 
1800 201 0 1 
1800 202 0 1 3 
1800 203 0 1 3 
1800 204 0 3 
1800 205 0 1 3 
1800 206 0 1 3 
1800 207 0 1 3 
1800 208 0 1 3 
1800 209 0 3 
1800 210 0 1 
1800 211 0 
