0 21600
0 0 
0 1 44 62 
0 2 91 92 
0 3 115 126 
0 4 165 168 
0 5 189 218 
0 6 53 65 
0 7 50 51 
0 8 38 60 
0 9 74 81 
0 10 95 102 
0 11 117 127 
0 12 13 125 
0 13 12 125 
0 14 163 175 
0 15 163 164 
0 16 211 218 
0 17 30 41 
0 18 36 38 
0 19 32 65 
0 20 48 56 
0 21 
0 22 41 50 
0 23 54 56 
0 24 25 47 
0 25 24 55 
0 26 
0 27 36 
0 28 45 52 
0 29 33 
0 30 17 66 
0 31 
0 32 19 
0 33 29 44 
0 34 
0 35 56 66 
0 36 18 27 
0 37 
0 38 8 18 
0 39 42 
0 40 
0 41 17 22 
0 42 39 57 
0 43 
0 44 1 33 49 
0 45 28 
0 46 51 66 
0 47 24 52 
0 48 20 64 
0 49 44 66 
0 50 7 22 62 
0 51 7 46 64 
0 52 28 47 
0 53 6 59 
0 54 23 59 
0 55 25 
0 56 20 23 35 57 
0 57 42 56 
0 58 
0 59 53 54 
0 60 8 66 
0 61 
0 62 1 50 
0 63 
0 64 48 51 
0 65 6 19 
0 66 30 35 46 49 60 
0 67 95 103 
0 68 83 91 
0 69 98 102 
0 70 83 95 
0 71 91 92 
0 72 77 102 
0 73 78 89 
0 74 9 95 
0 75 77 97 
0 76 88 96 
0 77 72 75 
0 78 73 94 
0 79 84 93 
0 80 96 103 
0 81 9 84 
0 82 90 101 
0 83 68 70 
0 84 79 81 
0 85 90 94 
0 86 93 96 
0 87 
0 88 76 94 
0 89 73 91 
0 90 82 85 
0 91 2 68 71 89 101 
0 92 2 71 
0 93 79 86 
0 94 78 85 88 
0 95 10 67 70 74 
0 96 76 80 86 99 
0 97 75 100 
0 98 69 
0 99 96 102 
0 100 97 103 
0 101 82 91 
0 102 10 69 72 99 
0 103 67 80 100 
0 104 126 
0 105 118 123 
0 106 107 135 
0 107 106 109 
0 108 112 115 
0 109 107 127 
0 110 123 126 
0 111 115 131 
0 112 108 129 
0 113 118 119 136 
0 114 121 
0 115 3 108 111 116 
0 116 115 133 
0 117 11 137 
0 118 105 113 
0 119 113 120 
0 120 119 128 134 
0 121 114 
0 122 136 
0 123 105 110 132 
0 124 127 135 
0 125 12 13 
0 126 3 104 110 
0 127 11 109 124 132 
0 128 120 131 
0 129 112 137 
0 130 
0 131 111 128 
0 132 123 127 
0 133 116 
0 134 120 
0 135 106 124 
0 136 113 122 
0 137 117 129 
0 138 146 162 
0 139 152 
0 140 151 162 
0 141 155 162 
0 142 
0 143 165 
0 144 145 175 
0 145 144 150 
0 146 138 177 
0 147 175 
0 148 165 
0 149 171 176 
0 150 145 170 
0 151 140 155 
0 152 139 
0 153 172 
0 154 159 177 
0 155 141 151 
0 156 173 178 
0 157 
0 158 162 165 
0 159 154 172 
0 160 168 169 
0 161 
0 162 138 140 141 158 
0 163 14 15 
0 164 15 166 
0 165 4 143 148 158 
0 166 164 174 
0 167 170 175 
0 168 4 160 
0 169 160 
0 170 150 167 
0 171 149 177 
0 172 153 159 176 
0 173 156 174 
0 174 166 173 
0 175 14 144 147 167 
0 176 149 172 
0 177 146 154 171 
0 178 156 
0 179 209 217 
0 180 205 
0 181 195 204 
0 182 186 209 
0 183 195 216 
0 184 203 
0 185 199 
0 186 182 206 
0 187 200 206 
0 188 204 208 
0 189 5 212 
0 190 204 209 
0 191 198 217 
0 192 201 
0 193 198 216 
0 194 208 217 
0 195 181 183 
0 196 210 
0 197 199 
0 198 191 193 
0 199 185 197 
0 200 187 201 215 
0 201 192 200 
0 202 203 
0 203 184 202 
0 204 181 188 190 
0 205 180 210 
0 206 186 187 
0 207 217 218 
0 208 188 194 
0 209 179 182 190 
0 210 196 205 
0 211 16 212 
0 212 189 211 
0 213 
0 214 
0 215 200 
0 216 183 193 
0 217 179 191 194 207 
0 218 5 16 207 
1800 0 
1800 1 35 38 
1800 2 3 219 223 226 228 232 234 238 240 242 245 248 
1800 3 2 126 220 222 226 228 232 236 240 242 244 247 
1800 4 175 177 
1800 5 214 216 
1800 6 36 44 
1800 7 23 66 
1800 8 56 64 
1800 9 69 97 
1800 10 71 72 
1800 11 118 126 
1800 12 118 128 
1800 13 112 126 
1800 14 162 164 
1800 15 156 174 
1800 16 189 213 
1800 17 40 55 
1800 18 46 65 
1800 19 22 64 
1800 20 41 52 
1800 21 31 
1800 22 19 44 
1800 23 7 37 
1800 24 51 65 
1800 25 53 55 
1800 26 
1800 27 38 48 
1800 28 45 62 
1800 29 50 65 
1800 30 50 60 
1800 31 21 35 
1800 32 50 64 
1800 33 36 40 
1800 34 50 59 
1800 35 1 31 59 
1800 36 6 33 
1800 37 23 66 
1800 38 1 27 
1800 39 
1800 40 17 33 47 
1800 41 20 60 
1800 42 51 65 
1800 43 46 
1800 44 6 22 
1800 45 28 
1800 46 18 43 
1800 47 40 66 
1800 48 27 57 
1800 49 50 
1800 50 29 30 32 34 49 54 
1800 51 24 42 57 
1800 52 20 56 
1800 53 25 58 
1800 54 50 
1800 55 17 25 
1800 56 8 52 
1800 57 48 51 
1800 58 53 61 
1800 59 34 35 
1800 60 30 41 
1800 61 58 
1800 62 28 
1800 63 
1800 64 8 19 32 
1800 65 18 24 29 42 
1800 66 7 37 47 
1800 67 97 101 
1800 68 87 99 
1800 69 9 84 
1800 70 71 79 
1800 71 10 70 
1800 72 10 74 
1800 73 89 94 
1800 74 72 103 
1800 75 78 102 
1800 76 84 99 
1800 77 81 90 
1800 78 75 100 
1800 79 70 101 
1800 80 83 88 
1800 81 77 100 
1800 82 98 100 
1800 83 80 92 
1800 84 69 76 
1800 85 91 99 
1800 86 95 99 
1800 87 68 103 
1800 88 80 
1800 89 73 103 
1800 90 77 98 
1800 91 85 101 
1800 92 83 93 
1800 93 92 96 
1800 94 73 102 
1800 95 86 98 
1800 96 93 100 
1800 97 9 67 
1800 98 82 90 95 
1800 99 68 76 85 86 
1800 100 78 81 82 96 
1800 101 67 79 91 
1800 102 75 94 
1800 103 74 87 89 
1800 104 137 
1800 105 126 127 
1800 106 108 129 
1800 107 108 111 
1800 108 106 107 
1800 109 132 136 
1800 110 128 130 
1800 111 107 135 
1800 112 13 122 
1800 113 117 134 
1800 114 123 133 
1800 115 132 134 
1800 116 127 133 
1800 117 113 125 130 
1800 118 11 12 129 
1800 119 
1800 120 121 135 
1800 121 120 
1800 122 112 
1800 123 114 133 
1800 124 127 136 
1800 125 117 131 
1800 126 3 11 13 105 131 
1800 127 105 116 124 
1800 128 12 110 
1800 129 106 118 
1800 130 110 117 
1800 131 125 126 
1800 132 109 115 
1800 133 114 116 123 
1800 134 113 115 
1800 135 111 120 
1800 136 109 124 
1800 137 104 
1800 138 154 174 
1800 139 
1800 140 160 167 
1800 141 151 171 
1800 142 168 
1800 143 165 171 
1800 144 150 170 
1800 145 146 151 
1800 146 145 155 
1800 147 157 169 178 
1800 148 154 176 
1800 149 158 168 
1800 150 144 167 
1800 151 141 145 
1800 152 164 166 
1800 153 159 162 
1800 154 138 148 
1800 155 146 163 
1800 156 15 162 
1800 157 147 168 
1800 158 149 165 
1800 159 153 166 
1800 160 140 176 
1800 161 
1800 162 14 153 156 
1800 163 155 176 
1800 164 14 152 
1800 165 143 158 
1800 166 152 159 172 
1800 167 140 150 169 
1800 168 142 149 157 173 
1800 169 147 167 
1800 170 144 
1800 171 141 143 
1800 172 166 173 
1800 173 168 172 
1800 174 15 138 175 
1800 175 4 174 
1800 176 148 160 163 177 
1800 177 4 176 
1800 178 147 
1800 179 191 209 
1800 180 208 
1800 181 210 215 
1800 182 191 214 
1800 183 188 190 
1800 184 200 216 
1800 185 201 
1800 186 205 214 
1800 187 190 196 
1800 188 183 197 
1800 189 16 210 
1800 190 183 187 
1800 191 179 182 
1800 192 193 211 
1800 193 192 206 
1800 194 205 209 
1800 195 207 208 
1800 196 187 202 
1800 197 188 199 
1800 198 200 211 
1800 199 197 207 
1800 200 184 198 217 
1800 201 185 204 
1800 202 196 203 213 
1800 203 202 209 
1800 204 201 217 218 
1800 205 186 194 
1800 206 193 215 
1800 207 195 199 
1800 208 180 195 
1800 209 179 194 203 
1800 210 181 189 
1800 211 192 198 
1800 212 215 218 
1800 213 16 202 
1800 214 5 182 186 
1800 215 181 206 212 
1800 216 5 184 
1800 217 200 204 
1800 218 204 212 
1800 219 2 
1800 220 3 
1800 222 3 
1800 223 2 
1800 226 2 3 
1800 228 2 3 
1800 232 2 3 
1800 234 2 
1800 236 3 
1800 238 2 
1800 240 2 3 
1800 242 2 3 
1800 244 3 
1800 245 2 
1800 247 3 
1800 248 2 
3600 0 5 219 220 221 222 223 224 225 226 227 228 229 230 231 232 233 234 235 236 237 238 239 240 241 242 243 244 245 246 247 248 
3600 1 38 50 
3600 2 92 99 
3600 3 5 123 220 222 226 228 232 236 240 242 244 247 
3600 4 14 163 
3600 5 0 3 204 220 221 228 229 233 235 237 240 244 246 248 
3600 6 41 60 
3600 7 32 35 
3600 8 41 42 
3600 9 75 86 
3600 10 89 103 
3600 11 109 110 
3600 12 128 131 
3600 13 120 131 
3600 14 4 166 
3600 15 158 166 
3600 16 179 216 
3600 17 33 62 
3600 18 41 62 
3600 19 42 56 
3600 20 
3600 21 31 41 
3600 22 29 53 
3600 23 54 65 
3600 24 41 64 
3600 25 35 42 
3600 26 
3600 27 44 49 
3600 28 44 64 
3600 29 22 42 
3600 30 51 55 
3600 31 21 50 
3600 32 7 42 
3600 33 17 64 
3600 34 56 57 
3600 35 7 25 
3600 36 56 65 
3600 37 39 60 
3600 38 1 52 
3600 39 37 66 
3600 40 
3600 41 6 8 18 21 24 
3600 42 8 19 25 29 32 
3600 43 55 
3600 44 27 28 
3600 45 56 
3600 46 47 
3600 47 46 55 
3600 48 50 66 
3600 49 27 65 
3600 50 1 31 48 
3600 51 30 
3600 52 38 57 
3600 53 22 66 
3600 54 23 
3600 55 30 43 47 
3600 56 19 34 36 45 
3600 57 34 52 
3600 58 
3600 59 
3600 60 6 37 
3600 61 
3600 62 17 18 
3600 63 
3600 64 24 28 33 
3600 65 23 36 49 
3600 66 39 48 53 
3600 67 72 98 
3600 68 80 99 
3600 69 93 102 
3600 70 79 94 
3600 71 76 78 
3600 72 67 100 
3600 73 79 95 
3600 74 76 78 
3600 75 9 95 
3600 76 71 74 
3600 77 94 100 
3600 78 71 74 97 
3600 79 70 73 
3600 80 68 90 
3600 81 84 93 
3600 82 91 96 
3600 83 85 102 
3600 84 81 103 
3600 85 83 103 
3600 86 9 100 
3600 87 
3600 88 
3600 89 10 98 
3600 90 80 100 
3600 91 82 101 
3600 92 2 103 
3600 93 69 81 
3600 94 70 77 
3600 95 73 75 
3600 96 82 103 
3600 97 78 100 
3600 98 67 89 
3600 99 2 68 
3600 100 72 77 86 90 97 
3600 101 91 
3600 102 69 83 
3600 103 10 84 85 92 96 
3600 104 
3600 105 111 114 
3600 106 112 126 
3600 107 118 123 
3600 108 112 118 
3600 109 11 125 
3600 110 11 125 
3600 111 105 120 
3600 112 106 108 
3600 113 115 125 
3600 114 105 127 
3600 115 113 119 
3600 116 
3600 117 132 137 
3600 118 107 108 127 134 
3600 119 115 124 128 135 
3600 120 13 111 
3600 121 
3600 122 
3600 123 3 107 
3600 124 119 
3600 125 109 110 113 134 
3600 126 106 137 
3600 127 114 118 
3600 128 12 119 
3600 129 130 135 
3600 130 129 136 
3600 131 12 13 
3600 132 117 136 
3600 133 
3600 134 118 125 
3600 135 119 129 
3600 136 130 132 
3600 137 117 126 
3600 138 143 153 
3600 139 152 
3600 140 167 174 
3600 141 156 174 
3600 142 147 148 153 158 169 172 
3600 143 138 161 175 
3600 144 149 164 
3600 145 148 167 
3600 146 167 171 
3600 147 142 176 
3600 148 142 145 
3600 149 144 162 
3600 150 170 
3600 151 173 178 
3600 152 139 176 
3600 153 138 142 
3600 154 159 175 
3600 155 159 168 
3600 156 141 166 
3600 157 
3600 158 15 142 
3600 159 154 155 162 173 
3600 160 164 168 
3600 161 143 
3600 162 149 159 
3600 163 4 169 
3600 164 144 160 
3600 165 167 177 
3600 166 14 15 156 
3600 167 140 145 146 165 171 
3600 168 155 160 
3600 169 142 163 
3600 170 150 
3600 171 146 167 
3600 172 142 
3600 173 151 159 
3600 174 140 141 
3600 175 143 154 
3600 176 147 152 
3600 177 165 
3600 178 151 
3600 179 16 208 
3600 180 
3600 181 187 196 203 
3600 182 191 215 
3600 183 188 217 
3600 184 190 
3600 185 195 207 
3600 186 207 218 
3600 187 181 206 
3600 188 183 216 
3600 189 211 218 
3600 190 184 210 
3600 191 182 209 
3600 192 212 216 
3600 193 198 205 
3600 194 205 213 
3600 195 185 199 
3600 196 181 202 
3600 197 201 204 
3600 198 193 209 
3600 199 195 216 
3600 200 208 210 
3600 201 197 216 
3600 202 196 
3600 203 181 210 
3600 204 5 197 
3600 205 193 194 
3600 206 187 214 
3600 207 185 186 
3600 208 179 200 214 
3600 209 191 198 
3600 210 190 200 203 212 
3600 211 189 
3600 212 192 210 
3600 213 194 
3600 214 206 208 
3600 215 182 218 
3600 216 16 188 192 199 201 
3600 217 183 
3600 218 186 189 215 
3600 219 0 
3600 220 0 3 5 
3600 221 0 5 
3600 222 0 3 
3600 223 0 
3600 224 0 
3600 225 0 
3600 226 0 3 
3600 227 0 
3600 228 0 3 5 
3600 229 0 5 
3600 230 0 
3600 231 0 
3600 232 0 3 
3600 233 0 5 
3600 234 0 
3600 235 0 5 
3600 236 0 3 
3600 237 0 5 
3600 238 0 
3600 239 0 
3600 240 0 3 5 
3600 241 0 
3600 242 0 3 
3600 243 0 
3600 244 0 3 5 
3600 245 0 
3600 246 0 5 
3600 247 0 3 
3600 248 0 5 
5400 0 
5400 1 37 57 
5400 2 5 77 219 223 226 228 232 234 238 240 242 245 248 
5400 3 111 117 
5400 4 143 166 
5400 5 2 200 220 221 228 229 233 235 237 240 244 246 248 
5400 6 44 48 
5400 7 48 65 
5400 8 28 32 
5400 9 68 79 
5400 10 85 99 
5400 11 111 131 
5400 12 107 127 
5400 13 120 127 
5400 14 165 176 
5400 15 138 140 156 
5400 16 204 211 
5400 17 48 62 
5400 18 30 64 
5400 19 44 52 
5400 20 25 35 
5400 21 31 38 
5400 22 38 44 
5400 23 41 50 
5400 24 37 66 
5400 25 20 50 
5400 26 51 
5400 27 36 59 
5400 28 8 45 
5400 29 44 59 
5400 30 18 64 
5400 31 21 50 
5400 32 8 55 
5400 33 42 62 
5400 34 47 57 
5400 35 20 56 
5400 36 27 60 
5400 37 1 24 
5400 38 21 22 
5400 39 42 
5400 40 
5400 41 23 
5400 42 33 39 
5400 43 
5400 44 6 19 22 29 53 61 
5400 45 28 
5400 46 
5400 47 34 49 
5400 48 6 7 17 
5400 49 47 50 
5400 50 23 25 31 49 56 
5400 51 26 62 
5400 52 19 
5400 53 44 
5400 54 61 65 
5400 55 32 
5400 56 35 50 
5400 57 1 34 
5400 58 
5400 59 27 29 
5400 60 36 66 
5400 61 44 54 
5400 62 17 33 51 
5400 63 
5400 64 18 30 
5400 65 7 54 
5400 66 24 60 
5400 67 79 87 
5400 68 9 72 
5400 69 90 100 
5400 70 91 95 
5400 71 94 97 
5400 72 68 97 
5400 73 84 99 
5400 74 100 102 
5400 75 99 100 
5400 76 81 98 
5400 77 2 100 
5400 78 93 100 
5400 79 9 67 
5400 80 92 99 
5400 81 76 82 
5400 82 81 99 
5400 83 92 100 
5400 84 73 96 
5400 85 10 96 
5400 86 95 102 
5400 87 67 
5400 88 92 
5400 89 90 103 
5400 90 69 89 
5400 91 70 103 
5400 92 80 83 88 
5400 93 78 94 
5400 94 71 93 
5400 95 70 86 
5400 96 84 85 
5400 97 71 72 98 101 
5400 98 76 97 
5400 99 10 73 75 80 82 
5400 100 69 74 75 77 78 83 
5400 101 97 
5400 102 74 86 
5400 103 89 91 
5400 104 135 137 
5400 105 106 117 
5400 106 105 117 
5400 107 12 119 
5400 108 118 125 
5400 109 127 129 
5400 110 126 135 
5400 111 3 11 115 130 
5400 112 129 130 
5400 113 127 134 
5400 114 115 121 133 
5400 115 111 114 
5400 116 
5400 117 3 105 106 
5400 118 108 137 
5400 119 107 120 
5400 120 13 119 
5400 121 114 123 
5400 122 132 
5400 123 121 136 
5400 124 126 127 
5400 125 108 128 
5400 126 110 124 134 
5400 127 12 13 109 113 124 132 
5400 128 125 136 
5400 129 109 112 
5400 130 111 112 
5400 131 11 
5400 132 122 127 
5400 133 114 
5400 134 113 126 
5400 135 104 110 
5400 136 123 128 
5400 137 104 118 
5400 138 15 141 
5400 139 152 
5400 140 15 166 
5400 141 138 172 
5400 142 145 
5400 143 4 154 161 
5400 144 151 157 
5400 145 142 148 
5400 146 171 174 
5400 147 174 175 
5400 148 145 150 170 
5400 149 151 175 
5400 150 148 168 
5400 151 144 149 
5400 152 139 161 
5400 153 165 
5400 154 143 167 
5400 155 159 168 
5400 156 15 
5400 157 144 
5400 158 174 175 
5400 159 155 169 
5400 160 169 172 173 
5400 161 143 152 
5400 162 164 175 
5400 163 168 177 
5400 164 162 166 
5400 165 14 153 
5400 166 4 140 164 
5400 167 154 173 
5400 168 150 155 163 176 
5400 169 159 160 
5400 170 148 
5400 171 146 
5400 172 141 160 
5400 173 160 167 
5400 174 146 147 158 
5400 175 147 149 158 162 
5400 176 14 168 
5400 177 163 
5400 178 
5400 179 198 211 
5400 180 186 205 
5400 181 194 208 
5400 182 191 218 
5400 183 215 218 
5400 184 196 
5400 185 202 216 
5400 186 180 218 
5400 187 198 204 
5400 188 215 218 
5400 189 195 210 
5400 190 202 218 
5400 191 182 209 
5400 192 
5400 193 210 214 
5400 194 181 209 
5400 195 189 213 
5400 196 184 
5400 197 208 215 
5400 198 179 187 203 
5400 199 201 218 
5400 200 5 212 
5400 201 199 206 
5400 202 185 190 
5400 203 198 207 
5400 204 16 187 
5400 205 180 215 
5400 206 201 207 
5400 207 203 206 
5400 208 181 197 
5400 209 191 194 
5400 210 189 193 
5400 211 16 179 
5400 212 200 218 
5400 213 195 
5400 214 193 217 
5400 215 183 188 197 205 
5400 216 185 
5400 217 214 
5400 218 182 183 186 188 190 199 212 
5400 219 2 
5400 220 5 
5400 221 5 
5400 223 2 
5400 226 2 
5400 228 2 5 
5400 229 5 
5400 232 2 
5400 233 5 
5400 234 2 
5400 235 5 
5400 237 5 
5400 238 2 
5400 240 2 5 
5400 242 2 
5400 244 5 
5400 245 2 
5400 246 5 
5400 248 2 5 
7200 0 5 219 220 221 222 223 224 225 226 227 228 229 230 231 232 233 234 235 236 237 238 239 240 241 242 243 244 245 246 247 248 
7200 1 25 36 
7200 2 3 76 219 223 226 228 232 234 238 240 242 245 248 
7200 3 2 110 220 222 226 228 232 236 240 242 244 247 
7200 4 160 171 
7200 5 0 212 220 221 228 229 233 235 237 240 244 246 248 
7200 6 47 62 
7200 7 17 28 
7200 8 51 57 
7200 9 85 99 
7200 10 100 103 
7200 11 131 
7200 12 115 119 
7200 13 109 113 
7200 14 143 155 
7200 15 164 172 
7200 16 191 195 
7200 17 7 36 
7200 18 35 66 
7200 19 47 64 
7200 20 54 60 
7200 21 29 
7200 22 41 60 
7200 23 25 44 
7200 24 29 52 
7200 25 1 23 
7200 26 
7200 27 49 66 
7200 28 7 48 
7200 29 21 24 
7200 30 35 43 
7200 31 33 
7200 32 48 66 
7200 33 31 42 
7200 34 52 59 
7200 35 18 30 38 57 
7200 36 1 17 
7200 37 66 
7200 38 35 56 
7200 39 65 
7200 40 55 
7200 41 22 46 
7200 42 33 46 
7200 43 30 
7200 44 23 53 
7200 45 55 66 
7200 46 41 42 
7200 47 6 19 
7200 48 28 32 
7200 49 27 65 
7200 50 62 65 
7200 51 8 
7200 52 24 34 53 59 
7200 53 44 52 
7200 54 20 
7200 55 40 45 64 
7200 56 38 62 
7200 57 8 35 
7200 58 
7200 59 34 52 
7200 60 20 22 
7200 61 
7200 62 6 50 56 
7200 63 
7200 64 19 55 
7200 65 39 49 50 
7200 66 18 27 32 37 45 
7200 67 86 87 
7200 68 84 89 
7200 69 83 101 
7200 70 74 88 
7200 71 88 93 
7200 72 75 80 
7200 73 94 98 
7200 74 70 78 
7200 75 72 100 
7200 76 2 96 
7200 77 81 99 
7200 78 74 100 
7200 79 94 96 
7200 80 72 89 92 
7200 81 77 83 
7200 82 84 101 
7200 83 69 81 
7200 84 68 82 
7200 85 9 97 
7200 86 67 99 
7200 87 67 
7200 88 70 71 95 
7200 89 68 80 
7200 90 97 102 
7200 91 95 99 
7200 92 80 103 
7200 93 71 100 
7200 94 73 79 
7200 95 88 91 
7200 96 76 79 
7200 97 85 90 
7200 98 73 101 
7200 99 9 77 86 91 102 
7200 100 10 75 78 93 
7200 101 69 82 98 
7200 102 90 99 
7200 103 10 92 
7200 104 112 
7200 105 118 126 
7200 106 124 127 
7200 107 110 135 
7200 108 117 127 
7200 109 13 132 
7200 110 3 107 119 
7200 111 112 128 
7200 112 104 111 113 126 
7200 113 13 112 
7200 114 120 134 
7200 115 12 133 
7200 116 123 
7200 117 108 124 
7200 118 105 123 
7200 119 12 110 
7200 120 114 130 
7200 121 
7200 122 130 
7200 123 116 118 125 129 134 
7200 124 106 117 125 131 135 136 
7200 125 123 124 
7200 126 105 112 
7200 127 106 108 132 
7200 128 111 137 
7200 129 123 133 
7200 130 120 122 
7200 131 11 124 
7200 132 109 127 
7200 133 115 129 
7200 134 114 123 
7200 135 107 124 
7200 136 124 137 
7200 137 128 136 
7200 138 139 152 164 
7200 139 138 174 
7200 140 162 166 
7200 141 175 176 
7200 142 151 168 
7200 143 14 
7200 144 
7200 145 148 173 
7200 146 155 159 
7200 147 155 166 
7200 148 145 170 
7200 149 168 174 
7200 150 
7200 151 142 162 
7200 152 138 167 
7200 153 172 174 
7200 154 169 174 
7200 155 14 146 147 
7200 156 165 178 
7200 157 169 
7200 158 167 173 
7200 159 146 163 
7200 160 4 165 
7200 161 
7200 162 140 151 
7200 163 159 177 
7200 164 15 138 
7200 165 156 160 
7200 166 140 147 
7200 167 152 158 175 
7200 168 142 149 
7200 169 154 157 
7200 170 148 
7200 171 4 172 
7200 172 15 153 171 
7200 173 145 158 178 
7200 174 139 149 153 154 176 177 
7200 175 141 167 
7200 176 141 174 
7200 177 163 174 
7200 178 156 173 
7200 179 211 213 
7200 180 213 
7200 181 215 218 
7200 182 213 217 
7200 183 200 216 
7200 184 
7200 185 189 216 
7200 186 195 
7200 187 196 197 
7200 188 193 208 
7200 189 185 207 
7200 190 198 210 
7200 191 16 214 
7200 192 209 211 
7200 193 188 209 
7200 194 195 213 
7200 195 16 186 194 
7200 196 187 
7200 197 187 204 
7200 198 190 209 
7200 199 201 215 
7200 200 183 
7200 201 199 205 
7200 202 210 
7200 203 207 
7200 204 197 
7200 205 201 214 
7200 206 210 214 
7200 207 189 203 
7200 208 188 217 
7200 209 192 193 198 
7200 210 190 202 206 
7200 211 179 192 212 218 
7200 212 5 211 
7200 213 179 180 182 194 
7200 214 191 205 206 
7200 215 181 199 
7200 216 183 185 
7200 217 182 208 
7200 218 181 211 
7200 219 0 2 
7200 220 0 3 5 
7200 221 0 5 
7200 222 0 3 
7200 223 0 2 
7200 224 0 
7200 225 0 
7200 226 0 2 3 
7200 227 0 
7200 228 0 2 3 5 
7200 229 0 5 
7200 230 0 
7200 231 0 
7200 232 0 2 3 
7200 233 0 5 
7200 234 0 2 
7200 235 0 5 
7200 236 0 3 
7200 237 0 5 
7200 238 0 2 
7200 239 0 
7200 240 0 2 3 5 
7200 241 0 
7200 242 0 2 3 
7200 243 0 
7200 244 0 3 5 
7200 245 0 2 
7200 246 0 5 
7200 247 0 3 
7200 248 0 2 5 
9000 0 4 219 220 221 222 223 224 225 226 227 228 229 230 231 232 233 234 235 236 237 238 239 240 241 242 243 244 245 246 247 248 
9000 1 34 41 
9000 2 4 9 219 223 226 228 232 234 238 240 242 245 248 
9000 3 107 127 
9000 4 0 2 145 219 225 227 230 232 235 239 241 244 245 247 
9000 5 205 214 
9000 6 46 57 
9000 7 37 38 
9000 8 19 51 
9000 9 2 80 
9000 10 73 84 
9000 11 123 125 
9000 12 123 125 
9000 13 106 111 
9000 14 164 174 
9000 15 147 176 
9000 16 195 216 
9000 17 19 34 
9000 18 41 57 
9000 19 8 17 52 
9000 20 33 62 
9000 21 38 
9000 22 27 42 
9000 23 25 30 
9000 24 56 60 
9000 25 23 55 
9000 26 
9000 27 22 41 
9000 28 34 44 
9000 29 31 59 
9000 30 23 47 
9000 31 29 50 
9000 32 59 64 
9000 33 20 46 
9000 34 1 17 28 49 
9000 35 53 66 
9000 36 52 65 
9000 37 7 
9000 38 7 21 
9000 39 
9000 40 
9000 41 1 18 27 
9000 42 22 46 
9000 43 60 62 
9000 44 28 56 
9000 45 
9000 46 6 33 42 
9000 47 30 57 
9000 48 50 56 
9000 49 34 66 
9000 50 31 48 
9000 51 8 60 
9000 52 19 36 
9000 53 35 65 
9000 54 
9000 55 25 62 
9000 56 24 44 48 
9000 57 6 18 47 
9000 58 
9000 59 29 32 
9000 60 24 43 51 
9000 61 
9000 62 20 43 55 
9000 63 
9000 64 32 65 
9000 65 36 53 64 
9000 66 35 49 
9000 67 79 86 
9000 68 86 90 
9000 69 76 93 
9000 70 76 92 
9000 71 83 99 
9000 72 82 89 
9000 73 10 91 
9000 74 81 82 102 
9000 75 92 93 
9000 76 69 70 
9000 77 85 94 
9000 78 88 91 
9000 79 67 83 
9000 80 9 90 
9000 81 74 95 
9000 82 72 74 
9000 83 71 79 
9000 84 10 99 
9000 85 77 91 
9000 86 67 68 
9000 87 99 103 
9000 88 78 95 
9000 89 72 98 
9000 90 68 80 
9000 91 73 78 85 
9000 92 70 75 
9000 93 69 75 
9000 94 77 97 
9000 95 81 88 96 
9000 96 95 98 
9000 97 94 101 
9000 98 89 96 100 
9000 99 71 84 87 
9000 100 98 103 
9000 101 97 102 
9000 102 74 101 
9000 103 87 100 
9000 104 126 137 
9000 105 114 118 130 
9000 106 13 124 
9000 107 3 110 
9000 108 120 134 
9000 109 112 128 
9000 110 107 115 
9000 111 13 112 
9000 112 109 111 132 
9000 113 126 136 
9000 114 105 123 
9000 115 110 135 
9000 116 119 133 
9000 117 
9000 118 105 125 
9000 119 116 135 
9000 120 108 132 
9000 121 
9000 122 
9000 123 11 12 114 129 
9000 124 106 134 
9000 125 11 12 118 128 131 
9000 126 104 113 127 131 
9000 127 3 126 
9000 128 109 125 
9000 129 123 137 
9000 130 105 136 
9000 131 125 126 
9000 132 112 120 
9000 133 116 
9000 134 108 124 
9000 135 115 119 
9000 136 113 130 
9000 137 104 129 
9000 138 139 166 
9000 139 138 
9000 140 165 168 
9000 141 160 
9000 142 148 
9000 143 176 
9000 144 154 
9000 145 4 176 
9000 146 173 176 
9000 147 15 170 
9000 148 142 150 
9000 149 169 175 
9000 150 148 
9000 151 173 176 
9000 152 161 162 
9000 153 177 
9000 154 144 158 
9000 155 172 173 
9000 156 163 173 
9000 157 
9000 158 154 171 
9000 159 166 171 
9000 160 141 166 
9000 161 152 
9000 162 152 174 
9000 163 156 177 
9000 164 14 171 
9000 165 140 173 
9000 166 138 159 160 
9000 167 168 170 
9000 168 140 167 175 
9000 169 149 
9000 170 147 167 
9000 171 158 159 164 172 
9000 172 155 171 
9000 173 146 151 155 156 165 
9000 174 14 162 
9000 175 149 168 
9000 176 15 143 145 146 151 
9000 177 153 163 
9000 178 
9000 179 212 217 
9000 180 186 208 
9000 181 188 209 
9000 182 194 207 
9000 183 195 205 
9000 184 
9000 185 195 207 
9000 186 180 207 
9000 187 195 201 
9000 188 181 211 
9000 189 201 218 
9000 190 202 203 210 
9000 191 218 
9000 192 197 210 
9000 193 208 218 
9000 194 182 207 
9000 195 16 183 185 187 
9000 196 
9000 197 192 201 
9000 198 209 218 
9000 199 200 209 
9000 200 199 208 
9000 201 187 189 197 206 
9000 202 190 
9000 203 190 204 
9000 204 203 208 
9000 205 5 183 
9000 206 201 217 
9000 207 182 185 186 194 215 
9000 208 180 193 200 204 215 
9000 209 181 198 199 214 
9000 210 190 192 
9000 211 188 
9000 212 179 216 
9000 213 
9000 214 5 209 
9000 215 207 208 
9000 216 16 212 
9000 217 179 206 
9000 218 189 191 193 198 
9000 219 0 2 4 
9000 220 0 
9000 221 0 
9000 222 0 
9000 223 0 2 
9000 224 0 
9000 225 0 4 
9000 226 0 2 
9000 227 0 4 
9000 228 0 2 
9000 229 0 
9000 230 0 4 
9000 231 0 
9000 232 0 2 4 
9000 233 0 
9000 234 0 2 
9000 235 0 4 
9000 236 0 
9000 237 0 
9000 238 0 2 
9000 239 0 4 
9000 240 0 2 
9000 241 0 4 
9000 242 0 2 
9000 243 0 
9000 244 0 4 
9000 245 0 2 4 
9000 246 0 
9000 247 0 4 
9000 248 0 2 
10800 0 1 219 220 221 222 223 224 225 226 227 228 229 230 231 232 233 234 235 236 237 238 239 240 241 242 243 244 245 246 247 248 
10800 1 0 57 219 224 226 229 231 234 237 242 243 245 
10800 2 10 74 
10800 3 
10800 4 141 147 
10800 5 203 206 
10800 6 29 30 
10800 7 22 29 
10800 8 36 44 
10800 9 74 94 
10800 10 2 103 
10800 11 13 108 
10800 12 110 112 
10800 13 11 105 
10800 14 155 162 
10800 15 145 164 
10800 16 191 209 
10800 17 55 64 
10800 18 23 46 
10800 19 51 60 
10800 20 57 64 
10800 21 58 59 
10800 22 7 48 
10800 23 18 32 
10800 24 30 53 
10800 25 37 46 
10800 26 
10800 27 50 65 
10800 28 40 56 
10800 29 6 7 
10800 30 6 24 55 
10800 31 
10800 32 23 62 
10800 33 42 65 
10800 34 41 46 
10800 35 47 65 
10800 36 8 60 
10800 37 25 60 
10800 38 50 57 
10800 39 42 
10800 40 28 
10800 41 34 61 
10800 42 33 39 
10800 43 
10800 44 8 49 
10800 45 
10800 46 18 25 34 
10800 47 35 65 
10800 48 22 60 
10800 49 44 56 
10800 50 27 38 
10800 51 19 53 62 
10800 52 56 66 
10800 53 24 51 
10800 54 65 
10800 55 17 30 
10800 56 28 49 52 
10800 57 1 20 38 
10800 58 21 
10800 59 21 
10800 60 19 36 37 48 
10800 61 41 
10800 62 32 51 
10800 63 
10800 64 17 20 
10800 65 27 33 35 47 54 66 
10800 66 52 65 
10800 67 75 94 
10800 68 90 93 
10800 69 80 82 
10800 70 96 98 
10800 71 84 97 
10800 72 85 94 
10800 73 80 92 
10800 74 2 9 
10800 75 67 98 
10800 76 84 85 
10800 77 89 92 
10800 78 93 97 
10800 79 100 103 
10800 80 69 73 
10800 81 
10800 82 69 90 
10800 83 97 100 
10800 84 71 76 
10800 85 72 76 96 
10800 86 91 102 
10800 87 100 
10800 88 93 
10800 89 77 101 
10800 90 68 82 99 
10800 91 86 102 
10800 92 73 77 
10800 93 68 78 88 
10800 94 9 67 72 
10800 95 99 100 
10800 96 70 85 
10800 97 71 78 83 101 
10800 98 70 75 
10800 99 90 95 
10800 100 79 83 87 95 
10800 101 89 97 
10800 102 86 91 
10800 103 10 79 
10800 104 
10800 105 13 121 132 
10800 106 110 115 
10800 107 128 135 
10800 108 11 118 131 
10800 109 117 130 
10800 110 12 106 122 
10800 111 126 129 
10800 112 12 120 
10800 113 
10800 114 121 
10800 115 106 119 131 
10800 116 
10800 117 109 135 
10800 118 108 134 
10800 119 115 125 
10800 120 112 123 
10800 121 105 114 
10800 122 110 132 
10800 123 120 129 
10800 124 133 134 
10800 125 119 133 
10800 126 111 127 137 
10800 127 126 128 
10800 128 107 127 
10800 129 111 123 
10800 130 109 136 
10800 131 108 115 
10800 132 105 122 
10800 133 124 125 
10800 134 118 124 
10800 135 107 117 
10800 136 130 137 
10800 137 126 136 
10800 138 164 
10800 139 153 
10800 140 149 155 
10800 141 4 144 
10800 142 157 
10800 143 173 175 
10800 144 141 177 
10800 145 15 173 
10800 146 156 160 174 
10800 147 4 168 
10800 148 163 170 
10800 149 140 159 176 
10800 150 
10800 151 160 162 
10800 152 174 176 
10800 153 139 
10800 154 173 
10800 155 14 140 
10800 156 146 172 
10800 157 142 168 
10800 158 175 178 
10800 159 149 
10800 160 146 151 
10800 161 
10800 162 14 151 
10800 163 148 173 
10800 164 15 138 
10800 165 172 175 
10800 166 170 
10800 167 175 
10800 168 147 157 
10800 169 177 
10800 170 148 166 
10800 171 175 177 
10800 172 156 165 
10800 173 143 145 154 163 
10800 174 146 152 
10800 175 143 158 165 167 171 
10800 176 149 152 
10800 177 144 169 171 
10800 178 158 
10800 179 187 217 
10800 180 199 215 
10800 181 192 208 
10800 182 209 214 
10800 183 185 215 
10800 184 
10800 185 183 216 
10800 186 198 210 
10800 187 179 210 
10800 188 193 215 
10800 189 205 214 
10800 190 196 217 
10800 191 16 209 
10800 192 181 197 
10800 193 188 198 
10800 194 207 208 
10800 195 204 206 
10800 196 190 201 
10800 197 192 199 
10800 198 186 193 
10800 199 180 197 
10800 200 209 217 
10800 201 196 211 
10800 202 203 
10800 203 5 202 207 
10800 204 195 205 
10800 205 189 204 
10800 206 5 195 218 
10800 207 194 203 
10800 208 181 194 
10800 209 16 182 191 200 211 
10800 210 186 187 212 216 
10800 211 201 209 
10800 212 210 
10800 213 
10800 214 182 189 218 
10800 215 180 183 188 
10800 216 185 210 
10800 217 179 190 200 
10800 218 206 214 
10800 219 0 1 
10800 220 0 
10800 221 0 
10800 222 0 
10800 223 0 
10800 224 0 1 
10800 225 0 
10800 226 0 1 
10800 227 0 
10800 228 0 
10800 229 0 1 
10800 230 0 
10800 231 0 1 
10800 232 0 
10800 233 0 
10800 234 0 1 
10800 235 0 
10800 236 0 
10800 237 0 1 
10800 238 0 
10800 239 0 
10800 240 0 
10800 241 0 
10800 242 0 1 
10800 243 0 1 
10800 244 0 
10800 245 0 1 
10800 246 0 
10800 247 0 
10800 248 0 
12600 0 
12600 1 48 62 
12600 2 96 97 
12600 3 13 115 
12600 4 15 163 
12600 5 205 206 
12600 6 36 48 
12600 7 32 52 
12600 8 52 66 
12600 9 83 91 
12600 10 72 99 
12600 11 109 127 
12600 12 111 117 
12600 13 3 123 130 
12600 14 141 168 
12600 15 4 160 
12600 16 185 211 
12600 17 36 50 
12600 18 63 64 
12600 19 48 64 
12600 20 27 31 
12600 21 28 52 
12600 22 23 28 
12600 23 22 48 
12600 24 46 48 
12600 25 51 55 
12600 26 
12600 27 20 35 
12600 28 21 22 
12600 29 42 52 
12600 30 33 56 
12600 31 20 41 
12600 32 7 47 
12600 33 30 60 
12600 34 46 50 
12600 35 27 53 
12600 36 6 17 
12600 37 64 
12600 38 42 51 
12600 39 
12600 40 
12600 41 31 65 
12600 42 29 38 
12600 43 
12600 44 59 
12600 45 
12600 46 24 34 
12600 47 32 62 
12600 48 1 6 19 23 24 57 
12600 49 54 65 
12600 50 17 34 
12600 51 25 38 
12600 52 7 8 21 29 59 
12600 53 35 66 
12600 54 49 57 
12600 55 25 56 
12600 56 30 55 
12600 57 48 54 
12600 58 
12600 59 44 52 
12600 60 33 64 
12600 61 
12600 62 1 47 
12600 63 18 
12600 64 18 19 37 60 
12600 65 41 49 
12600 66 8 53 
12600 67 89 93 
12600 68 69 84 
12600 69 68 101 
12600 70 77 91 
12600 71 80 83 
12600 72 10 103 
12600 73 82 86 
12600 74 97 
12600 75 93 98 
12600 76 88 98 
12600 77 70 79 
12600 78 88 91 
12600 79 77 100 
12600 80 71 101 
12600 81 100 103 
12600 82 73 86 
12600 83 9 71 
12600 84 68 101 
12600 85 90 99 102 
12600 86 73 82 
12600 87 
12600 88 76 78 
12600 89 67 101 
12600 90 85 103 
12600 91 9 70 78 92 
12600 92 91 95 
12600 93 67 75 
12600 94 101 102 
12600 95 92 98 
12600 96 2 101 
12600 97 2 74 
12600 98 75 76 95 
12600 99 10 85 
12600 100 79 81 
12600 101 69 80 84 89 94 96 
12600 102 85 94 
12600 103 72 81 90 
12600 104 136 
12600 105 114 130 
12600 106 111 126 
12600 107 109 110 
12600 108 
12600 109 11 107 
12600 110 107 113 
12600 111 12 106 134 137 
12600 112 118 134 
12600 113 110 128 
12600 114 105 129 
12600 115 3 124 
12600 116 
12600 117 12 129 
12600 118 112 127 
12600 119 131 
12600 120 126 136 
12600 121 
12600 122 
12600 123 13 125 
12600 124 115 128 
12600 125 123 135 
12600 126 106 120 135 
12600 127 11 118 
12600 128 113 124 
12600 129 114 117 
12600 130 13 105 
12600 131 119 132 
12600 132 131 137 
12600 133 
12600 134 111 112 
12600 135 125 126 
12600 136 104 120 
12600 137 111 132 
12600 138 165 176 
12600 139 
12600 140 157 164 
12600 141 14 148 
12600 142 168 
12600 143 158 
12600 144 157 164 
12600 145 152 170 173 
12600 146 164 175 
12600 147 149 175 
12600 148 141 149 166 170 
12600 149 147 148 
12600 150 
12600 151 156 169 
12600 152 145 161 
12600 153 
12600 154 155 160 
12600 155 154 167 
12600 156 151 178 
12600 157 140 144 
12600 158 143 176 
12600 159 163 177 
12600 160 15 154 
12600 161 152 164 
12600 162 165 167 
12600 163 4 159 173 
12600 164 140 144 146 161 
12600 165 138 162 
12600 166 148 177 
12600 167 155 162 
12600 168 14 142 
12600 169 151 
12600 170 145 148 
12600 171 
12600 172 176 177 
12600 173 145 163 
12600 174 175 176 
12600 175 146 147 174 
12600 176 138 158 172 174 
12600 177 159 166 172 
12600 178 156 
12600 179 198 212 
12600 180 
12600 181 191 202 
12600 182 195 200 
12600 183 188 218 
12600 184 
12600 185 16 
12600 186 195 213 
12600 187 190 215 
12600 188 183 201 
12600 189 214 218 
12600 190 187 196 
12600 191 181 194 208 
12600 192 195 200 
12600 193 198 215 
12600 194 191 204 
12600 195 182 186 192 
12600 196 190 
12600 197 206 212 
12600 198 179 193 
12600 199 211 217 
12600 200 182 192 
12600 201 188 208 210 
12600 202 181 204 
12600 203 209 214 
12600 204 194 202 
12600 205 5 209 
12600 206 5 197 
12600 207 215 218 
12600 208 191 201 
12600 209 203 205 210 
12600 210 201 209 
12600 211 16 199 
12600 212 179 197 
12600 213 186 
12600 214 189 203 
12600 215 187 193 207 
12600 216 
12600 217 199 218 
12600 218 183 189 207 217 
14400 0 
14400 1 20 60 
14400 2 99 103 
14400 3 107 135 
14400 4 140 155 
14400 5 192 201 
14400 6 51 52 
14400 7 37 65 
14400 8 30 62 
14400 9 98 103 
14400 10 84 92 
14400 11 112 125 
14400 12 108 113 
14400 13 109 125 
14400 14 145 146 
14400 15 167 177 
14400 16 193 212 
14400 17 33 62 
14400 18 35 57 
14400 19 32 53 
14400 20 1 28 
14400 21 47 
14400 22 41 64 
14400 23 62 66 
14400 24 56 66 
14400 25 44 66 
14400 26 
14400 27 38 65 
14400 28 20 41 
14400 29 42 57 
14400 30 8 35 43 
14400 31 
14400 32 19 53 
14400 33 17 
14400 34 55 57 
14400 35 18 30 
14400 36 52 56 
14400 37 7 56 
14400 38 27 59 
14400 39 49 
14400 40 
14400 41 22 28 
14400 42 29 66 
14400 43 30 
14400 44 25 52 
14400 45 
14400 46 60 64 
14400 47 21 53 
14400 48 51 53 
14400 49 39 
14400 50 56 60 
14400 51 6 48 
14400 52 6 36 44 
14400 53 19 32 47 48 
14400 54 58 
14400 55 34 
14400 56 24 36 37 50 61 
14400 57 18 29 34 
14400 58 54 61 
14400 59 38 
14400 60 1 46 50 
14400 61 56 58 
14400 62 8 17 23 
14400 63 
14400 64 22 46 
14400 65 7 27 
14400 66 23 24 25 42 
14400 67 84 87 
14400 68 79 91 
14400 69 85 96 
14400 70 95 100 
14400 71 97 98 
14400 72 92 103 
14400 73 88 96 
14400 74 85 90 
14400 75 83 88 
14400 76 95 99 
14400 77 99 103 
14400 78 94 103 
14400 79 68 100 
14400 80 82 95 
14400 81 97 98 
14400 82 80 99 
14400 83 75 86 
14400 84 10 67 
14400 85 69 74 
14400 86 83 100 
14400 87 67 
14400 88 73 75 
14400 89 99 103 
14400 90 74 99 
14400 91 68 100 
14400 92 10 72 
14400 93 102 103 
14400 94 78 100 
14400 95 70 76 80 101 
14400 96 69 73 
14400 97 71 81 
14400 98 9 71 81 
14400 99 2 76 77 82 89 90 
14400 100 70 79 86 91 94 
14400 101 95 
14400 102 93 103 
14400 103 2 9 72 77 78 89 93 102 
14400 104 137 
14400 105 123 129 131 136 
14400 106 134 
14400 107 3 
14400 108 12 137 
14400 109 13 128 
14400 110 113 127 
14400 111 112 132 
14400 112 11 111 
14400 113 12 110 
14400 114 
14400 115 123 124 
14400 116 
14400 117 122 125 
14400 118 127 
14400 119 125 134 
14400 120 126 135 
14400 121 
14400 122 117 
14400 123 105 115 
14400 124 115 126 
14400 125 11 13 117 119 128 131 
14400 126 120 124 
14400 127 110 118 
14400 128 109 125 
14400 129 105 136 
14400 130 132 137 
14400 131 105 125 
14400 132 111 130 
14400 133 
14400 134 106 119 
14400 135 3 120 
14400 136 105 129 
14400 137 104 108 130 
14400 138 173 176 
14400 139 
14400 140 4 165 
14400 141 173 176 
14400 142 
14400 143 171 174 
14400 144 148 
14400 145 14 170 
14400 146 14 148 
14400 147 156 164 
14400 148 144 146 165 
14400 149 167 177 
14400 150 167 
14400 151 167 168 
14400 152 
14400 153 164 
14400 154 155 160 
14400 155 4 154 
14400 156 147 175 
14400 157 
14400 158 173 174 
14400 159 168 174 
14400 160 154 168 
14400 161 
14400 162 163 164 
14400 163 162 177 
14400 164 147 153 162 
14400 165 140 148 
14400 166 171 176 
14400 167 15 149 150 151 
14400 168 151 159 160 
14400 169 
14400 170 145 
14400 171 143 166 172 
14400 172 171 176 
14400 173 138 141 158 
14400 174 143 158 159 
14400 175 156 178 
14400 176 138 141 166 172 
14400 177 15 149 163 
14400 178 175 
14400 179 188 198 
14400 180 186 194 
14400 181 183 191 
14400 182 195 199 
14400 183 181 185 217 
14400 184 196 202 
14400 185 183 188 
14400 186 180 209 
14400 187 
14400 188 179 185 
14400 189 201 
14400 190 191 204 
14400 191 181 190 
14400 192 5 209 
14400 193 16 
14400 194 180 218 
14400 195 182 213 
14400 196 184 
14400 197 206 211 
14400 198 179 214 
14400 199 182 218 
14400 200 201 208 
14400 201 5 189 200 
14400 202 184 
14400 203 205 207 
14400 204 190 205 
14400 205 203 204 215 
14400 206 197 210 215 
14400 207 203 208 
14400 208 200 207 214 
14400 209 186 192 
14400 210 206 217 
14400 211 197 216 
14400 212 16 
14400 213 195 
14400 214 198 208 
14400 215 205 206 
14400 216 211 
14400 217 183 210 
14400 218 194 199 
16200 0 2 219 220 221 222 223 224 225 226 227 228 229 230 231 232 233 234 235 236 237 238 239 240 241 242 243 244 245 246 247 248 
16200 1 42 65 
16200 2 0 90 219 223 226 228 232 234 238 240 242 245 248 
16200 3 117 127 
16200 4 169 173 
16200 5 186 195 
16200 6 18 29 
16200 7 34 38 
16200 8 28 60 
16200 9 69 100 
16200 10 92 102 
16200 11 12 125 
16200 12 11 135 
16200 13 125 130 
16200 14 155 174 
16200 15 163 168 
16200 16 199 206 
16200 17 36 48 
16200 18 6 36 
16200 19 47 52 
16200 20 34 44 
16200 21 31 
16200 22 41 58 
16200 23 24 62 
16200 24 23 66 
16200 25 44 51 55 60 
16200 26 
16200 27 41 66 
16200 28 8 42 
16200 29 6 56 
16200 30 33 52 
16200 31 21 52 
16200 32 50 66 
16200 33 30 64 
16200 34 7 20 54 
16200 35 45 48 57 
16200 36 17 18 
16200 37 39 51 
16200 38 7 50 
16200 39 37 
16200 40 
16200 41 22 27 
16200 42 1 28 
16200 43 55 
16200 44 20 25 
16200 45 35 46 
16200 46 45 62 
16200 47 19 52 
16200 48 17 35 
16200 49 53 54 
16200 50 32 38 
16200 51 25 37 
16200 52 19 30 31 47 57 
16200 53 49 65 
16200 54 34 49 
16200 55 25 43 
16200 56 29 64 
16200 57 35 52 
16200 58 22 
16200 59 
16200 60 8 25 
16200 61 
16200 62 23 46 
16200 63 
16200 64 33 56 
16200 65 1 53 
16200 66 24 27 32 
16200 67 95 98 
16200 68 85 100 
16200 69 9 100 
16200 70 86 
16200 71 94 98 
16200 72 73 89 
16200 73 72 94 
16200 74 90 103 
16200 75 78 87 
16200 76 93 102 
16200 77 79 93 
16200 78 75 
16200 79 77 82 
16200 80 82 99 
16200 81 92 96 
16200 82 79 80 
16200 83 102 103 
16200 84 94 98 
16200 85 68 103 
16200 86 70 95 
16200 87 75 102 
16200 88 
16200 89 72 98 
16200 90 2 74 
16200 91 100 102 
16200 92 10 81 
16200 93 76 77 
16200 94 71 73 84 97 
16200 95 67 86 
16200 96 81 98 
16200 97 94 100 
16200 98 67 71 84 89 96 
16200 99 80 
16200 100 9 68 69 91 97 
16200 101 
16200 102 10 76 83 87 91 
16200 103 74 83 85 
16200 104 
16200 105 115 125 
16200 106 111 124 
16200 107 122 126 
16200 108 128 137 
16200 109 118 124 128 
16200 110 
16200 111 106 123 
16200 112 123 132 
16200 113 122 127 
16200 114 120 
16200 115 105 116 119 133 
16200 116 115 
16200 117 3 129 
16200 118 109 126 
16200 119 115 120 
16200 120 114 119 
16200 121 
16200 122 107 113 137 
16200 123 111 112 
16200 124 106 109 
16200 125 11 13 105 
16200 126 107 118 
16200 127 3 113 
16200 128 108 109 
16200 129 117 135 
16200 130 13 134 
16200 131 132 136 
16200 132 112 131 
16200 133 115 
16200 134 130 136 
16200 135 12 129 
16200 136 131 134 
16200 137 108 122 
16200 138 153 162 
16200 139 
16200 140 160 171 
16200 141 151 173 
16200 142 154 168 
16200 143 156 175 
16200 144 157 169 
16200 145 163 170 
16200 146 151 155 
16200 147 149 173 
16200 148 165 
16200 149 147 172 
16200 150 170 
16200 151 141 146 
16200 152 164 173 
16200 153 138 
16200 154 142 165 
16200 155 14 146 
16200 156 143 169 
16200 157 144 158 
16200 158 157 159 
16200 159 158 176 
16200 160 140 176 
16200 161 
16200 162 138 163 
16200 163 15 145 162 167 
16200 164 152 
16200 165 148 154 
16200 166 169 173 
16200 167 163 171 
16200 168 15 142 174 
16200 169 4 144 156 166 177 178 
16200 170 145 150 
16200 171 140 167 177 
16200 172 149 176 
16200 173 4 141 147 152 166 
16200 174 14 168 
16200 175 143 
16200 176 159 160 172 
16200 177 169 171 
16200 178 169 
16200 179 194 200 
16200 180 
16200 181 192 200 
16200 182 205 209 
16200 183 203 218 
16200 184 214 
16200 185 189 197 207 
16200 186 5 208 
16200 187 206 214 
16200 188 209 218 
16200 189 185 209 
16200 190 198 201 
16200 191 200 204 
16200 192 181 216 
16200 193 201 212 
16200 194 179 195 
16200 195 5 194 
16200 196 
16200 197 185 198 
16200 198 190 197 
16200 199 16 214 
16200 200 179 181 191 211 
16200 201 190 193 
16200 202 203 
16200 203 183 202 213 
16200 204 191 217 
16200 205 182 206 
16200 206 16 187 205 208 217 
16200 207 185 212 
16200 208 186 206 
16200 209 182 188 189 
16200 210 
16200 211 200 212 
16200 212 193 207 211 
16200 213 203 
16200 214 184 187 199 216 
16200 215 
16200 216 192 214 
16200 217 204 206 
16200 218 183 188 
16200 219 0 2 
16200 220 0 
16200 221 0 
16200 222 0 
16200 223 0 2 
16200 224 0 
16200 225 0 
16200 226 0 2 
16200 227 0 
16200 228 0 2 
16200 229 0 
16200 230 0 
16200 231 0 
16200 232 0 2 
16200 233 0 
16200 234 0 2 
16200 235 0 
16200 236 0 
16200 237 0 
16200 238 0 2 
16200 239 0 
16200 240 0 2 
16200 241 0 
16200 242 0 2 
16200 243 0 
16200 244 0 
16200 245 0 2 
16200 246 0 
16200 247 0 
16200 248 0 2 
18000 0 
18000 1 22 46 
18000 2 80 95 
18000 3 112 123 
18000 4 155 176 
18000 5 206 210 
18000 6 29 30 
18000 7 53 64 
18000 8 17 19 
18000 9 82 95 
18000 10 93 100 
18000 11 135 
18000 12 123 127 
18000 13 108 123 
18000 14 158 160 
18000 15 143 167 
18000 16 210 215 
18000 17 8 56 
18000 18 49 63 
18000 19 8 34 
18000 20 22 42 
18000 21 53 
18000 22 1 20 
18000 23 57 64 
18000 24 47 51 
18000 25 52 57 
18000 26 56 
18000 27 55 65 
18000 28 41 66 
18000 29 6 66 
18000 30 6 42 45 
18000 31 33 35 
18000 32 64 66 
18000 33 31 44 50 
18000 34 19 60 
18000 35 31 48 
18000 36 37 56 
18000 37 36 60 
18000 38 53 59 
18000 39 
18000 40 
18000 41 28 62 
18000 42 20 30 
18000 43 
18000 44 33 55 
18000 45 30 55 
18000 46 1 51 
18000 47 24 63 
18000 48 35 50 
18000 49 18 59 
18000 50 33 48 
18000 51 24 46 
18000 52 25 55 
18000 53 7 21 38 
18000 54 61 
18000 55 27 44 45 52 
18000 56 17 26 36 65 
18000 57 23 25 
18000 58 61 
18000 59 38 49 
18000 60 34 37 
18000 61 54 58 
18000 62 41 66 
18000 63 18 47 
18000 64 7 23 32 
18000 65 27 56 
18000 66 28 29 32 62 
18000 67 83 89 
18000 68 76 103 
18000 69 80 90 
18000 70 76 102 
18000 71 72 91 
18000 72 71 103 
18000 73 78 99 
18000 74 78 100 
18000 75 89 96 
18000 76 68 70 
18000 77 80 84 
18000 78 73 74 
18000 79 96 98 
18000 80 2 69 77 
18000 81 93 100 
18000 82 9 92 
18000 83 67 94 
18000 84 77 101 
18000 85 96 103 
18000 86 88 99 
18000 87 
18000 88 86 
18000 89 67 75 
18000 90 69 94 
18000 91 71 98 
18000 92 82 102 
18000 93 10 81 
18000 94 83 90 
18000 95 2 9 
18000 96 75 79 85 
18000 97 101 
18000 98 79 91 
18000 99 73 86 
18000 100 10 74 81 
18000 101 84 97 
18000 102 70 92 
18000 103 68 72 85 
18000 104 137 
18000 105 129 135 
18000 106 119 127 
18000 107 119 124 
18000 108 13 126 
18000 109 111 117 
18000 110 124 131 
18000 111 109 130 
18000 112 3 
18000 113 119 132 
18000 114 131 
18000 115 
18000 116 119 
18000 117 109 125 129 
18000 118 130 137 
18000 119 106 107 113 116 
18000 120 124 125 
18000 121 
18000 122 
18000 123 3 12 13 128 133 
18000 124 107 110 120 132 133 134 
18000 125 117 120 
18000 126 108 136 
18000 127 12 106 134 
18000 128 123 
18000 129 105 117 
18000 130 111 118 
18000 131 110 114 
18000 132 113 124 
18000 133 123 124 
18000 134 124 127 
18000 135 11 105 
18000 136 126 137 
18000 137 104 118 136 
18000 138 159 173 
18000 139 
18000 140 151 176 
18000 141 154 160 
18000 142 150 164 
18000 143 15 153 158 159 165 171 177 
18000 144 149 152 
18000 145 151 176 
18000 146 161 174 
18000 147 157 165 
18000 148 163 176 
18000 149 144 157 
18000 150 142 167 
18000 151 140 145 170 
18000 152 144 154 
18000 153 143 
18000 154 141 152 
18000 155 4 172 
18000 156 169 178 
18000 157 147 149 
18000 158 14 143 
18000 159 138 143 
18000 160 14 141 
18000 161 146 167 
18000 162 163 164 
18000 163 148 162 
18000 164 142 162 
18000 165 143 147 
18000 166 168 172 
18000 167 15 150 161 171 
18000 168 166 175 
18000 169 156 
18000 170 151 
18000 171 143 167 
18000 172 155 166 
18000 173 138 177 
18000 174 146 175 
18000 175 168 174 
18000 176 4 140 145 148 
18000 177 143 173 
18000 178 156 
18000 179 204 212 
18000 180 186 215 
18000 181 194 212 
18000 182 199 209 
18000 183 185 207 
18000 184 198 
18000 185 183 216 
18000 186 180 194 
18000 187 215 218 
18000 188 206 208 
18000 189 202 212 
18000 190 197 210 
18000 191 199 206 
18000 192 209 214 
18000 193 201 218 
18000 194 181 186 205 
18000 195 213 215 
18000 196 203 
18000 197 190 204 
18000 198 184 200 
18000 199 182 191 208 
18000 200 198 210 
18000 201 193 202 
18000 202 189 201 
18000 203 196 206 
18000 204 179 197 
18000 205 194 209 
18000 206 5 188 191 203 
18000 207 183 218 
18000 208 188 199 
18000 209 182 192 205 
18000 210 5 16 190 200 
18000 211 
18000 212 179 181 189 
18000 213 195 
18000 214 192 
18000 215 16 180 187 195 
18000 216 185 218 
18000 217 
18000 218 187 193 207 216 
