0 21600
0 0 3 4 5 240 241 242 243 244 245 246 247 248 249 250 251 252 253 254 255 256 257 258 259 260 261 262 263 264 265 266 267 268 269 
0 1 52 53 54 
0 2 93 95 96 
0 3 0 126 127 241 242 244 248 249 253 258 259 261 264 265 266 
0 4 0 225 233 241 243 246 250 252 257 259 261 262 266 268 269 
0 5 0 238 239 240 244 245 247 251 255 256 260 262 263 266 267 
0 6 52 53 54 
0 7 52 53 54 
0 8 52 53 54 
0 9 93 95 96 
0 10 93 95 96 
0 11 93 95 96 
0 12 125 126 127 
0 13 15 225 233 
0 14 15 225 233 
0 15 13 14 233 
0 16 237 238 239 
0 17 23 28 31 
0 18 52 53 54 
0 19 50 53 54 
0 20 52 53 54 
0 21 52 53 54 
0 22 34 36 46 
0 23 17 40 43 50 
0 24 53 54 55 
0 25 48 51 52 
0 26 34 38 45 46 
0 27 52 53 54 
0 28 17 53 54 
0 29 32 39 49 145 164 
0 30 52 53 54 
0 31 17 40 43 50 
0 32 29 179 184 
0 33 52 53 54 
0 34 22 26 47 
0 35 52 53 54 
0 36 22 49 55 
0 37 53 54 55 
0 38 26 51 52 
0 39 29 53 54 
0 40 23 31 54 
0 41 52 53 54 
0 42 51 52 55 
0 43 23 31 54 
0 44 52 53 54 
0 45 26 47 53 
0 46 22 26 47 
0 47 34 45 46 
0 48 25 51 52 
0 49 29 36 55 
0 50 19 23 31 
0 51 25 38 42 48 
0 52 1 6 7 8 18 20 21 25 27 30 33 35 38 41 42 44 48 
0 53 1 6 7 8 18 19 20 21 24 27 28 30 33 35 37 39 41 44 45 
0 54 1 6 7 8 18 19 20 21 24 27 28 30 33 35 37 39 40 41 43 44 
0 55 24 36 37 42 49 
0 56 94 95 96 
0 57 92 95 96 
0 58 93 95 96 
0 59 93 95 96 
0 60 89 95 96 
0 61 93 95 96 
0 62 66 68 82 91 
0 63 73 77 83 
0 64 73 74 79 
0 65 93 95 96 
0 66 62 82 93 
0 67 70 79 80 
0 68 62 74 95 
0 69 89 95 96 
0 70 67 95 96 
0 71 93 95 96 
0 72 89 92 95 
0 73 63 64 83 
0 74 64 68 96 
0 75 
0 76 93 95 96 
0 77 63 78 94 
0 78 77 86 94 
0 79 64 67 
0 80 67 95 96 
0 81 92 95 96 
0 82 62 66 91 
0 83 63 73 94 
0 84 93 95 96 
0 85 92 95 96 
0 86 78 91 92 
0 87 94 95 96 
0 88 93 95 96 
0 89 60 69 72 
0 90 93 95 96 
0 91 62 82 86 
0 92 57 72 81 85 86 
0 93 2 9 10 11 58 59 61 65 66 71 76 84 88 90 
0 94 56 77 78 83 87 
0 95 2 9 10 11 56 57 58 59 60 61 65 68 69 70 71 72 76 80 81 84 85 87 88 90 
0 96 2 9 10 11 56 57 58 59 60 61 65 69 70 71 74 76 80 81 84 85 87 88 90 
0 97 125 126 127 
0 98 125 126 127 
0 99 122 124 127 
0 100 125 126 127 
0 101 123 124 127 
0 102 125 126 127 
0 103 125 126 127 
0 104 125 126 127 
0 105 125 126 127 
0 106 125 126 127 
0 107 123 125 126 
0 108 124 126 127 
0 109 125 126 127 
0 110 125 126 127 
0 111 123 125 126 
0 112 125 126 127 
0 113 125 126 127 
0 114 125 126 127 
0 115 125 126 127 
0 116 125 126 127 
0 117 125 126 127 
0 118 125 126 127 
0 119 125 126 127 
0 120 125 126 127 
0 121 126 127 133 
0 122 99 125 127 
0 123 101 107 111 133 137 
0 124 99 101 108 
0 125 12 97 98 100 102 103 104 105 106 107 109 110 111 112 113 114 115 116 117 118 119 120 122 128 129 130 131 132 134 135 136 137 138 139 140 141 142 
0 126 3 12 97 98 100 102 103 104 105 106 107 108 109 110 111 112 113 114 115 116 117 118 119 120 121 128 129 130 131 132 133 134 135 136 137 138 139 140 141 142 
0 127 3 12 97 98 99 100 101 102 103 104 105 106 108 109 110 112 113 114 115 116 117 118 119 120 121 122 128 129 130 131 132 134 135 136 138 139 140 141 142 
0 128 125 126 127 
0 129 125 126 127 
0 130 125 126 127 
0 131 125 126 127 
0 132 125 126 127 
0 133 121 123 126 
0 134 125 126 127 
0 135 125 126 127 
0 136 125 126 127 
0 137 123 125 126 
0 138 125 126 127 
0 139 125 126 127 
0 140 125 126 127 
0 141 125 126 127 
0 142 125 126 127 
0 143 145 172 233 
0 144 189 225 233 
0 145 29 143 189 
0 146 189 225 233 
0 147 236 238 239 
0 148 236 238 239 
0 149 233 236 239 
0 150 160 189 233 
0 151 189 225 233 
0 152 187 188 189 
0 153 187 188 189 
0 154 236 238 239 
0 155 188 189 233 
0 156 200 225 233 
0 157 187 188 189 
0 158 236 238 239 
0 159 233 236 239 
0 160 150 236 239 
0 161 189 225 233 
0 162 189 225 233 
0 163 187 188 189 
0 164 29 225 231 
0 165 233 236 239 
0 166 178 182 187 
0 167 189 225 233 
0 168 187 188 189 
0 169 187 188 189 
0 170 233 236 239 
0 171 233 236 239 
0 172 143 175 189 
0 173 233 236 239 
0 174 237 238 239 
0 175 172 225 233 
0 176 225 233 239 
0 177 233 234 236 
0 178 166 188 189 
0 179 32 188 189 
0 180 189 225 233 
0 181 233 236 239 
0 182 166 189 231 
0 183 189 225 239 
0 184 32 188 189 
0 185 233 236 239 
0 186 187 188 189 
0 187 152 153 157 163 166 168 169 186 
0 188 152 153 155 157 163 168 169 178 179 184 186 
0 189 144 145 146 150 151 152 153 155 157 161 162 163 167 168 169 172 178 179 180 182 183 184 186 
0 190 237 238 239 
0 191 237 238 239 
0 192 237 238 239 
0 193 237 238 239 
0 194 207 231 234 
0 195 237 238 239 
0 196 237 238 239 
0 197 207 226 234 
0 198 229 235 237 
0 199 237 238 239 
0 200 156 232 239 
0 201 236 237 238 
0 202 236 237 238 
0 203 236 237 238 
0 204 237 238 239 
0 205 235 237 238 
0 206 230 234 238 
0 207 194 197 226 
0 208 236 237 238 
0 209 235 237 239 
0 210 237 238 239 
0 211 237 238 239 
0 212 237 238 239 
0 213 232 235 237 
0 214 237 238 239 
0 215 237 238 239 
0 216 237 238 239 
0 217 230 237 238 
0 218 234 235 238 
0 219 237 238 239 
0 220 237 238 239 
0 221 236 237 238 
0 222 229 235 237 
0 223 237 238 239 
0 224 232 237 239 
0 225 4 13 14 144 146 151 156 161 162 164 167 175 176 180 183 
0 226 197 207 234 
0 227 235 237 238 
0 228 237 238 239 
0 229 198 222 239 
0 230 206 217 239 
0 231 164 182 194 
0 232 200 213 224 
0 233 4 13 14 15 143 144 146 149 150 151 155 156 159 161 162 165 167 170 171 173 175 176 177 180 181 185 
0 234 177 194 197 206 218 226 
0 235 198 205 209 213 218 222 227 
0 236 147 148 149 154 158 159 160 165 170 171 173 177 181 185 201 202 203 208 221 
0 237 16 174 190 191 192 193 195 196 198 199 201 202 203 204 205 208 209 210 211 212 213 214 215 216 217 219 220 221 222 223 224 227 228 
0 238 5 16 147 148 154 158 174 190 191 192 193 195 196 199 201 202 203 204 205 206 208 210 211 212 214 215 216 217 218 219 220 221 223 227 228 
0 239 5 16 147 148 149 154 158 159 160 165 170 171 173 174 176 181 183 185 190 191 192 193 195 196 199 200 204 209 210 211 212 214 215 216 219 220 223 224 228 229 230 
0 240 0 5 
0 241 0 3 4 
0 242 0 3 
0 243 0 4 
0 244 0 3 5 
0 245 0 5 
0 246 0 4 
0 247 0 5 
0 248 0 3 
0 249 0 3 
0 250 0 4 
0 251 0 5 
0 252 0 4 
0 253 0 3 
0 254 0 
0 255 0 5 
0 256 0 5 
0 257 0 4 
0 258 0 3 
0 259 0 3 4 
0 260 0 5 
0 261 0 3 4 
0 262 0 4 5 
0 263 0 5 
0 264 0 3 
0 265 0 3 
0 266 0 3 4 5 
0 267 0 5 
0 268 0 4 
0 269 0 4 
1800 0 3 4 5 240 241 242 243 244 245 246 247 248 249 250 251 252 253 254 255 256 257 258 259 260 261 262 263 264 265 266 267 268 269 
1800 1 52 53 54 
1800 2 93 95 96 
1800 3 0 126 127 241 242 244 248 249 253 258 259 261 264 265 266 
1800 4 0 143 225 241 243 246 250 252 257 259 261 262 266 268 269 
1800 5 0 238 239 240 244 245 247 251 255 256 260 262 263 266 267 
1800 6 52 53 54 
1800 7 52 53 54 
1800 8 52 53 54 
1800 9 93 95 96 
1800 10 93 95 96 
1800 11 93 95 96 
1800 12 125 126 127 
1800 13 15 215 225 
1800 14 15 215 225 
1800 15 13 14 225 
1800 16 237 238 239 
1800 17 23 28 31 
1800 18 40 41 184 
1800 19 53 54 55 
1800 20 145 168 182 
1800 21 52 53 54 
1800 22 25 34 36 37 46 
1800 23 17 40 43 50 
1800 24 29 30 53 
1800 25 22 26 38 
1800 26 25 34 37 38 45 46 
1800 27 52 53 54 
1800 28 17 53 54 
1800 29 24 32 39 49 145 
1800 30 24 54 55 
1800 31 17 40 43 50 
1800 32 29 55 184 
1800 33 52 53 54 
1800 34 22 26 47 
1800 35 52 53 54 
1800 36 22 42 55 
1800 37 22 26 38 
1800 38 25 26 37 
1800 39 29 53 55 
1800 40 18 23 31 
1800 41 18 53 54 
1800 42 36 52 55 
1800 43 23 31 54 
1800 44 53 54 55 
1800 45 26 47 52 
1800 46 22 26 47 
1800 47 34 45 46 48 
1800 48 47 51 52 
1800 49 29 55 145 
1800 50 23 31 54 
1800 51 48 52 53 
1800 52 1 6 7 8 21 27 33 35 42 45 48 51 
1800 53 1 6 7 8 19 21 24 27 28 33 35 39 41 44 51 
1800 54 1 6 7 8 19 21 27 28 30 33 35 41 43 44 50 
1800 55 19 30 32 36 39 42 44 49 
1800 56 93 95 96 
1800 57 92 95 96 
1800 58 93 95 96 
1800 59 93 95 96 
1800 60 89 95 96 
1800 61 93 95 96 
1800 62 64 66 67 82 91 
1800 63 77 78 79 83 
1800 64 62 73 74 
1800 65 93 95 96 
1800 66 62 82 93 
1800 67 62 79 85 
1800 68 92 93 95 
1800 69 89 95 96 
1800 70 89 95 96 
1800 71 93 95 96 
1800 72 92 94 95 
1800 73 64 95 96 
1800 74 64 95 96 
1800 75 86 
1800 76 93 95 96 
1800 77 63 78 94 
1800 78 63 77 86 
1800 79 63 67 83 
1800 80 89 95 96 
1800 81 92 95 96 
1800 82 62 66 91 
1800 83 63 79 94 
1800 84 93 95 96 
1800 85 67 95 96 
1800 86 75 78 91 
1800 87 94 95 96 
1800 88 93 95 96 
1800 89 60 69 70 80 
1800 90 93 95 96 
1800 91 62 82 86 
1800 92 57 68 72 81 
1800 93 2 9 10 11 56 58 59 61 65 66 68 71 76 84 88 90 
1800 94 72 77 83 87 
1800 95 2 9 10 11 56 57 58 59 60 61 65 68 69 70 71 72 73 74 76 80 81 84 85 87 88 90 
1800 96 2 9 10 11 56 57 58 59 60 61 65 69 70 71 73 74 76 80 81 84 85 87 88 90 
1800 97 125 126 127 
1800 98 125 126 127 
1800 99 119 124 127 
1800 100 125 126 127 
1800 101 123 124 127 
1800 102 125 126 127 
1800 103 122 126 127 
1800 104 125 126 127 
1800 105 125 126 127 
1800 106 125 126 127 
1800 107 123 125 126 
1800 108 124 126 127 
1800 109 125 126 127 
1800 110 125 126 127 
1800 111 123 125 126 
1800 112 125 126 127 
1800 113 125 126 127 
1800 114 125 126 127 
1800 115 125 126 127 
1800 116 125 126 127 
1800 117 125 126 127 
1800 118 125 126 127 
1800 119 99 126 127 
1800 120 125 126 127 
1800 121 123 126 133 
1800 122 103 125 127 
1800 123 101 107 111 121 133 137 
1800 124 99 101 108 
1800 125 12 97 98 100 102 104 105 106 107 109 110 111 112 113 114 115 116 117 118 120 122 128 129 130 131 132 134 135 136 137 138 139 140 141 142 
1800 126 3 12 97 98 100 102 103 104 105 106 107 108 109 110 111 112 113 114 115 116 117 118 119 120 121 128 129 130 131 132 133 134 135 136 137 138 139 140 141 142 
1800 127 3 12 97 98 99 100 101 102 103 104 105 106 108 109 110 112 113 114 115 116 117 118 119 120 122 128 129 130 131 132 134 135 136 138 139 140 141 142 
1800 128 125 126 127 
1800 129 125 126 127 
1800 130 125 126 127 
1800 131 125 126 127 
1800 132 125 126 127 
1800 133 121 123 126 
1800 134 125 126 127 
1800 135 125 126 127 
1800 136 125 126 127 
1800 137 123 125 126 
1800 138 125 126 127 
1800 139 125 126 127 
1800 140 125 126 127 
1800 141 125 126 127 
1800 142 125 126 127 
1800 143 4 150 168 172 179 184 
1800 144 189 215 225 
1800 145 20 29 49 
1800 146 189 215 225 
1800 147 236 238 239 
1800 148 236 238 239 
1800 149 225 236 239 
1800 150 143 160 215 
1800 151 189 215 225 
1800 152 188 189 215 
1800 153 215 225 239 
1800 154 236 238 239 
1800 155 188 189 215 
1800 156 200 215 225 
1800 157 187 188 189 
1800 158 219 238 239 
1800 159 231 236 239 
1800 160 150 236 239 
1800 161 189 215 225 
1800 162 237 238 239 
1800 163 188 189 215 
1800 164 189 215 225 
1800 165 200 215 225 
1800 166 178 182 187 
1800 167 189 215 225 
1800 168 20 143 189 
1800 169 187 188 189 
1800 170 231 236 239 
1800 171 231 236 239 
1800 172 143 175 189 
1800 173 225 236 239 
1800 174 237 238 239 
1800 175 172 215 225 
1800 176 215 225 239 
1800 177 231 234 236 
1800 178 166 188 189 
1800 179 143 189 215 
1800 180 189 215 225 
1800 181 231 236 239 
1800 182 20 166 215 
1800 183 215 225 239 
1800 184 18 32 143 
1800 185 231 236 239 
1800 186 237 238 239 
1800 187 157 166 169 
1800 188 152 155 157 163 169 178 
1800 189 144 146 151 152 155 157 161 163 164 167 168 169 172 178 179 180 
1800 190 237 238 239 
1800 191 237 238 239 
1800 192 237 238 239 
1800 193 237 238 239 
1800 194 197 207 234 
1800 195 237 238 239 
1800 196 237 238 239 
1800 197 194 226 234 
1800 198 230 233 237 
1800 199 237 238 239 
1800 200 156 165 232 
1800 201 236 237 238 
1800 202 237 238 239 
1800 203 236 237 238 
1800 204 237 238 239 
1800 205 235 237 238 
1800 206 234 237 238 
1800 207 194 226 234 
1800 208 236 237 238 
1800 209 233 237 239 
1800 210 237 238 239 
1800 211 237 238 239 
1800 212 237 238 239 
1800 213 237 238 239 
1800 214 237 238 239 
1800 215 13 14 144 146 150 151 152 153 155 156 161 163 164 165 167 175 176 179 180 182 183 
1800 216 237 238 239 
1800 217 230 237 238 
1800 218 234 235 238 
1800 219 158 237 238 
1800 220 237 238 239 
1800 221 236 237 238 
1800 222 235 237 238 
1800 223 237 238 239 
1800 224 235 237 239 
1800 225 4 13 14 15 144 146 149 151 153 156 161 164 165 167 173 175 176 180 183 
1800 226 197 207 234 
1800 227 235 237 238 
1800 228 237 238 239 
1800 229 237 238 239 
1800 230 198 217 232 
1800 231 159 170 171 177 181 185 
1800 232 200 230 233 
1800 233 198 209 232 
1800 234 177 194 197 206 207 218 226 
1800 235 205 218 222 224 227 
1800 236 147 148 149 154 159 160 170 171 173 177 181 185 201 203 208 221 
1800 237 16 162 174 186 190 191 192 193 195 196 198 199 201 202 203 204 205 206 208 209 210 211 212 213 214 216 217 219 220 221 222 223 224 227 228 229 
1800 238 5 16 147 148 154 158 162 174 186 190 191 192 193 195 196 199 201 202 203 204 205 206 208 210 211 212 213 214 216 217 218 219 220 221 222 223 227 228 229 
1800 239 5 16 147 148 149 153 154 158 159 160 162 170 171 173 174 176 181 183 185 186 190 191 192 193 195 196 199 202 204 209 210 211 212 213 214 216 220 223 224 228 229 
1800 240 0 5 
1800 241 0 3 4 
1800 242 0 3 
1800 243 0 4 
1800 244 0 3 5 
1800 245 0 5 
1800 246 0 4 
1800 247 0 5 
1800 248 0 3 
1800 249 0 3 
1800 250 0 4 
1800 251 0 5 
1800 252 0 4 
1800 253 0 3 
1800 254 0 
1800 255 0 5 
1800 256 0 5 
1800 257 0 4 
1800 258 0 3 
1800 259 0 3 4 
1800 260 0 5 
1800 261 0 3 4 
1800 262 0 4 5 
1800 263 0 5 
1800 264 0 3 
1800 265 0 3 
1800 266 0 3 4 5 
1800 267 0 5 
1800 268 0 4 
1800 269 0 4 
3600 0 3 4 5 240 241 242 243 244 245 246 247 248 249 250 251 252 253 254 255 256 257 258 259 260 261 262 263 264 265 266 267 268 269 
3600 1 52 53 54 
3600 2 93 95 96 
3600 3 0 126 127 241 242 244 248 249 253 258 259 261 264 265 266 
3600 4 0 17 229 241 243 246 250 252 257 259 261 262 266 268 269 
3600 5 0 238 239 240 244 245 247 251 255 256 260 262 263 266 267 
3600 6 52 53 54 
3600 7 52 53 54 
3600 8 52 53 54 
3600 9 93 95 96 
3600 10 93 95 96 
3600 11 93 95 96 
3600 12 125 126 127 
3600 13 29 32 49 
3600 14 15 225 229 
3600 15 14 225 229 
3600 16 237 238 239 
3600 17 4 18 40 
3600 18 17 53 54 
3600 19 50 53 54 
3600 20 52 53 54 
3600 21 52 53 54 
3600 22 34 36 46 
3600 23 31 40 43 
3600 24 53 54 55 
3600 25 50 51 52 
3600 26 34 45 46 
3600 27 52 53 54 
3600 28 52 53 54 
3600 29 13 32 39 49 
3600 30 50 53 54 
3600 31 23 40 43 
3600 32 13 29 176 
3600 33 52 53 54 
3600 34 22 26 47 
3600 35 52 53 54 
3600 36 22 42 55 
3600 37 53 54 55 
3600 38 51 52 53 
3600 39 29 53 54 
3600 40 17 23 31 
3600 41 52 53 54 
3600 42 36 52 55 
3600 43 23 31 54 
3600 44 52 53 54 
3600 45 26 47 52 
3600 46 22 26 47 
3600 47 34 45 46 
3600 48 50 51 52 
3600 49 13 29 55 
3600 50 19 25 30 48 
3600 51 25 38 48 
3600 52 1 6 7 8 20 21 25 27 28 33 35 38 41 42 44 45 48 
3600 53 1 6 7 8 18 19 20 21 24 27 28 30 33 35 37 38 39 41 44 
3600 54 1 6 7 8 18 19 20 21 24 27 28 30 33 35 37 39 41 43 44 
3600 55 24 36 37 42 49 
3600 56 93 95 96 
3600 57 93 95 96 
3600 58 93 95 96 
3600 59 93 95 96 
3600 60 93 95 96 
3600 61 93 95 96 
3600 62 66 82 91 
3600 63 73 77 94 
3600 64 79 95 96 
3600 65 93 94 96 
3600 66 62 82 91 
3600 67 79 95 96 
3600 68 92 93 95 
3600 69 93 95 96 
3600 70 93 95 96 
3600 71 93 95 96 
3600 72 87 92 93 
3600 73 63 83 86 
3600 74 93 95 96 
3600 75 
3600 76 93 95 96 
3600 77 63 91 94 
3600 78 92 93 94 
3600 79 64 67 
3600 80 93 95 96 
3600 81 93 95 96 
3600 82 62 66 91 
3600 83 73 91 94 
3600 84 93 95 96 
3600 85 93 95 96 
3600 86 73 91 93 
3600 87 72 95 96 
3600 88 93 95 96 
3600 89 93 95 96 
3600 90 93 95 96 
3600 91 62 66 77 82 83 86 
3600 92 68 72 78 
3600 93 2 9 10 11 56 57 58 59 60 61 65 68 69 70 71 72 74 76 78 80 81 84 85 86 88 89 90 
3600 94 63 65 77 78 83 
3600 95 2 9 10 11 56 57 58 59 60 61 64 67 68 69 70 71 74 76 80 81 84 85 87 88 89 90 
3600 96 2 9 10 11 56 57 58 59 60 61 64 65 67 69 70 71 74 76 80 81 84 85 87 88 89 90 
3600 97 125 126 127 
3600 98 125 126 127 
3600 99 125 126 127 
3600 100 125 126 127 
3600 101 123 124 127 
3600 102 125 126 127 
3600 103 123 125 126 
3600 104 125 126 127 
3600 105 125 126 127 
3600 106 125 126 127 
3600 107 123 125 126 
3600 108 124 126 127 
3600 109 125 126 127 
3600 110 125 126 127 
3600 111 123 125 126 
3600 112 125 126 127 
3600 113 125 126 127 
3600 114 125 126 127 
3600 115 125 126 127 
3600 116 125 126 127 
3600 117 125 126 127 
3600 118 125 126 127 
3600 119 125 126 127 
3600 120 121 126 127 
3600 121 120 123 133 
3600 122 124 125 127 
3600 123 101 103 107 111 121 133 137 
3600 124 101 108 122 
3600 125 12 97 98 99 100 102 103 104 105 106 107 109 110 111 112 113 114 115 116 117 118 119 122 128 129 130 131 132 134 135 136 137 138 139 140 141 142 
3600 126 3 12 97 98 99 100 102 103 104 105 106 107 108 109 110 111 112 113 114 115 116 117 118 119 120 128 129 130 131 132 133 134 135 136 137 138 139 140 141 142 
3600 127 3 12 97 98 99 100 101 102 104 105 106 108 109 110 112 113 114 115 116 117 118 119 120 122 128 129 130 131 132 134 135 136 138 139 140 141 142 
3600 128 125 126 127 
3600 129 125 126 127 
3600 130 125 126 127 
3600 131 125 126 127 
3600 132 125 126 127 
3600 133 121 123 126 
3600 134 125 126 127 
3600 135 125 126 127 
3600 136 125 126 127 
3600 137 123 125 126 
3600 138 125 126 127 
3600 139 125 126 127 
3600 140 125 126 127 
3600 141 125 126 127 
3600 142 125 126 127 
3600 143 145 150 152 157 168 172 179 184 
3600 144 225 229 231 
3600 145 143 175 189 
3600 146 189 225 229 
3600 147 236 238 239 
3600 148 236 238 239 
3600 149 231 236 239 
3600 150 143 160 189 
3600 151 188 189 225 
3600 152 143 160 189 
3600 153 187 188 189 
3600 154 236 238 239 
3600 155 187 188 189 
3600 156 193 200 225 
3600 157 143 188 189 
3600 158 236 238 239 
3600 159 236 238 239 
3600 160 150 152 239 
3600 161 189 225 229 
3600 162 189 225 229 
3600 163 231 236 239 
3600 164 229 231 238 
3600 165 225 229 231 
3600 166 225 231 238 
3600 167 189 225 229 
3600 168 143 188 189 
3600 169 229 231 236 
3600 170 236 238 239 
3600 171 231 236 239 
3600 172 143 175 189 
3600 173 231 236 239 
3600 174 237 238 239 
3600 175 145 172 229 
3600 176 32 225 239 
3600 177 234 236 238 
3600 178 187 188 189 
3600 179 143 188 189 
3600 180 188 189 225 
3600 181 236 238 239 
3600 182 229 231 238 
3600 183 225 229 239 
3600 184 143 189 225 
3600 185 236 238 239 
3600 186 211 225 239 
3600 187 153 155 178 
3600 188 151 153 155 157 168 178 179 180 
3600 189 145 146 150 151 152 153 155 157 161 162 167 168 172 178 179 180 184 
3600 190 237 238 239 
3600 191 237 238 239 
3600 192 237 238 239 
3600 193 156 237 239 
3600 194 197 207 234 
3600 195 237 238 239 
3600 196 237 238 239 
3600 197 194 226 234 
3600 198 236 237 238 
3600 199 237 238 239 
3600 200 156 232 239 
3600 201 236 237 238 
3600 202 236 237 238 
3600 203 236 237 238 
3600 204 237 238 239 
3600 205 235 237 238 
3600 206 236 237 238 
3600 207 194 226 234 
3600 208 236 237 238 
3600 209 233 237 239 
3600 210 237 238 239 
3600 211 186 238 239 
3600 212 237 238 239 
3600 213 232 233 237 
3600 214 237 238 239 
3600 215 237 238 239 
3600 216 237 238 239 
3600 217 230 237 238 
3600 218 234 235 238 
3600 219 237 238 239 
3600 220 237 238 239 
3600 221 236 237 238 
3600 222 228 233 237 
3600 223 237 238 239 
3600 224 235 237 239 
3600 225 14 15 144 146 151 156 161 162 165 166 167 176 180 183 184 186 
3600 226 197 207 234 
3600 227 235 237 238 
3600 228 222 238 239 
3600 229 4 14 15 144 146 161 162 164 165 167 169 175 182 183 
3600 230 217 238 239 
3600 231 144 149 163 164 165 166 169 171 173 182 
3600 232 200 213 233 
3600 233 209 213 222 232 
3600 234 177 194 197 207 218 226 
3600 235 205 218 224 227 
3600 236 147 148 149 154 158 159 163 169 170 171 173 177 181 185 198 201 202 203 206 208 221 
3600 237 16 174 190 191 192 193 195 196 198 199 201 202 203 204 205 206 208 209 210 212 213 214 215 216 217 219 220 221 222 223 224 227 
3600 238 5 16 147 148 154 158 159 164 166 170 174 177 181 182 185 190 191 192 195 196 198 199 201 202 203 204 205 206 208 210 211 212 214 215 216 217 218 219 220 221 223 227 228 230 
3600 239 5 16 147 148 149 154 158 159 160 163 170 171 173 174 176 181 183 185 186 190 191 192 193 195 196 199 200 204 209 210 211 212 214 215 216 219 220 223 224 228 230 
3600 240 0 5 
3600 241 0 3 4 
3600 242 0 3 
3600 243 0 4 
3600 244 0 3 5 
3600 245 0 5 
3600 246 0 4 
3600 247 0 5 
3600 248 0 3 
3600 249 0 3 
3600 250 0 4 
3600 251 0 5 
3600 252 0 4 
3600 253 0 3 
3600 254 0 
3600 255 0 5 
3600 256 0 5 
3600 257 0 4 
3600 258 0 3 
3600 259 0 3 4 
3600 260 0 5 
3600 261 0 3 4 
3600 262 0 4 5 
3600 263 0 5 
3600 264 0 3 
3600 265 0 3 
3600 266 0 3 4 5 
3600 267 0 5 
3600 268 0 4 
3600 269 0 4 
5400 0 3 4 5 240 241 242 243 244 245 246 247 248 249 250 251 252 253 254 255 256 257 258 259 260 261 262 263 264 265 266 267 268 269 
5400 1 52 53 54 
5400 2 93 95 96 
5400 3 0 126 127 241 242 244 248 249 253 258 259 261 264 265 266 
5400 4 0 143 225 241 243 246 250 252 257 259 261 262 266 268 269 
5400 5 0 238 239 240 244 245 247 251 255 256 260 262 263 266 267 
5400 6 52 53 54 
5400 7 52 53 54 
5400 8 52 53 54 
5400 9 93 95 96 
5400 10 93 95 96 
5400 11 93 95 96 
5400 12 125 126 127 
5400 13 32 49 143 
5400 14 15 202 225 
5400 15 14 175 225 
5400 16 237 238 239 
5400 17 54 55 185 
5400 18 55 156 185 
5400 19 53 54 185 
5400 20 52 53 54 
5400 21 51 54 55 
5400 22 34 36 46 
5400 23 31 43 53 
5400 24 54 55 185 
5400 25 48 51 52 
5400 26 52 54 55 
5400 27 52 53 54 
5400 28 52 53 54 
5400 29 49 55 145 
5400 30 53 54 185 
5400 31 23 40 43 
5400 32 13 184 185 
5400 33 52 53 54 
5400 34 22 46 47 
5400 35 52 53 54 
5400 36 22 42 55 
5400 37 54 55 185 
5400 38 48 51 52 
5400 39 53 54 185 
5400 40 31 52 185 
5400 41 52 53 54 
5400 42 36 52 55 
5400 43 23 31 45 
5400 44 52 53 54 
5400 45 43 46 47 
5400 46 22 34 45 47 
5400 47 34 45 46 
5400 48 25 38 52 
5400 49 13 29 55 
5400 50 53 54 185 
5400 51 21 25 38 
5400 52 1 6 7 8 20 25 26 27 28 33 35 38 40 41 42 44 48 
5400 53 1 6 7 8 19 20 23 27 28 30 33 35 39 41 44 50 
5400 54 1 6 7 8 17 19 20 21 24 26 27 28 30 33 35 37 39 41 44 50 
5400 55 17 18 21 24 26 29 36 37 42 49 
5400 56 93 95 96 
5400 57 92 95 96 
5400 58 93 95 96 
5400 59 93 95 96 
5400 60 88 95 96 
5400 61 93 95 96 
5400 62 66 68 75 82 91 
5400 63 73 77 83 
5400 64 79 95 96 
5400 65 93 95 96 
5400 66 62 75 82 
5400 67 70 79 80 
5400 68 62 74 95 
5400 69 89 95 96 
5400 70 67 95 96 
5400 71 93 95 96 
5400 72 87 92 95 
5400 73 63 83 89 
5400 74 68 95 96 
5400 75 62 66 
5400 76 93 95 96 
5400 77 63 89 94 
5400 78 89 94 96 
5400 79 64 67 89 
5400 80 67 95 96 
5400 81 92 95 96 
5400 82 62 66 91 
5400 83 63 73 94 
5400 84 93 95 96 
5400 85 92 95 96 
5400 86 87 91 92 
5400 87 72 86 96 
5400 88 60 95 96 
5400 89 69 73 77 78 79 
5400 90 93 95 96 
5400 91 62 82 86 
5400 92 57 72 81 85 86 
5400 93 2 9 10 11 56 58 59 61 65 71 76 84 90 
5400 94 77 78 83 
5400 95 2 9 10 11 56 57 58 59 60 61 64 65 68 69 70 71 72 74 76 80 81 84 85 88 90 
5400 96 2 9 10 11 56 57 58 59 60 61 64 65 69 70 71 74 76 78 80 81 84 85 87 88 90 
5400 97 125 126 127 
5400 98 125 126 127 
5400 99 122 124 127 
5400 100 125 126 127 
5400 101 123 124 127 
5400 102 125 126 127 
5400 103 125 126 127 
5400 104 125 126 127 
5400 105 125 126 127 
5400 106 125 126 127 
5400 107 125 126 127 
5400 108 125 126 127 
5400 109 125 126 127 
5400 110 125 126 127 
5400 111 125 126 127 
5400 112 125 126 127 
5400 113 125 126 127 
5400 114 125 126 127 
5400 115 125 126 127 
5400 116 125 126 127 
5400 117 125 126 127 
5400 118 125 126 127 
5400 119 125 126 127 
5400 120 125 126 127 
5400 121 123 127 133 
5400 122 99 125 127 
5400 123 101 121 127 
5400 124 99 101 127 
5400 125 12 97 98 100 102 103 104 105 106 107 108 109 110 111 112 113 114 115 116 117 118 119 120 122 128 129 130 131 132 134 135 136 137 138 139 140 141 142 
5400 126 3 12 97 98 100 102 103 104 105 106 107 108 109 110 111 112 113 114 115 116 117 118 119 120 128 129 130 131 132 133 134 135 136 137 138 139 140 141 142 
5400 127 3 12 97 98 99 100 101 102 103 104 105 106 107 108 109 110 111 112 113 114 115 116 117 118 119 120 121 122 123 124 128 129 130 131 132 133 134 135 136 137 138 139 140 141 142 
5400 128 125 126 127 
5400 129 125 126 127 
5400 130 125 126 127 
5400 131 125 126 127 
5400 132 125 126 127 
5400 133 121 126 127 
5400 134 125 126 127 
5400 135 125 126 127 
5400 136 125 126 127 
5400 137 125 126 127 
5400 138 125 126 127 
5400 139 125 126 127 
5400 140 125 126 127 
5400 141 125 126 127 
5400 142 125 126 127 
5400 143 4 13 145 150 157 163 168 169 172 179 184 
5400 144 189 202 225 
5400 145 29 143 189 
5400 146 189 202 225 
5400 147 236 238 239 
5400 148 236 238 239 
5400 149 225 236 239 
5400 150 143 202 211 
5400 151 189 202 225 
5400 152 187 188 189 
5400 153 234 235 238 
5400 154 236 238 239 
5400 155 187 188 189 
5400 156 18 157 225 
5400 157 143 156 189 
5400 158 236 238 239 
5400 159 231 236 239 
5400 160 235 236 239 
5400 161 236 238 239 
5400 162 189 202 225 
5400 163 143 188 189 
5400 164 202 225 231 
5400 165 202 211 225 
5400 166 187 188 189 
5400 167 188 189 225 
5400 168 143 202 211 
5400 169 143 188 189 
5400 170 231 236 239 
5400 171 231 236 239 
5400 172 143 188 189 
5400 173 225 236 239 
5400 174 236 238 239 
5400 175 15 202 225 
5400 176 211 225 239 
5400 177 231 234 236 
5400 178 187 188 189 
5400 179 143 188 189 
5400 180 188 189 225 
5400 181 231 236 239 
5400 182 188 189 231 
5400 183 211 225 239 
5400 184 32 143 189 
5400 185 17 18 19 24 30 32 37 39 40 50 
5400 186 187 188 189 
5400 187 152 155 166 178 186 
5400 188 152 155 163 166 167 169 172 178 179 180 182 186 
5400 189 144 145 146 151 152 155 157 162 163 166 167 169 172 178 179 180 182 184 186 
5400 190 237 238 239 
5400 191 237 238 239 
5400 192 237 238 239 
5400 193 237 238 239 
5400 194 207 231 234 
5400 195 237 238 239 
5400 196 237 238 239 
5400 197 236 237 238 
5400 198 229 233 237 
5400 199 237 238 239 
5400 200 236 238 239 
5400 201 237 238 239 
5400 202 14 144 146 150 151 162 164 165 168 175 
5400 203 236 237 238 
5400 204 237 238 239 
5400 205 235 237 238 
5400 206 230 234 238 
5400 207 194 226 234 
5400 208 236 237 238 
5400 209 236 237 239 
5400 210 237 238 239 
5400 211 150 165 168 176 183 
5400 212 237 238 239 
5400 213 232 233 237 
5400 214 237 238 239 
5400 215 237 238 239 
5400 216 237 238 239 
5400 217 230 237 238 
5400 218 234 235 238 
5400 219 236 238 239 
5400 220 237 238 239 
5400 221 236 237 238 
5400 222 237 238 239 
5400 223 237 238 239 
5400 224 237 238 239 
5400 225 4 14 15 144 146 149 151 156 162 164 165 167 173 175 176 180 183 
5400 226 207 228 234 
5400 227 235 237 238 
5400 228 226 238 239 
5400 229 198 238 239 
5400 230 206 217 239 
5400 231 159 164 170 171 177 181 182 194 
5400 232 213 237 239 
5400 233 198 213 239 
5400 234 153 177 194 206 207 218 226 
5400 235 153 160 205 218 227 
5400 236 147 148 149 154 158 159 160 161 170 171 173 174 177 181 197 200 203 208 209 219 221 
5400 237 16 190 191 192 193 195 196 197 198 199 201 203 204 205 208 209 210 212 213 214 215 216 217 220 221 222 223 224 227 232 
5400 238 5 16 147 148 153 154 158 161 174 190 191 192 193 195 196 197 199 200 201 203 204 205 206 208 210 212 214 215 216 217 218 219 220 221 222 223 224 227 228 229 
5400 239 5 16 147 148 149 154 158 159 160 161 170 171 173 174 176 181 183 190 191 192 193 195 196 199 200 201 204 209 210 212 214 215 216 219 220 222 223 224 228 229 230 232 233 
5400 240 0 5 
5400 241 0 3 4 
5400 242 0 3 
5400 243 0 4 
5400 244 0 3 5 
5400 245 0 5 
5400 246 0 4 
5400 247 0 5 
5400 248 0 3 
5400 249 0 3 
5400 250 0 4 
5400 251 0 5 
5400 252 0 4 
5400 253 0 3 
5400 254 0 
5400 255 0 5 
5400 256 0 5 
5400 257 0 4 
5400 258 0 3 
5400 259 0 3 4 
5400 260 0 5 
5400 261 0 3 4 
5400 262 0 4 5 
5400 263 0 5 
5400 264 0 3 
5400 265 0 3 
5400 266 0 3 4 5 
5400 267 0 5 
5400 268 0 4 
5400 269 0 4 
7200 0 3 4 5 240 241 242 243 244 245 246 247 248 249 250 251 252 253 254 255 256 257 258 259 260 261 262 263 264 265 266 267 268 269 
7200 1 51 53 54 
7200 2 93 95 96 
7200 3 0 126 127 241 242 244 248 249 253 258 259 261 264 265 266 
7200 4 0 143 225 241 243 246 250 252 257 259 261 262 266 268 269 
7200 5 0 238 239 240 244 245 247 251 255 256 260 262 263 266 267 
7200 6 51 53 54 
7200 7 51 53 54 
7200 8 51 53 54 
7200 9 93 95 96 
7200 10 93 95 96 
7200 11 93 95 96 
7200 12 125 126 127 
7200 13 29 32 49 
7200 14 15 189 225 
7200 15 14 189 225 
7200 16 237 238 239 
7200 17 23 28 31 
7200 18 53 54 55 
7200 19 52 53 54 
7200 20 51 53 54 
7200 21 51 53 54 
7200 22 34 36 46 
7200 23 17 31 43 
7200 24 53 54 55 
7200 25 48 51 52 
7200 26 38 47 52 
7200 27 52 53 54 
7200 28 17 53 54 
7200 29 13 32 39 49 163 178 
7200 30 50 53 54 
7200 31 17 23 38 43 50 
7200 32 13 29 225 
7200 33 54 184 225 
7200 34 22 45 52 
7200 35 51 53 54 
7200 36 22 52 55 
7200 37 53 54 55 
7200 38 26 31 51 
7200 39 29 53 54 
7200 40 50 53 54 
7200 41 51 53 54 
7200 42 51 52 55 
7200 43 23 31 54 
7200 44 51 53 54 
7200 45 34 46 47 
7200 46 22 45 47 
7200 47 26 45 46 
7200 48 25 51 52 
7200 49 13 29 55 
7200 50 30 31 40 
7200 51 1 6 7 8 20 21 25 35 38 41 42 44 48 
7200 52 19 25 26 27 34 36 42 48 
7200 53 1 6 7 8 18 19 20 21 24 27 28 30 35 37 39 40 41 44 
7200 54 1 6 7 8 18 19 20 21 24 27 28 30 33 35 37 39 40 41 43 44 
7200 55 18 24 36 37 42 49 
7200 56 93 95 96 
7200 57 90 95 96 
7200 58 93 95 96 
7200 59 93 95 96 
7200 60 92 95 96 
7200 61 93 95 96 
7200 62 66 82 91 
7200 63 67 73 77 78 83 86 94 
7200 64 73 74 89 
7200 65 93 95 96 
7200 66 62 82 93 
7200 67 63 79 83 
7200 68 92 93 95 
7200 69 93 95 96 
7200 70 94 95 96 
7200 71 93 95 96 
7200 72 93 95 96 
7200 73 63 64 83 
7200 74 64 95 96 
7200 75 
7200 76 93 95 96 
7200 77 63 78 94 
7200 78 63 77 86 
7200 79 67 81 87 
7200 80 89 95 96 
7200 81 79 95 96 
7200 82 62 66 91 
7200 83 63 67 73 
7200 84 93 95 96 
7200 85 92 95 96 
7200 86 63 78 91 
7200 87 79 95 96 
7200 88 93 95 96 
7200 89 64 80 96 
7200 90 57 95 96 
7200 91 62 82 86 
7200 92 60 68 85 
7200 93 2 9 10 11 56 58 59 61 65 66 68 69 71 72 76 84 88 
7200 94 63 70 77 
7200 95 2 9 10 11 56 57 58 59 60 61 65 68 69 70 71 72 74 76 80 81 84 85 87 88 90 
7200 96 2 9 10 11 56 57 58 59 60 61 65 69 70 71 72 74 76 80 81 84 85 87 88 89 90 
7200 97 125 126 127 
7200 98 125 126 127 
7200 99 122 124 127 
7200 100 125 126 127 
7200 101 123 124 127 
7200 102 125 126 127 
7200 103 123 125 126 
7200 104 125 126 127 
7200 105 125 126 127 
7200 106 125 126 127 
7200 107 123 125 126 
7200 108 125 126 127 
7200 109 125 126 127 
7200 110 125 126 127 
7200 111 123 125 126 
7200 112 125 126 127 
7200 113 125 126 127 
7200 114 125 126 127 
7200 115 125 126 127 
7200 116 125 126 127 
7200 117 125 126 127 
7200 118 125 126 127 
7200 119 125 126 127 
7200 120 125 126 127 
7200 121 126 127 133 
7200 122 99 125 127 
7200 123 101 103 107 111 133 137 
7200 124 99 101 127 
7200 125 12 97 98 100 102 103 104 105 106 107 108 109 110 111 112 113 114 115 116 117 118 119 120 122 128 129 130 131 132 134 135 136 137 138 139 140 141 142 
7200 126 3 12 97 98 100 102 103 104 105 106 107 108 109 110 111 112 113 114 115 116 117 118 119 120 121 128 129 130 131 132 133 134 135 136 137 138 139 140 141 142 
7200 127 3 12 97 98 99 100 101 102 104 105 106 108 109 110 112 113 114 115 116 117 118 119 120 121 122 124 128 129 130 131 132 134 135 136 138 139 140 141 142 
7200 128 125 126 127 
7200 129 125 126 127 
7200 130 125 126 127 
7200 131 125 126 127 
7200 132 125 126 127 
7200 133 121 123 126 
7200 134 125 126 127 
7200 135 125 126 127 
7200 136 125 126 127 
7200 137 123 125 126 
7200 138 125 126 127 
7200 139 125 126 127 
7200 140 125 126 127 
7200 141 125 126 127 
7200 142 125 126 127 
7200 143 4 144 145 157 172 184 
7200 144 143 189 225 
7200 145 143 161 225 
7200 146 188 189 225 
7200 147 236 238 239 
7200 148 236 238 239 
7200 149 233 236 239 
7200 150 160 189 225 
7200 151 188 189 225 
7200 152 188 189 225 
7200 153 187 188 189 
7200 154 236 238 239 
7200 155 188 189 225 
7200 156 225 233 239 
7200 157 143 161 225 
7200 158 236 238 239 
7200 159 231 236 239 
7200 160 150 236 239 
7200 161 145 157 225 
7200 162 188 189 225 
7200 163 29 189 225 
7200 164 189 225 231 
7200 165 200 225 233 
7200 166 182 187 188 
7200 167 188 189 231 
7200 168 234 236 239 
7200 169 188 189 225 
7200 170 234 236 239 
7200 171 233 236 239 
7200 172 143 175 225 
7200 173 225 236 239 
7200 174 237 238 239 
7200 175 172 189 225 
7200 176 189 225 239 
7200 177 231 234 236 
7200 178 29 188 189 
7200 179 188 189 225 
7200 180 188 189 225 
7200 181 231 236 239 
7200 182 166 189 231 
7200 183 189 225 239 
7200 184 33 143 225 
7200 185 231 236 239 
7200 186 188 189 225 
7200 187 153 166 231 
7200 188 146 151 152 153 155 162 166 167 169 178 179 180 186 
7200 189 14 15 144 146 150 151 152 153 155 162 163 164 167 169 175 176 178 179 180 182 183 186 
7200 190 237 238 239 
7200 191 237 238 239 
7200 192 237 238 239 
7200 193 237 238 239 
7200 194 207 231 238 
7200 195 237 238 239 
7200 196 237 238 239 
7200 197 235 237 238 
7200 198 229 233 237 
7200 199 237 238 239 
7200 200 165 232 239 
7200 201 236 237 238 
7200 202 236 237 238 
7200 203 236 237 238 
7200 204 237 238 239 
7200 205 235 237 238 
7200 206 230 234 238 
7200 207 194 226 231 
7200 208 236 237 238 
7200 209 233 237 239 
7200 210 237 238 239 
7200 211 237 238 239 
7200 212 237 238 239 
7200 213 232 233 237 
7200 214 237 238 239 
7200 215 237 238 239 
7200 216 237 238 239 
7200 217 230 237 238 
7200 218 234 235 238 
7200 219 237 238 239 
7200 220 237 238 239 
7200 221 236 237 238 
7200 222 229 233 237 
7200 223 237 238 239 
7200 224 237 238 239 
7200 225 4 14 15 32 33 144 145 146 150 151 152 155 156 157 161 162 163 164 165 169 172 173 175 176 179 180 183 184 186 
7200 226 207 227 234 
7200 227 226 237 238 
7200 228 237 238 239 
7200 229 198 222 239 
7200 230 206 217 239 
7200 231 159 164 167 177 181 182 185 187 194 207 
7200 232 200 213 233 
7200 233 149 156 165 171 198 209 213 222 232 
7200 234 168 170 177 206 218 226 
7200 235 197 205 218 
7200 236 147 148 149 154 158 159 160 168 170 171 173 177 181 185 201 202 203 208 221 
7200 237 16 174 190 191 192 193 195 196 197 198 199 201 202 203 204 205 208 209 210 211 212 213 214 215 216 217 219 220 221 222 223 224 227 228 
7200 238 5 16 147 148 154 158 174 190 191 192 193 194 195 196 197 199 201 202 203 204 205 206 208 210 211 212 214 215 216 217 218 219 220 221 223 224 227 228 
7200 239 5 16 147 148 149 154 156 158 159 160 168 170 171 173 174 176 181 183 185 190 191 192 193 195 196 199 200 204 209 210 211 212 214 215 216 219 220 223 224 228 229 230 
7200 240 0 5 
7200 241 0 3 4 
7200 242 0 3 
7200 243 0 4 
7200 244 0 3 5 
7200 245 0 5 
7200 246 0 4 
7200 247 0 5 
7200 248 0 3 
7200 249 0 3 
7200 250 0 4 
7200 251 0 5 
7200 252 0 4 
7200 253 0 3 
7200 254 0 
7200 255 0 5 
7200 256 0 5 
7200 257 0 4 
7200 258 0 3 
7200 259 0 3 4 
7200 260 0 5 
7200 261 0 3 4 
7200 262 0 4 5 
7200 263 0 5 
7200 264 0 3 
7200 265 0 3 
7200 266 0 3 4 5 
7200 267 0 5 
7200 268 0 4 
7200 269 0 4 
9000 0 3 4 5 240 241 242 243 244 245 246 247 248 249 250 251 252 253 254 255 256 257 258 259 260 261 262 263 264 265 266 267 268 269 
9000 1 52 53 54 
9000 2 94 95 96 
9000 3 0 126 127 241 242 244 248 249 253 258 259 261 264 265 266 
9000 4 0 143 225 241 243 246 250 252 257 259 261 262 266 268 269 
9000 5 0 238 239 240 244 245 247 251 255 256 260 262 263 266 267 
9000 6 52 53 54 
9000 7 52 53 54 
9000 8 52 53 54 
9000 9 94 95 96 
9000 10 94 95 96 
9000 11 94 95 96 
9000 12 125 126 127 
9000 13 29 32 49 
9000 14 15 211 225 
9000 15 14 211 225 
9000 16 237 238 239 
9000 17 25 28 31 
9000 18 52 53 54 
9000 19 50 53 54 
9000 20 52 53 54 
9000 21 53 54 55 
9000 22 34 36 46 48 
9000 23 31 40 43 
9000 24 53 54 55 
9000 25 17 53 54 
9000 26 34 38 45 46 48 
9000 27 52 53 54 
9000 28 17 53 54 
9000 29 13 32 49 185 
9000 30 53 54 55 
9000 31 17 23 40 43 
9000 32 13 29 152 
9000 33 52 53 54 
9000 34 22 26 47 
9000 35 53 54 55 
9000 36 22 42 55 
9000 37 53 54 55 
9000 38 26 51 52 
9000 39 53 54 55 
9000 40 23 31 54 
9000 41 52 53 54 
9000 42 36 52 55 
9000 43 23 31 54 
9000 44 53 54 55 
9000 45 26 47 52 
9000 46 22 26 47 
9000 47 34 45 46 
9000 48 22 26 52 
9000 49 13 29 55 
9000 50 19 53 54 
9000 51 38 52 53 
9000 52 1 6 7 8 18 20 27 33 38 41 42 45 48 51 
9000 53 1 6 7 8 18 19 20 21 24 25 27 28 30 33 35 37 39 41 44 50 51 
9000 54 1 6 7 8 18 19 20 21 24 25 27 28 30 33 35 37 39 40 41 43 44 50 
9000 55 21 24 30 35 36 37 39 42 44 49 
9000 56 94 95 96 
9000 57 93 95 96 
9000 58 94 95 96 
9000 59 94 95 96 
9000 60 89 95 96 
9000 61 93 95 96 
9000 62 66 82 91 
9000 63 64 73 77 78 83 
9000 64 63 74 79 
9000 65 75 94 95 
9000 66 62 82 93 
9000 67 79 90 95 
9000 68 93 94 95 
9000 69 89 95 96 
9000 70 89 95 96 
9000 71 94 95 96 
9000 72 92 94 95 
9000 73 63 79 83 
9000 74 64 95 96 
9000 75 65 
9000 76 94 95 96 
9000 77 63 78 94 
9000 78 63 77 86 
9000 79 64 67 73 
9000 80 89 95 96 
9000 81 92 95 96 
9000 82 62 66 91 
9000 83 63 73 94 
9000 84 94 95 96 
9000 85 92 95 96 
9000 86 78 91 94 
9000 87 94 95 96 
9000 88 94 95 96 
9000 89 60 69 70 80 
9000 90 67 95 96 
9000 91 62 82 86 
9000 92 72 81 85 
9000 93 57 61 66 68 
9000 94 2 9 10 11 56 58 59 65 68 71 72 76 77 83 84 86 87 88 
9000 95 2 9 10 11 56 57 58 59 60 61 65 67 68 69 70 71 72 74 76 80 81 84 85 87 88 90 
9000 96 2 9 10 11 56 57 58 59 60 61 69 70 71 74 76 80 81 84 85 87 88 90 
9000 97 125 126 127 
9000 98 125 126 127 
9000 99 122 124 127 
9000 100 125 126 127 
9000 101 123 124 127 
9000 102 125 126 127 
9000 103 123 125 126 
9000 104 125 126 127 
9000 105 125 126 127 
9000 106 125 126 127 
9000 107 123 125 126 
9000 108 124 126 127 
9000 109 125 126 127 
9000 110 125 126 127 
9000 111 123 125 126 
9000 112 125 126 127 
9000 113 125 126 127 
9000 114 125 126 127 
9000 115 125 126 127 
9000 116 125 126 127 
9000 117 125 126 127 
9000 118 124 125 127 
9000 119 125 126 127 
9000 120 121 126 127 
9000 121 120 123 133 
9000 122 99 125 127 
9000 123 101 103 107 111 121 133 137 
9000 124 99 101 108 118 141 
9000 125 12 97 98 100 102 103 104 105 106 107 109 110 111 112 113 114 115 116 117 118 119 122 128 129 130 131 132 134 135 136 137 138 139 140 141 142 
9000 126 3 12 97 98 100 102 103 104 105 106 107 108 109 110 111 112 113 114 115 116 117 119 120 128 129 130 131 132 133 134 135 136 137 138 139 140 142 
9000 127 3 12 97 98 99 100 101 102 104 105 106 108 109 110 112 113 114 115 116 117 118 119 120 122 128 129 130 131 132 134 135 136 138 139 140 141 142 
9000 128 125 126 127 
9000 129 125 126 127 
9000 130 125 126 127 
9000 131 125 126 127 
9000 132 125 126 127 
9000 133 121 123 126 
9000 134 125 126 127 
9000 135 125 126 127 
9000 136 125 126 127 
9000 137 123 125 126 
9000 138 125 126 127 
9000 139 125 126 127 
9000 140 125 126 127 
9000 141 124 125 127 
9000 142 125 126 127 
9000 143 4 145 148 157 163 169 172 
9000 144 189 211 225 
9000 145 143 175 189 
9000 146 189 211 225 
9000 147 236 238 239 
9000 148 143 238 239 
9000 149 231 236 239 
9000 150 211 225 239 
9000 151 189 211 225 
9000 152 32 188 189 
9000 153 187 188 189 
9000 154 236 238 239 
9000 155 187 188 189 
9000 156 200 211 225 
9000 157 143 183 189 
9000 158 236 238 239 
9000 159 231 236 239 
9000 160 235 236 239 
9000 161 189 211 225 
9000 162 189 211 225 
9000 163 143 183 189 
9000 164 231 236 239 
9000 165 211 225 239 
9000 166 174 182 187 
9000 167 188 189 225 
9000 168 188 189 211 
9000 169 143 183 225 
9000 170 225 231 239 
9000 171 235 236 239 
9000 172 143 175 189 
9000 173 225 236 239 
9000 174 166 238 239 
9000 175 145 172 225 
9000 176 211 225 239 
9000 177 231 234 236 
9000 178 231 234 236 
9000 179 187 188 189 
9000 180 188 189 225 
9000 181 231 236 239 
9000 182 166 189 231 
9000 183 157 163 169 
9000 184 186 188 189 
9000 185 29 231 239 
9000 186 184 188 189 
9000 187 153 155 166 179 
9000 188 152 153 155 167 168 179 180 184 186 
9000 189 144 145 146 151 152 153 155 157 161 162 163 167 168 172 179 180 182 184 186 
9000 190 237 238 239 
9000 191 237 238 239 
9000 192 237 238 239 
9000 193 237 238 239 
9000 194 197 231 234 
9000 195 237 238 239 
9000 196 237 238 239 
9000 197 194 207 234 
9000 198 229 233 237 
9000 199 237 238 239 
9000 200 156 232 239 
9000 201 236 237 238 
9000 202 236 237 238 
9000 203 236 237 238 
9000 204 237 238 239 
9000 205 235 237 238 
9000 206 230 234 238 
9000 207 197 231 234 
9000 208 236 237 238 
9000 209 233 237 239 
9000 210 237 238 239 
9000 211 14 15 144 146 150 151 156 161 162 165 168 176 
9000 212 237 238 239 
9000 213 232 233 237 
9000 214 237 238 239 
9000 215 237 238 239 
9000 216 237 238 239 
9000 217 230 237 238 
9000 218 235 236 238 
9000 219 237 238 239 
9000 220 237 238 239 
9000 221 236 237 238 
9000 222 233 237 238 
9000 223 237 238 239 
9000 224 235 237 239 
9000 225 4 14 15 144 146 150 151 156 161 162 165 167 169 170 173 175 176 180 
9000 226 236 237 238 
9000 227 235 237 238 
9000 228 237 238 239 
9000 229 198 238 239 
9000 230 206 217 239 
9000 231 149 159 164 170 177 178 181 182 185 194 207 
9000 232 200 213 233 
9000 233 198 209 213 222 232 
9000 234 177 178 194 197 206 207 
9000 235 160 171 205 218 224 227 
9000 236 147 149 154 158 159 160 164 171 173 177 178 181 201 202 203 208 218 221 226 
9000 237 16 190 191 192 193 195 196 198 199 201 202 203 204 205 208 209 210 212 213 214 215 216 217 219 220 221 222 223 224 226 227 228 
9000 238 5 16 147 148 154 158 174 190 191 192 193 195 196 199 201 202 203 204 205 206 208 210 212 214 215 216 217 218 219 220 221 222 223 226 227 228 229 
9000 239 5 16 147 148 149 150 154 158 159 160 164 165 170 171 173 174 176 181 185 190 191 192 193 195 196 199 200 204 209 210 212 214 215 216 219 220 223 224 228 229 230 
9000 240 0 5 
9000 241 0 3 4 
9000 242 0 3 
9000 243 0 4 
9000 244 0 3 5 
9000 245 0 5 
9000 246 0 4 
9000 247 0 5 
9000 248 0 3 
9000 249 0 3 
9000 250 0 4 
9000 251 0 5 
9000 252 0 4 
9000 253 0 3 
9000 254 0 
9000 255 0 5 
9000 256 0 5 
9000 257 0 4 
9000 258 0 3 
9000 259 0 3 4 
9000 260 0 5 
9000 261 0 3 4 
9000 262 0 4 5 
9000 263 0 5 
9000 264 0 3 
9000 265 0 3 
9000 266 0 3 4 5 
9000 267 0 5 
9000 268 0 4 
9000 269 0 4 
10800 0 3 4 5 240 241 242 243 244 245 246 247 248 249 250 251 252 253 254 255 256 257 258 259 260 261 262 263 264 265 266 267 268 269 
10800 1 52 53 54 
10800 2 92 93 95 
10800 3 0 126 127 241 242 244 248 249 253 258 259 261 264 265 266 
10800 4 0 143 225 241 243 246 250 252 257 259 261 262 266 268 269 
10800 5 0 238 239 240 244 245 247 251 255 256 260 262 263 266 267 
10800 6 52 53 54 
10800 7 52 53 54 
10800 8 52 53 54 
10800 9 92 93 95 
10800 10 92 93 95 
10800 11 92 93 95 
10800 12 125 126 127 
10800 13 32 36 49 
10800 14 15 193 225 
10800 15 14 193 225 
10800 16 237 238 239 
10800 17 27 28 31 
10800 18 52 53 54 
10800 19 50 53 54 
10800 20 52 53 54 
10800 21 52 53 54 
10800 22 34 46 55 
10800 23 31 40 43 
10800 24 53 54 55 
10800 25 51 52 55 
10800 26 38 45 47 
10800 27 17 53 54 
10800 28 17 53 54 
10800 29 32 144 145 
10800 30 50 53 54 
10800 31 17 23 40 43 50 
10800 32 13 29 36 
10800 33 52 53 54 
10800 34 22 46 55 
10800 35 52 53 54 
10800 36 13 32 49 
10800 37 53 54 55 
10800 38 26 51 52 
10800 39 52 53 54 
10800 40 23 31 54 
10800 41 52 53 54 
10800 42 52 53 55 
10800 43 23 31 54 
10800 44 52 53 54 
10800 45 26 47 52 
10800 46 22 34 47 
10800 47 26 45 46 
10800 48 51 52 55 
10800 49 13 36 55 
10800 50 19 30 31 
10800 51 25 38 48 
10800 52 1 6 7 8 18 20 21 25 33 35 38 39 41 42 44 45 48 
10800 53 1 6 7 8 18 19 20 21 24 27 28 30 33 35 37 39 41 42 44 
10800 54 1 6 7 8 18 19 20 21 24 27 28 30 33 35 37 39 40 41 43 44 
10800 55 22 24 25 34 37 42 48 49 
10800 56 91 92 95 
10800 57 89 92 95 
10800 58 90 92 95 
10800 59 92 93 95 
10800 60 89 95 96 
10800 61 92 95 96 
10800 62 66 75 82 
10800 63 73 77 78 83 
10800 64 73 74 79 
10800 65 92 93 95 
10800 66 62 82 93 
10800 67 74 79 80 
10800 68 92 93 95 
10800 69 87 89 95 
10800 70 89 95 96 
10800 71 92 93 95 
10800 72 92 93 95 
10800 73 63 64 83 
10800 74 64 67 95 
10800 75 62 90 95 
10800 76 93 95 96 
10800 77 63 78 94 
10800 78 63 77 86 
10800 79 64 67 
10800 80 67 95 96 
10800 81 92 94 95 
10800 82 62 66 91 
10800 83 63 73 94 
10800 84 93 95 96 
10800 85 90 92 95 
10800 86 78 91 93 
10800 87 69 94 95 
10800 88 93 95 96 
10800 89 57 60 69 70 
10800 90 58 75 85 
10800 91 56 82 86 
10800 92 2 9 10 11 56 57 58 59 61 65 68 71 72 81 85 
10800 93 2 9 10 11 59 65 66 68 71 72 76 84 86 88 
10800 94 77 81 83 87 
10800 95 2 9 10 11 56 57 58 59 60 61 65 68 69 70 71 72 74 75 76 80 81 84 85 87 88 
10800 96 60 61 70 76 80 84 88 
10800 97 125 126 127 
10800 98 125 126 127 
10800 99 122 124 127 
10800 100 125 126 127 
10800 101 123 124 127 
10800 102 125 126 127 
10800 103 123 125 126 
10800 104 125 126 127 
10800 105 125 126 127 
10800 106 125 126 127 
10800 107 125 126 127 
10800 108 124 126 127 
10800 109 125 126 127 
10800 110 125 126 127 
10800 111 123 125 126 
10800 112 125 126 127 
10800 113 125 126 127 
10800 114 125 126 127 
10800 115 125 126 127 
10800 116 125 126 127 
10800 117 125 126 127 
10800 118 125 126 127 
10800 119 125 126 127 
10800 120 121 126 127 
10800 121 120 123 133 
10800 122 99 125 127 
10800 123 101 103 111 121 133 137 
10800 124 99 101 108 
10800 125 12 97 98 100 102 103 104 105 106 107 109 110 111 112 113 114 115 116 117 118 119 122 128 129 130 131 132 134 135 136 137 138 139 140 141 142 
10800 126 3 12 97 98 100 102 103 104 105 106 107 108 109 110 111 112 113 114 115 116 117 118 119 120 128 129 130 131 132 133 134 135 136 137 138 139 140 141 142 
10800 127 3 12 97 98 99 100 101 102 104 105 106 107 108 109 110 112 113 114 115 116 117 118 119 120 122 128 129 130 131 132 134 135 136 138 139 140 141 142 
10800 128 125 126 127 
10800 129 125 126 127 
10800 130 125 126 127 
10800 131 125 126 127 
10800 132 125 126 127 
10800 133 121 123 126 
10800 134 125 126 127 
10800 135 125 126 127 
10800 136 125 126 127 
10800 137 123 125 126 
10800 138 125 126 127 
10800 139 125 126 127 
10800 140 125 126 127 
10800 141 125 126 127 
10800 142 125 126 127 
10800 143 4 145 172 
10800 144 29 189 225 
10800 145 29 143 189 
10800 146 189 193 225 
10800 147 236 238 239 
10800 148 236 238 239 
10800 149 225 236 239 
10800 150 237 238 239 
10800 151 189 193 225 
10800 152 187 188 189 
10800 153 187 188 189 
10800 154 236 238 239 
10800 155 187 188 189 
10800 156 193 200 225 
10800 157 187 188 189 
10800 158 236 238 239 
10800 159 231 236 239 
10800 160 236 238 239 
10800 161 189 193 225 
10800 162 189 193 225 
10800 163 187 188 189 
10800 164 193 225 231 
10800 165 188 189 225 
10800 166 178 182 187 
10800 167 188 189 225 
10800 168 187 188 189 
10800 169 187 188 189 
10800 170 231 236 239 
10800 171 231 236 239 
10800 172 143 175 189 
10800 173 225 236 239 
10800 174 237 238 239 
10800 175 172 189 225 
10800 176 193 225 239 
10800 177 231 234 236 
10800 178 166 188 189 
10800 179 187 188 189 
10800 180 188 189 225 
10800 181 231 236 239 
10800 182 166 189 231 
10800 183 193 225 239 
10800 184 186 188 189 
10800 185 231 236 239 
10800 186 184 188 189 
10800 187 152 153 155 157 163 166 168 169 179 
10800 188 152 153 155 157 163 165 167 168 169 178 179 180 184 186 
10800 189 144 145 146 151 152 153 155 157 161 162 163 165 167 168 169 172 175 178 179 180 182 184 186 
10800 190 237 238 239 
10800 191 237 238 239 
10800 192 237 238 239 
10800 193 14 15 146 151 156 161 162 164 176 183 
10800 194 237 238 239 
10800 195 237 238 239 
10800 196 237 238 239 
10800 197 207 226 234 
10800 198 237 238 239 
10800 199 237 238 239 
10800 200 156 232 239 
10800 201 236 237 238 
10800 202 236 237 238 
10800 203 236 237 238 
10800 204 237 238 239 
10800 205 235 237 238 
10800 206 230 234 238 
10800 207 197 226 234 
10800 208 236 237 238 
10800 209 233 237 239 
10800 210 237 238 239 
10800 211 237 238 239 
10800 212 237 238 239 
10800 213 232 233 237 
10800 214 237 238 239 
10800 215 237 238 239 
10800 216 237 238 239 
10800 217 230 237 238 
10800 218 234 235 238 
10800 219 237 238 239 
10800 220 237 238 239 
10800 221 236 237 238 
10800 222 232 233 237 
10800 223 237 238 239 
10800 224 235 237 239 
10800 225 4 14 15 144 146 149 151 156 161 162 164 165 167 173 175 176 180 183 
10800 226 197 207 234 
10800 227 235 237 238 
10800 228 237 238 239 
10800 229 237 238 239 
10800 230 206 217 239 
10800 231 159 164 170 171 177 181 182 185 
10800 232 200 213 222 
10800 233 209 213 222 
10800 234 177 197 206 207 218 226 
10800 235 205 218 224 227 
10800 236 147 148 149 154 158 159 160 170 171 173 177 181 185 201 202 203 208 221 
10800 237 16 150 174 190 191 192 194 195 196 198 199 201 202 203 204 205 208 209 210 211 212 213 214 215 216 217 219 220 221 222 223 224 227 228 229 
10800 238 5 16 147 148 150 154 158 160 174 190 191 192 194 195 196 198 199 201 202 203 204 205 206 208 210 211 212 214 215 216 217 218 219 220 221 223 227 228 229 
10800 239 5 16 147 148 149 150 154 158 159 160 170 171 173 174 176 181 183 185 190 191 192 194 195 196 198 199 200 204 209 210 211 212 214 215 216 219 220 223 224 228 229 230 
10800 240 0 5 
10800 241 0 3 4 
10800 242 0 3 
10800 243 0 4 
10800 244 0 3 5 
10800 245 0 5 
10800 246 0 4 
10800 247 0 5 
10800 248 0 3 
10800 249 0 3 
10800 250 0 4 
10800 251 0 5 
10800 252 0 4 
10800 253 0 3 
10800 254 0 
10800 255 0 5 
10800 256 0 5 
10800 257 0 4 
10800 258 0 3 
10800 259 0 3 4 
10800 260 0 5 
10800 261 0 3 4 
10800 262 0 4 5 
10800 263 0 5 
10800 264 0 3 
10800 265 0 3 
10800 266 0 3 4 5 
10800 267 0 5 
10800 268 0 4 
10800 269 0 4 
12600 0 3 4 5 240 241 242 243 244 245 246 247 248 249 250 251 252 253 254 255 256 257 258 259 260 261 262 263 264 265 266 267 268 269 
12600 1 52 53 54 
12600 2 93 95 96 
12600 3 0 126 127 241 242 244 248 249 253 258 259 261 264 265 266 
12600 4 0 225 234 241 243 246 250 252 257 259 261 262 266 268 269 
12600 5 0 238 239 240 244 245 247 251 255 256 260 262 263 266 267 
12600 6 52 53 54 
12600 7 52 53 54 
12600 8 52 53 54 
12600 9 93 95 96 
12600 10 93 95 96 
12600 11 93 95 96 
12600 12 125 126 127 
12600 13 29 32 49 
12600 14 15 225 234 
12600 15 14 225 234 
12600 16 237 238 239 
12600 17 24 28 31 
12600 18 52 53 54 
12600 19 50 53 54 
12600 20 52 53 54 
12600 21 52 53 54 
12600 22 34 36 46 
12600 23 40 43 189 
12600 24 17 53 54 
12600 25 48 51 52 
12600 26 34 38 45 46 
12600 27 52 53 54 
12600 28 17 53 54 
12600 29 13 32 39 145 
12600 30 50 53 54 
12600 31 17 40 43 50 
12600 32 13 29 151 
12600 33 53 54 55 
12600 34 22 26 47 
12600 35 52 53 54 
12600 36 22 49 55 
12600 37 53 54 55 
12600 38 26 51 52 
12600 39 29 53 54 
12600 40 23 31 54 
12600 41 52 53 54 
12600 42 51 52 55 
12600 43 23 31 54 
12600 44 52 53 54 
12600 45 26 47 52 
12600 46 22 26 47 
12600 47 34 45 46 
12600 48 25 51 52 
12600 49 13 36 55 
12600 50 19 30 31 
12600 51 25 38 42 48 
12600 52 1 6 7 8 18 20 21 25 27 35 38 41 42 44 45 48 
12600 53 1 6 7 8 18 19 20 21 24 27 28 30 33 35 37 39 41 44 
12600 54 1 6 7 8 18 19 20 21 24 27 28 30 33 35 37 39 40 41 43 44 
12600 55 33 36 37 42 49 
12600 56 93 95 96 
12600 57 79 95 96 
12600 58 93 95 96 
12600 59 93 95 96 
12600 60 92 95 96 
12600 61 92 95 96 
12600 62 66 82 91 
12600 63 73 77 78 83 
12600 64 79 95 96 
12600 65 93 95 96 
12600 66 62 75 82 
12600 67 70 79 80 
12600 68 92 93 95 
12600 69 92 95 96 
12600 70 67 95 96 
12600 71 93 95 96 
12600 72 92 93 95 
12600 73 63 83 89 
12600 74 93 95 96 
12600 75 66 77 91 
12600 76 93 95 96 
12600 77 63 75 86 
12600 78 63 86 94 
12600 79 57 64 67 
12600 80 67 95 96 
12600 81 94 95 96 
12600 82 62 66 91 
12600 83 63 73 94 
12600 84 93 95 96 
12600 85 92 95 96 
12600 86 77 78 91 
12600 87 94 95 96 
12600 88 93 95 96 
12600 89 73 95 96 
12600 90 93 95 96 
12600 91 62 75 82 86 
12600 92 60 61 68 69 72 85 
12600 93 2 9 10 11 56 58 59 65 68 71 72 74 76 84 88 90 
12600 94 78 81 83 87 
12600 95 2 9 10 11 56 57 58 59 60 61 64 65 68 69 70 71 72 74 76 80 81 84 85 87 88 89 90 
12600 96 2 9 10 11 56 57 58 59 60 61 64 65 69 70 71 74 76 80 81 84 85 87 88 89 90 
12600 97 125 126 127 
12600 98 125 126 127 
12600 99 122 124 127 
12600 100 125 126 127 
12600 101 124 126 127 
12600 102 125 126 127 
12600 103 125 126 127 
12600 104 125 126 127 
12600 105 125 126 127 
12600 106 125 126 127 
12600 107 123 125 126 
12600 108 125 126 127 
12600 109 125 126 127 
12600 110 125 126 127 
12600 111 123 125 126 
12600 112 125 126 127 
12600 113 125 126 127 
12600 114 125 126 127 
12600 115 125 126 127 
12600 116 125 126 127 
12600 117 125 126 127 
12600 118 125 126 127 
12600 119 125 126 127 
12600 120 121 126 127 
12600 121 120 123 133 
12600 122 99 126 127 
12600 123 107 111 121 133 137 
12600 124 99 101 127 
12600 125 12 97 98 100 102 103 104 105 106 107 108 109 110 111 112 113 114 115 116 117 118 119 128 129 130 131 132 134 135 136 137 138 139 140 141 142 
12600 126 3 12 97 98 100 101 102 103 104 105 106 107 108 109 110 111 112 113 114 115 116 117 118 119 120 122 128 129 130 131 132 133 134 135 136 137 138 139 140 141 142 
12600 127 3 12 97 98 99 100 101 102 103 104 105 106 108 109 110 112 113 114 115 116 117 118 119 120 122 124 128 129 130 131 132 134 135 136 138 139 140 141 142 
12600 128 125 126 127 
12600 129 125 126 127 
12600 130 125 126 127 
12600 131 125 126 127 
12600 132 125 126 127 
12600 133 121 123 126 
12600 134 125 126 127 
12600 135 125 126 127 
12600 136 125 126 127 
12600 137 123 125 126 
12600 138 125 126 127 
12600 139 125 126 127 
12600 140 125 126 127 
12600 141 125 126 127 
12600 142 125 126 127 
12600 143 145 150 157 168 172 179 184 
12600 144 225 234 239 
12600 145 29 143 189 
12600 146 200 225 234 
12600 147 236 238 239 
12600 148 236 238 239 
12600 149 234 236 239 
12600 150 143 160 200 
12600 151 32 200 225 
12600 152 187 188 189 
12600 153 187 188 189 
12600 154 236 238 239 
12600 155 188 189 234 
12600 156 189 200 225 
12600 157 143 188 189 
12600 158 236 238 239 
12600 159 234 236 239 
12600 160 150 236 239 
12600 161 188 189 234 
12600 162 237 238 239 
12600 163 187 188 189 
12600 164 231 234 239 
12600 165 189 200 225 
12600 166 182 187 194 
12600 167 189 225 234 
12600 168 143 189 200 
12600 169 187 188 189 
12600 170 234 236 239 
12600 171 231 236 239 
12600 172 143 175 189 
12600 173 234 236 239 
12600 174 237 238 239 
12600 175 172 225 234 
12600 176 225 234 239 
12600 177 234 236 239 
12600 178 187 188 189 
12600 179 143 188 189 
12600 180 189 225 234 
12600 181 234 236 239 
12600 182 166 231 234 
12600 183 225 234 239 
12600 184 143 188 189 
12600 185 234 236 239 
12600 186 188 189 234 
12600 187 152 153 163 166 169 178 
12600 188 152 153 155 157 161 163 169 178 179 184 186 
12600 189 23 145 152 153 155 156 157 161 163 165 167 168 169 172 178 179 180 184 186 
12600 190 237 238 239 
12600 191 237 238 239 
12600 192 237 238 239 
12600 193 237 238 239 
12600 194 166 197 231 
12600 195 237 238 239 
12600 196 237 238 239 
12600 197 194 207 226 
12600 198 236 237 238 
12600 199 237 238 239 
12600 200 146 150 151 156 165 168 
12600 201 237 238 239 
12600 202 236 237 238 
12600 203 237 238 239 
12600 204 237 238 239 
12600 205 235 237 238 
12600 206 229 230 238 
12600 207 197 226 231 
12600 208 237 238 239 
12600 209 237 238 239 
12600 210 237 238 239 
12600 211 237 238 239 
12600 212 237 238 239 
12600 213 232 233 237 
12600 214 237 238 239 
12600 215 237 238 239 
12600 216 237 238 239 
12600 217 230 237 238 
12600 218 230 235 238 
12600 219 237 238 239 
12600 220 237 238 239 
12600 221 236 237 238 
12600 222 230 233 237 
12600 223 237 238 239 
12600 224 232 237 239 
12600 225 4 14 15 144 146 151 156 165 167 175 176 180 183 
12600 226 197 207 230 
12600 227 235 237 238 
12600 228 237 238 239 
12600 229 206 238 239 
12600 230 206 217 218 222 226 
12600 231 164 171 182 194 207 
12600 232 213 224 233 
12600 233 213 222 232 
12600 234 4 14 15 144 146 149 155 159 161 164 167 170 173 175 176 177 180 181 182 183 185 186 
12600 235 205 218 227 
12600 236 147 148 149 154 158 159 160 170 171 173 177 181 185 198 202 221 
12600 237 16 162 174 190 191 192 193 195 196 198 199 201 202 203 204 205 208 209 210 211 212 213 214 215 216 217 219 220 221 222 223 224 227 228 
12600 238 5 16 147 148 154 158 162 174 190 191 192 193 195 196 198 199 201 202 203 204 205 206 208 209 210 211 212 214 215 216 217 218 219 220 221 223 227 228 229 
12600 239 5 16 144 147 148 149 154 158 159 160 162 164 170 171 173 174 176 177 181 183 185 190 191 192 193 195 196 199 201 203 204 208 209 210 211 212 214 215 216 219 220 223 224 228 229 
12600 240 0 5 
12600 241 0 3 4 
12600 242 0 3 
12600 243 0 4 
12600 244 0 3 5 
12600 245 0 5 
12600 246 0 4 
12600 247 0 5 
12600 248 0 3 
12600 249 0 3 
12600 250 0 4 
12600 251 0 5 
12600 252 0 4 
12600 253 0 3 
12600 254 0 
12600 255 0 5 
12600 256 0 5 
12600 257 0 4 
12600 258 0 3 
12600 259 0 3 4 
12600 260 0 5 
12600 261 0 3 4 
12600 262 0 4 5 
12600 263 0 5 
12600 264 0 3 
12600 265 0 3 
12600 266 0 3 4 5 
12600 267 0 5 
12600 268 0 4 
12600 269 0 4 
14400 0 3 4 5 240 241 242 243 244 245 246 247 248 249 250 251 252 253 254 255 256 257 258 259 260 261 262 263 264 265 266 267 268 269 
14400 1 52 53 54 
14400 2 93 95 96 
14400 3 0 126 127 241 242 244 248 249 253 258 259 261 264 265 266 
14400 4 0 225 236 241 243 246 250 252 257 259 261 262 266 268 269 
14400 5 0 238 239 240 244 245 247 251 255 256 260 262 263 266 267 
14400 6 52 53 54 
14400 7 52 53 54 
14400 8 52 53 54 
14400 9 93 95 96 
14400 10 93 95 96 
14400 11 93 95 96 
14400 12 125 126 127 
14400 13 143 188 189 
14400 14 15 225 236 
14400 15 14 225 236 
14400 16 237 238 239 
14400 17 28 31 168 
14400 18 52 53 54 
14400 19 53 54 184 
14400 20 52 53 54 
14400 21 52 53 54 
14400 22 34 36 45 
14400 23 40 43 50 
14400 24 53 54 55 
14400 25 51 52 54 
14400 26 34 38 45 47 
14400 27 52 53 54 
14400 28 17 53 54 
14400 29 54 55 184 
14400 30 50 53 54 
14400 31 17 40 43 50 
14400 32 54 145 184 
14400 33 52 53 54 
14400 34 22 26 47 
14400 35 52 53 54 
14400 36 22 51 55 
14400 37 53 54 55 
14400 38 26 51 52 
14400 39 53 54 184 
14400 40 23 31 54 
14400 41 52 53 54 
14400 42 52 54 55 
14400 43 23 31 54 
14400 44 52 53 54 
14400 45 22 26 47 
14400 46 51 52 55 
14400 47 26 34 45 
14400 48 51 52 54 
14400 49 55 143 189 
14400 50 23 30 31 
14400 51 25 36 38 46 48 
14400 52 1 6 7 8 18 20 21 25 27 33 35 38 41 42 44 46 48 
14400 53 1 6 7 8 18 19 20 21 24 27 28 30 33 35 37 39 41 44 
14400 54 1 6 7 8 18 19 20 21 24 25 27 28 29 30 32 33 35 37 39 40 41 42 43 44 48 
14400 55 24 29 36 37 42 46 49 
14400 56 93 95 96 
14400 57 92 95 96 
14400 58 93 95 96 
14400 59 93 95 96 
14400 60 89 95 96 
14400 61 93 95 96 
14400 62 66 82 91 
14400 63 73 83 94 
14400 64 73 74 79 
14400 65 93 95 96 
14400 66 62 82 93 
14400 67 70 79 80 
14400 68 75 95 96 
14400 69 89 95 96 
14400 70 67 95 96 
14400 71 93 95 96 
14400 72 89 92 95 
14400 73 63 64 83 
14400 74 64 95 96 
14400 75 68 92 
14400 76 93 95 96 
14400 77 78 82 94 
14400 78 77 86 94 
14400 79 64 67 
14400 80 67 95 96 
14400 81 92 95 96 
14400 82 62 66 77 86 91 
14400 83 63 73 94 
14400 84 93 95 96 
14400 85 92 95 96 
14400 86 78 82 91 
14400 87 94 95 96 
14400 88 93 95 96 
14400 89 60 69 72 
14400 90 93 95 96 
14400 91 62 82 86 
14400 92 57 72 75 81 85 
14400 93 2 9 10 11 56 58 59 61 65 66 71 76 84 88 90 
14400 94 63 77 78 83 87 
14400 95 2 9 10 11 56 57 58 59 60 61 65 68 69 70 71 72 74 76 80 81 84 85 87 88 90 
14400 96 2 9 10 11 56 57 58 59 60 61 65 68 69 70 71 74 76 80 81 84 85 87 88 90 
14400 97 125 126 127 
14400 98 125 126 127 
14400 99 122 124 127 
14400 100 125 126 127 
14400 101 123 124 127 
14400 102 125 126 127 
14400 103 125 126 127 
14400 104 125 126 127 
14400 105 125 126 127 
14400 106 125 126 127 
14400 107 123 125 126 
14400 108 124 126 127 
14400 109 125 126 127 
14400 110 125 126 127 
14400 111 125 126 127 
14400 112 125 126 127 
14400 113 125 126 127 
14400 114 125 126 127 
14400 115 125 126 127 
14400 116 125 126 127 
14400 117 124 125 127 
14400 118 125 126 127 
14400 119 125 126 127 
14400 120 121 126 127 
14400 121 120 123 133 
14400 122 99 125 127 
14400 123 101 107 121 133 137 
14400 124 99 101 108 117 
14400 125 12 97 98 100 102 103 104 105 106 107 109 110 111 112 113 114 115 116 117 118 119 122 128 129 130 131 132 134 135 136 137 138 139 140 141 142 
14400 126 3 12 97 98 100 102 103 104 105 106 107 108 109 110 111 112 113 114 115 116 118 119 120 128 129 130 131 132 133 134 135 136 137 138 139 140 141 142 
14400 127 3 12 97 98 99 100 101 102 103 104 105 106 108 109 110 111 112 113 114 115 116 117 118 119 120 122 128 129 130 131 132 134 135 136 138 139 140 141 142 
14400 128 125 126 127 
14400 129 125 126 127 
14400 130 125 126 127 
14400 131 125 126 127 
14400 132 125 126 127 
14400 133 121 123 126 
14400 134 125 126 127 
14400 135 125 126 127 
14400 136 125 126 127 
14400 137 123 125 126 
14400 138 125 126 127 
14400 139 125 126 127 
14400 140 125 126 127 
14400 141 125 126 127 
14400 142 125 126 127 
14400 143 13 49 157 168 169 172 
14400 144 177 225 236 
14400 145 32 175 189 
14400 146 177 189 225 
14400 147 236 238 239 
14400 148 236 238 239 
14400 149 225 236 239 
14400 150 231 236 239 
14400 151 188 189 225 
14400 152 177 189 231 
14400 153 177 188 189 
14400 154 236 238 239 
14400 155 188 189 225 
14400 156 189 200 225 
14400 157 143 188 189 
14400 158 236 238 239 
14400 159 236 238 239 
14400 160 235 236 239 
14400 161 177 225 236 
14400 162 237 238 239 
14400 163 235 236 238 
14400 164 177 189 225 
14400 165 189 200 225 
14400 166 177 182 187 
14400 167 188 189 225 
14400 168 17 143 189 
14400 169 143 188 189 
14400 170 231 236 239 
14400 171 231 236 239 
14400 172 143 175 189 
14400 173 225 236 239 
14400 174 237 238 239 
14400 175 145 172 236 
14400 176 225 236 239 
14400 177 144 146 152 153 161 164 166 
14400 178 187 188 189 
14400 179 225 236 239 
14400 180 189 225 239 
14400 181 231 236 239 
14400 182 166 189 231 
14400 183 225 236 239 
14400 184 19 29 32 39 
14400 185 231 236 239 
14400 186 188 189 225 
14400 187 166 178 236 
14400 188 13 151 153 155 157 167 169 178 186 
14400 189 13 49 145 146 151 152 153 155 156 157 164 165 167 168 169 172 178 180 182 186 
14400 190 237 238 239 
14400 191 237 238 239 
14400 192 237 238 239 
14400 193 237 238 239 
14400 194 234 235 238 
14400 195 237 238 239 
14400 196 237 238 239 
14400 197 207 226 234 
14400 198 230 233 237 
14400 199 237 238 239 
14400 200 156 165 232 
14400 201 235 237 238 
14400 202 237 238 239 
14400 203 235 237 238 
14400 204 237 238 239 
14400 205 235 237 238 
14400 206 235 237 238 
14400 207 197 226 234 
14400 208 235 237 238 
14400 209 233 237 239 
14400 210 237 238 239 
14400 211 237 238 239 
14400 212 237 238 239 
14400 213 233 237 239 
14400 214 237 238 239 
14400 215 237 238 239 
14400 216 237 238 239 
14400 217 230 237 238 
14400 218 234 235 238 
14400 219 237 238 239 
14400 220 237 238 239 
14400 221 235 237 238 
14400 222 230 233 237 
14400 223 237 238 239 
14400 224 232 237 239 
14400 225 4 14 15 144 146 149 151 155 156 161 164 165 167 173 176 179 180 183 186 
14400 226 197 207 234 
14400 227 235 237 238 
14400 228 237 238 239 
14400 229 237 238 239 
14400 230 198 217 222 
14400 231 150 152 170 171 181 182 185 
14400 232 200 224 233 
14400 233 198 209 213 222 232 
14400 234 194 197 207 218 226 
14400 235 160 163 194 201 203 205 206 208 218 221 227 
14400 236 4 14 15 144 147 148 149 150 154 158 159 160 161 163 170 171 173 175 176 179 181 183 185 187 
14400 237 16 162 174 190 191 192 193 195 196 198 199 201 202 203 204 205 206 208 209 210 211 212 213 214 215 216 217 219 220 221 222 223 224 227 228 229 
14400 238 5 16 147 148 154 158 159 162 163 174 190 191 192 193 194 195 196 199 201 202 203 204 205 206 208 210 211 212 214 215 216 217 218 219 220 221 223 227 228 229 
14400 239 5 16 147 148 149 150 154 158 159 160 162 170 171 173 174 176 179 180 181 183 185 190 191 192 193 195 196 199 202 204 209 210 211 212 213 214 215 216 219 220 223 224 228 229 
14400 240 0 5 
14400 241 0 3 4 
14400 242 0 3 
14400 243 0 4 
14400 244 0 3 5 
14400 245 0 5 
14400 246 0 4 
14400 247 0 5 
14400 248 0 3 
14400 249 0 3 
14400 250 0 4 
14400 251 0 5 
14400 252 0 4 
14400 253 0 3 
14400 254 0 
14400 255 0 5 
14400 256 0 5 
14400 257 0 4 
14400 258 0 3 
14400 259 0 3 4 
14400 260 0 5 
14400 261 0 3 4 
14400 262 0 4 5 
14400 263 0 5 
14400 264 0 3 
14400 265 0 3 
14400 266 0 3 4 5 
14400 267 0 5 
14400 268 0 4 
14400 269 0 4 
16200 0 3 4 5 240 241 242 243 244 245 246 247 248 249 250 251 252 253 254 255 256 257 258 259 260 261 262 263 264 265 266 267 268 269 
16200 1 52 53 54 
16200 2 93 95 96 
16200 3 0 126 127 241 242 244 248 249 253 258 259 261 264 265 266 
16200 4 0 225 235 241 243 246 250 252 257 259 261 262 266 268 269 
16200 5 0 238 239 240 244 245 247 251 255 256 260 262 263 266 267 
16200 6 52 53 54 
16200 7 52 53 54 
16200 8 52 53 54 
16200 9 93 95 96 
16200 10 93 95 96 
16200 11 93 95 96 
16200 12 125 126 127 
16200 13 29 32 49 
16200 14 15 225 235 
16200 15 14 225 235 
16200 16 237 238 239 
16200 17 23 28 31 
16200 18 52 53 54 
16200 19 50 53 54 
16200 20 52 53 54 
16200 21 52 53 54 
16200 22 34 36 47 
16200 23 17 40 43 
16200 24 53 54 55 
16200 25 48 52 55 
16200 26 34 38 45 
16200 27 52 53 54 
16200 28 17 53 54 
16200 29 13 145 179 
16200 30 50 53 54 
16200 31 17 40 43 50 
16200 32 13 49 156 167 
16200 33 52 53 54 
16200 34 22 26 47 
16200 35 52 53 54 
16200 36 22 42 55 
16200 37 53 54 55 
16200 38 26 51 52 
16200 39 53 54 179 
16200 40 23 31 54 
16200 41 52 53 54 
16200 42 36 52 55 
16200 43 23 31 54 
16200 44 52 53 54 
16200 45 26 47 52 
16200 46 52 53 54 
16200 47 22 34 45 51 
16200 48 25 51 52 
16200 49 13 32 55 
16200 50 19 30 31 
16200 51 38 47 48 
16200 52 1 6 7 8 18 20 21 25 27 33 35 38 41 42 44 45 46 48 
16200 53 1 6 7 8 18 19 20 21 24 27 28 30 33 35 37 39 41 44 46 
16200 54 1 6 7 8 18 19 20 21 24 27 28 30 33 35 37 39 40 41 43 44 46 
16200 55 24 25 36 37 42 49 
16200 56 93 95 96 
16200 57 94 95 96 
16200 58 93 95 96 
16200 59 93 95 96 
16200 60 92 95 96 
16200 61 93 95 96 
16200 62 66 68 82 91 
16200 63 73 77 78 83 
16200 64 79 94 96 
16200 65 93 95 96 
16200 66 62 82 93 
16200 67 79 80 92 
16200 68 62 74 95 
16200 69 92 95 96 
16200 70 92 95 96 
16200 71 79 95 96 
16200 72 74 92 95 
16200 73 63 83 94 
16200 74 68 72 96 
16200 75 
16200 76 93 95 96 
16200 77 63 78 94 
16200 78 63 77 86 
16200 79 64 67 71 
16200 80 67 95 96 
16200 81 92 95 96 
16200 82 62 66 91 
16200 83 63 73 94 
16200 84 93 95 96 
16200 85 92 95 96 
16200 86 78 91 93 
16200 87 94 95 96 
16200 88 93 95 96 
16200 89 92 95 96 
16200 90 93 95 96 
16200 91 62 82 86 
16200 92 60 67 69 70 72 81 85 89 
16200 93 2 9 10 11 56 58 59 61 65 66 76 84 86 88 90 
16200 94 57 64 73 77 83 87 
16200 95 2 9 10 11 56 57 58 59 60 61 65 68 69 70 71 72 76 80 81 84 85 87 88 89 90 
16200 96 2 9 10 11 56 57 58 59 60 61 64 65 69 70 71 74 76 80 81 84 85 87 88 89 90 
16200 97 125 126 127 
16200 98 125 126 127 
16200 99 122 124 127 
16200 100 125 126 127 
16200 101 125 126 127 
16200 102 125 126 127 
16200 103 123 125 126 
16200 104 125 126 127 
16200 105 125 126 127 
16200 106 125 126 127 
16200 107 123 125 126 
16200 108 124 126 127 
16200 109 125 126 127 
16200 110 125 126 127 
16200 111 123 125 126 
16200 112 125 126 127 
16200 113 125 126 127 
16200 114 125 126 127 
16200 115 125 126 127 
16200 116 125 126 127 
16200 117 125 126 127 
16200 118 125 126 127 
16200 119 125 126 127 
16200 120 121 126 127 
16200 121 120 123 133 
16200 122 99 125 127 
16200 123 103 107 111 121 133 
16200 124 99 108 127 
16200 125 12 97 98 100 101 102 103 104 105 106 107 109 110 111 112 113 114 115 116 117 118 119 122 128 129 130 131 132 134 135 136 137 138 139 140 141 142 
16200 126 3 12 97 98 100 101 102 103 104 105 106 107 108 109 110 111 112 113 114 115 116 117 118 119 120 128 129 130 131 132 133 134 135 136 137 138 139 140 141 142 
16200 127 3 12 97 98 99 100 101 102 104 105 106 108 109 110 112 113 114 115 116 117 118 119 120 122 124 128 129 130 131 132 134 135 136 137 138 139 140 141 142 
16200 128 125 126 127 
16200 129 125 126 127 
16200 130 125 126 127 
16200 131 125 126 127 
16200 132 125 126 127 
16200 133 121 123 126 
16200 134 125 126 127 
16200 135 125 126 127 
16200 136 125 126 127 
16200 137 125 126 127 
16200 138 125 126 127 
16200 139 125 126 127 
16200 140 125 126 127 
16200 141 125 126 127 
16200 142 125 126 127 
16200 143 145 150 152 155 157 168 169 172 179 180 184 186 
16200 144 219 225 235 
16200 145 29 143 189 
16200 146 189 225 235 
16200 147 236 238 239 
16200 148 236 238 239 
16200 149 235 236 239 
16200 150 143 160 189 
16200 151 188 189 225 
16200 152 143 188 189 
16200 153 187 188 189 
16200 154 236 238 239 
16200 155 143 188 189 
16200 156 32 200 225 
16200 157 143 188 189 
16200 158 236 238 239 
16200 159 235 236 239 
16200 160 150 236 239 
16200 161 189 225 235 
16200 162 225 235 239 
16200 163 235 236 239 
16200 164 225 231 235 
16200 165 177 200 225 
16200 166 183 187 219 
16200 167 32 189 225 
16200 168 143 188 189 
16200 169 143 188 189 
16200 170 235 236 239 
16200 171 219 238 239 
16200 172 143 175 189 
16200 173 235 236 239 
16200 174 237 238 239 
16200 175 172 225 235 
16200 176 225 235 239 
16200 177 165 235 236 
16200 178 187 188 189 
16200 179 29 39 143 
16200 180 143 189 225 
16200 181 235 236 239 
16200 182 236 238 239 
16200 183 166 235 239 
16200 184 143 188 189 
16200 185 235 236 239 
16200 186 143 188 189 
16200 187 153 166 178 
16200 188 151 152 153 155 157 168 169 178 184 186 
16200 189 145 146 150 151 152 153 155 157 161 167 168 169 172 178 180 184 186 
16200 190 237 238 239 
16200 191 237 238 239 
16200 192 237 238 239 
16200 193 237 238 239 
16200 194 207 231 234 
16200 195 237 238 239 
16200 196 237 238 239 
16200 197 207 226 234 
16200 198 230 233 237 
16200 199 237 238 239 
16200 200 156 165 232 
16200 201 236 237 238 
16200 202 236 237 238 
16200 203 236 237 238 
16200 204 236 237 238 
16200 205 233 237 238 
16200 206 230 234 238 
16200 207 194 197 226 
16200 208 237 238 239 
16200 209 236 237 239 
16200 210 237 238 239 
16200 211 237 238 239 
16200 212 237 238 239 
16200 213 232 233 237 
16200 214 237 238 239 
16200 215 237 238 239 
16200 216 237 238 239 
16200 217 230 237 238 
16200 218 230 234 238 
16200 219 144 166 171 
16200 220 237 238 239 
16200 221 237 238 239 
16200 222 230 233 237 
16200 223 237 238 239 
16200 224 236 237 239 
16200 225 4 14 15 144 146 151 156 161 162 164 165 167 175 176 180 
16200 226 197 207 234 
16200 227 236 237 238 
16200 228 237 238 239 
16200 229 237 238 239 
16200 230 198 206 217 218 222 
16200 231 164 194 234 
16200 232 200 213 239 
16200 233 198 205 213 222 
16200 234 194 197 206 218 226 231 
16200 235 4 14 15 144 146 149 159 161 162 163 164 170 173 175 176 177 181 183 185 
16200 236 147 148 149 154 158 159 160 163 170 173 177 181 182 185 201 202 203 204 209 224 227 
16200 237 16 174 190 191 192 193 195 196 198 199 201 202 203 204 205 208 209 210 211 212 213 214 215 216 217 220 221 222 223 224 227 228 229 
16200 238 5 16 147 148 154 158 171 174 182 190 191 192 193 195 196 199 201 202 203 204 205 206 208 210 211 212 214 215 216 217 218 220 221 223 227 228 229 
16200 239 5 16 147 148 149 154 158 159 160 162 163 170 171 173 174 176 181 182 183 185 190 191 192 193 195 196 199 208 209 210 211 212 214 215 216 220 221 223 224 228 229 232 
16200 240 0 5 
16200 241 0 3 4 
16200 242 0 3 
16200 243 0 4 
16200 244 0 3 5 
16200 245 0 5 
16200 246 0 4 
16200 247 0 5 
16200 248 0 3 
16200 249 0 3 
16200 250 0 4 
16200 251 0 5 
16200 252 0 4 
16200 253 0 3 
16200 254 0 
16200 255 0 5 
16200 256 0 5 
16200 257 0 4 
16200 258 0 3 
16200 259 0 3 4 
16200 260 0 5 
16200 261 0 3 4 
16200 262 0 4 5 
16200 263 0 5 
16200 264 0 3 
16200 265 0 3 
16200 266 0 3 4 5 
16200 267 0 5 
16200 268 0 4 
16200 269 0 4 
18000 0 3 4 5 240 241 242 243 244 245 246 247 248 249 250 251 252 253 254 255 256 257 258 259 260 261 262 263 264 265 266 267 268 269 
18000 1 52 53 54 
18000 2 93 95 96 
18000 3 0 126 127 241 242 244 248 249 253 258 259 261 264 265 266 
18000 4 0 225 239 241 243 246 250 252 257 259 261 262 266 268 269 
18000 5 0 238 239 240 244 245 247 251 255 256 260 262 263 266 267 
18000 6 52 53 54 
18000 7 52 53 54 
18000 8 52 53 54 
18000 9 93 95 96 
18000 10 93 95 96 
18000 11 93 95 96 
18000 12 125 126 127 
18000 13 29 32 49 
18000 14 15 225 239 
18000 15 14 225 239 
18000 16 148 237 238 
18000 17 53 54 55 
18000 18 53 54 55 
18000 19 50 53 54 
18000 20 52 53 54 
18000 21 52 53 54 
18000 22 34 36 52 
18000 23 31 40 43 
18000 24 54 55 145 
18000 25 48 51 52 
18000 26 34 38 45 47 
18000 27 52 53 54 
18000 28 52 53 54 
18000 29 13 49 145 
18000 30 50 53 54 
18000 31 23 40 43 50 
18000 32 13 152 155 
18000 33 52 53 54 
18000 34 22 26 47 
18000 35 52 53 54 
18000 36 22 49 55 
18000 37 53 54 55 
18000 38 26 51 52 
18000 39 53 54 172 
18000 40 23 31 54 
18000 41 52 53 54 
18000 42 51 52 55 
18000 43 23 31 54 
18000 44 52 53 54 
18000 45 26 47 52 
18000 46 51 52 55 
18000 47 26 34 45 
18000 48 25 51 52 
18000 49 13 29 36 
18000 50 19 30 31 
18000 51 25 38 42 46 48 
18000 52 1 6 7 8 20 21 22 25 27 28 33 35 38 41 42 44 45 46 48 
18000 53 1 6 7 8 17 18 19 20 21 27 28 30 33 35 37 39 41 44 
18000 54 1 6 7 8 17 18 19 20 21 24 27 28 30 33 35 37 39 40 41 43 44 
18000 55 17 18 24 36 37 42 46 
18000 56 93 95 96 
18000 57 92 95 96 
18000 58 93 95 96 
18000 59 93 95 96 
18000 60 89 95 96 
18000 61 93 95 96 
18000 62 66 82 91 
18000 63 73 77 78 83 
18000 64 79 95 96 
18000 65 93 95 96 
18000 66 62 82 93 
18000 67 79 80 96 
18000 68 92 93 95 
18000 69 89 95 96 
18000 70 89 95 96 
18000 71 93 95 96 
18000 72 89 92 95 
18000 73 63 83 89 
18000 74 93 95 96 
18000 75 
18000 76 93 95 96 
18000 77 63 78 94 
18000 78 63 77 86 
18000 79 64 67 96 
18000 80 67 85 95 
18000 81 92 95 96 
18000 82 62 66 91 
18000 83 63 73 94 
18000 84 93 95 96 
18000 85 80 95 96 
18000 86 78 91 94 
18000 87 94 95 96 
18000 88 93 95 96 
18000 89 60 69 70 72 73 
18000 90 93 95 96 
18000 91 62 82 86 
18000 92 57 68 72 81 
18000 93 2 9 10 11 56 58 59 61 65 66 68 71 74 76 84 88 90 
18000 94 77 83 86 87 
18000 95 2 9 10 11 56 57 58 59 60 61 64 65 68 69 70 71 72 74 76 80 81 84 85 87 88 90 
18000 96 2 9 10 11 56 57 58 59 60 61 64 65 67 69 70 71 74 76 79 81 84 85 87 88 90 
18000 97 125 126 127 
18000 98 125 126 127 
18000 99 122 124 127 
18000 100 125 126 127 
18000 101 124 126 127 
18000 102 124 125 127 
18000 103 123 125 126 
18000 104 125 126 127 
18000 105 125 126 127 
18000 106 125 126 127 
18000 107 123 125 126 
18000 108 124 126 127 
18000 109 125 126 127 
18000 110 125 126 127 
18000 111 123 125 126 
18000 112 125 126 127 
18000 113 125 126 127 
18000 114 125 126 127 
18000 115 125 126 127 
18000 116 125 126 127 
18000 117 125 126 127 
18000 118 125 126 127 
18000 119 125 126 127 
18000 120 121 126 127 
18000 121 120 123 133 
18000 122 99 125 127 
18000 123 103 107 111 121 133 137 
18000 124 99 101 102 108 
18000 125 12 97 98 100 102 103 104 105 106 107 109 110 111 112 113 114 115 116 117 118 119 122 128 129 130 131 132 134 135 136 137 138 139 140 141 142 
18000 126 3 12 97 98 100 101 103 104 105 106 107 108 109 110 111 112 113 114 115 116 117 118 119 120 128 129 130 131 132 133 134 135 136 137 138 139 140 141 142 
18000 127 3 12 97 98 99 100 101 102 104 105 106 108 109 110 112 113 114 115 116 117 118 119 120 122 128 129 130 131 132 134 135 136 138 139 140 141 142 
18000 128 125 126 127 
18000 129 125 126 127 
18000 130 125 126 127 
18000 131 125 126 127 
18000 132 125 126 127 
18000 133 121 123 126 
18000 134 125 126 127 
18000 135 125 126 127 
18000 136 125 126 127 
18000 137 123 125 126 
18000 138 125 126 127 
18000 139 125 126 127 
18000 140 125 126 127 
18000 141 125 126 127 
18000 142 125 126 127 
18000 143 145 157 172 
18000 144 215 225 239 
18000 145 24 29 143 
18000 146 215 225 239 
18000 147 236 238 239 
18000 148 16 238 239 
18000 149 225 236 239 
18000 150 160 189 239 
18000 151 215 225 239 
18000 152 32 215 239 
18000 153 221 231 239 
18000 154 236 238 239 
18000 155 32 215 239 
18000 156 200 225 239 
18000 157 143 189 215 
18000 158 236 238 239 
18000 159 231 236 239 
18000 160 150 236 239 
18000 161 215 225 239 
18000 162 215 225 239 
18000 163 189 215 239 
18000 164 225 231 239 
18000 165 200 225 239 
18000 166 182 187 215 
18000 167 215 225 239 
18000 168 175 188 189 
18000 169 188 189 215 
18000 170 231 236 239 
18000 171 231 236 239 
18000 172 39 143 175 
18000 173 225 236 239 
18000 174 235 236 237 
18000 175 168 172 239 
18000 176 236 237 239 
18000 177 234 236 239 
18000 178 187 188 189 
18000 179 189 215 239 
18000 180 215 225 239 
18000 181 231 236 239 
18000 182 166 231 239 
18000 183 215 225 239 
18000 184 186 188 189 
18000 185 231 236 239 
18000 186 184 215 239 
18000 187 166 178 239 
18000 188 168 169 178 184 
18000 189 150 157 163 168 169 178 179 184 
18000 190 236 237 238 
18000 191 236 237 238 
18000 192 236 237 238 
18000 193 236 237 238 
18000 194 236 237 238 
18000 195 236 237 238 
18000 196 236 237 238 
18000 197 207 226 234 
18000 198 233 237 238 
18000 199 236 237 238 
18000 200 156 165 232 
18000 201 236 237 238 
18000 202 236 237 238 
18000 203 236 237 238 
18000 204 236 237 238 
18000 205 235 237 238 
18000 206 230 234 238 
18000 207 197 226 234 
18000 208 236 237 238 
18000 209 232 233 237 
18000 210 236 237 238 
18000 211 236 237 238 
18000 212 236 237 238 
18000 213 232 233 237 
18000 214 236 237 238 
18000 215 144 146 151 152 155 157 161 162 163 166 167 169 179 180 183 186 
18000 216 236 237 238 
18000 217 234 237 238 
18000 218 234 235 238 
18000 219 236 237 238 
18000 220 236 237 238 
18000 221 153 237 238 
18000 222 233 237 238 
18000 223 235 236 237 
18000 224 233 235 237 
18000 225 4 14 15 144 146 149 151 156 161 162 164 165 167 173 180 183 
18000 226 197 207 234 
18000 227 235 237 238 
18000 228 236 237 238 
18000 229 236 237 238 
18000 230 206 237 238 
18000 231 153 159 164 170 171 181 182 185 
18000 232 200 209 213 
18000 233 198 209 213 222 224 
18000 234 177 197 206 207 217 218 226 
18000 235 174 205 218 223 224 227 
18000 236 147 149 154 158 159 160 170 171 173 174 176 177 181 185 190 191 192 193 194 195 196 199 201 202 203 204 208 210 211 212 214 216 219 220 223 228 229 
18000 237 16 174 176 190 191 192 193 194 195 196 198 199 201 202 203 204 205 208 209 210 211 212 213 214 216 217 219 220 221 222 223 224 227 228 229 230 
18000 238 5 16 147 148 154 158 190 191 192 193 194 195 196 198 199 201 202 203 204 205 206 208 210 211 212 214 216 217 218 219 220 221 222 227 228 229 230 
18000 239 4 5 14 15 144 146 147 148 149 150 151 152 153 154 155 156 158 159 160 161 162 163 164 165 167 170 171 173 175 176 177 179 180 181 182 183 185 186 187 
18000 240 0 5 
18000 241 0 3 4 
18000 242 0 3 
18000 243 0 4 
18000 244 0 3 5 
18000 245 0 5 
18000 246 0 4 
18000 247 0 5 
18000 248 0 3 
18000 249 0 3 
18000 250 0 4 
18000 251 0 5 
18000 252 0 4 
18000 253 0 3 
18000 254 0 
18000 255 0 5 
18000 256 0 5 
18000 257 0 4 
18000 258 0 3 
18000 259 0 3 4 
18000 260 0 5 
18000 261 0 3 4 
18000 262 0 4 5 
18000 263 0 5 
18000 264 0 3 
18000 265 0 3 
18000 266 0 3 4 5 
18000 267 0 5 
18000 268 0 4 
18000 269 0 4 
