0 21600
0 0 
0 1 6 8 17 19 33 40 42 
0 2 3 58 70 90 241 244 246 247 248 254 257 260 262 264 265 267 268 
0 3 2 102 104 108 111 119 123 125 241 242 244 248 249 253 258 259 261 264 265 266 
0 4 145 149 173 182 186 
0 5 192 202 209 219 223 236 239 
0 6 1 21 33 41 51 
0 7 21 30 33 35 44 51 
0 8 1 28 38 50 
0 9 74 88 
0 10 84 
0 11 93 
0 12 106 107 137 
0 13 143 145 151 168 175 177 178 
0 14 147 154 156 162 164 165 167 169 185 187 
0 15 159 164 176 178 180 181 
0 16 190 196 215 219 227 239 
0 17 1 20 28 
0 18 33 42 52 
0 19 1 
0 20 17 30 
0 21 6 7 35 44 53 
0 22 48 
0 23 
0 24 
0 25 27 
0 26 
0 27 25 28 38 
0 28 8 17 27 45 
0 29 44 54 
0 30 7 20 
0 31 50 
0 32 54 
0 33 1 6 7 18 38 53 
0 34 52 
0 35 7 21 38 
0 36 42 52 
0 37 42 
0 38 8 27 33 35 51 52 
0 39 44 
0 40 1 
0 41 6 44 
0 42 1 18 36 37 52 
0 43 
0 44 7 21 29 39 41 
0 45 28 47 
0 46 
0 47 45 48 
0 48 22 47 
0 49 
0 50 8 31 
0 51 6 7 38 53 
0 52 18 34 36 38 42 
0 53 21 33 51 
0 54 29 32 
0 55 
0 56 71 78 95 
0 57 70 71 73 83 89 
0 58 2 59 61 74 81 96 
0 59 58 80 85 
0 60 76 95 
0 61 58 65 76 82 90 93 95 
0 62 
0 63 78 
0 64 81 
0 65 61 69 72 
0 66 
0 67 
0 68 
0 69 65 74 85 87 96 
0 70 2 57 
0 71 56 57 80 
0 72 65 78 
0 73 57 83 
0 74 9 58 69 
0 75 
0 76 60 61 
0 77 
0 78 56 63 72 87 
0 79 
0 80 59 71 84 
0 81 58 64 
0 82 61 91 
0 83 57 73 
0 84 10 80 
0 85 59 69 92 
0 86 
0 87 69 78 95 
0 88 9 96 
0 89 57 90 
0 90 2 61 89 95 
0 91 82 
0 92 85 93 
0 93 11 61 92 
0 94 
0 95 56 60 61 87 90 
0 96 58 69 88 
0 97 100 106 113 131 136 139 
0 98 101 104 109 110 111 116 120 124 139 141 
0 99 
0 100 97 102 112 113 115 117 119 136 137 140 
0 101 98 116 134 
0 102 3 100 116 126 
0 103 130 
0 104 3 98 106 116 117 118 129 134 140 
0 105 109 119 132 140 141 
0 106 12 97 104 113 118 123 128 136 138 140 
0 107 12 116 137 140 142 
0 108 3 110 116 136 
0 109 98 105 
0 110 98 108 121 134 138 
0 111 3 98 123 140 
0 112 100 120 123 132 134 
0 113 97 100 106 129 130 139 
0 114 122 
0 115 100 130 132 135 137 
0 116 98 101 102 104 107 108 121 130 135 138 
0 117 100 104 120 125 
0 118 104 106 
0 119 3 100 105 127 129 132 133 135 139 
0 120 98 112 117 121 128 130 141 
0 121 110 116 120 130 140 
0 122 114 
0 123 3 106 111 112 137 
0 124 98 
0 125 3 117 132 135 140 
0 126 102 128 130 140 141 
0 127 119 
0 128 106 120 126 
0 129 104 113 119 130 
0 130 103 113 115 116 120 121 126 129 131 137 
0 131 97 130 
0 132 105 112 115 119 125 133 140 
0 133 119 132 
0 134 101 104 110 112 
0 135 115 116 119 125 138 
0 136 97 100 106 108 
0 137 12 100 107 115 123 130 
0 138 106 110 116 135 
0 139 97 98 113 119 
0 140 100 104 105 106 107 111 121 125 126 132 
0 141 98 105 120 126 
0 142 107 
0 143 13 163 168 179 183 186 188 189 
0 144 155 163 179 186 189 
0 145 4 13 186 188 
0 146 153 159 177 188 225 
0 147 14 148 164 173 175 183 215 234 
0 148 147 175 188 194 230 
0 149 4 155 173 175 180 186 233 
0 150 154 157 167 172 180 184 187 233 
0 151 13 152 153 176 178 179 186 
0 152 151 155 165 169 173 176 
0 153 146 151 164 167 172 179 185 188 
0 154 14 150 168 173 
0 155 144 149 152 168 189 
0 156 14 168 173 
0 157 150 169 185 187 
0 158 170 177 183 225 
0 159 15 146 160 186 
0 160 159 168 170 182 183 211 236 
0 161 175 179 184 
0 162 14 167 
0 163 143 144 178 179 186 
0 164 14 15 147 153 170 177 181 183 185 186 
0 165 14 152 168 186 233 
0 166 187 
0 167 14 150 153 162 170 176 189 225 
0 168 13 143 154 155 156 160 165 172 181 184 185 
0 169 14 152 157 181 188 
0 170 158 160 164 167 173 231 239 
0 171 185 233 
0 172 150 153 168 175 184 
0 173 4 147 149 152 154 156 170 179 182 183 
0 174 202 210 214 236 237 
0 175 13 147 148 149 161 172 
0 176 15 151 152 167 177 181 184 239 
0 177 13 146 158 164 176 182 
0 178 13 15 151 163 180 
0 179 143 144 151 153 161 163 173 
0 180 15 149 150 178 181 
0 181 15 164 168 169 176 180 
0 182 4 160 173 177 185 
0 183 143 147 158 160 164 173 189 
0 184 150 161 168 172 176 
0 185 14 153 157 164 168 171 182 188 
0 186 4 143 144 145 149 151 159 163 164 165 
0 187 14 150 157 166 
0 188 143 145 146 148 153 169 185 
0 189 143 144 155 167 183 
0 190 16 192 222 223 233 237 
0 191 192 196 202 203 205 213 216 222 233 
0 192 5 190 191 194 204 210 211 216 219 234 236 
0 193 208 227 235 238 
0 194 148 192 197 219 231 
0 195 202 207 209 222 226 230 233 236 
0 196 16 191 214 219 223 228 
0 197 194 216 218 219 221 228 234 235 
0 198 208 214 216 221 224 227 
0 199 206 212 229 
0 200 
0 201 203 206 222 
0 202 5 174 191 195 221 228 
0 203 191 201 206 215 222 236 237 
0 204 192 205 209 237 
0 205 191 204 210 228 230 
0 206 199 201 203 208 218 
0 207 195 219 
0 208 193 198 206 216 220 
0 209 5 195 204 211 213 222 223 228 
0 210 174 192 205 214 216 218 224 237 
0 211 160 192 209 214 230 
0 212 199 221 
0 213 191 209 
0 214 174 196 198 210 211 229 233 
0 215 16 147 203 229 234 237 
0 216 191 192 197 198 208 210 228 233 237 
0 217 228 237 
0 218 197 206 210 228 
0 219 5 16 192 194 196 197 207 
0 220 208 223 230 232 
0 221 197 198 202 212 229 
0 222 190 191 195 201 203 209 
0 223 5 190 196 209 220 
0 224 198 210 229 
0 225 146 158 167 231 
0 226 195 
0 227 16 193 198 
0 228 196 197 202 205 209 216 217 218 230 233 238 
0 229 199 214 215 221 224 237 
0 230 148 195 205 211 220 228 239 
0 231 170 194 225 
0 232 220 
0 233 149 150 165 171 190 191 195 214 216 228 238 
0 234 147 192 197 215 
0 235 193 197 
0 236 5 160 174 192 195 203 238 
0 237 174 190 203 204 210 215 216 217 229 
0 238 193 228 233 236 239 
0 239 5 16 170 176 230 238 
0 241 2 3 
0 242 3 
0 244 2 3 
0 246 2 
0 247 2 
0 248 2 3 
0 249 3 
0 253 3 
0 254 2 
0 257 2 
0 258 3 
0 259 3 
0 260 2 
0 261 3 
0 262 2 
0 264 2 3 
0 265 2 3 
0 266 3 
0 267 2 
0 268 2 
1800 0 
1800 1 6 7 18 20 21 
1800 2 57 80 
1800 3 97 98 
1800 4 15 158 159 160 164 170 172 173 184 225 
1800 5 195 204 208 210 218 222 223 235 
1800 6 1 19 25 28 38 40 48 51 
1800 7 1 38 53 
1800 8 33 
1800 9 11 56 72 88 
1800 10 71 76 93 
1800 11 9 58 76 96 
1800 12 117 123 
1800 13 165 177 
1800 14 15 150 158 180 185 188 
1800 15 4 14 147 152 157 160 163 168 225 
1800 16 211 217 
1800 17 18 28 53 
1800 18 1 17 30 50 153 168 
1800 19 6 21 43 50 54 55 
1800 20 1 30 39 52 53 54 184 
1800 21 1 19 27 
1800 22 48 
1800 23 
1800 24 27 39 
1800 25 6 33 35 
1800 26 27 51 
1800 27 21 24 26 44 52 
1800 28 6 17 44 54 
1800 29 30 39 
1800 30 18 20 29 32 42 55 
1800 31 43 
1800 32 30 145 169 
1800 33 8 25 35 39 44 51 52 54 
1800 34 35 42 
1800 35 25 33 34 
1800 36 42 
1800 37 41 
1800 38 6 7 45 
1800 39 20 24 29 33 54 
1800 40 6 
1800 41 37 42 50 51 
1800 42 30 34 36 41 
1800 43 19 31 
1800 44 27 28 33 
1800 45 38 
1800 46 
1800 47 
1800 48 6 22 
1800 49 
1800 50 18 19 41 
1800 51 6 26 33 41 
1800 52 20 27 33 
1800 53 7 17 20 
1800 54 19 20 28 33 39 
1800 55 19 30 
1800 56 9 82 87 
1800 57 2 67 71 80 
1800 58 11 65 76 92 
1800 59 68 80 
1800 60 67 69 85 
1800 61 96 
1800 62 69 70 93 
1800 63 73 
1800 64 70 96 
1800 65 58 82 85 89 
1800 66 82 
1800 67 57 60 85 
1800 68 59 90 
1800 69 60 62 73 
1800 70 62 64 80 
1800 71 10 57 74 96 
1800 72 9 89 94 
1800 73 63 69 85 87 93 
1800 74 71 85 
1800 75 
1800 76 10 11 58 87 93 96 
1800 77 78 
1800 78 77 
1800 79 
1800 80 2 57 59 70 85 
1800 81 
1800 82 56 65 66 
1800 83 
1800 84 
1800 85 60 65 67 73 74 80 
1800 86 89 91 
1800 87 56 73 76 95 
1800 88 9 
1800 89 65 72 86 
1800 90 68 
1800 91 86 92 
1800 92 58 91 
1800 93 10 62 73 76 
1800 94 72 
1800 95 87 96 
1800 96 11 61 64 71 76 95 
1800 97 3 104 127 
1800 98 3 127 136 139 
1800 99 101 113 119 
1800 100 119 129 131 132 
1800 101 99 113 
1800 102 117 126 130 135 
1800 103 126 131 
1800 104 97 105 108 111 115 119 126 
1800 105 104 119 137 138 139 140 
1800 106 112 124 127 131 
1800 107 111 121 
1800 108 104 118 126 
1800 109 112 120 129 139 140 
1800 110 134 138 142 
1800 111 104 107 129 135 
1800 112 106 109 113 120 125 135 
1800 113 99 101 112 116 118 129 132 135 
1800 114 127 
1800 115 104 117 131 138 139 
1800 116 113 131 137 138 
1800 117 12 102 115 118 
1800 118 108 113 117 122 128 131 
1800 119 99 100 104 105 125 140 
1800 120 109 112 131 135 137 140 
1800 121 107 130 
1800 122 118 131 
1800 123 12 126 139 141 
1800 124 106 129 138 
1800 125 112 119 127 
1800 126 102 103 104 108 123 139 
1800 127 97 98 106 114 125 135 139 
1800 128 118 130 134 140 142 
1800 129 100 109 111 113 124 139 141 
1800 130 102 121 128 136 140 
1800 131 100 103 106 115 116 118 120 122 142 
1800 132 100 113 135 
1800 133 139 
1800 134 110 128 138 139 
1800 135 102 111 112 113 120 127 132 139 
1800 136 98 130 
1800 137 105 116 120 142 
1800 138 105 110 115 116 124 134 
1800 139 98 105 109 115 123 126 127 129 133 134 135 141 
1800 140 105 109 119 120 128 130 
1800 141 123 129 139 
1800 142 110 128 131 137 
1800 143 146 155 159 172 176 
1800 144 162 167 184 225 
1800 145 32 146 153 188 189 
1800 146 143 145 159 168 169 
1800 147 15 216 
1800 148 158 165 181 211 231 238 
1800 149 151 165 181 186 
1800 150 14 157 163 170 172 181 
1800 151 149 175 178 
1800 152 15 
1800 153 18 145 164 171 173 178 183 185 186 187 188 
1800 154 156 179 188 211 236 238 
1800 155 143 170 176 178 182 
1800 156 154 163 165 186 
1800 157 15 150 176 185 
1800 158 4 14 148 163 170 174 181 192 194 195 202 222 223 227 233 235 238 
1800 159 4 143 146 160 161 164 169 187 231 
1800 160 4 15 159 165 168 176 182 186 235 239 
1800 161 159 168 176 187 188 
1800 162 144 179 190 192 193 203 208 234 
1800 163 15 150 156 158 165 182 187 
1800 164 4 153 159 171 179 
1800 165 13 148 149 156 160 163 175 189 
1800 166 
1800 167 144 179 182 185 215 
1800 168 15 18 146 160 161 189 
1800 169 32 146 159 171 
1800 170 4 150 155 158 186 
1800 171 153 164 169 178 187 194 
1800 172 4 143 150 175 189 
1800 173 4 153 176 185 186 
1800 174 158 191 192 202 208 211 213 214 224 233 
1800 175 151 165 172 182 225 
1800 176 143 155 157 160 161 173 183 187 188 215 
1800 177 13 
1800 178 151 153 155 171 179 183 
1800 179 154 162 164 167 178 182 183 
1800 180 14 184 186 189 
1800 181 148 149 150 158 186 211 
1800 182 155 160 163 167 175 179 
1800 183 153 176 178 179 
1800 184 4 20 144 180 
1800 185 14 153 157 167 173 239 
1800 186 149 153 156 160 170 173 180 181 187 210 223 231 
1800 187 153 159 161 163 171 176 186 
1800 188 14 145 153 154 161 176 
1800 189 145 165 168 172 180 
1800 190 162 203 227 231 235 236 
1800 191 174 210 230 239 
1800 192 158 162 174 205 208 209 210 217 219 220 
1800 193 162 209 218 230 
1800 194 158 171 216 228 231 236 
1800 195 5 158 196 203 206 212 215 220 230 234 
1800 196 195 214 218 237 
1800 197 218 230 
1800 198 210 
1800 199 202 209 214 236 
1800 200 232 
1800 201 213 215 229 236 
1800 202 158 174 199 203 211 228 230 239 
1800 203 162 190 195 202 205 213 228 230 
1800 204 5 210 
1800 205 192 203 214 217 
1800 206 195 
1800 207 223 
1800 208 5 162 174 192 209 222 224 
1800 209 192 193 199 208 210 220 224 228 
1800 210 5 186 191 192 198 204 209 227 228 
1800 211 16 148 154 174 181 202 221 228 
1800 212 195 223 232 
1800 213 174 201 203 214 
1800 214 174 196 199 205 213 219 221 236 
1800 215 167 176 195 201 
1800 216 147 194 221 224 227 
1800 217 16 192 205 229 
1800 218 5 193 196 197 228 
1800 219 192 214 
1800 220 192 195 209 224 
1800 221 211 214 216 236 
1800 222 5 158 208 238 
1800 223 5 158 186 207 212 225 231 235 237 
1800 224 174 208 209 216 220 230 
1800 225 4 15 144 175 223 
1800 226 
1800 227 158 190 210 216 
1800 228 194 202 203 209 210 211 218 235 
1800 229 201 217 239 
1800 230 191 193 195 197 202 203 224 232 235 
1800 231 148 159 186 190 194 223 238 
1800 232 200 212 230 233 
1800 233 158 174 232 237 238 
1800 234 162 195 
1800 235 5 158 160 190 223 228 230 
1800 236 154 190 194 199 201 214 221 
1800 237 196 223 233 238 239 
1800 238 148 154 158 222 231 233 237 
1800 239 160 185 191 202 229 237 
3600 0 2 240 241 242 243 244 245 246 247 248 249 250 251 252 253 254 255 256 257 258 259 260 261 262 263 264 265 266 267 268 269 
3600 1 19 21 25 39 50 
3600 2 0 61 89 90 95 241 244 246 247 248 254 257 260 262 264 265 267 268 
3600 3 97 
3600 4 169 180 183 188 225 
3600 5 16 210 221 237 
3600 6 19 30 52 
3600 7 35 37 
3600 8 33 
3600 9 10 61 69 92 
3600 10 9 61 80 
3600 11 56 58 81 90 92 93 
3600 12 101 103 110 116 119 131 135 138 
3600 13 168 
3600 14 15 17 143 162 
3600 15 14 17 148 149 150 155 156 164 168 
3600 16 5 193 206 219 221 
3600 17 14 15 20 189 
3600 18 30 
3600 19 1 6 21 23 
3600 20 17 33 44 54 
3600 21 1 19 
3600 22 48 
3600 23 19 35 50 
3600 24 33 36 
3600 25 1 33 
3600 26 47 
3600 27 44 46 47 
3600 28 44 54 
3600 29 172 
3600 30 6 18 39 
3600 31 53 
3600 32 145 163 179 
3600 33 8 20 24 25 38 48 
3600 34 
3600 35 7 23 53 
3600 36 24 
3600 37 7 41 44 
3600 38 33 
3600 39 1 30 
3600 40 50 53 
3600 41 37 44 45 46 48 
3600 42 51 55 
3600 43 
3600 44 20 27 28 37 41 
3600 45 41 
3600 46 27 41 
3600 47 26 27 50 
3600 48 22 33 41 
3600 49 
3600 50 1 23 40 47 
3600 51 42 52 
3600 52 6 51 
3600 53 31 35 40 
3600 54 20 28 
3600 55 42 
3600 56 11 63 69 
3600 57 65 89 
3600 58 11 89 96 
3600 59 61 78 81 
3600 60 61 
3600 61 2 9 10 59 60 69 74 
3600 62 68 
3600 63 56 
3600 64 
3600 65 57 69 81 86 92 
3600 66 82 
3600 67 70 79 
3600 68 62 
3600 69 9 56 61 65 71 74 87 93 96 
3600 70 67 
3600 71 69 92 
3600 72 84 
3600 73 
3600 74 61 69 89 
3600 75 
3600 76 82 85 
3600 77 
3600 78 59 87 
3600 79 67 
3600 80 10 
3600 81 11 59 65 
3600 82 66 76 91 
3600 83 94 
3600 84 72 
3600 85 76 92 95 
3600 86 65 93 
3600 87 69 78 
3600 88 
3600 89 2 57 58 74 90 95 
3600 90 2 11 89 92 
3600 91 82 
3600 92 9 11 65 71 85 90 
3600 93 11 69 86 
3600 94 83 
3600 95 2 85 89 
3600 96 58 69 
3600 97 3 98 111 123 133 137 141 
3600 98 97 110 111 120 139 140 
3600 99 110 116 119 120 129 132 134 
3600 100 104 117 120 
3600 101 12 129 136 
3600 102 104 128 
3600 103 12 104 110 
3600 104 100 102 103 117 142 
3600 105 113 132 139 142 
3600 106 109 111 119 141 
3600 107 116 139 
3600 108 110 120 126 129 130 139 
3600 109 106 123 127 132 141 
3600 110 12 98 99 103 108 111 115 130 134 137 138 
3600 111 97 98 106 110 
3600 112 115 141 
3600 113 105 115 125 141 
3600 114 116 122 129 131 132 138 
3600 115 110 112 113 
3600 116 12 99 107 114 123 124 134 
3600 117 100 104 130 139 
3600 118 
3600 119 12 99 106 131 133 134 
3600 120 98 99 100 108 123 135 
3600 121 133 
3600 122 114 139 
3600 123 97 109 116 120 124 130 
3600 124 116 123 128 138 
3600 125 113 136 
3600 126 108 128 129 131 135 
3600 127 109 
3600 128 102 124 126 138 
3600 129 99 101 108 114 126 134 136 
3600 130 108 110 117 123 131 
3600 131 12 114 119 126 130 
3600 132 99 105 109 114 137 
3600 133 97 119 121 
3600 134 99 110 116 119 129 
3600 135 12 120 126 
3600 136 101 125 129 
3600 137 97 110 132 139 
3600 138 12 110 114 124 128 139 142 
3600 139 98 105 107 108 117 122 137 138 
3600 140 98 142 
3600 141 97 106 109 112 113 
3600 142 104 105 138 140 
3600 143 14 165 177 188 
3600 144 150 164 167 169 170 186 188 231 
3600 145 32 152 175 
3600 146 165 181 
3600 147 160 175 181 186 187 225 239 
3600 148 15 149 160 180 182 188 230 239 
3600 149 15 148 156 160 164 167 179 181 188 
3600 150 15 144 168 187 
3600 151 153 156 158 161 176 185 
3600 152 145 159 180 184 
3600 153 151 164 176 
3600 154 187 188 220 
3600 155 15 159 
3600 156 15 149 151 161 170 
3600 157 159 167 171 179 180 184 186 
3600 158 151 159 167 176 235 
3600 159 152 155 157 158 160 170 180 186 229 
3600 160 147 148 149 159 175 
3600 161 151 156 172 179 187 
3600 162 14 165 171 175 176 187 
3600 163 32 166 169 171 173 186 
3600 164 15 144 149 153 165 166 185 
3600 165 143 146 162 164 170 176 200 231 
3600 166 163 164 178 186 189 
3600 167 144 149 157 158 181 186 229 
3600 168 13 15 150 172 
3600 169 4 144 163 173 182 225 236 
3600 170 144 156 159 165 186 189 
3600 171 157 162 163 180 200 225 231 
3600 172 29 161 168 176 
3600 173 163 169 175 176 180 214 231 
3600 174 193 214 235 
3600 175 145 147 160 162 173 181 
3600 176 151 153 158 162 165 172 173 179 
3600 177 143 236 238 
3600 178 166 187 
3600 179 32 149 157 161 176 180 183 187 
3600 180 4 148 152 157 159 171 173 179 189 
3600 181 146 147 149 167 175 184 185 188 214 231 
3600 182 148 169 185 
3600 183 4 179 187 225 
3600 184 152 157 181 186 
3600 185 151 164 181 182 
3600 186 144 147 157 159 163 166 167 170 184 
3600 187 147 150 154 161 162 178 179 183 189 
3600 188 4 143 144 148 149 154 181 
3600 189 17 166 170 180 187 225 
3600 190 209 210 223 236 
3600 191 195 196 198 200 221 227 
3600 192 195 197 209 229 230 231 233 235 
3600 193 16 174 202 204 206 213 215 233 236 
3600 194 228 
3600 195 191 192 207 220 223 229 
3600 196 191 201 207 215 224 239 
3600 197 192 214 223 
3600 198 191 205 221 227 
3600 199 203 204 206 211 219 223 239 
3600 200 165 171 191 
3600 201 196 208 209 213 237 
3600 202 193 210 219 222 223 
3600 203 199 206 208 211 215 223 236 
3600 204 193 199 219 222 223 
3600 205 198 212 221 228 235 
3600 206 16 193 199 203 214 215 219 
3600 207 195 196 215 223 
3600 208 201 203 210 212 224 
3600 209 190 192 201 211 212 222 
3600 210 5 190 202 208 231 
3600 211 199 203 209 214 236 
3600 212 205 208 209 213 219 228 235 
3600 213 193 201 212 224 232 
3600 214 173 174 181 197 206 211 217 230 
3600 215 193 196 203 206 207 216 
3600 216 215 235 237 
3600 217 214 238 
3600 218 219 
3600 219 16 199 202 204 206 212 218 221 229 233 
3600 220 154 195 
3600 221 5 16 191 198 205 219 229 230 
3600 222 202 204 209 
3600 223 190 195 197 199 202 203 204 207 233 238 
3600 224 196 208 213 235 
3600 225 4 147 169 171 183 189 
3600 226 
3600 227 191 198 228 
3600 228 194 205 212 227 
3600 229 159 167 192 195 219 221 235 238 
3600 230 148 192 214 221 237 
3600 231 144 165 171 173 181 192 210 234 
3600 232 213 
3600 233 192 193 219 223 
3600 234 231 235 238 
3600 235 158 174 192 205 212 216 224 229 234 
3600 236 169 177 190 193 203 211 
3600 237 5 201 216 230 
3600 238 177 217 223 229 234 
3600 239 147 148 196 199 
3600 240 0 
3600 241 0 2 
3600 242 0 
3600 243 0 
3600 244 0 2 
3600 245 0 
3600 246 0 2 
3600 247 0 2 
3600 248 0 2 
3600 249 0 
3600 250 0 
3600 251 0 
3600 252 0 
3600 253 0 
3600 254 0 2 
3600 255 0 
3600 256 0 
3600 257 0 2 
3600 258 0 
3600 259 0 
3600 260 0 2 
3600 261 0 
3600 262 0 2 
3600 263 0 
3600 264 0 2 
3600 265 0 2 
3600 266 0 
3600 267 0 2 
3600 268 0 2 
3600 269 0 
5400 0 5 240 241 242 243 244 245 246 247 248 249 250 251 252 253 254 255 256 257 258 259 260 261 262 263 264 265 266 267 268 269 
5400 1 21 26 37 40 52 
5400 2 58 84 
5400 3 106 111 127 137 138 141 
5400 4 150 160 162 167 174 186 
5400 5 0 16 191 192 195 205 206 208 212 222 230 238 240 244 245 247 251 255 256 260 262 263 266 267 
5400 6 7 17 18 30 
5400 7 6 54 
5400 8 20 21 48 
5400 9 10 60 68 
5400 10 9 57 74 87 
5400 11 61 
5400 12 100 103 115 118 128 132 136 137 140 141 
5400 13 17 150 180 188 
5400 14 147 150 151 164 175 176 185 
5400 15 143 149 163 166 172 186 187 
5400 16 5 190 199 209 236 239 
5400 17 6 13 19 
5400 18 6 33 40 
5400 19 17 21 37 
5400 20 8 21 37 
5400 21 1 8 19 20 28 
5400 22 
5400 23 
5400 24 30 
5400 25 47 
5400 26 1 34 
5400 27 28 31 34 40 
5400 28 21 27 38 50 
5400 29 49 54 143 144 156 170 174 183 
5400 30 6 24 44 53 54 
5400 31 27 51 
5400 32 37 163 185 
5400 33 18 42 45 50 53 
5400 34 26 27 47 52 
5400 35 54 
5400 36 55 
5400 37 1 19 20 32 39 
5400 38 28 
5400 39 37 44 
5400 40 1 18 27 43 185 
5400 41 46 
5400 42 33 
5400 43 40 
5400 44 30 39 52 54 
5400 45 33 50 
5400 46 41 
5400 47 25 34 
5400 48 8 
5400 49 29 
5400 50 28 33 45 52 53 
5400 51 31 52 
5400 52 1 34 44 50 51 
5400 53 30 33 50 
5400 54 7 29 30 35 44 185 
5400 55 36 
5400 56 69 82 
5400 57 10 
5400 58 2 68 89 93 
5400 59 
5400 60 9 95 
5400 61 11 66 69 84 93 96 
5400 62 
5400 63 77 
5400 64 73 83 
5400 65 72 85 86 88 
5400 66 61 84 90 
5400 67 
5400 68 9 58 82 
5400 69 56 61 83 89 
5400 70 96 
5400 71 80 
5400 72 65 95 
5400 73 64 83 
5400 74 10 
5400 75 
5400 76 92 
5400 77 63 
5400 78 81 
5400 79 
5400 80 71 
5400 81 78 
5400 82 56 68 93 
5400 83 64 69 73 
5400 84 2 61 66 
5400 85 65 
5400 86 65 87 
5400 87 10 86 
5400 88 65 
5400 89 58 69 
5400 90 66 
5400 91 93 95 
5400 92 76 
5400 93 58 61 82 91 
5400 94 
5400 95 60 72 91 96 
5400 96 61 70 95 
5400 97 118 120 129 140 
5400 98 105 107 125 129 
5400 99 124 
5400 100 12 111 130 137 138 
5400 101 112 138 
5400 102 103 112 121 131 
5400 103 12 102 104 106 138 142 
5400 104 103 107 109 
5400 105 98 116 136 
5400 106 3 103 129 130 131 
5400 107 98 104 109 111 
5400 108 116 127 133 
5400 109 104 107 111 114 118 123 126 140 
5400 110 118 125 129 138 
5400 111 3 100 107 109 126 
5400 112 101 102 
5400 113 129 134 141 
5400 114 109 138 
5400 115 12 142 
5400 116 105 108 126 130 135 
5400 117 122 126 130 132 141 
5400 118 12 97 109 110 127 128 135 136 142 
5400 119 124 130 135 137 142 
5400 120 97 125 130 131 
5400 121 102 127 130 
5400 122 117 
5400 123 109 127 130 
5400 124 99 119 134 138 
5400 125 98 110 120 139 
5400 126 109 111 116 117 133 135 
5400 127 3 108 118 121 123 132 135 140 
5400 128 12 118 134 
5400 129 97 98 106 110 113 140 
5400 130 100 106 116 117 119 120 121 123 134 
5400 131 102 106 120 
5400 132 12 117 127 142 
5400 133 108 126 134 
5400 134 113 124 128 130 133 141 
5400 135 116 118 119 126 127 
5400 136 12 105 118 
5400 137 3 12 100 119 
5400 138 3 100 101 103 110 114 124 
5400 139 125 142 
5400 140 12 97 109 127 129 
5400 141 3 12 113 117 134 
5400 142 103 115 118 119 132 139 
5400 143 15 29 163 164 175 225 
5400 144 29 147 150 159 170 178 181 189 
5400 145 146 156 163 167 
5400 146 145 148 150 168 
5400 147 14 144 171 177 216 236 
5400 148 146 157 158 167 193 
5400 149 15 150 185 
5400 150 4 13 14 144 146 149 161 186 211 
5400 151 14 180 
5400 152 182 189 
5400 153 163 182 189 238 
5400 154 156 180 185 225 
5400 155 158 176 183 187 
5400 156 29 145 154 169 171 173 187 
5400 157 148 164 167 168 
5400 158 148 155 167 193 202 225 231 239 
5400 159 144 165 166 175 179 188 225 
5400 160 4 176 183 231 236 
5400 161 150 167 170 177 194 
5400 162 4 177 180 182 186 225 
5400 163 15 32 143 145 153 165 182 183 184 
5400 164 14 143 157 169 176 187 
5400 165 159 163 167 173 185 
5400 166 15 159 174 
5400 167 4 145 148 157 158 161 165 168 180 185 186 
5400 168 146 157 167 176 
5400 169 156 164 175 179 184 
5400 170 29 144 161 174 180 193 236 
5400 171 147 156 188 
5400 172 15 175 185 
5400 173 156 165 176 
5400 174 4 29 166 170 191 199 
5400 175 14 143 159 169 172 182 189 202 
5400 176 14 155 160 164 168 173 
5400 177 147 161 162 181 219 222 225 
5400 178 144 
5400 179 159 169 180 183 189 
5400 180 13 151 154 162 167 170 179 184 189 225 
5400 181 144 177 183 185 
5400 182 152 153 162 163 175 
5400 183 29 155 160 163 179 181 186 
5400 184 163 169 180 
5400 185 14 32 40 54 149 154 165 167 172 181 187 
5400 186 4 15 150 162 167 183 189 
5400 187 15 155 156 164 185 225 
5400 188 13 159 171 
5400 189 144 152 153 175 179 180 186 
5400 190 16 203 223 224 236 239 
5400 191 5 174 208 232 
5400 192 5 210 211 215 219 224 227 
5400 193 148 158 170 211 212 218 222 227 229 
5400 194 161 219 228 
5400 195 5 196 197 198 210 213 220 221 227 230 232 237 
5400 196 195 199 204 206 208 211 218 232 
5400 197 195 216 
5400 198 195 202 204 
5400 199 16 174 196 
5400 200 201 203 
5400 201 200 210 230 235 238 239 
5400 202 158 175 198 205 232 
5400 203 190 200 206 
5400 204 196 198 212 225 
5400 205 5 202 210 237 
5400 206 5 196 203 215 221 234 
5400 207 218 226 228 238 
5400 208 5 191 196 218 226 
5400 209 16 211 
5400 210 192 195 201 205 215 219 230 236 
5400 211 150 192 193 196 209 214 224 
5400 212 5 193 204 215 220 230 239 
5400 213 195 220 232 
5400 214 211 215 218 221 228 236 
5400 215 192 206 210 212 214 237 239 
5400 216 147 197 220 223 236 239 
5400 217 219 
5400 218 193 196 207 208 214 223 226 235 
5400 219 177 192 194 210 217 231 236 238 
5400 220 195 212 213 216 221 229 238 
5400 221 195 206 214 220 229 
5400 222 5 177 193 
5400 223 190 216 218 
5400 224 190 192 211 225 229 
5400 225 143 154 158 159 162 177 180 187 204 224 
5400 226 207 208 218 
5400 227 192 193 195 
5400 228 194 207 214 230 
5400 229 193 220 221 224 233 
5400 230 5 195 201 210 212 228 237 
5400 231 158 160 219 236 
5400 232 191 195 196 202 213 233 237 
5400 233 229 232 
5400 234 206 238 
5400 235 201 218 
5400 236 16 147 160 170 190 210 214 216 219 231 238 
5400 237 195 205 215 230 232 239 
5400 238 5 153 201 207 219 220 234 236 
5400 239 16 158 190 201 212 215 216 237 
5400 240 0 5 
5400 241 0 
5400 242 0 
5400 243 0 
5400 244 0 5 
5400 245 0 5 
5400 246 0 
5400 247 0 5 
5400 248 0 
5400 249 0 
5400 250 0 
5400 251 0 5 
5400 252 0 
5400 253 0 
5400 254 0 
5400 255 0 5 
5400 256 0 5 
5400 257 0 
5400 258 0 
5400 259 0 
5400 260 0 5 
5400 261 0 
5400 262 0 5 
5400 263 0 5 
5400 264 0 
5400 265 0 
5400 266 0 5 
5400 267 0 5 
5400 268 0 
5400 269 0 
7200 0 
7200 1 21 27 30 35 44 
7200 2 70 80 
7200 3 5 12 102 104 113 114 120 241 242 244 248 249 253 258 259 261 264 265 266 
7200 4 146 151 152 158 185 
7200 5 3 190 191 195 196 210 212 227 235 240 244 245 247 251 255 256 260 262 263 266 267 
7200 6 33 53 
7200 7 48 51 
7200 8 28 30 
7200 9 60 71 85 95 
7200 10 64 72 89 96 
7200 11 58 60 72 80 
7200 12 3 130 134 
7200 13 33 184 
7200 14 149 152 153 157 161 163 165 176 178 179 
7200 15 143 152 160 167 
7200 16 197 208 
7200 17 31 40 
7200 18 28 47 
7200 19 25 34 
7200 20 28 
7200 21 1 34 51 
7200 22 48 
7200 23 31 
7200 24 42 
7200 25 19 
7200 26 
7200 27 1 54 
7200 28 8 18 20 33 53 54 
7200 29 32 54 157 172 225 
7200 30 1 8 
7200 31 17 23 50 53 
7200 32 29 37 145 157 163 
7200 33 6 13 28 48 51 184 
7200 34 19 21 
7200 35 1 38 
7200 36 
7200 37 32 39 
7200 38 35 
7200 39 37 
7200 40 17 44 
7200 41 47 
7200 42 24 52 55 
7200 43 
7200 44 1 40 48 53 
7200 45 46 47 
7200 46 45 
7200 47 18 41 45 
7200 48 7 22 33 44 
7200 49 
7200 50 31 
7200 51 7 21 33 
7200 52 42 
7200 53 6 28 31 44 
7200 54 27 28 29 
7200 55 42 
7200 56 95 
7200 57 67 95 
7200 58 11 61 87 
7200 59 80 89 93 
7200 60 9 11 64 70 81 89 
7200 61 58 81 93 
7200 62 
7200 63 72 83 
7200 64 10 60 80 
7200 65 91 
7200 66 
7200 67 57 74 
7200 68 93 
7200 69 71 73 83 
7200 70 2 60 85 
7200 71 9 69 76 93 96 
7200 72 10 11 63 93 
7200 73 69 83 
7200 74 67 
7200 75 
7200 76 71 90 93 
7200 77 
7200 78 86 
7200 79 87 
7200 80 2 11 59 64 
7200 81 60 61 
7200 82 93 
7200 83 63 69 73 89 
7200 84 85 91 
7200 85 9 70 84 92 95 
7200 86 78 
7200 87 58 79 89 
7200 88 90 92 96 
7200 89 10 59 60 83 87 
7200 90 76 88 96 
7200 91 65 84 
7200 92 85 88 
7200 93 59 61 68 71 72 76 82 
7200 94 
7200 95 9 56 57 85 
7200 96 10 71 88 90 
7200 97 115 140 
7200 98 126 131 138 
7200 99 108 
7200 100 104 116 126 130 134 135 
7200 101 102 104 106 127 130 
7200 102 3 101 105 110 111 115 117 132 139 140 
7200 103 106 139 
7200 104 3 100 101 108 119 
7200 105 102 108 114 116 120 121 122 127 
7200 106 101 103 112 114 116 138 142 
7200 107 121 129 
7200 108 99 104 105 
7200 109 110 117 129 137 
7200 110 102 109 114 121 132 141 142 
7200 111 102 118 125 135 141 
7200 112 106 129 
7200 113 3 127 132 
7200 114 3 105 106 110 
7200 115 97 102 122 131 
7200 116 100 105 106 135 141 
7200 117 102 109 139 140 
7200 118 111 126 137 141 
7200 119 104 130 
7200 120 3 105 139 
7200 121 105 107 110 122 130 
7200 122 105 115 121 131 132 
7200 123 125 137 138 139 
7200 124 142 
7200 125 111 123 
7200 126 98 100 118 132 
7200 127 101 105 113 128 
7200 128 127 136 139 
7200 129 107 109 112 130 131 134 135 
7200 130 12 100 101 119 121 129 135 142 
7200 131 98 115 122 129 
7200 132 102 110 113 122 126 
7200 133 
7200 134 12 100 129 
7200 135 100 111 116 129 130 
7200 136 128 140 
7200 137 109 118 123 141 
7200 138 98 106 123 
7200 139 102 103 117 120 123 128 
7200 140 97 102 117 136 
7200 141 110 111 116 118 137 
7200 142 106 110 124 130 
7200 143 15 144 151 167 171 184 186 188 
7200 144 143 150 157 175 177 182 
7200 145 32 163 
7200 146 4 151 155 160 162 167 173 178 185 
7200 147 162 164 167 173 185 196 211 215 
7200 148 164 173 187 194 231 236 
7200 149 14 151 152 167 171 179 182 
7200 150 144 152 157 168 171 175 176 180 
7200 151 4 143 146 149 162 176 179 183 189 
7200 152 4 14 15 149 150 165 178 188 
7200 153 14 167 178 186 187 
7200 154 159 167 168 186 
7200 155 146 165 181 182 
7200 156 169 181 189 225 
7200 157 14 29 32 144 150 168 180 189 
7200 158 4 160 162 171 187 194 231 
7200 159 154 161 171 182 
7200 160 15 146 158 174 175 177 211 231 
7200 161 14 159 169 172 181 188 
7200 162 146 147 151 158 163 177 179 
7200 163 14 32 145 162 168 
7200 164 147 148 179 186 187 189 
7200 165 14 152 155 173 185 188 
7200 166 187 
7200 167 15 143 146 147 149 153 154 177 182 183 185 
7200 168 150 154 157 163 231 
7200 169 156 161 183 189 
7200 170 181 186 234 
7200 171 143 149 150 158 159 179 187 194 215 233 
7200 172 29 161 189 
7200 173 146 147 148 165 177 180 183 
7200 174 160 190 191 195 211 215 231 233 
7200 175 144 150 160 
7200 176 14 150 151 180 187 
7200 177 144 160 162 167 173 181 194 
7200 178 14 146 152 153 
7200 179 14 149 151 162 164 171 
7200 180 150 157 173 176 181 182 185 
7200 181 155 156 161 170 177 180 231 
7200 182 144 149 155 159 167 180 
7200 183 151 167 169 173 189 
7200 184 13 33 143 
7200 185 4 146 147 165 167 180 
7200 186 143 153 154 164 170 
7200 187 148 153 158 164 166 171 176 
7200 188 143 152 161 165 
7200 189 151 156 157 164 169 172 183 
7200 190 5 174 210 223 229 
7200 191 5 174 197 208 209 210 213 216 
7200 192 220 224 228 238 
7200 193 197 202 203 209 217 231 
7200 194 148 158 171 177 219 228 234 235 238 
7200 195 5 174 
7200 196 5 147 198 201 202 203 210 213 218 230 
7200 197 16 191 193 205 227 228 230 
7200 198 196 209 229 
7200 199 214 
7200 200 225 232 
7200 201 196 217 222 223 229 234 
7200 202 193 196 212 232 
7200 203 193 196 228 238 
7200 204 209 216 217 223 229 
7200 205 197 
7200 206 216 217 226 238 
7200 207 
7200 208 16 191 209 217 218 219 222 226 
7200 209 191 193 198 204 208 210 211 220 
7200 210 5 190 191 196 209 218 221 223 
7200 211 147 160 174 209 221 225 
7200 212 5 202 227 229 237 239 
7200 213 191 196 229 
7200 214 199 223 234 
7200 215 147 171 174 235 
7200 216 191 204 206 230 237 239 
7200 217 193 201 204 206 208 229 
7200 218 196 208 210 234 
7200 219 194 208 
7200 220 192 209 
7200 221 210 211 234 
7200 222 201 208 
7200 223 190 201 204 210 214 
7200 224 192 232 235 
7200 225 29 156 200 211 233 238 
7200 226 206 208 
7200 227 5 197 212 229 
7200 228 192 194 197 203 236 
7200 229 190 198 201 204 212 213 217 227 237 
7200 230 196 197 216 234 
7200 231 148 158 160 168 174 181 193 234 
7200 232 200 202 224 
7200 233 171 174 225 
7200 234 170 194 201 214 218 221 230 231 235 236 238 
7200 235 5 194 215 224 234 
7200 236 148 228 234 
7200 237 212 216 229 238 
7200 238 192 194 203 206 225 234 237 
7200 239 212 216 
7200 240 5 
7200 241 3 
7200 242 3 
7200 244 3 5 
7200 245 5 
7200 247 5 
7200 248 3 
7200 249 3 
7200 251 5 
7200 253 3 
7200 255 5 
7200 256 5 
7200 258 3 
7200 259 3 
7200 260 5 
7200 261 3 
7200 262 5 
7200 263 5 
7200 264 3 
7200 265 3 
7200 266 3 5 
7200 267 5 
9000 0 
9000 1 6 21 
9000 2 57 58 69 76 81 
9000 3 107 109 117 127 134 
9000 4 15 147 153 154 161 162 163 181 185 188 
9000 5 192 198 229 230 
9000 6 1 18 30 48 
9000 7 21 37 42 50 
9000 8 20 27 33 
9000 9 68 69 74 80 85 90 
9000 10 59 64 69 80 95 
9000 11 56 57 67 74 
9000 12 109 
9000 13 55 152 161 184 
9000 14 144 155 156 168 175 
9000 15 4 144 146 172 177 186 
9000 16 196 203 208 213 216 
9000 17 37 54 
9000 18 6 25 48 
9000 19 53 
9000 20 8 25 38 40 
9000 21 1 7 38 41 
9000 22 34 46 
9000 23 40 43 50 
9000 24 44 
9000 25 18 20 43 53 
9000 26 48 
9000 27 8 37 
9000 28 44 
9000 29 
9000 30 6 53 55 
9000 31 50 
9000 32 145 
9000 33 8 42 54 
9000 34 22 
9000 35 
9000 36 
9000 37 7 17 27 
9000 38 20 21 41 
9000 39 55 
9000 40 20 23 
9000 41 21 38 42 50 
9000 42 7 33 41 
9000 43 23 25 
9000 44 24 28 
9000 45 
9000 46 22 
9000 47 
9000 48 6 18 26 51 
9000 49 
9000 50 7 23 31 41 
9000 51 48 
9000 52 
9000 53 19 25 30 
9000 54 17 33 
9000 55 13 30 39 
9000 56 11 69 70 88 
9000 57 2 11 73 76 93 
9000 58 2 59 
9000 59 10 58 72 88 94 
9000 60 61 74 84 88 
9000 61 60 85 90 
9000 62 90 94 
9000 63 73 77 
9000 64 10 
9000 65 78 
9000 66 
9000 67 11 95 
9000 68 9 92 
9000 69 2 9 10 56 73 74 83 
9000 70 56 76 84 
9000 71 82 
9000 72 59 
9000 73 57 63 69 
9000 74 9 11 60 69 89 
9000 75 
9000 76 2 57 70 
9000 77 63 
9000 78 65 86 91 
9000 79 
9000 80 9 10 
9000 81 2 84 92 
9000 82 71 84 95 
9000 83 69 
9000 84 60 70 81 82 91 93 95 
9000 85 9 61 
9000 86 78 
9000 87 89 
9000 88 56 59 60 96 
9000 89 74 87 
9000 90 9 61 62 91 96 
9000 91 78 84 90 
9000 92 68 81 96 
9000 93 57 84 
9000 94 59 62 
9000 95 10 67 82 84 
9000 96 88 90 92 
9000 97 115 119 121 132 134 135 137 139 
9000 98 104 
9000 99 113 132 
9000 100 113 120 134 
9000 101 119 
9000 102 103 104 124 128 133 142 
9000 103 102 104 118 
9000 104 98 102 103 126 132 137 142 
9000 105 106 115 123 126 132 136 139 
9000 106 105 107 109 118 130 
9000 107 3 106 110 112 114 128 139 
9000 108 120 121 123 
9000 109 3 12 106 112 
9000 110 107 118 120 127 133 
9000 111 136 
9000 112 107 109 116 121 123 127 134 142 
9000 113 99 100 130 132 
9000 114 107 126 130 134 139 
9000 115 97 105 116 122 
9000 116 112 115 120 124 129 132 142 
9000 117 3 127 
9000 118 103 106 110 129 
9000 119 97 101 125 128 137 138 139 
9000 120 100 108 110 116 126 127 132 
9000 121 97 108 112 128 141 
9000 122 115 141 
9000 123 105 108 112 127 132 139 142 
9000 124 102 116 
9000 125 119 126 132 137 
9000 126 104 105 114 120 125 127 134 142 
9000 127 3 110 112 117 120 123 126 134 
9000 128 102 107 119 121 133 138 
9000 129 116 118 139 141 
9000 130 106 113 114 135 
9000 131 
9000 132 97 99 104 105 113 116 120 123 125 136 
9000 133 102 110 128 
9000 134 3 97 100 112 114 126 127 142 
9000 135 97 130 
9000 136 105 111 132 
9000 137 97 104 119 125 
9000 138 119 128 140 
9000 139 97 105 107 114 119 123 129 
9000 140 138 
9000 141 121 122 129 
9000 142 102 104 112 116 123 126 134 
9000 143 144 148 155 160 171 173 181 
9000 144 14 15 143 155 188 
9000 145 32 152 
9000 146 15 149 158 177 181 184 189 
9000 147 4 164 170 185 199 207 236 238 
9000 148 143 155 160 162 169 181 187 193 205 215 217 227 230 
9000 149 146 157 176 
9000 150 159 162 171 184 185 211 
9000 151 161 163 183 185 
9000 152 13 145 162 163 165 170 
9000 153 4 168 169 179 
9000 154 4 155 223 
9000 155 14 143 144 148 154 164 186 
9000 156 14 167 179 211 
9000 157 149 181 182 
9000 158 146 211 
9000 159 150 161 164 181 236 
9000 160 143 148 162 
9000 161 4 13 151 159 163 
9000 162 4 148 150 152 160 163 172 186 189 
9000 163 4 151 152 161 162 164 165 170 187 
9000 164 147 155 159 163 178 188 231 
9000 165 152 163 173 175 181 225 239 
9000 166 
9000 167 156 169 176 187 
9000 168 14 153 179 188 
9000 169 148 153 167 170 173 
9000 170 147 152 163 169 171 182 
9000 171 143 150 170 174 177 
9000 172 15 162 185 
9000 173 143 165 169 183 189 236 239 
9000 174 171 178 193 202 210 228 239 
9000 175 14 165 187 189 
9000 176 149 167 180 225 
9000 177 15 146 171 182 187 234 
9000 178 164 174 187 236 
9000 179 153 156 168 187 
9000 180 176 184 186 225 
9000 181 4 143 146 148 157 159 165 189 211 
9000 182 157 170 177 
9000 183 151 173 188 225 239 
9000 184 13 146 150 180 
9000 185 4 147 150 151 172 
9000 186 15 155 162 180 
9000 187 148 163 167 175 177 178 179 
9000 188 4 144 164 168 183 
9000 189 146 162 173 175 181 
9000 190 198 204 205 217 221 
9000 191 193 216 220 227 
9000 192 5 193 199 205 209 221 222 
9000 193 148 174 191 192 201 210 222 226 238 
9000 194 195 210 218 230 234 236 
9000 195 194 220 224 228 233 
9000 196 16 201 206 
9000 197 206 234 
9000 198 5 190 204 214 233 
9000 199 147 192 200 208 229 
9000 200 199 
9000 201 193 196 205 209 216 219 221 233 
9000 202 174 203 204 219 236 
9000 203 16 202 210 218 
9000 204 190 198 202 219 220 224 225 234 
9000 205 148 190 192 201 209 216 227 
9000 206 196 197 214 218 219 
9000 207 147 215 223 230 236 
9000 208 16 199 210 228 
9000 209 192 201 205 213 
9000 210 174 193 194 203 208 211 226 227 232 235 
9000 211 150 156 158 181 210 212 216 219 236 
9000 212 211 215 229 230 
9000 213 16 209 
9000 214 198 206 218 230 
9000 215 148 207 212 222 
9000 216 16 191 201 205 211 226 227 233 236 
9000 217 148 190 
9000 218 194 203 206 214 221 235 
9000 219 201 202 204 206 211 231 232 
9000 220 191 195 204 223 225 
9000 221 190 192 201 218 
9000 222 192 193 215 224 
9000 223 154 207 220 
9000 224 195 204 222 
9000 225 165 176 180 183 204 220 233 236 237 
9000 226 193 210 216 234 
9000 227 148 191 205 210 216 228 237 
9000 228 174 195 208 227 234 235 
9000 229 5 199 212 233 
9000 230 5 148 194 207 212 214 
9000 231 164 219 234 236 
9000 232 210 219 233 
9000 233 195 198 201 216 225 229 232 235 
9000 234 177 194 197 204 226 228 231 
9000 235 210 218 228 233 
9000 236 147 159 173 178 194 202 207 211 216 225 231 
9000 237 225 227 238 
9000 238 147 193 237 
9000 239 165 173 174 183 
10800 0 
10800 1 21 37 41 53 
10800 2 70 
10800 3 115 123 126 
10800 4 5 151 157 162 163 183 241 243 246 250 252 257 259 261 262 266 268 269 
10800 5 4 196 211 212 215 224 227 229 240 244 245 247 251 255 256 260 262 263 266 267 
10800 6 
10800 7 24 37 54 
10800 8 39 
10800 9 58 76 87 95 
10800 10 71 75 
10800 11 71 84 85 
10800 12 117 124 137 139 
10800 13 36 39 145 189 
10800 14 150 160 176 184 
10800 15 144 145 157 158 160 176 
10800 16 201 206 227 232 239 
10800 17 28 
10800 18 25 27 35 37 44 
10800 19 35 54 
10800 20 52 
10800 21 1 27 
10800 22 34 
10800 23 
10800 24 7 
10800 25 18 27 51 52 
10800 26 
10800 27 18 21 25 34 40 47 
10800 28 17 
10800 29 39 172 
10800 30 
10800 31 40 53 
10800 32 165 
10800 33 51 53 
10800 34 22 27 51 55 
10800 35 18 19 41 42 52 
10800 36 13 37 
10800 37 1 7 18 36 
10800 38 
10800 39 8 13 29 46 47 172 
10800 40 27 31 
10800 41 1 35 46 53 
10800 42 35 
10800 43 
10800 44 18 
10800 45 
10800 46 39 41 51 
10800 47 27 39 51 
10800 48 51 
10800 49 
10800 50 
10800 51 25 33 34 46 47 48 52 
10800 52 20 25 35 51 
10800 53 1 31 33 41 
10800 54 7 19 
10800 55 34 
10800 56 60 69 73 74 
10800 57 
10800 58 9 65 73 74 78 80 81 
10800 59 74 84 
10800 60 56 70 
10800 61 92 96 
10800 62 71 82 93 96 
10800 63 
10800 64 
10800 65 58 93 
10800 66 
10800 67 
10800 68 88 92 
10800 69 56 70 73 80 
10800 70 2 60 69 75 96 
10800 71 10 11 62 
10800 72 87 89 92 
10800 73 56 58 69 87 89 
10800 74 56 58 59 88 95 
10800 75 10 70 
10800 76 9 93 95 
10800 77 
10800 78 58 87 
10800 79 
10800 80 58 69 
10800 81 58 87 
10800 82 62 90 
10800 83 
10800 84 11 59 
10800 85 11 
10800 86 
10800 87 9 72 73 78 81 
10800 88 68 74 90 
10800 89 72 73 
10800 90 82 88 96 
10800 91 92 
10800 92 61 68 72 91 95 
10800 93 62 65 76 
10800 94 
10800 95 9 74 76 92 
10800 96 61 62 70 90 
10800 97 100 108 110 125 137 141 
10800 98 107 113 118 
10800 99 100 132 
10800 100 97 99 117 129 138 
10800 101 116 131 
10800 102 118 
10800 103 109 132 137 142 
10800 104 111 121 126 141 
10800 105 109 116 124 140 
10800 106 108 120 126 127 137 
10800 107 98 109 115 119 129 138 142 
10800 108 97 106 119 138 
10800 109 103 105 107 123 127 
10800 110 97 115 117 120 121 135 140 
10800 111 104 120 133 141 
10800 112 113 117 127 130 
10800 113 98 112 132 136 139 
10800 114 115 120 125 142 
10800 115 3 107 110 114 118 119 122 136 137 141 
10800 116 101 105 117 119 129 
10800 117 12 100 110 112 116 118 120 124 134 141 
10800 118 98 102 115 117 128 
10800 119 107 108 115 116 126 
10800 120 106 110 111 114 117 127 136 
10800 121 104 110 132 141 
10800 122 115 128 
10800 123 3 109 129 138 142 
10800 124 12 105 117 
10800 125 97 114 130 135 139 
10800 126 3 104 106 119 130 134 142 
10800 127 106 109 112 120 134 
10800 128 118 122 139 
10800 129 100 107 116 123 133 141 
10800 130 112 125 126 132 136 
10800 131 101 132 136 140 
10800 132 99 103 113 121 130 131 
10800 133 111 129 
10800 134 117 126 127 136 142 
10800 135 110 125 138 139 141 
10800 136 113 115 120 130 131 134 140 
10800 137 12 97 103 106 115 
10800 138 100 107 108 123 135 
10800 139 12 113 125 128 135 142 
10800 140 105 110 131 136 
10800 141 97 104 111 115 117 121 129 135 
10800 142 103 107 114 123 126 134 139 
10800 143 153 155 156 
10800 144 15 147 149 150 164 167 175 187 188 
10800 145 13 15 165 
10800 146 147 160 167 173 180 182 184 188 
10800 147 144 146 154 173 192 211 216 
10800 148 161 169 225 
10800 149 144 152 154 155 162 176 
10800 150 14 144 155 165 168 170 174 180 192 214 233 236 239 
10800 151 4 156 157 171 180 188 
10800 152 149 155 169 
10800 153 143 160 166 169 178 180 188 
10800 154 147 149 215 239 
10800 155 143 149 150 152 182 187 
10800 156 143 151 164 171 225 
10800 157 4 15 151 176 181 
10800 158 15 165 166 167 182 
10800 159 175 179 
10800 160 14 15 146 153 170 
10800 161 148 179 186 
10800 162 4 149 163 164 165 179 182 
10800 163 4 162 170 173 176 183 
10800 164 144 156 162 183 189 193 
10800 165 32 145 150 158 162 177 179 
10800 166 153 158 
10800 167 144 146 158 168 169 170 173 
10800 168 150 167 169 181 
10800 169 148 152 153 167 168 185 186 
10800 170 150 160 163 167 173 179 183 211 231 
10800 171 151 156 178 180 183 
10800 172 29 39 179 
10800 173 146 147 163 167 170 175 193 239 
10800 174 150 191 219 224 230 239 
10800 175 144 159 173 179 189 
10800 176 14 15 149 157 163 179 184 189 
10800 177 165 207 
10800 178 153 171 179 182 185 
10800 179 159 161 162 165 170 172 175 176 178 
10800 180 146 150 151 153 171 186 
10800 181 157 168 
10800 182 146 155 158 162 178 231 
10800 183 4 163 164 170 171 187 188 
10800 184 14 146 176 
10800 185 169 178 186 
10800 186 161 169 180 185 
10800 187 144 155 183 188 189 225 
10800 188 144 146 151 153 183 187 225 
10800 189 13 164 175 176 187 
10800 190 198 211 216 224 227 229 230 
10800 191 174 205 212 217 
10800 192 147 150 193 194 201 210 220 222 229 
10800 193 164 173 192 218 
10800 194 192 208 216 225 233 
10800 195 202 203 238 
10800 196 5 203 206 209 214 215 219 225 235 
10800 197 201 
10800 198 190 208 214 222 223 
10800 199 213 228 239 
10800 200 
10800 201 16 192 197 232 238 
10800 202 195 208 211 219 221 230 
10800 203 195 196 208 211 233 238 
10800 204 212 222 224 227 228 229 
10800 205 191 214 220 230 233 235 
10800 206 16 196 212 229 
10800 207 177 216 221 
10800 208 194 198 202 203 224 
10800 209 196 232 
10800 210 192 
10800 211 5 147 170 190 202 203 229 231 
10800 212 5 191 204 206 213 236 238 
10800 213 199 212 220 222 
10800 214 150 196 198 205 219 234 
10800 215 5 154 196 
10800 216 147 190 194 207 235 236 
10800 217 191 218 
10800 218 193 217 223 238 
10800 219 174 196 202 214 220 221 224 227 228 231 234 
10800 220 192 205 213 219 227 229 236 237 238 
10800 221 202 207 219 228 238 
10800 222 192 198 204 213 223 227 
10800 223 198 218 222 231 233 
10800 224 5 174 190 204 208 219 
10800 225 148 156 187 188 194 196 
10800 226 
10800 227 5 16 190 204 219 220 222 
10800 228 199 204 219 221 230 237 
10800 229 5 190 192 204 206 211 220 
10800 230 174 190 202 205 228 238 
10800 231 170 182 211 219 223 238 
10800 232 16 201 209 
10800 233 150 194 203 205 223 
10800 234 214 219 
10800 235 196 205 216 
10800 236 150 212 216 220 
10800 237 220 228 
10800 238 195 201 203 212 218 220 221 230 231 
10800 239 16 150 154 173 174 199 
10800 240 5 
10800 241 4 
10800 243 4 
10800 244 5 
10800 245 5 
10800 246 4 
10800 247 5 
10800 250 4 
10800 251 5 
10800 252 4 
10800 255 5 
10800 256 5 
10800 257 4 
10800 259 4 
10800 260 5 
10800 261 4 
10800 262 4 5 
10800 263 5 
10800 266 4 5 
10800 267 5 
10800 268 4 
10800 269 4 
12600 0 3 240 241 242 243 244 245 246 247 248 249 250 251 252 253 254 255 256 257 258 259 260 261 262 263 264 265 266 267 268 269 
12600 1 4 8 24 35 242 243 245 247 250 254 257 259 261 263 265 267 269 
12600 2 64 70 90 
12600 3 0 108 115 116 118 141 241 242 244 248 249 253 258 259 261 264 265 266 
12600 4 1 152 155 167 179 189 200 234 241 243 246 250 252 257 259 261 262 266 268 269 
12600 5 199 202 215 
12600 6 8 20 39 
12600 7 19 41 
12600 8 1 6 42 
12600 9 58 74 
12600 10 59 65 74 90 96 
12600 11 59 68 69 72 81 84 88 
12600 12 110 118 135 138 
12600 13 
12600 14 163 178 184 185 
12600 15 149 176 183 188 200 
12600 16 202 203 214 219 224 230 
12600 17 18 
12600 18 17 19 30 41 
12600 19 7 18 50 
12600 20 6 
12600 21 37 38 39 51 
12600 22 
12600 23 43 175 
12600 24 1 25 37 
12600 25 24 41 
12600 26 27 
12600 27 26 30 
12600 28 
12600 29 30 32 
12600 30 18 27 29 37 53 
12600 31 
12600 32 29 157 169 
12600 33 53 
12600 34 42 
12600 35 1 44 
12600 36 37 55 
12600 37 21 24 30 36 42 44 51 
12600 38 21 
12600 39 6 21 
12600 40 
12600 41 7 18 25 50 51 54 
12600 42 8 34 37 48 52 
12600 43 23 50 54 
12600 44 35 37 
12600 45 
12600 46 
12600 47 48 
12600 48 42 47 
12600 49 145 
12600 50 19 41 43 54 
12600 51 21 37 41 
12600 52 42 
12600 53 30 33 
12600 54 41 43 50 
12600 55 36 
12600 56 57 82 95 
12600 57 56 65 71 76 89 
12600 58 9 
12600 59 10 11 60 69 72 81 84 85 93 
12600 60 59 61 67 88 
12600 61 60 85 
12600 62 
12600 63 
12600 64 2 73 87 89 96 
12600 65 10 57 84 91 
12600 66 75 90 
12600 67 60 79 
12600 68 11 77 84 90 92 
12600 69 11 59 83 
12600 70 2 76 85 
12600 71 57 74 80 95 
12600 72 11 59 95 
12600 73 64 
12600 74 9 10 71 76 84 
12600 75 66 77 
12600 76 57 70 74 92 
12600 77 68 75 86 89 
12600 78 94 
12600 79 67 
12600 80 71 
12600 81 11 59 92 94 
12600 82 56 93 
12600 83 69 
12600 84 11 59 65 68 74 92 93 
12600 85 59 61 70 89 
12600 86 77 
12600 87 64 
12600 88 11 60 
12600 89 57 64 77 85 
12600 90 2 10 66 68 
12600 91 65 
12600 92 68 76 81 84 
12600 93 59 82 84 
12600 94 78 81 
12600 95 56 71 72 96 
12600 96 10 64 95 
12600 97 102 109 110 118 131 132 138 142 
12600 98 99 100 107 124 136 
12600 99 98 103 113 127 
12600 100 98 109 111 121 141 
12600 101 102 134 140 
12600 102 97 101 117 121 129 131 139 141 
12600 103 99 108 112 123 129 140 141 
12600 104 110 123 
12600 105 110 124 138 141 
12600 106 110 138 139 
12600 107 98 110 120 121 
12600 108 3 103 138 
12600 109 97 100 127 
12600 110 12 97 104 105 106 107 132 
12600 111 100 118 119 121 137 
12600 112 103 138 139 142 
12600 113 99 116 126 135 
12600 114 
12600 115 3 120 124 137 
12600 116 3 113 132 142 
12600 117 102 126 136 140 
12600 118 3 12 97 111 122 123 124 129 
12600 119 111 126 130 140 142 
12600 120 107 115 128 130 132 135 
12600 121 100 102 107 111 
12600 122 118 125 128 140 
12600 123 103 104 118 125 132 
12600 124 98 105 115 118 125 130 131 132 135 
12600 125 122 123 124 126 140 141 
12600 126 113 117 119 125 128 129 133 140 
12600 127 99 109 128 138 
12600 128 120 122 126 127 142 
12600 129 102 103 118 126 136 
12600 130 119 120 124 132 135 
12600 131 97 102 124 138 
12600 132 97 110 116 120 123 124 130 141 
12600 133 126 
12600 134 101 
12600 135 12 113 120 124 130 139 
12600 136 98 117 129 
12600 137 111 115 
12600 138 12 97 105 106 108 112 127 131 
12600 139 102 106 112 135 
12600 140 101 103 117 119 122 125 126 
12600 141 3 100 102 103 105 125 132 
12600 142 97 112 116 119 128 
12600 143 156 164 165 168 171 173 176 184 234 
12600 144 153 158 159 188 225 
12600 145 49 151 153 161 
12600 146 165 172 175 185 189 
12600 147 161 225 238 
12600 148 162 183 200 209 236 
12600 149 15 156 161 176 181 188 189 
12600 150 152 154 156 163 165 169 176 184 188 
12600 151 145 169 179 186 
12600 152 4 150 155 156 169 170 178 183 
12600 153 144 145 155 158 159 161 
12600 154 150 155 173 180 
12600 155 4 152 153 154 160 162 165 182 186 
12600 156 143 149 150 152 160 187 188 
12600 157 32 173 186 
12600 158 144 153 166 181 186 
12600 159 144 153 160 173 
12600 160 155 156 159 176 177 188 208 
12600 161 145 147 149 153 168 170 172 178 
12600 162 148 155 163 177 204 211 223 237 
12600 163 14 150 162 164 176 185 188 189 
12600 164 143 163 167 172 188 225 
12600 165 143 146 150 155 183 200 
12600 166 158 
12600 167 4 164 168 173 182 
12600 168 143 161 167 171 
12600 169 32 150 151 152 171 176 179 
12600 170 152 161 181 188 211 
12600 171 143 168 169 172 177 186 236 
12600 172 146 161 164 171 175 185 
12600 173 143 154 157 159 167 181 236 
12600 174 204 209 237 
12600 175 23 146 172 183 184 234 
12600 176 15 143 149 150 160 163 169 
12600 177 160 162 171 181 211 
12600 178 14 152 161 182 183 
12600 179 4 151 169 181 186 
12600 180 154 234 
12600 181 149 158 170 173 177 179 182 189 
12600 182 155 167 178 181 
12600 183 15 148 152 165 175 178 
12600 184 14 143 150 175 
12600 185 14 146 163 172 
12600 186 151 155 157 158 171 179 
12600 187 156 
12600 188 15 144 149 150 156 160 163 164 170 234 
12600 189 4 146 149 163 181 
12600 190 192 195 202 216 230 
12600 191 198 201 215 229 236 237 
12600 192 190 193 204 209 227 
12600 193 192 201 205 208 212 213 215 
12600 194 231 236 
12600 195 190 219 220 223 228 
12600 196 198 230 
12600 197 206 228 
12600 198 191 196 211 215 
12600 199 5 209 211 233 235 
12600 200 4 15 148 165 
12600 201 191 193 205 223 234 
12600 202 5 16 190 
12600 203 16 236 239 
12600 204 162 174 192 213 215 230 236 
12600 205 193 201 224 
12600 206 197 207 214 217 
12600 207 206 
12600 208 160 193 215 
12600 209 148 174 192 199 212 223 229 
12600 210 225 228 236 
12600 211 162 170 177 198 199 228 234 235 
12600 212 193 209 221 224 225 
12600 213 193 204 
12600 214 16 206 215 217 220 
12600 215 5 191 193 198 204 208 214 216 221 235 
12600 216 190 215 235 
12600 217 206 214 227 238 
12600 218 229 
12600 219 16 195 231 
12600 220 195 214 229 230 235 
12600 221 212 215 235 236 
12600 222 
12600 223 162 195 201 209 225 234 
12600 224 16 205 212 230 235 
12600 225 144 147 164 210 212 223 233 236 
12600 226 
12600 227 192 217 229 
12600 228 195 197 210 211 230 238 
12600 229 191 209 218 220 227 235 236 
12600 230 16 190 196 204 220 224 228 
12600 231 194 219 
12600 232 
12600 233 199 225 237 239 
12600 234 4 143 175 180 188 201 211 223 
12600 235 199 211 215 216 220 221 224 229 
12600 236 148 171 173 191 194 203 204 210 221 225 229 
12600 237 162 174 191 233 
12600 238 147 217 228 
12600 239 203 233 
12600 240 0 
12600 241 0 3 4 
12600 242 0 1 3 
12600 243 0 1 4 
12600 244 0 3 
12600 245 0 1 
12600 246 0 4 
12600 247 0 1 
12600 248 0 3 
12600 249 0 3 
12600 250 0 1 4 
12600 251 0 
12600 252 0 4 
12600 253 0 3 
12600 254 0 1 
12600 255 0 
12600 256 0 
12600 257 0 1 4 
12600 258 0 3 
12600 259 0 1 3 4 
12600 260 0 
12600 261 0 1 3 4 
12600 262 0 4 
12600 263 0 1 
12600 264 0 3 
12600 265 0 1 3 
12600 266 0 3 4 
12600 267 0 1 
12600 268 0 4 
12600 269 0 1 4 
14400 0 1 240 241 242 243 244 245 246 247 248 249 250 251 252 253 254 255 256 257 258 259 260 261 262 263 264 265 266 267 268 269 
14400 1 0 21 27 242 243 245 247 250 254 257 259 261 263 265 267 269 
14400 2 56 57 96 
14400 3 101 115 129 135 
14400 4 146 156 158 167 182 236 
14400 5 162 191 194 204 210 215 217 228 
14400 6 54 
14400 7 19 24 37 41 42 
14400 8 21 35 40 46 52 
14400 9 60 89 
14400 10 57 65 76 87 
14400 11 74 84 
14400 12 125 126 135 
14400 13 152 153 
14400 14 152 154 158 167 176 182 183 
14400 15 145 158 163 167 175 184 188 
14400 16 190 209 212 221 235 
14400 17 31 32 39 168 
14400 18 37 39 50 
14400 19 7 28 39 43 184 
14400 20 27 44 54 
14400 21 1 8 22 25 34 46 54 
14400 22 21 39 
14400 23 
14400 24 7 27 33 36 
14400 25 21 
14400 26 45 
14400 27 1 20 24 37 46 
14400 28 19 51 
14400 29 30 49 
14400 30 29 37 
14400 31 17 
14400 32 17 
14400 33 24 41 46 51 52 
14400 34 21 
14400 35 8 38 46 
14400 36 24 
14400 37 7 18 27 30 39 54 
14400 38 35 47 
14400 39 17 18 19 22 37 
14400 40 8 53 
14400 41 7 33 
14400 42 7 44 51 55 
14400 43 19 54 
14400 44 20 42 46 52 
14400 45 26 
14400 46 8 21 27 33 35 44 
14400 47 38 52 
14400 48 
14400 49 29 143 151 
14400 50 18 
14400 51 28 33 42 
14400 52 8 33 44 47 
14400 53 40 
14400 54 6 20 21 37 43 
14400 55 42 
14400 56 2 57 76 95 
14400 57 2 10 56 59 63 70 
14400 58 60 65 71 73 
14400 59 57 80 96 
14400 60 9 58 
14400 61 80 85 96 
14400 62 74 
14400 63 57 72 
14400 64 73 80 
14400 65 10 58 
14400 66 82 90 
14400 67 
14400 68 
14400 69 85 
14400 70 57 85 95 
14400 71 58 82 
14400 72 63 89 92 
14400 73 58 64 89 
14400 74 11 62 
14400 75 
14400 76 10 56 90 
14400 77 82 
14400 78 
14400 79 
14400 80 59 61 64 96 
14400 81 
14400 82 66 71 77 86 
14400 83 
14400 84 11 95 
14400 85 61 69 70 
14400 86 82 87 89 
14400 87 10 86 
14400 88 
14400 89 9 72 73 86 
14400 90 66 76 92 93 
14400 91 
14400 92 72 90 
14400 93 90 
14400 94 
14400 95 56 70 84 
14400 96 2 59 61 80 
14400 97 98 105 113 137 
14400 98 97 103 116 121 122 139 
14400 99 
14400 100 101 104 130 132 136 137 141 
14400 101 3 100 116 117 119 132 136 
14400 102 106 110 111 113 120 130 134 
14400 103 98 110 113 115 116 134 137 
14400 104 100 116 117 135 
14400 105 97 122 134 140 
14400 106 102 109 111 113 130 136 
14400 107 118 120 139 142 
14400 108 110 127 134 
14400 109 106 113 114 118 123 137 
14400 110 102 103 108 120 127 
14400 111 102 106 112 132 138 140 141 
14400 112 111 122 123 
14400 113 97 102 103 106 109 134 138 142 
14400 114 109 116 124 126 137 138 142 
14400 115 3 103 125 127 128 136 142 
14400 116 98 101 103 104 114 120 121 122 125 129 
14400 117 101 104 125 
14400 118 107 109 138 139 
14400 119 101 124 134 
14400 120 102 107 110 116 123 132 141 
14400 121 98 116 141 
14400 122 98 105 112 116 128 
14400 123 109 112 120 132 
14400 124 114 119 125 127 
14400 125 12 115 116 117 124 129 130 136 137 
14400 126 12 114 137 
14400 127 108 110 115 124 
14400 128 115 122 142 
14400 129 3 116 125 133 138 140 
14400 130 100 102 106 125 134 140 
14400 131 
14400 132 100 101 111 120 123 
14400 133 129 
14400 134 102 103 105 108 113 119 130 137 
14400 135 3 12 104 
14400 136 100 101 106 115 125 140 
14400 137 97 100 103 109 114 125 126 134 142 
14400 138 111 113 114 118 129 141 
14400 139 98 107 118 
14400 140 105 111 129 130 136 
14400 141 100 111 120 121 138 
14400 142 107 113 114 115 128 137 
14400 143 49 145 148 176 178 181 
14400 144 146 155 159 179 186 
14400 145 15 143 151 169 179 186 189 
14400 146 4 144 176 188 
14400 147 152 154 216 239 
14400 148 143 239 
14400 149 153 155 158 160 165 171 185 189 
14400 150 170 181 239 
14400 151 49 145 178 183 
14400 152 13 14 147 156 182 
14400 153 13 149 162 166 183 
14400 154 14 147 161 179 186 223 
14400 155 144 149 173 183 
14400 156 4 152 162 169 176 179 181 186 189 
14400 157 173 183 
14400 158 4 14 15 149 159 161 173 187 238 
14400 159 144 158 163 181 186 187 188 194 238 
14400 160 149 182 187 189 211 
14400 161 154 158 168 178 181 186 
14400 162 5 153 156 164 182 187 188 207 219 229 
14400 163 15 159 164 171 174 178 185 189 196 235 238 
14400 164 162 163 168 178 
14400 165 149 175 183 
14400 166 153 
14400 167 4 14 15 
14400 168 17 161 164 180 
14400 169 145 156 172 175 186 
14400 170 150 174 179 189 
14400 171 149 163 183 236 
14400 172 169 
14400 173 155 157 158 175 179 
14400 174 163 170 221 225 228 229 235 236 
14400 175 15 165 169 173 182 
14400 176 14 143 146 156 177 
14400 177 176 231 
14400 178 143 151 161 163 164 188 
14400 179 144 145 154 156 170 173 182 186 225 
14400 180 168 181 182 185 225 
14400 181 143 150 156 159 161 180 185 188 
14400 182 4 14 152 160 162 175 179 180 
14400 183 14 151 153 155 157 165 171 
14400 184 15 19 
14400 185 149 163 180 181 189 239 
14400 186 144 145 154 156 159 161 169 179 187 
14400 187 158 159 160 162 186 
14400 188 15 146 159 162 178 181 225 
14400 189 145 149 156 160 163 170 185 
14400 190 16 196 202 221 230 239 
14400 191 5 211 219 221 235 
14400 192 219 221 223 
14400 193 194 204 212 230 236 239 
14400 194 5 159 193 195 199 201 207 227 238 
14400 195 194 198 199 202 210 226 227 
14400 196 163 190 207 
14400 197 207 221 234 235 
14400 198 195 202 204 
14400 199 194 195 
14400 200 236 
14400 201 194 205 207 208 210 217 226 227 
14400 202 190 195 198 214 218 227 235 236 
14400 203 205 210 211 213 219 236 
14400 204 5 193 198 
14400 205 201 203 
14400 206 
14400 207 162 194 196 197 201 226 
14400 208 201 215 216 228 230 
14400 209 16 220 237 
14400 210 5 195 201 203 217 220 227 229 233 
14400 211 160 191 203 229 233 
14400 212 16 193 221 229 235 
14400 213 203 227 
14400 214 202 219 222 223 230 
14400 215 5 208 218 220 231 233 237 
14400 216 147 208 227 233 
14400 217 5 201 210 229 238 
14400 218 202 215 223 
14400 219 162 191 192 203 214 227 
14400 220 209 210 215 223 224 227 
14400 221 16 174 190 191 192 197 212 223 236 
14400 222 214 
14400 223 154 192 214 218 220 221 224 230 
14400 224 220 223 235 
14400 225 174 179 180 188 
14400 226 195 201 207 
14400 227 194 195 201 202 210 213 216 219 220 
14400 228 5 174 208 233 
14400 229 162 174 210 211 212 217 
14400 230 190 193 208 214 223 
14400 231 177 215 239 
14400 232 233 
14400 233 210 211 215 216 228 232 
14400 234 197 236 
14400 235 16 163 174 191 197 202 212 224 239 
14400 236 4 171 174 193 200 202 203 221 234 
14400 237 209 215 
14400 238 158 159 163 194 217 
14400 239 147 148 150 185 190 193 231 235 
14400 240 0 
14400 241 0 
14400 242 0 1 
14400 243 0 1 
14400 244 0 
14400 245 0 1 
14400 246 0 
14400 247 0 1 
14400 248 0 
14400 249 0 
14400 250 0 1 
14400 251 0 
14400 252 0 
14400 253 0 
14400 254 0 1 
14400 255 0 
14400 256 0 
14400 257 0 1 
14400 258 0 
14400 259 0 1 
14400 260 0 
14400 261 0 1 
14400 262 0 
14400 263 0 1 
14400 264 0 
14400 265 0 1 
14400 266 0 
14400 267 0 1 
14400 268 0 
14400 269 0 1 
16200 0 2 240 241 242 243 244 245 246 247 248 249 250 251 252 253 254 255 256 257 258 259 260 261 262 263 264 265 266 267 268 269 
16200 1 37 
16200 2 0 4 70 85 241 244 246 247 248 254 257 260 262 264 265 267 268 
16200 3 5 12 107 128 135 241 242 244 248 249 253 258 259 261 264 265 266 
16200 4 2 143 147 175 177 188 241 243 246 250 252 257 259 261 262 266 268 269 
16200 5 3 174 190 215 240 244 245 247 251 255 256 260 262 263 266 267 
16200 6 20 41 51 
16200 7 25 48 
16200 8 24 
16200 9 60 65 68 69 89 
16200 10 57 64 
16200 11 59 
16200 12 3 116 117 142 
16200 13 145 163 
16200 14 157 161 167 235 
16200 15 153 157 161 163 176 182 189 
16200 16 198 203 204 211 213 215 219 228 
16200 17 54 
16200 18 
16200 19 24 54 
16200 20 6 33 41 46 48 52 
16200 21 25 34 41 46 
16200 22 34 
16200 23 43 
16200 24 8 19 55 
16200 25 7 21 33 36 55 
16200 26 27 34 
16200 27 26 45 
16200 28 35 
16200 29 32 44 55 
16200 30 
16200 31 40 
16200 32 29 163 172 
16200 33 20 25 52 
16200 34 21 22 26 
16200 35 28 48 
16200 36 25 
16200 37 1 
16200 38 41 45 
16200 39 49 179 
16200 40 31 
16200 41 6 20 21 38 50 
16200 42 
16200 43 23 54 
16200 44 29 
16200 45 27 38 46 
16200 46 20 21 45 48 50 
16200 47 
16200 48 7 20 35 46 
16200 49 39 157 
16200 50 41 46 
16200 51 6 143 145 149 157 172 185 
16200 52 20 33 
16200 53 
16200 54 17 19 43 
16200 55 24 25 29 
16200 56 96 
16200 57 10 60 69 73 92 
16200 58 84 
16200 59 11 80 81 88 93 
16200 60 9 57 76 84 95 
16200 61 65 69 82 89 92 95 
16200 62 93 
16200 63 94 
16200 64 10 67 89 
16200 65 9 61 67 71 85 96 
16200 66 
16200 67 64 65 80 
16200 68 9 95 
16200 69 9 57 61 
16200 70 2 
16200 71 65 88 93 
16200 72 89 91 93 
16200 73 57 
16200 74 78 85 87 92 
16200 75 
16200 76 60 84 
16200 77 
16200 78 74 
16200 79 
16200 80 59 67 
16200 81 59 
16200 82 61 
16200 83 
16200 84 58 60 76 95 
16200 85 2 65 74 
16200 86 91 
16200 87 74 
16200 88 59 71 
16200 89 9 61 64 72 
16200 90 
16200 91 72 86 95 
16200 92 57 61 74 
16200 93 59 62 71 72 
16200 94 63 
16200 95 60 61 68 84 91 
16200 96 56 65 
16200 97 104 111 121 131 142 
16200 98 111 130 
16200 99 
16200 100 108 110 114 115 120 132 140 
16200 101 119 124 131 
16200 102 110 112 113 117 119 135 
16200 103 112 136 
16200 104 97 107 116 120 122 126 128 134 139 
16200 105 109 132 139 
16200 106 122 128 133 138 
16200 107 3 104 109 112 133 
16200 108 100 121 126 
16200 109 105 107 110 118 119 124 
16200 110 100 102 109 121 131 134 
16200 111 97 98 114 129 
16200 112 102 103 107 137 139 
16200 113 102 128 138 141 
16200 114 100 111 125 130 139 141 
16200 115 100 134 
16200 116 12 104 133 
16200 117 12 102 118 138 140 
16200 118 109 117 123 125 131 135 137 
16200 119 101 102 109 120 131 132 134 135 142 
16200 120 100 104 119 128 130 
16200 121 97 108 110 133 
16200 122 104 106 132 
16200 123 118 133 
16200 124 101 109 139 
16200 125 114 118 130 141 142 
16200 126 104 108 131 
16200 127 128 137 140 
16200 128 3 104 106 113 120 127 132 140 
16200 129 111 
16200 130 98 114 120 125 135 142 
16200 131 97 101 110 118 119 126 142 
16200 132 100 105 119 122 128 
16200 133 106 107 116 121 123 
16200 134 104 110 115 119 135 138 
16200 135 3 102 118 119 130 134 
16200 136 103 137 
16200 137 112 118 127 136 
16200 138 106 113 117 134 
16200 139 104 105 112 114 124 
16200 140 100 117 127 128 
16200 141 113 114 125 
16200 142 12 97 119 125 130 131 
16200 143 4 51 150 172 173 179 181 182 187 
16200 144 150 162 169 171 
16200 145 13 51 151 167 
16200 146 156 164 175 
16200 147 4 149 159 187 207 210 
16200 148 159 160 164 175 230 235 
16200 149 51 147 153 164 165 169 181 185 211 
16200 150 143 144 155 165 185 
16200 151 145 159 171 175 180 
16200 152 186 
16200 153 15 149 186 188 
16200 154 163 167 168 225 231 
16200 155 150 161 170 176 
16200 156 146 157 172 175 184 
16200 157 14 15 49 51 156 163 178 188 
16200 158 168 174 179 219 239 
16200 159 147 148 151 161 188 
16200 160 148 179 239 
16200 161 14 15 155 159 168 176 178 180 187 
16200 162 144 169 181 235 
16200 163 13 15 32 154 157 165 215 225 236 
16200 164 146 148 149 169 182 225 
16200 165 149 150 163 173 176 
16200 166 177 
16200 167 14 145 154 171 176 225 
16200 168 154 158 161 173 189 
16200 169 144 149 162 164 
16200 170 155 177 179 185 200 225 
16200 171 144 151 167 174 188 193 194 199 201 207 210 218 233 
16200 172 32 51 143 156 188 
16200 173 143 165 168 185 186 225 
16200 174 5 158 171 201 202 232 236 237 
16200 175 4 146 148 151 156 177 187 188 
16200 176 15 155 161 165 167 183 185 188 
16200 177 4 166 170 175 187 219 235 
16200 178 157 161 
16200 179 39 143 158 160 170 187 
16200 180 151 161 181 184 
16200 181 143 149 162 180 182 
16200 182 15 143 164 181 184 207 231 235 236 
16200 183 176 235 
16200 184 156 180 182 186 
16200 185 51 149 150 170 173 176 186 225 231 239 
16200 186 152 153 173 184 185 
16200 187 143 147 161 175 177 179 
16200 188 4 153 157 159 171 172 175 176 200 225 239 
16200 189 15 168 
16200 190 5 202 203 205 211 222 
16200 191 198 209 214 237 
16200 192 194 195 230 233 
16200 193 171 198 222 
16200 194 171 192 195 215 230 231 236 
16200 195 192 194 202 204 205 206 216 221 228 235 
16200 196 205 211 219 
16200 197 230 234 
16200 198 16 191 193 202 228 
16200 199 171 201 208 213 224 230 238 
16200 200 170 188 
16200 201 171 174 199 219 222 223 224 229 238 
16200 202 174 190 195 198 208 210 211 230 233 
16200 203 16 190 215 217 236 
16200 204 16 195 206 218 221 
16200 205 190 195 196 208 238 
16200 206 195 204 229 
16200 207 147 171 182 221 236 
16200 208 199 202 205 212 213 219 224 233 
16200 209 191 
16200 210 147 171 202 234 236 
16200 211 16 149 190 196 202 216 220 224 235 
16200 212 208 238 
16200 213 16 199 208 227 
16200 214 191 223 
16200 215 5 16 163 194 203 235 236 
16200 216 195 211 220 223 231 238 
16200 217 203 230 
16200 218 171 204 219 226 227 
16200 219 16 158 177 196 201 208 218 225 235 
16200 220 211 216 236 
16200 221 195 204 207 222 227 
16200 222 190 193 201 221 224 
16200 223 201 214 216 227 230 233 
16200 224 199 201 208 211 222 
16200 225 154 163 164 167 170 173 185 188 219 
16200 226 218 228 
16200 227 213 218 221 223 228 
16200 228 16 195 198 226 227 
16200 229 201 206 236 238 
16200 230 148 192 194 197 199 202 217 223 234 
16200 231 154 182 185 194 216 
16200 232 174 
16200 233 171 192 202 208 223 
16200 234 197 210 230 
16200 235 14 148 162 177 182 183 195 211 215 219 
16200 236 163 174 182 194 203 207 210 215 220 229 
16200 237 174 191 238 
16200 238 199 201 205 212 216 229 237 
16200 239 158 160 185 188 
16200 240 0 5 
16200 241 0 2 3 4 
16200 242 0 3 
16200 243 0 4 
16200 244 0 2 3 5 
16200 245 0 5 
16200 246 0 2 4 
16200 247 0 2 5 
16200 248 0 2 3 
16200 249 0 3 
16200 250 0 4 
16200 251 0 5 
16200 252 0 4 
16200 253 0 3 
16200 254 0 2 
16200 255 0 5 
16200 256 0 5 
16200 257 0 2 4 
16200 258 0 3 
16200 259 0 3 4 
16200 260 0 2 5 
16200 261 0 3 4 
16200 262 0 2 4 5 
16200 263 0 5 
16200 264 0 2 3 
16200 265 0 2 3 
16200 266 0 3 4 5 
16200 267 0 2 5 
16200 268 0 2 4 
16200 269 0 4 
18000 0 3 240 241 242 243 244 245 246 247 248 249 250 251 252 253 254 255 256 257 258 259 260 261 262 263 264 265 266 267 268 269 
18000 1 18 41 48 
18000 2 56 64 74 76 85 
18000 3 0 111 131 135 140 142 241 242 244 248 249 253 258 259 261 264 265 266 
18000 4 148 153 155 161 162 172 176 184 225 
18000 5 193 214 215 216 221 230 
18000 6 19 20 24 27 39 51 53 
18000 7 18 19 21 33 
18000 8 30 39 50 53 
18000 9 11 
18000 10 59 69 74 
18000 11 9 61 74 81 84 
18000 12 102 106 111 
18000 13 168 
18000 14 147 158 164 170 178 183 188 
18000 15 144 156 157 158 177 179 183 186 189 215 239 
18000 16 190 192 219 
18000 17 54 
18000 18 1 7 38 
18000 19 6 7 44 
18000 20 6 28 33 34 41 45 53 
18000 21 7 33 37 38 53 
18000 22 
18000 23 31 
18000 24 6 33 
18000 25 52 
18000 26 
18000 27 6 41 45 
18000 28 20 46 50 53 
18000 29 39 168 
18000 30 8 
18000 31 23 
18000 32 186 
18000 33 7 20 21 24 45 52 53 
18000 34 20 42 
18000 35 41 
18000 36 46 
18000 37 21 
18000 38 18 21 42 
18000 39 6 8 29 
18000 40 
18000 41 1 20 27 35 44 
18000 42 34 38 52 55 
18000 43 50 
18000 44 19 41 
18000 45 20 27 33 
18000 46 28 36 48 
18000 47 
18000 48 1 46 
18000 49 
18000 50 8 28 43 53 
18000 51 6 
18000 52 25 33 42 
18000 53 6 8 20 21 28 33 50 
18000 54 17 
18000 55 42 
18000 56 2 59 64 74 78 87 
18000 57 58 69 71 78 
18000 58 57 60 
18000 59 10 56 70 90 
18000 60 58 68 69 85 88 
18000 61 11 74 
18000 62 
18000 63 83 89 
18000 64 2 56 72 73 76 79 81 96 
18000 65 81 84 89 95 96 
18000 66 
18000 67 
18000 68 60 70 82 95 
18000 69 10 57 60 83 
18000 70 59 68 88 96 
18000 71 57 89 
18000 72 64 86 89 
18000 73 64 89 
18000 74 2 10 11 56 61 
18000 75 
18000 76 2 64 85 
18000 77 
18000 78 56 57 
18000 79 64 
18000 80 
18000 81 11 64 65 
18000 82 68 91 92 95 
18000 83 63 69 
18000 84 11 65 93 
18000 85 2 60 76 
18000 86 72 92 
18000 87 56 92 
18000 88 60 70 
18000 89 63 65 71 72 73 
18000 90 59 96 
18000 91 82 
18000 92 82 86 87 
18000 93 84 
18000 94 
18000 95 65 68 82 96 
18000 96 64 65 70 90 95 
18000 97 110 128 134 
18000 98 118 120 131 132 
18000 99 132 
18000 100 109 113 118 139 
18000 101 124 131 
18000 102 12 117 124 130 
18000 103 111 
18000 104 115 125 127 
18000 105 115 119 127 128 
18000 106 12 126 129 
18000 107 118 121 133 136 
18000 108 110 135 
18000 109 100 113 119 132 
18000 110 97 108 126 134 138 
18000 111 3 12 103 140 142 
18000 112 114 115 116 128 131 132 139 
18000 113 100 109 115 139 141 
18000 114 112 126 133 142 
18000 115 104 105 112 113 123 129 134 139 
18000 116 112 121 138 
18000 117 102 126 138 139 
18000 118 98 100 107 136 137 
18000 119 105 109 123 124 131 136 137 
18000 120 98 135 139 142 
18000 121 107 116 
18000 122 127 
18000 123 115 119 139 142 
18000 124 101 102 119 127 131 132 135 
18000 125 104 
18000 126 106 110 114 117 
18000 127 104 105 122 124 130 132 136 138 
18000 128 97 105 112 132 
18000 129 106 115 
18000 130 102 127 
18000 131 3 98 101 112 119 124 135 
18000 132 98 99 109 112 124 127 128 139 
18000 133 107 114 
18000 134 97 110 115 
18000 135 3 108 120 124 131 139 
18000 136 107 118 119 127 
18000 137 118 119 140 
18000 138 110 116 117 127 
18000 139 100 112 113 115 117 120 123 132 135 142 
18000 140 3 111 137 142 
18000 141 113 
18000 142 3 111 114 120 123 139 140 
18000 143 160 164 170 171 175 182 
18000 144 15 151 158 159 171 181 186 
18000 145 146 161 
18000 146 145 154 173 179 187 
18000 147 14 154 161 238 
18000 148 4 149 174 187 190 199 239 
18000 149 148 150 168 179 
18000 150 149 155 156 175 181 
18000 151 144 162 165 178 179 215 
18000 152 153 156 162 164 187 215 
18000 153 4 152 170 172 179 215 
18000 154 146 147 179 185 238 
18000 155 4 150 173 
18000 156 15 150 152 160 162 165 
18000 157 15 162 163 168 181 
18000 158 14 15 144 173 177 182 189 215 
18000 159 144 162 165 177 186 239 
18000 160 143 156 174 194 231 
18000 161 4 145 147 164 167 179 180 183 185 
18000 162 4 151 152 156 157 159 173 
18000 163 157 164 165 167 173 184 215 
18000 164 14 143 152 161 163 188 
18000 165 151 156 159 163 180 181 
18000 166 171 177 178 215 
18000 167 161 163 169 171 
18000 168 13 29 149 157 178 180 184 
18000 169 167 175 182 
18000 170 14 143 153 182 183 239 
18000 171 143 144 166 167 239 
18000 172 4 153 186 
18000 173 146 155 158 162 163 183 
18000 174 148 160 208 223 229 
18000 175 143 150 169 
18000 176 4 211 
18000 177 15 158 159 166 215 221 236 
18000 178 14 151 166 168 179 
18000 179 15 146 149 151 153 154 161 178 181 182 215 239 
18000 180 161 165 168 187 239 
18000 181 144 150 157 165 179 231 
18000 182 143 158 169 170 179 215 
18000 183 14 15 161 170 173 185 189 
18000 184 4 163 168 189 
18000 185 154 161 183 
18000 186 15 32 144 159 172 189 
18000 187 146 148 152 180 189 225 231 
18000 188 14 164 
18000 189 15 158 183 184 186 187 
18000 190 16 148 194 196 201 204 205 211 212 218 224 229 235 237 
18000 191 193 211 212 224 239 
18000 192 16 208 224 228 
18000 193 5 191 198 202 213 217 227 230 
18000 194 160 190 195 234 
18000 195 194 205 207 214 
18000 196 190 203 215 233 236 239 
18000 197 214 217 238 
18000 198 193 203 221 
18000 199 148 204 216 222 223 227 
18000 200 209 224 
18000 201 190 202 214 
18000 202 193 201 204 208 213 224 229 
18000 203 196 198 214 
18000 204 190 199 202 214 218 228 
18000 205 190 195 208 220 222 233 
18000 206 
18000 207 195 235 
18000 208 174 192 202 205 211 215 236 237 
18000 209 200 210 214 
18000 210 209 217 228 230 234 238 
18000 211 176 190 191 208 
18000 212 190 191 222 232 237 
18000 213 193 202 220 233 
18000 214 5 195 197 201 203 204 209 223 
18000 215 5 15 151 152 153 158 163 166 177 179 182 196 208 216 234 
18000 216 5 199 215 233 
18000 217 193 197 210 229 230 
18000 218 190 204 227 
18000 219 16 220 
18000 220 205 213 219 228 
18000 221 5 177 198 226 
18000 222 199 205 212 
18000 223 174 199 214 234 235 237 
18000 224 190 191 192 200 202 235 
18000 225 4 187 
18000 226 221 
18000 227 193 199 218 230 233 238 
18000 228 192 204 210 220 
18000 229 174 190 202 217 239 
18000 230 5 193 210 217 227 239 
18000 231 160 181 187 236 
18000 232 212 
18000 233 196 205 213 216 227 
18000 234 194 210 215 223 238 
18000 235 190 207 223 224 238 
18000 236 177 196 208 231 
18000 237 190 208 212 223 238 
18000 238 147 154 197 210 227 234 235 237 
18000 239 15 148 159 170 171 179 180 191 196 229 230 
18000 240 0 
18000 241 0 3 
18000 242 0 3 
18000 243 0 
18000 244 0 3 
18000 245 0 
18000 246 0 
18000 247 0 
18000 248 0 3 
18000 249 0 3 
18000 250 0 
18000 251 0 
18000 252 0 
18000 253 0 3 
18000 254 0 
18000 255 0 
18000 256 0 
18000 257 0 
18000 258 0 3 
18000 259 0 3 
18000 260 0 
18000 261 0 3 
18000 262 0 
18000 263 0 
18000 264 0 3 
18000 265 0 3 
18000 266 0 3 
18000 267 0 
18000 268 0 
18000 269 0 
