0 21600
0 0 1 2 3 130 131 132 133 134 135 136 137 138 139 140 141 142 143 144 145 146 147 148 149 
0 1 0 2 3 4 5 6 10 12 13 15 17 19 20 21 23 26 27 30 31 32 33 34 35 36 37 38 40 41 42 43 44 45 130 131 132 133 134 135 137 138 139 140 141 142 143 144 145 146 148 149 
0 2 0 1 3 7 8 46 48 49 50 51 52 53 54 55 56 57 58 59 60 61 62 63 64 65 66 67 68 69 70 71 72 73 74 75 76 77 78 79 80 81 82 83 85 130 131 132 133 134 135 136 137 138 139 140 141 142 143 144 146 147 148 149 
0 3 0 1 2 9 88 89 90 91 92 93 94 95 96 97 100 101 102 103 104 105 106 107 108 109 110 111 112 113 114 115 116 119 120 121 122 123 124 125 126 127 128 129 131 132 134 135 136 137 139 141 142 143 144 146 147 148 149 
0 4 1 5 6 10 12 13 15 17 19 20 21 23 26 27 30 31 32 33 34 35 36 37 38 40 41 42 43 44 45 
0 5 1 4 6 10 12 13 15 17 19 20 21 23 26 27 30 31 32 33 34 35 36 37 38 40 41 42 43 44 45 
0 6 1 4 5 10 12 13 17 19 20 21 23 26 30 34 35 40 42 44 
0 7 2 46 48 49 50 51 52 53 54 55 56 57 58 59 60 61 62 63 64 65 66 67 68 69 70 71 72 73 74 75 76 77 78 79 80 81 82 83 85 
0 8 2 46 48 49 50 51 52 53 54 55 56 57 58 59 60 61 62 63 64 65 66 67 68 69 70 71 72 73 74 75 76 77 78 79 80 81 82 83 85 
0 9 3 88 89 90 91 92 93 94 95 96 97 100 101 102 103 104 105 106 107 108 109 110 111 112 113 114 115 116 119 120 121 122 123 124 125 126 127 128 129 
0 10 1 4 5 6 25 28 29 
0 11 12 
0 12 1 4 5 6 11 14 16 18 22 39 
0 13 1 4 5 6 24 
0 14 12 
0 15 1 4 5 
0 16 12 
0 17 1 4 5 6 
0 18 12 
0 19 1 4 5 6 
0 20 1 4 5 6 
0 21 1 4 5 6 
0 22 12 
0 23 1 4 5 6 
0 24 13 
0 25 10 
0 26 1 4 5 6 
0 27 1 4 5 
0 28 10 
0 29 10 
0 30 1 4 5 6 
0 31 1 4 5 
0 32 1 4 5 
0 33 1 4 5 
0 34 1 4 5 6 
0 35 1 4 5 6 
0 36 1 4 5 
0 37 1 4 5 
0 38 1 4 5 
0 39 12 
0 40 1 4 5 6 
0 41 1 4 5 
0 42 1 4 5 6 
0 43 1 4 5 
0 44 1 4 5 6 
0 45 1 4 5 
0 46 2 7 8 
0 47 50 
0 48 2 7 8 84 
0 49 2 7 8 
0 50 2 7 8 47 
0 51 2 7 8 
0 52 2 7 8 
0 53 2 7 8 
0 54 2 7 8 
0 55 2 7 8 
0 56 2 7 8 
0 57 2 7 8 
0 58 2 7 8 
0 59 2 7 8 
0 60 2 7 8 
0 61 2 7 8 
0 62 2 7 8 
0 63 2 7 8 
0 64 2 7 8 
0 65 2 7 8 
0 66 2 7 8 
0 67 2 7 8 
0 68 2 7 8 
0 69 2 7 8 
0 70 2 7 8 
0 71 2 7 8 
0 72 2 7 8 
0 73 2 7 8 
0 74 2 7 8 
0 75 2 7 8 
0 76 2 7 8 
0 77 2 7 8 
0 78 2 7 8 
0 79 2 7 8 
0 80 2 7 8 
0 81 2 7 8 
0 82 2 7 8 
0 83 2 7 8 
0 84 48 
0 85 2 7 8 
0 86 88 
0 87 92 
0 88 3 9 86 
0 89 3 9 99 
0 90 3 9 
0 91 3 9 
0 92 3 9 87 
0 93 3 9 
0 94 3 9 
0 95 3 9 
0 96 3 9 
0 97 3 9 
0 98 129 
0 99 89 
0 100 3 9 
0 101 3 9 
0 102 3 9 
0 103 3 9 
0 104 3 9 
0 105 3 9 
0 106 3 9 
0 107 3 9 
0 108 3 9 
0 109 3 9 
0 110 3 9 
0 111 3 9 
0 112 3 9 
0 113 3 9 
0 114 3 9 
0 115 3 9 
0 116 3 9 
0 117 128 
0 118 129 
0 119 3 9 
0 120 3 9 
0 121 3 9 
0 122 3 9 
0 123 3 9 
0 124 3 9 
0 125 3 9 
0 126 3 9 
0 127 3 9 
0 128 3 9 117 
0 129 3 9 98 118 
0 130 0 1 2 
0 131 0 1 2 3 
0 132 0 1 2 3 
0 133 0 1 2 
0 134 0 1 2 3 
0 135 0 1 2 3 
0 136 0 2 3 
0 137 0 1 2 3 
0 138 0 1 2 
0 139 0 1 2 3 
0 140 0 1 2 
0 141 0 1 2 3 
0 142 0 1 2 3 
0 143 0 1 2 3 
0 144 0 1 2 3 
0 145 0 1 
0 146 0 1 2 3 
0 147 0 2 3 
0 148 0 1 2 3 
0 149 0 1 2 3 
