0 10800
0 0 126 127 128 129 130 131 132 133 134 135 136 137 138 139 140 141 142 143 144 145 146 147 148 149 150 151 152 153 154 155 
0 1 0 2 3 4 5 7 8 9 126 127 128 129 131 132 134 135 136 137 138 139 140 141 142 143 144 145 146 147 148 149 150 151 152 153 154 155 
0 2 0 1 3 126 127 128 129 130 131 132 133 135 136 137 138 139 140 141 142 143 144 145 146 147 148 149 151 152 153 154 155 
0 3 0 1 2 126 127 128 130 132 133 134 135 136 137 138 139 140 141 142 143 144 145 146 147 148 149 150 151 152 153 154 155 
0 4 
0 5 1 4 7 8 9 
0 6 1 4 5 7 8 9 
0 7 
0 8 
0 9 1 4 5 7 8 
0 10 1 4 5 6 7 8 9 
0 11 1 4 5 6 7 8 9 
0 12 1 4 5 6 7 8 9 
0 13 1 4 5 6 7 8 9 
0 14 1 4 5 7 8 9 
0 15 1 4 5 7 8 9 
0 16 1 4 5 7 8 9 
0 17 1 4 5 6 7 8 9 
0 18 1 4 5 6 7 8 9 
0 19 1 4 5 6 7 
0 20 1 4 5 6 7 8 9 
0 21 1 4 5 6 7 
0 22 1 4 5 7 8 9 
0 23 1 4 5 6 7 8 9 
0 24 1 4 5 6 7 8 9 
0 25 1 4 5 6 7 8 9 
0 26 1 4 5 6 7 8 9 
0 27 1 4 5 7 8 9 
0 28 1 4 5 7 8 9 
0 29 1 4 5 7 8 9 
0 30 1 4 5 6 7 8 9 
0 31 1 4 5 7 
0 32 1 4 5 7 8 9 
0 33 1 4 5 7 8 9 
0 34 1 4 5 6 7 8 9 
0 35 1 4 5 6 7 8 9 
0 36 1 4 5 7 8 9 
0 37 1 4 5 7 8 9 
0 38 1 4 5 7 8 9 
0 39 1 4 5 7 8 9 
0 40 1 4 5 6 7 8 9 
0 41 2 
0 42 2 
0 43 2 
0 44 2 
0 45 2 
0 46 2 
0 47 2 
0 48 2 
0 49 2 
0 50 2 
0 51 2 
0 52 2 
0 53 2 
0 54 2 
0 55 2 
0 56 2 
0 57 2 
0 58 2 
0 59 2 
0 60 2 
0 61 2 
0 62 2 
0 63 2 
0 64 2 
0 65 2 
0 66 2 
0 67 2 
0 68 2 
0 69 2 
0 70 2 
0 71 2 
0 72 2 
0 73 2 
0 74 2 
0 75 2 
0 76 2 
0 77 2 
0 78 2 
0 79 2 
0 80 2 
0 81 2 
0 82 2 
0 83 2 
0 84 2 
0 85 3 
0 86 3 
0 87 3 
0 88 3 
0 89 3 
0 90 3 
0 91 3 
0 92 3 
0 93 3 
0 94 3 
0 95 3 
0 96 3 
0 97 3 
0 98 3 
0 99 3 
0 100 3 
0 101 3 
0 102 3 
0 103 3 
0 104 3 
0 105 3 
0 106 3 
0 107 3 
0 108 3 
0 109 3 
0 110 3 
0 111 3 
0 112 3 
0 113 3 
0 114 3 
0 115 3 
0 116 3 
0 117 3 
0 118 3 
0 119 3 
0 120 3 
0 121 3 
0 122 3 
0 123 3 
0 124 3 
0 125 3 
0 126 0 1 2 3 
0 127 0 1 2 3 
0 128 0 1 2 3 
0 129 0 1 2 
0 130 0 2 3 
0 131 0 1 2 
0 132 0 1 2 3 
0 133 0 2 3 
0 134 0 1 3 
0 135 0 1 2 3 
0 136 0 1 2 3 
0 137 0 1 2 3 
0 138 0 1 2 3 
0 139 0 1 2 3 
0 140 0 1 2 3 
0 141 0 1 2 3 
0 142 0 1 2 3 
0 143 0 1 2 3 
0 144 0 1 2 3 
0 145 0 1 2 3 
0 146 0 1 2 3 
0 147 0 1 2 3 
0 148 0 1 2 3 
0 149 0 1 2 3 
0 150 0 1 3 
0 151 0 1 2 3 
0 152 0 1 2 3 
0 153 0 1 2 3 
0 154 0 1 2 3 
0 155 0 1 2 3 
1800 0 126 127 128 129 130 131 132 133 134 135 136 137 138 139 140 141 142 143 144 145 146 147 148 149 150 151 152 153 154 155 
1800 1 0 2 3 4 5 7 8 9 126 127 128 129 131 132 134 135 136 137 138 139 140 141 142 143 144 145 146 147 148 149 150 151 152 153 154 155 
1800 2 0 1 3 126 127 128 129 130 131 132 133 135 136 137 138 139 140 141 142 143 144 145 146 147 148 149 151 152 153 154 155 
1800 3 0 1 2 126 127 128 130 132 133 134 135 136 137 138 139 140 141 142 143 144 145 146 147 148 149 150 151 152 153 154 155 
1800 4 
1800 5 1 4 7 8 9 
1800 6 1 4 5 8 
1800 7 
1800 8 
1800 9 1 4 5 7 8 
1800 10 1 4 5 6 8 
1800 11 1 4 5 6 7 8 9 
1800 12 1 4 5 6 7 8 9 
1800 13 1 4 5 6 8 
1800 14 1 4 5 7 8 9 
1800 15 1 4 5 7 8 9 
1800 16 1 4 5 7 8 9 
1800 17 1 4 5 6 7 8 9 
1800 18 1 4 5 7 8 9 
1800 19 1 4 5 6 7 8 9 
1800 20 1 4 5 6 7 
1800 21 1 4 5 6 7 8 9 
1800 22 1 4 5 7 8 
1800 23 1 4 5 6 7 8 9 
1800 24 1 4 5 7 8 9 
1800 25 1 4 5 6 7 8 9 
1800 26 1 4 5 6 7 8 9 
1800 27 1 4 5 7 8 9 
1800 28 1 4 5 7 8 9 
1800 29 1 4 5 7 8 9 
1800 30 1 4 5 7 8 9 
1800 31 1 4 5 7 8 9 
1800 32 1 4 5 7 8 9 
1800 33 1 4 5 7 8 9 
1800 34 1 4 5 6 7 8 9 
1800 35 1 4 5 6 7 8 
1800 36 1 4 5 7 8 9 
1800 37 1 4 5 7 8 9 
1800 38 1 4 5 7 8 9 
1800 39 1 4 5 7 8 9 
1800 40 1 4 5 6 7 8 9 
1800 41 2 
1800 42 2 
1800 43 2 
1800 44 2 
1800 45 2 
1800 46 2 
1800 47 2 
1800 48 2 
1800 49 2 
1800 50 2 
1800 51 2 
1800 52 2 
1800 53 2 
1800 54 2 
1800 55 2 
1800 56 2 
1800 57 2 
1800 58 2 
1800 59 2 
1800 60 2 
1800 61 2 
1800 62 2 
1800 63 2 
1800 64 2 
1800 65 2 
1800 66 2 
1800 67 2 
1800 68 2 
1800 69 2 
1800 70 2 
1800 71 2 
1800 72 2 
1800 73 2 
1800 74 2 
1800 75 2 
1800 76 2 
1800 77 2 
1800 78 2 
1800 79 2 
1800 80 2 
1800 81 2 
1800 82 2 
1800 83 2 
1800 84 2 
1800 85 3 
1800 86 3 
1800 87 3 
1800 88 3 
1800 89 3 
1800 90 3 
1800 91 3 
1800 92 3 
1800 93 3 
1800 94 3 
1800 95 3 
1800 96 3 
1800 97 3 
1800 98 3 
1800 99 3 
1800 100 3 
1800 101 3 
1800 102 3 
1800 103 3 
1800 104 3 
1800 105 3 
1800 106 3 
1800 107 3 
1800 108 3 
1800 109 3 
1800 110 3 
1800 111 3 
1800 112 3 
1800 113 3 
1800 114 3 
1800 115 3 
1800 116 3 
1800 117 3 
1800 118 3 
1800 119 3 
1800 120 3 
1800 121 3 
1800 122 3 
1800 123 3 
1800 124 3 
1800 125 91 
1800 126 0 1 2 3 
1800 127 0 1 2 3 
1800 128 0 1 2 3 
1800 129 0 1 2 
1800 130 0 2 3 
1800 131 0 1 2 
1800 132 0 1 2 3 
1800 133 0 2 3 
1800 134 0 1 3 
1800 135 0 1 2 3 
1800 136 0 1 2 3 
1800 137 0 1 2 3 
1800 138 0 1 2 3 
1800 139 0 1 2 3 
1800 140 0 1 2 3 
1800 141 0 1 2 3 
1800 142 0 1 2 3 
1800 143 0 1 2 3 
1800 144 0 1 2 3 
1800 145 0 1 2 3 
1800 146 0 1 2 3 
1800 147 0 1 2 3 
1800 148 0 1 2 3 
1800 149 0 1 2 3 
1800 150 0 1 3 
1800 151 0 1 2 3 
1800 152 0 1 2 3 
1800 153 0 1 2 3 
1800 154 0 1 2 3 
1800 155 0 1 2 3 
3600 0 126 127 128 129 130 131 132 133 134 135 136 137 138 139 140 141 142 143 144 145 146 147 148 149 150 151 152 153 154 155 
3600 1 0 2 3 4 5 7 8 9 126 127 128 129 131 132 134 135 136 137 138 139 140 141 142 143 144 145 146 147 148 149 150 151 152 153 154 155 
3600 2 0 1 3 126 127 128 129 130 131 132 133 135 136 137 138 139 140 141 142 143 144 145 146 147 148 149 151 152 153 154 155 
3600 3 0 1 2 126 127 128 130 132 133 134 135 136 137 138 139 140 141 142 143 144 145 146 147 148 149 150 151 152 153 154 155 
3600 4 
3600 5 1 4 7 8 9 
3600 6 1 4 5 7 8 9 
3600 7 
3600 8 
3600 9 1 4 5 7 8 
3600 10 1 4 5 6 7 9 
3600 11 1 4 5 6 7 8 9 
3600 12 1 4 5 6 7 8 9 
3600 13 1 4 5 6 7 8 9 
3600 14 1 4 5 7 9 
3600 15 1 4 5 7 8 9 
3600 16 1 4 5 7 8 9 
3600 17 1 4 5 6 7 8 9 
3600 18 1 4 5 6 7 8 9 
3600 19 1 4 5 6 7 8 9 
3600 20 1 4 5 6 8 9 
3600 21 1 4 5 6 7 8 9 
3600 22 1 4 5 7 8 9 
3600 23 1 4 5 6 7 8 9 
3600 24 1 4 5 6 7 8 9 
3600 25 1 4 5 6 7 8 9 
3600 26 1 4 5 6 7 8 9 
3600 27 1 4 5 7 8 9 
3600 28 1 4 5 7 8 9 
3600 29 1 4 5 7 8 9 
3600 30 1 4 5 6 7 8 9 
3600 31 1 4 5 7 8 9 
3600 32 1 4 5 7 8 9 
3600 33 1 4 5 7 8 9 
3600 34 1 4 5 6 7 8 9 
3600 35 1 4 5 6 8 9 
3600 36 1 4 5 7 8 9 
3600 37 1 4 5 7 8 9 
3600 38 1 4 5 7 8 9 
3600 39 1 4 5 7 8 9 
3600 40 2 
3600 41 2 
3600 42 2 
3600 43 2 
3600 44 2 
3600 45 2 
3600 46 2 
3600 47 2 
3600 48 2 
3600 49 2 
3600 50 2 
3600 51 2 
3600 52 2 
3600 53 2 
3600 54 2 
3600 55 2 
3600 56 2 
3600 57 2 
3600 58 2 
3600 59 2 
3600 60 2 
3600 61 2 
3600 62 2 
3600 63 2 
3600 64 2 
3600 65 2 
3600 66 2 
3600 67 2 
3600 68 2 
3600 69 2 
3600 70 2 
3600 71 2 
3600 72 2 
3600 73 2 
3600 74 2 
3600 75 2 
3600 76 2 
3600 77 2 
3600 78 2 
3600 79 2 
3600 80 2 
3600 81 2 
3600 82 2 
3600 83 2 
3600 84 3 
3600 85 3 
3600 86 3 
3600 87 3 
3600 88 3 
3600 89 3 
3600 90 3 
3600 91 3 
3600 92 3 
3600 93 3 
3600 94 3 
3600 95 3 
3600 96 3 
3600 97 3 
3600 98 3 
3600 99 3 
3600 100 3 
3600 101 3 
3600 102 3 
3600 103 3 
3600 104 3 
3600 105 3 
3600 106 3 
3600 107 3 
3600 108 3 
3600 109 3 
3600 110 3 
3600 111 3 
3600 112 3 
3600 113 3 
3600 114 3 
3600 115 3 
3600 116 3 
3600 117 3 
3600 118 3 
3600 119 3 
3600 120 3 
3600 121 3 
3600 122 3 
3600 123 3 
3600 124 3 
3600 125 8 
3600 126 0 1 2 3 
3600 127 0 1 2 3 
3600 128 0 1 2 3 
3600 129 0 1 2 
3600 130 0 2 3 
3600 131 0 1 2 
3600 132 0 1 2 3 
3600 133 0 2 3 
3600 134 0 1 3 
3600 135 0 1 2 3 
3600 136 0 1 2 3 
3600 137 0 1 2 3 
3600 138 0 1 2 3 
3600 139 0 1 2 3 
3600 140 0 1 2 3 
3600 141 0 1 2 3 
3600 142 0 1 2 3 
3600 143 0 1 2 3 
3600 144 0 1 2 3 
3600 145 0 1 2 3 
3600 146 0 1 2 3 
3600 147 0 1 2 3 
3600 148 0 1 2 3 
3600 149 0 1 2 3 
3600 150 0 1 3 
3600 151 0 1 2 3 
3600 152 0 1 2 3 
3600 153 0 1 2 3 
3600 154 0 1 2 3 
3600 155 0 1 2 3 
5400 0 126 127 128 129 130 131 132 133 134 135 136 137 138 139 140 141 142 143 144 145 146 147 148 149 150 151 152 153 154 155 
5400 1 0 2 3 4 5 7 8 9 126 127 128 129 131 132 134 135 136 137 138 139 140 141 142 143 144 145 146 147 148 149 150 151 152 153 154 155 
5400 2 0 1 3 126 127 128 129 130 131 132 133 135 136 137 138 139 140 141 142 143 144 145 146 147 148 149 151 152 153 154 155 
5400 3 0 1 2 126 127 128 130 132 133 134 135 136 137 138 139 140 141 142 143 144 145 146 147 148 149 150 151 152 153 154 155 
5400 4 
5400 5 1 4 7 8 9 
5400 6 1 4 5 7 8 9 
5400 7 
5400 8 
5400 9 1 4 5 7 8 
5400 10 1 4 5 6 7 8 9 
5400 11 1 4 5 6 7 8 9 
5400 12 1 4 5 6 7 8 9 
5400 13 1 4 5 6 7 8 9 
5400 14 1 4 5 7 8 9 
5400 15 1 4 5 7 8 9 
5400 16 1 4 5 7 8 9 
5400 17 1 4 5 6 7 8 9 
5400 18 1 4 5 6 7 8 9 
5400 19 1 4 5 7 8 9 
5400 20 1 4 5 6 7 8 9 
5400 21 1 4 5 7 8 
5400 22 1 4 5 7 8 9 
5400 23 1 4 5 7 8 9 
5400 24 1 4 5 6 7 8 
5400 25 1 4 5 6 7 8 9 
5400 26 1 4 5 6 7 8 9 
5400 27 1 4 5 7 8 
5400 28 1 4 5 7 8 9 
5400 29 1 4 5 7 8 9 
5400 30 1 4 5 6 7 8 9 
5400 31 1 4 5 7 8 9 
5400 32 1 4 5 7 8 9 
5400 33 1 4 5 7 8 9 
5400 34 1 4 5 6 7 8 9 
5400 35 1 4 5 6 7 8 9 
5400 36 1 4 5 7 8 9 
5400 37 1 4 5 7 8 9 
5400 38 1 4 5 7 8 9 
5400 39 1 4 5 7 8 9 
5400 40 1 4 5 6 7 8 9 
5400 41 2 
5400 42 2 
5400 43 2 
5400 44 2 
5400 45 2 
5400 46 2 
5400 47 2 
5400 48 2 
5400 49 2 
5400 50 2 
5400 51 2 
5400 52 2 
5400 53 2 
5400 54 2 
5400 55 2 
5400 56 2 
5400 57 2 
5400 58 2 
5400 59 2 
5400 60 2 
5400 61 2 
5400 62 2 
5400 63 2 
5400 64 2 
5400 65 2 
5400 66 2 
5400 67 2 
5400 68 2 
5400 69 2 
5400 70 2 
5400 71 2 
5400 72 2 
5400 73 2 
5400 74 2 
5400 75 2 
5400 76 2 
5400 77 2 
5400 78 2 
5400 79 2 
5400 80 2 
5400 81 2 
5400 82 2 
5400 83 2 
5400 84 2 
5400 85 3 
5400 86 3 
5400 87 3 
5400 88 3 
5400 89 3 
5400 90 3 
5400 91 3 
5400 92 3 
5400 93 3 
5400 94 3 
5400 95 3 
5400 96 3 
5400 97 3 
5400 98 3 
5400 99 3 
5400 100 3 
5400 101 3 
5400 102 3 
5400 103 3 
5400 104 3 
5400 105 3 
5400 106 3 
5400 107 3 
5400 108 3 
5400 109 3 
5400 110 3 
5400 111 3 
5400 112 3 
5400 113 3 
5400 114 3 
5400 115 3 
5400 116 3 
5400 117 3 
5400 118 3 
5400 119 3 
5400 120 3 
5400 121 3 
5400 122 3 
5400 123 3 
5400 124 3 
5400 125 3 
5400 126 0 1 2 3 
5400 127 0 1 2 3 
5400 128 0 1 2 3 
5400 129 0 1 2 
5400 130 0 2 3 
5400 131 0 1 2 
5400 132 0 1 2 3 
5400 133 0 2 3 
5400 134 0 1 3 
5400 135 0 1 2 3 
5400 136 0 1 2 3 
5400 137 0 1 2 3 
5400 138 0 1 2 3 
5400 139 0 1 2 3 
5400 140 0 1 2 3 
5400 141 0 1 2 3 
5400 142 0 1 2 3 
5400 143 0 1 2 3 
5400 144 0 1 2 3 
5400 145 0 1 2 3 
5400 146 0 1 2 3 
5400 147 0 1 2 3 
5400 148 0 1 2 3 
5400 149 0 1 2 3 
5400 150 0 1 3 
5400 151 0 1 2 3 
5400 152 0 1 2 3 
5400 153 0 1 2 3 
5400 154 0 1 2 3 
5400 155 0 1 2 3 
7200 0 126 127 128 129 130 131 132 133 134 135 136 137 138 139 140 141 142 143 144 145 146 147 148 149 150 151 152 153 154 155 
7200 1 0 2 3 4 5 7 8 9 126 127 128 129 131 132 134 135 136 137 138 139 140 141 142 143 144 145 146 147 148 149 150 151 152 153 154 155 
7200 2 0 1 3 126 127 128 129 130 131 132 133 135 136 137 138 139 140 141 142 143 144 145 146 147 148 149 151 152 153 154 155 
7200 3 0 1 2 126 127 128 130 132 133 134 135 136 137 138 139 140 141 142 143 144 145 146 147 148 149 150 151 152 153 154 155 
7200 4 
7200 5 1 4 7 8 9 
7200 6 1 4 5 7 8 9 
7200 7 
7200 8 
7200 9 1 4 5 7 8 
7200 10 1 4 5 6 7 8 9 
7200 11 1 4 5 6 7 8 9 
7200 12 1 4 5 6 7 8 9 
7200 13 1 4 5 6 7 8 9 
7200 14 1 4 5 7 8 9 
7200 15 1 4 5 7 8 9 
7200 16 1 4 5 7 8 9 
7200 17 1 4 5 6 7 8 9 
7200 18 1 4 5 6 7 8 9 
7200 19 1 4 5 6 7 8 9 
7200 20 1 4 5 6 7 8 9 
7200 21 1 4 5 6 7 9 
7200 22 1 4 5 7 8 9 
7200 23 1 4 5 7 8 9 
7200 24 1 4 5 6 7 8 
7200 25 1 4 5 6 7 8 9 
7200 26 1 4 5 6 7 8 9 
7200 27 1 4 5 7 8 9 
7200 28 1 4 5 7 8 9 
7200 29 1 4 5 7 8 
7200 30 1 4 5 6 7 8 9 
7200 31 1 4 5 7 8 9 
7200 32 1 4 5 7 8 9 
7200 33 1 4 5 7 8 9 
7200 34 1 4 5 6 7 8 9 
7200 35 1 4 5 6 7 8 9 
7200 36 1 4 5 7 8 9 
7200 37 1 4 5 7 8 9 
7200 38 1 4 5 7 8 9 
7200 39 1 4 5 7 8 9 
7200 40 1 4 5 6 7 8 9 
7200 41 2 
7200 42 2 
7200 43 2 
7200 44 2 
7200 45 2 
7200 46 2 
7200 47 2 
7200 48 2 
7200 49 2 
7200 50 2 
7200 51 2 
7200 52 2 
7200 53 2 
7200 54 2 
7200 55 2 
7200 56 2 
7200 57 2 
7200 58 2 
7200 59 2 
7200 60 2 
7200 61 2 
7200 62 2 
7200 63 2 
7200 64 2 
7200 65 2 
7200 66 2 
7200 67 2 
7200 68 2 
7200 69 2 
7200 70 2 
7200 71 2 
7200 72 2 
7200 73 2 
7200 74 2 
7200 75 2 
7200 76 2 
7200 77 2 
7200 78 2 
7200 79 2 
7200 80 2 
7200 81 2 
7200 82 2 
7200 83 2 
7200 84 3 
7200 85 3 
7200 86 3 
7200 87 3 
7200 88 3 
7200 89 3 
7200 90 3 
7200 91 3 
7200 92 3 
7200 93 3 
7200 94 3 
7200 95 3 
7200 96 3 
7200 97 3 
7200 98 3 
7200 99 3 
7200 100 3 
7200 101 3 
7200 102 3 
7200 103 3 
7200 104 3 
7200 105 3 
7200 106 3 
7200 107 3 
7200 108 3 
7200 109 3 
7200 110 3 
7200 111 3 
7200 112 3 
7200 113 3 
7200 114 3 
7200 115 3 
7200 116 3 
7200 117 3 
7200 118 3 
7200 119 3 
7200 120 3 
7200 121 3 
7200 122 3 
7200 123 3 
7200 124 3 
7200 125 42 
7200 126 0 1 2 3 
7200 127 0 1 2 3 
7200 128 0 1 2 3 
7200 129 0 1 2 
7200 130 0 2 3 
7200 131 0 1 2 
7200 132 0 1 2 3 
7200 133 0 2 3 
7200 134 0 1 3 
7200 135 0 1 2 3 
7200 136 0 1 2 3 
7200 137 0 1 2 3 
7200 138 0 1 2 3 
7200 139 0 1 2 3 
7200 140 0 1 2 3 
7200 141 0 1 2 3 
7200 142 0 1 2 3 
7200 143 0 1 2 3 
7200 144 0 1 2 3 
7200 145 0 1 2 3 
7200 146 0 1 2 3 
7200 147 0 1 2 3 
7200 148 0 1 2 3 
7200 149 0 1 2 3 
7200 150 0 1 3 
7200 151 0 1 2 3 
7200 152 0 1 2 3 
7200 153 0 1 2 3 
7200 154 0 1 2 3 
7200 155 0 1 2 3 
9000 0 126 127 128 129 130 131 132 133 134 135 136 137 138 139 140 141 142 143 144 145 146 147 148 149 150 151 152 153 154 155 
9000 1 0 2 3 4 5 7 8 9 126 127 128 129 131 132 134 135 136 137 138 139 140 141 142 143 144 145 146 147 148 149 150 151 152 153 154 155 
9000 2 0 1 3 126 127 128 129 130 131 132 133 135 136 137 138 139 140 141 142 143 144 145 146 147 148 149 151 152 153 154 155 
9000 3 0 1 2 126 127 128 130 132 133 134 135 136 137 138 139 140 141 142 143 144 145 146 147 148 149 150 151 152 153 154 155 
9000 4 
9000 5 1 4 7 8 9 
9000 6 1 4 5 8 
9000 7 
9000 8 
9000 9 1 4 5 8 
9000 10 1 4 5 6 7 8 
9000 11 1 4 5 6 8 9 
9000 12 1 4 5 6 
9000 13 1 4 5 6 8 9 
9000 14 1 4 5 7 8 9 
9000 15 1 4 5 8 9 
9000 16 1 4 5 7 8 9 
9000 17 1 4 5 6 8 9 
9000 18 1 4 5 6 8 
9000 19 1 4 5 6 8 9 
9000 20 1 4 5 6 7 8 
9000 21 1 4 5 6 8 9 
9000 22 1 4 5 8 9 
9000 23 1 4 5 6 8 9 
9000 24 1 4 5 6 7 8 9 
9000 25 1 4 5 6 7 8 9 
9000 26 1 4 5 6 8 9 
9000 27 1 4 5 7 8 9 
9000 28 1 4 5 7 8 9 
9000 29 1 4 5 8 9 
9000 30 1 4 5 6 8 9 
9000 31 1 4 5 8 9 
9000 32 1 4 5 7 8 9 
9000 33 1 4 5 7 8 9 
9000 34 1 4 5 6 8 9 
9000 35 1 4 5 6 7 8 
9000 36 1 4 5 8 9 
9000 37 1 4 5 8 9 
9000 38 1 4 5 7 8 
9000 39 1 4 5 8 9 
9000 40 2 
9000 41 2 
9000 42 2 
9000 43 2 
9000 44 2 
9000 45 2 
9000 46 2 
9000 47 2 
9000 48 2 
9000 49 2 
9000 50 2 
9000 51 2 
9000 52 2 
9000 53 2 
9000 54 2 
9000 55 2 
9000 56 2 
9000 57 2 
9000 58 2 
9000 59 2 
9000 60 2 
9000 61 2 
9000 62 2 
9000 63 2 
9000 64 2 
9000 65 2 
9000 66 2 
9000 67 2 
9000 68 2 
9000 69 2 
9000 70 2 
9000 71 2 
9000 72 2 
9000 73 2 
9000 74 2 
9000 75 2 
9000 76 2 
9000 77 2 
9000 78 2 
9000 79 2 
9000 80 2 
9000 81 2 
9000 82 2 
9000 83 2 
9000 84 3 
9000 85 3 
9000 86 3 
9000 87 3 
9000 88 3 
9000 89 3 
9000 90 3 
9000 91 3 
9000 92 3 
9000 93 3 
9000 94 3 
9000 95 3 
9000 96 3 
9000 97 3 
9000 98 3 
9000 99 3 
9000 100 3 
9000 101 3 
9000 102 3 
9000 103 3 
9000 104 3 
9000 105 3 
9000 106 3 
9000 107 3 
9000 108 3 
9000 109 3 
9000 110 3 
9000 111 3 
9000 112 3 
9000 113 3 
9000 114 3 
9000 115 3 
9000 116 3 
9000 117 3 
9000 118 3 
9000 119 3 
9000 120 3 
9000 121 3 
9000 122 3 
9000 123 3 
9000 124 3 
9000 125 7 
9000 126 0 1 2 3 
9000 127 0 1 2 3 
9000 128 0 1 2 3 
9000 129 0 1 2 
9000 130 0 2 3 
9000 131 0 1 2 
9000 132 0 1 2 3 
9000 133 0 2 3 
9000 134 0 1 3 
9000 135 0 1 2 3 
9000 136 0 1 2 3 
9000 137 0 1 2 3 
9000 138 0 1 2 3 
9000 139 0 1 2 3 
9000 140 0 1 2 3 
9000 141 0 1 2 3 
9000 142 0 1 2 3 
9000 143 0 1 2 3 
9000 144 0 1 2 3 
9000 145 0 1 2 3 
9000 146 0 1 2 3 
9000 147 0 1 2 3 
9000 148 0 1 2 3 
9000 149 0 1 2 3 
9000 150 0 1 3 
9000 151 0 1 2 3 
9000 152 0 1 2 3 
9000 153 0 1 2 3 
9000 154 0 1 2 3 
9000 155 0 1 2 3 
