0 21600
0 0 1 2 3 130 131 132 133 134 135 136 137 138 139 140 141 142 143 144 145 146 147 148 149 
0 1 0 2 3 4 5 6 10 12 13 15 17 19 20 21 23 26 27 30 31 32 33 34 35 36 37 38 40 41 42 43 44 45 130 131 132 133 134 135 137 138 139 140 141 142 143 144 145 146 148 149 
0 2 0 1 3 7 8 46 48 49 50 51 52 53 54 55 56 57 58 59 60 61 62 63 64 65 66 67 68 69 70 71 72 73 74 75 76 77 78 79 80 81 82 83 85 130 131 132 133 134 135 136 137 138 139 140 141 142 143 144 146 147 148 149 
0 3 0 1 2 9 88 89 90 91 92 93 94 95 96 97 100 101 102 103 104 105 106 107 108 109 110 111 112 113 114 115 116 119 120 121 122 123 124 125 126 127 128 129 131 132 134 135 136 137 139 141 142 143 144 146 147 148 149 
0 4 1 5 6 10 12 13 15 17 19 20 21 23 26 27 30 31 32 33 34 35 36 37 38 40 41 42 43 44 45 
0 5 1 4 6 10 12 13 15 17 19 20 21 23 26 27 30 31 32 33 34 35 36 37 38 40 41 42 43 44 45 
0 6 1 4 5 10 12 13 17 19 20 21 23 26 30 34 35 40 42 44 
0 7 2 46 48 49 50 51 52 53 54 55 56 57 58 59 60 61 62 63 64 65 66 67 68 69 70 71 72 73 74 75 76 77 78 79 80 81 82 83 85 
0 8 2 46 48 49 50 51 52 53 54 55 56 57 58 59 60 61 62 63 64 65 66 67 68 69 70 71 72 73 74 75 76 77 78 79 80 81 82 83 85 
0 9 3 88 89 90 91 92 93 94 95 96 97 100 101 102 103 104 105 106 107 108 109 110 111 112 113 114 115 116 119 120 121 122 123 124 125 126 127 128 129 
0 10 1 4 5 6 25 28 29 
0 11 12 
0 12 1 4 5 6 11 14 16 18 22 39 
0 13 1 4 5 6 24 
0 14 12 
0 15 1 4 5 
0 16 12 
0 17 1 4 5 6 
0 18 12 
0 19 1 4 5 6 
0 20 1 4 5 6 
0 21 1 4 5 6 
0 22 12 
0 23 1 4 5 6 
0 24 13 
0 25 10 
0 26 1 4 5 6 
0 27 1 4 5 
0 28 10 
0 29 10 
0 30 1 4 5 6 
0 31 1 4 5 
0 32 1 4 5 
0 33 1 4 5 
0 34 1 4 5 6 
0 35 1 4 5 6 
0 36 1 4 5 
0 37 1 4 5 
0 38 1 4 5 
0 39 12 
0 40 1 4 5 6 
0 41 1 4 5 
0 42 1 4 5 6 
0 43 1 4 5 
0 44 1 4 5 6 
0 45 1 4 5 
0 46 2 7 8 
0 47 50 
0 48 2 7 8 84 
0 49 2 7 8 
0 50 2 7 8 47 
0 51 2 7 8 
0 52 2 7 8 
0 53 2 7 8 
0 54 2 7 8 
0 55 2 7 8 
0 56 2 7 8 
0 57 2 7 8 
0 58 2 7 8 
0 59 2 7 8 
0 60 2 7 8 
0 61 2 7 8 
0 62 2 7 8 
0 63 2 7 8 
0 64 2 7 8 
0 65 2 7 8 
0 66 2 7 8 
0 67 2 7 8 
0 68 2 7 8 
0 69 2 7 8 
0 70 2 7 8 
0 71 2 7 8 
0 72 2 7 8 
0 73 2 7 8 
0 74 2 7 8 
0 75 2 7 8 
0 76 2 7 8 
0 77 2 7 8 
0 78 2 7 8 
0 79 2 7 8 
0 80 2 7 8 
0 81 2 7 8 
0 82 2 7 8 
0 83 2 7 8 
0 84 48 
0 85 2 7 8 
0 86 88 
0 87 92 
0 88 3 9 86 
0 89 3 9 99 
0 90 3 9 
0 91 3 9 
0 92 3 9 87 
0 93 3 9 
0 94 3 9 
0 95 3 9 
0 96 3 9 
0 97 3 9 
0 98 129 
0 99 89 
0 100 3 9 
0 101 3 9 
0 102 3 9 
0 103 3 9 
0 104 3 9 
0 105 3 9 
0 106 3 9 
0 107 3 9 
0 108 3 9 
0 109 3 9 
0 110 3 9 
0 111 3 9 
0 112 3 9 
0 113 3 9 
0 114 3 9 
0 115 3 9 
0 116 3 9 
0 117 128 
0 118 129 
0 119 3 9 
0 120 3 9 
0 121 3 9 
0 122 3 9 
0 123 3 9 
0 124 3 9 
0 125 3 9 
0 126 3 9 
0 127 3 9 
0 128 3 9 117 
0 129 3 9 98 118 
0 130 0 1 2 
0 131 0 1 2 3 
0 132 0 1 2 3 
0 133 0 1 2 
0 134 0 1 2 3 
0 135 0 1 2 3 
0 136 0 2 3 
0 137 0 1 2 3 
0 138 0 1 2 
0 139 0 1 2 3 
0 140 0 1 2 
0 141 0 1 2 3 
0 142 0 1 2 3 
0 143 0 1 2 3 
0 144 0 1 2 3 
0 145 0 1 
0 146 0 1 2 3 
0 147 0 2 3 
0 148 0 1 2 3 
0 149 0 1 2 3 
1800 0 1 2 3 130 131 132 133 134 135 136 137 138 139 140 141 142 143 144 145 146 147 148 149 
1800 1 0 2 3 4 5 6 10 11 12 13 15 16 17 19 20 21 23 24 26 27 30 31 32 33 34 35 36 37 38 40 41 42 43 44 45 130 131 132 133 134 135 137 138 139 140 141 142 143 144 145 146 148 149 
1800 2 0 1 3 7 8 46 47 48 49 50 51 52 53 54 55 56 57 58 59 60 61 62 63 64 65 66 67 68 69 70 71 72 73 74 75 76 77 78 79 80 81 82 83 85 130 131 132 133 134 135 136 137 138 139 140 141 142 143 144 146 147 148 149 
1800 3 0 1 2 9 88 89 90 91 92 93 94 95 96 97 100 101 102 103 104 105 106 107 108 109 110 111 112 113 114 115 116 119 120 121 122 123 124 125 126 127 128 129 131 132 134 135 136 137 139 141 142 143 144 146 147 148 149 
1800 4 1 5 6 10 11 12 13 15 16 17 19 20 21 23 24 26 27 30 31 32 33 34 35 36 37 38 40 41 42 43 44 45 
1800 5 1 4 6 10 11 12 13 15 16 17 19 20 21 23 24 26 27 30 31 32 33 34 35 36 37 38 40 41 42 43 44 45 
1800 6 1 4 5 10 11 12 13 17 19 20 21 23 24 26 30 34 35 40 42 44 
1800 7 2 46 47 48 49 50 51 52 53 54 55 56 57 58 59 60 61 62 63 64 65 66 67 68 69 70 71 72 73 74 75 76 77 78 79 80 81 82 83 85 
1800 8 2 46 47 48 49 50 51 52 53 54 55 56 57 58 59 60 61 62 63 64 65 66 67 68 69 70 71 72 73 74 75 76 77 78 79 80 81 82 83 85 
1800 9 3 88 89 90 91 92 93 94 95 96 97 100 101 102 103 104 105 106 107 108 109 110 111 112 113 114 115 116 119 120 121 122 123 124 125 126 127 128 129 
1800 10 1 4 5 6 25 28 29 
1800 11 1 4 5 6 14 18 22 39 
1800 12 1 4 5 6 
1800 13 1 4 5 6 
1800 14 11 
1800 15 1 4 5 
1800 16 1 4 5 
1800 17 1 4 5 6 
1800 18 11 
1800 19 1 4 5 6 
1800 20 1 4 5 6 
1800 21 1 4 5 6 
1800 22 11 
1800 23 1 4 5 6 
1800 24 1 4 5 6 
1800 25 10 
1800 26 1 4 5 6 
1800 27 1 4 5 
1800 28 10 
1800 29 10 
1800 30 1 4 5 6 
1800 31 1 4 5 
1800 32 1 4 5 
1800 33 1 4 5 
1800 34 1 4 5 6 
1800 35 1 4 5 6 
1800 36 1 4 5 
1800 37 1 4 5 
1800 38 1 4 5 
1800 39 11 
1800 40 1 4 5 6 
1800 41 1 4 5 
1800 42 1 4 5 6 
1800 43 1 4 5 
1800 44 1 4 5 6 
1800 45 1 4 5 
1800 46 2 7 8 
1800 47 2 7 8 84 
1800 48 2 7 8 
1800 49 2 7 8 
1800 50 2 7 8 
1800 51 2 7 8 
1800 52 2 7 8 
1800 53 2 7 8 
1800 54 2 7 8 
1800 55 2 7 8 
1800 56 2 7 8 
1800 57 2 7 8 
1800 58 2 7 8 
1800 59 2 7 8 
1800 60 2 7 8 
1800 61 2 7 8 
1800 62 2 7 8 
1800 63 2 7 8 
1800 64 2 7 8 
1800 65 2 7 8 
1800 66 2 7 8 
1800 67 2 7 8 
1800 68 2 7 8 
1800 69 2 7 8 
1800 70 2 7 8 
1800 71 2 7 8 
1800 72 2 7 8 
1800 73 2 7 8 
1800 74 2 7 8 
1800 75 2 7 8 
1800 76 2 7 8 
1800 77 2 7 8 
1800 78 2 7 8 
1800 79 2 7 8 
1800 80 2 7 8 
1800 81 2 7 8 
1800 82 2 7 8 
1800 83 2 7 8 
1800 84 47 
1800 85 2 7 8 
1800 86 88 
1800 87 91 
1800 88 3 9 86 
1800 89 3 9 99 
1800 90 3 9 
1800 91 3 9 87 
1800 92 3 9 
1800 93 3 9 
1800 94 3 9 
1800 95 3 9 
1800 96 3 9 
1800 97 3 9 
1800 98 129 
1800 99 89 
1800 100 3 9 
1800 101 3 9 
1800 102 3 9 
1800 103 3 9 
1800 104 3 9 
1800 105 3 9 
1800 106 3 9 
1800 107 3 9 
1800 108 3 9 
1800 109 3 9 
1800 110 3 9 
1800 111 3 9 
1800 112 3 9 
1800 113 3 9 
1800 114 3 9 
1800 115 3 9 
1800 116 3 9 
1800 117 128 
1800 118 129 
1800 119 3 9 
1800 120 3 9 
1800 121 3 9 
1800 122 3 9 
1800 123 3 9 
1800 124 3 9 
1800 125 3 9 
1800 126 3 9 
1800 127 3 9 
1800 128 3 9 117 
1800 129 3 9 98 118 
1800 130 0 1 2 
1800 131 0 1 2 3 
1800 132 0 1 2 3 
1800 133 0 1 2 
1800 134 0 1 2 3 
1800 135 0 1 2 3 
1800 136 0 2 3 
1800 137 0 1 2 3 
1800 138 0 1 2 
1800 139 0 1 2 3 
1800 140 0 1 2 
1800 141 0 1 2 3 
1800 142 0 1 2 3 
1800 143 0 1 2 3 
1800 144 0 1 2 3 
1800 145 0 1 
1800 146 0 1 2 3 
1800 147 0 2 3 
1800 148 0 1 2 3 
1800 149 0 1 2 3 
3600 0 1 2 3 130 131 132 133 134 135 136 137 138 139 140 141 142 143 144 145 146 147 148 149 
3600 1 0 2 3 4 5 6 10 12 13 15 17 19 20 21 22 23 26 27 30 31 32 33 34 35 36 37 38 40 41 42 43 44 45 130 131 132 133 134 135 137 138 139 140 141 142 143 144 145 146 148 149 
3600 2 0 1 3 7 8 46 48 49 50 51 52 53 54 55 56 57 58 59 60 61 62 63 64 65 66 67 68 69 70 71 72 73 74 75 76 77 78 79 80 81 82 83 85 130 131 132 133 134 135 136 137 138 139 140 141 142 143 144 146 147 148 149 
3600 3 0 1 2 9 88 89 90 91 92 93 94 95 96 97 100 101 102 103 104 105 106 107 108 109 110 111 112 113 114 115 116 119 120 121 122 123 124 125 126 127 128 129 131 132 134 135 136 137 139 141 142 143 144 146 147 148 149 
3600 4 1 5 6 10 12 13 15 17 19 20 21 22 23 26 27 30 31 32 33 34 35 36 37 38 40 41 42 43 44 45 
3600 5 1 4 6 10 12 13 15 17 19 20 21 22 23 26 27 30 31 32 33 34 35 36 37 38 40 41 42 43 44 45 
3600 6 1 4 5 10 12 13 17 19 20 21 23 26 30 34 35 40 42 44 
3600 7 2 46 48 49 50 51 52 53 54 55 56 57 58 59 60 61 62 63 64 65 66 67 68 69 70 71 72 73 74 75 76 77 78 79 80 81 82 83 85 
3600 8 2 46 48 49 50 51 52 53 54 55 56 57 58 59 60 61 62 63 64 65 66 67 68 69 70 71 72 73 74 75 76 77 78 79 80 81 82 83 85 
3600 9 3 88 89 90 91 92 93 94 95 96 97 100 101 102 103 104 105 106 107 108 109 110 111 112 113 114 115 116 119 120 121 122 123 124 125 126 127 128 129 
3600 10 1 4 5 6 25 28 29 
3600 11 12 
3600 12 1 4 5 6 11 14 18 39 
3600 13 1 4 5 6 16 24 
3600 14 12 
3600 15 1 4 5 
3600 16 13 
3600 17 1 4 5 6 
3600 18 12 
3600 19 1 4 5 6 
3600 20 1 4 5 6 
3600 21 1 4 5 6 
3600 22 1 4 5 
3600 23 1 4 5 6 
3600 24 13 
3600 25 10 
3600 26 1 4 5 6 
3600 27 1 4 5 
3600 28 10 
3600 29 10 
3600 30 1 4 5 6 
3600 31 1 4 5 
3600 32 1 4 5 
3600 33 1 4 5 
3600 34 1 4 5 6 
3600 35 1 4 5 6 
3600 36 1 4 5 
3600 37 1 4 5 
3600 38 1 4 5 
3600 39 12 
3600 40 1 4 5 6 
3600 41 1 4 5 
3600 42 1 4 5 6 
3600 43 1 4 5 
3600 44 1 4 5 6 
3600 45 1 4 5 
3600 46 2 7 8 
3600 47 50 
3600 48 2 7 8 84 
3600 49 2 7 8 
3600 50 2 7 8 47 
3600 51 2 7 8 
3600 52 2 7 8 
3600 53 2 7 8 
3600 54 2 7 8 
3600 55 2 7 8 
3600 56 2 7 8 
3600 57 2 7 8 
3600 58 2 7 8 
3600 59 2 7 8 
3600 60 2 7 8 
3600 61 2 7 8 
3600 62 2 7 8 
3600 63 2 7 8 
3600 64 2 7 8 
3600 65 2 7 8 
3600 66 2 7 8 
3600 67 2 7 8 
3600 68 2 7 8 
3600 69 2 7 8 
3600 70 2 7 8 
3600 71 2 7 8 
3600 72 2 7 8 
3600 73 2 7 8 
3600 74 2 7 8 
3600 75 2 7 8 
3600 76 2 7 8 
3600 77 2 7 8 
3600 78 2 7 8 
3600 79 2 7 8 
3600 80 2 7 8 
3600 81 2 7 8 
3600 82 2 7 8 
3600 83 2 7 8 
3600 84 48 
3600 85 2 7 8 
3600 86 88 
3600 87 92 
3600 88 3 9 86 
3600 89 3 9 99 
3600 90 3 9 
3600 91 3 9 
3600 92 3 9 87 
3600 93 3 9 
3600 94 3 9 
3600 95 3 9 
3600 96 3 9 
3600 97 3 9 
3600 98 129 
3600 99 89 
3600 100 3 9 
3600 101 3 9 
3600 102 3 9 
3600 103 3 9 
3600 104 3 9 
3600 105 3 9 
3600 106 3 9 
3600 107 3 9 
3600 108 3 9 
3600 109 3 9 
3600 110 3 9 
3600 111 3 9 
3600 112 3 9 
3600 113 3 9 
3600 114 3 9 
3600 115 3 9 
3600 116 3 9 
3600 117 128 
3600 118 129 
3600 119 3 9 
3600 120 3 9 
3600 121 3 9 
3600 122 3 9 
3600 123 3 9 
3600 124 3 9 
3600 125 3 9 
3600 126 3 9 
3600 127 3 9 
3600 128 3 9 117 
3600 129 3 9 98 118 
3600 130 0 1 2 
3600 131 0 1 2 3 
3600 132 0 1 2 3 
3600 133 0 1 2 
3600 134 0 1 2 3 
3600 135 0 1 2 3 
3600 136 0 2 3 
3600 137 0 1 2 3 
3600 138 0 1 2 
3600 139 0 1 2 3 
3600 140 0 1 2 
3600 141 0 1 2 3 
3600 142 0 1 2 3 
3600 143 0 1 2 3 
3600 144 0 1 2 3 
3600 145 0 1 
3600 146 0 1 2 3 
3600 147 0 2 3 
3600 148 0 1 2 3 
3600 149 0 1 2 3 
5400 0 1 2 3 130 131 132 133 134 135 136 137 138 139 140 141 142 143 144 145 146 147 148 149 
5400 1 0 2 3 4 5 6 10 12 13 15 17 19 20 21 23 26 27 30 31 32 33 34 35 36 37 38 40 41 42 43 44 45 130 131 132 133 134 135 137 138 139 140 141 142 143 144 145 146 148 149 
5400 2 0 1 3 7 8 46 48 49 50 51 52 53 54 55 56 57 58 59 60 61 62 63 64 65 66 67 68 69 70 71 72 73 74 75 76 77 78 79 80 81 82 83 85 130 131 132 133 134 135 136 137 138 139 140 141 142 143 144 146 147 148 149 
5400 3 0 1 2 9 88 89 90 91 92 93 94 95 96 97 99 100 101 102 103 104 105 106 107 108 109 110 111 112 113 114 115 116 119 120 121 122 123 124 125 126 127 128 129 131 132 134 135 136 137 139 141 142 143 144 146 147 148 149 
5400 4 1 5 6 10 12 13 15 17 19 20 21 23 26 27 30 31 32 33 34 35 36 37 38 40 41 42 43 44 45 
5400 5 1 4 6 10 12 13 15 17 19 20 21 23 26 27 30 31 32 33 34 35 36 37 38 40 41 42 43 44 45 
5400 6 1 4 5 10 12 13 17 19 20 21 23 26 30 34 35 40 42 44 
5400 7 2 46 48 49 50 51 52 53 54 55 56 57 58 59 60 61 62 63 64 65 66 67 68 69 70 71 72 73 74 75 76 77 78 79 80 81 82 83 85 
5400 8 2 46 48 49 50 51 52 53 54 55 56 57 58 59 60 61 62 63 64 65 66 67 68 69 70 71 72 73 74 75 76 77 78 79 80 81 82 83 85 
5400 9 3 88 89 90 91 92 93 94 95 96 97 99 100 101 102 103 104 105 106 107 108 109 110 111 112 113 114 115 116 119 120 121 122 123 124 125 126 127 128 129 
5400 10 1 4 5 6 25 28 29 
5400 11 12 
5400 12 1 4 5 6 11 14 18 22 39 
5400 13 1 4 5 6 16 24 
5400 14 12 
5400 15 1 4 5 
5400 16 13 
5400 17 1 4 5 6 
5400 18 12 
5400 19 1 4 5 6 
5400 20 1 4 5 6 
5400 21 1 4 5 6 
5400 22 12 
5400 23 1 4 5 6 
5400 24 13 
5400 25 10 
5400 26 1 4 5 6 
5400 27 1 4 5 
5400 28 10 
5400 29 10 
5400 30 1 4 5 6 
5400 31 1 4 5 
5400 32 1 4 5 
5400 33 1 4 5 
5400 34 1 4 5 6 
5400 35 1 4 5 6 
5400 36 1 4 5 
5400 37 1 4 5 
5400 38 1 4 5 
5400 39 12 
5400 40 1 4 5 6 
5400 41 1 4 5 
5400 42 1 4 5 6 
5400 43 1 4 5 
5400 44 1 4 5 6 
5400 45 1 4 5 
5400 46 2 7 8 
5400 47 49 
5400 48 2 7 8 84 
5400 49 2 7 8 47 
5400 50 2 7 8 
5400 51 2 7 8 
5400 52 2 7 8 
5400 53 2 7 8 
5400 54 2 7 8 
5400 55 2 7 8 
5400 56 2 7 8 
5400 57 2 7 8 
5400 58 2 7 8 
5400 59 2 7 8 
5400 60 2 7 8 
5400 61 2 7 8 
5400 62 2 7 8 
5400 63 2 7 8 
5400 64 2 7 8 
5400 65 2 7 8 
5400 66 2 7 8 
5400 67 2 7 8 
5400 68 2 7 8 
5400 69 2 7 8 
5400 70 2 7 8 
5400 71 2 7 8 
5400 72 2 7 8 
5400 73 2 7 8 
5400 74 2 7 8 
5400 75 2 7 8 
5400 76 2 7 8 
5400 77 2 7 8 
5400 78 2 7 8 
5400 79 2 7 8 
5400 80 2 7 8 
5400 81 2 7 8 
5400 82 2 7 8 
5400 83 2 7 8 
5400 84 48 
5400 85 2 7 8 
5400 86 88 
5400 87 89 
5400 88 3 9 86 
5400 89 3 9 87 
5400 90 3 9 
5400 91 3 9 
5400 92 3 9 
5400 93 3 9 
5400 94 3 9 
5400 95 3 9 
5400 96 3 9 
5400 97 3 9 
5400 98 129 
5400 99 3 9 
5400 100 3 9 
5400 101 3 9 
5400 102 3 9 
5400 103 3 9 
5400 104 3 9 
5400 105 3 9 
5400 106 3 9 
5400 107 3 9 
5400 108 3 9 
5400 109 3 9 
5400 110 3 9 
5400 111 3 9 
5400 112 3 9 
5400 113 3 9 
5400 114 3 9 
5400 115 3 9 
5400 116 3 9 
5400 117 128 
5400 118 129 
5400 119 3 9 
5400 120 3 9 
5400 121 3 9 
5400 122 3 9 
5400 123 3 9 
5400 124 3 9 
5400 125 3 9 
5400 126 3 9 
5400 127 3 9 
5400 128 3 9 117 
5400 129 3 9 98 118 
5400 130 0 1 2 
5400 131 0 1 2 3 
5400 132 0 1 2 3 
5400 133 0 1 2 
5400 134 0 1 2 3 
5400 135 0 1 2 3 
5400 136 0 2 3 
5400 137 0 1 2 3 
5400 138 0 1 2 
5400 139 0 1 2 3 
5400 140 0 1 2 
5400 141 0 1 2 3 
5400 142 0 1 2 3 
5400 143 0 1 2 3 
5400 144 0 1 2 3 
5400 145 0 1 
5400 146 0 1 2 3 
5400 147 0 2 3 
5400 148 0 1 2 3 
5400 149 0 1 2 3 
7200 0 1 2 3 130 131 132 133 134 135 136 137 138 139 140 141 142 143 144 145 146 147 148 149 
7200 1 0 2 3 4 5 6 10 12 13 15 17 19 20 21 23 26 27 30 31 32 33 34 35 36 37 38 40 41 42 43 44 45 130 131 132 133 134 135 137 138 139 140 141 142 143 144 145 146 148 149 
7200 2 0 1 3 7 8 46 48 49 50 51 52 53 54 55 56 57 58 59 60 61 62 63 64 65 66 67 68 69 70 71 72 73 74 75 76 77 78 79 80 81 82 83 85 130 131 132 133 134 135 136 137 138 139 140 141 142 143 144 146 147 148 149 
7200 3 0 1 2 9 88 89 90 91 92 93 94 95 96 97 100 101 102 103 104 105 106 107 108 109 110 111 112 113 114 115 116 119 120 121 122 123 124 125 126 127 128 129 131 132 134 135 136 137 139 141 142 143 144 146 147 148 149 
7200 4 1 5 6 10 12 13 15 17 19 20 21 23 26 27 30 31 32 33 34 35 36 37 38 40 41 42 43 44 45 
7200 5 1 4 6 10 12 13 15 17 19 20 21 23 26 27 30 31 32 33 34 35 36 37 38 40 41 42 43 44 45 
7200 6 1 4 5 10 12 13 17 19 20 21 23 26 30 34 35 40 42 44 
7200 7 2 46 48 49 50 51 52 53 54 55 56 57 58 59 60 61 62 63 64 65 66 67 68 69 70 71 72 73 74 75 76 77 78 79 80 81 82 83 85 
7200 8 2 46 48 49 50 51 52 53 54 55 56 57 58 59 60 61 62 63 64 65 66 67 68 69 70 71 72 73 74 75 76 77 78 79 80 81 82 83 85 
7200 9 3 88 89 90 91 92 93 94 95 96 97 100 101 102 103 104 105 106 107 108 109 110 111 112 113 114 115 116 119 120 121 122 123 124 125 126 127 128 129 
7200 10 1 4 5 6 25 28 29 
7200 11 12 
7200 12 1 4 5 6 11 14 16 18 22 39 
7200 13 1 4 5 6 24 
7200 14 12 
7200 15 1 4 5 
7200 16 12 
7200 17 1 4 5 6 
7200 18 12 
7200 19 1 4 5 6 
7200 20 1 4 5 6 
7200 21 1 4 5 6 
7200 22 12 
7200 23 1 4 5 6 
7200 24 13 
7200 25 10 
7200 26 1 4 5 6 
7200 27 1 4 5 
7200 28 10 
7200 29 10 
7200 30 1 4 5 6 
7200 31 1 4 5 
7200 32 1 4 5 
7200 33 1 4 5 
7200 34 1 4 5 6 
7200 35 1 4 5 6 
7200 36 1 4 5 
7200 37 1 4 5 
7200 38 1 4 5 
7200 39 12 
7200 40 1 4 5 6 
7200 41 1 4 5 
7200 42 1 4 5 6 
7200 43 1 4 5 
7200 44 1 4 5 6 
7200 45 1 4 5 
7200 46 2 7 8 47 
7200 47 46 
7200 48 2 7 8 84 
7200 49 2 7 8 
7200 50 2 7 8 
7200 51 2 7 8 
7200 52 2 7 8 
7200 53 2 7 8 
7200 54 2 7 8 
7200 55 2 7 8 
7200 56 2 7 8 
7200 57 2 7 8 
7200 58 2 7 8 
7200 59 2 7 8 
7200 60 2 7 8 
7200 61 2 7 8 
7200 62 2 7 8 
7200 63 2 7 8 
7200 64 2 7 8 
7200 65 2 7 8 
7200 66 2 7 8 
7200 67 2 7 8 
7200 68 2 7 8 
7200 69 2 7 8 
7200 70 2 7 8 
7200 71 2 7 8 
7200 72 2 7 8 
7200 73 2 7 8 
7200 74 2 7 8 
7200 75 2 7 8 
7200 76 2 7 8 
7200 77 2 7 8 
7200 78 2 7 8 
7200 79 2 7 8 
7200 80 2 7 8 
7200 81 2 7 8 
7200 82 2 7 8 
7200 83 2 7 8 
7200 84 48 
7200 85 2 7 8 
7200 86 88 
7200 87 89 
7200 88 3 9 86 
7200 89 3 9 87 99 
7200 90 3 9 
7200 91 3 9 
7200 92 3 9 
7200 93 3 9 
7200 94 3 9 
7200 95 3 9 
7200 96 3 9 
7200 97 3 9 
7200 98 129 
7200 99 89 
7200 100 3 9 
7200 101 3 9 
7200 102 3 9 
7200 103 3 9 
7200 104 3 9 
7200 105 3 9 
7200 106 3 9 
7200 107 3 9 
7200 108 3 9 
7200 109 3 9 
7200 110 3 9 
7200 111 3 9 
7200 112 3 9 
7200 113 3 9 
7200 114 3 9 
7200 115 3 9 
7200 116 3 9 
7200 117 128 
7200 118 129 
7200 119 3 9 
7200 120 3 9 
7200 121 3 9 
7200 122 3 9 
7200 123 3 9 
7200 124 3 9 
7200 125 3 9 
7200 126 3 9 
7200 127 3 9 
7200 128 3 9 117 
7200 129 3 9 98 118 
7200 130 0 1 2 
7200 131 0 1 2 3 
7200 132 0 1 2 3 
7200 133 0 1 2 
7200 134 0 1 2 3 
7200 135 0 1 2 3 
7200 136 0 2 3 
7200 137 0 1 2 3 
7200 138 0 1 2 
7200 139 0 1 2 3 
7200 140 0 1 2 
7200 141 0 1 2 3 
7200 142 0 1 2 3 
7200 143 0 1 2 3 
7200 144 0 1 2 3 
7200 145 0 1 
7200 146 0 1 2 3 
7200 147 0 2 3 
7200 148 0 1 2 3 
7200 149 0 1 2 3 
9000 0 1 2 3 130 131 132 133 134 135 136 137 138 139 140 141 142 143 144 145 146 147 148 149 
9000 1 0 2 3 4 5 6 10 12 13 14 15 17 19 20 21 23 26 27 30 31 32 33 34 35 36 37 38 40 41 42 43 44 45 130 131 132 133 134 135 137 138 139 140 141 142 143 144 145 146 148 149 
9000 2 0 1 3 7 8 46 48 49 50 51 52 53 54 55 56 57 58 59 60 61 62 63 64 65 66 67 69 70 71 72 73 74 75 76 77 78 79 80 81 82 83 85 130 131 132 133 134 135 136 137 138 139 140 141 142 143 144 146 147 148 149 
9000 3 0 1 2 9 88 89 90 91 92 93 94 95 96 97 100 101 102 103 104 105 106 107 108 109 110 111 112 113 114 115 116 119 120 121 122 123 124 125 126 127 128 129 131 132 134 135 136 137 139 141 142 143 144 146 147 148 149 
9000 4 1 5 6 10 12 13 14 15 17 19 20 21 23 26 27 30 31 32 33 34 35 36 37 38 40 41 42 43 44 45 
9000 5 1 4 6 10 12 13 14 15 17 19 20 21 23 26 27 30 31 32 33 34 35 36 37 38 40 41 42 43 44 45 
9000 6 1 4 5 10 12 13 17 19 20 21 23 26 30 34 35 40 42 44 
9000 7 2 46 48 49 50 51 52 53 54 55 56 57 58 59 60 61 62 63 64 65 66 67 69 70 71 72 73 74 75 76 77 78 79 80 81 82 83 85 
9000 8 2 46 48 49 50 51 52 53 54 55 56 57 58 59 60 61 62 63 64 65 66 67 69 70 71 72 73 74 75 76 77 78 79 80 81 82 83 85 
9000 9 3 88 89 90 91 92 93 94 95 96 97 100 101 102 103 104 105 106 107 108 109 110 111 112 113 114 115 116 119 120 121 122 123 124 125 126 127 128 129 
9000 10 1 4 5 6 25 28 29 
9000 11 12 
9000 12 1 4 5 6 11 18 22 39 
9000 13 1 4 5 6 16 24 
9000 14 1 4 5 
9000 15 1 4 5 
9000 16 13 
9000 17 1 4 5 6 
9000 18 12 
9000 19 1 4 5 6 
9000 20 1 4 5 6 
9000 21 1 4 5 6 
9000 22 12 
9000 23 1 4 5 6 
9000 24 13 
9000 25 10 
9000 26 1 4 5 6 
9000 27 1 4 5 
9000 28 10 
9000 29 10 
9000 30 1 4 5 6 
9000 31 1 4 5 
9000 32 1 4 5 
9000 33 1 4 5 
9000 34 1 4 5 6 
9000 35 1 4 5 6 
9000 36 1 4 5 
9000 37 1 4 5 
9000 38 1 4 5 
9000 39 12 
9000 40 1 4 5 6 
9000 41 1 4 5 
9000 42 1 4 5 6 
9000 43 1 4 5 
9000 44 1 4 5 6 
9000 45 1 4 5 
9000 46 2 7 8 
9000 47 50 
9000 48 2 7 8 84 
9000 49 2 7 8 
9000 50 2 7 8 47 68 
9000 51 2 7 8 
9000 52 2 7 8 
9000 53 2 7 8 
9000 54 2 7 8 
9000 55 2 7 8 
9000 56 2 7 8 
9000 57 2 7 8 
9000 58 2 7 8 
9000 59 2 7 8 
9000 60 2 7 8 
9000 61 2 7 8 
9000 62 2 7 8 
9000 63 2 7 8 
9000 64 2 7 8 
9000 65 2 7 8 
9000 66 2 7 8 
9000 67 2 7 8 
9000 68 50 
9000 69 2 7 8 
9000 70 2 7 8 
9000 71 2 7 8 
9000 72 2 7 8 
9000 73 2 7 8 
9000 74 2 7 8 
9000 75 2 7 8 
9000 76 2 7 8 
9000 77 2 7 8 
9000 78 2 7 8 
9000 79 2 7 8 
9000 80 2 7 8 
9000 81 2 7 8 
9000 82 2 7 8 
9000 83 2 7 8 
9000 84 48 
9000 85 2 7 8 
9000 86 88 
9000 87 92 
9000 88 3 9 86 
9000 89 3 9 99 
9000 90 3 9 
9000 91 3 9 
9000 92 3 9 87 
9000 93 3 9 
9000 94 3 9 
9000 95 3 9 
9000 96 3 9 
9000 97 3 9 
9000 98 129 
9000 99 89 
9000 100 3 9 
9000 101 3 9 
9000 102 3 9 
9000 103 3 9 
9000 104 3 9 
9000 105 3 9 
9000 106 3 9 
9000 107 3 9 
9000 108 3 9 
9000 109 3 9 
9000 110 3 9 
9000 111 3 9 
9000 112 3 9 
9000 113 3 9 
9000 114 3 9 
9000 115 3 9 
9000 116 3 9 
9000 117 128 
9000 118 129 
9000 119 3 9 
9000 120 3 9 
9000 121 3 9 
9000 122 3 9 
9000 123 3 9 
9000 124 3 9 
9000 125 3 9 
9000 126 3 9 
9000 127 3 9 
9000 128 3 9 117 
9000 129 3 9 98 118 
9000 130 0 1 2 
9000 131 0 1 2 3 
9000 132 0 1 2 3 
9000 133 0 1 2 
9000 134 0 1 2 3 
9000 135 0 1 2 3 
9000 136 0 2 3 
9000 137 0 1 2 3 
9000 138 0 1 2 
9000 139 0 1 2 3 
9000 140 0 1 2 
9000 141 0 1 2 3 
9000 142 0 1 2 3 
9000 143 0 1 2 3 
9000 144 0 1 2 3 
9000 145 0 1 
9000 146 0 1 2 3 
9000 147 0 2 3 
9000 148 0 1 2 3 
9000 149 0 1 2 3 
