0 21600
1800 0 132 133 134 135 136 137 138 139 140 141 142 143 144 145 146 147 148 149 150 151 152 153 154 155 156 157 158 159 160 161 
1800 1 0 2 3 4 5 132 133 134 137 140 141 142 144 145 146 148 149 152 153 158 160 
1800 2 0 1 3 6 8 132 133 134 136 138 141 142 144 145 146 149 150 152 155 157 159 160 161 
1800 3 0 1 2 9 10 132 133 134 135 139 140 141 143 144 145 146 147 151 154 156 159 160 161 
1800 4 
1800 5 1 4 
1800 6 2 8 
1800 7 2 6 8 
1800 8 
1800 9 
1800 10 3 9 
1800 11 20 
1800 12 1 4 5 
1800 13 1 4 5 
1800 14 20 
1800 15 1 4 5 
1800 16 1 4 5 
1800 17 1 4 5 
1800 18 1 4 5 
1800 19 1 4 5 
1800 20 12 
1800 21 1 4 5 
1800 22 15 
1800 23 1 4 5 
1800 24 1 4 5 
1800 25 0 1 4 5 
1800 26 45 
1800 27 1 4 5 
1800 28 1 4 5 
1800 29 1 4 5 
1800 30 1 4 5 
1800 31 12 
1800 32 1 4 5 
1800 33 1 4 5 
1800 34 0 
1800 35 17 
1800 36 1 4 5 
1800 37 20 
1800 38 1 4 5 
1800 39 1 4 5 
1800 40 1 4 5 
1800 41 44 
1800 42 1 4 5 
1800 43 1 4 5 
1800 44 0 1 4 5 
1800 45 1 4 5 
1800 46 0 
1800 47 1 4 5 
1800 48 1 4 5 
1800 49 1 4 5 
1800 50 12 
1800 51 1 4 5 
1800 52 1 4 5 
1800 53 1 4 5 
1800 54 2 6 7 8 
1800 55 2 6 8 
1800 56 55 
1800 57 2 6 7 8 
1800 58 54 
1800 59 2 6 8 
1800 60 2 6 8 
1800 61 2 6 8 
1800 62 55 
1800 63 56 
1800 64 54 
1800 65 2 6 8 
1800 66 55 
1800 67 2 6 7 8 
1800 68 2 6 7 8 
1800 69 2 6 7 8 
1800 70 55 
1800 71 2 6 8 
1800 72 73 
1800 73 2 6 7 8 
1800 74 2 6 7 8 
1800 75 2 6 7 8 
1800 76 65 
1800 77 2 6 7 8 
1800 78 2 6 8 
1800 79 2 6 8 
1800 80 87 
1800 81 2 6 8 
1800 82 2 6 8 
1800 83 2 6 8 
1800 84 2 6 8 
1800 85 2 6 8 
1800 86 2 6 8 
1800 87 60 
1800 88 2 6 8 
1800 89 2 6 8 
1800 90 2 6 8 
1800 91 2 6 8 
1800 92 2 6 8 
1800 93 55 
1800 94 3 9 10 
1800 95 3 9 10 
1800 96 3 9 10 
1800 97 3 9 10 
1800 98 3 9 10 
1800 99 129 
1800 100 3 9 10 
1800 101 3 9 10 
1800 102 3 9 10 
1800 103 120 
1800 104 3 9 10 
1800 105 94 
1800 106 3 9 10 
1800 107 98 
1800 108 131 
1800 109 3 9 10 
1800 110 3 9 10 
1800 111 3 9 10 
1800 112 3 9 10 
1800 113 3 9 10 
1800 114 3 9 10 
1800 115 3 9 10 
1800 116 3 9 10 
1800 117 94 
1800 118 3 9 10 
1800 119 3 9 10 
1800 120 3 9 10 
1800 121 3 9 10 
1800 122 128 
1800 123 3 9 10 
1800 124 3 9 10 
1800 125 94 
1800 126 3 9 10 
1800 127 115 
1800 128 3 9 10 
1800 129 128 
1800 130 128 
1800 131 3 9 10 
1800 132 0 1 2 3 
1800 133 0 1 2 3 
1800 134 0 1 2 3 
1800 135 0 3 
1800 136 0 2 
1800 137 0 1 
1800 138 0 2 
1800 139 0 3 
1800 140 0 1 3 
1800 141 0 1 2 3 
1800 142 0 1 2 
1800 143 0 3 
1800 144 0 1 2 3 
1800 145 0 1 2 3 
1800 146 0 1 2 3 
1800 147 0 3 
1800 148 0 1 
1800 149 0 1 2 
1800 150 0 2 
1800 151 0 3 
1800 152 0 1 2 
1800 153 0 1 
1800 154 0 3 
1800 155 0 2 
1800 156 0 3 
1800 157 0 2 
1800 158 0 1 
1800 159 0 2 3 
1800 160 0 1 2 3 
1800 161 0 2 3 
3600 0 132 133 134 135 136 137 138 139 140 141 142 143 144 145 146 147 148 149 150 151 152 153 154 155 156 157 158 159 160 161 
3600 1 0 2 3 4 5 132 133 134 137 140 141 142 144 145 146 148 149 152 153 158 160 
3600 2 0 1 3 6 8 132 133 134 136 138 141 142 144 145 146 149 150 152 155 157 159 160 161 
3600 3 0 1 2 9 10 132 133 134 135 139 140 141 143 144 145 146 147 151 154 156 159 160 161 
3600 4 
3600 5 1 4 
3600 6 2 8 
3600 7 2 6 8 
3600 8 
3600 9 
3600 10 3 9 
3600 11 48 
3600 12 1 4 5 
3600 13 1 4 5 
3600 14 48 
3600 15 1 4 5 
3600 16 1 4 5 
3600 17 32 
3600 18 1 4 5 
3600 19 1 4 5 
3600 20 12 
3600 21 1 4 5 
3600 22 44 
3600 23 1 4 5 
3600 24 1 4 5 
3600 25 0 1 4 5 
3600 26 15 
3600 27 1 4 5 
3600 28 1 4 5 
3600 29 1 4 5 
3600 30 1 4 5 
3600 31 0 1 4 5 
3600 32 1 4 5 
3600 33 1 4 5 
3600 34 0 
3600 35 32 
3600 36 1 4 5 
3600 37 1 4 5 
3600 38 1 4 5 
3600 39 1 4 5 
3600 40 1 4 5 
3600 41 44 
3600 42 1 4 5 
3600 43 1 4 5 
3600 44 0 1 4 5 
3600 45 1 4 5 
3600 46 0 
3600 47 1 4 5 
3600 48 1 4 5 
3600 49 1 4 5 
3600 50 31 
3600 51 1 4 5 
3600 52 1 4 5 
3600 53 1 4 5 
3600 54 2 6 7 8 
3600 55 2 6 8 
3600 56 57 
3600 57 2 6 7 8 
3600 58 57 
3600 59 2 6 8 
3600 60 2 6 8 
3600 61 2 6 8 
3600 62 57 
3600 63 56 
3600 64 55 
3600 65 2 6 8 
3600 66 57 
3600 67 2 6 7 8 
3600 68 2 6 7 8 
3600 69 2 6 7 8 
3600 70 60 
3600 71 2 6 8 
3600 72 67 
3600 73 2 6 7 8 
3600 74 2 6 7 8 
3600 75 2 6 7 8 
3600 76 92 
3600 77 2 6 7 8 
3600 78 2 6 8 
3600 79 2 6 8 
3600 80 87 
3600 81 2 6 8 
3600 82 2 6 8 
3600 83 2 6 8 
3600 84 2 6 8 
3600 85 2 6 8 
3600 86 2 6 8 
3600 87 54 
3600 88 2 6 8 
3600 89 2 6 8 
3600 90 2 6 8 
3600 91 2 6 8 
3600 92 2 6 8 
3600 93 57 
3600 94 3 9 10 
3600 95 3 9 10 
3600 96 3 9 10 
3600 97 3 9 10 
3600 98 3 9 10 
3600 99 128 
3600 100 3 9 10 
3600 101 3 9 10 
3600 102 3 9 10 
3600 103 116 
3600 104 3 9 10 
3600 105 94 
3600 106 3 9 10 
3600 107 98 
3600 108 112 
3600 109 3 9 10 
3600 110 3 9 10 
3600 111 3 9 10 
3600 112 3 9 10 
3600 113 3 9 10 
3600 114 3 9 10 
3600 115 3 9 10 
3600 116 3 9 10 
3600 117 94 
3600 118 3 9 10 
3600 119 3 9 10 
3600 120 3 9 10 
3600 121 3 9 10 
3600 122 128 
3600 123 3 9 10 
3600 124 3 9 10 
3600 125 96 
3600 126 3 9 10 
3600 127 101 
3600 128 3 9 10 
3600 129 128 
3600 130 123 
3600 131 3 9 10 
3600 132 0 1 2 3 
3600 133 0 1 2 3 
3600 134 0 1 2 3 
3600 135 0 3 
3600 136 0 2 
3600 137 0 1 
3600 138 0 2 
3600 139 0 3 
3600 140 0 1 3 
3600 141 0 1 2 3 
3600 142 0 1 2 
3600 143 0 3 
3600 144 0 1 2 3 
3600 145 0 1 2 3 
3600 146 0 1 2 3 
3600 147 0 3 
3600 148 0 1 
3600 149 0 1 2 
3600 150 0 2 
3600 151 0 3 
3600 152 0 1 2 
3600 153 0 1 
3600 154 0 3 
3600 155 0 2 
3600 156 0 3 
3600 157 0 2 
3600 158 0 1 
3600 159 0 2 3 
3600 160 0 1 2 3 
3600 161 0 2 3 
5400 0 132 133 134 135 136 137 138 139 140 141 142 143 144 145 146 147 148 149 150 151 152 153 154 155 156 157 158 159 160 161 
5400 1 0 2 3 4 5 132 133 134 137 140 141 142 144 145 146 148 149 152 153 158 160 
5400 2 0 1 3 6 8 132 133 134 136 138 141 142 144 145 146 149 150 152 155 157 159 160 161 
5400 3 0 1 2 9 10 132 133 134 135 139 140 141 143 144 145 146 147 151 154 156 159 160 161 
5400 4 
5400 5 1 4 
5400 6 2 8 
5400 7 2 6 8 
5400 8 
5400 9 
5400 10 3 9 
5400 11 51 
5400 12 1 4 5 
5400 13 1 4 5 
5400 14 51 
5400 15 1 4 5 
5400 16 1 4 5 
5400 17 45 
5400 18 1 4 5 
5400 19 1 4 5 
5400 20 12 
5400 21 1 4 5 
5400 22 45 
5400 23 1 4 5 
5400 24 1 4 5 
5400 25 0 1 4 5 
5400 26 37 
5400 27 1 4 5 
5400 28 1 4 5 
5400 29 1 4 5 
5400 30 1 4 5 
5400 31 1 4 5 
5400 32 1 4 5 
5400 33 1 4 5 
5400 34 0 
5400 35 45 
5400 36 1 4 5 
5400 37 1 4 5 
5400 38 1 4 5 
5400 39 1 4 5 
5400 40 1 4 5 
5400 41 44 
5400 42 1 4 5 
5400 43 1 4 5 
5400 44 0 1 4 5 
5400 45 1 4 5 
5400 46 0 
5400 47 1 4 5 
5400 48 1 4 5 
5400 49 1 4 5 
5400 50 32 
5400 51 1 4 5 
5400 52 1 4 5 
5400 53 1 4 5 
5400 54 2 6 7 8 
5400 55 2 6 8 
5400 56 61 
5400 57 2 6 7 8 
5400 58 61 
5400 59 2 6 8 
5400 60 2 6 8 
5400 61 2 6 8 
5400 62 61 
5400 63 83 
5400 64 55 
5400 65 2 6 8 
5400 66 61 
5400 67 2 6 7 8 
5400 68 2 6 7 8 
5400 69 2 6 7 8 
5400 70 2 6 8 
5400 71 2 6 8 
5400 72 83 
5400 73 2 6 7 8 
5400 74 2 6 7 8 
5400 75 2 6 7 8 
5400 76 84 
5400 77 2 6 7 8 
5400 78 2 6 8 
5400 79 2 6 8 
5400 80 87 
5400 81 2 6 8 
5400 82 2 6 8 
5400 83 2 6 8 
5400 84 2 6 8 
5400 85 2 6 8 
5400 86 2 6 8 
5400 87 54 
5400 88 2 6 8 
5400 89 2 6 8 
5400 90 2 6 8 
5400 91 2 6 8 
5400 92 2 6 8 
5400 93 2 6 8 
5400 94 3 9 10 
5400 95 3 9 10 
5400 96 3 9 10 
5400 97 3 9 10 
5400 98 3 9 10 
5400 99 104 
5400 100 3 9 10 
5400 101 3 9 10 
5400 102 3 9 10 
5400 103 100 
5400 104 3 9 10 
5400 105 94 
5400 106 3 9 10 
5400 107 98 
5400 108 131 
5400 109 3 9 10 
5400 110 3 9 10 
5400 111 3 9 10 
5400 112 3 9 10 
5400 113 3 9 10 
5400 114 3 9 10 
5400 115 3 9 10 
5400 116 3 9 10 
5400 117 94 
5400 118 3 9 10 
5400 119 3 9 10 
5400 120 3 9 10 
5400 121 3 9 10 
5400 122 128 
5400 123 3 9 10 
5400 124 3 9 10 
5400 125 96 
5400 126 3 9 10 
5400 127 104 
5400 128 3 9 10 
5400 129 128 
5400 130 128 
5400 131 3 9 10 
5400 132 0 1 2 3 
5400 133 0 1 2 3 
5400 134 0 1 2 3 
5400 135 0 3 
5400 136 0 2 
5400 137 0 1 
5400 138 0 2 
5400 139 0 3 
5400 140 0 1 3 
5400 141 0 1 2 3 
5400 142 0 1 2 
5400 143 0 3 
5400 144 0 1 2 3 
5400 145 0 1 2 3 
5400 146 0 1 2 3 
5400 147 0 3 
5400 148 0 1 
5400 149 0 1 2 
5400 150 0 2 
5400 151 0 3 
5400 152 0 1 2 
5400 153 0 1 
5400 154 0 3 
5400 155 0 2 
5400 156 0 3 
5400 157 0 2 
5400 158 0 1 
5400 159 0 2 3 
5400 160 0 1 2 3 
5400 161 0 2 3 
7200 0 132 133 134 135 136 137 138 139 140 141 142 143 144 145 146 147 148 149 150 151 152 153 154 155 156 157 158 159 160 161 
7200 1 0 2 3 4 5 132 133 134 137 140 141 142 144 145 146 148 149 152 153 158 160 
7200 2 0 1 3 6 8 132 133 134 136 138 141 142 144 145 146 149 150 152 155 157 159 160 161 
7200 3 0 1 2 9 10 132 133 134 135 139 140 141 143 144 145 146 147 151 154 156 159 160 161 
7200 4 
7200 5 1 4 
7200 6 2 8 
7200 7 2 6 8 
7200 8 
7200 9 
7200 10 3 9 
7200 11 37 
7200 12 1 4 5 
7200 13 1 4 5 
7200 14 37 
7200 15 1 4 5 
7200 16 1 4 5 
7200 17 30 
7200 18 1 4 5 
7200 19 1 4 5 
7200 20 12 
7200 21 1 4 5 
7200 22 15 
7200 23 1 4 5 
7200 24 1 4 5 
7200 25 0 1 4 5 
7200 26 12 
7200 27 1 4 5 
7200 28 1 4 5 
7200 29 1 4 5 
7200 30 1 4 5 
7200 31 1 4 5 
7200 32 1 4 5 
7200 33 1 4 5 
7200 34 0 
7200 35 17 
7200 36 1 4 5 
7200 37 1 4 5 
7200 38 1 4 5 
7200 39 1 4 5 
7200 40 1 4 5 
7200 41 44 
7200 42 1 4 5 
7200 43 1 4 5 
7200 44 0 1 4 5 
7200 45 1 4 5 
7200 46 0 
7200 47 1 4 5 
7200 48 1 4 5 
7200 49 1 4 5 
7200 50 12 
7200 51 1 4 5 
7200 52 1 4 5 
7200 53 1 4 5 
7200 54 2 6 7 8 
7200 55 2 6 8 
7200 56 61 
7200 57 2 6 7 8 
7200 58 61 
7200 59 2 6 8 
7200 60 2 6 8 
7200 61 2 6 8 
7200 62 61 
7200 63 2 6 8 
7200 64 55 
7200 65 2 6 8 
7200 66 61 
7200 67 2 6 7 8 
7200 68 2 6 7 8 
7200 69 2 6 7 8 
7200 70 73 
7200 71 2 6 8 
7200 72 67 
7200 73 2 6 7 8 
7200 74 2 6 7 8 
7200 75 2 6 7 8 
7200 76 67 
7200 77 2 6 7 8 
7200 78 2 6 8 
7200 79 2 6 8 
7200 80 74 
7200 81 2 6 8 
7200 82 2 6 8 
7200 83 2 6 8 
7200 84 2 6 8 
7200 85 2 6 8 
7200 86 2 6 8 
7200 87 2 6 8 
7200 88 2 6 8 
7200 89 2 6 8 
7200 90 2 6 8 
7200 91 2 6 8 
7200 92 2 6 8 
7200 93 61 
7200 94 3 9 10 
7200 95 3 9 10 
7200 96 3 9 10 
7200 97 3 9 10 
7200 98 3 9 10 
7200 99 104 
7200 100 3 9 10 
7200 101 3 9 10 
7200 102 3 9 10 
7200 103 
7200 104 3 9 10 
7200 105 94 
7200 106 3 9 10 
7200 107 94 
7200 108 131 
7200 109 3 9 10 
7200 110 3 9 10 
7200 111 3 9 10 
7200 112 3 9 10 
7200 113 3 9 10 
7200 114 3 9 10 
7200 115 3 9 10 
7200 116 3 9 10 
7200 117 94 
7200 118 3 9 10 
7200 119 3 9 10 
7200 120 3 9 10 
7200 121 3 9 10 
7200 122 128 
7200 123 3 9 10 
7200 124 3 9 10 
7200 125 96 
7200 126 3 9 10 
7200 127 
7200 128 3 9 10 
7200 129 128 
7200 130 128 
7200 131 3 9 10 
7200 132 0 1 2 3 
7200 133 0 1 2 3 
7200 134 0 1 2 3 
7200 135 0 3 
7200 136 0 2 
7200 137 0 1 
7200 138 0 2 
7200 139 0 3 
7200 140 0 1 3 
7200 141 0 1 2 3 
7200 142 0 1 2 
7200 143 0 3 
7200 144 0 1 2 3 
7200 145 0 1 2 3 
7200 146 0 1 2 3 
7200 147 0 3 
7200 148 0 1 
7200 149 0 1 2 
7200 150 0 2 
7200 151 0 3 
7200 152 0 1 2 
7200 153 0 1 
7200 154 0 3 
7200 155 0 2 
7200 156 0 3 
7200 157 0 2 
7200 158 0 1 
7200 159 0 2 3 
7200 160 0 1 2 3 
7200 161 0 2 3 
9000 0 132 133 134 135 136 137 138 139 140 141 142 143 144 145 146 147 148 149 150 151 152 153 154 155 156 157 158 159 160 161 
9000 1 0 2 3 4 5 132 133 134 137 140 141 142 144 145 146 148 149 152 153 158 160 
9000 2 0 1 3 6 8 132 133 134 136 138 141 142 144 145 146 149 150 152 155 157 159 160 161 
9000 3 0 1 2 9 10 132 133 134 135 139 140 141 143 144 145 146 147 151 154 156 159 160 161 
9000 4 
9000 5 1 4 
9000 6 2 8 
9000 7 2 6 8 
9000 8 
9000 9 
9000 10 3 9 
9000 11 37 
9000 12 1 4 5 
9000 13 1 4 5 
9000 14 20 
9000 15 1 4 5 
9000 16 0 1 4 5 
9000 17 37 
9000 18 1 4 5 
9000 19 1 4 5 
9000 20 16 
9000 21 1 4 5 
9000 22 37 
9000 23 0 1 4 5 
9000 24 1 4 5 
9000 25 0 1 4 5 
9000 26 37 
9000 27 1 4 5 
9000 28 1 4 5 
9000 29 1 4 5 
9000 30 1 4 5 
9000 31 1 4 5 
9000 32 1 4 5 
9000 33 1 4 5 
9000 34 0 
9000 35 37 
9000 36 47 
9000 37 1 4 5 
9000 38 1 4 5 
9000 39 1 4 5 
9000 40 1 4 5 
9000 41 0 
9000 42 0 1 4 5 
9000 43 0 1 4 5 
9000 44 0 1 4 5 
9000 45 1 4 5 
9000 46 0 
9000 47 1 4 5 
9000 48 1 4 5 
9000 49 1 4 5 
9000 50 32 
9000 51 1 4 5 
9000 52 1 4 5 
9000 53 1 4 5 
9000 54 2 6 7 8 
9000 55 2 6 8 
9000 56 73 
9000 57 2 6 7 8 
9000 58 67 
9000 59 2 6 8 
9000 60 2 6 8 
9000 61 2 6 8 
9000 62 61 
9000 63 56 
9000 64 67 
9000 65 2 6 8 
9000 66 77 
9000 67 2 6 7 8 
9000 68 2 6 7 8 
9000 69 2 6 7 8 
9000 70 67 
9000 71 2 6 8 
9000 72 64 
9000 73 2 6 7 8 
9000 74 2 6 7 8 
9000 75 2 6 7 8 
9000 76 84 
9000 77 2 6 7 8 
9000 78 2 6 8 
9000 79 2 6 8 
9000 80 67 
9000 81 2 6 8 
9000 82 2 6 8 
9000 83 2 6 8 
9000 84 2 6 8 
9000 85 68 
9000 86 2 6 8 
9000 87 54 
9000 88 2 6 8 
9000 89 2 6 8 
9000 90 2 6 8 
9000 91 2 6 8 
9000 92 2 6 8 
9000 93 73 
9000 94 3 9 10 
9000 95 3 9 10 
9000 96 3 9 10 
9000 97 3 9 10 
9000 98 3 9 10 
9000 99 128 
9000 100 3 9 10 
9000 101 3 9 10 
9000 102 3 9 10 
9000 103 
9000 104 3 9 10 
9000 105 3 9 10 
9000 106 3 9 10 
9000 107 98 
9000 108 131 
9000 109 3 9 10 
9000 110 3 9 10 
9000 111 3 9 10 
9000 112 3 9 10 
9000 113 3 9 10 
9000 114 3 9 10 
9000 115 3 9 10 
9000 116 3 9 10 
9000 117 96 
9000 118 3 9 10 
9000 119 3 9 10 
9000 120 3 9 10 
9000 121 3 9 10 
9000 122 128 
9000 123 3 9 10 
9000 124 3 9 10 
9000 125 96 
9000 126 3 9 10 
9000 127 104 
9000 128 3 9 10 
9000 129 128 
9000 130 128 
9000 131 3 9 10 
9000 132 0 1 2 3 
9000 133 0 1 2 3 
9000 134 0 1 2 3 
9000 135 0 3 
9000 136 0 2 
9000 137 0 1 
9000 138 0 2 
9000 139 0 3 
9000 140 0 1 3 
9000 141 0 1 2 3 
9000 142 0 1 2 
9000 143 0 3 
9000 144 0 1 2 3 
9000 145 0 1 2 3 
9000 146 0 1 2 3 
9000 147 0 3 
9000 148 0 1 
9000 149 0 1 2 
9000 150 0 2 
9000 151 0 3 
9000 152 0 1 2 
9000 153 0 1 
9000 154 0 3 
9000 155 0 2 
9000 156 0 3 
9000 157 0 2 
9000 158 0 1 
9000 159 0 2 3 
9000 160 0 1 2 3 
9000 161 0 2 3 
10800 0 132 133 134 135 136 137 138 139 140 141 142 143 144 145 146 147 148 149 150 151 152 153 154 155 156 157 158 159 160 161 
10800 1 0 2 3 4 5 132 133 134 137 140 141 142 144 145 146 148 149 152 153 158 160 
10800 2 0 1 3 6 8 132 133 134 136 138 141 142 144 145 146 149 150 152 155 157 159 160 161 
10800 3 0 1 2 9 10 132 133 134 135 139 140 141 143 144 145 146 147 151 154 156 159 160 161 
10800 4 
10800 5 1 4 
10800 6 2 8 
10800 7 2 6 8 
10800 8 
10800 9 
10800 10 3 9 
10800 11 37 
10800 12 1 4 5 
10800 13 1 4 5 
10800 14 37 
10800 15 1 4 5 
10800 16 1 4 5 
10800 17 24 
10800 18 1 4 5 
10800 19 1 4 5 
10800 20 12 
10800 21 1 4 5 
10800 22 15 
10800 23 1 4 5 
10800 24 1 4 5 
10800 25 0 1 4 5 
10800 26 37 
10800 27 1 4 5 
10800 28 1 4 5 
10800 29 1 4 5 
10800 30 1 4 5 
10800 31 1 4 5 
10800 32 1 4 5 
10800 33 1 4 5 
10800 34 0 
10800 35 24 
10800 36 1 4 5 
10800 37 1 4 5 
10800 38 1 4 5 
10800 39 1 4 5 
10800 40 1 4 5 
10800 41 42 
10800 42 0 1 4 5 
10800 43 1 4 5 
10800 44 0 1 4 5 
10800 45 1 4 5 
10800 46 0 
10800 47 1 4 5 
10800 48 1 4 5 
10800 49 1 4 5 
10800 50 51 
10800 51 1 4 5 
10800 52 1 4 5 
10800 53 1 4 5 
10800 54 2 6 7 8 
10800 55 2 6 8 
10800 56 2 6 7 8 
10800 57 2 6 7 8 
10800 58 56 
10800 59 2 6 8 
10800 60 2 6 8 
10800 61 2 6 8 
10800 62 56 
10800 63 56 
10800 64 55 
10800 65 2 6 8 
10800 66 78 
10800 67 2 6 7 8 
10800 68 2 6 7 8 
10800 69 2 6 7 8 
10800 70 56 
10800 71 2 6 8 
10800 72 89 
10800 73 2 6 7 8 
10800 74 2 6 7 8 
10800 75 2 6 7 8 
10800 76 84 
10800 77 2 6 7 8 
10800 78 2 6 8 
10800 79 2 6 8 
10800 80 87 
10800 81 2 6 8 
10800 82 2 6 8 
10800 83 2 6 8 
10800 84 2 6 8 
10800 85 2 6 8 
10800 86 2 6 8 
10800 87 54 
10800 88 2 6 8 
10800 89 2 6 8 
10800 90 2 6 8 
10800 91 2 6 8 
10800 92 2 6 8 
10800 93 56 
10800 94 3 9 10 
10800 95 3 9 10 
10800 96 3 9 10 
10800 97 3 9 10 
10800 98 3 9 10 
10800 99 129 
10800 100 3 9 10 
10800 101 3 9 10 
10800 102 3 9 10 
10800 103 115 
10800 104 3 9 10 
10800 105 94 
10800 106 3 9 10 
10800 107 98 
10800 108 131 
10800 109 3 9 10 
10800 110 3 9 10 
10800 111 3 9 10 
10800 112 3 9 10 
10800 113 3 9 10 
10800 114 3 9 10 
10800 115 3 9 10 
10800 116 3 9 10 
10800 117 94 
10800 118 3 9 10 
10800 119 3 9 10 
10800 120 3 9 10 
10800 121 3 9 10 
10800 122 131 
10800 123 3 9 10 
10800 124 3 9 10 
10800 125 96 
10800 126 3 9 10 
10800 127 
10800 128 3 9 10 
10800 129 128 
10800 130 128 
10800 131 3 9 10 
10800 132 0 1 2 3 
10800 133 0 1 2 3 
10800 134 0 1 2 3 
10800 135 0 3 
10800 136 0 2 
10800 137 0 1 
10800 138 0 2 
10800 139 0 3 
10800 140 0 1 3 
10800 141 0 1 2 3 
10800 142 0 1 2 
10800 143 0 3 
10800 144 0 1 2 3 
10800 145 0 1 2 3 
10800 146 0 1 2 3 
10800 147 0 3 
10800 148 0 1 
10800 149 0 1 2 
10800 150 0 2 
10800 151 0 3 
10800 152 0 1 2 
10800 153 0 1 
10800 154 0 3 
10800 155 0 2 
10800 156 0 3 
10800 157 0 2 
10800 158 0 1 
10800 159 0 2 3 
10800 160 0 1 2 3 
10800 161 0 2 3 
12600 0 132 133 134 135 136 137 138 139 140 141 142 143 144 145 146 147 148 149 150 151 152 153 154 155 156 157 158 159 160 161 
12600 1 0 2 3 4 5 132 133 134 137 140 141 142 144 145 146 148 149 152 153 158 160 
12600 2 0 1 3 6 8 132 133 134 136 138 141 142 144 145 146 149 150 152 155 157 159 160 161 
12600 3 0 1 2 9 10 132 133 134 135 139 140 141 143 144 145 146 147 151 154 156 159 160 161 
12600 4 
12600 5 1 4 
12600 6 2 8 
12600 7 2 6 8 
12600 8 
12600 9 
12600 10 3 9 
12600 11 37 
12600 12 1 4 5 
12600 13 1 4 5 
12600 14 40 
12600 15 1 4 5 
12600 16 1 4 5 
12600 17 47 
12600 18 1 4 5 
12600 19 1 4 5 
12600 20 44 
12600 21 1 4 5 
12600 22 49 
12600 23 1 4 5 
12600 24 1 4 5 
12600 25 0 1 4 5 
12600 26 24 
12600 27 1 4 5 
12600 28 1 4 5 
12600 29 1 4 5 
12600 30 1 4 5 
12600 31 1 4 5 
12600 32 1 4 5 
12600 33 1 4 5 
12600 34 0 
12600 35 17 
12600 36 1 4 5 
12600 37 1 4 5 
12600 38 1 4 5 
12600 39 1 4 5 
12600 40 1 4 5 
12600 41 43 
12600 42 1 4 5 
12600 43 0 1 4 5 
12600 44 0 1 4 5 
12600 45 1 4 5 
12600 46 0 
12600 47 1 4 5 
12600 48 1 4 5 
12600 49 1 4 5 
12600 50 44 
12600 51 1 4 5 
12600 52 1 4 5 
12600 53 1 4 5 
12600 54 2 6 7 8 
12600 55 2 6 8 
12600 56 61 
12600 57 2 6 7 8 
12600 58 61 
12600 59 2 6 8 
12600 60 2 6 8 
12600 61 2 6 8 
12600 62 57 
12600 63 56 
12600 64 55 
12600 65 2 6 8 
12600 66 61 
12600 67 2 6 7 8 
12600 68 2 6 7 8 
12600 69 2 6 7 8 
12600 70 73 
12600 71 2 6 8 
12600 72 
12600 73 2 6 7 8 
12600 74 2 6 7 8 
12600 75 2 6 7 8 
12600 76 84 
12600 77 2 6 7 8 
12600 78 2 6 8 
12600 79 2 6 8 
12600 80 87 
12600 81 2 6 8 
12600 82 2 6 8 
12600 83 2 6 8 
12600 84 2 6 8 
12600 85 2 6 8 
12600 86 2 6 8 
12600 87 54 
12600 88 2 6 8 
12600 89 2 6 8 
12600 90 2 6 8 
12600 91 2 6 8 
12600 92 2 6 8 
12600 93 61 
12600 94 3 9 10 
12600 95 3 9 10 
12600 96 3 9 10 
12600 97 3 9 10 
12600 98 3 9 10 
12600 99 129 
12600 100 3 9 10 
12600 101 3 9 10 
12600 102 3 9 10 
12600 103 115 
12600 104 3 9 10 
12600 105 94 
12600 106 3 9 10 
12600 107 98 
12600 108 131 
12600 109 3 9 10 
12600 110 3 9 10 
12600 111 3 9 10 
12600 112 3 9 10 
12600 113 3 9 10 
12600 114 3 9 10 
12600 115 3 9 10 
12600 116 3 9 10 
12600 117 3 9 10 
12600 118 3 9 10 
12600 119 3 9 10 
12600 120 3 9 10 
12600 121 3 9 10 
12600 122 128 
12600 123 3 9 10 
12600 124 3 9 10 
12600 125 96 
12600 126 3 9 10 
12600 127 
12600 128 3 9 10 
12600 129 128 
12600 130 128 
12600 131 3 9 10 
12600 132 0 1 2 3 
12600 133 0 1 2 3 
12600 134 0 1 2 3 
12600 135 0 3 
12600 136 0 2 
12600 137 0 1 
12600 138 0 2 
12600 139 0 3 
12600 140 0 1 3 
12600 141 0 1 2 3 
12600 142 0 1 2 
12600 143 0 3 
12600 144 0 1 2 3 
12600 145 0 1 2 3 
12600 146 0 1 2 3 
12600 147 0 3 
12600 148 0 1 
12600 149 0 1 2 
12600 150 0 2 
12600 151 0 3 
12600 152 0 1 2 
12600 153 0 1 
12600 154 0 3 
12600 155 0 2 
12600 156 0 3 
12600 157 0 2 
12600 158 0 1 
12600 159 0 2 3 
12600 160 0 1 2 3 
12600 161 0 2 3 
14400 0 132 133 134 135 136 137 138 139 140 141 142 143 144 145 146 147 148 149 150 151 152 153 154 155 156 157 158 159 160 161 
14400 1 0 2 3 4 5 132 133 134 137 140 141 142 144 145 146 148 149 152 153 158 160 
14400 2 0 1 3 6 8 132 133 134 136 138 141 142 144 145 146 149 150 152 155 157 159 160 161 
14400 3 0 1 2 9 10 132 133 134 135 139 140 141 143 144 145 146 147 151 154 156 159 160 161 
14400 4 
14400 5 1 4 
14400 6 2 8 
14400 7 2 6 8 
14400 8 
14400 9 
14400 10 3 9 
14400 11 44 
14400 12 1 4 5 
14400 13 1 4 5 
14400 14 32 
14400 15 1 4 5 
14400 16 1 4 5 
14400 17 11 
14400 18 1 4 5 
14400 19 1 4 5 
14400 20 12 
14400 21 1 4 5 
14400 22 15 
14400 23 1 4 5 
14400 24 1 4 5 
14400 25 0 1 4 5 
14400 26 32 
14400 27 1 4 5 
14400 28 1 4 5 
14400 29 1 4 5 
14400 30 1 4 5 
14400 31 1 4 5 
14400 32 1 4 5 
14400 33 1 4 5 
14400 34 0 
14400 35 11 
14400 36 1 4 5 
14400 37 1 4 5 
14400 38 1 4 5 
14400 39 1 4 5 
14400 40 1 4 5 
14400 41 44 
14400 42 1 4 5 
14400 43 1 4 5 
14400 44 0 1 4 5 
14400 45 1 4 5 
14400 46 0 
14400 47 1 4 5 
14400 48 1 4 5 
14400 49 1 4 5 
14400 50 12 
14400 51 1 4 5 
14400 52 1 4 5 
14400 53 1 4 5 
14400 54 2 6 7 8 
14400 55 2 6 8 
14400 56 61 
14400 57 2 6 7 8 
14400 58 59 
14400 59 2 6 8 
14400 60 2 6 8 
14400 61 2 6 8 
14400 62 73 
14400 63 83 
14400 64 55 
14400 65 2 6 8 
14400 66 73 
14400 67 2 6 7 8 
14400 68 2 6 7 8 
14400 69 2 6 7 8 
14400 70 73 
14400 71 2 6 8 
14400 72 92 
14400 73 2 6 7 8 
14400 74 2 6 7 8 
14400 75 2 6 7 8 
14400 76 92 
14400 77 2 6 7 8 
14400 78 2 6 8 
14400 79 2 6 8 
14400 80 75 
14400 81 2 6 8 
14400 82 2 6 8 
14400 83 2 6 8 
14400 84 2 6 8 
14400 85 2 6 8 
14400 86 2 6 8 
14400 87 54 
14400 88 2 6 8 
14400 89 2 6 8 
14400 90 2 6 8 
14400 91 2 6 8 
14400 92 2 6 8 
14400 93 61 
14400 94 3 9 10 
14400 95 3 9 10 
14400 96 3 9 10 
14400 97 3 9 10 
14400 98 3 9 10 
14400 99 129 
14400 100 3 9 10 
14400 101 3 9 10 
14400 102 3 9 10 
14400 103 122 
14400 104 3 9 10 
14400 105 3 9 10 
14400 106 3 9 10 
14400 107 116 
14400 108 131 
14400 109 3 9 10 
14400 110 3 9 10 
14400 111 3 9 10 
14400 112 3 9 10 
14400 113 3 9 10 
14400 114 3 9 10 
14400 115 3 9 10 
14400 116 3 9 10 
14400 117 94 
14400 118 3 9 10 
14400 119 3 9 10 
14400 120 3 9 10 
14400 121 3 9 10 
14400 122 128 
14400 123 3 9 10 
14400 124 3 9 10 
14400 125 96 
14400 126 3 9 10 
14400 127 
14400 128 3 9 10 
14400 129 128 
14400 130 128 
14400 131 3 9 10 
14400 132 0 1 2 3 
14400 133 0 1 2 3 
14400 134 0 1 2 3 
14400 135 0 3 
14400 136 0 2 
14400 137 0 1 
14400 138 0 2 
14400 139 0 3 
14400 140 0 1 3 
14400 141 0 1 2 3 
14400 142 0 1 2 
14400 143 0 3 
14400 144 0 1 2 3 
14400 145 0 1 2 3 
14400 146 0 1 2 3 
14400 147 0 3 
14400 148 0 1 
14400 149 0 1 2 
14400 150 0 2 
14400 151 0 3 
14400 152 0 1 2 
14400 153 0 1 
14400 154 0 3 
14400 155 0 2 
14400 156 0 3 
14400 157 0 2 
14400 158 0 1 
14400 159 0 2 3 
14400 160 0 1 2 3 
14400 161 0 2 3 
16200 0 132 133 134 135 136 137 138 139 140 141 142 143 144 145 146 147 148 149 150 151 152 153 154 155 156 157 158 159 160 161 
16200 1 0 2 3 4 5 132 133 134 137 140 141 142 144 145 146 148 149 152 153 158 160 
16200 2 0 1 3 6 8 132 133 134 136 138 141 142 144 145 146 149 150 152 155 157 159 160 161 
16200 3 0 1 2 9 10 132 133 134 135 139 140 141 143 144 145 146 147 151 154 156 159 160 161 
16200 4 
16200 5 1 4 
16200 6 2 8 
16200 7 2 6 8 
16200 8 
16200 9 
16200 10 3 9 
16200 11 37 
16200 12 1 4 5 
16200 13 1 4 5 
16200 14 37 
16200 15 1 4 5 
16200 16 1 4 5 
16200 17 30 
16200 18 1 4 5 
16200 19 1 4 5 
16200 20 12 
16200 21 1 4 5 
16200 22 49 
16200 23 1 4 5 
16200 24 1 4 5 
16200 25 0 1 4 5 
16200 26 45 
16200 27 1 4 5 
16200 28 1 4 5 
16200 29 1 4 5 
16200 30 1 4 5 
16200 31 1 4 5 
16200 32 1 4 5 
16200 33 1 4 5 
16200 34 0 
16200 35 17 
16200 36 1 4 5 
16200 37 1 4 5 
16200 38 1 4 5 
16200 39 1 4 5 
16200 40 1 4 5 
16200 41 44 
16200 42 1 4 5 
16200 43 1 4 5 
16200 44 0 1 4 5 
16200 45 1 4 5 
16200 46 0 
16200 47 1 4 5 
16200 48 1 4 5 
16200 49 1 4 5 
16200 50 32 
16200 51 1 4 5 
16200 52 0 1 4 5 
16200 53 1 4 5 
16200 54 2 6 7 8 
16200 55 2 6 8 
16200 56 61 
16200 57 2 6 7 8 
16200 58 61 
16200 59 2 6 8 
16200 60 2 6 8 
16200 61 2 6 8 
16200 62 61 
16200 63 81 
16200 64 67 
16200 65 2 6 8 
16200 66 61 
16200 67 2 6 7 8 
16200 68 2 6 7 8 
16200 69 2 6 7 8 
16200 70 65 
16200 71 2 6 8 
16200 72 64 
16200 73 2 6 7 8 
16200 74 2 6 7 8 
16200 75 2 6 7 8 
16200 76 84 
16200 77 2 6 7 8 
16200 78 2 6 8 
16200 79 2 6 8 
16200 80 87 
16200 81 2 6 8 
16200 82 2 6 8 
16200 83 2 6 8 
16200 84 2 6 8 
16200 85 2 6 8 
16200 86 2 6 8 
16200 87 54 
16200 88 2 6 8 
16200 89 2 6 8 
16200 90 2 6 8 
16200 91 2 6 8 
16200 92 2 6 8 
16200 93 61 
16200 94 3 9 10 
16200 95 3 9 10 
16200 96 3 9 10 
16200 97 3 9 10 
16200 98 3 9 10 
16200 99 130 
16200 100 3 9 10 
16200 101 3 9 10 
16200 102 3 9 10 
16200 103 128 
16200 104 3 9 10 
16200 105 94 
16200 106 3 9 10 
16200 107 98 
16200 108 131 
16200 109 3 9 10 
16200 110 3 9 10 
16200 111 3 9 10 
16200 112 3 9 10 
16200 113 3 9 10 
16200 114 3 9 10 
16200 115 3 9 10 
16200 116 3 9 10 
16200 117 94 
16200 118 3 9 10 
16200 119 3 9 10 
16200 120 3 9 10 
16200 121 3 9 10 
16200 122 3 9 10 
16200 123 3 9 10 
16200 124 3 9 10 
16200 125 96 
16200 126 3 9 10 
16200 127 3 9 10 
16200 128 3 9 10 
16200 129 130 
16200 130 3 9 10 
16200 131 3 9 10 
16200 132 0 1 2 3 
16200 133 0 1 2 3 
16200 134 0 1 2 3 
16200 135 0 3 
16200 136 0 2 
16200 137 0 1 
16200 138 0 2 
16200 139 0 3 
16200 140 0 1 3 
16200 141 0 1 2 3 
16200 142 0 1 2 
16200 143 0 3 
16200 144 0 1 2 3 
16200 145 0 1 2 3 
16200 146 0 1 2 3 
16200 147 0 3 
16200 148 0 1 
16200 149 0 1 2 
16200 150 0 2 
16200 151 0 3 
16200 152 0 1 2 
16200 153 0 1 
16200 154 0 3 
16200 155 0 2 
16200 156 0 3 
16200 157 0 2 
16200 158 0 1 
16200 159 0 2 3 
16200 160 0 1 2 3 
16200 161 0 2 3 
18000 0 132 133 134 135 136 137 138 139 140 141 142 143 144 145 146 147 148 149 150 151 152 153 154 155 156 157 158 159 160 161 
18000 1 0 2 3 4 5 132 133 134 137 140 141 142 144 145 146 148 149 152 153 158 160 
18000 2 0 1 3 6 8 132 133 134 136 138 141 142 144 145 146 149 150 152 155 157 159 160 161 
18000 3 0 1 2 9 10 132 133 134 135 139 140 141 143 144 145 146 147 151 154 156 159 160 161 
18000 4 
18000 5 1 4 
18000 6 2 8 
18000 7 2 6 8 
18000 8 
18000 9 
18000 10 3 9 
18000 11 20 
18000 12 1 4 5 
18000 13 1 4 5 
18000 14 20 
18000 15 1 4 5 
18000 16 1 4 5 
18000 17 25 
18000 18 1 4 5 
18000 19 1 4 5 
18000 20 0 
18000 21 1 4 5 
18000 22 25 
18000 23 1 4 5 
18000 24 1 4 5 
18000 25 0 1 4 5 
18000 26 46 
18000 27 1 4 5 
18000 28 1 4 5 
18000 29 1 4 5 
18000 30 1 4 5 
18000 31 1 4 5 
18000 32 1 4 5 
18000 33 1 4 5 
18000 34 0 
18000 35 20 
18000 36 1 4 5 
18000 37 1 4 5 
18000 38 1 4 5 
18000 39 1 4 5 
18000 40 1 4 5 
18000 41 44 
18000 42 1 4 5 
18000 43 1 4 5 
18000 44 0 1 4 5 
18000 45 1 4 5 
18000 46 0 1 4 5 
18000 47 1 4 5 
18000 48 1 4 5 
18000 49 1 4 5 
18000 50 20 
18000 51 1 4 5 
18000 52 1 4 5 
18000 53 1 4 5 
18000 54 2 6 7 8 
18000 55 2 6 8 
18000 56 61 
18000 57 2 6 7 8 
18000 58 61 
18000 59 2 6 8 
18000 60 2 6 8 
18000 61 2 6 8 
18000 62 61 
18000 63 93 
18000 64 55 
18000 65 2 6 8 
18000 66 61 
18000 67 2 6 7 8 
18000 68 2 6 7 8 
18000 69 2 6 7 8 
18000 70 73 
18000 71 2 6 8 
18000 72 67 
18000 73 2 6 7 8 
18000 74 2 6 7 8 
18000 75 2 6 7 8 
18000 76 59 
18000 77 2 6 7 8 
18000 78 2 6 8 
18000 79 2 6 8 
18000 80 69 
18000 81 2 6 8 
18000 82 2 6 8 
18000 83 73 
18000 84 2 6 8 
18000 85 2 6 8 
18000 86 2 6 8 
18000 87 54 
18000 88 2 6 8 
18000 89 2 6 8 
18000 90 2 6 8 
18000 91 2 6 8 
18000 92 2 6 8 
18000 93 2 6 8 
18000 94 3 9 10 
18000 95 3 9 10 
18000 96 3 9 10 
18000 97 3 9 10 
18000 98 3 9 10 
18000 99 96 
18000 100 3 9 10 
18000 101 3 9 10 
18000 102 3 9 10 
18000 103 113 
18000 104 3 9 10 
18000 105 94 
18000 106 3 9 10 
18000 107 98 
18000 108 131 
18000 109 3 9 10 
18000 110 3 9 10 
18000 111 3 9 10 
18000 112 128 
18000 113 3 9 10 
18000 114 3 9 10 
18000 115 3 9 10 
18000 116 3 9 10 
18000 117 94 
18000 118 3 9 10 
18000 119 3 9 10 
18000 120 3 9 10 
18000 121 3 9 10 
18000 122 128 
18000 123 3 9 10 
18000 124 3 9 10 
18000 125 96 
18000 126 3 9 10 
18000 127 106 
18000 128 3 9 10 
18000 129 128 
18000 130 128 
18000 131 3 9 10 
18000 132 0 1 2 3 
18000 133 0 1 2 3 
18000 134 0 1 2 3 
18000 135 0 3 
18000 136 0 2 
18000 137 0 1 
18000 138 0 2 
18000 139 0 3 
18000 140 0 1 3 
18000 141 0 1 2 3 
18000 142 0 1 2 
18000 143 0 3 
18000 144 0 1 2 3 
18000 145 0 1 2 3 
18000 146 0 1 2 3 
18000 147 0 3 
18000 148 0 1 
18000 149 0 1 2 
18000 150 0 2 
18000 151 0 3 
18000 152 0 1 2 
18000 153 0 1 
18000 154 0 3 
18000 155 0 2 
18000 156 0 3 
18000 157 0 2 
18000 158 0 1 
18000 159 0 2 3 
18000 160 0 1 2 3 
18000 161 0 2 3 
19800 0 132 133 134 135 136 137 138 139 140 141 142 143 144 145 146 147 148 149 150 151 152 153 154 155 156 157 158 159 160 161 
19800 1 0 2 3 4 5 132 133 134 137 140 141 142 144 145 146 148 149 152 153 158 160 
19800 2 0 1 3 6 8 132 133 134 136 138 141 142 144 145 146 149 150 152 155 157 159 160 161 
19800 3 0 1 2 9 10 132 133 134 135 139 140 141 143 144 145 146 147 151 154 156 159 160 161 
19800 4 
19800 5 1 4 
19800 6 2 8 
19800 7 2 6 8 
19800 8 
19800 9 
19800 10 3 9 
19800 11 37 
19800 12 1 4 5 
19800 13 1 4 5 
19800 14 37 
19800 15 1 4 5 
19800 16 1 4 5 
19800 17 48 
19800 18 1 4 5 
19800 19 1 4 5 
19800 20 21 
19800 21 0 1 4 5 
19800 22 45 
19800 23 1 4 5 
19800 24 0 1 4 5 
19800 25 0 1 4 5 
19800 26 37 
19800 27 1 4 5 
19800 28 1 4 5 
19800 29 1 4 5 
19800 30 1 4 5 
19800 31 1 4 5 
19800 32 1 4 5 
19800 33 1 4 5 
19800 34 0 
19800 35 17 
19800 36 1 4 5 
19800 37 1 4 5 
19800 38 1 4 5 
19800 39 1 4 5 
19800 40 1 4 5 
19800 41 44 
19800 42 1 4 5 
19800 43 1 4 5 
19800 44 0 1 4 5 
19800 45 1 4 5 
19800 46 0 
19800 47 1 4 5 
19800 48 1 4 5 
19800 49 1 4 5 
19800 50 32 
19800 51 1 4 5 
19800 52 0 1 4 5 
19800 53 1 4 5 
19800 54 2 6 7 8 
19800 55 2 6 8 
19800 56 59 
19800 57 2 6 7 8 
19800 58 59 
19800 59 2 6 8 
19800 60 2 6 8 
19800 61 2 6 8 
19800 62 73 
19800 63 88 
19800 64 67 
19800 65 2 6 8 
19800 66 88 
19800 67 2 6 7 8 
19800 68 2 6 7 8 
19800 69 2 6 7 8 
19800 70 73 
19800 71 2 6 8 
19800 72 64 
19800 73 2 6 7 8 
19800 74 2 6 7 8 
19800 75 2 6 7 8 
19800 76 90 
19800 77 2 6 7 8 
19800 78 2 6 8 
19800 79 2 6 8 
19800 80 65 
19800 81 2 6 8 
19800 82 2 6 8 
19800 83 2 6 8 
19800 84 2 6 8 
19800 85 2 6 8 
19800 86 2 6 8 
19800 87 54 
19800 88 2 6 8 
19800 89 2 6 8 
19800 90 2 6 8 
19800 91 2 6 8 
19800 92 2 6 8 
19800 93 59 
19800 94 3 9 10 
19800 95 3 9 10 
19800 96 3 9 10 
19800 97 3 9 10 
19800 98 3 9 10 
19800 99 128 
19800 100 3 9 10 
19800 101 3 9 10 
19800 102 3 9 10 
19800 103 
19800 104 3 9 10 
19800 105 94 
19800 106 3 9 10 
19800 107 98 
19800 108 112 
19800 109 3 9 10 
19800 110 3 9 10 
19800 111 3 9 10 
19800 112 3 9 10 
19800 113 3 9 10 
19800 114 3 9 10 
19800 115 3 9 10 
19800 116 3 9 10 
19800 117 96 
19800 118 3 9 10 
19800 119 3 9 10 
19800 120 3 9 10 
19800 121 3 9 10 
19800 122 128 
19800 123 3 9 10 
19800 124 3 9 10 
19800 125 3 9 10 
19800 126 3 9 10 
19800 127 106 
19800 128 3 9 10 
19800 129 128 
19800 130 128 
19800 131 3 9 10 
19800 132 0 1 2 3 
19800 133 0 1 2 3 
19800 134 0 1 2 3 
19800 135 0 3 
19800 136 0 2 
19800 137 0 1 
19800 138 0 2 
19800 139 0 3 
19800 140 0 1 3 
19800 141 0 1 2 3 
19800 142 0 1 2 
19800 143 0 3 
19800 144 0 1 2 3 
19800 145 0 1 2 3 
19800 146 0 1 2 3 
19800 147 0 3 
19800 148 0 1 
19800 149 0 1 2 
19800 150 0 2 
19800 151 0 3 
19800 152 0 1 2 
19800 153 0 1 
19800 154 0 3 
19800 155 0 2 
19800 156 0 3 
19800 157 0 2 
19800 158 0 1 
19800 159 0 2 3 
19800 160 0 1 2 3 
19800 161 0 2 3 
