0 21600
1800 0 86 87 88 89 90 91 92 93 94 95 96 97 98 99 100 101 102 103 104 105 106 107 108 109 110 111 112 113 114 115 
1800 1 0 2 3 4 5 6 86 87 88 89 90 92 93 94 95 96 98 99 101 102 103 104 105 106 108 109 111 112 113 114 115 
1800 2 0 1 3 9 10 11 12 86 88 89 90 91 92 93 95 96 97 98 99 100 101 102 103 104 105 106 107 108 110 111 112 113 114 115 
1800 3 0 1 2 86 87 88 90 91 93 94 95 96 98 100 101 102 103 104 105 106 107 108 109 111 112 114 
1800 4 
1800 5 1 4 6 
1800 6 1 4 5 
1800 7 1 4 5 6 
1800 8 1 4 5 6 
1800 9 
1800 10 
1800 11 2 9 10 12 
1800 12 9 
1800 13 9 12 
1800 14 
1800 15 1 4 5 6 7 8 
1800 16 1 4 5 6 7 
1800 17 1 4 5 6 7 
1800 18 26 
1800 19 16 
1800 20 1 4 5 6 
1800 21 1 4 5 6 
1800 22 26 
1800 23 39 
1800 24 1 4 5 6 7 
1800 25 1 4 5 6 7 
1800 26 1 4 5 6 7 
1800 27 17 
1800 28 1 4 5 6 7 8 
1800 29 1 4 5 6 7 8 
1800 30 1 4 5 6 7 
1800 31 1 4 5 6 7 8 
1800 32 1 4 5 6 
1800 33 1 4 5 6 
1800 34 1 4 5 6 8 
1800 35 1 4 5 6 7 
1800 36 1 4 5 6 
1800 37 1 4 5 6 
1800 38 1 4 5 6 
1800 39 1 4 5 6 7 
1800 40 1 4 5 6 7 
1800 41 2 9 10 11 12 
1800 42 45 
1800 43 41 
1800 44 2 9 10 11 12 
1800 45 2 9 10 11 12 
1800 46 2 9 10 11 12 
1800 47 45 
1800 48 2 9 10 11 12 
1800 49 2 9 10 11 12 
1800 50 45 
1800 51 2 9 10 11 12 
1800 52 2 9 10 11 12 
1800 53 2 9 10 11 12 
1800 54 2 9 10 11 12 
1800 55 2 9 10 11 12 
1800 56 2 9 10 11 12 
1800 57 2 9 10 11 12 
1800 58 2 9 10 11 12 
1800 59 41 
1800 60 2 9 10 11 12 
1800 61 2 9 10 11 12 
1800 62 3 
1800 63 3 
1800 64 3 
1800 65 3 
1800 66 3 14 
1800 67 3 
1800 68 3 
1800 69 3 
1800 70 3 
1800 71 3 
1800 72 3 
1800 73 3 
1800 74 3 
1800 75 3 
1800 76 3 14 
1800 77 3 
1800 78 3 
1800 79 3 
1800 80 3 
1800 81 3 
1800 82 3 
1800 83 3 14 
1800 84 3 
1800 85 3 
1800 86 0 1 2 3 
1800 87 0 1 3 
1800 88 0 1 2 3 
1800 89 0 1 2 
1800 90 0 1 2 3 
1800 91 0 2 3 
1800 92 0 1 2 
1800 93 0 1 2 3 
1800 94 0 1 3 
1800 95 0 1 2 3 
1800 96 0 1 2 3 
1800 97 0 2 
1800 98 0 1 2 3 
1800 99 0 1 2 
1800 100 0 2 3 
1800 101 0 1 2 3 
1800 102 0 1 2 3 
1800 103 0 1 2 3 
1800 104 0 1 2 3 
1800 105 0 1 2 3 
1800 106 0 1 2 3 
1800 107 0 2 3 
1800 108 0 1 2 3 
1800 109 0 1 3 
1800 110 0 2 
1800 111 0 1 2 3 
1800 112 0 1 2 3 
1800 113 0 1 2 
1800 114 0 1 2 3 
1800 115 0 1 2 
