0 10800
1800 0 80 81 82 83 84 85 86 87 88 89 90 91 92 93 94 95 96 97 98 99 
1800 1 0 2 3 4 5 6 80 81 82 83 84 86 87 89 91 92 93 94 95 96 97 98 99 
1800 2 0 1 3 7 80 82 83 84 85 87 88 89 90 92 93 94 95 96 98 99 
1800 3 0 1 2 8 80 81 82 83 85 87 88 89 90 91 92 93 94 96 97 99 
1800 4 
1800 5 1 4 6 
1800 6 
1800 7 
1800 8 3 
1800 9 
1800 10 1 4 5 6 
1800 11 
1800 12 1 4 5 6 
1800 13 15 
1800 14 1 4 5 6 
1800 15 1 4 5 6 
1800 16 
1800 17 1 4 5 6 
1800 18 21 
1800 19 1 4 5 6 
1800 20 
1800 21 14 
1800 22 1 4 5 6 
1800 23 1 4 5 6 
1800 24 
1800 25 
1800 26 
1800 27 1 4 5 6 
1800 28 10 
1800 29 2 7 
1800 30 57 
1800 31 2 7 
1800 32 2 7 
1800 33 29 
1800 34 2 7 
1800 35 56 
1800 36 2 7 
1800 37 2 7 
1800 38 2 7 
1800 39 2 7 
1800 40 2 7 
1800 41 2 7 
1800 42 29 
1800 43 2 7 
1800 44 35 
1800 45 56 
1800 46 2 7 
1800 47 2 7 
1800 48 2 7 
1800 49 2 7 
1800 50 29 
1800 51 2 7 
1800 52 29 
1800 53 2 7 
1800 54 2 7 
1800 55 2 7 
1800 56 51 
1800 57 29 37 
1800 58 2 7 
1800 59 3 8 
1800 60 3 8 
1800 61 66 
1800 62 
1800 63 72 
1800 64 3 8 
1800 65 3 8 
1800 66 65 
1800 67 3 8 
1800 68 3 8 
1800 69 3 8 
1800 70 3 8 
1800 71 3 8 
1800 72 3 8 
1800 73 72 
1800 74 3 8 
1800 75 3 8 
1800 76 74 
1800 77 3 8 
1800 78 71 
1800 79 3 8 
1800 80 0 1 2 3 
1800 81 0 1 3 
1800 82 0 1 2 3 
1800 83 0 1 2 3 
1800 84 0 1 2 
1800 85 0 2 3 
1800 86 0 1 
1800 87 0 1 2 3 
1800 88 0 2 3 
1800 89 0 1 2 3 
1800 90 0 2 3 
1800 91 0 1 3 
1800 92 0 1 2 3 
1800 93 0 1 2 3 
1800 94 0 1 2 3 
1800 95 0 1 2 
1800 96 0 1 2 3 
1800 97 0 1 3 
1800 98 0 1 2 
1800 99 0 1 2 3 
