0 10800
1800 0 91 92 93 94 95 96 97 98 99 100 101 102 103 104 105 106 107 108 109 110 
1800 1 0 2 3 4 5 6 91 92 93 94 95 96 97 98 99 100 101 102 103 104 106 108 109 110 
1800 2 0 1 3 9 10 11 91 92 93 94 96 98 99 100 101 103 104 106 107 108 109 110 
1800 3 0 1 2 12 92 93 94 95 96 97 99 100 101 102 103 104 105 106 107 108 109 110 
1800 4 
1800 5 1 4 6 
1800 6 1 4 5 
1800 7 2 9 10 11 
1800 8 2 9 10 11 
1800 9 
1800 10 
1800 11 2 9 10 
1800 12 
1800 13 12 
1800 14 
1800 15 17 
1800 16 17 
1800 17 1 4 5 6 
1800 18 1 4 5 6 
1800 19 21 
1800 20 1 4 5 6 
1800 21 1 4 5 6 
1800 22 33 
1800 23 1 4 5 6 
1800 24 1 4 5 6 
1800 25 1 4 5 6 
1800 26 33 
1800 27 1 4 5 6 
1800 28 1 4 5 6 
1800 29 33 
1800 30 1 4 5 6 
1800 31 1 4 5 6 
1800 32 19 
1800 33 1 4 5 6 
1800 34 1 4 5 6 
1800 35 1 4 5 6 
1800 36 17 
1800 37 34 
1800 38 20 
1800 39 1 4 5 6 
1800 40 19 
1800 41 42 
1800 42 2 9 10 11 
1800 43 41 
1800 44 64 
1800 45 65 
1800 46 55 
1800 47 51 
1800 48 65 
1800 49 65 
1800 50 64 
1800 51 64 
1800 52 42 
1800 53 2 9 10 11 
1800 54 64 
1800 55 2 7 9 10 11 
1800 56 2 7 9 10 11 
1800 57 2 8 9 10 11 
1800 58 64 
1800 59 2 9 10 11 
1800 60 51 
1800 61 42 
1800 62 
1800 63 2 8 9 10 11 
1800 64 2 9 10 11 
1800 65 2 9 10 11 
1800 66 67 
1800 67 64 
1800 68 2 9 10 11 
1800 69 0 3 12 
1800 70 0 3 12 
1800 71 0 3 12 
1800 72 0 3 12 
1800 73 81 
1800 74 0 3 12 
1800 75 0 3 12 
1800 76 3 12 14 
1800 77 0 3 12 
1800 78 0 3 12 
1800 79 0 3 12 
1800 80 0 3 12 
1800 81 74 
1800 82 0 3 12 
1800 83 0 3 12 14 
1800 84 3 12 
1800 85 83 
1800 86 3 12 14 
1800 87 3 12 14 
1800 88 0 3 12 
1800 89 0 3 12 
1800 90 0 3 12 
1800 91 0 1 2 
1800 92 0 1 2 3 
1800 93 0 1 2 3 
1800 94 0 1 2 3 
1800 95 0 1 3 
1800 96 0 1 2 3 
1800 97 0 1 3 
1800 98 0 1 2 
1800 99 0 1 2 3 
1800 100 0 1 2 3 
1800 101 0 1 2 3 
1800 102 0 1 3 
1800 103 0 1 2 3 
1800 104 0 1 2 3 
1800 105 0 3 
1800 106 0 1 2 3 
1800 107 0 2 3 
1800 108 0 1 2 3 
1800 109 0 1 2 3 
1800 110 0 1 2 3 
