0 10800
1800 0 
1800 1 19 23 
1800 2 43 46 
1800 3 65 70 
1800 4 14 15 
1800 5 6 10 
1800 6 5 12 
1800 7 38 53 
1800 8 67 79 
1800 9 16 
1800 10 5 19 
1800 11 25 
1800 12 6 22 
1800 13 
1800 14 4 17 
1800 15 4 27 
1800 16 9 
1800 17 14 19 
1800 18 
1800 19 1 10 17 27 28 
1800 20 
1800 21 
1800 22 12 
1800 23 1 28 
1800 24 
1800 25 11 
1800 26 
1800 27 15 19 
1800 28 19 23 
1800 29 33 40 
1800 30 42 
1800 31 39 54 
1800 32 53 54 
1800 33 29 53 
1800 34 54 55 
1800 35 
1800 36 43 47 
1800 37 46 47 
1800 38 7 54 
1800 39 31 49 
1800 40 29 51 
1800 41 51 57 
1800 42 30 50 
1800 43 2 36 
1800 44 
1800 45 56 
1800 46 2 37 48 
1800 47 36 37 49 
1800 48 46 54 
1800 49 39 47 
1800 50 42 
1800 51 40 41 
1800 52 54 58 
1800 53 7 32 33 
1800 54 31 32 34 38 48 52 
1800 55 34 58 
1800 56 45 
1800 57 41 58 
1800 58 52 55 57 
1800 59 67 68 70 74 
1800 60 63 69 74 79 
1800 61 78 
1800 62 
1800 63 60 
1800 64 
1800 65 3 71 73 
1800 66 71 
1800 67 8 59 
1800 68 59 77 
1800 69 60 75 
1800 70 3 59 
1800 71 65 66 
1800 72 73 
1800 73 65 72 
1800 74 59 60 
1800 75 69 
1800 76 
1800 77 68 
1800 78 61 
1800 79 8 60 
