0 10800
1800 0 
1800 1 2 4 19 23 80 81 82 83 84 86 87 89 91 92 93 94 95 96 97 98 99 
1800 2 1 37 43 46 80 82 83 84 85 87 88 89 90 92 93 94 95 96 98 99 
1800 3 65 70 
1800 4 1 14 15 
1800 5 6 10 15 23 
1800 6 5 12 23 
1800 7 38 43 51 53 
1800 8 59 67 74 79 
1800 9 16 
1800 10 5 19 23 28 
1800 11 25 
1800 12 6 14 15 22 
1800 13 
1800 14 4 12 17 27 
1800 15 4 5 12 17 27 
1800 16 9 
1800 17 14 15 19 
1800 18 
1800 19 1 10 17 27 28 
1800 20 
1800 21 
1800 22 12 
1800 23 1 5 6 10 28 
1800 24 
1800 25 11 
1800 26 
1800 27 14 15 19 
1800 28 10 19 23 
1800 29 33 40 47 48 
1800 30 42 
1800 31 36 39 53 54 
1800 32 39 42 53 54 
1800 33 29 43 46 53 
1800 34 36 40 54 55 
1800 35 
1800 36 31 34 47 55 
1800 37 2 40 46 47 
1800 38 7 54 58 
1800 39 31 32 49 
1800 40 29 34 37 51 57 
1800 41 43 51 53 57 
1800 42 30 32 48 50 52 
1800 43 2 7 33 41 
1800 44 
1800 45 56 
1800 46 2 33 37 48 
1800 47 29 36 37 49 
1800 48 29 42 46 54 
1800 49 39 47 
1800 50 42 
1800 51 7 40 41 
1800 52 42 54 58 
1800 53 7 31 32 33 41 
1800 54 31 32 34 38 48 52 57 
1800 55 34 36 58 
1800 56 45 
1800 57 40 41 54 58 
1800 58 38 52 55 57 
1800 59 8 67 68 70 74 
1800 60 63 70 74 79 
1800 61 78 
1800 62 
1800 63 60 
1800 64 
1800 65 3 69 71 73 
1800 66 71 
1800 67 8 59 69 
1800 68 59 77 
1800 69 65 67 75 79 
1800 70 3 59 60 79 
1800 71 65 66 
1800 72 73 
1800 73 65 72 
1800 74 8 59 60 
1800 75 69 
1800 76 
1800 77 68 
1800 78 61 
1800 79 8 60 69 70 
1800 80 1 2 
1800 81 1 
1800 82 1 2 
1800 83 1 2 
1800 84 1 2 
1800 85 2 
1800 86 1 
1800 87 1 2 
1800 88 2 
1800 89 1 2 
1800 90 2 
1800 91 1 
1800 92 1 2 
1800 93 1 2 
1800 94 1 2 
1800 95 1 2 
1800 96 1 2 
1800 97 1 
1800 98 1 2 
1800 99 1 2 
