0 0 1 2 3 126 127 128 129 130 131 132 133 134 135 136 137 138 139 140 141 142 143 144 145 146 147 148 149 150 151 152 153 154 155 
0 1 0 5 23 30 126 127 128 129 131 132 134 135 136 137 138 139 140 141 142 143 144 145 146 147 148 149 150 151 152 153 154 155 
0 2 0 68 75 84 126 127 128 129 130 131 132 133 135 136 137 138 139 140 141 142 143 144 145 146 147 148 149 151 152 153 154 155 
0 3 0 92 106 118 126 127 128 130 132 133 134 135 136 137 138 139 140 141 142 143 144 145 146 147 148 149 150 151 152 153 154 155 
0 4 5 34 38 40 
0 5 1 4 28 
0 6 90 91 92 124 
0 7 90 92 113 124 
0 8 96 113 114 117 
0 9 90 114 115 125 
0 10 13 27 30 41 
0 11 31 34 35 38 
0 12 18 22 42 43 
0 13 10 15 36 41 
0 14 19 23 32 39 
0 15 13 25 40 41 
0 16 19 24 35 44 
0 17 26 36 40 42 
0 18 12 34 41 44 
0 19 14 16 32 38 
0 20 30 31 36 43 
0 21 28 37 38 43 
0 22 12 29 31 40 
0 23 1 14 25 27 
0 24 16 27 40 
0 25 15 23 
0 26 17 33 34 38 
0 27 10 23 24 39 
0 28 5 21 39 43 
0 29 22 38 41 44 
0 30 1 10 20 33 
0 31 11 20 22 32 
0 32 14 19 31 41 
0 33 26 30 
0 34 4 11 18 26 
0 35 11 16 37 38 
0 36 13 17 20 43 
0 37 21 35 38 40 
0 38 4 11 19 21 26 29 35 37 
0 39 14 27 28 43 
0 40 4 15 17 22 24 37 
0 41 10 13 15 18 29 32 42 
0 42 12 17 41 44 
0 43 12 20 21 28 36 39 
0 44 16 18 29 42 
0 45 49 65 74 84 
0 46 58 59 61 73 
0 47 52 55 65 75 
0 48 64 73 78 88 
0 49 45 50 51 59 
0 50 49 53 86 87 
0 51 49 64 71 84 
0 52 47 70 76 87 
0 53 50 72 74 84 
0 54 56 74 79 80 
0 55 47 81 82 87 
0 56 54 58 67 83 
0 57 63 72 77 87 
0 58 46 56 79 82 
0 59 46 49 68 83 
0 60 66 69 73 81 
0 61 46 62 73 84 
0 62 61 82 83 85 
0 63 57 85 87 88 
0 64 48 51 70 71 
0 65 45 47 66 73 
0 66 60 65 72 83 
0 67 56 72 79 84 
0 68 2 59 82 
0 69 60 70 74 88 
0 70 52 64 69 86 
0 71 51 64 75 78 
0 72 53 57 66 67 78 
0 73 46 48 60 61 65 77 
0 74 45 53 54 69 77 
0 75 2 47 71 86 
0 76 52 78 84 87 
0 77 57 73 74 88 
0 78 48 71 72 76 
0 79 54 58 67 80 
0 80 54 79 86 87 
0 81 55 60 83 85 
0 82 55 58 62 68 
0 83 56 59 62 66 81 
0 84 2 45 51 53 61 67 76 
0 85 62 63 81 86 
0 86 50 70 75 80 85 
0 87 50 52 55 57 63 76 80 
0 88 48 63 69 77 
0 89 98 115 122 125 
0 90 6 7 9 121 
0 91 6 108 115 117 
0 92 3 6 7 115 
0 93 98 112 119 124 
0 94 102 108 114 118 
0 95 104 113 117 124 
0 96 8 103 119 120 
0 97 98 106 108 111 
0 98 89 93 97 116 
0 99 116 120 122 124 
0 100 101 104 116 119 
0 101 100 117 118 
0 102 94 107 112 122 
0 103 96 109 119 123 
0 104 95 100 118 124 
0 105 116 122 124 125 
0 106 3 97 109 110 
0 107 102 116 118 124 
0 108 91 94 97 122 
0 109 103 106 117 119 
0 110 106 111 114 124 
0 111 97 110 116 118 
0 112 93 102 116 119 
0 113 7 8 95 121 
0 114 8 9 94 110 120 
0 115 9 89 91 92 121 
0 116 98 99 100 105 107 111 112 
0 117 8 91 95 101 109 123 
0 118 3 94 101 104 107 111 
0 119 93 96 100 103 109 112 125 
0 120 96 99 114 122 
0 121 90 113 115 124 
0 122 89 99 102 105 108 120 123 
0 123 103 117 122 
0 124 6 7 93 95 99 104 105 107 110 121 
0 125 9 89 105 119 
0 126 0 1 2 3 
0 127 0 1 2 3 
0 128 0 1 2 3 
0 129 0 1 2 
0 130 0 2 3 
0 131 0 1 2 
0 132 0 1 2 3 
0 133 0 2 3 
0 134 0 1 3 
0 135 0 1 2 3 
0 136 0 1 2 3 
0 137 0 1 2 3 
0 138 0 1 2 3 
0 139 0 1 2 3 
0 140 0 1 2 3 
0 141 0 1 2 3 
0 142 0 1 2 3 
0 143 0 1 2 3 
0 144 0 1 2 3 
0 145 0 1 2 3 
0 146 0 1 2 3 
0 147 0 1 2 3 
0 148 0 1 2 3 
0 149 0 1 2 3 
0 150 0 1 3 
0 151 0 1 2 3 
0 152 0 1 2 3 
0 153 0 1 2 3 
0 154 0 1 2 3 
0 155 0 1 2 3 
1800 0 3 126 127 128 129 130 131 132 133 134 135 136 137 138 139 140 141 142 143 144 145 146 147 148 149 150 151 152 153 154 155 
1800 1 2 5 13 25 126 127 128 129 131 132 134 135 136 137 138 139 140 141 142 143 144 145 146 147 148 149 150 151 152 153 154 155 
1800 2 1 62 75 83 126 127 128 129 130 131 132 133 135 136 137 138 139 140 141 142 143 144 145 146 147 148 149 151 152 153 154 155 
1800 3 0 111 112 122 126 127 128 130 132 133 134 135 136 137 138 139 140 141 142 143 144 145 146 147 148 149 150 151 152 153 154 155 
1800 4 23 29 31 36 
1800 5 1 31 38 42 
1800 6 9 108 113 125 
1800 7 90 98 121 124 
1800 8 111 114 117 121 
1800 9 6 106 108 121 
1800 10 12 23 38 42 
1800 11 31 34 41 42 
1800 12 10 29 40 43 
1800 13 1 22 37 44 
1800 14 21 31 38 41 
1800 15 23 24 28 31 
1800 16 17 25 31 35 
1800 17 16 33 40 43 
1800 18 26 31 38 44 
1800 19 27 32 40 44 
1800 20 26 30 33 37 
1800 21 14 23 30 39 
1800 22 13 33 34 38 
1800 23 4 10 15 21 
1800 24 15 36 
1800 25 1 16 26 43 
1800 26 18 20 25 28 39 
1800 27 19 30 38 42 
1800 28 15 26 30 36 
1800 29 4 12 33 40 
1800 30 20 21 27 28 
1800 31 4 5 11 14 15 16 18 
1800 32 19 35 36 40 
1800 33 17 20 22 29 
1800 34 11 22 38 39 
1800 35 16 32 36 41 
1800 36 4 24 28 32 35 
1800 37 13 20 39 43 
1800 38 5 10 14 18 22 27 34 
1800 39 21 26 34 37 
1800 40 12 17 19 29 32 
1800 41 11 14 35 43 
1800 42 5 10 11 27 44 
1800 43 12 17 25 37 41 
1800 44 13 18 19 42 
1800 45 57 75 84 86 
1800 46 56 59 72 88 
1800 47 56 59 60 75 
1800 48 69 73 81 88 
1800 49 56 59 60 69 
1800 50 66 69 70 71 
1800 51 72 78 84 87 
1800 52 76 80 86 87 
1800 53 57 72 75 76 
1800 54 59 76 81 83 
1800 55 56 81 83 87 
1800 56 46 47 49 55 64 74 
1800 57 45 53 78 
1800 58 70 78 81 86 
1800 59 46 47 49 54 
1800 60 47 49 66 74 
1800 61 71 77 78 85 
1800 62 2 79 80 81 
1800 63 64 65 75 88 
1800 64 56 63 75 78 
1800 65 63 75 77 83 
1800 66 50 60 85 88 
1800 67 76 83 86 87 
1800 68 75 81 87 88 
1800 69 48 49 50 83 
1800 70 50 58 76 81 
1800 71 50 61 79 85 
1800 72 46 51 53 77 
1800 73 48 78 83 84 
1800 74 56 60 80 86 
1800 75 2 45 47 53 63 64 65 68 
1800 76 52 53 54 67 70 79 
1800 77 61 65 72 84 
1800 78 51 57 58 61 64 73 
1800 79 62 71 76 82 
1800 80 52 62 74 82 
1800 81 48 54 55 58 62 68 70 
1800 82 79 80 84 87 
1800 83 2 54 55 65 67 69 73 
1800 84 45 51 73 77 82 85 
1800 85 61 66 71 84 
1800 86 45 52 58 67 74 
1800 87 51 52 55 67 68 82 
1800 88 46 48 63 66 68 
1800 89 112 116 123 125 
1800 90 7 92 121 125 
1800 91 99 103 121 124 
1800 92 90 114 118 122 
1800 93 108 117 118 123 
1800 94 98 101 105 114 
1800 95 96 99 106 111 
1800 96 95 104 107 117 
1800 97 102 120 122 125 
1800 98 7 94 109 115 
1800 99 91 95 122 123 
1800 100 110 114 121 124 
1800 101 94 114 115 123 
1800 102 97 114 117 120 
1800 103 91 105 121 124 
1800 104 96 118 119 122 
1800 105 94 103 108 115 
1800 106 9 95 120 121 
1800 107 96 111 112 116 
1800 108 6 9 93 105 
1800 109 98 112 121 124 
1800 110 100 111 120 123 
1800 111 3 8 95 107 110 
1800 112 3 89 107 109 
1800 113 6 117 122 124 
1800 114 8 92 94 100 101 102 
1800 115 98 101 105 124 
1800 116 89 107 119 124 
1800 117 8 93 96 102 113 118 
1800 118 92 93 104 117 
1800 119 104 116 
1800 120 97 102 106 110 
1800 121 7 8 9 90 91 100 103 106 109 
1800 122 3 92 97 99 104 113 
1800 123 89 93 99 101 110 
1800 124 7 91 100 103 109 113 115 116 
1800 125 6 89 90 97 
1800 126 0 1 2 3 
1800 127 0 1 2 3 
1800 128 0 1 2 3 
1800 129 0 1 2 
1800 130 0 2 3 
1800 131 0 1 2 
1800 132 0 1 2 3 
1800 133 0 2 3 
1800 134 0 1 3 
1800 135 0 1 2 3 
1800 136 0 1 2 3 
1800 137 0 1 2 3 
1800 138 0 1 2 3 
1800 139 0 1 2 3 
1800 140 0 1 2 3 
1800 141 0 1 2 3 
1800 142 0 1 2 3 
1800 143 0 1 2 3 
1800 144 0 1 2 3 
1800 145 0 1 2 3 
1800 146 0 1 2 3 
1800 147 0 1 2 3 
1800 148 0 1 2 3 
1800 149 0 1 2 3 
1800 150 0 1 3 
1800 151 0 1 2 3 
1800 152 0 1 2 3 
1800 153 0 1 2 3 
1800 154 0 1 2 3 
1800 155 0 1 2 3 
3600 0 2 126 127 128 129 130 131 132 133 134 135 136 137 138 139 140 141 142 143 144 145 146 147 148 149 150 151 152 153 154 155 
3600 1 5 17 19 22 
3600 2 0 75 76 83 126 127 128 129 130 131 132 133 135 136 137 138 139 140 141 142 143 144 145 146 147 148 149 151 152 153 154 155 
3600 3 89 118 119 125 
3600 4 20 37 41 
3600 5 1 35 36 41 
3600 6 102 108 114 115 
3600 7 97 109 116 124 
3600 8 90 105 112 115 
3600 9 112 115 117 118 
3600 10 13 26 30 32 
3600 11 23 28 
3600 12 14 24 26 27 
3600 13 10 23 29 30 
3600 14 12 26 32 39 
3600 15 17 30 33 
3600 16 26 29 30 39 
3600 17 1 15 31 37 
3600 18 23 24 32 41 
3600 19 1 33 34 42 
3600 20 4 24 28 34 
3600 21 23 27 42 44 
3600 22 1 27 35 42 
3600 23 11 13 18 21 
3600 24 12 18 20 33 36 43 
3600 25 35 38 40 43 
3600 26 10 12 14 16 
3600 27 12 21 22 38 
3600 28 11 20 38 
3600 29 13 16 38 43 
3600 30 10 13 15 16 
3600 31 17 40 42 44 
3600 32 10 14 18 38 
3600 33 15 19 24 40 
3600 34 19 20 36 44 
3600 35 5 22 25 39 
3600 36 5 24 34 40 
3600 37 4 17 39 41 
3600 38 25 27 28 29 32 43 44 
3600 39 14 16 35 37 
3600 40 25 31 33 36 
3600 41 4 5 18 37 
3600 42 19 21 22 31 
3600 43 24 25 29 38 
3600 44 21 31 34 38 
3600 45 58 66 68 78 
3600 46 75 79 82 88 
3600 47 55 56 75 84 
3600 48 57 63 66 86 
3600 49 65 72 83 86 
3600 50 56 62 67 86 
3600 51 70 76 77 84 
3600 52 64 70 79 83 
3600 53 67 78 79 83 
3600 54 74 81 82 86 
3600 55 47 65 75 76 
3600 56 47 50 75 78 
3600 57 48 71 76 88 
3600 58 45 61 75 87 
3600 59 63 64 68 78 
3600 60 62 66 83 86 
3600 61 58 75 79 
3600 62 50 60 72 82 
3600 63 48 59 75 78 
3600 64 52 59 75 80 
3600 65 49 55 77 81 
3600 66 45 48 60 77 
3600 67 50 53 74 83 
3600 68 45 59 73 75 
3600 69 73 75 82 87 
3600 70 51 52 83 88 
3600 71 57 80 83 84 
3600 72 49 62 79 86 
3600 73 68 69 85 86 
3600 74 54 67 84 86 
3600 75 2 46 47 55 56 58 61 63 64 68 69 85 
3600 76 2 51 55 57 
3600 77 51 65 66 80 
3600 78 45 53 56 59 63 
3600 79 46 52 53 61 72 
3600 80 64 71 77 81 
3600 81 54 65 80 82 
3600 82 46 54 62 69 81 
3600 83 2 49 52 53 60 67 70 71 87 
3600 84 47 51 71 74 
3600 85 73 75 87 88 
3600 86 48 49 50 54 60 72 73 74 
3600 87 58 69 83 85 
3600 88 46 57 70 85 
3600 89 3 121 123 125 
3600 90 8 112 116 121 
3600 91 97 98 105 106 
3600 92 96 102 103 115 
3600 93 107 108 109 114 
3600 94 110 116 118 122 
3600 95 113 114 115 120 
3600 96 92 101 104 113 
3600 97 7 91 113 122 
3600 98 91 116 121 124 
3600 99 101 108 122 124 
3600 100 105 116 117 121 
3600 101 96 99 114 115 
3600 102 6 92 122 123 
3600 103 92 104 108 124 
3600 104 96 103 116 118 
3600 105 8 91 100 107 
3600 106 91 115 118 125 
3600 107 93 105 109 119 
3600 108 6 93 99 103 120 
3600 109 7 93 107 114 
3600 110 94 113 114 115 
3600 111 113 115 118 122 
3600 112 8 9 90 124 
3600 113 95 96 97 110 111 
3600 114 6 93 95 101 109 110 
3600 115 6 8 9 92 95 101 106 110 111 
3600 116 7 90 94 98 100 104 117 
3600 117 9 100 116 123 
3600 118 3 9 94 104 106 111 119 
3600 119 3 107 118 
3600 120 95 108 124 
3600 121 89 90 98 100 
3600 122 94 97 99 102 111 
3600 123 89 102 117 125 
3600 124 7 98 99 103 112 120 
3600 125 3 89 106 123 
3600 126 0 2 
3600 127 0 2 
3600 128 0 2 
3600 129 0 2 
3600 130 0 2 
3600 131 0 2 
3600 132 0 2 
3600 133 0 2 
3600 134 0 
3600 135 0 2 
3600 136 0 2 
3600 137 0 2 
3600 138 0 2 
3600 139 0 2 
3600 140 0 2 
3600 141 0 2 
3600 142 0 2 
3600 143 0 2 
3600 144 0 2 
3600 145 0 2 
3600 146 0 2 
3600 147 0 2 
3600 148 0 2 
3600 149 0 2 
3600 150 0 
3600 151 0 2 
3600 152 0 2 
3600 153 0 2 
3600 154 0 2 
3600 155 0 2 
5400 0 1 2 126 127 128 129 130 131 132 133 134 135 136 137 138 139 140 141 142 143 144 145 146 147 148 149 150 151 152 153 154 155 
5400 1 0 3 12 21 126 127 128 129 131 132 134 135 136 137 138 139 140 141 142 143 144 145 146 147 148 149 150 151 152 153 154 155 
5400 2 0 57 59 85 126 127 128 129 130 131 132 133 135 136 137 138 139 140 141 142 143 144 145 146 147 148 149 151 152 153 154 155 
5400 3 1 104 115 121 126 127 128 130 132 133 134 135 136 137 138 139 140 141 142 143 144 145 146 147 148 149 150 151 152 153 154 155 
5400 4 35 40 41 42 
5400 5 25 26 35 40 
5400 6 92 106 112 118 
5400 7 93 94 100 104 
5400 8 89 101 114 124 
5400 9 91 99 113 120 
5400 10 13 40 41 44 
5400 11 21 25 29 36 
5400 12 1 25 34 40 
5400 13 10 30 36 43 
5400 14 24 35 42 44 
5400 15 27 31 35 37 
5400 16 17 42 
5400 17 16 18 24 42 
5400 18 17 19 23 28 
5400 19 18 20 42 44 
5400 20 19 27 34 37 
5400 21 1 11 30 38 
5400 22 27 34 
5400 23 18 35 36 43 
5400 24 14 17 37 42 
5400 25 5 11 12 35 
5400 26 5 29 34 44 
5400 27 15 20 22 34 
5400 28 18 36 38 39 
5400 29 11 26 32 44 
5400 30 13 21 43 44 
5400 31 15 33 41 42 
5400 32 29 33 39 43 
5400 33 31 32 38 44 
5400 34 12 20 22 26 27 
5400 35 4 5 14 15 23 25 
5400 36 11 13 23 28 
5400 37 15 20 24 38 
5400 38 21 28 33 37 
5400 39 28 32 
5400 40 4 5 10 12 
5400 41 4 10 31 
5400 42 4 14 16 17 19 24 31 
5400 43 13 23 30 32 
5400 44 10 14 19 26 29 30 33 
5400 45 62 67 73 82 
5400 46 55 75 81 87 
5400 47 58 68 72 78 
5400 48 51 66 85 88 
5400 49 76 80 83 88 
5400 50 61 73 74 84 
5400 51 48 64 68 71 
5400 52 56 69 80 88 
5400 53 57 68 73 82 
5400 54 68 71 75 86 
5400 55 46 59 62 83 
5400 56 52 60 72 82 
5400 57 2 53 64 76 
5400 58 47 69 73 88 
5400 59 2 55 81 86 
5400 60 56 63 72 83 
5400 61 50 70 72 74 
5400 62 45 55 76 84 
5400 63 60 68 79 86 
5400 64 51 57 71 85 
5400 65 70 81 82 83 
5400 66 48 76 77 78 
5400 67 45 80 81 85 
5400 68 47 51 53 54 63 70 
5400 69 52 58 81 83 
5400 70 61 65 68 78 
5400 71 51 54 64 84 
5400 72 47 56 60 61 79 
5400 73 45 50 53 58 74 87 
5400 74 50 61 73 80 
5400 75 46 54 81 82 
5400 76 49 57 62 66 
5400 77 66 78 79 88 
5400 78 47 66 70 77 87 
5400 79 63 72 77 85 
5400 80 49 52 67 74 
5400 81 46 59 65 67 69 75 
5400 82 45 53 56 65 75 86 
5400 83 49 55 60 65 69 
5400 84 50 62 71 88 
5400 85 2 48 64 67 79 87 
5400 86 54 59 63 82 
5400 87 46 73 78 85 
5400 88 48 49 52 58 77 84 
5400 89 8 99 102 124 
5400 90 99 115 121 125 
5400 91 9 111 116 119 
5400 92 6 101 107 110 
5400 93 7 109 119 122 
5400 94 7 95 107 123 
5400 95 94 97 99 121 
5400 96 97 103 111 120 
5400 97 95 96 98 102 
5400 98 97 100 117 120 
5400 99 9 89 90 95 
5400 100 7 98 105 115 
5400 101 8 92 119 121 
5400 102 89 97 103 119 
5400 103 96 102 120 122 
5400 104 3 7 111 121 
5400 105 100 114 120 124 
5400 106 6 112 113 121 
5400 107 92 94 119 120 
5400 108 113 116 117 123 
5400 109 93 110 114 125 
5400 110 92 109 113 124 
5400 111 91 96 104 122 
5400 112 6 106 115 124 
5400 113 9 106 108 110 
5400 114 8 105 109 125 
5400 115 3 90 100 112 
5400 116 91 108 118 122 
5400 117 98 108 121 125 
5400 118 6 116 119 125 
5400 119 91 93 101 102 107 118 
5400 120 9 96 98 103 105 107 
5400 121 3 90 95 101 104 106 117 123 
5400 122 93 103 111 116 123 
5400 123 94 108 121 122 
5400 124 8 89 105 110 112 
5400 125 90 109 114 117 118 
5400 126 0 1 2 3 
5400 127 0 1 2 3 
5400 128 0 1 2 3 
5400 129 0 1 2 
5400 130 0 2 3 
5400 131 0 1 2 
5400 132 0 1 2 3 
5400 133 0 2 3 
5400 134 0 1 3 
5400 135 0 1 2 3 
5400 136 0 1 2 3 
5400 137 0 1 2 3 
5400 138 0 1 2 3 
5400 139 0 1 2 3 
5400 140 0 1 2 3 
5400 141 0 1 2 3 
5400 142 0 1 2 3 
5400 143 0 1 2 3 
5400 144 0 1 2 3 
5400 145 0 1 2 3 
5400 146 0 1 2 3 
5400 147 0 1 2 3 
5400 148 0 1 2 3 
5400 149 0 1 2 3 
5400 150 0 1 3 
5400 151 0 1 2 3 
5400 152 0 1 2 3 
5400 153 0 1 2 3 
5400 154 0 1 2 3 
5400 155 0 1 2 3 
7200 0 1 126 127 128 129 130 131 132 133 134 135 136 137 138 139 140 141 142 143 144 145 146 147 148 149 150 151 152 153 154 155 
7200 1 0 3 16 37 126 127 128 129 131 132 134 135 136 137 138 139 140 141 142 143 144 145 146 147 148 149 150 151 152 153 154 155 
7200 2 71 72 73 83 
7200 3 1 98 117 118 126 127 128 130 132 133 134 135 136 137 138 139 140 141 142 143 144 145 146 147 148 149 150 151 152 153 154 155 
7200 4 16 18 41 44 
7200 5 27 36 37 44 
7200 6 92 102 110 119 
7200 7 98 107 114 123 
7200 8 90 118 122 123 
7200 9 90 95 101 124 
7200 10 34 35 44 
7200 11 14 16 19 20 
7200 12 13 32 36 43 
7200 13 12 16 23 26 
7200 14 11 17 40 42 
7200 15 21 29 37 42 
7200 16 1 4 11 13 
7200 17 14 18 36 41 
7200 18 4 17 33 39 
7200 19 11 24 26 41 
7200 20 11 30 34 35 
7200 21 15 31 40 43 
7200 22 29 33 
7200 23 13 37 39 43 
7200 24 19 27 38 42 
7200 25 26 33 37 41 
7200 26 13 19 25 43 
7200 27 5 24 28 30 
7200 28 27 34 37 41 
7200 29 15 22 31 40 
7200 30 20 27 35 41 
7200 31 21 29 33 42 
7200 32 12 34 42 44 
7200 33 18 22 25 31 
7200 34 10 20 28 32 
7200 35 10 20 30 38 
7200 36 5 12 17 38 
7200 37 1 5 15 23 25 28 38 
7200 38 24 35 36 37 
7200 39 18 23 41 43 
7200 40 14 21 29 43 
7200 41 4 17 19 25 28 30 39 
7200 42 14 15 24 31 32 
7200 43 12 21 23 26 39 40 
7200 44 4 5 10 32 
7200 45 60 62 64 77 
7200 46 66 71 79 82 
7200 47 70 78 82 83 
7200 48 63 71 72 88 
7200 49 58 70 82 86 
7200 50 64 74 75 80 
7200 51 53 56 72 88 
7200 52 57 58 60 83 
7200 53 51 79 80 86 
7200 54 67 70 81 82 
7200 55 60 67 69 72 
7200 56 51 69 80 86 
7200 57 52 65 82 83 
7200 58 49 52 73 85 
7200 59 64 74 75 88 
7200 60 45 52 55 78 
7200 61 63 69 74 79 
7200 62 45 76 77 82 
7200 63 48 61 73 86 
7200 64 45 50 59 82 
7200 65 57 72 81 87 
7200 66 46 78 83 88 
7200 67 54 55 73 83 
7200 68 81 83 84 87 
7200 69 55 56 61 76 84 87 
7200 70 47 49 54 84 
7200 71 2 46 48 82 
7200 72 2 48 51 55 65 
7200 73 2 58 63 67 
7200 74 50 59 61 84 
7200 75 50 59 78 87 
7200 76 62 69 77 79 
7200 77 45 62 76 83 
7200 78 47 60 66 75 
7200 79 46 53 61 76 
7200 80 50 53 56 85 
7200 81 54 65 68 83 
7200 82 46 47 49 54 57 62 64 71 
7200 83 2 47 52 57 66 67 68 77 81 
7200 84 68 69 70 74 
7200 85 58 80 
7200 86 49 53 56 63 
7200 87 65 68 69 75 
7200 88 48 51 59 66 
7200 89 96 105 111 121 
7200 90 8 9 
7200 91 106 115 119 123 
7200 92 6 107 108 123 
7200 93 94 104 111 123 
7200 94 93 101 106 121 
7200 95 9 112 116 124 
7200 96 89 98 107 116 
7200 97 112 116 121 123 
7200 98 3 7 96 108 
7200 99 111 114 117 118 
7200 100 106 111 112 119 
7200 101 9 94 106 123 
7200 102 6 110 120 125 
7200 103 104 111 124 125 
7200 104 93 103 108 121 
7200 105 89 110 115 125 
7200 106 91 94 100 101 113 
7200 107 7 92 96 109 122 
7200 108 92 98 104 121 
7200 109 107 114 119 124 
7200 110 6 102 105 123 
7200 111 89 93 99 100 103 
7200 112 95 97 100 118 120 
7200 113 106 115 119 125 
7200 114 7 99 109 122 
7200 115 91 105 113 125 
7200 116 95 96 97 
7200 117 3 99 121 
7200 118 3 8 99 112 
7200 119 6 91 100 109 113 120 
7200 120 102 112 119 124 
7200 121 89 94 97 104 108 117 
7200 122 8 107 114 125 
7200 123 7 8 91 92 93 97 101 110 
7200 124 9 95 103 109 120 
7200 125 102 103 105 113 115 122 
7200 126 0 1 3 
7200 127 0 1 3 
7200 128 0 1 3 
7200 129 0 1 
7200 130 0 3 
7200 131 0 1 
7200 132 0 1 3 
7200 133 0 3 
7200 134 0 1 3 
7200 135 0 1 3 
7200 136 0 1 3 
7200 137 0 1 3 
7200 138 0 1 3 
7200 139 0 1 3 
7200 140 0 1 3 
7200 141 0 1 3 
7200 142 0 1 3 
7200 143 0 1 3 
7200 144 0 1 3 
7200 145 0 1 3 
7200 146 0 1 3 
7200 147 0 1 3 
7200 148 0 1 3 
7200 149 0 1 3 
7200 150 0 1 3 
7200 151 0 1 3 
7200 152 0 1 3 
7200 153 0 1 3 
7200 154 0 1 3 
7200 155 0 1 3 
9000 0 3 126 127 128 129 130 131 132 133 134 135 136 137 138 139 140 141 142 143 144 145 146 147 148 149 150 151 152 153 154 155 
9000 1 15 28 35 40 
9000 2 68 73 81 86 
9000 3 0 101 103 105 126 127 128 130 132 133 134 135 136 137 138 139 140 141 142 143 144 145 146 147 148 149 150 151 152 153 154 155 
9000 4 19 25 29 35 
9000 5 10 32 38 44 
9000 6 94 104 114 115 
9000 7 9 95 111 115 
9000 8 96 109 110 123 
9000 9 7 90 91 98 
9000 10 5 20 27 
9000 11 31 
9000 12 22 25 31 36 
9000 13 20 36 37 38 
9000 14 18 24 35 38 
9000 15 1 35 36 39 
9000 16 19 23 26 34 
9000 17 27 28 29 35 
9000 18 14 19 20 37 
9000 19 4 16 18 40 
9000 20 10 13 18 28 
9000 21 37 38 39 43 
9000 22 12 33 34 41 
9000 23 16 31 33 34 
9000 24 14 25 29 32 
9000 25 4 12 24 27 44 
9000 26 16 29 42 44 
9000 27 10 17 25 29 
9000 28 1 17 20 30 
9000 29 4 17 24 26 27 
9000 30 28 37 40 
9000 31 11 12 23 32 
9000 32 5 24 31 43 44 
9000 33 22 23 36 39 
9000 34 16 22 23 37 
9000 35 1 4 14 15 17 41 42 
9000 36 12 13 15 33 41 
9000 37 13 18 21 30 34 
9000 38 5 13 14 21 
9000 39 15 21 33 41 42 
9000 40 1 19 30 
9000 41 22 35 36 39 
9000 42 26 35 39 43 
9000 43 21 32 42 
9000 44 5 25 26 32 
9000 45 71 73 74 82 
9000 46 59 64 65 85 
9000 47 53 66 68 82 
9000 48 62 68 73 86 
9000 49 69 70 72 76 
9000 50 84 87 88 
9000 51 75 76 83 86 
9000 52 66 72 73 80 
9000 53 47 82 83 87 
9000 54 62 64 77 82 
9000 55 60 68 73 78 
9000 56 68 71 78 86 
9000 57 60 69 85 87 
9000 58 59 61 63 73 
9000 59 46 58 72 76 
9000 60 55 57 74 77 
9000 61 58 73 74 80 
9000 62 48 54 78 88 
9000 63 58 75 80 85 
9000 64 46 54 66 87 
9000 65 46 78 82 86 
9000 66 47 52 64 71 
9000 67 72 79 83 88 
9000 68 2 47 48 55 56 75 
9000 69 49 57 77 84 
9000 70 49 81 83 87 
9000 71 45 56 66 75 
9000 72 49 52 59 67 
9000 73 2 45 48 52 55 58 61 
9000 74 45 60 61 85 
9000 75 51 63 68 71 
9000 76 49 51 59 84 
9000 77 54 60 69 85 
9000 78 55 56 62 65 79 
9000 79 67 78 85 87 
9000 80 52 61 63 81 
9000 81 2 70 80 88 
9000 82 45 47 53 54 65 
9000 83 51 53 67 70 
9000 84 50 69 76 87 
9000 85 46 57 63 74 77 79 
9000 86 2 48 51 56 65 
9000 87 50 53 57 64 70 79 84 
9000 88 50 62 67 81 
9000 89 101 119 122 124 
9000 90 9 116 117 124 
9000 91 9 109 119 121 
9000 92 105 111 115 
9000 93 95 99 113 124 
9000 94 6 102 117 119 
9000 95 7 93 104 106 
9000 96 8 100 110 120 
9000 97 102 107 113 122 
9000 98 9 100 106 111 
9000 99 93 101 116 118 
9000 100 96 98 101 107 
9000 101 3 89 99 100 
9000 102 94 97 108 125 
9000 103 3 110 113 124 
9000 104 6 95 112 122 
9000 105 3 92 117 125 
9000 106 95 98 122 124 
9000 107 97 100 118 124 
9000 108 102 111 113 119 
9000 109 8 91 112 125 
9000 110 8 96 103 123 
9000 111 7 92 98 108 125 
9000 112 104 109 114 119 
9000 113 93 97 103 108 116 121 
9000 114 6 112 115 123 
9000 115 6 7 92 114 
9000 116 90 99 113 122 
9000 117 90 94 105 120 
9000 118 99 107 119 123 
9000 119 89 91 94 108 112 118 121 
9000 120 96 117 121 124 
9000 121 91 113 119 120 
9000 122 89 97 104 106 116 
9000 123 8 110 114 118 
9000 124 89 90 93 103 106 107 120 
9000 125 102 105 109 111 
9000 126 0 3 
9000 127 0 3 
9000 128 0 3 
9000 129 0 
9000 130 0 3 
9000 131 0 
9000 132 0 3 
9000 133 0 3 
9000 134 0 3 
9000 135 0 3 
9000 136 0 3 
9000 137 0 3 
9000 138 0 3 
9000 139 0 3 
9000 140 0 3 
9000 141 0 3 
9000 142 0 3 
9000 143 0 3 
9000 144 0 3 
9000 145 0 3 
9000 146 0 3 
9000 147 0 3 
9000 148 0 3 
9000 149 0 3 
9000 150 0 3 
9000 151 0 3 
9000 152 0 3 
9000 153 0 3 
9000 154 0 3 
9000 155 0 3 
