0 21600
1800 0 1 86 87 88 89 90 91 92 93 94 95 96 97 98 99 100 101 102 103 104 105 106 107 108 109 110 111 112 113 114 115 
1800 1 0 15 24 29 86 87 88 89 90 92 93 94 95 96 98 99 101 102 103 104 105 106 108 109 111 112 113 114 115 
1800 2 52 54 
1800 3 72 78 82 85 
1800 4 16 17 26 40 
1800 5 16 21 37 39 
1800 6 7 17 21 38 
1800 7 6 15 31 33 
1800 8 15 25 30 37 
1800 9 11 13 46 56 
1800 10 51 52 54 55 
1800 11 9 48 55 57 
1800 12 41 54 57 60 
1800 13 9 48 54 56 
1800 14 68 77 78 84 
1800 15 1 7 8 39 
1800 16 4 5 19 32 34 
1800 17 4 6 25 33 
1800 18 22 
1800 19 16 22 27 39 
1800 20 24 30 31 40 
1800 21 5 6 30 36 
1800 22 18 19 
1800 23 
1800 24 1 20 38 40 
1800 25 8 17 28 32 
1800 26 4 31 
1800 27 19 
1800 28 25 32 33 38 
1800 29 1 35 39 40 
1800 30 8 20 21 33 
1800 31 7 20 26 33 
1800 32 16 25 28 36 
1800 33 7 17 28 30 31 35 
1800 34 16 35 37 38 
1800 35 29 33 34 40 
1800 36 21 32 37 38 
1800 37 5 8 34 36 
1800 38 6 24 28 34 36 
1800 39 5 15 19 29 
1800 40 4 20 24 29 35 
1800 41 12 44 51 61 
1800 42 
1800 43 55 61 
1800 44 41 48 53 55 
1800 45 46 49 50 55 
1800 46 9 45 57 60 
1800 47 50 53 
1800 48 11 13 44 52 
1800 49 45 53 56 
1800 50 45 47 
1800 51 10 41 53 55 
1800 52 2 10 48 61 
1800 53 44 47 49 51 60 
1800 54 2 10 12 13 
1800 55 10 11 43 44 45 51 
1800 56 9 13 49 58 
1800 57 11 12 46 60 
1800 58 56 61 
1800 59 
1800 60 12 46 53 57 
1800 61 41 43 52 58 
1800 62 65 70 71 78 
1800 63 70 74 81 84 
1800 64 68 80 84 
1800 65 62 69 83 84 
1800 66 73 75 79 83 
1800 67 75 76 78 80 
1800 68 14 64 69 80 
1800 69 65 68 72 81 
1800 70 62 63 
1800 71 62 75 77 78 
1800 72 3 69 75 82 
1800 73 66 76 79 
1800 74 63 78 82 85 
1800 75 66 67 71 72 
1800 76 67 73 81 83 
1800 77 14 71 82 83 
1800 78 3 14 62 67 71 74 
1800 79 66 73 80 84 
1800 80 64 67 68 79 
1800 81 63 69 76 85 
1800 82 3 72 74 77 
1800 83 65 66 76 77 
1800 84 14 63 64 65 79 
1800 85 3 74 81 
1800 86 0 1 
1800 87 0 1 
1800 88 0 1 
1800 89 0 1 
1800 90 0 1 
1800 91 0 
1800 92 0 1 
1800 93 0 1 
1800 94 0 1 
1800 95 0 1 
1800 96 0 1 
1800 97 0 
1800 98 0 1 
1800 99 0 1 
1800 100 0 
1800 101 0 1 
1800 102 0 1 
1800 103 0 1 
1800 104 0 1 
1800 105 0 1 
1800 106 0 1 
1800 107 0 
1800 108 0 1 
1800 109 0 1 
1800 110 0 
1800 111 0 1 
1800 112 0 1 
1800 113 0 1 
1800 114 0 1 
1800 115 0 1 
