0 21600
0 0 25 34 44 46 49 
0 1 49 50 51 52 53 
0 2 55 57 59 60 61 
0 3 10 121 123 124 126 
0 4 49 50 51 52 53 
0 5 49 50 51 52 53 
0 6 55 57 59 60 61 
0 7 55 57 59 60 61 
0 8 55 57 59 60 61 
0 9 120 121 123 124 126 
0 10 3 121 123 124 126 
0 11 14 20 26 37 
0 12 49 50 51 52 53 
0 13 17 35 51 52 53 
0 14 11 20 26 37 
0 15 17 28 29 30 36 
0 16 49 50 51 52 53 
0 17 13 15 22 30 35 
0 18 49 50 51 52 53 
0 19 49 50 51 52 53 
0 20 11 14 27 31 53 
0 21 49 50 51 52 53 
0 22 17 30 35 45 47 
0 23 49 50 51 52 53 
0 24 49 50 51 52 53 
0 25 0 34 48 49 52 
0 26 11 14 37 45 
0 27 20 50 51 52 53 
0 28 15 50 51 52 53 
0 29 15 50 51 52 53 
0 30 15 17 22 47 48 
0 31 20 50 51 52 53 
0 32 49 50 51 52 53 
0 33 49 50 51 52 53 
0 34 0 25 41 46 49 
0 35 13 17 22 49 
0 36 15 50 51 52 53 
0 37 11 14 26 51 53 
0 38 48 49 51 52 53 
0 39 45 50 51 52 53 
0 40 49 50 51 52 53 
0 41 34 49 50 52 53 
0 42 49 50 51 52 53 
0 43 49 50 51 52 53 
0 44 0 49 50 52 53 
0 45 22 26 39 47 48 
0 46 0 34 48 49 52 
0 47 22 30 45 51 52 
0 48 25 30 38 45 46 
0 49 0 1 4 5 12 16 18 19 21 23 24 25 32 33 34 35 38 40 41 42 43 44 46 
0 50 1 4 5 12 16 18 19 21 23 24 27 28 29 31 32 33 36 39 40 41 42 43 44 
0 51 1 4 5 12 13 16 18 19 21 23 24 27 28 29 31 32 33 36 37 38 39 40 42 43 47 
0 52 1 4 5 12 13 16 18 19 21 23 24 25 27 28 29 31 32 33 36 38 39 40 41 42 43 44 46 47 
0 53 1 4 5 12 13 16 18 19 20 21 23 24 27 28 29 31 32 33 36 37 38 39 40 41 42 43 44 
0 54 55 57 59 60 61 
0 55 2 6 7 8 54 
0 56 58 61 62 63 73 
0 57 2 6 7 8 54 
0 58 56 59 61 66 93 
0 59 2 6 7 8 54 58 
0 60 2 6 7 8 54 
0 61 2 6 7 8 54 56 58 66 
0 62 56 66 89 90 93 
0 63 56 66 93 
0 64 71 83 86 89 90 
0 65 70 71 90 91 92 
0 66 58 61 62 63 93 
0 67 71 89 90 91 92 
0 68 70 71 90 91 92 
0 69 71 89 90 91 92 
0 70 65 68 71 92 93 
0 71 64 65 67 68 69 70 
0 72 
0 73 56 90 91 92 93 
0 74 88 89 90 91 92 
0 75 88 89 90 91 92 
0 76 84 85 
0 77 87 89 90 91 92 
0 78 88 89 90 91 92 
0 79 88 89 90 91 92 
0 80 87 
0 81 87 89 90 91 92 
0 82 87 89 90 91 92 
0 83 64 90 91 92 93 
0 84 76 85 88 91 92 
0 85 76 84 88 91 92 
0 86 64 89 90 91 92 
0 87 77 80 81 82 88 
0 88 74 75 78 79 84 85 87 
0 89 62 64 67 69 74 75 77 78 79 81 82 86 
0 90 62 64 65 67 68 69 73 74 75 77 78 79 81 82 83 86 
0 91 65 67 68 69 73 74 75 77 78 79 81 82 83 84 85 86 
0 92 65 67 68 69 70 73 74 75 77 78 79 81 82 83 84 85 86 
0 93 58 62 63 66 70 73 83 
0 94 120 121 123 124 126 
0 95 120 121 122 123 124 
0 96 121 123 124 125 126 
0 97 120 121 123 124 126 
0 98 120 121 123 124 126 
0 99 118 129 130 
0 100 120 121 123 124 126 
0 101 120 121 123 124 126 
0 102 120 121 123 124 126 
0 103 
0 104 120 121 123 124 126 
0 105 117 123 124 125 126 
0 106 120 121 123 124 126 
0 107 108 116 120 121 126 
0 108 107 115 120 126 131 
0 109 121 122 123 124 126 
0 110 120 121 123 124 126 
0 111 120 121 123 124 126 
0 112 120 121 123 124 126 
0 113 120 121 123 124 126 
0 114 121 123 124 126 127 
0 115 108 121 123 124 126 
0 116 107 117 123 125 126 
0 117 105 116 120 121 125 
0 118 99 123 124 126 129 
0 119 120 121 123 124 126 
0 120 9 94 95 97 98 100 101 102 104 106 107 108 110 111 112 113 117 119 
0 121 3 9 10 94 95 96 97 98 100 101 102 104 106 107 109 110 111 112 113 114 115 117 119 
0 122 95 109 128 
0 123 3 9 10 94 95 96 97 98 100 101 102 104 105 106 109 110 111 112 113 114 115 116 118 119 129 130 131 
0 124 3 9 10 94 95 96 97 98 100 101 102 104 105 106 109 110 111 112 113 114 115 118 119 128 131 
0 125 96 105 116 117 127 
0 126 3 9 10 94 96 97 98 100 101 102 104 105 106 107 108 109 110 111 112 113 114 115 116 118 119 131 
0 127 114 125 130 
0 128 122 124 129 130 131 
0 129 99 118 123 128 130 
0 130 99 123 127 128 129 
0 131 108 123 124 126 128 
1800 0 3 25 34 44 46 132 133 134 135 136 137 138 139 140 141 142 143 144 145 146 147 148 149 150 151 152 153 154 155 156 157 158 159 160 161 
1800 1 48 49 51 52 53 
1800 2 55 57 59 60 61 
1800 3 0 10 123 124 126 132 133 134 135 139 140 141 143 144 145 146 147 151 154 156 159 160 161 
1800 4 48 49 51 52 53 
1800 5 48 49 51 52 53 
1800 6 55 57 59 60 61 
1800 7 55 57 59 60 61 
1800 8 55 57 59 60 61 
1800 9 120 121 123 124 126 
1800 10 3 121 123 124 126 
1800 11 14 20 26 37 
1800 12 49 50 51 52 53 
1800 13 49 50 51 52 53 
1800 14 11 20 26 37 
1800 15 16 28 29 30 36 
1800 16 15 49 51 52 53 
1800 17 35 47 48 49 52 
1800 18 48 49 51 52 53 
1800 19 48 49 51 52 53 
1800 20 11 14 31 37 53 
1800 21 48 49 51 52 53 
1800 22 28 30 35 45 47 
1800 23 48 49 51 52 53 
1800 24 48 49 51 52 53 
1800 25 0 34 48 49 52 
1800 26 11 14 37 45 
1800 27 48 49 51 52 53 
1800 28 15 22 51 52 53 
1800 29 15 49 51 52 53 
1800 30 15 22 45 47 48 
1800 31 20 50 51 52 53 
1800 32 49 50 51 52 53 
1800 33 48 49 51 52 53 
1800 34 0 25 41 46 
1800 35 17 22 
1800 36 15 49 51 52 53 
1800 37 11 14 20 26 50 
1800 38 48 49 51 52 53 
1800 39 48 49 51 52 53 
1800 40 48 49 51 52 53 
1800 41 34 46 49 52 53 
1800 42 48 49 51 52 53 
1800 43 48 49 51 52 53 
1800 44 0 48 49 52 53 
1800 45 22 26 30 47 48 
1800 46 0 34 41 48 52 
1800 47 17 22 30 45 52 
1800 48 1 4 5 17 18 19 21 23 24 25 27 30 33 38 39 40 42 43 44 45 46 
1800 49 1 4 5 12 13 16 17 18 19 21 23 24 25 27 29 32 33 36 38 39 40 41 42 43 44 
1800 50 12 13 31 32 37 
1800 51 1 4 5 12 13 16 18 19 21 23 24 27 28 29 31 32 33 36 38 39 40 42 43 
1800 52 1 4 5 12 13 16 17 18 19 21 23 24 25 27 28 29 31 32 33 36 38 39 40 41 42 43 44 46 47 
1800 53 1 4 5 12 13 16 18 19 20 21 23 24 27 28 29 31 32 33 36 38 39 40 41 42 43 44 
1800 54 57 58 59 60 61 
1800 55 2 6 7 8 62 
1800 56 58 62 63 83 93 
1800 57 2 6 7 8 54 
1800 58 54 56 86 90 93 
1800 59 2 6 7 8 54 
1800 60 2 6 7 8 54 
1800 61 2 6 7 8 54 66 
1800 62 55 56 66 89 90 
1800 63 56 66 93 
1800 64 74 81 83 89 90 
1800 65 71 89 90 91 92 
1800 66 61 62 63 74 93 
1800 67 71 89 90 91 92 
1800 68 71 76 90 91 92 
1800 69 71 89 90 91 92 
1800 70 71 73 74 82 93 
1800 71 65 67 68 69 70 
1800 72 73 
1800 73 70 72 76 92 93 
1800 74 64 66 70 77 93 
1800 75 88 89 90 91 92 
1800 76 68 73 77 84 85 
1800 77 74 76 90 91 92 
1800 78 88 89 90 91 92 
1800 79 88 89 90 91 92 
1800 80 87 
1800 81 64 89 90 91 92 
1800 82 70 87 91 92 93 
1800 83 56 64 91 92 93 
1800 84 76 87 89 91 92 
1800 85 76 87 89 91 92 
1800 86 58 89 90 91 92 
1800 87 80 82 84 85 91 
1800 88 75 78 79 91 92 
1800 89 62 64 65 67 69 75 78 79 81 84 85 86 
1800 90 58 62 64 65 67 68 69 75 77 78 79 81 86 
1800 91 65 67 68 69 75 77 78 79 81 82 83 84 85 86 87 88 
1800 92 65 67 68 69 73 75 77 78 79 81 82 83 84 85 86 88 
1800 93 56 58 63 66 70 73 74 82 83 
1800 94 121 123 124 125 126 
1800 95 120 121 122 123 124 
1800 96 121 123 124 125 126 
1800 97 120 121 123 124 126 
1800 98 121 123 124 125 126 
1800 99 129 130 
1800 100 121 123 124 126 127 
1800 101 120 121 123 124 126 
1800 102 123 124 125 126 127 
1800 103 120 
1800 104 120 121 123 124 126 
1800 105 116 117 120 121 125 
1800 106 120 121 123 124 126 
1800 107 108 116 121 125 126 
1800 108 107 116 120 126 131 
1800 109 122 123 124 126 129 
1800 110 120 121 123 124 126 
1800 111 120 121 123 124 126 
1800 112 120 121 123 124 126 
1800 113 120 121 123 124 126 
1800 114 120 121 123 124 126 
1800 115 123 124 126 127 130 
1800 116 105 107 108 117 126 
1800 117 105 116 120 121 125 
1800 118 120 121 123 124 126 
1800 119 120 121 123 124 126 
1800 120 9 95 97 101 103 104 105 106 108 110 111 112 113 114 117 118 119 
1800 121 9 10 94 95 96 97 98 100 101 104 105 106 107 110 111 112 113 114 117 118 119 
1800 122 95 109 128 
1800 123 3 9 10 94 95 96 97 98 100 101 102 104 106 109 110 111 112 113 114 115 118 119 129 130 131 
1800 124 3 9 10 94 95 96 97 98 100 101 102 104 106 109 110 111 112 113 114 115 118 119 128 131 
1800 125 94 96 98 102 105 107 117 
1800 126 3 9 10 94 96 97 98 100 101 102 104 106 107 108 109 110 111 112 113 114 115 116 118 119 131 
1800 127 100 102 115 
1800 128 122 124 129 130 131 
1800 129 99 109 123 128 130 
1800 130 99 115 123 128 129 
1800 131 108 123 124 126 128 
1800 132 0 3 
1800 133 0 3 
1800 134 0 3 
1800 135 0 3 
1800 136 0 
1800 137 0 
1800 138 0 
1800 139 0 3 
1800 140 0 3 
1800 141 0 3 
1800 142 0 
1800 143 0 3 
1800 144 0 3 
1800 145 0 3 
1800 146 0 3 
1800 147 0 3 
1800 148 0 
1800 149 0 
1800 150 0 
1800 151 0 3 
1800 152 0 
1800 153 0 
1800 154 0 3 
1800 155 0 
1800 156 0 3 
1800 157 0 
1800 158 0 
1800 159 0 3 
1800 160 0 3 
1800 161 0 3 
3600 0 25 31 34 44 46 
3600 1 48 49 51 52 53 
3600 2 55 57 59 60 61 
3600 3 10 121 123 124 126 
3600 4 48 49 51 52 53 
3600 5 48 49 51 52 53 
3600 6 55 57 59 60 61 
3600 7 55 57 59 60 61 
3600 8 55 57 59 60 61 
3600 9 120 121 123 124 126 
3600 10 3 121 123 124 126 
3600 11 14 20 26 37 48 
3600 12 49 50 51 52 53 
3600 13 48 49 51 52 53 
3600 14 11 20 26 37 48 
3600 15 17 26 28 29 30 
3600 16 48 49 51 52 53 
3600 17 15 22 30 32 35 
3600 18 47 48 49 52 53 
3600 19 48 49 51 52 53 
3600 20 11 14 21 27 53 
3600 21 20 49 51 52 53 
3600 22 17 30 35 44 45 
3600 23 48 49 51 52 53 
3600 24 48 49 51 52 53 
3600 25 0 34 48 49 52 
3600 26 11 14 15 37 47 
3600 27 20 49 51 52 53 
3600 28 15 49 51 52 53 
3600 29 15 49 51 52 53 
3600 30 15 17 22 47 48 
3600 31 0 50 51 52 53 
3600 32 17 35 50 52 53 
3600 33 48 49 51 52 53 
3600 34 0 25 41 46 
3600 35 17 22 32 
3600 36 48 49 51 52 53 
3600 37 11 14 26 52 53 
3600 38 45 49 51 52 53 
3600 39 45 49 51 52 53 
3600 40 48 49 51 52 53 
3600 41 34 49 50 52 53 
3600 42 48 49 51 52 53 
3600 43 48 49 51 52 53 
3600 44 0 22 46 49 52 
3600 45 22 38 39 47 48 
3600 46 0 34 44 48 52 
3600 47 18 26 30 45 52 
3600 48 1 4 5 11 13 14 16 18 19 23 24 25 30 33 36 40 42 43 45 46 
3600 49 1 4 5 12 13 16 18 19 21 23 24 25 27 28 29 33 36 38 39 40 41 42 43 44 
3600 50 12 31 32 41 52 
3600 51 1 4 5 12 13 16 19 21 23 24 27 28 29 31 33 36 38 39 40 42 43 
3600 52 1 4 5 12 13 16 18 19 21 23 24 25 27 28 29 31 32 33 36 37 38 39 40 41 42 43 44 46 47 50 
3600 53 1 4 5 12 13 16 18 19 20 21 23 24 27 28 29 31 32 33 36 37 38 39 40 41 42 43 
3600 54 55 59 60 61 76 
3600 55 2 6 7 8 54 
3600 56 57 58 61 62 63 
3600 57 2 6 7 8 56 
3600 58 56 61 67 90 93 
3600 59 2 6 7 8 54 
3600 60 2 6 7 8 54 
3600 61 2 6 7 8 54 56 58 
3600 62 56 78 89 90 93 
3600 63 56 66 93 
3600 64 66 83 86 89 90 
3600 65 70 71 90 91 92 
3600 66 63 64 67 83 93 
3600 67 58 66 71 72 92 
3600 68 71 89 90 91 92 
3600 69 71 90 91 92 93 
3600 70 65 73 77 78 93 
3600 71 65 67 68 69 92 
3600 72 67 92 
3600 73 70 90 91 92 93 
3600 74 88 89 90 91 92 
3600 75 88 89 90 91 92 
3600 76 54 84 85 92 
3600 77 70 87 90 91 92 
3600 78 62 70 87 92 93 
3600 79 88 89 90 91 92 
3600 80 87 
3600 81 87 88 89 90 91 
3600 82 87 89 90 91 92 
3600 83 64 66 91 92 93 
3600 84 76 85 88 91 92 
3600 85 76 84 88 91 92 
3600 86 64 89 90 91 92 
3600 87 77 78 80 81 82 
3600 88 74 75 79 81 84 85 
3600 89 62 64 68 74 75 79 81 82 86 
3600 90 58 62 64 65 68 69 73 74 75 77 79 81 82 86 
3600 91 65 68 69 73 74 75 77 79 81 82 83 84 85 86 
3600 92 65 67 68 69 71 72 73 74 75 76 77 78 79 82 83 84 85 86 
3600 93 58 62 63 66 69 70 73 78 83 
3600 94 120 121 123 124 126 
3600 95 122 123 124 126 130 
3600 96 121 123 124 125 126 
3600 97 121 123 124 125 126 
3600 98 120 121 123 124 126 
3600 99 103 115 122 124 130 
3600 100 120 121 123 124 126 
3600 101 123 124 125 126 127 
3600 102 121 123 124 125 126 
3600 103 99 116 
3600 104 121 123 124 126 129 
3600 105 116 117 120 121 125 
3600 106 120 121 123 124 126 
3600 107 108 109 116 121 126 
3600 108 107 112 115 126 131 
3600 109 107 122 124 126 129 
3600 110 120 121 123 124 126 
3600 111 120 121 123 124 126 
3600 112 108 121 123 124 126 
3600 113 120 121 123 124 126 
3600 114 120 121 123 124 126 
3600 115 99 108 123 124 126 
3600 116 103 105 107 117 126 
3600 117 105 116 120 121 125 
3600 118 120 121 123 124 126 
3600 119 120 121 123 124 126 
3600 120 9 94 98 100 105 106 110 111 113 114 117 118 119 
3600 121 3 9 10 94 96 97 98 100 102 104 105 106 107 110 111 112 113 114 117 118 119 
3600 122 95 99 109 128 
3600 123 3 9 10 94 95 96 97 98 100 101 102 104 106 110 111 112 113 114 115 118 119 129 130 131 
3600 124 3 9 10 94 95 96 97 98 99 100 101 102 104 106 109 110 111 112 113 114 115 118 119 128 131 
3600 125 96 97 101 102 105 117 
3600 126 3 9 10 94 95 96 97 98 100 101 102 104 106 107 108 109 110 111 112 113 114 115 116 118 119 131 
3600 127 101 
3600 128 122 124 129 130 131 
3600 129 104 109 123 128 130 
3600 130 95 99 123 128 129 
3600 131 108 123 124 126 128 
5400 0 3 25 34 44 46 132 133 134 135 136 137 138 139 140 141 142 143 144 145 146 147 148 149 150 151 152 153 154 155 156 157 158 159 160 161 
5400 1 48 49 51 52 53 
5400 2 55 57 59 60 61 
5400 3 0 10 123 124 126 132 133 134 135 139 140 141 143 144 145 146 147 151 154 156 159 160 161 
5400 4 48 49 51 52 53 
5400 5 48 49 51 52 53 
5400 6 55 57 59 60 61 
5400 7 55 57 59 60 61 
5400 8 55 57 59 60 61 
5400 9 120 121 123 124 126 
5400 10 3 121 123 124 126 
5400 11 14 20 26 37 51 
5400 12 49 50 51 52 53 
5400 13 48 49 51 52 53 
5400 14 11 20 26 37 51 
5400 15 24 28 29 30 36 
5400 16 47 48 49 52 53 
5400 17 18 22 30 35 45 
5400 18 17 35 51 52 53 
5400 19 48 49 51 52 53 
5400 20 11 14 27 31 53 
5400 21 48 49 51 52 53 
5400 22 17 30 35 45 47 
5400 23 34 48 49 52 53 
5400 24 15 49 51 52 53 
5400 25 0 34 48 49 52 
5400 26 11 14 37 45 
5400 27 20 50 51 52 53 
5400 28 15 49 51 52 53 
5400 29 15 49 51 52 53 
5400 30 15 17 22 35 48 
5400 31 20 49 51 52 53 
5400 32 49 50 51 52 53 
5400 33 48 49 50 52 53 
5400 34 0 23 25 41 46 
5400 35 17 18 22 30 45 
5400 36 15 49 51 52 53 
5400 37 11 14 26 52 53 
5400 38 48 49 51 52 53 
5400 39 48 49 51 52 53 
5400 40 48 49 51 52 53 
5400 41 34 46 49 52 53 
5400 42 48 49 51 52 53 
5400 43 48 49 51 52 53 
5400 44 0 48 49 52 53 
5400 45 17 22 26 35 48 
5400 46 0 34 41 48 52 
5400 47 16 22 49 51 52 
5400 48 1 4 5 13 16 19 21 23 25 30 33 38 39 40 42 43 44 45 46 
5400 49 1 4 5 12 13 16 19 21 23 24 25 28 29 31 32 33 36 38 39 40 41 42 43 44 47 
5400 50 12 27 32 33 53 
5400 51 1 4 5 11 12 13 14 18 19 21 24 27 28 29 31 32 36 38 39 40 42 43 47 
5400 52 1 4 5 12 13 16 18 19 21 23 24 25 27 28 29 31 32 33 36 37 38 39 40 41 42 43 44 46 47 
5400 53 1 4 5 12 13 16 18 19 20 21 23 24 27 28 29 31 32 33 36 37 38 39 40 41 42 43 44 50 
5400 54 55 57 59 60 61 
5400 55 2 6 7 8 54 
5400 56 58 61 62 63 90 
5400 57 2 6 7 8 54 
5400 58 56 61 63 67 90 
5400 59 2 6 7 8 54 
5400 60 2 6 7 8 54 
5400 61 2 6 7 8 54 56 58 
5400 62 56 63 73 89 93 
5400 63 56 58 62 83 93 
5400 64 71 86 89 90 93 
5400 65 70 71 91 92 93 
5400 66 70 73 89 90 93 
5400 67 58 71 91 92 93 
5400 68 70 71 91 92 93 
5400 69 71 89 91 92 93 
5400 70 65 66 68 71 91 
5400 71 64 65 67 68 69 70 
5400 72 83 
5400 73 62 66 91 92 93 
5400 74 88 89 91 92 93 
5400 75 87 90 91 92 93 
5400 76 84 85 
5400 77 87 89 91 92 93 
5400 78 89 90 91 92 93 
5400 79 89 90 91 92 93 
5400 80 87 
5400 81 87 89 91 92 93 
5400 82 87 90 91 92 93 
5400 83 63 72 90 91 92 
5400 84 76 88 91 92 93 
5400 85 76 88 91 92 93 
5400 86 64 90 91 92 93 
5400 87 75 77 80 81 82 
5400 88 74 84 85 92 93 
5400 89 62 64 66 69 74 77 78 79 81 
5400 90 56 58 64 66 75 78 79 82 83 86 
5400 91 65 67 68 69 70 73 74 75 77 78 79 81 82 83 84 85 86 
5400 92 65 67 68 69 73 74 75 77 78 79 81 82 83 84 85 86 88 
5400 93 62 63 64 65 66 67 68 69 73 74 75 77 78 79 81 82 84 85 86 88 
5400 94 120 121 123 124 126 
5400 95 121 122 123 124 126 
5400 96 121 123 124 125 126 
5400 97 121 123 124 126 127 
5400 98 120 121 123 124 126 
5400 99 104 129 130 
5400 100 103 122 123 124 126 
5400 101 120 121 123 124 126 
5400 102 120 121 123 124 126 
5400 103 100 
5400 104 99 123 124 126 127 
5400 105 107 117 120 121 125 
5400 106 120 121 123 124 126 
5400 107 105 108 116 118 121 
5400 108 107 115 118 126 131 
5400 109 121 122 123 124 126 
5400 110 120 121 123 124 126 
5400 111 120 121 123 124 126 
5400 112 121 122 123 124 126 
5400 113 123 124 126 129 130 
5400 114 120 121 123 124 126 
5400 115 108 121 123 124 126 
5400 116 107 117 121 123 125 
5400 117 105 116 120 121 125 
5400 118 107 108 123 124 126 
5400 119 120 121 123 124 126 
5400 120 9 94 98 101 102 105 106 110 111 114 117 119 127 
5400 121 9 10 94 95 96 97 98 101 102 105 106 107 109 110 111 112 114 115 116 117 119 
5400 122 95 100 109 112 126 
5400 123 3 9 10 94 95 96 97 98 100 101 102 104 106 109 110 111 112 113 114 115 116 118 119 129 130 131 
5400 124 3 9 10 94 95 96 97 98 100 101 102 104 106 109 110 111 112 113 114 115 118 119 128 131 
5400 125 96 105 116 117 
5400 126 3 9 10 94 95 96 97 98 100 101 102 104 106 108 109 110 111 112 113 114 115 118 119 122 128 131 
5400 127 97 104 120 
5400 128 124 126 129 130 131 
5400 129 99 113 123 128 130 
5400 130 99 113 123 128 129 
5400 131 108 123 124 126 128 
5400 132 0 3 
5400 133 0 3 
5400 134 0 3 
5400 135 0 3 
5400 136 0 
5400 137 0 
5400 138 0 
5400 139 0 3 
5400 140 0 3 
5400 141 0 3 
5400 142 0 
5400 143 0 3 
5400 144 0 3 
5400 145 0 3 
5400 146 0 3 
5400 147 0 3 
5400 148 0 
5400 149 0 
5400 150 0 
5400 151 0 3 
5400 152 0 
5400 153 0 
5400 154 0 3 
5400 155 0 
5400 156 0 3 
5400 157 0 
5400 158 0 
5400 159 0 3 
5400 160 0 3 
5400 161 0 3 
7200 0 3 25 34 44 46 132 133 134 135 136 137 138 139 140 141 142 143 144 145 146 147 148 149 150 151 152 153 154 155 156 157 158 159 160 161 
7200 1 48 49 51 52 53 
7200 2 57 59 60 61 63 
7200 3 0 10 123 124 126 132 133 134 135 139 140 141 143 144 145 146 147 151 154 156 159 160 161 
7200 4 48 49 51 52 53 
7200 5 48 49 51 52 53 
7200 6 57 59 60 61 63 
7200 7 57 59 60 61 63 
7200 8 57 59 60 61 63 
7200 9 120 121 123 124 126 
7200 10 3 121 123 124 126 
7200 11 14 21 24 26 37 
7200 12 49 50 51 52 53 
7200 13 48 49 51 52 53 
7200 14 11 21 24 26 37 
7200 15 17 49 51 52 53 
7200 16 48 49 51 52 53 
7200 17 15 22 30 35 
7200 18 48 49 51 52 53 
7200 19 48 49 51 52 53 
7200 20 21 24 27 31 53 
7200 21 11 14 20 52 53 
7200 22 17 27 30 35 45 
7200 23 48 49 51 52 53 
7200 24 11 14 20 52 53 
7200 25 0 34 48 49 52 
7200 26 11 14 37 45 53 
7200 27 20 22 51 52 53 
7200 28 48 49 51 52 53 
7200 29 48 49 51 52 53 
7200 30 17 22 45 47 48 
7200 31 20 49 51 52 53 
7200 32 49 50 51 52 53 
7200 33 48 49 51 52 53 
7200 34 0 25 41 46 
7200 35 17 22 
7200 36 48 49 51 52 53 
7200 37 11 14 26 51 53 
7200 38 48 49 51 52 53 
7200 39 49 50 51 52 53 
7200 40 48 49 51 52 53 
7200 41 34 46 49 52 53 
7200 42 48 49 51 52 53 
7200 43 48 49 51 52 53 
7200 44 0 48 49 52 53 
7200 45 22 26 30 47 48 
7200 46 0 34 41 48 52 
7200 47 30 45 49 51 52 
7200 48 1 4 5 13 16 18 19 23 25 28 29 30 33 36 38 40 42 43 44 45 46 
7200 49 1 4 5 12 13 15 16 18 19 23 25 28 29 31 32 33 36 38 39 40 41 42 43 44 47 
7200 50 12 32 39 51 53 
7200 51 1 4 5 12 13 15 16 18 19 23 27 28 29 31 32 33 36 37 38 39 40 42 43 47 50 
7200 52 1 4 5 12 13 15 16 18 19 21 23 24 25 27 28 29 31 32 33 36 38 39 40 41 42 43 44 46 47 
7200 53 1 4 5 12 13 15 16 18 19 20 21 23 24 26 27 28 29 31 32 33 36 37 38 39 40 41 42 43 44 50 
7200 54 55 57 59 60 61 
7200 55 54 57 59 60 61 
7200 56 62 63 70 86 93 
7200 57 2 6 7 8 54 55 
7200 58 61 63 83 90 93 
7200 59 2 6 7 8 54 55 
7200 60 2 6 7 8 54 55 
7200 61 2 6 7 8 54 55 58 
7200 62 56 63 66 70 93 
7200 63 2 6 7 8 56 58 62 66 
7200 64 83 86 89 90 93 
7200 65 71 89 90 91 92 
7200 66 62 63 69 86 93 
7200 67 71 72 76 88 91 
7200 68 71 89 90 91 92 
7200 69 66 71 91 92 93 
7200 70 56 62 73 86 93 
7200 71 65 67 68 69 92 
7200 72 67 
7200 73 70 90 91 92 93 
7200 74 80 88 89 90 92 
7200 75 88 89 90 91 92 
7200 76 67 84 85 
7200 77 88 89 90 91 92 
7200 78 88 89 90 91 92 
7200 79 88 89 90 91 92 
7200 80 74 87 
7200 81 85 89 90 91 92 
7200 82 88 89 90 91 92 
7200 83 58 64 91 92 93 
7200 84 76 85 88 91 92 
7200 85 76 81 84 88 92 
7200 86 56 64 66 70 91 
7200 87 80 88 89 90 92 
7200 88 67 74 75 77 78 79 82 84 85 87 
7200 89 64 65 68 74 75 77 78 79 81 82 87 
7200 90 58 64 65 68 73 74 75 77 78 79 81 82 87 
7200 91 65 67 68 69 73 75 77 78 79 81 82 83 84 86 
7200 92 65 68 69 71 73 74 75 77 78 79 81 82 83 84 85 87 
7200 93 56 58 62 64 66 69 70 73 83 
7200 94 121 123 124 125 126 
7200 95 120 121 122 123 124 
7200 96 121 123 124 125 126 
7200 97 120 121 123 124 126 
7200 98 120 121 123 124 126 
7200 99 104 129 130 
7200 100 119 120 123 124 126 
7200 101 120 121 123 124 126 
7200 102 120 121 123 124 126 
7200 103 
7200 104 99 121 123 124 126 
7200 105 117 118 120 121 125 
7200 106 120 121 123 124 126 
7200 107 108 117 118 121 126 
7200 108 107 115 117 121 126 
7200 109 121 122 123 124 126 
7200 110 120 121 123 124 126 
7200 111 120 121 123 124 126 
7200 112 120 121 123 124 126 
7200 113 120 121 123 124 126 
7200 114 120 121 123 124 126 
7200 115 108 121 123 124 126 
7200 116 120 121 123 125 126 
7200 117 105 107 108 121 125 
7200 118 105 107 126 129 130 
7200 119 100 121 123 124 126 
7200 120 9 95 97 98 100 101 102 105 106 110 111 112 113 114 116 
7200 121 9 10 94 95 96 97 98 101 102 104 105 106 107 108 109 110 111 112 113 114 115 116 117 119 131 
7200 122 95 109 128 
7200 123 3 9 10 94 95 96 97 98 100 101 102 104 106 109 110 111 112 113 114 115 116 119 129 130 131 
7200 124 3 9 10 94 95 96 97 98 100 101 102 104 106 109 110 111 112 113 114 115 119 128 131 
7200 125 94 96 105 116 117 
7200 126 3 9 10 94 96 97 98 100 101 102 104 106 107 108 109 110 111 112 113 114 115 116 118 119 131 
7200 127 
7200 128 122 124 129 130 131 
7200 129 99 118 123 128 130 
7200 130 99 118 123 128 129 
7200 131 121 123 124 126 128 
7200 132 0 3 
7200 133 0 3 
7200 134 0 3 
7200 135 0 3 
7200 136 0 
7200 137 0 
7200 138 0 
7200 139 0 3 
7200 140 0 3 
7200 141 0 3 
7200 142 0 
7200 143 0 3 
7200 144 0 3 
7200 145 0 3 
7200 146 0 3 
7200 147 0 3 
7200 148 0 
7200 149 0 
7200 150 0 
7200 151 0 3 
7200 152 0 
7200 153 0 
7200 154 0 3 
7200 155 0 
7200 156 0 3 
7200 157 0 
7200 158 0 
7200 159 0 3 
7200 160 0 3 
7200 161 0 3 
9000 0 16 23 25 34 46 
9000 1 48 49 51 52 53 
9000 2 55 57 59 60 61 
9000 3 10 121 123 124 126 
9000 4 48 49 51 52 53 
9000 5 48 49 51 52 53 
9000 6 55 57 59 60 61 
9000 7 55 57 59 60 61 
9000 8 55 57 59 60 61 
9000 9 120 121 123 124 126 
9000 10 3 121 123 124 126 
9000 11 14 20 26 31 37 
9000 12 49 50 51 52 53 
9000 13 48 49 51 52 53 
9000 14 11 20 26 37 50 
9000 15 28 29 30 36 37 
9000 16 0 49 51 52 53 
9000 17 22 30 36 37 47 
9000 18 48 49 51 52 53 
9000 19 48 49 51 52 53 
9000 20 11 14 27 31 53 
9000 21 48 49 51 52 53 
9000 22 17 30 37 45 47 
9000 23 0 49 51 52 53 
9000 24 48 49 51 52 53 
9000 25 0 47 48 49 52 
9000 26 11 14 31 37 45 
9000 27 20 49 51 52 53 
9000 28 15 49 51 52 53 
9000 29 15 49 51 52 53 
9000 30 15 17 22 35 48 
9000 31 11 20 26 51 53 
9000 32 49 50 51 52 53 
9000 33 48 49 51 52 53 
9000 34 0 42 43 44 46 
9000 35 30 36 37 47 48 
9000 36 15 17 35 47 48 
9000 37 11 14 15 17 22 26 35 
9000 38 48 49 51 52 53 
9000 39 45 49 51 52 53 
9000 40 46 49 50 51 53 
9000 41 44 46 49 52 53 
9000 42 34 49 51 52 53 
9000 43 34 49 51 52 53 
9000 44 34 41 49 52 53 
9000 45 22 26 39 47 48 
9000 46 0 34 40 41 53 
9000 47 17 22 25 35 36 45 
9000 48 1 4 5 13 18 19 21 24 25 30 33 35 36 38 45 
9000 49 1 4 5 12 13 16 18 19 21 23 24 25 27 28 29 32 33 38 39 40 41 42 43 44 
9000 50 12 14 32 40 53 
9000 51 1 4 5 12 13 16 18 19 21 23 24 27 28 29 31 32 33 38 39 40 42 43 
9000 52 1 4 5 12 13 16 18 19 21 23 24 25 27 28 29 32 33 38 39 41 42 43 44 
9000 53 1 4 5 12 13 16 18 19 20 21 23 24 27 28 29 31 32 33 38 39 40 41 42 43 44 46 50 
9000 54 55 57 59 60 61 
9000 55 2 6 7 8 54 
9000 56 61 63 77 90 93 
9000 57 2 6 7 8 54 
9000 58 61 77 83 90 93 
9000 59 2 6 7 8 54 
9000 60 2 6 7 8 54 
9000 61 2 6 7 8 54 56 58 
9000 62 63 66 79 89 90 
9000 63 56 62 66 93 
9000 64 71 72 86 89 90 
9000 65 71 89 90 91 92 
9000 66 62 63 77 90 93 
9000 67 71 80 90 91 92 
9000 68 70 71 89 91 92 
9000 69 71 89 90 91 92 
9000 70 68 73 77 79 90 
9000 71 64 65 67 68 69 85 
9000 72 64 
9000 73 70 90 91 92 93 
9000 74 88 89 90 91 92 
9000 75 89 90 91 92 93 
9000 76 84 85 
9000 77 56 58 66 70 87 
9000 78 88 89 90 91 92 
9000 79 62 70 87 91 92 
9000 80 67 87 
9000 81 87 89 90 91 92 
9000 82 85 87 90 91 92 
9000 83 58 90 91 92 93 
9000 84 76 85 88 91 92 
9000 85 71 76 82 84 88 
9000 86 64 89 90 91 92 
9000 87 77 79 80 81 82 
9000 88 74 78 84 85 92 
9000 89 62 64 65 68 69 74 75 78 81 86 
9000 90 56 58 62 64 65 66 67 69 70 73 74 75 78 81 82 83 86 
9000 91 65 67 68 69 73 74 75 78 79 81 82 83 84 86 
9000 92 65 67 68 69 73 74 75 78 79 81 82 83 84 86 88 
9000 93 56 58 63 66 73 75 83 
9000 94 120 121 123 124 126 
9000 95 119 120 121 122 123 
9000 96 121 123 124 125 126 
9000 97 120 121 123 124 126 
9000 98 121 123 124 125 126 
9000 99 104 105 109 110 123 
9000 100 120 121 123 124 126 
9000 101 120 121 123 124 126 
9000 102 120 121 123 124 126 
9000 103 
9000 104 99 124 126 127 130 
9000 105 99 124 125 126 130 
9000 106 120 121 123 124 126 
9000 107 108 116 121 124 126 
9000 108 107 115 121 126 131 
9000 109 99 122 124 126 129 
9000 110 99 122 124 126 129 
9000 111 120 121 123 124 126 
9000 112 120 121 123 124 126 
9000 113 120 121 123 124 126 
9000 114 120 121 123 124 126 
9000 115 108 121 123 124 126 
9000 116 107 124 125 126 127 
9000 117 120 121 124 125 126 
9000 118 120 121 123 124 127 
9000 119 95 121 123 124 126 
9000 120 9 94 95 97 100 101 102 106 111 112 113 114 117 118 
9000 121 3 9 10 94 95 96 97 98 100 101 102 106 107 108 111 112 113 114 115 117 118 119 
9000 122 95 109 110 128 
9000 123 3 9 10 94 95 96 97 98 99 100 101 102 106 111 112 113 114 115 118 119 129 130 131 
9000 124 3 9 10 94 96 97 98 100 101 102 104 105 106 107 109 110 111 112 113 114 115 116 117 118 119 128 131 
9000 125 96 98 105 116 117 
9000 126 3 9 10 94 96 97 98 100 101 102 104 105 106 107 108 109 110 111 112 113 114 115 116 117 119 131 
9000 127 104 116 118 
9000 128 122 124 129 130 131 
9000 129 109 110 123 128 130 
9000 130 104 105 123 128 129 
9000 131 108 123 124 126 128 
10800 0 25 34 42 44 46 
10800 1 48 49 51 52 53 
10800 2 56 57 59 60 61 
10800 3 10 121 123 124 126 
10800 4 48 49 51 52 53 
10800 5 48 49 51 52 53 
10800 6 56 57 59 60 61 
10800 7 56 57 59 60 61 
10800 8 56 57 59 60 61 
10800 9 120 121 123 124 126 
10800 10 3 121 123 124 126 
10800 11 13 14 26 29 37 
10800 12 49 50 51 52 53 
10800 13 11 48 49 51 53 
10800 14 11 20 26 29 37 
10800 15 17 28 29 30 36 
10800 16 48 49 51 52 53 
10800 17 15 22 24 30 35 
10800 18 48 49 51 52 53 
10800 19 48 49 51 52 53 
10800 20 14 21 29 31 50 
10800 21 20 49 51 52 53 
10800 22 17 28 30 35 45 
10800 23 48 49 51 52 53 
10800 24 17 35 49 51 53 
10800 25 0 28 29 30 52 
10800 26 11 14 37 38 45 
10800 27 48 49 51 52 53 
10800 28 15 22 25 34 53 
10800 29 11 14 15 20 25 50 
10800 30 15 17 22 25 48 
10800 31 20 49 51 52 53 
10800 32 48 49 51 52 53 
10800 33 48 49 51 52 53 
10800 34 0 28 41 42 46 
10800 35 17 22 24 
10800 36 15 49 51 52 53 
10800 37 11 14 26 51 53 
10800 38 26 48 49 51 53 
10800 39 45 49 51 52 53 
10800 40 48 49 51 52 53 
10800 41 34 46 49 52 53 
10800 42 0 34 51 52 53 
10800 43 48 49 51 52 53 
10800 44 0 48 49 52 53 
10800 45 22 26 39 47 48 
10800 46 0 34 41 48 52 
10800 47 45 48 49 51 52 
10800 48 1 4 5 13 16 18 19 23 27 30 32 33 38 40 43 44 45 46 47 
10800 49 1 4 5 12 13 16 18 19 21 23 24 27 31 32 33 36 38 39 40 41 43 44 47 
10800 50 12 20 29 51 53 
10800 51 1 4 5 12 13 16 18 19 21 23 24 27 31 32 33 36 37 38 39 40 42 43 47 50 
10800 52 1 4 5 12 16 18 19 21 23 25 27 31 32 33 36 39 40 41 42 43 44 46 47 
10800 53 1 4 5 12 13 16 18 19 21 23 24 27 28 31 32 33 36 37 38 39 40 41 42 43 44 50 
10800 54 56 57 59 60 61 
10800 55 57 59 60 71 92 
10800 56 2 6 7 8 54 63 70 
10800 57 2 6 7 8 54 55 
10800 58 61 78 83 90 93 
10800 59 2 6 7 8 54 55 
10800 60 2 6 7 8 54 55 
10800 61 2 6 7 8 54 58 66 70 
10800 62 66 70 78 90 93 
10800 63 56 66 93 
10800 64 72 83 86 89 90 
10800 65 71 89 90 91 92 
10800 66 61 62 63 78 93 
10800 67 71 90 91 92 93 
10800 68 71 89 90 91 92 
10800 69 71 89 90 91 92 
10800 70 56 61 62 73 93 
10800 71 55 65 67 68 69 
10800 72 64 89 
10800 73 70 90 91 92 93 
10800 74 88 89 90 91 92 
10800 75 87 89 90 91 92 
10800 76 77 84 85 
10800 77 76 87 90 91 92 
10800 78 58 62 66 91 93 
10800 79 88 89 90 91 92 
10800 80 87 
10800 81 87 89 90 91 92 
10800 82 87 89 90 91 92 
10800 83 58 64 91 92 93 
10800 84 76 85 88 91 92 
10800 85 76 84 89 91 92 
10800 86 64 90 91 92 93 
10800 87 75 77 80 81 82 
10800 88 74 79 84 91 92 
10800 89 64 65 68 69 72 74 75 79 81 82 85 
10800 90 58 62 64 65 67 68 69 73 74 75 77 79 81 82 86 
10800 91 65 67 68 69 73 74 75 77 78 79 81 82 83 84 85 86 88 
10800 92 55 65 67 68 69 73 74 75 77 79 81 82 83 84 85 86 88 
10800 93 58 62 63 66 67 70 73 78 83 86 
10800 94 121 122 123 124 126 
10800 95 120 121 122 123 124 
10800 96 121 123 124 125 126 
10800 97 120 121 123 124 126 
10800 98 121 122 123 124 126 
10800 99 129 130 
10800 100 121 122 123 124 126 
10800 101 103 122 123 124 126 
10800 102 120 121 123 124 126 
10800 103 101 115 
10800 104 120 121 123 124 126 
10800 105 117 118 119 121 125 
10800 106 121 122 123 124 126 
10800 107 108 119 121 122 126 
10800 108 107 117 119 125 126 
10800 109 121 122 123 124 126 
10800 110 120 121 123 124 126 
10800 111 121 122 123 124 126 
10800 112 120 121 123 124 126 
10800 113 121 122 123 124 126 
10800 114 121 122 123 124 126 
10800 115 103 122 123 124 126 
10800 116 119 121 123 125 126 
10800 117 105 108 119 121 125 
10800 118 105 122 123 124 126 
10800 119 105 107 108 116 117 
10800 120 9 95 97 102 104 110 112 
10800 121 3 9 10 94 95 96 97 98 100 102 104 105 106 107 109 110 111 112 113 114 116 117 129 130 
10800 122 94 95 98 100 101 106 107 109 111 113 114 115 118 131 
10800 123 3 9 10 94 95 96 97 98 100 101 102 104 106 109 110 111 112 113 114 115 116 118 128 129 130 131 
10800 124 3 9 10 94 95 96 97 98 100 101 102 104 106 109 110 111 112 113 114 115 118 128 131 
10800 125 96 105 108 116 117 
10800 126 3 9 10 94 96 97 98 100 101 102 104 106 107 108 109 110 111 112 113 114 115 116 118 131 
10800 127 
10800 128 123 124 129 130 131 
10800 129 99 121 123 128 130 
10800 130 99 121 123 128 129 
10800 131 122 123 124 126 128 
12600 0 25 34 43 44 46 
12600 1 48 49 51 52 53 
12600 2 55 57 59 60 61 
12600 3 10 121 123 124 126 
12600 4 48 49 51 52 53 
12600 5 48 49 51 52 53 
12600 6 55 57 59 60 61 
12600 7 55 57 59 60 61 
12600 8 55 57 59 60 61 
12600 9 120 121 123 124 126 
12600 10 3 121 123 124 126 
12600 11 14 24 26 41 45 
12600 12 49 50 51 52 53 
12600 13 48 49 51 52 53 
12600 14 11 20 26 37 40 
12600 15 17 28 29 30 49 
12600 16 48 49 51 52 53 
12600 17 15 22 30 35 47 
12600 18 48 49 51 52 53 
12600 19 48 49 51 52 53 
12600 20 14 26 27 31 53 
12600 21 48 49 51 52 53 
12600 22 17 30 35 45 47 
12600 23 48 49 51 52 53 
12600 24 11 49 51 52 53 
12600 25 0 28 29 30 34 
12600 26 11 14 20 29 45 
12600 27 20 49 51 52 53 
12600 28 15 25 51 52 53 
12600 29 15 25 26 52 53 
12600 30 15 17 22 25 53 
12600 31 20 49 51 52 53 
12600 32 49 50 51 52 53 
12600 33 48 49 51 52 53 
12600 34 0 25 41 43 46 
12600 35 17 22 
12600 36 48 49 51 52 53 
12600 37 14 48 49 51 53 
12600 38 48 49 51 52 53 
12600 39 48 49 51 52 53 
12600 40 14 49 51 52 53 
12600 41 11 34 51 52 53 
12600 42 48 49 51 52 53 
12600 43 0 34 51 52 53 
12600 44 0 50 51 52 53 
12600 45 11 22 26 48 49 
12600 46 0 34 48 52 53 
12600 47 17 22 49 51 53 
12600 48 1 4 5 13 16 18 19 21 23 33 36 37 38 39 42 45 46 
12600 49 1 4 5 12 13 15 16 18 19 21 23 24 27 31 32 33 36 37 38 39 40 42 45 47 
12600 50 12 32 44 51 53 
12600 51 1 4 5 12 13 16 18 19 21 23 24 27 28 31 32 33 36 37 38 39 40 41 42 43 44 47 50 
12600 52 1 4 5 12 13 16 18 19 21 23 24 27 28 29 31 32 33 36 38 39 40 41 42 43 44 46 
12600 53 1 4 5 12 13 16 18 19 20 21 23 24 27 28 29 30 31 32 33 36 37 38 39 40 41 42 43 44 46 47 50 
12600 54 55 57 59 60 61 
12600 55 2 6 7 8 54 
12600 56 58 61 62 63 73 
12600 57 2 6 7 8 54 70 76 
12600 58 56 61 62 63 90 
12600 59 2 6 7 8 54 
12600 60 2 6 7 8 54 76 
12600 61 2 6 7 8 54 56 58 66 70 
12600 62 56 58 66 70 93 
12600 63 56 58 66 93 
12600 64 68 71 86 89 90 
12600 65 71 89 90 91 92 
12600 66 61 62 63 83 93 
12600 67 71 89 90 91 92 
12600 68 64 71 90 91 92 
12600 69 71 90 91 92 93 
12600 70 57 61 62 73 93 
12600 71 64 65 67 68 69 
12600 72 
12600 73 56 70 91 92 93 
12600 74 88 89 90 91 92 
12600 75 88 89 90 91 92 
12600 76 57 60 77 84 85 
12600 77 76 89 90 91 92 
12600 78 88 89 90 91 92 
12600 79 88 89 90 91 92 
12600 80 87 93 
12600 81 87 90 91 92 93 
12600 82 87 89 90 91 92 
12600 83 66 86 89 91 92 
12600 84 76 85 87 91 92 
12600 85 76 84 88 91 92 
12600 86 64 83 90 91 92 
12600 87 80 81 82 84 93 
12600 88 74 75 78 79 85 
12600 89 64 65 67 74 75 77 78 79 82 83 
12600 90 58 64 65 67 68 69 74 75 77 78 79 81 82 86 
12600 91 65 67 68 69 73 74 75 77 78 79 81 82 83 84 85 86 
12600 92 65 67 68 69 73 74 75 77 78 79 81 82 83 84 85 86 
12600 93 62 63 66 69 70 73 80 81 87 
12600 94 120 121 123 124 126 
12600 95 121 122 123 124 126 
12600 96 121 123 124 125 126 
12600 97 120 121 123 124 126 
12600 98 120 121 123 124 126 
12600 99 129 130 
12600 100 120 121 123 124 126 
12600 101 120 121 123 124 126 
12600 102 120 121 123 124 126 
12600 103 115 118 130 
12600 104 120 121 123 124 126 
12600 105 107 117 120 121 125 
12600 106 120 121 123 124 126 
12600 107 105 108 116 121 126 
12600 108 107 109 115 126 131 
12600 109 108 122 123 124 126 
12600 110 120 121 123 124 126 
12600 111 120 121 123 124 126 
12600 112 120 121 123 124 126 
12600 113 120 121 123 124 126 
12600 114 120 121 123 124 126 
12600 115 103 108 123 124 126 
12600 116 107 121 123 125 126 
12600 117 105 121 123 125 126 
12600 118 103 121 122 123 126 
12600 119 120 121 123 124 126 
12600 120 9 94 97 98 100 101 102 104 105 106 110 111 112 113 114 119 
12600 121 3 9 10 94 95 96 97 98 100 101 102 104 105 106 107 110 111 112 113 114 116 117 118 119 
12600 122 95 109 118 124 126 
12600 123 3 9 10 94 95 96 97 98 100 101 102 104 106 109 110 111 112 113 114 115 116 117 118 119 129 130 131 
12600 124 3 9 10 94 95 96 97 98 100 101 102 104 106 109 110 111 112 113 114 115 119 122 128 131 
12600 125 96 105 116 117 
12600 126 3 9 10 94 95 96 97 98 100 101 102 104 106 107 108 109 110 111 112 113 114 115 116 117 118 119 122 128 129 131 
12600 127 
12600 128 124 126 129 130 131 
12600 129 99 123 126 128 130 
12600 130 99 103 123 128 129 
12600 131 108 123 124 126 128 
14400 0 3 25 34 44 46 132 133 134 135 136 137 138 139 140 141 142 143 144 145 146 147 148 149 150 151 152 153 154 155 156 157 158 159 160 161 
14400 1 48 49 51 52 53 
14400 2 55 57 59 60 61 
14400 3 0 10 123 124 126 132 133 134 135 139 140 141 143 144 145 146 147 151 154 156 159 160 161 
14400 4 48 49 51 52 53 
14400 5 48 49 51 52 53 
14400 6 55 57 59 60 61 
14400 7 55 57 59 60 61 
14400 8 55 57 59 60 61 
14400 9 120 121 123 124 126 
14400 10 3 121 123 124 126 
14400 11 14 20 25 26 30 
14400 12 49 50 51 52 53 
14400 13 48 49 51 52 53 
14400 14 11 20 26 32 37 
14400 15 17 28 29 30 35 
14400 16 48 49 51 52 53 
14400 17 15 22 30 35 48 
14400 18 48 49 51 52 53 
14400 19 48 49 51 52 53 
14400 20 11 14 27 31 53 
14400 21 48 49 51 52 53 
14400 22 17 30 35 45 47 
14400 23 48 49 51 52 53 
14400 24 48 49 51 52 53 
14400 25 0 11 34 49 52 
14400 26 11 14 32 37 45 
14400 27 20 49 51 52 53 
14400 28 15 50 51 52 53 
14400 29 15 49 51 52 53 
14400 30 11 15 17 22 35 
14400 31 20 50 51 52 53 
14400 32 14 26 51 52 53 
14400 33 48 49 51 52 53 
14400 34 0 25 41 46 
14400 35 15 17 22 30 48 
14400 36 48 49 51 52 53 
14400 37 14 26 49 51 53 
14400 38 48 49 51 52 53 
14400 39 48 49 51 52 53 
14400 40 48 49 51 52 53 
14400 41 34 46 49 52 53 
14400 42 48 49 51 52 53 
14400 43 48 49 51 52 53 
14400 44 0 48 49 52 53 
14400 45 22 26 47 48 49 
14400 46 0 34 41 48 52 
14400 47 22 45 51 52 53 
14400 48 1 4 5 13 16 17 18 19 21 23 24 33 35 36 38 39 40 42 43 44 45 46 
14400 49 1 4 5 12 13 16 18 19 21 23 24 25 27 29 33 36 37 38 39 40 41 42 43 44 45 
14400 50 12 28 31 51 53 
14400 51 1 4 5 12 13 16 18 19 21 23 24 27 28 29 31 32 33 36 37 38 39 40 42 43 47 50 
14400 52 1 4 5 12 13 16 18 19 21 23 24 25 27 28 29 31 32 33 36 38 39 40 41 42 43 44 46 47 
14400 53 1 4 5 12 13 16 18 19 20 21 23 24 27 28 29 31 32 33 36 37 38 39 40 41 42 43 44 47 50 
14400 54 55 57 59 60 61 
14400 55 2 6 7 8 54 
14400 56 58 61 62 63 73 
14400 57 2 6 7 8 54 
14400 58 56 59 61 63 90 
14400 59 2 6 7 8 54 58 
14400 60 2 6 7 8 54 
14400 61 2 6 7 8 54 56 58 66 70 
14400 62 56 66 70 89 93 
14400 63 56 58 66 83 93 
14400 64 72 83 86 89 90 
14400 65 71 89 90 91 92 
14400 66 61 62 63 73 93 
14400 67 71 89 90 91 92 
14400 68 71 89 90 91 92 
14400 69 71 88 89 90 91 
14400 70 61 62 73 75 93 
14400 71 65 67 68 69 92 
14400 72 64 76 90 92 
14400 73 56 66 70 91 93 
14400 74 88 89 90 91 92 
14400 75 70 80 87 91 92 
14400 76 72 84 85 90 92 
14400 77 87 89 90 91 92 
14400 78 88 89 90 91 92 
14400 79 88 89 90 91 92 
14400 80 75 87 
14400 81 87 89 90 91 92 
14400 82 87 89 90 91 92 
14400 83 63 64 91 92 93 
14400 84 76 85 88 91 92 
14400 85 76 84 90 91 92 
14400 86 64 89 90 91 92 
14400 87 75 77 80 81 82 
14400 88 69 74 78 79 84 
14400 89 62 64 65 67 68 69 74 77 78 79 81 82 86 
14400 90 58 64 65 67 68 69 72 74 76 77 78 79 81 82 85 86 
14400 91 65 67 68 69 73 74 75 77 78 79 81 82 83 84 85 86 
14400 92 65 67 68 71 72 74 75 76 77 78 79 81 82 83 84 85 86 
14400 93 62 63 66 70 73 83 
14400 94 120 121 123 124 126 
14400 95 120 121 122 123 124 
14400 96 121 123 124 125 126 
14400 97 120 121 123 124 126 
14400 98 107 121 123 124 126 
14400 99 129 130 
14400 100 120 121 123 124 126 
14400 101 120 121 123 124 126 
14400 102 117 121 123 124 126 
14400 103 122 
14400 104 120 121 123 124 126 
14400 105 120 121 123 124 126 
14400 106 120 121 123 124 126 
14400 107 98 108 116 121 126 
14400 108 107 112 115 126 131 
14400 109 121 122 123 124 126 
14400 110 120 121 123 124 126 
14400 111 120 121 123 124 126 
14400 112 108 121 123 124 126 
14400 113 120 121 123 124 126 
14400 114 120 121 123 124 126 
14400 115 108 121 123 124 126 
14400 116 107 117 123 125 126 
14400 117 102 116 120 121 125 
14400 118 120 121 123 124 126 
14400 119 123 124 126 129 130 
14400 120 9 94 95 97 100 101 104 105 106 110 111 113 114 117 118 
14400 121 9 10 94 95 96 97 98 100 101 102 104 105 106 107 109 110 111 112 113 114 115 117 118 
14400 122 95 103 109 128 
14400 123 3 9 10 94 95 96 97 98 100 101 102 104 105 106 109 110 111 112 113 114 115 116 118 119 129 130 131 
14400 124 3 9 10 94 95 96 97 98 100 101 102 104 105 106 109 110 111 112 113 114 115 118 119 128 131 
14400 125 96 116 117 
14400 126 3 9 10 94 96 97 98 100 101 102 104 105 106 107 108 109 110 111 112 113 114 115 116 118 119 131 
14400 127 
14400 128 122 124 129 130 131 
14400 129 99 119 123 128 130 
14400 130 99 119 123 128 129 
14400 131 108 123 124 126 128 
14400 132 0 3 
14400 133 0 3 
14400 134 0 3 
14400 135 0 3 
14400 136 0 
14400 137 0 
14400 138 0 
14400 139 0 3 
14400 140 0 3 
14400 141 0 3 
14400 142 0 
14400 143 0 3 
14400 144 0 3 
14400 145 0 3 
14400 146 0 3 
14400 147 0 3 
14400 148 0 
14400 149 0 
14400 150 0 
14400 151 0 3 
14400 152 0 
14400 153 0 
14400 154 0 3 
14400 155 0 
14400 156 0 3 
14400 157 0 
14400 158 0 
14400 159 0 3 
14400 160 0 3 
14400 161 0 3 
16200 0 25 34 44 46 52 
16200 1 48 49 51 52 53 
16200 2 55 57 59 60 61 
16200 3 10 123 124 126 127 
16200 4 48 49 51 52 53 
16200 5 48 49 51 52 53 
16200 6 55 57 59 60 61 
16200 7 55 57 59 60 61 
16200 8 55 57 59 60 61 
16200 9 122 123 124 126 127 
16200 10 3 123 124 126 127 
16200 11 14 20 26 37 
16200 12 49 50 51 52 53 
16200 13 48 49 51 52 53 
16200 14 11 20 26 37 
16200 15 17 28 29 30 49 
16200 16 48 49 51 52 53 
16200 17 15 22 30 35 
16200 18 47 48 49 52 53 
16200 19 48 49 51 52 53 
16200 20 11 14 27 31 53 
16200 21 48 49 51 52 53 
16200 22 17 30 35 45 47 
16200 23 48 49 51 52 53 
16200 24 48 49 51 52 53 
16200 25 0 34 48 49 52 
16200 26 11 14 37 45 
16200 27 20 49 51 52 53 
16200 28 15 49 51 52 53 
16200 29 15 49 51 52 53 
16200 30 15 17 22 49 52 
16200 31 20 50 51 52 53 
16200 32 49 50 51 52 53 
16200 33 48 49 51 52 53 
16200 34 0 25 41 46 
16200 35 17 22 
16200 36 48 49 51 52 53 
16200 37 11 14 26 51 53 
16200 38 48 49 51 52 53 
16200 39 48 49 51 52 53 
16200 40 48 49 51 52 53 
16200 41 34 46 49 52 53 
16200 42 48 49 51 52 53 
16200 43 48 49 51 52 53 
16200 44 0 49 51 52 53 
16200 45 22 26 47 48 49 
16200 46 0 34 41 48 52 
16200 47 18 22 45 51 52 
16200 48 1 4 5 13 16 18 19 21 23 24 25 33 36 38 39 40 42 43 45 46 
16200 49 1 4 5 12 13 15 16 18 19 21 23 24 25 27 28 29 30 32 33 36 38 39 40 41 42 43 44 45 
16200 50 12 31 32 51 53 
16200 51 1 4 5 12 13 16 19 21 23 24 27 28 29 31 32 33 36 37 38 39 40 42 43 44 47 50 
16200 52 0 1 4 5 12 13 16 18 19 21 23 24 25 27 28 29 30 31 32 33 36 38 39 40 41 42 43 44 46 47 
16200 53 1 4 5 12 13 16 18 19 20 21 23 24 27 28 29 31 32 33 36 37 38 39 40 41 42 43 44 50 
16200 54 55 57 59 60 61 
16200 55 2 6 7 8 54 
16200 56 58 61 62 63 73 
16200 57 2 6 7 8 54 
16200 58 56 61 83 90 93 
16200 59 2 6 7 8 54 
16200 60 2 6 7 8 54 
16200 61 2 6 7 8 54 56 58 
16200 62 56 66 89 90 93 
16200 63 56 66 81 93 
16200 64 68 72 83 86 90 
16200 65 70 90 91 92 93 
16200 66 62 63 70 83 93 
16200 67 71 89 90 91 92 
16200 68 64 71 90 91 92 
16200 69 71 89 90 91 92 
16200 70 65 66 73 82 93 
16200 71 67 68 69 76 92 
16200 72 64 
16200 73 56 70 91 92 93 
16200 74 87 89 90 91 92 
16200 75 87 89 90 91 92 
16200 76 71 84 85 
16200 77 87 89 90 91 92 
16200 78 88 89 90 91 92 
16200 79 88 89 90 91 92 
16200 80 87 
16200 81 63 89 90 91 92 
16200 82 70 87 91 92 93 
16200 83 58 64 66 92 93 
16200 84 76 85 89 91 92 
16200 85 76 84 88 91 92 
16200 86 64 89 90 91 92 
16200 87 74 75 77 80 82 
16200 88 78 79 85 91 92 
16200 89 62 67 69 74 75 77 78 79 81 84 86 
16200 90 58 62 64 65 67 68 69 74 75 77 78 79 81 86 
16200 91 65 67 68 69 73 74 75 77 78 79 81 82 84 85 86 88 
16200 92 65 67 68 69 71 73 74 75 77 78 79 81 82 83 84 85 86 88 
16200 93 58 62 63 65 66 70 73 82 83 
16200 94 122 123 124 126 127 
16200 95 121 122 123 124 126 
16200 96 123 124 125 126 127 
16200 97 122 123 124 126 127 
16200 98 122 123 124 126 127 
16200 99 103 129 130 
16200 100 121 123 124 126 127 
16200 101 122 123 124 126 127 
16200 102 122 123 124 126 127 
16200 103 99 109 111 113 129 
16200 104 122 123 124 126 127 
16200 105 107 120 121 122 125 
16200 106 122 123 124 126 127 
16200 107 105 108 116 121 126 
16200 108 107 112 115 126 131 
16200 109 103 123 124 126 127 
16200 110 122 123 124 126 127 
16200 111 103 123 124 126 127 
16200 112 108 123 124 126 127 
16200 113 103 123 124 126 127 
16200 114 122 123 124 126 127 
16200 115 108 123 124 126 127 
16200 116 107 117 125 126 127 
16200 117 116 120 121 122 125 
16200 118 122 123 124 126 127 
16200 119 122 123 124 126 127 
16200 120 105 117 124 126 127 
16200 121 95 100 105 107 117 
16200 122 9 94 95 97 98 101 102 104 105 106 110 114 117 118 119 125 
16200 123 3 9 10 94 95 96 97 98 100 101 102 104 106 109 110 111 112 113 114 115 118 119 
16200 124 3 9 10 94 95 96 97 98 100 101 102 104 106 109 110 111 112 113 114 115 118 119 120 128 
16200 125 96 105 116 117 122 
16200 126 3 9 10 94 95 96 97 98 100 101 102 104 106 107 108 109 110 111 112 113 114 115 116 118 119 120 131 
16200 127 3 9 10 94 96 97 98 100 101 102 104 106 109 110 111 112 113 114 115 116 118 119 120 128 129 130 131 
16200 128 124 127 129 130 131 
16200 129 99 103 127 128 130 
16200 130 99 127 128 129 131 
16200 131 108 126 127 128 130 
18000 0 20 25 34 44 46 
18000 1 48 49 51 52 53 
18000 2 55 57 59 60 61 
18000 3 10 121 123 124 126 
18000 4 48 49 51 52 53 
18000 5 48 49 51 52 53 
18000 6 55 57 59 60 61 
18000 7 55 57 59 60 61 
18000 8 55 57 59 60 61 
18000 9 120 121 123 124 126 
18000 10 3 121 123 124 126 
18000 11 14 20 21 26 37 
18000 12 49 50 51 52 53 
18000 13 48 49 51 52 53 
18000 14 11 20 21 26 37 
18000 15 25 28 29 30 36 
18000 16 48 49 51 52 53 
18000 17 22 25 30 35 47 
18000 18 48 49 51 52 53 
18000 19 48 49 51 52 53 
18000 20 0 11 14 34 35 50 
18000 21 11 14 51 52 53 
18000 22 17 29 30 35 47 
18000 23 48 49 51 52 53 
18000 24 48 49 51 52 53 
18000 25 0 15 17 34 35 
18000 26 11 14 27 37 45 
18000 27 26 49 51 52 53 
18000 28 15 49 51 52 53 
18000 29 15 22 51 52 53 
18000 30 15 17 22 47 48 
18000 31 48 49 51 52 53 
18000 32 49 50 51 52 53 
18000 33 48 49 51 52 53 
18000 34 0 20 25 41 46 
18000 35 17 20 22 25 47 
18000 36 15 49 51 52 53 
18000 37 11 14 26 51 53 
18000 38 48 49 51 52 53 
18000 39 45 49 51 52 53 
18000 40 48 49 51 52 53 
18000 41 34 46 49 52 53 
18000 42 48 49 51 52 53 
18000 43 48 49 51 52 53 
18000 44 0 48 49 52 53 
18000 45 26 39 46 47 48 
18000 46 0 34 41 45 52 
18000 47 17 22 30 35 45 
18000 48 1 4 5 13 16 18 19 23 24 30 31 33 38 40 42 43 44 45 
18000 49 1 4 5 12 13 16 18 19 23 24 27 28 31 32 33 36 38 39 40 41 42 43 44 
18000 50 12 20 32 51 53 
18000 51 1 4 5 12 13 16 18 19 21 23 24 27 28 29 31 32 33 36 37 38 39 40 42 43 50 
18000 52 1 4 5 12 13 16 18 19 21 23 24 27 28 29 31 32 33 36 38 39 40 41 42 43 44 46 
18000 53 1 4 5 12 13 16 18 19 21 23 24 27 28 29 31 32 33 36 37 38 39 40 41 42 43 44 50 
18000 54 55 57 59 60 61 
18000 55 2 6 7 8 54 
18000 56 58 61 62 63 93 
18000 57 2 6 7 8 54 
18000 58 56 61 82 90 93 
18000 59 2 6 7 8 54 76 
18000 60 2 6 7 8 54 80 
18000 61 2 6 7 8 54 56 58 
18000 62 56 66 70 90 93 
18000 63 56 66 83 93 
18000 64 71 72 86 89 90 
18000 65 71 90 91 92 93 
18000 66 62 63 70 83 93 
18000 67 71 72 91 92 93 
18000 68 71 90 91 92 93 
18000 69 71 80 91 92 93 
18000 70 62 66 73 83 93 
18000 71 64 65 67 68 69 
18000 72 64 67 
18000 73 70 90 91 92 93 
18000 74 89 90 91 92 93 
18000 75 89 90 91 92 93 
18000 76 59 83 84 85 
18000 77 89 90 91 92 93 
18000 78 80 87 91 92 93 
18000 79 89 90 91 92 93 
18000 80 60 69 78 84 87 
18000 81 87 90 91 92 93 
18000 82 58 87 91 92 93 
18000 83 63 66 70 76 93 
18000 84 76 80 87 91 92 
18000 85 76 88 91 92 93 
18000 86 64 90 91 92 93 
18000 87 78 80 81 82 84 
18000 88 85 90 91 92 93 
18000 89 64 74 75 77 79 
18000 90 58 62 64 65 68 73 74 75 77 79 81 86 88 
18000 91 65 67 68 69 73 74 75 77 78 79 81 82 84 85 86 88 
18000 92 65 67 68 69 73 74 75 77 78 79 81 82 84 85 86 88 
18000 93 56 58 62 63 65 66 67 68 69 70 73 74 75 77 78 79 81 82 83 85 86 88 
18000 94 120 121 123 124 126 
18000 95 120 121 122 123 124 
18000 96 99 123 124 125 126 
18000 97 120 121 122 123 125 
18000 98 107 121 123 124 126 
18000 99 96 112 128 129 130 
18000 100 120 121 123 124 126 
18000 101 120 121 123 124 126 
18000 102 120 121 123 124 126 
18000 103 113 
18000 104 121 122 123 124 126 
18000 105 107 117 120 121 125 
18000 106 120 121 123 126 127 
18000 107 98 105 108 121 126 
18000 108 107 115 124 126 131 
18000 109 121 122 123 124 126 
18000 110 120 121 123 124 126 
18000 111 120 121 123 124 126 
18000 112 99 117 119 123 125 
18000 113 103 121 123 124 126 
18000 114 120 121 123 124 126 
18000 115 108 121 123 124 126 
18000 116 121 122 123 125 126 
18000 117 105 112 120 121 125 
18000 118 121 123 125 126 127 
18000 119 112 126 127 129 130 
18000 120 9 94 95 97 100 101 102 105 106 110 111 114 117 
18000 121 3 9 10 94 95 97 98 100 101 102 104 105 106 107 109 110 111 113 114 115 116 117 118 
18000 122 95 97 104 109 116 
18000 123 3 9 10 94 95 96 97 98 100 101 102 104 106 109 110 111 112 113 114 115 116 118 129 130 131 
18000 124 3 9 10 94 95 96 98 100 101 102 104 108 109 110 111 113 114 115 128 131 
18000 125 96 97 105 112 116 117 118 127 
18000 126 3 9 10 94 96 98 100 101 102 104 106 107 108 109 110 111 113 114 115 116 118 119 131 
18000 127 106 118 119 125 
18000 128 99 124 129 130 131 
18000 129 99 119 123 128 130 
18000 130 99 119 123 128 129 
18000 131 108 123 124 126 128 
