0 21600
0 0 1 2 3 25 34 44 46 49 132 133 134 135 136 137 138 139 140 141 142 143 144 145 146 147 148 149 150 151 152 153 154 155 156 157 158 159 160 161 
0 1 0 47 48 49 50 51 52 53 132 133 134 137 140 141 142 144 145 146 148 149 152 153 158 160 
0 2 0 85 86 88 89 90 91 92 132 133 134 136 138 141 142 144 145 146 149 150 152 155 157 159 160 161 
0 3 0 118 119 120 121 123 124 126 132 133 134 135 139 140 141 143 144 145 146 147 151 154 156 159 160 161 
0 4 43 45 47 48 50 51 52 53 
0 5 43 45 47 48 50 51 52 53 
0 6 84 85 86 88 89 90 91 92 
0 7 84 85 86 88 89 90 91 92 
0 8 84 85 86 88 89 90 91 92 
0 9 116 118 119 120 121 123 124 126 
0 10 116 118 119 120 121 123 124 126 
0 11 14 20 26 37 
0 12 40 42 43 48 50 51 52 53 
0 13 17 22 35 47 48 51 52 53 
0 14 11 20 26 37 
0 15 17 18 22 24 28 29 30 36 
0 16 43 45 47 48 50 51 52 53 
0 17 13 15 22 30 35 
0 18 15 22 47 48 50 51 52 53 
0 19 43 46 47 48 50 51 52 53 
0 20 11 14 36 37 39 50 51 53 
0 21 42 43 47 48 50 51 52 53 
0 22 13 15 17 18 30 35 45 47 
0 23 43 45 47 48 50 51 52 53 
0 24 15 45 47 48 50 51 52 53 
0 25 0 34 42 43 46 47 48 52 
0 26 11 14 37 45 
0 27 42 43 47 48 50 51 52 53 
0 28 15 45 47 48 50 51 52 53 
0 29 15 45 47 48 50 51 52 53 
0 30 15 17 22 42 43 45 47 48 
0 31 41 43 47 48 50 51 52 53 
0 32 42 43 47 48 50 51 52 53 
0 33 43 45 47 48 50 51 52 53 
0 34 0 25 41 46 49 
0 35 13 17 22 49 
0 36 15 20 47 48 50 51 52 53 
0 37 11 14 20 26 47 48 51 53 
0 38 42 43 45 47 48 51 52 53 
0 39 20 45 47 48 50 51 52 53 
0 40 12 41 47 48 50 51 52 53 
0 41 31 34 40 42 43 50 52 53 
0 42 12 21 25 27 30 32 38 41 
0 43 4 5 12 16 19 21 23 25 27 30 31 32 33 38 41 
0 44 0 46 47 48 49 50 52 53 
0 45 4 5 16 22 23 24 26 28 29 30 33 38 39 
0 46 0 19 25 34 44 48 49 52 
0 47 1 4 5 13 16 18 19 21 22 23 24 25 27 28 29 30 31 32 33 36 37 38 39 40 44 
0 48 1 4 5 12 13 16 18 19 21 23 24 25 27 28 29 30 31 32 33 36 37 38 39 40 44 46 
0 49 0 1 34 35 44 46 52 53 
0 50 1 4 5 12 16 18 19 20 21 23 24 27 28 29 31 32 33 36 39 40 41 44 
0 51 1 4 5 12 13 16 18 19 20 21 23 24 27 28 29 31 32 33 36 37 38 39 40 
0 52 1 4 5 12 13 16 18 19 21 23 24 25 27 28 29 31 32 33 36 38 39 40 41 44 46 49 
0 53 1 4 5 12 13 16 18 19 20 21 23 24 27 28 29 31 32 33 36 37 38 39 40 41 44 49 
0 54 85 86 87 88 89 90 91 92 
0 55 84 85 86 88 89 90 91 92 
0 56 58 62 63 66 70 73 83 93 
0 57 84 85 86 88 89 90 91 92 
0 58 56 64 66 67 83 86 90 93 
0 59 84 85 86 88 89 90 91 92 
0 60 81 82 84 85 87 88 91 92 
0 61 62 66 88 89 90 91 92 93 
0 62 56 61 66 70 73 89 90 93 
0 63 56 66 93 
0 64 58 67 68 71 83 86 89 90 
0 65 85 86 87 88 89 90 91 92 
0 66 56 58 61 62 63 93 
0 67 58 64 86 88 89 90 91 92 
0 68 64 85 86 88 89 90 91 92 
0 69 84 85 87 88 89 90 91 92 
0 70 56 62 88 89 90 91 92 93 
0 71 64 85 86 88 89 90 91 92 
0 72 
0 73 56 62 88 89 90 91 92 93 
0 74 85 86 87 88 89 90 91 92 
0 75 85 86 87 88 89 90 91 92 
0 76 84 85 
0 77 85 86 87 88 89 90 91 92 
0 78 84 85 86 88 89 90 91 92 
0 79 84 85 86 88 89 90 91 92 
0 80 87 
0 81 60 86 87 88 89 90 91 92 
0 82 60 86 87 88 89 90 91 92 
0 83 56 58 64 89 90 91 92 93 
0 84 6 7 8 55 57 59 60 69 76 78 79 
0 85 2 6 7 8 54 55 57 59 60 65 68 69 71 74 75 76 77 78 79 
0 86 2 6 7 8 54 55 57 58 59 64 65 67 68 71 74 75 77 78 79 81 82 
0 87 54 60 65 69 74 75 77 80 81 82 
0 88 2 6 7 8 54 55 57 59 60 61 65 67 68 69 70 71 73 74 75 77 78 79 81 82 
0 89 2 6 7 8 54 55 57 59 61 62 64 65 67 68 69 70 71 73 74 75 77 78 79 81 82 83 
0 90 2 6 7 8 54 55 57 58 59 61 62 64 65 67 68 69 70 71 73 74 75 77 78 79 81 82 83 
0 91 2 6 7 8 54 55 57 59 60 61 65 67 68 69 70 71 73 74 75 77 78 79 81 82 83 
0 92 2 6 7 8 54 55 57 59 60 61 65 67 68 69 70 71 73 74 75 77 78 79 81 82 83 
0 93 56 58 61 62 63 66 70 73 83 
0 94 107 118 119 120 121 123 124 126 
0 95 119 120 121 122 123 124 129 130 
0 96 118 119 120 121 123 124 125 126 
0 97 117 118 119 120 121 123 124 126 
0 98 107 108 117 120 121 123 124 126 
0 99 118 129 130 
0 100 115 118 119 120 121 123 124 126 
0 101 118 119 120 121 123 124 126 129 
0 102 117 118 119 120 121 123 124 126 
0 103 
0 104 118 119 120 121 123 124 126 129 
0 105 107 117 120 121 123 124 125 126 
0 106 116 118 119 120 121 123 124 126 
0 107 94 98 105 108 116 120 121 126 
0 108 98 107 112 115 120 126 131 
0 109 119 120 121 122 123 124 126 129 
0 110 116 118 119 120 121 123 124 126 
0 111 116 118 119 120 121 123 124 126 
0 112 108 118 119 120 121 123 124 126 
0 113 118 119 120 121 123 124 126 128 
0 114 120 121 123 124 126 127 128 130 
0 115 100 108 120 121 123 124 126 128 
0 116 9 10 106 107 110 111 117 125 
0 117 97 98 102 105 116 120 121 125 
0 118 3 9 10 94 96 97 99 100 101 102 104 106 110 111 112 113 128 129 131 
0 119 3 9 10 94 95 96 97 100 101 102 104 106 109 110 111 112 113 131 
0 120 3 9 10 94 95 96 97 98 100 101 102 104 105 106 107 108 109 110 111 112 113 114 115 117 131 
0 121 3 9 10 94 95 96 97 98 100 101 102 104 105 106 107 109 110 111 112 113 114 115 117 131 
0 122 95 109 128 
0 123 3 9 10 94 95 96 97 98 100 101 102 104 105 106 109 110 111 112 113 114 115 128 129 130 131 
0 124 3 9 10 94 95 96 97 98 100 101 102 104 105 106 109 110 111 112 113 114 115 128 131 
0 125 96 105 116 117 127 
0 126 3 9 10 94 96 97 98 100 101 102 104 105 106 107 108 109 110 111 112 113 114 115 131 
0 127 114 125 130 
0 128 113 114 115 118 122 123 124 130 
0 129 95 99 101 104 109 118 123 130 
0 130 95 99 114 123 127 128 129 
0 131 108 118 119 120 121 123 124 126 
0 132 0 1 2 3 
0 133 0 1 2 3 
0 134 0 1 2 3 
0 135 0 3 
0 136 0 2 
0 137 0 1 
0 138 0 2 
0 139 0 3 
0 140 0 1 3 
0 141 0 1 2 3 
0 142 0 1 2 
0 143 0 3 
0 144 0 1 2 3 
0 145 0 1 2 3 
0 146 0 1 2 3 
0 147 0 3 
0 148 0 1 
0 149 0 1 2 
0 150 0 2 
0 151 0 3 
0 152 0 1 2 
0 153 0 1 
0 154 0 3 
0 155 0 2 
0 156 0 3 
0 157 0 2 
0 158 0 1 
0 159 0 2 3 
0 160 0 1 2 3 
0 161 0 2 3 
1800 0 1 2 3 25 34 44 46 132 133 134 135 136 137 138 139 140 141 142 143 144 145 146 147 148 149 150 151 152 153 154 155 156 157 158 159 160 161 
1800 1 0 45 47 48 49 51 52 53 132 133 134 137 140 141 142 144 145 146 148 149 152 153 158 160 
1800 2 0 85 86 88 89 90 91 92 132 133 134 136 138 141 142 144 145 146 149 150 152 155 157 159 160 161 
1800 3 0 118 119 120 121 123 124 126 132 133 134 135 139 140 141 143 144 145 146 147 151 154 156 159 160 161 
1800 4 43 45 47 48 49 51 52 53 
1800 5 43 45 47 48 49 51 52 53 
1800 6 84 85 86 88 89 90 91 92 
1800 7 84 85 86 88 89 90 91 92 
1800 8 84 85 86 88 89 90 91 92 
1800 9 116 118 119 120 121 123 124 126 
1800 10 116 118 119 120 121 123 124 126 
1800 11 14 20 26 37 
1800 12 42 43 48 49 50 51 52 53 
1800 13 43 47 48 49 50 51 52 53 
1800 14 11 20 26 37 
1800 15 16 22 23 24 28 29 30 36 
1800 16 15 45 47 48 49 51 52 53 
1800 17 35 42 43 46 47 48 49 52 
1800 18 43 45 47 48 49 51 52 53 
1800 19 43 46 47 48 49 51 52 53 
1800 20 11 14 31 37 39 50 51 53 
1800 21 42 43 47 48 49 51 52 53 
1800 22 15 23 28 30 35 38 45 47 
1800 23 15 22 47 48 49 51 52 53 
1800 24 15 45 47 48 49 51 52 53 
1800 25 0 34 43 46 47 48 49 52 
1800 26 11 14 37 45 
1800 27 42 43 47 48 49 51 52 53 
1800 28 15 22 46 48 49 51 52 53 
1800 29 15 45 47 48 49 51 52 53 
1800 30 15 22 38 42 43 45 47 48 
1800 31 20 41 43 49 50 51 52 53 
1800 32 43 47 48 49 50 51 52 53 
1800 33 43 45 47 48 49 51 52 53 
1800 34 0 25 41 46 
1800 35 17 22 
1800 36 15 45 47 48 49 51 52 53 
1800 37 11 14 20 26 50 
1800 38 22 30 47 48 49 51 52 53 
1800 39 20 45 47 48 49 51 52 53 
1800 40 41 43 47 48 49 51 52 53 
1800 41 31 34 40 42 43 49 52 53 
1800 42 12 17 21 27 30 41 52 53 
1800 43 4 5 12 13 17 18 19 21 25 27 30 31 32 33 40 41 44 
1800 44 0 43 46 47 48 49 52 53 
1800 45 1 4 5 16 18 22 24 26 29 30 33 36 39 
1800 46 0 17 19 25 28 34 44 52 
1800 47 1 4 5 13 16 17 18 19 21 22 23 24 25 27 29 30 32 33 36 38 39 40 44 
1800 48 1 4 5 12 13 16 17 18 19 21 23 24 25 27 28 29 30 32 33 36 38 39 40 44 
1800 49 1 4 5 12 13 16 17 18 19 21 23 24 25 27 28 29 31 32 33 36 38 39 40 41 44 
1800 50 12 13 20 31 32 37 51 53 
1800 51 1 4 5 12 13 16 18 19 20 21 23 24 27 28 29 31 32 33 36 38 39 40 50 
1800 52 1 4 5 12 13 16 17 18 19 21 23 24 25 27 28 29 31 32 33 36 38 39 40 41 42 44 46 
1800 53 1 4 5 12 13 16 18 19 20 21 23 24 27 28 29 31 32 33 36 38 39 40 41 42 44 50 
1800 54 84 85 86 88 89 90 91 92 
1800 55 66 86 88 89 90 91 92 93 
1800 56 58 62 63 66 70 82 83 93 
1800 57 84 85 86 88 89 90 91 92 
1800 58 56 64 66 74 83 86 90 93 
1800 59 84 85 86 88 89 90 91 92 
1800 60 82 84 85 87 88 89 91 92 
1800 61 66 70 88 89 90 91 92 93 
1800 62 56 66 70 74 82 89 90 93 
1800 63 56 66 93 
1800 64 58 71 74 81 83 86 89 90 
1800 65 76 86 87 88 89 90 91 92 
1800 66 55 56 58 61 62 63 74 93 
1800 67 82 83 86 88 89 90 91 92 
1800 68 76 85 86 88 89 90 91 92 
1800 69 84 85 87 88 89 90 91 92 
1800 70 56 61 62 71 73 74 82 93 
1800 71 64 70 88 89 90 91 92 93 
1800 72 73 
1800 73 70 72 76 89 90 91 92 93 
1800 74 58 62 64 66 70 91 92 93 
1800 75 85 86 87 88 89 90 91 92 
1800 76 65 68 73 77 84 85 
1800 77 76 86 87 88 89 90 91 92 
1800 78 84 85 86 88 89 90 91 92 
1800 79 84 85 86 88 89 90 91 92 
1800 80 87 
1800 81 64 85 86 88 89 90 91 92 
1800 82 56 60 62 67 70 91 92 93 
1800 83 56 58 64 67 90 91 92 93 
1800 84 6 7 8 54 57 59 60 69 76 78 79 
1800 85 2 6 7 8 54 57 59 60 68 69 75 76 78 79 81 87 
1800 86 2 6 7 8 54 55 57 58 59 64 65 67 68 75 77 78 79 81 
1800 87 60 65 69 75 77 80 85 91 
1800 88 2 6 7 8 54 55 57 59 60 61 65 67 68 69 71 75 77 78 79 81 
1800 89 2 6 7 8 54 55 57 59 60 61 62 64 65 67 68 69 71 73 75 77 78 79 81 
1800 90 2 6 7 8 54 55 57 58 59 61 62 64 65 67 68 69 71 73 75 77 78 79 81 83 
1800 91 2 6 7 8 54 55 57 59 60 61 65 67 68 69 71 73 74 75 77 78 79 81 82 83 87 
1800 92 2 6 7 8 54 55 57 59 60 61 65 67 68 69 71 73 74 75 77 78 79 81 82 83 
1800 93 55 56 58 61 62 63 66 70 71 73 74 82 83 
1800 94 118 119 120 121 123 124 125 126 
1800 95 120 121 122 123 124 128 129 130 
1800 96 118 119 120 121 123 124 125 126 
1800 97 117 118 119 120 121 123 124 126 
1800 98 107 119 120 121 123 124 125 126 
1800 99 129 130 
1800 100 120 121 123 124 126 127 129 130 
1800 101 118 119 120 121 123 124 126 129 
1800 102 105 117 121 123 124 125 126 127 
1800 103 120 
1800 104 118 119 120 121 123 124 126 129 
1800 105 102 107 112 116 117 120 121 125 
1800 106 108 119 120 121 123 124 126 128 
1800 107 98 105 108 112 116 121 125 126 
1800 108 106 107 112 115 116 120 126 131 
1800 109 119 120 121 122 123 124 126 129 
1800 110 116 118 119 120 121 123 124 126 
1800 111 116 118 119 120 121 123 124 126 
1800 112 105 107 108 117 121 123 124 126 
1800 113 116 118 119 120 121 123 124 126 
1800 114 115 118 119 120 121 123 124 126 
1800 115 108 114 123 124 126 127 128 130 
1800 116 9 10 105 107 108 110 111 113 117 
1800 117 97 102 105 112 116 120 121 125 
1800 118 3 9 10 94 96 97 101 104 110 111 113 114 128 131 
1800 119 3 9 10 94 96 97 98 101 104 106 109 110 111 113 114 131 
1800 120 3 9 10 94 95 96 97 98 100 101 103 104 105 106 108 109 110 111 113 114 117 131 
1800 121 3 9 10 94 95 96 97 98 100 101 102 104 105 106 107 109 110 111 112 113 114 117 131 
1800 122 95 109 128 
1800 123 3 9 10 94 95 96 97 98 100 101 102 104 106 109 110 111 112 113 114 115 128 129 130 131 
1800 124 3 9 10 94 95 96 97 98 100 101 102 104 106 109 110 111 112 113 114 115 128 131 
1800 125 94 96 98 102 105 107 117 126 
1800 126 3 9 10 94 96 97 98 100 101 102 104 106 107 108 109 110 111 112 113 114 115 125 131 
1800 127 100 102 115 
1800 128 95 106 115 118 122 123 124 130 
1800 129 95 99 100 101 104 109 123 130 
1800 130 95 99 100 115 123 128 129 
1800 131 108 118 119 120 121 123 124 126 
1800 132 0 1 2 3 
1800 133 0 1 2 3 
1800 134 0 1 2 3 
1800 135 0 3 
1800 136 0 2 
1800 137 0 1 
1800 138 0 2 
1800 139 0 3 
1800 140 0 1 3 
1800 141 0 1 2 3 
1800 142 0 1 2 
1800 143 0 3 
1800 144 0 1 2 3 
1800 145 0 1 2 3 
1800 146 0 1 2 3 
1800 147 0 3 
1800 148 0 1 
1800 149 0 1 2 
1800 150 0 2 
1800 151 0 3 
1800 152 0 1 2 
1800 153 0 1 
1800 154 0 3 
1800 155 0 2 
1800 156 0 3 
1800 157 0 2 
1800 158 0 1 
1800 159 0 2 3 
1800 160 0 1 2 3 
1800 161 0 2 3 
3600 0 1 2 3 25 31 34 44 46 132 133 134 135 136 137 138 139 140 141 142 143 144 145 146 147 148 149 150 151 152 153 154 155 156 157 158 159 160 161 
3600 1 0 45 47 48 49 51 52 53 132 133 134 137 140 141 142 144 145 146 148 149 152 153 158 160 
3600 2 0 85 86 88 89 90 91 92 132 133 134 136 138 141 142 144 145 146 149 150 152 155 157 159 160 161 
3600 3 0 118 119 120 121 123 124 126 132 133 134 135 139 140 141 143 144 145 146 147 151 154 156 159 160 161 
3600 4 43 45 47 48 49 51 52 53 
3600 5 43 45 47 48 49 51 52 53 
3600 6 84 85 86 88 89 90 91 92 
3600 7 84 85 86 88 89 90 91 92 
3600 8 84 85 86 88 89 90 91 92 
3600 9 116 118 119 120 121 123 124 126 
3600 10 116 118 119 120 121 123 124 126 
3600 11 14 20 26 37 48 
3600 12 42 43 48 49 50 51 52 53 
3600 13 42 43 47 48 49 51 52 53 
3600 14 11 20 26 37 48 
3600 15 17 22 24 26 28 29 30 36 
3600 16 43 45 47 48 49 51 52 53 
3600 17 15 22 30 32 35 
3600 18 42 43 45 47 48 49 52 53 
3600 19 43 46 47 48 49 51 52 53 
3600 20 11 14 39 48 50 51 52 53 
3600 21 42 43 47 48 49 51 52 53 
3600 22 15 17 26 30 32 35 45 47 
3600 23 43 45 47 48 49 51 52 53 
3600 24 15 45 47 48 49 51 52 53 
3600 25 0 34 43 46 47 48 49 52 
3600 26 11 14 15 22 38 45 47 48 
3600 27 42 43 47 48 49 51 52 53 
3600 28 15 45 47 48 49 51 52 53 
3600 29 15 45 47 48 49 51 52 53 
3600 30 15 17 22 42 43 45 47 48 
3600 31 0 46 48 49 50 51 52 53 
3600 32 17 22 35 48 49 50 52 53 
3600 33 43 45 47 48 49 51 52 53 
3600 34 0 25 41 46 
3600 35 17 22 32 
3600 36 15 45 47 48 49 51 52 53 
3600 37 11 14 47 48 49 51 52 53 
3600 38 26 45 47 48 49 51 52 53 
3600 39 20 45 47 48 49 51 52 53 
3600 40 41 43 47 48 49 51 52 53 
3600 41 34 40 42 43 49 50 52 53 
3600 42 12 13 18 21 27 30 41 44 
3600 43 4 5 12 13 16 18 19 21 23 25 27 30 33 40 41 44 
3600 44 0 42 43 46 47 48 49 52 
3600 45 1 4 5 16 18 22 23 24 26 28 29 30 33 36 38 39 
3600 46 0 19 25 31 34 44 48 52 
3600 47 1 4 5 13 16 18 19 21 22 23 24 25 26 27 28 29 30 33 36 37 38 39 40 44 
3600 48 1 4 5 11 12 13 14 16 18 19 20 21 23 24 25 26 27 28 29 30 31 32 33 36 37 38 39 40 44 46 
3600 49 1 4 5 12 13 16 18 19 21 23 24 25 27 28 29 31 32 33 36 37 38 39 40 41 44 
3600 50 12 20 31 32 41 51 52 53 
3600 51 1 4 5 12 13 16 19 20 21 23 24 27 28 29 31 33 36 37 38 39 40 50 
3600 52 1 4 5 12 13 16 18 19 20 21 23 24 25 27 28 29 31 32 33 36 37 38 39 40 41 44 46 50 
3600 53 1 4 5 12 13 16 18 19 20 21 23 24 27 28 29 31 32 33 36 37 38 39 40 41 50 
3600 54 76 86 87 88 89 90 91 92 
3600 55 84 85 86 88 89 90 91 92 
3600 56 58 62 63 66 70 73 83 93 
3600 57 82 83 86 89 90 91 92 93 
3600 58 56 64 66 67 83 86 90 93 
3600 59 84 85 86 88 89 90 91 92 
3600 60 79 82 84 85 87 88 91 92 
3600 61 83 86 88 89 90 91 92 93 
3600 62 56 66 70 73 78 89 90 93 
3600 63 56 66 93 
3600 64 58 66 71 73 83 86 89 90 
3600 65 70 86 87 88 89 90 91 92 
3600 66 56 58 62 63 64 67 83 93 
3600 67 58 66 72 88 89 90 91 92 
3600 68 84 85 86 88 89 90 91 92 
3600 69 70 87 88 89 90 91 92 93 
3600 70 56 62 65 69 73 77 78 93 
3600 71 64 85 86 88 89 90 91 92 
3600 72 67 92 
3600 73 56 62 64 70 90 91 92 93 
3600 74 85 86 87 88 89 90 91 92 
3600 75 85 86 87 88 89 90 91 92 
3600 76 54 84 85 92 
3600 77 70 86 87 88 89 90 91 92 
3600 78 62 70 88 89 90 91 92 93 
3600 79 60 85 86 88 89 90 91 92 
3600 80 87 
3600 81 84 85 86 87 88 89 90 91 
3600 82 57 60 87 88 89 90 91 92 
3600 83 56 57 58 61 64 66 92 93 
3600 84 6 7 8 55 59 60 68 76 81 
3600 85 2 6 7 8 55 59 60 68 71 74 75 76 79 81 
3600 86 2 6 7 8 54 55 57 58 59 61 64 65 68 71 74 75 77 79 81 
3600 87 54 60 65 69 74 75 77 80 81 82 
3600 88 2 6 7 8 54 55 59 60 61 65 67 68 69 71 74 75 77 78 79 81 82 
3600 89 2 6 7 8 54 55 57 59 61 62 64 65 67 68 69 71 74 75 77 78 79 81 82 
3600 90 2 6 7 8 54 55 57 58 59 61 62 64 65 67 68 69 71 73 74 75 77 78 79 81 82 
3600 91 2 6 7 8 54 55 57 59 60 61 65 67 68 69 71 73 74 75 77 78 79 81 82 
3600 92 2 6 7 8 54 55 57 59 60 61 65 67 68 69 71 72 73 74 75 76 77 78 79 82 83 
3600 93 56 57 58 61 62 63 66 69 70 73 78 83 
3600 94 117 118 119 120 121 123 124 126 
3600 95 120 121 122 123 124 126 129 130 
3600 96 118 119 120 121 123 124 125 126 
3600 97 118 119 120 121 123 124 125 126 
3600 98 107 118 119 120 121 123 124 126 
3600 99 103 109 114 115 122 124 129 130 
3600 100 115 118 119 120 121 123 124 126 
3600 101 120 121 123 124 125 126 127 129 
3600 102 105 117 120 121 123 124 125 126 
3600 103 99 116 
3600 104 118 119 120 121 123 124 126 129 
3600 105 102 107 109 116 117 120 121 125 
3600 106 116 118 119 120 121 123 124 126 
3600 107 98 105 108 109 116 121 126 131 
3600 108 107 112 115 126 131 
3600 109 99 105 107 117 122 124 126 129 
3600 110 116 118 119 120 121 123 124 126 
3600 111 116 118 119 120 121 123 124 126 
3600 112 108 118 119 120 121 123 124 126 
3600 113 116 118 119 120 121 123 124 126 
3600 114 99 119 120 121 123 124 126 128 
3600 115 99 100 108 121 123 124 126 128 
3600 116 9 10 103 105 106 107 110 111 113 117 
3600 117 94 102 105 109 116 120 121 125 
3600 118 3 9 10 94 96 97 98 100 104 106 110 111 112 113 128 
3600 119 3 9 10 94 96 97 98 100 104 106 110 111 112 113 114 131 
3600 120 3 9 10 94 95 96 97 98 100 101 102 104 105 106 110 111 112 113 114 117 125 131 
3600 121 3 9 10 94 95 96 97 98 100 101 102 104 105 106 107 110 111 112 113 114 115 117 131 
3600 122 95 99 109 128 
3600 123 3 9 10 94 95 96 97 98 100 101 102 104 106 110 111 112 113 114 115 128 129 130 131 
3600 124 3 9 10 94 95 96 97 98 99 100 101 102 104 106 109 110 111 112 113 114 115 128 131 
3600 125 96 97 101 102 105 117 120 
3600 126 3 9 10 94 95 96 97 98 100 101 102 104 106 107 108 109 110 111 112 113 114 115 131 
3600 127 101 
3600 128 114 115 118 122 123 124 129 130 
3600 129 95 99 101 104 109 123 128 130 
3600 130 95 99 123 128 129 
3600 131 107 108 119 120 121 123 124 126 
3600 132 0 1 2 3 
3600 133 0 1 2 3 
3600 134 0 1 2 3 
3600 135 0 3 
3600 136 0 2 
3600 137 0 1 
3600 138 0 2 
3600 139 0 3 
3600 140 0 1 3 
3600 141 0 1 2 3 
3600 142 0 1 2 
3600 143 0 3 
3600 144 0 1 2 3 
3600 145 0 1 2 3 
3600 146 0 1 2 3 
3600 147 0 3 
3600 148 0 1 
3600 149 0 1 2 
3600 150 0 2 
3600 151 0 3 
3600 152 0 1 2 
3600 153 0 1 
3600 154 0 3 
3600 155 0 2 
3600 156 0 3 
3600 157 0 2 
3600 158 0 1 
3600 159 0 2 3 
3600 160 0 1 2 3 
3600 161 0 2 3 
5400 0 1 2 3 25 34 44 46 132 133 134 135 136 137 138 139 140 141 142 143 144 145 146 147 148 149 150 151 152 153 154 155 156 157 158 159 160 161 
5400 1 0 45 47 48 49 51 52 53 132 133 134 137 140 141 142 144 145 146 148 149 152 153 158 160 
5400 2 0 86 88 89 90 91 92 93 132 133 134 136 138 141 142 144 145 146 149 150 152 155 157 159 160 161 
5400 3 0 118 119 120 121 123 124 126 132 133 134 135 139 140 141 143 144 145 146 147 151 154 156 159 160 161 
5400 4 43 45 47 48 49 51 52 53 
5400 5 43 45 47 48 49 51 52 53 
5400 6 85 86 88 89 90 91 92 93 
5400 7 85 86 88 89 90 91 92 93 
5400 8 85 86 88 89 90 91 92 93 
5400 9 116 118 119 120 121 123 124 126 
5400 10 116 118 119 120 121 123 124 126 
5400 11 14 20 26 37 51 
5400 12 42 43 48 49 50 51 52 53 
5400 13 42 43 47 48 49 51 52 53 
5400 14 11 20 26 37 51 
5400 15 17 22 24 28 29 30 35 36 
5400 16 42 43 45 47 48 49 52 53 
5400 17 15 18 22 30 35 45 
5400 18 17 22 35 48 49 51 52 53 
5400 19 43 46 47 48 49 51 52 53 
5400 20 11 14 36 37 39 50 51 53 
5400 21 42 43 47 48 49 51 52 53 
5400 22 15 17 18 30 35 45 47 
5400 23 34 43 45 47 48 49 52 53 
5400 24 15 45 47 48 49 51 52 53 
5400 25 0 34 43 46 47 48 49 52 
5400 26 11 14 37 45 
5400 27 43 47 48 49 50 51 52 53 
5400 28 15 45 47 48 49 51 52 53 
5400 29 15 45 47 48 49 51 52 53 
5400 30 15 17 22 35 43 45 47 48 
5400 31 42 43 47 48 49 51 52 53 
5400 32 43 47 48 49 50 51 52 53 
5400 33 43 45 47 48 49 50 52 53 
5400 34 0 23 25 41 46 
5400 35 15 17 18 22 30 45 
5400 36 15 20 47 48 49 51 52 53 
5400 37 11 14 20 26 49 51 52 53 
5400 38 41 45 47 48 49 51 52 53 
5400 39 20 45 47 48 49 51 52 53 
5400 40 41 43 47 48 49 51 52 53 
5400 41 34 38 40 42 43 49 52 53 
5400 42 12 13 16 21 31 41 52 53 
5400 43 4 5 12 13 16 19 21 23 25 27 30 31 32 33 40 41 44 46 
5400 44 0 43 46 47 48 49 52 53 
5400 45 1 4 5 16 17 22 23 24 26 28 29 30 33 35 38 39 
5400 46 0 19 25 34 43 44 48 52 
5400 47 1 4 5 13 16 19 21 22 23 24 25 27 28 29 30 31 32 33 36 38 39 40 44 
5400 48 1 4 5 12 13 16 18 19 21 23 24 25 27 28 29 30 31 32 33 36 38 39 40 44 46 
5400 49 1 4 5 12 13 16 18 19 21 23 24 25 27 28 29 31 32 33 36 37 38 39 40 41 44 
5400 50 12 20 27 32 33 51 53 
5400 51 1 4 5 11 12 13 14 18 19 20 21 24 27 28 29 31 32 36 37 38 39 40 50 
5400 52 1 4 5 12 13 16 18 19 21 23 24 25 27 28 29 31 32 33 36 37 38 39 40 41 42 44 46 
5400 53 1 4 5 12 13 16 18 19 20 21 23 24 27 28 29 31 32 33 36 37 38 39 40 41 42 44 50 
5400 54 86 87 88 89 90 91 92 93 
5400 55 85 86 88 89 90 91 92 93 
5400 56 58 62 63 66 73 83 90 93 
5400 57 85 86 88 89 90 91 92 93 
5400 58 56 63 64 66 67 83 86 90 
5400 59 85 86 88 89 90 91 92 93 
5400 60 82 84 85 87 88 91 92 93 
5400 61 62 86 88 89 90 91 92 93 
5400 62 56 61 63 66 70 73 89 93 
5400 63 56 58 62 66 83 93 
5400 64 58 68 71 83 86 89 90 93 
5400 65 86 87 88 89 90 91 92 93 
5400 66 56 58 62 63 73 89 90 93 
5400 67 58 86 88 89 90 91 92 93 
5400 68 64 86 88 89 90 91 92 93 
5400 69 84 85 87 88 89 91 92 93 
5400 70 62 86 88 89 90 91 92 93 
5400 71 64 86 88 89 90 91 92 93 
5400 72 83 
5400 73 56 62 66 89 90 91 92 93 
5400 74 85 86 87 88 89 91 92 93 
5400 75 86 87 88 89 90 91 92 93 
5400 76 84 85 
5400 77 85 86 87 88 89 91 92 93 
5400 78 85 86 88 89 90 91 92 93 
5400 79 85 86 88 89 90 91 92 93 
5400 80 87 
5400 81 85 86 87 88 89 91 92 93 
5400 82 60 87 88 89 90 91 92 93 
5400 83 56 58 63 64 72 90 91 92 
5400 84 60 69 76 85 88 91 92 93 
5400 85 6 7 8 55 57 59 60 69 74 76 77 78 79 81 84 
5400 86 2 6 7 8 54 55 57 58 59 61 64 65 67 68 70 71 74 75 77 78 79 81 
5400 87 54 60 65 69 74 75 77 80 81 82 
5400 88 2 6 7 8 54 55 57 59 60 61 65 67 68 69 70 71 74 75 77 78 79 81 82 84 
5400 89 2 6 7 8 54 55 57 59 61 62 64 65 66 67 68 69 70 71 73 74 75 77 78 79 81 82 
5400 90 2 6 7 8 54 55 56 57 58 59 61 64 65 66 67 68 70 71 73 75 78 79 82 83 
5400 91 2 6 7 8 54 55 57 59 60 61 65 67 68 69 70 71 73 74 75 77 78 79 81 82 83 84 
5400 92 2 6 7 8 54 55 57 59 60 61 65 67 68 69 70 71 73 74 75 77 78 79 81 82 83 84 
5400 93 2 6 7 8 54 55 56 57 59 60 61 62 63 64 65 66 67 68 69 70 71 73 74 75 77 78 79 81 82 84 
5400 94 117 118 119 120 121 123 124 126 
5400 95 119 120 121 122 123 124 126 130 
5400 96 118 119 120 121 123 124 125 126 
5400 97 118 119 120 121 123 124 126 127 
5400 98 105 107 117 120 121 123 124 126 
5400 99 104 129 130 
5400 100 103 119 120 121 122 123 124 126 
5400 101 118 119 120 121 123 124 126 129 
5400 102 105 117 119 120 121 123 124 126 
5400 103 100 
5400 104 99 122 123 124 126 127 129 130 
5400 105 98 102 107 116 117 120 121 125 
5400 106 116 118 119 120 121 123 124 126 
5400 107 98 105 108 116 118 121 
5400 108 107 112 115 118 126 131 
5400 109 119 120 121 122 123 124 126 129 
5400 110 116 118 119 120 121 123 124 126 
5400 111 116 118 119 120 121 123 124 126 
5400 112 108 121 122 123 124 126 129 130 
5400 113 119 120 121 123 124 126 129 130 
5400 114 118 119 120 121 123 124 126 128 
5400 115 108 118 119 121 123 124 126 128 
5400 116 9 10 105 106 107 110 111 117 125 
5400 117 94 98 102 105 116 120 121 125 
5400 118 3 9 10 94 96 97 101 106 107 108 110 111 114 115 128 131 
5400 119 3 9 10 94 95 96 97 100 101 102 106 109 110 111 113 114 115 131 
5400 120 3 9 10 94 95 96 97 98 100 101 102 105 106 109 110 111 113 114 117 127 131 
5400 121 3 9 10 94 95 96 97 98 100 101 102 105 106 107 109 110 111 112 113 114 115 117 131 
5400 122 95 100 104 109 112 126 128 
5400 123 3 9 10 94 95 96 97 98 100 101 102 104 106 109 110 111 112 113 114 115 128 129 130 131 
5400 124 3 9 10 94 95 96 97 98 100 101 102 104 106 109 110 111 112 113 114 115 128 131 
5400 125 96 105 116 117 
5400 126 3 9 10 94 95 96 97 98 100 101 102 104 106 108 109 110 111 112 113 114 115 122 128 131 
5400 127 97 104 120 
5400 128 114 115 118 122 123 124 126 130 
5400 129 99 101 104 109 112 113 123 130 
5400 130 95 99 104 112 113 123 128 129 
5400 131 108 118 119 120 121 123 124 126 
5400 132 0 1 2 3 
5400 133 0 1 2 3 
5400 134 0 1 2 3 
5400 135 0 3 
5400 136 0 2 
5400 137 0 1 
5400 138 0 2 
5400 139 0 3 
5400 140 0 1 3 
5400 141 0 1 2 3 
5400 142 0 1 2 
5400 143 0 3 
5400 144 0 1 2 3 
5400 145 0 1 2 3 
5400 146 0 1 2 3 
5400 147 0 3 
5400 148 0 1 
5400 149 0 1 2 
5400 150 0 2 
5400 151 0 3 
5400 152 0 1 2 
5400 153 0 1 
5400 154 0 3 
5400 155 0 2 
5400 156 0 3 
5400 157 0 2 
5400 158 0 1 
5400 159 0 2 3 
5400 160 0 1 2 3 
5400 161 0 2 3 
7200 0 1 2 3 25 34 44 46 132 133 134 135 136 137 138 139 140 141 142 143 144 145 146 147 148 149 150 151 152 153 154 155 156 157 158 159 160 161 
7200 1 0 45 47 48 49 51 52 53 132 133 134 137 140 141 142 144 145 146 148 149 152 153 158 160 
7200 2 0 86 87 88 89 90 91 92 132 133 134 136 138 141 142 144 145 146 149 150 152 155 157 159 160 161 
7200 3 0 118 119 120 121 123 124 126 132 133 134 135 139 140 141 143 144 145 146 147 151 154 156 159 160 161 
7200 4 43 45 47 48 49 51 52 53 
7200 5 43 45 47 48 49 51 52 53 
7200 6 85 86 87 88 89 90 91 92 
7200 7 85 86 87 88 89 90 91 92 
7200 8 85 86 87 88 89 90 91 92 
7200 9 116 118 119 120 121 123 124 126 
7200 10 116 118 119 120 121 123 124 126 
7200 11 14 20 21 24 26 37 
7200 12 42 43 48 49 50 51 52 53 
7200 13 42 43 47 48 49 51 52 53 
7200 14 11 20 21 24 26 37 
7200 15 17 22 47 48 49 51 52 53 
7200 16 43 45 47 48 49 51 52 53 
7200 17 15 22 30 35 
7200 18 22 45 47 48 49 51 52 53 
7200 19 43 46 47 48 49 51 52 53 
7200 20 11 14 36 37 39 50 51 53 
7200 21 11 14 47 48 49 51 52 53 
7200 22 15 17 18 27 30 35 45 47 
7200 23 43 45 47 48 49 51 52 53 
7200 24 11 14 48 49 50 51 52 53 
7200 25 0 34 43 46 47 48 49 52 
7200 26 11 14 37 38 39 45 50 53 
7200 27 22 45 47 48 49 51 52 53 
7200 28 43 45 47 48 49 51 52 53 
7200 29 43 45 47 48 49 51 52 53 
7200 30 17 22 38 42 43 45 47 48 
7200 31 42 43 47 48 49 51 52 53 
7200 32 43 47 48 49 50 51 52 53 
7200 33 43 45 47 48 49 51 52 53 
7200 34 0 25 41 46 
7200 35 17 22 
7200 36 20 45 47 48 49 51 52 53 
7200 37 11 14 20 26 48 49 51 53 
7200 38 26 30 47 48 49 51 52 53 
7200 39 20 26 41 49 50 51 52 53 
7200 40 41 43 47 48 49 51 52 53 
7200 41 34 39 40 42 43 49 52 53 
7200 42 12 13 30 31 41 51 52 53 
7200 43 4 5 12 13 16 19 23 25 28 29 30 31 32 33 40 41 44 46 
7200 44 0 43 46 47 48 49 52 53 
7200 45 1 4 5 16 18 22 23 26 27 28 29 30 33 36 
7200 46 0 19 25 34 43 44 48 52 
7200 47 1 4 5 13 15 16 18 19 21 22 23 25 27 28 29 30 31 32 33 36 38 40 44 
7200 48 1 4 5 12 13 15 16 18 19 21 23 24 25 27 28 29 30 31 32 33 36 37 38 40 44 46 
7200 49 1 4 5 12 13 15 16 18 19 21 23 24 25 27 28 29 31 32 33 36 37 38 39 40 41 44 
7200 50 12 20 24 26 32 39 51 53 
7200 51 1 4 5 12 13 15 16 18 19 20 21 23 24 27 28 29 31 32 33 36 37 38 39 40 42 50 
7200 52 1 4 5 12 13 15 16 18 19 21 23 24 25 27 28 29 31 32 33 36 38 39 40 41 42 44 46 
7200 53 1 4 5 12 13 15 16 18 19 20 21 23 24 26 27 28 29 31 32 33 36 37 38 39 40 41 42 44 50 
7200 54 85 86 87 88 89 90 91 92 
7200 55 85 86 87 88 89 90 91 92 
7200 56 58 62 63 66 70 83 86 93 
7200 57 85 86 87 88 89 90 91 92 
7200 58 56 63 64 66 83 86 90 93 
7200 59 85 86 87 88 89 90 91 92 
7200 60 81 82 84 85 87 88 91 92 
7200 61 66 87 88 89 90 91 92 93 
7200 62 56 63 66 70 86 89 90 93 
7200 63 56 58 62 66 86 89 92 93 
7200 64 58 69 71 83 86 89 90 93 
7200 65 85 86 87 88 89 90 91 92 
7200 66 56 58 61 62 63 69 86 93 
7200 67 72 76 83 84 85 86 88 91 
7200 68 85 86 87 88 89 90 91 92 
7200 69 64 66 88 89 90 91 92 93 
7200 70 56 62 73 86 93 
7200 71 64 86 87 88 89 90 91 92 
7200 72 67 
7200 73 70 87 88 89 90 91 92 93 
7200 74 80 85 86 87 88 89 90 92 
7200 75 85 86 87 88 89 90 91 92 
7200 76 67 84 85 
7200 77 85 86 87 88 89 90 91 92 
7200 78 85 86 87 88 89 90 91 92 
7200 79 85 86 87 88 89 90 91 92 
7200 80 74 87 
7200 81 60 86 87 88 89 90 91 92 
7200 82 60 86 87 88 89 90 91 92 
7200 83 56 58 64 67 90 91 92 93 
7200 84 60 67 76 85 87 88 91 92 
7200 85 6 7 8 54 55 57 59 60 65 67 68 74 75 76 77 78 79 84 
7200 86 2 6 7 8 54 55 56 57 58 59 62 63 64 65 66 67 68 70 71 74 75 77 78 79 81 82 
7200 87 2 6 7 8 54 55 57 59 60 61 65 68 71 73 74 75 77 78 79 80 81 82 84 
7200 88 2 6 7 8 54 55 57 59 60 61 65 67 68 69 71 73 74 75 77 78 79 81 82 84 
7200 89 2 6 7 8 54 55 57 59 61 62 63 64 65 68 69 71 73 74 75 77 78 79 81 82 
7200 90 2 6 7 8 54 55 57 58 59 61 62 64 65 68 69 71 73 74 75 77 78 79 81 82 83 
7200 91 2 6 7 8 54 55 57 59 60 61 65 67 68 69 71 73 75 77 78 79 81 82 83 84 
7200 92 2 6 7 8 54 55 57 59 60 61 63 65 68 69 71 73 74 75 77 78 79 81 82 83 84 
7200 93 56 58 61 62 63 64 66 69 70 73 83 
7200 94 118 119 120 121 123 124 125 126 
7200 95 119 120 121 122 123 124 128 130 
7200 96 118 119 120 121 123 124 125 126 
7200 97 117 118 119 120 121 123 124 126 
7200 98 117 118 119 120 121 123 124 126 
7200 99 104 129 130 
7200 100 119 120 123 124 126 128 129 130 
7200 101 118 119 120 121 123 124 126 129 
7200 102 117 118 119 120 121 123 124 126 
7200 103 
7200 104 99 120 121 123 124 126 129 130 
7200 105 107 113 116 117 118 120 121 125 
7200 106 118 119 120 121 123 124 126 128 
7200 107 105 108 113 116 117 118 121 126 
7200 108 107 112 113 115 117 121 126 131 
7200 109 119 120 121 122 123 124 126 129 
7200 110 116 118 119 120 121 123 124 126 
7200 111 116 118 119 120 121 123 124 126 
7200 112 108 118 119 120 121 123 124 126 
7200 113 105 107 108 120 121 123 124 126 
7200 114 115 118 119 120 121 123 124 126 
7200 115 108 114 118 119 121 123 124 126 
7200 116 9 10 105 107 110 111 125 126 
7200 117 97 98 102 105 107 108 125 126 
7200 118 3 9 10 94 96 97 98 101 102 105 106 107 110 111 112 114 115 128 129 130 131 
7200 119 3 9 10 94 95 96 97 98 100 101 102 106 109 110 111 112 114 115 131 
7200 120 3 9 10 94 95 96 97 98 100 101 102 104 105 106 109 110 111 112 113 114 131 
7200 121 3 9 10 94 95 96 97 98 101 102 104 105 106 107 108 109 110 111 112 113 114 115 131 
7200 122 95 109 128 
7200 123 3 9 10 94 95 96 97 98 100 101 102 104 106 109 110 111 112 113 114 115 128 129 130 131 
7200 124 3 9 10 94 95 96 97 98 100 101 102 104 106 109 110 111 112 113 114 115 128 131 
7200 125 94 96 105 116 117 
7200 126 3 9 10 94 96 97 98 100 101 102 104 106 107 108 109 110 111 112 113 114 115 116 117 131 
7200 127 
7200 128 95 100 106 118 122 123 124 130 
7200 129 99 100 101 104 109 118 123 130 
7200 130 95 99 100 104 118 123 128 129 
7200 131 108 118 119 120 121 123 124 126 
7200 132 0 1 2 3 
7200 133 0 1 2 3 
7200 134 0 1 2 3 
7200 135 0 3 
7200 136 0 2 
7200 137 0 1 
7200 138 0 2 
7200 139 0 3 
7200 140 0 1 3 
7200 141 0 1 2 3 
7200 142 0 1 2 
7200 143 0 3 
7200 144 0 1 2 3 
7200 145 0 1 2 3 
7200 146 0 1 2 3 
7200 147 0 3 
7200 148 0 1 
7200 149 0 1 2 
7200 150 0 2 
7200 151 0 3 
7200 152 0 1 2 
7200 153 0 1 
7200 154 0 3 
7200 155 0 2 
7200 156 0 3 
7200 157 0 2 
7200 158 0 1 
7200 159 0 2 3 
7200 160 0 1 2 3 
7200 161 0 2 3 
9000 0 16 23 25 34 42 43 44 46 
9000 1 44 45 47 48 49 51 52 53 
9000 2 83 84 86 88 89 90 91 92 
9000 3 116 118 119 120 121 123 124 126 
9000 4 40 45 47 48 49 51 52 53 
9000 5 40 45 47 48 49 51 52 53 
9000 6 83 84 86 88 89 90 91 92 
9000 7 83 84 86 88 89 90 91 92 
9000 8 83 84 86 88 89 90 91 92 
9000 9 116 118 119 120 121 123 124 126 
9000 10 116 118 119 120 121 123 124 126 
9000 11 14 20 26 31 37 50 
9000 12 39 40 48 49 50 51 52 53 
9000 13 39 40 47 48 49 51 52 53 
9000 14 11 20 26 37 50 
9000 15 17 24 28 29 30 35 36 37 
9000 16 0 34 47 48 49 51 52 53 
9000 17 15 22 30 35 36 37 47 48 
9000 18 22 26 47 48 49 51 52 53 
9000 19 40 41 47 48 49 51 52 53 
9000 20 11 14 32 37 39 50 51 53 
9000 21 41 46 47 48 49 51 52 53 
9000 22 17 18 30 35 36 37 45 47 
9000 23 0 34 41 46 49 51 52 53 
9000 24 15 45 47 48 49 51 52 53 
9000 25 0 34 41 46 47 48 49 52 
9000 26 11 14 18 31 37 45 50 
9000 27 39 40 47 48 49 51 52 53 
9000 28 15 45 47 48 49 51 52 53 
9000 29 15 45 47 48 49 51 52 53 
9000 30 15 17 22 35 38 45 47 48 
9000 31 11 26 41 46 47 49 51 53 
9000 32 20 47 48 49 50 51 52 53 
9000 33 40 45 47 48 49 51 52 53 
9000 34 0 16 23 25 43 44 46 52 
9000 35 15 17 22 30 36 37 47 48 
9000 36 15 17 22 35 47 48 
9000 37 11 14 15 17 20 22 26 35 
9000 38 30 45 47 48 49 51 52 53 
9000 39 12 13 20 27 49 51 52 53 
9000 40 4 5 12 13 19 27 33 53 
9000 41 19 21 23 25 31 49 52 53 
9000 42 0 46 47 48 49 51 52 53 
9000 43 0 34 47 48 49 51 52 53 
9000 44 0 1 34 47 48 49 52 53 
9000 45 1 4 5 22 24 26 28 29 30 33 38 
9000 46 0 21 23 25 31 34 42 53 
9000 47 1 4 5 13 16 17 18 19 21 22 24 25 27 28 29 30 31 32 33 35 36 38 42 43 44 
9000 48 1 4 5 12 13 16 17 18 19 21 24 25 27 28 29 30 32 33 35 36 38 42 43 44 
9000 49 1 4 5 12 13 16 18 19 21 23 24 25 27 28 29 31 32 33 38 39 41 42 43 44 
9000 50 11 12 14 20 26 32 51 53 
9000 51 1 4 5 12 13 16 18 19 20 21 23 24 27 28 29 31 32 33 38 39 42 43 50 
9000 52 1 4 5 12 13 16 18 19 21 23 24 25 27 28 29 32 33 34 38 39 41 42 43 44 
9000 53 1 4 5 12 13 16 18 19 20 21 23 24 27 28 29 31 32 33 38 39 40 41 42 43 44 46 50 
9000 54 84 86 87 88 89 90 91 92 
9000 55 85 86 87 88 89 90 91 92 
9000 56 58 62 63 66 70 83 90 93 
9000 57 83 84 86 88 89 90 91 92 
9000 58 56 64 66 77 83 86 90 93 
9000 59 84 85 86 88 89 90 91 92 
9000 60 79 81 82 84 87 88 91 92 
9000 61 66 86 88 89 90 91 92 93 
9000 62 56 63 66 70 79 89 90 93 
9000 63 56 62 66 93 
9000 64 58 67 71 72 83 86 89 90 
9000 65 84 86 87 88 89 90 91 92 
9000 66 56 58 61 62 63 77 90 93 
9000 67 64 80 86 88 89 90 91 92 
9000 68 70 85 86 87 88 89 91 92 
9000 69 82 84 87 88 89 90 91 92 
9000 70 56 62 68 73 77 79 90 93 
9000 71 64 85 86 88 89 90 91 92 
9000 72 64 
9000 73 70 86 88 89 90 91 92 93 
9000 74 84 86 87 88 89 90 91 92 
9000 75 86 87 88 89 90 91 92 93 
9000 76 84 85 
9000 77 58 66 70 89 90 91 92 93 
9000 78 83 84 86 88 89 90 91 92 
9000 79 60 62 70 88 89 90 91 92 
9000 80 67 87 
9000 81 60 86 87 88 89 90 91 92 
9000 82 60 69 85 88 89 90 91 92 
9000 83 2 6 7 8 56 57 58 64 78 
9000 84 2 6 7 8 54 57 59 60 65 69 74 76 78 85 
9000 85 55 59 68 71 76 82 84 88 
9000 86 2 6 7 8 54 55 57 58 59 61 64 65 67 68 71 73 74 75 78 81 
9000 87 54 55 60 65 68 69 74 75 80 81 
9000 88 2 6 7 8 54 55 57 59 60 61 65 67 68 69 71 73 74 75 78 79 81 82 85 
9000 89 2 6 7 8 54 55 57 59 61 62 64 65 67 68 69 71 73 74 75 77 78 79 81 82 
9000 90 2 6 7 8 54 55 56 57 58 59 61 62 64 65 66 67 69 70 71 73 74 75 77 78 79 81 82 
9000 91 2 6 7 8 54 55 57 59 60 61 65 67 68 69 71 73 74 75 77 78 79 81 82 
9000 92 2 6 7 8 54 55 57 59 60 61 65 67 68 69 71 73 74 75 77 78 79 81 82 
9000 93 56 58 61 62 63 66 70 73 75 77 
9000 94 117 118 119 120 121 123 124 126 
9000 95 114 115 119 120 121 122 123 130 
9000 96 118 119 120 121 123 124 125 126 
9000 97 117 118 119 120 121 123 124 126 
9000 98 107 119 120 121 123 124 125 126 
9000 99 101 104 105 109 110 123 129 130 
9000 100 115 118 119 120 121 123 124 126 
9000 101 99 119 120 121 123 124 126 129 
9000 102 117 118 119 120 121 123 124 126 
9000 103 
9000 104 99 121 123 124 126 127 129 130 
9000 105 99 107 123 124 125 126 129 130 
9000 106 116 118 119 120 121 123 124 126 
9000 107 98 105 108 116 121 124 126 
9000 108 107 112 115 121 126 131 
9000 109 99 120 121 122 123 124 126 129 
9000 110 99 120 121 122 123 124 126 129 
9000 111 116 118 119 120 121 123 124 126 
9000 112 108 118 119 120 121 123 124 126 
9000 113 118 119 120 121 123 124 126 128 
9000 114 95 119 120 121 123 124 126 128 
9000 115 95 100 108 121 123 124 126 128 
9000 116 3 9 10 106 107 111 125 127 
9000 117 94 97 102 120 121 124 125 126 
9000 118 3 9 10 94 96 97 100 102 106 111 112 113 127 128 131 
9000 119 3 9 10 94 95 96 97 98 100 101 102 106 111 112 113 114 131 
9000 120 3 9 10 94 95 96 97 98 100 101 102 106 109 110 111 112 113 114 117 131 
9000 121 3 9 10 94 95 96 97 98 100 101 102 104 106 107 108 109 110 111 112 113 114 115 117 131 
9000 122 95 109 110 128 
9000 123 3 9 10 94 95 96 97 98 99 100 101 102 104 105 106 109 110 111 112 113 114 115 128 129 130 131 
9000 124 3 9 10 94 96 97 98 100 101 102 104 105 106 107 109 110 111 112 113 114 115 117 125 128 131 
9000 125 96 98 105 116 117 124 126 
9000 126 3 9 10 94 96 97 98 100 101 102 104 105 106 107 108 109 110 111 112 113 114 115 117 125 131 
9000 127 104 116 118 
9000 128 113 114 115 118 122 123 124 130 
9000 129 99 101 104 105 109 110 123 130 
9000 130 95 99 104 105 123 128 129 
9000 131 108 118 119 120 121 123 124 126 
10800 0 1 2 3 25 34 42 44 46 132 133 134 135 136 137 138 139 140 141 142 143 144 145 146 147 148 149 150 151 152 153 154 155 156 157 158 159 160 161 
10800 1 0 45 47 48 49 51 52 53 132 133 134 137 140 141 142 144 145 146 148 149 152 153 158 160 
10800 2 0 85 86 88 89 90 91 92 132 133 134 136 138 141 142 144 145 146 149 150 152 155 157 159 160 161 
10800 3 0 118 119 120 121 123 124 126 132 133 134 135 139 140 141 143 144 145 146 147 151 154 156 159 160 161 
10800 4 43 45 47 48 49 51 52 53 
10800 5 43 45 47 48 49 51 52 53 
10800 6 84 85 86 88 89 90 91 92 
10800 7 84 85 86 88 89 90 91 92 
10800 8 84 85 86 88 89 90 91 92 
10800 9 116 118 119 120 121 123 124 126 
10800 10 116 118 119 120 121 123 124 126 
10800 11 13 14 20 26 29 37 
10800 12 40 43 48 49 50 51 52 53 
10800 13 11 14 26 47 48 49 51 53 
10800 14 11 13 20 26 29 37 
10800 15 17 18 22 24 28 29 30 36 
10800 16 43 45 47 48 49 51 52 53 
10800 17 15 22 24 30 35 
10800 18 15 45 47 48 49 51 52 53 
10800 19 43 46 47 48 49 51 52 53 
10800 20 11 14 36 37 39 50 51 53 
10800 21 41 43 47 48 49 51 52 53 
10800 22 15 17 24 28 30 35 45 47 
10800 23 25 45 47 48 49 51 52 53 
10800 24 15 17 22 35 48 49 51 53 
10800 25 0 23 28 29 30 34 46 52 
10800 26 11 13 14 37 38 45 
10800 27 40 43 47 48 49 51 52 53 
10800 28 15 22 25 34 46 49 52 53 
10800 29 11 14 15 25 49 50 51 53 
10800 30 15 17 22 25 43 45 47 48 
10800 31 41 43 47 48 49 51 52 53 
10800 32 40 43 47 48 49 51 52 53 
10800 33 43 45 47 48 49 51 52 53 
10800 34 0 25 28 41 42 46 
10800 35 17 22 24 
10800 36 15 20 47 48 49 51 52 53 
10800 37 11 14 20 26 48 49 51 53 
10800 38 26 43 45 47 48 49 51 53 
10800 39 20 45 47 48 49 51 52 53 
10800 40 12 27 32 41 49 51 52 53 
10800 41 21 31 34 40 43 49 52 53 
10800 42 0 34 47 48 49 51 52 53 
10800 43 4 5 12 16 19 21 27 30 31 32 33 38 41 44 
10800 44 0 43 46 47 48 49 52 53 
10800 45 1 4 5 16 18 22 23 26 30 33 38 39 
10800 46 0 19 25 28 34 44 48 52 
10800 47 1 4 5 13 16 18 19 21 22 23 27 30 31 32 33 36 38 39 42 44 
10800 48 1 4 5 12 13 16 18 19 21 23 24 27 30 31 32 33 36 37 38 39 42 44 46 
10800 49 1 4 5 12 13 16 18 19 21 23 24 27 28 29 31 32 33 36 37 38 39 40 41 42 44 
10800 50 12 20 29 51 53 
10800 51 1 4 5 12 13 16 18 19 20 21 23 24 27 29 31 32 33 36 37 38 39 40 42 50 
10800 52 1 4 5 12 16 18 19 21 23 25 27 28 31 32 33 36 39 40 41 42 44 46 
10800 53 1 4 5 12 13 16 18 19 20 21 23 24 27 28 29 31 32 33 36 37 38 39 40 41 42 44 50 
10800 54 85 86 87 88 89 90 91 92 
10800 55 84 85 86 88 89 90 91 92 
10800 56 63 66 70 89 90 91 92 93 
10800 57 84 85 86 88 89 90 91 92 
10800 58 64 66 73 78 83 86 90 93 
10800 59 84 85 86 88 89 90 91 92 
10800 60 81 82 84 85 87 88 91 92 
10800 61 62 66 70 89 90 91 92 93 
10800 62 61 66 70 73 78 89 90 93 
10800 63 56 66 93 
10800 64 58 72 78 83 86 89 90 93 
10800 65 85 86 87 88 89 90 91 92 
10800 66 56 58 61 62 63 78 93 
10800 67 83 86 88 89 90 91 92 93 
10800 68 84 85 86 88 89 90 91 92 
10800 69 84 85 87 88 89 90 91 92 
10800 70 56 61 62 73 93 
10800 71 84 85 86 88 89 90 91 92 
10800 72 64 89 
10800 73 58 62 70 89 90 91 92 93 
10800 74 85 86 87 88 89 90 91 92 
10800 75 85 86 87 88 89 90 91 92 
10800 76 77 84 85 
10800 77 76 86 87 88 89 90 91 92 
10800 78 58 62 64 66 90 91 92 93 
10800 79 84 85 86 88 89 90 91 92 
10800 80 87 
10800 81 60 86 87 88 89 90 91 92 
10800 82 60 86 87 88 89 90 91 92 
10800 83 58 64 67 89 90 91 92 93 
10800 84 6 7 8 55 57 59 60 68 69 71 76 79 
10800 85 2 6 7 8 54 55 57 59 60 65 68 69 71 74 75 76 79 
10800 86 2 6 7 8 54 55 57 58 59 64 65 67 68 71 74 75 77 79 81 82 
10800 87 54 60 65 69 74 75 77 80 81 82 
10800 88 2 6 7 8 54 55 57 59 60 65 67 68 69 71 74 75 77 79 81 82 
10800 89 2 6 7 8 54 55 56 57 59 61 62 64 65 67 68 69 71 72 73 74 75 77 79 81 82 83 
10800 90 2 6 7 8 54 55 56 57 58 59 61 62 64 65 67 68 69 71 73 74 75 77 78 79 81 82 83 
10800 91 2 6 7 8 54 55 56 57 59 60 61 65 67 68 69 71 73 74 75 77 78 79 81 82 83 
10800 92 2 6 7 8 54 55 56 57 59 60 61 65 67 68 69 71 73 74 75 77 78 79 81 82 83 
10800 93 56 58 61 62 63 64 66 67 70 73 78 83 
10800 94 118 119 120 121 122 123 124 126 
10800 95 118 119 120 121 122 123 124 130 
10800 96 118 119 120 121 123 124 125 126 
10800 97 117 118 119 120 121 123 124 126 
10800 98 118 119 120 121 122 123 124 126 
10800 99 129 130 
10800 100 118 119 120 121 122 123 124 126 
10800 101 103 119 120 121 122 123 124 126 
10800 102 117 118 119 120 121 123 124 126 
10800 103 101 115 
10800 104 118 119 120 121 123 124 126 129 
10800 105 107 108 116 117 118 119 121 125 
10800 106 118 119 120 121 122 123 124 126 
10800 107 105 108 118 119 121 122 123 126 
10800 108 105 107 115 116 117 119 125 126 
10800 109 119 120 121 122 123 124 126 129 
10800 110 116 118 119 120 121 123 124 126 
10800 111 118 119 120 121 122 123 124 126 
10800 112 119 120 121 123 124 126 129 130 
10800 113 118 119 120 121 122 123 124 126 
10800 114 118 119 120 121 122 123 124 126 
10800 115 103 108 121 122 123 124 126 128 
10800 116 9 10 105 108 110 123 125 126 
10800 117 97 102 105 108 118 119 121 125 
10800 118 3 9 10 94 95 96 97 98 100 102 104 105 106 107 110 111 113 114 117 128 131 
10800 119 3 9 10 94 95 96 97 98 100 101 102 104 105 106 107 108 109 110 111 112 113 114 117 125 131 
10800 120 3 9 10 94 95 96 97 98 100 101 102 104 106 109 110 111 112 113 114 128 129 130 131 
10800 121 3 9 10 94 95 96 97 98 100 101 102 104 105 106 107 109 110 111 112 113 114 115 117 128 129 130 131 
10800 122 94 95 98 100 101 106 107 109 111 113 114 115 128 131 
10800 123 3 9 10 94 95 96 97 98 100 101 102 104 106 107 109 110 111 112 113 114 115 116 128 129 130 131 
10800 124 3 9 10 94 95 96 97 98 100 101 102 104 106 109 110 111 112 113 114 115 128 131 
10800 125 96 105 108 116 117 119 
10800 126 3 9 10 94 96 97 98 100 101 102 104 106 107 108 109 110 111 112 113 114 115 116 131 
10800 127 
10800 128 115 118 120 121 122 123 124 130 
10800 129 99 104 109 112 120 121 123 130 
10800 130 95 99 112 120 121 123 128 129 
10800 131 118 119 120 121 122 123 124 126 
10800 132 0 1 2 3 
10800 133 0 1 2 3 
10800 134 0 1 2 3 
10800 135 0 3 
10800 136 0 2 
10800 137 0 1 
10800 138 0 2 
10800 139 0 3 
10800 140 0 1 3 
10800 141 0 1 2 3 
10800 142 0 1 2 
10800 143 0 3 
10800 144 0 1 2 3 
10800 145 0 1 2 3 
10800 146 0 1 2 3 
10800 147 0 3 
10800 148 0 1 
10800 149 0 1 2 
10800 150 0 2 
10800 151 0 3 
10800 152 0 1 2 
10800 153 0 1 
10800 154 0 3 
10800 155 0 2 
10800 156 0 3 
10800 157 0 2 
10800 158 0 1 
10800 159 0 2 3 
10800 160 0 1 2 3 
10800 161 0 2 3 
12600 0 1 2 3 25 34 43 44 46 132 133 134 135 136 137 138 139 140 141 142 143 144 145 146 147 148 149 150 151 152 153 154 155 156 157 158 159 160 161 
12600 1 0 45 47 48 49 51 52 53 132 133 134 137 140 141 142 144 145 146 148 149 152 153 158 160 
12600 2 0 85 86 88 89 90 91 92 132 133 134 136 138 141 142 144 145 146 149 150 152 155 157 159 160 161 
12600 3 0 118 119 120 121 123 124 126 132 133 134 135 139 140 141 143 144 145 146 147 151 154 156 159 160 161 
12600 4 42 45 47 48 49 51 52 53 
12600 5 42 45 47 48 49 51 52 53 
12600 6 84 85 86 88 89 90 91 92 
12600 7 84 85 86 88 89 90 91 92 
12600 8 84 85 86 88 89 90 91 92 
12600 9 117 118 119 120 121 123 124 126 
12600 10 117 118 119 120 121 123 124 126 
12600 11 14 20 24 26 37 41 45 
12600 12 40 42 48 49 50 51 52 53 
12600 13 41 42 47 48 49 51 52 53 
12600 14 11 20 26 37 40 
12600 15 17 22 24 28 29 30 36 49 
12600 16 42 45 47 48 49 51 52 53 
12600 17 15 22 30 35 47 
12600 18 22 45 47 48 49 51 52 53 
12600 19 42 46 47 48 49 51 52 53 
12600 20 11 14 26 38 39 50 51 53 
12600 21 41 42 47 48 49 51 52 53 
12600 22 15 17 18 30 35 45 47 49 
12600 23 25 45 47 48 49 51 52 53 
12600 24 11 15 47 48 49 51 52 53 
12600 25 0 23 28 29 30 34 46 53 
12600 26 11 14 20 29 37 40 41 45 
12600 27 40 42 47 48 49 51 52 53 
12600 28 15 25 47 48 49 51 52 53 
12600 29 15 25 26 48 49 51 52 53 
12600 30 15 17 22 25 47 48 49 53 
12600 31 41 42 47 48 49 51 52 53 
12600 32 42 47 48 49 50 51 52 53 
12600 33 42 45 47 48 49 51 52 53 
12600 34 0 25 41 43 46 
12600 35 17 22 
12600 36 15 45 47 48 49 51 52 53 
12600 37 11 14 26 47 48 49 51 53 
12600 38 20 45 47 48 49 51 52 53 
12600 39 20 45 47 48 49 51 52 53 
12600 40 12 14 26 27 49 51 52 53 
12600 41 11 13 21 26 31 34 52 53 
12600 42 4 5 12 13 16 19 21 27 31 32 33 
12600 43 0 34 47 48 49 51 52 53 
12600 44 0 46 48 49 50 51 52 53 
12600 45 1 4 5 11 16 18 22 23 26 33 36 38 39 
12600 46 0 19 25 34 44 48 52 53 
12600 47 1 4 5 13 16 17 18 19 21 22 23 24 27 28 30 31 32 33 36 37 38 39 43 
12600 48 1 4 5 12 13 16 18 19 21 23 24 27 28 29 30 31 32 33 36 37 38 39 43 44 46 
12600 49 1 4 5 12 13 15 16 18 19 21 22 23 24 27 28 29 30 31 32 33 36 37 38 39 40 43 44 
12600 50 12 20 32 44 51 53 
12600 51 1 4 5 12 13 16 18 19 20 21 23 24 27 28 29 31 32 33 36 37 38 39 40 43 44 50 
12600 52 1 4 5 12 13 16 18 19 21 23 24 27 28 29 31 32 33 36 38 39 40 41 43 44 46 
12600 53 1 4 5 12 13 16 18 19 20 21 23 24 25 27 28 29 30 31 32 33 36 37 38 39 40 41 43 44 46 50 
12600 54 85 86 87 88 89 90 91 92 
12600 55 84 85 86 88 89 90 91 92 
12600 56 58 62 63 66 70 73 83 93 
12600 57 70 76 87 88 89 90 91 92 
12600 58 56 62 63 64 66 83 90 93 
12600 59 84 85 86 88 89 90 91 92 
12600 60 76 82 84 85 87 88 91 92 
12600 61 66 70 88 89 90 91 92 93 
12600 62 56 58 66 70 83 89 90 93 
12600 63 56 58 66 93 
12600 64 58 67 68 71 83 86 89 90 
12600 65 85 86 87 88 89 90 91 92 
12600 66 56 58 61 62 63 83 93 
12600 67 64 83 86 88 89 90 91 92 
12600 68 64 85 86 88 89 90 91 92 
12600 69 85 87 88 89 90 91 92 93 
12600 70 56 57 61 62 73 93 
12600 71 64 85 86 88 89 90 91 92 
12600 72 
12600 73 56 70 88 89 90 91 92 93 
12600 74 85 86 87 88 89 90 91 92 
12600 75 85 86 87 88 89 90 91 92 
12600 76 57 60 77 84 85 
12600 77 76 86 87 88 89 90 91 92 
12600 78 84 85 86 88 89 90 91 92 
12600 79 84 85 86 88 89 90 91 92 
12600 80 87 93 
12600 81 86 87 88 89 90 91 92 93 
12600 82 60 86 87 88 89 90 91 92 
12600 83 56 58 62 64 66 67 91 92 
12600 84 6 7 8 55 59 60 76 78 79 
12600 85 2 6 7 8 54 55 59 60 65 68 69 71 74 75 76 78 79 
12600 86 2 6 7 8 54 55 59 64 65 67 68 71 74 75 77 78 79 81 82 
12600 87 54 57 60 65 69 74 75 77 80 81 82 
12600 88 2 6 7 8 54 55 57 59 60 61 65 67 68 69 71 73 74 75 77 78 79 81 82 
12600 89 2 6 7 8 54 55 57 59 61 62 64 65 67 68 69 71 73 74 75 77 78 79 81 82 
12600 90 2 6 7 8 54 55 57 58 59 61 62 64 65 67 68 69 71 73 74 75 77 78 79 81 82 
12600 91 2 6 7 8 54 55 57 59 60 61 65 67 68 69 71 73 74 75 77 78 79 81 82 83 
12600 92 2 6 7 8 54 55 57 59 60 61 65 67 68 69 71 73 74 75 77 78 79 81 82 83 
12600 93 56 58 61 62 63 66 69 70 73 80 81 
12600 94 117 118 119 120 121 123 124 126 
12600 95 119 120 121 122 123 124 126 129 
12600 96 118 119 120 121 123 124 125 126 
12600 97 117 118 119 120 121 123 124 126 
12600 98 105 107 119 120 121 123 124 126 
12600 99 129 130 
12600 100 118 119 120 121 123 124 126 130 
12600 101 118 119 120 121 123 124 126 129 
12600 102 105 118 119 120 121 123 124 126 
12600 103 115 118 130 
12600 104 118 119 120 121 123 124 126 129 
12600 105 98 102 107 116 117 120 121 125 
12600 106 107 108 119 120 121 123 124 126 
12600 107 98 105 106 108 116 121 126 
12600 108 106 107 109 112 115 126 131 
12600 109 108 120 121 122 123 124 126 129 
12600 110 117 118 119 120 121 123 124 126 
12600 111 117 118 119 120 121 123 124 126 
12600 112 108 118 119 120 121 123 124 126 
12600 113 117 118 119 120 121 123 124 126 
12600 114 118 119 120 121 123 124 126 130 
12600 115 103 108 119 121 123 124 126 128 
12600 116 105 107 119 120 121 123 125 126 
12600 117 9 10 94 97 105 110 111 113 125 
12600 118 3 9 10 94 96 97 100 101 102 103 104 110 111 112 113 114 122 128 130 131 
12600 119 3 9 10 94 95 96 97 98 100 101 102 104 106 110 111 112 113 114 115 116 128 131 
12600 120 3 9 10 94 95 96 97 98 100 101 102 104 105 106 109 110 111 112 113 114 116 131 
12600 121 3 9 10 94 95 96 97 98 100 101 102 104 105 106 107 109 110 111 112 113 114 115 116 122 128 131 
12600 122 95 109 118 121 124 126 128 130 
12600 123 3 9 10 94 95 96 97 98 100 101 102 104 106 109 110 111 112 113 114 115 116 128 129 130 131 
12600 124 3 9 10 94 95 96 97 98 100 101 102 104 106 109 110 111 112 113 114 115 122 128 131 
12600 125 96 105 116 117 
12600 126 3 9 10 94 95 96 97 98 100 101 102 104 106 107 108 109 110 111 112 113 114 115 116 122 128 129 131 
12600 127 
12600 128 115 118 119 121 122 123 124 126 
12600 129 95 99 101 104 109 123 126 130 
12600 130 99 100 103 114 118 122 123 129 
12600 131 108 118 119 120 121 123 124 126 
12600 132 0 1 2 3 
12600 133 0 1 2 3 
12600 134 0 1 2 3 
12600 135 0 3 
12600 136 0 2 
12600 137 0 1 
12600 138 0 2 
12600 139 0 3 
12600 140 0 1 3 
12600 141 0 1 2 3 
12600 142 0 1 2 
12600 143 0 3 
12600 144 0 1 2 3 
12600 145 0 1 2 3 
12600 146 0 1 2 3 
12600 147 0 3 
12600 148 0 1 
12600 149 0 1 2 
12600 150 0 2 
12600 151 0 3 
12600 152 0 1 2 
12600 153 0 1 
12600 154 0 3 
12600 155 0 2 
12600 156 0 3 
12600 157 0 2 
12600 158 0 1 
12600 159 0 2 3 
12600 160 0 1 2 3 
12600 161 0 2 3 
14400 0 1 2 3 25 34 44 46 132 133 134 135 136 137 138 139 140 141 142 143 144 145 146 147 148 149 150 151 152 153 154 155 156 157 158 159 160 161 
14400 1 0 45 47 48 49 51 52 53 132 133 134 137 140 141 142 144 145 146 148 149 152 153 158 160 
14400 2 0 85 86 88 89 90 91 92 132 133 134 136 138 141 142 144 145 146 149 150 152 155 157 159 160 161 
14400 3 0 118 119 120 121 123 124 126 132 133 134 135 139 140 141 143 144 145 146 147 151 154 156 159 160 161 
14400 4 43 45 47 48 49 51 52 53 
14400 5 43 45 47 48 49 51 52 53 
14400 6 84 85 86 88 89 90 91 92 
14400 7 84 85 86 88 89 90 91 92 
14400 8 84 85 86 88 89 90 91 92 
14400 9 116 118 119 120 121 123 124 126 
14400 10 116 118 119 120 121 123 124 126 
14400 11 14 17 20 26 30 35 36 37 
14400 12 43 47 48 49 50 51 52 53 
14400 13 42 43 47 48 49 51 52 53 
14400 14 11 20 26 32 37 
14400 15 17 22 28 29 30 35 36 49 
14400 16 43 45 47 48 49 51 52 53 
14400 17 11 15 22 30 35 48 
14400 18 22 45 47 48 49 51 52 53 
14400 19 43 46 47 48 49 51 52 53 
14400 20 11 14 36 37 39 50 51 53 
14400 21 42 43 47 48 49 51 52 53 
14400 22 15 17 18 30 35 45 47 48 
14400 23 43 45 47 48 49 51 52 53 
14400 24 45 46 47 48 49 51 52 53 
14400 25 0 34 43 46 47 48 49 52 
14400 26 11 14 32 37 45 
14400 27 42 43 47 48 49 51 52 53 
14400 28 15 47 48 49 50 51 52 53 
14400 29 15 45 47 48 49 51 52 53 
14400 30 11 15 17 22 35 47 48 49 
14400 31 43 47 48 49 50 51 52 53 
14400 32 14 26 45 47 49 51 52 53 
14400 33 43 45 47 48 49 51 52 53 
14400 34 0 25 41 46 
14400 35 11 15 17 22 30 48 
14400 36 11 15 20 41 49 51 52 53 
14400 37 11 14 20 26 48 49 51 53 
14400 38 43 45 47 48 49 51 52 53 
14400 39 20 45 47 48 49 51 52 53 
14400 40 41 43 47 48 49 51 52 53 
14400 41 34 36 40 42 43 49 52 53 
14400 42 13 21 27 41 49 51 52 53 
14400 43 4 5 12 13 16 19 21 23 25 27 31 33 38 40 41 44 
14400 44 0 43 46 47 48 49 52 53 
14400 45 1 4 5 16 18 22 23 24 26 29 32 33 38 39 
14400 46 0 19 24 25 34 44 48 52 
14400 47 1 4 5 12 13 16 18 19 21 22 23 24 25 27 28 29 30 31 32 33 38 39 40 44 
14400 48 1 4 5 12 13 16 17 18 19 21 22 23 24 25 27 28 29 30 31 33 35 37 38 39 40 44 46 
14400 49 1 4 5 12 13 15 16 18 19 21 23 24 25 27 28 29 30 31 32 33 36 37 38 39 40 41 42 44 
14400 50 12 20 28 31 51 53 
14400 51 1 4 5 12 13 16 18 19 20 21 23 24 27 28 29 31 32 33 36 37 38 39 40 42 50 
14400 52 1 4 5 12 13 16 18 19 21 23 24 25 27 28 29 31 32 33 36 38 39 40 41 42 44 46 
14400 53 1 4 5 12 13 16 18 19 20 21 23 24 27 28 29 31 32 33 36 37 38 39 40 41 42 44 50 
14400 54 85 86 87 88 89 90 91 92 
14400 55 84 85 86 88 89 90 91 92 
14400 56 58 62 63 66 70 73 83 93 
14400 57 84 85 86 88 89 90 91 92 
14400 58 56 63 64 66 83 86 90 93 
14400 59 84 85 86 88 89 90 91 92 
14400 60 81 82 84 85 87 88 91 92 
14400 61 62 66 70 89 90 91 92 93 
14400 62 56 61 66 70 73 89 93 
14400 63 56 58 64 66 83 93 
14400 64 58 63 72 73 83 86 89 90 
14400 65 85 86 87 88 89 90 91 92 
14400 66 56 58 61 62 63 73 93 
14400 67 84 85 86 88 89 90 91 92 
14400 68 84 85 86 88 89 90 91 92 
14400 69 82 84 85 87 88 89 90 91 
14400 70 56 61 62 73 75 93 
14400 71 84 85 86 88 89 90 91 92 
14400 72 64 76 90 92 
14400 73 56 62 64 66 70 90 91 93 
14400 74 85 86 87 88 89 90 91 92 
14400 75 70 80 86 87 88 89 91 92 
14400 76 72 84 85 90 92 
14400 77 85 86 87 88 89 90 91 92 
14400 78 84 85 86 88 89 90 91 92 
14400 79 84 85 86 88 89 90 91 92 
14400 80 75 87 
14400 81 60 86 87 88 89 90 91 92 
14400 82 60 69 87 88 89 90 91 92 
14400 83 56 58 63 64 90 91 92 93 
14400 84 6 7 8 55 57 59 60 67 68 69 71 76 78 79 
14400 85 2 6 7 8 54 55 57 59 60 65 67 68 69 71 74 76 77 78 79 
14400 86 2 6 7 8 54 55 57 58 59 64 65 67 68 71 74 75 77 78 79 81 
14400 87 54 60 65 69 74 75 77 80 81 82 
14400 88 2 6 7 8 54 55 57 59 60 65 67 68 69 71 74 75 77 78 79 81 82 
14400 89 2 6 7 8 54 55 57 59 61 62 64 65 67 68 69 71 74 75 77 78 79 81 82 
14400 90 2 6 7 8 54 55 57 58 59 61 64 65 67 68 69 71 72 73 74 76 77 78 79 81 82 83 
14400 91 2 6 7 8 54 55 57 59 60 61 65 67 68 69 71 73 74 75 77 78 79 81 82 83 
14400 92 2 6 7 8 54 55 57 59 60 61 65 67 68 71 72 74 75 76 77 78 79 81 82 83 
14400 93 56 58 61 62 63 66 70 73 83 
14400 94 117 118 119 120 121 123 124 126 
14400 95 118 119 120 121 122 123 124 130 
14400 96 118 119 120 121 123 124 125 126 
14400 97 117 118 119 120 121 123 124 126 
14400 98 107 117 119 120 121 123 124 126 
14400 99 129 130 
14400 100 115 118 119 120 121 123 124 126 
14400 101 118 119 120 121 123 124 126 129 
14400 102 117 118 119 120 121 123 124 126 
14400 103 122 
14400 104 118 119 120 121 123 124 126 129 
14400 105 108 118 119 120 121 123 124 126 
14400 106 116 118 119 120 121 123 124 126 
14400 107 98 108 116 121 126 
14400 108 105 107 112 115 126 131 
14400 109 119 120 121 122 123 124 126 129 
14400 110 116 118 119 120 121 123 124 126 
14400 111 116 118 119 120 121 123 124 126 
14400 112 108 118 119 120 121 123 124 126 
14400 113 116 118 119 120 121 123 124 126 
14400 114 118 119 120 121 123 124 126 128 
14400 115 100 108 119 121 123 124 126 128 
14400 116 9 10 106 107 110 111 113 117 125 
14400 117 94 97 98 102 116 120 121 125 
14400 118 3 9 10 94 95 96 97 100 101 102 104 105 106 110 111 112 113 114 128 129 130 131 
14400 119 3 9 10 94 95 96 97 98 100 101 102 104 105 106 109 110 111 112 113 114 115 128 129 130 131 
14400 120 3 9 10 94 95 96 97 98 100 101 102 104 105 106 109 110 111 112 113 114 117 131 
14400 121 3 9 10 94 95 96 97 98 100 101 102 104 105 106 107 109 110 111 112 113 114 115 117 131 
14400 122 95 103 109 128 
14400 123 3 9 10 94 95 96 97 98 100 101 102 104 105 106 109 110 111 112 113 114 115 128 129 130 131 
14400 124 3 9 10 94 95 96 97 98 100 101 102 104 105 106 109 110 111 112 113 114 115 128 131 
14400 125 96 116 117 
14400 126 3 9 10 94 96 97 98 100 101 102 104 105 106 107 108 109 110 111 112 113 114 115 131 
14400 127 
14400 128 114 115 118 119 122 123 124 130 
14400 129 99 101 104 109 118 119 123 130 
14400 130 95 99 118 119 123 128 129 
14400 131 108 118 119 120 121 123 124 126 
14400 132 0 1 2 3 
14400 133 0 1 2 3 
14400 134 0 1 2 3 
14400 135 0 3 
14400 136 0 2 
14400 137 0 1 
14400 138 0 2 
14400 139 0 3 
14400 140 0 1 3 
14400 141 0 1 2 3 
14400 142 0 1 2 
14400 143 0 3 
14400 144 0 1 2 3 
14400 145 0 1 2 3 
14400 146 0 1 2 3 
14400 147 0 3 
14400 148 0 1 
14400 149 0 1 2 
14400 150 0 2 
14400 151 0 3 
14400 152 0 1 2 
14400 153 0 1 
14400 154 0 3 
14400 155 0 2 
14400 156 0 3 
14400 157 0 2 
14400 158 0 1 
14400 159 0 2 3 
14400 160 0 1 2 3 
14400 161 0 2 3 
16200 0 1 2 3 25 34 44 46 52 132 133 134 135 136 137 138 139 140 141 142 143 144 145 146 147 148 149 150 151 152 153 154 155 156 157 158 159 160 161 
16200 1 0 45 47 48 49 51 52 53 132 133 134 137 140 141 142 144 145 146 148 149 152 153 158 160 
16200 2 0 85 86 88 89 90 91 92 132 133 134 136 138 141 142 144 145 146 149 150 152 155 157 159 160 161 
16200 3 0 120 121 122 123 124 126 127 132 133 134 135 139 140 141 143 144 145 146 147 151 154 156 159 160 161 
16200 4 42 43 45 47 48 49 51 53 
16200 5 42 43 45 47 48 49 51 53 
16200 6 84 85 86 88 89 90 91 92 
16200 7 84 85 86 88 89 90 91 92 
16200 8 84 85 86 88 89 90 91 92 
16200 9 119 120 121 122 123 124 126 127 
16200 10 119 120 121 122 123 124 126 127 
16200 11 14 20 26 37 
16200 12 40 42 43 48 49 50 51 53 
16200 13 41 42 43 47 48 49 51 53 
16200 14 11 20 26 37 
16200 15 17 22 24 28 29 30 36 49 
16200 16 42 43 45 47 48 49 51 53 
16200 17 15 22 30 35 
16200 18 22 42 43 45 47 48 49 53 
16200 19 42 43 46 47 48 49 51 53 
16200 20 11 14 36 37 39 50 51 53 
16200 21 41 42 43 47 48 49 51 53 
16200 22 15 17 18 30 35 45 47 49 
16200 23 42 43 45 47 48 49 51 53 
16200 24 15 43 45 47 48 49 51 53 
16200 25 0 34 42 43 46 47 48 49 
16200 26 11 14 37 45 
16200 27 40 42 43 47 48 49 51 53 
16200 28 15 43 45 47 48 49 51 53 
16200 29 15 43 45 47 48 49 51 53 
16200 30 15 17 22 43 45 47 48 49 
16200 31 42 43 47 48 49 50 51 53 
16200 32 42 43 47 48 49 50 51 53 
16200 33 42 43 45 47 48 49 51 53 
16200 34 0 25 41 46 
16200 35 17 22 
16200 36 15 20 45 47 48 49 51 53 
16200 37 11 14 20 26 49 50 51 53 
16200 38 42 43 45 47 48 49 51 53 
16200 39 20 43 45 47 48 49 51 53 
16200 40 12 27 41 47 48 49 51 53 
16200 41 13 21 34 40 42 43 49 53 
16200 42 4 5 12 13 16 18 19 21 23 25 27 31 32 33 38 41 
16200 43 4 5 12 13 16 18 19 21 23 24 25 27 28 29 30 31 32 33 38 39 41 46 
16200 44 0 46 47 48 49 51 52 53 
16200 45 1 4 5 16 18 22 23 24 26 28 29 30 33 36 38 39 
16200 46 0 19 25 34 43 44 48 52 
16200 47 1 4 5 13 16 18 19 21 22 23 24 25 27 28 29 30 31 32 33 36 38 39 40 44 52 
16200 48 1 4 5 12 13 16 18 19 21 23 24 25 27 28 29 30 31 32 33 36 38 39 40 44 46 52 
16200 49 1 4 5 12 13 15 16 18 19 21 22 23 24 25 27 28 29 30 31 32 33 36 37 38 39 40 41 44 52 
16200 50 12 20 31 32 37 51 53 
16200 51 1 4 5 12 13 16 19 20 21 23 24 27 28 29 31 32 33 36 37 38 39 40 44 50 
16200 52 0 1 44 46 47 48 49 53 
16200 53 1 4 5 12 13 16 18 19 20 21 23 24 27 28 29 31 32 33 36 37 38 39 40 41 44 50 52 
16200 54 85 86 87 88 89 90 91 92 
16200 55 64 85 86 88 89 90 91 92 
16200 56 58 62 63 66 70 73 83 93 
16200 57 84 85 86 88 89 90 91 92 
16200 58 56 64 66 81 83 86 90 93 
16200 59 85 86 87 88 89 90 91 92 
16200 60 82 84 85 87 88 89 91 92 
16200 61 66 70 88 89 90 91 92 93 
16200 62 56 66 70 82 83 89 90 93 
16200 63 56 66 81 93 
16200 64 55 58 67 68 72 83 86 90 
16200 65 70 86 88 89 90 91 92 93 
16200 66 56 58 61 62 63 70 83 93 
16200 67 64 83 86 88 89 90 91 92 
16200 68 64 86 87 88 89 90 91 92 
16200 69 84 85 87 88 89 90 91 92 
16200 70 56 61 62 65 66 73 82 93 
16200 71 76 85 86 88 89 90 91 92 
16200 72 64 
16200 73 56 70 88 89 90 91 92 93 
16200 74 85 86 87 88 89 90 91 92 
16200 75 85 86 87 88 89 90 91 92 
16200 76 71 84 85 
16200 77 85 86 87 88 89 90 91 92 
16200 78 84 85 86 88 89 90 91 92 
16200 79 84 85 86 88 89 90 91 92 
16200 80 87 
16200 81 58 63 86 88 89 90 91 92 
16200 82 60 62 70 89 90 91 92 93 
16200 83 56 58 62 64 66 67 92 93 
16200 84 6 7 8 57 60 69 76 78 79 
16200 85 2 6 7 8 54 55 57 59 60 69 71 74 75 76 77 78 79 
16200 86 2 6 7 8 54 55 57 58 59 64 65 67 68 71 74 75 77 78 79 81 
16200 87 54 59 60 68 69 74 75 77 80 
16200 88 2 6 7 8 54 55 57 59 60 61 65 67 68 69 71 73 74 75 77 78 79 81 
16200 89 2 6 7 8 54 55 57 59 60 61 62 65 67 68 69 71 73 74 75 77 78 79 81 82 
16200 90 2 6 7 8 54 55 57 58 59 61 62 64 65 67 68 69 71 73 74 75 77 78 79 81 82 
16200 91 2 6 7 8 54 55 57 59 60 61 65 67 68 69 71 73 74 75 77 78 79 81 82 
16200 92 2 6 7 8 54 55 57 59 60 61 65 67 68 69 71 73 74 75 77 78 79 81 82 83 
16200 93 56 58 61 62 63 65 66 70 73 82 83 
16200 94 119 120 121 122 123 124 126 127 
16200 95 103 107 108 121 122 123 124 126 
16200 96 120 121 122 123 124 125 126 127 
16200 97 119 120 121 122 123 124 126 127 
16200 98 107 117 121 122 123 124 126 127 
16200 99 103 129 130 
16200 100 118 119 120 121 123 124 126 127 
16200 101 119 120 121 122 123 124 126 127 
16200 102 105 117 121 122 123 124 126 127 
16200 103 95 99 109 111 113 128 129 
16200 104 119 120 121 122 123 124 126 127 
16200 105 102 107 116 117 120 121 122 125 
16200 106 119 120 121 122 123 124 126 127 
16200 107 95 98 105 108 116 121 126 
16200 108 95 107 112 115 126 131 
16200 109 103 120 121 123 124 126 127 129 
16200 110 119 120 121 122 123 124 126 127 
16200 111 103 121 122 123 124 126 127 129 
16200 112 108 120 121 122 123 124 126 127 
16200 113 103 120 121 123 124 126 127 129 
16200 114 120 121 122 123 124 126 127 128 
16200 115 108 121 123 124 126 127 128 129 
16200 116 105 107 117 122 123 125 126 127 
16200 117 98 102 105 116 120 121 122 125 
16200 118 100 122 123 124 126 127 128 130 
16200 119 9 10 94 97 100 101 104 106 110 130 
16200 120 3 9 10 94 96 97 100 101 104 105 106 109 110 112 113 114 117 130 131 
16200 121 3 9 10 94 95 96 97 98 100 101 102 104 105 106 107 109 110 111 112 113 114 115 117 131 
16200 122 3 9 10 94 95 96 97 98 101 102 104 105 106 110 111 112 114 116 117 118 125 128 130 131 
16200 123 3 9 10 94 95 96 97 98 100 101 102 104 106 109 110 111 112 113 114 115 116 118 128 129 130 131 
16200 124 3 9 10 94 95 96 97 98 100 101 102 104 106 109 110 111 112 113 114 115 118 128 130 131 
16200 125 96 105 116 117 122 
16200 126 3 9 10 94 95 96 97 98 100 101 102 104 106 107 108 109 110 111 112 113 114 115 116 118 131 
16200 127 3 9 10 94 96 97 98 100 101 102 104 106 109 110 111 112 113 114 115 116 118 128 129 130 131 
16200 128 103 114 115 118 122 123 124 127 
16200 129 99 103 109 111 113 115 123 127 
16200 130 99 118 119 120 122 123 124 127 
16200 131 108 120 121 122 123 124 126 127 
16200 132 0 1 2 3 
16200 133 0 1 2 3 
16200 134 0 1 2 3 
16200 135 0 3 
16200 136 0 2 
16200 137 0 1 
16200 138 0 2 
16200 139 0 3 
16200 140 0 1 3 
16200 141 0 1 2 3 
16200 142 0 1 2 
16200 143 0 3 
16200 144 0 1 2 3 
16200 145 0 1 2 3 
16200 146 0 1 2 3 
16200 147 0 3 
16200 148 0 1 
16200 149 0 1 2 
16200 150 0 2 
16200 151 0 3 
16200 152 0 1 2 
16200 153 0 1 
16200 154 0 3 
16200 155 0 2 
16200 156 0 3 
16200 157 0 2 
16200 158 0 1 
16200 159 0 2 3 
16200 160 0 1 2 3 
16200 161 0 2 3 
18000 0 1 2 3 20 25 34 44 46 132 133 134 135 136 137 138 139 140 141 142 143 144 145 146 147 148 149 150 151 152 153 154 155 156 157 158 159 160 161 
18000 1 0 46 47 48 49 51 52 53 132 133 134 137 140 141 142 144 145 146 148 149 152 153 158 160 
18000 2 0 86 88 89 90 91 92 93 132 133 134 136 138 141 142 144 145 146 149 150 152 155 157 159 160 161 
18000 3 0 118 119 120 121 123 124 126 132 133 134 135 139 140 141 143 144 145 146 147 151 154 156 159 160 161 
18000 4 43 45 47 48 49 51 52 53 
18000 5 43 45 47 48 49 51 52 53 
18000 6 85 86 88 89 90 91 92 93 
18000 7 85 86 88 89 90 91 92 93 
18000 8 85 86 88 89 90 91 92 93 
18000 9 116 118 119 120 121 123 124 126 
18000 10 116 118 119 120 121 123 124 126 
18000 11 14 20 21 26 37 
18000 12 42 43 48 49 50 51 52 53 
18000 13 42 43 47 48 49 51 52 53 
18000 14 11 20 21 26 37 
18000 15 17 18 22 24 28 29 30 36 
18000 16 43 45 47 48 49 51 52 53 
18000 17 15 22 25 30 35 47 
18000 18 15 22 47 48 49 51 52 53 
18000 19 42 43 47 48 49 51 52 53 
18000 20 0 11 14 34 35 50 51 53 
18000 21 11 14 26 48 49 51 52 53 
18000 22 15 17 18 29 30 35 45 47 
18000 23 43 45 47 48 49 51 52 53 
18000 24 15 45 47 48 49 51 52 53 
18000 25 0 17 34 35 42 48 49 52 
18000 26 11 14 21 27 37 39 45 51 
18000 27 26 43 47 48 49 51 52 53 
18000 28 15 45 47 48 49 51 52 53 
18000 29 15 22 47 48 49 51 52 53 
18000 30 15 17 22 42 43 45 47 48 
18000 31 41 43 47 48 49 51 52 53 
18000 32 43 47 48 49 50 51 52 53 
18000 33 43 45 47 48 49 51 52 53 
18000 34 0 20 25 41 46 
18000 35 17 20 22 25 47 
18000 36 15 45 47 48 49 51 52 53 
18000 37 11 14 26 47 48 49 51 53 
18000 38 40 42 45 48 49 51 52 53 
18000 39 26 45 47 48 49 51 52 53 
18000 40 38 41 47 48 49 51 52 53 
18000 41 31 34 40 42 43 49 52 53 
18000 42 12 13 19 25 30 38 41 53 
18000 43 4 5 12 13 16 19 23 27 30 31 32 33 41 44 
18000 44 0 43 46 47 48 49 52 53 
18000 45 4 5 16 22 23 24 26 28 30 33 36 38 39 
18000 46 0 1 34 44 48 49 51 52 
18000 47 1 4 5 13 16 17 18 19 22 23 24 27 28 29 30 31 32 33 35 36 37 39 40 44 
18000 48 1 4 5 12 13 16 18 19 21 23 24 25 27 28 29 30 31 32 33 36 37 38 39 40 44 46 
18000 49 1 4 5 12 13 16 18 19 21 23 24 25 27 28 29 31 32 33 36 37 38 39 40 41 44 46 
18000 50 12 20 32 51 53 
18000 51 1 4 5 12 13 16 18 19 20 21 23 24 26 27 28 29 31 32 33 36 37 38 39 40 46 50 
18000 52 1 4 5 12 13 16 18 19 21 23 24 25 27 28 29 31 32 33 36 38 39 40 41 44 46 
18000 53 1 4 5 12 13 16 18 19 20 21 23 24 27 28 29 31 32 33 36 37 38 39 40 41 42 44 50 
18000 54 80 87 88 89 90 91 92 93 
18000 55 85 86 88 89 90 91 92 93 
18000 56 58 62 63 66 70 73 83 93 
18000 57 85 86 88 89 90 91 92 93 
18000 58 56 64 66 67 82 86 90 93 
18000 59 76 86 88 89 90 91 92 93 
18000 60 80 84 85 87 88 91 92 93 
18000 61 66 70 88 89 90 91 92 93 
18000 62 56 66 70 73 83 89 90 93 
18000 63 56 66 83 93 
18000 64 58 68 71 72 82 86 89 90 
18000 65 86 87 88 89 90 91 92 93 
18000 66 56 58 61 62 63 70 83 93 
18000 67 58 72 88 89 90 91 92 93 
18000 68 64 86 88 89 90 91 92 93 
18000 69 80 87 88 89 90 91 92 93 
18000 70 56 61 62 66 73 83 93 
18000 71 64 86 88 89 90 91 92 93 
18000 72 64 67 
18000 73 56 62 70 89 90 91 92 93 
18000 74 86 87 88 89 90 91 92 93 
18000 75 86 87 88 89 90 91 92 93 
18000 76 59 83 84 85 
18000 77 86 87 88 89 90 91 92 93 
18000 78 80 87 88 89 90 91 92 93 
18000 79 85 86 88 89 90 91 92 93 
18000 80 54 60 69 78 84 87 
18000 81 86 87 88 89 90 91 92 93 
18000 82 58 64 88 89 90 91 92 93 
18000 83 56 62 63 66 70 76 90 93 
18000 84 60 76 80 87 88 89 91 92 
18000 85 6 7 8 55 57 60 76 79 
18000 86 2 6 7 8 55 57 58 59 64 65 68 71 74 75 77 79 81 
18000 87 54 60 65 69 74 75 77 78 80 81 84 
18000 88 2 6 7 8 54 55 57 59 60 61 65 67 68 69 71 74 75 77 78 79 81 82 84 
18000 89 2 6 7 8 54 55 57 59 61 62 64 65 67 68 69 71 73 74 75 77 78 79 81 82 84 
18000 90 2 6 7 8 54 55 57 58 59 61 62 64 65 67 68 69 71 73 74 75 77 78 79 81 82 83 
18000 91 2 6 7 8 54 55 57 59 60 61 65 67 68 69 71 73 74 75 77 78 79 81 82 84 
18000 92 2 6 7 8 54 55 57 59 60 61 65 67 68 69 71 73 74 75 77 78 79 81 82 84 
18000 93 2 6 7 8 54 55 56 57 58 59 60 61 62 63 65 66 67 68 69 70 71 73 74 75 77 78 79 81 82 83 
18000 94 117 118 119 120 121 123 124 126 
18000 95 116 118 119 120 121 122 123 124 
18000 96 99 119 120 121 123 124 125 126 
18000 97 117 118 119 120 121 122 123 125 
18000 98 107 118 119 120 121 123 124 126 
18000 99 96 112 128 129 130 
18000 100 116 118 119 120 121 123 124 126 
18000 101 116 118 119 120 121 123 124 126 
18000 102 105 118 119 120 121 123 124 126 
18000 103 113 
18000 104 119 120 121 122 123 124 126 130 
18000 105 102 107 112 116 117 120 121 125 
18000 106 119 120 121 123 126 127 129 130 
18000 107 98 105 108 121 126 
18000 108 107 113 115 124 126 131 
18000 109 119 120 121 122 123 124 126 129 
18000 110 116 118 119 120 121 123 124 126 
18000 111 116 118 119 120 121 123 124 126 
18000 112 99 105 117 119 123 125 129 130 
18000 113 103 108 119 120 121 123 124 126 
18000 114 118 119 120 121 123 124 126 128 
18000 115 108 118 119 121 123 124 126 128 
18000 116 9 10 95 100 101 105 110 111 117 122 125 128 129 130 
18000 117 94 97 105 112 116 120 121 125 
18000 118 3 9 10 94 95 97 98 100 101 102 110 111 114 115 125 127 128 131 
18000 119 3 9 10 94 95 96 97 98 100 101 102 104 106 109 110 111 112 113 114 115 127 129 130 131 
18000 120 3 9 10 94 95 96 97 98 100 101 102 104 105 106 109 110 111 113 114 117 131 
18000 121 3 9 10 94 95 96 97 98 100 101 102 104 105 106 107 109 110 111 113 114 115 117 131 
18000 122 95 97 104 109 116 128 
18000 123 3 9 10 94 95 96 97 98 100 101 102 104 106 109 110 111 112 113 114 115 128 129 130 131 
18000 124 3 9 10 94 95 96 98 100 101 102 104 108 109 110 111 113 114 115 128 131 
18000 125 96 97 105 112 116 117 118 127 
18000 126 3 9 10 94 96 98 100 101 102 104 106 107 108 109 110 111 113 114 115 131 
18000 127 106 118 119 125 
18000 128 99 114 115 116 118 122 123 124 
18000 129 99 106 109 112 116 119 123 130 
18000 130 99 104 106 112 116 119 123 129 
18000 131 108 118 119 120 121 123 124 126 
18000 132 0 1 2 3 
18000 133 0 1 2 3 
18000 134 0 1 2 3 
18000 135 0 3 
18000 136 0 2 
18000 137 0 1 
18000 138 0 2 
18000 139 0 3 
18000 140 0 1 3 
18000 141 0 1 2 3 
18000 142 0 1 2 
18000 143 0 3 
18000 144 0 1 2 3 
18000 145 0 1 2 3 
18000 146 0 1 2 3 
18000 147 0 3 
18000 148 0 1 
18000 149 0 1 2 
18000 150 0 2 
18000 151 0 3 
18000 152 0 1 2 
18000 153 0 1 
18000 154 0 3 
18000 155 0 2 
18000 156 0 3 
18000 157 0 2 
18000 158 0 1 
18000 159 0 2 3 
18000 160 0 1 2 3 
18000 161 0 2 3 
