0 10800
1800 0 13 14 71 75 77 88 90 
1800 1 2 4 6 24 26 27 34 35 91 92 93 94 95 96 97 98 99 100 101 102 103 104 106 108 109 110 
1800 2 1 3 7 11 53 57 91 92 93 94 96 98 99 100 101 103 104 106 107 108 109 110 
1800 3 2 12 14 71 72 75 80 82 84 86 92 93 94 95 96 97 99 100 101 102 103 104 105 106 107 108 109 110 
1800 4 1 20 21 23 26 33 
1800 5 21 34 
1800 6 1 18 20 21 24 26 30 33 35 
1800 7 2 42 53 55 56 57 64 
1800 8 51 55 56 59 63 65 
1800 9 57 63 
1800 10 46 56 68 
1800 11 2 56 63 64 68 
1800 12 3 70 75 83 87 88 
1800 13 0 69 72 74 78 80 83 90 
1800 14 0 3 69 72 80 87 
1800 15 32 
1800 16 25 27 
1800 17 28 36 
1800 18 6 22 28 30 35 39 
1800 19 31 
1800 20 4 6 25 28 34 35 
1800 21 4 5 6 27 
1800 22 18 34 35 
1800 23 4 25 26 31 37 
1800 24 1 6 25 31 
1800 25 16 20 23 24 28 31 37 39 
1800 26 1 4 6 23 28 30 31 
1800 27 1 16 21 31 36 
1800 28 17 18 20 25 26 30 31 38 39 
1800 29 33 34 
1800 30 6 18 26 28 33 35 
1800 31 19 23 24 25 26 27 28 33 
1800 32 15 
1800 33 4 6 29 30 31 35 
1800 34 1 5 20 22 29 37 39 
1800 35 1 6 18 20 22 30 33 
1800 36 17 27 
1800 37 23 25 34 39 
1800 38 28 40 
1800 39 18 25 28 34 37 
1800 40 38 
1800 41 43 52 53 61 
1800 42 7 51 55 61 63 68 
1800 43 41 63 
1800 44 67 
1800 45 60 
1800 46 10 50 54 64 65 67 
1800 47 
1800 48 
1800 49 
1800 50 46 55 56 67 
1800 51 8 42 56 
1800 52 41 
1800 53 2 7 41 58 63 65 68 
1800 54 46 57 58 67 
1800 55 7 8 42 50 58 65 68 
1800 56 7 8 10 11 50 51 59 64 68 
1800 57 2 7 9 54 59 64 65 
1800 58 53 54 55 
1800 59 8 56 57 63 68 
1800 60 45 
1800 61 41 42 
1800 62 
1800 63 8 9 11 42 43 53 59 65 68 
1800 64 7 11 46 56 57 
1800 65 8 46 53 55 57 63 
1800 66 67 
1800 67 44 46 50 54 66 
1800 68 10 11 42 53 55 56 59 63 
1800 69 13 14 83 88 89 90 
1800 70 12 71 75 77 80 83 
1800 71 0 3 70 72 74 79 83 
1800 72 3 13 14 71 74 82 83 88 
1800 73 
1800 74 13 71 72 77 82 88 89 90 
1800 75 0 3 12 70 80 82 
1800 76 83 
1800 77 0 70 74 90 
1800 78 13 82 87 90 
1800 79 71 82 89 
1800 80 3 13 14 70 75 87 
1800 81 
1800 82 3 72 74 75 78 79 88 
1800 83 12 13 69 70 71 72 76 87 90 
1800 84 3 89 
1800 85 
1800 86 3 88 89 90 
1800 87 12 14 78 80 83 
1800 88 0 12 69 72 74 82 86 
1800 89 69 74 79 84 86 
1800 90 0 13 69 74 77 78 83 86 
1800 91 1 2 
1800 92 1 2 3 
1800 93 1 2 3 
1800 94 1 2 3 
1800 95 1 3 
1800 96 1 2 3 
1800 97 1 3 
1800 98 1 2 
1800 99 1 2 3 
1800 100 1 2 3 
1800 101 1 2 3 
1800 102 1 3 
1800 103 1 2 3 
1800 104 1 2 3 
1800 105 3 
1800 106 1 2 3 
1800 107 2 3 
1800 108 1 2 3 
1800 109 1 2 3 
1800 110 1 2 3 
