0 21600
0 0 86 87 88 89 90 91 92 93 94 95 96 97 98 99 100 101 102 103 104 105 106 107 108 109 110 111 112 113 114 115 
0 1 4 5 6 7 8 15 16 17 20 21 24 25 26 28 29 30 31 32 33 34 35 36 37 38 39 40 86 87 88 89 90 92 93 94 95 96 98 99 101 102 103 104 105 106 108 109 111 112 113 114 115 
0 2 9 10 11 12 13 41 44 45 46 48 49 51 52 53 54 55 56 57 58 60 61 86 88 89 90 91 92 93 95 96 97 98 99 100 101 102 103 104 105 106 107 108 110 111 112 113 114 115 
0 3 14 62 63 64 65 66 67 68 69 70 71 72 73 74 75 76 77 78 79 80 81 82 83 84 85 86 87 88 90 91 93 94 95 96 98 100 101 102 103 104 105 106 107 108 109 111 112 114 
0 4 1 5 6 7 8 15 16 17 20 21 24 25 26 28 29 30 31 32 33 34 35 36 37 38 39 40 
0 5 1 4 6 7 8 15 16 17 20 21 24 25 26 28 29 30 31 32 33 34 35 36 37 38 39 40 
0 6 1 4 5 7 8 15 16 17 20 21 24 25 26 28 29 30 31 32 33 34 35 36 37 38 39 40 
0 7 1 4 5 6 8 15 16 17 20 21 24 25 26 28 29 30 31 32 33 34 35 36 37 38 39 40 
0 8 1 4 5 6 7 15 16 17 20 21 24 25 26 28 29 30 31 32 33 34 35 36 37 38 39 40 
0 9 2 10 11 12 13 41 44 45 46 48 49 51 52 53 54 55 56 57 58 60 61 
0 10 2 9 11 12 13 41 44 45 46 48 49 51 52 53 54 55 56 57 58 60 61 
0 11 2 9 10 12 13 41 44 45 46 48 49 51 52 53 54 55 56 57 58 60 61 
0 12 2 9 10 11 13 41 44 45 46 48 49 51 52 53 54 55 56 57 58 60 61 
0 13 2 9 10 11 12 41 44 45 46 48 49 51 52 53 54 55 56 57 58 60 61 
0 14 3 62 63 64 65 66 67 68 69 70 71 72 73 74 75 76 77 78 79 80 81 82 83 84 85 
0 15 1 4 5 6 7 8 17 25 28 32 36 37 38 39 
0 16 1 4 5 6 7 8 17 19 20 21 24 25 26 28 29 30 31 32 33 34 35 36 37 38 39 40 
0 17 1 4 5 6 7 8 15 16 19 20 21 24 25 26 27 28 32 33 37 38 39 40 
0 18 19 22 27 
0 19 16 17 18 22 27 39 
0 20 1 4 5 6 7 8 16 17 21 24 25 26 28 29 30 31 33 34 35 36 37 38 39 40 
0 21 1 4 5 6 7 8 16 17 20 24 25 26 28 29 30 31 33 34 35 36 37 38 39 40 
0 22 18 19 27 
0 23 39 
0 24 1 4 5 6 7 8 16 17 20 21 25 26 28 29 30 31 33 34 35 36 37 38 39 40 
0 25 1 4 5 6 7 8 15 16 17 20 21 24 26 28 29 30 32 33 35 36 37 38 39 40 
0 26 1 4 5 6 7 8 16 17 20 21 24 25 28 29 30 31 33 34 35 36 37 38 39 40 
0 27 17 18 19 22 
0 28 1 4 5 6 7 8 15 16 17 20 21 24 25 26 29 30 32 33 34 35 36 37 38 39 40 
0 29 1 4 5 6 7 8 16 20 21 24 25 26 28 30 31 33 34 35 36 37 38 39 40 
0 30 1 4 5 6 7 8 16 20 21 24 25 26 28 29 31 33 34 35 36 37 38 39 40 
0 31 1 4 5 6 7 8 16 20 21 24 26 29 30 33 34 35 38 39 40 
0 32 1 4 5 6 7 8 15 16 17 25 28 35 36 37 38 39 
0 33 1 4 5 6 7 8 16 17 20 21 24 25 26 28 29 30 31 34 35 36 37 38 39 40 
0 34 1 4 5 6 7 8 16 20 21 24 26 28 29 30 31 33 35 36 37 38 39 40 
0 35 1 4 5 6 7 8 16 20 21 24 25 26 28 29 30 31 32 33 34 36 37 38 39 40 
0 36 1 4 5 6 7 8 15 16 20 21 24 25 26 28 29 30 32 33 34 35 37 38 39 40 
0 37 1 4 5 6 7 8 15 16 17 20 21 24 25 26 28 29 30 32 33 34 35 36 38 39 40 
0 38 1 4 5 6 7 8 15 16 17 20 21 24 25 26 28 29 30 31 32 33 34 35 36 37 39 40 
0 39 1 4 5 6 7 8 15 16 17 19 20 21 23 24 25 26 28 29 30 31 32 33 34 35 36 37 38 40 
0 40 1 4 5 6 7 8 16 17 20 21 24 25 26 28 29 30 31 33 34 35 36 37 38 39 
0 41 2 9 10 11 12 13 43 44 46 48 49 51 52 54 55 56 57 59 60 61 
0 42 45 49 53 58 
0 43 41 55 56 61 
0 44 2 9 10 11 12 13 41 45 46 48 49 51 52 53 54 55 56 57 58 60 61 
0 45 2 9 10 11 12 13 42 44 46 47 48 49 50 51 52 53 54 55 56 57 58 60 61 
0 46 2 9 10 11 12 13 41 44 45 48 49 51 52 53 54 55 56 57 58 60 61 
0 47 45 48 50 53 58 
0 48 2 9 10 11 12 13 41 44 45 46 47 49 51 52 53 54 55 56 57 58 60 61 
0 49 2 9 10 11 12 13 41 42 44 45 46 48 51 52 53 54 55 56 57 58 60 61 
0 50 45 47 
0 51 2 9 10 11 12 13 41 44 45 46 48 49 52 53 54 55 56 57 58 60 61 
0 52 2 9 10 11 12 13 41 44 45 46 48 49 51 53 54 55 56 57 58 60 61 
0 53 2 9 10 11 12 13 42 44 45 46 47 48 49 51 52 54 56 57 58 60 
0 54 2 9 10 11 12 13 41 44 45 46 48 49 51 52 53 55 56 57 58 60 61 
0 55 2 9 10 11 12 13 41 43 44 45 46 48 49 51 52 54 56 57 58 60 61 
0 56 2 9 10 11 12 13 41 43 44 45 46 48 49 51 52 53 54 55 57 58 60 61 
0 57 2 9 10 11 12 13 41 44 45 46 48 49 51 52 53 54 55 56 58 60 61 
0 58 2 9 10 11 12 13 42 44 45 46 47 48 49 51 52 53 54 55 56 57 60 61 
0 59 41 
0 60 2 9 10 11 12 13 41 44 45 46 48 49 51 52 53 54 55 56 57 58 61 
0 61 2 9 10 11 12 13 41 43 44 45 46 48 49 51 52 54 55 56 57 58 60 
0 62 3 14 63 64 65 66 67 68 70 71 73 75 76 77 78 82 83 
0 63 3 14 62 64 65 66 67 68 69 70 71 72 73 74 75 76 77 78 79 80 81 82 83 84 85 
0 64 3 14 62 63 65 66 67 68 69 70 71 72 73 74 75 76 77 78 79 80 81 82 83 84 85 
0 65 3 14 62 63 64 66 67 68 69 70 71 72 73 74 75 76 77 78 79 80 81 82 83 84 85 
0 66 3 14 62 63 64 65 67 68 69 70 71 72 73 74 75 76 77 78 79 80 81 82 83 84 85 
0 67 3 14 62 63 64 65 66 68 69 70 71 72 73 74 75 76 77 78 79 80 81 82 83 84 85 
0 68 3 14 62 63 64 65 66 67 69 70 71 72 74 75 76 77 78 79 80 81 82 83 84 
0 69 3 14 63 64 65 66 67 68 71 72 74 76 78 79 80 81 82 83 84 85 
0 70 3 14 62 63 64 65 66 67 68 71 72 75 77 78 79 80 81 82 83 
0 71 3 14 62 63 64 65 66 67 68 69 70 72 73 74 75 76 77 78 79 80 81 82 83 84 85 
0 72 3 14 63 64 65 66 67 68 69 70 71 74 75 76 78 79 80 81 82 83 84 85 
0 73 3 14 62 63 64 65 66 67 71 76 77 78 79 82 83 
0 74 3 14 63 64 65 66 67 68 69 71 72 75 76 78 79 80 81 82 83 84 85 
0 75 3 14 62 63 64 65 66 67 68 70 71 72 74 77 78 80 81 82 83 
0 76 3 14 62 63 64 65 66 67 68 69 71 72 73 74 77 78 79 80 81 82 83 85 
0 77 3 14 62 63 64 65 66 67 68 70 71 73 75 76 78 82 83 
0 78 3 14 62 63 64 65 66 67 68 69 70 71 72 73 74 75 76 77 79 80 81 82 83 84 85 
0 79 3 14 63 64 65 66 67 68 69 70 71 72 73 74 76 78 80 81 82 83 84 85 
0 80 3 14 63 64 65 66 67 68 69 70 71 72 74 75 76 78 79 81 82 83 84 85 
0 81 3 14 63 64 65 66 67 68 69 70 71 72 74 75 76 78 79 80 82 83 84 85 
0 82 3 14 62 63 64 65 66 67 68 69 70 71 72 73 74 75 76 77 78 79 80 81 83 85 
0 83 3 14 62 63 64 65 66 67 68 69 70 71 72 73 74 75 76 77 78 79 80 81 82 84 85 
0 84 3 14 63 64 65 66 67 68 69 71 72 74 78 79 80 81 83 85 
0 85 3 14 63 64 65 66 67 69 71 72 74 76 78 79 80 81 82 83 84 
0 86 0 1 2 3 
0 87 0 1 3 
0 88 0 1 2 3 
0 89 0 1 2 
0 90 0 1 2 3 
0 91 0 2 3 
0 92 0 1 2 
0 93 0 1 2 3 
0 94 0 1 3 
0 95 0 1 2 3 
0 96 0 1 2 3 
0 97 0 2 
0 98 0 1 2 3 
0 99 0 1 2 
0 100 0 2 3 
0 101 0 1 2 3 
0 102 0 1 2 3 
0 103 0 1 2 3 
0 104 0 1 2 3 
0 105 0 1 2 3 
0 106 0 1 2 3 
0 107 0 2 3 
0 108 0 1 2 3 
0 109 0 1 3 
0 110 0 2 
0 111 0 1 2 3 
0 112 0 1 2 3 
0 113 0 1 2 
0 114 0 1 2 3 
0 115 0 1 2 
1800 0 86 87 88 89 90 91 92 93 94 95 96 97 98 99 100 101 102 103 104 105 106 107 108 109 110 111 112 113 114 115 
1800 1 4 5 6 7 8 15 16 17 20 21 24 25 26 28 29 30 31 32 33 34 35 36 37 38 39 40 86 87 88 89 90 92 93 94 95 96 98 99 101 102 103 104 105 106 108 109 111 112 113 114 115 
1800 2 9 10 11 12 13 41 44 45 46 48 49 51 52 53 54 55 56 57 58 60 61 86 88 89 90 91 92 93 95 96 97 98 99 100 101 102 103 104 105 106 107 108 110 111 112 113 114 115 
1800 3 14 62 63 64 65 66 67 68 69 70 71 72 73 74 75 76 77 78 79 80 81 82 83 84 85 86 87 88 90 91 93 94 95 96 98 100 101 102 103 104 105 106 107 108 109 111 112 114 
1800 4 1 5 6 7 8 15 16 17 20 21 24 25 26 28 29 30 31 32 33 34 35 36 37 38 39 40 
1800 5 1 4 6 7 8 15 16 17 20 21 24 25 26 28 29 30 31 32 33 34 35 36 37 38 39 40 
1800 6 1 4 5 7 8 15 16 17 20 21 24 25 26 28 29 30 31 32 33 34 35 36 37 38 39 40 
1800 7 1 4 5 6 8 15 16 17 20 21 24 25 26 28 29 30 31 32 33 34 35 36 37 38 39 40 
1800 8 1 4 5 6 7 15 16 17 20 21 24 25 26 28 29 30 31 32 33 34 35 36 37 38 39 40 
1800 9 2 10 11 12 13 41 44 45 46 48 49 51 52 53 54 55 56 57 58 60 61 
1800 10 2 9 11 12 13 41 44 45 46 48 49 51 52 53 54 55 56 57 58 60 61 
1800 11 2 9 10 12 13 41 44 45 46 48 49 51 52 53 54 55 56 57 58 60 61 
1800 12 2 9 10 11 13 41 44 45 46 48 49 51 52 53 54 55 56 57 58 60 61 
1800 13 2 9 10 11 12 41 44 45 46 48 49 51 52 53 54 55 56 57 58 60 61 
1800 14 3 62 63 64 65 66 67 68 69 70 71 72 73 74 75 76 77 78 79 80 81 82 83 84 85 
1800 15 1 4 5 6 7 8 17 25 28 32 36 37 38 
1800 16 1 4 5 6 7 8 17 19 20 21 24 25 26 28 29 30 31 32 33 34 35 36 37 38 39 40 
1800 17 1 4 5 6 7 8 15 16 19 20 21 24 25 26 27 28 32 33 37 38 40 
1800 18 19 22 26 27 
1800 19 16 17 18 22 26 27 
1800 20 1 4 5 6 7 8 16 17 21 24 25 26 28 29 30 31 33 34 35 36 37 38 39 40 
1800 21 1 4 5 6 7 8 16 17 20 24 25 26 28 29 30 31 33 34 35 36 37 38 39 40 
1800 22 18 19 26 27 
1800 23 39 
1800 24 1 4 5 6 7 8 16 17 20 21 25 26 28 29 30 31 33 34 35 36 37 38 39 40 
1800 25 1 4 5 6 7 8 15 16 17 20 21 24 26 28 29 30 32 33 35 36 37 38 39 40 
1800 26 1 4 5 6 7 8 16 17 18 19 20 21 22 24 25 27 28 29 30 31 33 34 35 36 37 38 39 40 
1800 27 17 18 19 22 26 
1800 28 1 4 5 6 7 8 15 16 17 20 21 24 25 26 29 30 32 33 34 35 36 37 38 39 40 
1800 29 1 4 5 6 7 8 16 20 21 24 25 26 28 30 31 33 34 35 36 37 38 39 40 
1800 30 1 4 5 6 7 8 16 20 21 24 25 26 28 29 31 33 34 35 36 37 38 39 40 
1800 31 1 4 5 6 7 8 16 20 21 24 26 29 30 33 34 35 38 39 40 
1800 32 1 4 5 6 7 8 15 16 17 25 28 35 36 37 38 
1800 33 1 4 5 6 7 8 16 17 20 21 24 25 26 28 29 30 31 34 35 36 37 38 39 40 
1800 34 1 4 5 6 7 8 16 20 21 24 26 28 29 30 31 33 35 36 37 38 39 40 
1800 35 1 4 5 6 7 8 16 20 21 24 25 26 28 29 30 31 32 33 34 36 37 38 39 40 
1800 36 1 4 5 6 7 8 15 16 20 21 24 25 26 28 29 30 32 33 34 35 37 38 39 40 
1800 37 1 4 5 6 7 8 15 16 17 20 21 24 25 26 28 29 30 32 33 34 35 36 38 39 40 
1800 38 1 4 5 6 7 8 15 16 17 20 21 24 25 26 28 29 30 31 32 33 34 35 36 37 39 40 
1800 39 1 4 5 6 7 8 16 20 21 23 24 25 26 28 29 30 31 33 34 35 36 37 38 40 
1800 40 1 4 5 6 7 8 16 17 20 21 24 25 26 28 29 30 31 33 34 35 36 37 38 39 
1800 41 2 9 10 11 12 13 43 44 46 48 51 52 54 55 56 57 59 60 61 
1800 42 45 47 49 50 53 58 
1800 43 41 55 56 61 
1800 44 2 9 10 11 12 13 41 45 46 48 49 51 52 53 54 55 56 57 58 60 61 
1800 45 2 9 10 11 12 13 42 44 46 47 48 49 50 51 52 53 54 55 56 57 58 60 61 
1800 46 2 9 10 11 12 13 41 44 45 48 49 51 52 53 54 55 56 57 58 60 61 
1800 47 42 45 48 50 53 58 
1800 48 2 9 10 11 12 13 41 44 45 46 47 49 51 52 53 54 55 56 57 58 60 61 
1800 49 2 9 10 11 12 13 42 44 45 46 48 51 52 53 54 55 56 57 58 60 61 
1800 50 42 45 47 
1800 51 2 9 10 11 12 13 41 44 45 46 48 49 52 53 54 55 56 57 58 60 61 
1800 52 2 9 10 11 12 13 41 44 45 46 48 49 51 53 54 55 56 57 58 60 61 
1800 53 2 9 10 11 12 13 42 44 45 46 47 48 49 51 52 54 56 57 58 60 
1800 54 2 9 10 11 12 13 41 44 45 46 48 49 51 52 53 55 56 57 58 60 61 
1800 55 2 9 10 11 12 13 41 43 44 45 46 48 49 51 52 54 56 57 58 60 61 
1800 56 2 9 10 11 12 13 41 43 44 45 46 48 49 51 52 53 54 55 57 58 60 61 
1800 57 2 9 10 11 12 13 41 44 45 46 48 49 51 52 53 54 55 56 58 60 61 
1800 58 2 9 10 11 12 13 42 44 45 46 47 48 49 51 52 53 54 55 56 57 60 61 
1800 59 41 
1800 60 2 9 10 11 12 13 41 44 45 46 48 49 51 52 53 54 55 56 57 58 61 
1800 61 2 9 10 11 12 13 41 43 44 45 46 48 49 51 52 54 55 56 57 58 60 
1800 62 3 14 63 64 66 67 68 70 71 73 75 76 77 78 83 
1800 63 3 14 62 64 65 66 67 68 69 70 71 72 73 74 75 76 77 78 79 80 81 82 83 84 85 
1800 64 3 14 62 63 65 66 67 68 69 70 71 72 73 74 75 76 77 78 79 80 81 82 83 84 85 
1800 65 3 14 63 64 66 67 68 69 70 71 72 73 74 75 76 78 79 80 81 82 83 84 85 
1800 66 3 14 62 63 64 65 67 68 69 70 71 72 73 74 75 76 77 78 79 80 81 82 83 84 85 
1800 67 3 14 62 63 64 65 66 68 69 70 71 72 73 74 75 76 77 78 79 80 81 82 83 84 85 
1800 68 3 14 62 63 64 65 66 67 69 70 71 72 74 75 76 77 78 79 80 81 82 83 84 
1800 69 3 14 63 64 65 66 67 68 71 72 74 75 76 78 79 80 81 82 83 84 85 
1800 70 3 14 62 63 64 65 66 67 68 71 72 75 77 78 79 80 81 82 83 
1800 71 3 14 62 63 64 65 66 67 68 69 70 72 73 74 75 76 77 78 79 80 81 82 83 84 85 
1800 72 3 14 63 64 65 66 67 68 69 70 71 74 75 76 78 79 80 81 82 83 84 85 
1800 73 3 14 62 63 64 65 66 67 71 76 77 78 79 82 83 
1800 74 3 14 63 64 65 66 67 68 69 71 72 75 78 79 80 81 82 83 84 85 
1800 75 3 14 62 63 64 65 66 67 68 69 70 71 72 74 76 77 78 79 80 81 82 83 84 85 
1800 76 3 14 62 63 64 65 66 67 68 69 71 72 73 75 77 78 79 80 81 82 83 85 
1800 77 3 14 62 63 64 66 67 68 70 71 73 75 76 78 82 83 
1800 78 3 14 62 63 64 65 66 67 68 69 70 71 72 73 74 75 76 77 79 80 81 82 83 84 85 
1800 79 3 14 63 64 65 66 67 68 69 70 71 72 73 74 75 76 78 80 81 82 83 84 85 
1800 80 3 14 63 64 65 66 67 68 69 70 71 72 74 75 76 78 79 81 82 83 84 85 
1800 81 3 14 63 64 65 66 67 68 69 70 71 72 74 75 76 78 79 80 82 83 84 85 
1800 82 3 14 63 64 65 66 67 68 69 70 71 72 73 74 75 76 77 78 79 80 81 83 85 
1800 83 3 14 62 63 64 65 66 67 68 69 70 71 72 73 74 75 76 77 78 79 80 81 82 84 85 
1800 84 3 14 63 64 65 66 67 68 69 71 72 74 75 78 79 80 81 83 85 
1800 85 3 14 63 64 65 66 67 69 71 72 74 75 76 78 79 80 81 82 83 84 
1800 86 0 1 2 3 
1800 87 0 1 3 
1800 88 0 1 2 3 
1800 89 0 1 2 
1800 90 0 1 2 3 
1800 91 0 2 3 
1800 92 0 1 2 
1800 93 0 1 2 3 
1800 94 0 1 3 
1800 95 0 1 2 3 
1800 96 0 1 2 3 
1800 97 0 2 
1800 98 0 1 2 3 
1800 99 0 1 2 
1800 100 0 2 3 
1800 101 0 1 2 3 
1800 102 0 1 2 3 
1800 103 0 1 2 3 
1800 104 0 1 2 3 
1800 105 0 1 2 3 
1800 106 0 1 2 3 
1800 107 0 2 3 
1800 108 0 1 2 3 
1800 109 0 1 3 
1800 110 0 2 
1800 111 0 1 2 3 
1800 112 0 1 2 3 
1800 113 0 1 2 
1800 114 0 1 2 3 
1800 115 0 1 2 
3600 0 86 87 88 89 90 91 92 93 94 95 96 97 98 99 100 101 102 103 104 105 106 107 108 109 110 111 112 113 114 115 
3600 1 4 5 6 7 8 15 16 17 20 21 24 25 26 28 29 30 31 32 33 34 35 36 37 38 39 40 86 87 88 89 90 92 93 94 95 96 98 99 101 102 103 104 105 106 108 109 111 112 113 114 115 
3600 2 9 10 11 12 13 41 44 45 46 48 49 51 52 53 54 55 56 57 58 60 61 86 88 89 90 91 92 93 95 96 97 98 99 100 101 102 103 104 105 106 107 108 110 111 112 113 114 115 
3600 3 14 62 63 64 65 66 67 68 69 70 71 72 73 74 75 76 77 78 79 80 81 82 83 84 85 86 87 88 90 91 93 94 95 96 98 100 101 102 103 104 105 106 107 108 109 111 112 114 
3600 4 1 5 6 7 8 15 16 17 20 21 24 25 26 28 29 30 31 32 33 34 35 36 37 38 39 40 
3600 5 1 4 6 7 8 15 16 17 20 21 24 25 26 28 29 30 31 32 33 34 35 36 37 38 39 40 
3600 6 1 4 5 7 8 15 16 17 20 21 24 25 26 28 29 30 31 32 33 34 35 36 37 38 39 40 
3600 7 1 4 5 6 8 15 16 17 20 21 24 25 26 28 29 30 31 32 33 34 35 36 37 38 39 40 
3600 8 1 4 5 6 7 15 16 17 20 21 24 25 26 28 29 30 31 32 33 34 35 36 37 38 39 40 
3600 9 2 10 11 12 13 41 44 45 46 48 49 51 52 53 54 55 56 57 58 60 61 
3600 10 2 9 11 12 13 41 44 45 46 48 49 51 52 53 54 55 56 57 58 60 61 
3600 11 2 9 10 12 13 41 44 45 46 48 49 51 52 53 54 55 56 57 58 60 61 
3600 12 2 9 10 11 13 41 44 45 46 48 49 51 52 53 54 55 56 57 58 60 61 
3600 13 2 9 10 11 12 41 44 45 46 48 49 51 52 53 54 55 56 57 58 60 61 
3600 14 3 62 63 64 65 66 67 68 69 70 71 72 73 74 75 76 77 78 79 80 81 82 83 84 85 
3600 15 1 4 5 6 7 8 17 25 28 32 36 37 38 
3600 16 1 4 5 6 7 8 17 19 20 21 24 25 26 28 29 30 31 32 33 34 35 36 37 38 39 40 
3600 17 1 4 5 6 7 8 15 16 19 20 21 24 25 26 27 28 32 33 37 38 40 
3600 18 19 20 22 27 
3600 19 16 17 18 20 22 27 
3600 20 1 4 5 6 7 8 16 17 18 19 21 22 24 25 26 27 28 29 30 31 33 34 35 36 37 38 39 40 
3600 21 1 4 5 6 7 8 16 17 20 24 25 26 28 29 30 31 33 34 35 36 37 38 39 40 
3600 22 18 19 20 27 
3600 23 31 39 
3600 24 1 4 5 6 7 8 16 17 20 21 25 26 28 29 30 31 33 34 35 36 37 38 39 40 
3600 25 1 4 5 6 7 8 15 16 17 20 21 24 26 28 29 30 32 33 35 36 37 38 40 
3600 26 1 4 5 6 7 8 16 17 20 21 24 25 28 29 30 31 33 34 35 36 37 38 39 40 
3600 27 17 18 19 20 22 
3600 28 1 4 5 6 7 8 15 16 17 20 21 24 25 26 29 30 32 33 34 35 36 37 38 40 
3600 29 1 4 5 6 7 8 16 20 21 24 25 26 28 30 31 33 34 35 36 37 38 39 40 
3600 30 1 4 5 6 7 8 16 20 21 24 25 26 28 29 31 33 34 35 36 37 38 39 40 
3600 31 1 4 5 6 7 8 16 20 21 23 24 26 29 30 33 34 35 38 39 40 
3600 32 1 4 5 6 7 8 15 16 17 25 28 35 36 37 38 
3600 33 1 4 5 6 7 8 16 17 20 21 24 25 26 28 29 30 31 34 35 36 37 38 39 40 
3600 34 1 4 5 6 7 8 16 20 21 24 26 28 29 30 31 33 35 36 37 38 39 40 
3600 35 1 4 5 6 7 8 16 20 21 24 25 26 28 29 30 31 32 33 34 36 37 38 39 40 
3600 36 1 4 5 6 7 8 15 16 20 21 24 25 26 28 29 30 32 33 34 35 37 38 39 40 
3600 37 1 4 5 6 7 8 15 16 17 20 21 24 25 26 28 29 30 32 33 34 35 36 38 39 40 
3600 38 1 4 5 6 7 8 15 16 17 20 21 24 25 26 28 29 30 31 32 33 34 35 36 37 39 40 
3600 39 1 4 5 6 7 8 16 20 21 23 24 26 29 30 31 33 34 35 36 37 38 40 
3600 40 1 4 5 6 7 8 16 17 20 21 24 25 26 28 29 30 31 33 34 35 36 37 38 39 
3600 41 2 9 10 11 12 13 43 44 46 48 51 52 54 55 56 57 59 60 61 
3600 42 45 49 53 54 58 
3600 43 41 55 56 61 
3600 44 2 9 10 11 12 13 41 45 46 48 49 51 52 53 54 55 56 57 58 60 61 
3600 45 2 9 10 11 12 13 42 44 46 47 48 49 50 51 52 53 54 55 56 57 58 60 61 
3600 46 2 9 10 11 12 13 41 44 45 48 49 51 52 53 54 55 56 57 58 60 61 
3600 47 45 48 50 53 54 58 
3600 48 2 9 10 11 12 13 41 44 45 46 47 49 51 52 53 54 55 56 57 58 60 61 
3600 49 2 9 10 11 12 13 42 44 45 46 48 51 52 53 54 55 56 57 58 60 61 
3600 50 45 47 
3600 51 2 9 10 11 12 13 41 44 45 46 48 49 52 53 54 55 56 57 58 60 61 
3600 52 2 9 10 11 12 13 41 44 45 46 48 49 51 53 54 55 56 57 58 60 61 
3600 53 2 9 10 11 12 13 42 44 45 46 47 48 49 51 52 54 56 57 58 60 61 
3600 54 2 9 10 11 12 13 41 42 44 45 46 47 48 49 51 52 53 55 56 57 58 60 61 
3600 55 2 9 10 11 12 13 41 43 44 45 46 48 49 51 52 54 56 57 58 60 61 
3600 56 2 9 10 11 12 13 41 43 44 45 46 48 49 51 52 53 54 55 57 58 60 61 
3600 57 2 9 10 11 12 13 41 44 45 46 48 49 51 52 53 54 55 56 58 60 61 
3600 58 2 9 10 11 12 13 42 44 45 46 47 48 49 51 52 53 54 55 56 57 60 61 
3600 59 41 
3600 60 2 9 10 11 12 13 41 44 45 46 48 49 51 52 53 54 55 56 57 58 61 
3600 61 2 9 10 11 12 13 41 43 44 45 46 48 49 51 52 53 54 55 56 57 58 60 
3600 62 3 14 63 64 66 67 68 70 71 73 75 76 77 78 83 
3600 63 3 14 62 64 65 66 67 68 69 70 71 72 73 74 75 76 77 78 79 80 81 82 83 84 85 
3600 64 3 14 62 63 65 66 67 68 69 70 71 72 73 74 75 76 77 78 79 80 81 82 83 84 85 
3600 65 3 14 63 64 66 67 68 69 70 71 72 73 74 75 76 78 79 80 81 82 83 84 85 
3600 66 3 14 62 63 64 65 67 68 69 71 72 73 74 75 76 77 78 79 80 81 82 83 84 85 
3600 67 3 14 62 63 64 65 66 68 69 70 71 72 73 74 75 76 77 78 79 80 81 82 83 84 85 
3600 68 3 14 62 63 64 65 66 67 69 71 72 74 75 76 77 78 79 80 81 82 83 
3600 69 3 14 63 64 65 66 67 68 70 71 72 74 76 78 79 80 81 82 83 84 85 
3600 70 3 14 62 63 64 65 67 69 75 76 77 78 79 81 82 83 84 85 
3600 71 3 14 62 63 64 65 66 67 68 69 72 73 74 75 76 77 78 79 80 81 82 83 84 85 
3600 72 3 14 63 64 65 66 67 68 69 71 74 75 76 78 79 80 81 82 83 84 85 
3600 73 3 14 62 63 64 65 66 67 71 76 77 78 79 82 83 84 
3600 74 3 14 63 64 65 66 67 68 69 71 72 75 78 79 80 81 82 83 84 85 
3600 75 3 14 62 63 64 65 66 67 68 70 71 72 74 77 78 80 81 83 
3600 76 3 14 62 63 64 65 66 67 68 69 70 71 72 73 77 78 79 80 81 82 83 84 85 
3600 77 3 14 62 63 64 66 67 68 70 71 73 75 76 78 82 83 
3600 78 3 14 62 63 64 65 66 67 68 69 70 71 72 73 74 75 76 77 79 80 81 82 83 84 85 
3600 79 3 14 63 64 65 66 67 68 69 70 71 72 73 74 76 78 80 81 82 83 84 85 
3600 80 3 14 63 64 65 66 67 68 69 71 72 74 75 76 78 79 81 82 83 84 85 
3600 81 3 14 63 64 65 66 67 68 69 70 71 72 74 75 76 78 79 80 82 83 84 85 
3600 82 3 14 63 64 65 66 67 68 69 70 71 72 73 74 76 77 78 79 80 81 83 84 85 
3600 83 3 14 62 63 64 65 66 67 68 69 70 71 72 73 74 75 76 77 78 79 80 81 82 84 85 
3600 84 3 14 63 64 65 66 67 69 70 71 72 73 74 76 78 79 80 81 82 83 85 
3600 85 3 14 63 64 65 66 67 69 70 71 72 74 76 78 79 80 81 82 83 84 
3600 86 0 1 2 3 
3600 87 0 1 3 
3600 88 0 1 2 3 
3600 89 0 1 2 
3600 90 0 1 2 3 
3600 91 0 2 3 
3600 92 0 1 2 
3600 93 0 1 2 3 
3600 94 0 1 3 
3600 95 0 1 2 3 
3600 96 0 1 2 3 
3600 97 0 2 
3600 98 0 1 2 3 
3600 99 0 1 2 
3600 100 0 2 3 
3600 101 0 1 2 3 
3600 102 0 1 2 3 
3600 103 0 1 2 3 
3600 104 0 1 2 3 
3600 105 0 1 2 3 
3600 106 0 1 2 3 
3600 107 0 2 3 
3600 108 0 1 2 3 
3600 109 0 1 3 
3600 110 0 2 
3600 111 0 1 2 3 
3600 112 0 1 2 3 
3600 113 0 1 2 
3600 114 0 1 2 3 
3600 115 0 1 2 
5400 0 86 87 88 89 90 91 92 93 94 95 96 97 98 99 100 101 102 103 104 105 106 107 108 109 110 111 112 113 114 115 
5400 1 4 5 6 7 8 15 16 17 20 21 24 25 26 28 29 30 31 32 33 34 35 36 37 38 39 40 86 87 88 89 90 92 93 94 95 96 98 99 101 102 103 104 105 106 108 109 111 112 113 114 115 
5400 2 9 10 11 12 13 41 44 45 46 48 49 51 52 53 54 55 56 57 58 60 61 86 88 89 90 91 92 93 95 96 97 98 99 100 101 102 103 104 105 106 107 108 110 111 112 113 114 115 
5400 3 14 62 63 64 65 66 67 68 69 70 71 72 73 74 75 76 77 78 79 80 81 82 83 84 85 86 87 88 90 91 93 94 95 96 98 100 101 102 103 104 105 106 107 108 109 111 112 114 
5400 4 1 5 6 7 8 15 16 17 20 21 24 25 26 28 29 30 31 32 33 34 35 36 37 38 39 40 
5400 5 1 4 6 7 8 15 16 17 20 21 24 25 26 28 29 30 31 32 33 34 35 36 37 38 39 40 
5400 6 1 4 5 7 8 15 16 17 20 21 24 25 26 28 29 30 31 32 33 34 35 36 37 38 39 40 
5400 7 1 4 5 6 8 15 16 17 20 21 24 25 26 28 29 30 31 32 33 34 35 36 37 38 39 40 
5400 8 1 4 5 6 7 15 16 17 20 21 24 25 26 28 29 30 31 32 33 34 35 36 37 38 39 40 
5400 9 2 10 11 12 13 41 44 45 46 48 49 51 52 53 54 55 56 57 58 60 61 
5400 10 2 9 11 12 13 41 44 45 46 48 49 51 52 53 54 55 56 57 58 60 61 
5400 11 2 9 10 12 13 41 44 45 46 48 49 51 52 53 54 55 56 57 58 60 61 
5400 12 2 9 10 11 13 41 44 45 46 48 49 51 52 53 54 55 56 57 58 60 61 
5400 13 2 9 10 11 12 41 44 45 46 48 49 51 52 53 54 55 56 57 58 60 61 
5400 14 3 62 63 64 65 66 67 68 69 70 71 72 73 74 75 76 77 78 79 80 81 82 83 84 85 
5400 15 1 4 5 6 7 8 17 25 27 28 32 36 37 38 
5400 16 1 4 5 6 7 8 17 19 20 21 24 25 26 28 29 30 31 32 33 34 35 36 37 38 39 40 
5400 17 1 4 5 6 7 8 15 16 19 20 21 24 25 26 27 28 32 33 37 38 40 
5400 18 19 22 27 
5400 19 16 17 18 22 27 
5400 20 1 4 5 6 7 8 16 17 21 24 25 26 28 29 30 31 33 34 35 36 37 38 39 40 
5400 21 1 4 5 6 7 8 16 17 20 24 25 26 28 29 30 31 33 34 35 36 37 38 39 40 
5400 22 18 19 27 
5400 23 39 
5400 24 1 4 5 6 7 8 16 17 20 21 25 26 28 29 30 31 33 34 35 36 37 38 39 40 
5400 25 1 4 5 6 7 8 15 16 17 20 21 24 26 27 28 29 30 32 33 35 36 37 38 40 
5400 26 1 4 5 6 7 8 16 17 20 21 24 25 28 29 30 31 33 34 35 36 37 38 39 40 
5400 27 15 17 18 19 22 25 
5400 28 1 4 5 6 7 8 15 16 17 20 21 24 25 26 29 30 32 33 34 35 36 37 38 40 
5400 29 1 4 5 6 7 8 16 20 21 24 25 26 28 30 31 33 34 35 36 37 38 39 40 
5400 30 1 4 5 6 7 8 16 20 21 24 25 26 28 29 31 33 34 35 36 37 38 39 40 
5400 31 1 4 5 6 7 8 16 20 21 24 26 29 30 33 34 35 38 39 40 
5400 32 1 4 5 6 7 8 15 16 17 25 28 35 36 37 38 
5400 33 1 4 5 6 7 8 16 17 20 21 24 25 26 28 29 30 31 34 35 36 37 38 39 40 
5400 34 1 4 5 6 7 8 16 20 21 24 26 28 29 30 31 33 35 36 37 38 39 40 
5400 35 1 4 5 6 7 8 16 20 21 24 25 26 28 29 30 31 32 33 34 36 37 38 39 40 
5400 36 1 4 5 6 7 8 15 16 20 21 24 25 26 28 29 30 32 33 34 35 37 38 39 40 
5400 37 1 4 5 6 7 8 15 16 17 20 21 24 25 26 28 29 30 32 33 34 35 36 38 39 40 
5400 38 1 4 5 6 7 8 15 16 17 20 21 24 25 26 28 29 30 31 32 33 34 35 36 37 39 40 
5400 39 1 4 5 6 7 8 16 20 21 23 24 26 29 30 31 33 34 35 36 37 38 40 
5400 40 1 4 5 6 7 8 16 17 20 21 24 25 26 28 29 30 31 33 34 35 36 37 38 39 
5400 41 2 9 10 11 12 13 43 44 46 48 51 52 54 55 56 57 59 60 61 
5400 42 45 49 53 58 
5400 43 41 51 55 56 61 
5400 44 2 9 10 11 12 13 41 45 46 48 49 51 52 53 54 55 56 57 58 59 60 61 
5400 45 2 9 10 11 12 13 42 44 46 47 48 49 50 51 52 53 54 55 56 57 58 60 61 
5400 46 2 9 10 11 12 13 41 44 45 48 49 51 52 53 54 55 56 57 58 60 61 
5400 47 45 48 50 53 58 
5400 48 2 9 10 11 12 13 41 44 45 46 47 49 51 52 53 54 55 56 57 58 60 61 
5400 49 2 9 10 11 12 13 42 44 45 46 48 51 52 53 54 55 56 57 58 60 61 
5400 50 45 47 
5400 51 2 9 10 11 12 13 41 43 44 45 46 48 49 52 53 54 55 56 57 58 60 61 
5400 52 2 9 10 11 12 13 41 44 45 46 48 49 51 53 54 55 56 57 58 60 61 
5400 53 2 9 10 11 12 13 42 44 45 46 47 48 49 51 52 54 56 57 58 60 
5400 54 2 9 10 11 12 13 41 44 45 46 48 49 51 52 53 55 56 57 58 60 61 
5400 55 2 9 10 11 12 13 41 43 44 45 46 48 49 51 52 54 56 57 58 60 61 
5400 56 2 9 10 11 12 13 41 43 44 45 46 48 49 51 52 53 54 55 57 58 60 61 
5400 57 2 9 10 11 12 13 41 44 45 46 48 49 51 52 53 54 55 56 58 60 61 
5400 58 2 9 10 11 12 13 42 44 45 46 47 48 49 51 52 53 54 55 56 57 60 61 
5400 59 41 44 61 
5400 60 2 9 10 11 12 13 41 44 45 46 48 49 51 52 53 54 55 56 57 58 61 
5400 61 2 9 10 11 12 13 41 43 44 45 46 48 49 51 52 54 55 56 57 58 59 60 
5400 62 3 14 63 64 66 67 68 70 71 73 75 76 77 78 83 
5400 63 3 14 62 64 65 66 67 68 69 70 71 72 73 74 75 76 77 78 79 80 81 82 83 84 85 
5400 64 3 14 62 63 65 66 67 68 69 70 71 72 73 74 75 76 77 78 79 80 81 82 83 84 85 
5400 65 3 14 63 64 66 67 68 69 70 71 72 73 74 75 76 78 79 80 81 82 83 84 85 
5400 66 3 14 62 63 64 65 67 68 69 70 71 72 73 74 75 76 77 78 79 80 81 82 83 84 85 
5400 67 3 14 62 63 64 65 66 68 69 70 71 72 73 74 75 76 77 78 79 80 81 82 83 84 85 
5400 68 3 14 62 63 64 65 66 67 69 70 71 72 73 74 75 76 77 78 79 80 81 82 83 84 
5400 69 3 14 63 64 65 66 67 68 70 71 72 74 75 76 78 79 80 81 82 83 84 85 
5400 70 3 14 62 63 64 65 66 67 68 69 71 72 75 77 78 79 80 81 82 83 
5400 71 3 14 62 63 64 65 66 67 68 69 70 72 73 74 75 76 77 78 79 80 81 82 83 84 85 
5400 72 3 14 63 64 65 66 67 68 69 70 71 74 75 76 78 79 80 81 82 83 84 85 
5400 73 3 14 62 63 64 65 66 67 68 71 75 76 77 78 79 82 83 
5400 74 3 14 63 64 65 66 67 68 69 71 72 75 78 79 80 81 82 83 84 85 
5400 75 3 14 62 63 64 65 66 67 68 69 70 71 72 73 74 76 77 78 79 80 81 82 83 85 
5400 76 3 14 62 63 64 65 66 67 68 69 71 72 73 75 77 78 79 80 81 82 83 85 
5400 77 3 14 62 63 64 66 67 68 70 71 73 75 76 78 82 83 
5400 78 3 14 62 63 64 65 66 67 68 69 70 71 72 73 74 75 76 77 79 80 81 82 83 84 85 
5400 79 3 14 63 64 65 66 67 68 69 70 71 72 73 74 75 76 78 80 81 82 83 84 85 
5400 80 3 14 63 64 65 66 67 68 69 70 71 72 74 75 76 78 79 81 82 83 84 85 
5400 81 3 14 63 64 65 66 67 68 69 70 71 72 74 75 76 78 79 80 82 83 84 85 
5400 82 3 14 63 64 65 66 67 68 69 70 71 72 73 74 75 76 77 78 79 80 81 83 85 
5400 83 3 14 62 63 64 65 66 67 68 69 70 71 72 73 74 75 76 77 78 79 80 81 82 84 85 
5400 84 3 14 63 64 65 66 67 68 69 71 72 74 78 79 80 81 83 85 
5400 85 3 14 63 64 65 66 67 69 71 72 74 75 76 78 79 80 81 82 83 84 
5400 86 0 1 2 3 
5400 87 0 1 3 
5400 88 0 1 2 3 
5400 89 0 1 2 
5400 90 0 1 2 3 
5400 91 0 2 3 
5400 92 0 1 2 
5400 93 0 1 2 3 
5400 94 0 1 3 
5400 95 0 1 2 3 
5400 96 0 1 2 3 
5400 97 0 2 
5400 98 0 1 2 3 
5400 99 0 1 2 
5400 100 0 2 3 
5400 101 0 1 2 3 
5400 102 0 1 2 3 
5400 103 0 1 2 3 
5400 104 0 1 2 3 
5400 105 0 1 2 3 
5400 106 0 1 2 3 
5400 107 0 2 3 
5400 108 0 1 2 3 
5400 109 0 1 3 
5400 110 0 2 
5400 111 0 1 2 3 
5400 112 0 1 2 3 
5400 113 0 1 2 
5400 114 0 1 2 3 
5400 115 0 1 2 
7200 0 86 87 88 89 90 91 92 93 94 95 96 97 98 99 100 101 102 103 104 105 106 107 108 109 110 111 112 113 114 115 
7200 1 4 5 6 7 8 15 16 17 20 21 24 25 26 28 29 30 31 32 33 34 35 36 37 38 39 40 86 87 88 89 90 92 93 94 95 96 98 99 101 102 103 104 105 106 108 109 111 112 113 114 115 
7200 2 9 10 11 12 13 41 44 45 46 48 49 51 52 53 54 55 56 57 58 60 61 86 88 89 90 91 92 93 95 96 97 98 99 100 101 102 103 104 105 106 107 108 110 111 112 113 114 115 
7200 3 14 62 63 64 65 66 67 68 69 70 71 72 73 74 75 76 77 78 79 80 81 82 83 84 85 86 87 88 90 91 93 94 95 96 98 100 101 102 103 104 105 106 107 108 109 111 112 114 
7200 4 1 5 6 7 8 15 16 17 20 21 24 25 26 28 29 30 31 32 33 34 35 36 37 38 39 40 
7200 5 1 4 6 7 8 15 16 17 20 21 24 25 26 28 29 30 31 32 33 34 35 36 37 38 39 40 
7200 6 1 4 5 7 8 15 16 17 20 21 24 25 26 28 29 30 31 32 33 34 35 36 37 38 39 40 
7200 7 1 4 5 6 8 15 16 17 20 21 24 25 26 28 29 30 31 32 33 34 35 36 37 38 39 40 
7200 8 1 4 5 6 7 15 16 17 20 21 24 25 26 28 29 30 31 32 33 34 35 36 37 38 39 40 
7200 9 2 10 11 12 13 41 44 45 46 48 49 51 52 53 54 55 56 57 58 60 61 
7200 10 2 9 11 12 13 41 44 45 46 48 49 51 52 53 54 55 56 57 58 60 61 
7200 11 2 9 10 12 13 41 44 45 46 48 49 51 52 53 54 55 56 57 58 60 61 
7200 12 2 9 10 11 13 41 44 45 46 48 49 51 52 53 54 55 56 57 58 60 61 
7200 13 2 9 10 11 12 41 44 45 46 48 49 51 52 53 54 55 56 57 58 60 61 
7200 14 3 62 63 64 65 66 67 68 69 70 71 72 73 74 75 76 77 78 79 80 81 82 83 84 85 
7200 15 1 4 5 6 7 8 17 25 28 32 36 37 38 
7200 16 1 4 5 6 7 8 17 19 20 21 24 25 26 28 29 30 31 32 33 34 35 36 37 38 39 40 
7200 17 1 4 5 6 7 8 15 16 19 20 21 24 25 26 27 28 32 33 37 38 39 40 
7200 18 19 21 22 27 36 
7200 19 16 17 18 21 22 27 39 40 
7200 20 1 4 5 6 7 8 16 17 21 24 25 26 28 29 30 31 33 34 35 36 37 38 39 40 
7200 21 1 4 5 6 7 8 16 17 18 19 20 22 24 25 26 28 29 31 33 34 35 36 37 38 39 
7200 22 18 19 21 27 36 39 40 
7200 23 39 
7200 24 1 4 5 6 7 8 16 17 20 21 25 26 28 29 30 31 33 34 35 36 37 38 39 40 
7200 25 1 4 5 6 7 8 15 16 17 20 21 24 26 28 29 30 32 33 34 35 36 37 38 39 40 
7200 26 1 4 5 6 7 8 16 17 20 21 24 25 28 29 30 31 33 34 35 36 37 38 39 40 
7200 27 17 18 19 22 31 34 36 
7200 28 1 4 5 6 7 8 15 16 17 20 21 24 25 26 29 30 32 33 34 35 36 37 38 40 
7200 29 1 4 5 6 7 8 16 20 21 24 25 26 28 30 31 33 34 35 36 37 38 39 40 
7200 30 1 4 5 6 7 8 16 20 24 25 26 28 29 31 33 34 35 37 38 39 40 
7200 31 1 4 5 6 7 8 16 20 21 24 26 27 29 30 33 34 35 38 39 40 
7200 32 1 4 5 6 7 8 15 16 17 25 28 35 36 37 38 
7200 33 1 4 5 6 7 8 16 17 20 21 24 25 26 28 29 30 31 34 35 36 37 38 39 40 
7200 34 1 4 5 6 7 8 16 20 21 24 25 26 27 28 29 30 31 33 35 36 37 38 39 40 
7200 35 1 4 5 6 7 8 16 20 21 24 25 26 28 29 30 31 32 33 34 36 37 38 39 40 
7200 36 1 4 5 6 7 8 15 16 18 20 21 22 24 25 26 27 28 29 32 33 34 35 38 
7200 37 1 4 5 6 7 8 15 16 17 20 21 24 25 26 28 29 30 32 33 34 35 38 39 40 
7200 38 1 4 5 6 7 8 15 16 17 20 21 24 25 26 28 29 30 31 32 33 34 35 36 37 39 40 
7200 39 1 4 5 6 7 8 16 17 19 20 21 22 23 24 25 26 29 30 31 33 34 35 37 38 40 
7200 40 1 4 5 6 7 8 16 17 19 20 22 24 25 26 28 29 30 31 33 34 35 37 38 39 
7200 41 2 9 10 11 12 13 43 44 46 48 51 52 54 55 56 57 59 60 61 
7200 42 45 49 53 58 
7200 43 41 55 56 60 61 
7200 44 2 9 10 11 12 13 41 45 46 48 49 51 52 53 54 55 56 57 58 60 61 
7200 45 2 9 10 11 12 13 42 44 46 47 48 49 50 51 52 53 54 55 56 57 58 60 61 
7200 46 2 9 10 11 12 13 41 44 45 48 49 51 52 53 54 55 56 57 58 60 61 
7200 47 45 48 50 53 58 
7200 48 2 9 10 11 12 13 41 44 45 46 47 49 51 52 53 54 55 56 57 58 60 61 
7200 49 2 9 10 11 12 13 42 44 45 46 48 51 52 53 54 55 56 57 58 60 61 
7200 50 45 47 
7200 51 2 9 10 11 12 13 41 44 45 46 48 49 52 53 54 55 56 57 58 60 61 
7200 52 2 9 10 11 12 13 41 44 45 46 48 49 51 53 54 55 56 57 58 60 61 
7200 53 2 9 10 11 12 13 42 44 45 46 47 48 49 51 52 54 56 57 58 60 
7200 54 2 9 10 11 12 13 41 44 45 46 48 49 51 52 53 55 56 57 58 60 61 
7200 55 2 9 10 11 12 13 41 43 44 45 46 48 49 51 52 54 56 57 58 60 61 
7200 56 2 9 10 11 12 13 41 43 44 45 46 48 49 51 52 53 54 55 57 58 60 61 
7200 57 2 9 10 11 12 13 41 44 45 46 48 49 51 52 53 54 55 56 58 60 61 
7200 58 2 9 10 11 12 13 42 44 45 46 47 48 49 51 52 53 54 55 56 57 60 61 
7200 59 41 
7200 60 2 9 10 11 12 13 41 43 44 45 46 48 49 51 52 53 54 55 56 57 58 61 
7200 61 2 9 10 11 12 13 41 43 44 45 46 48 49 51 52 54 55 56 57 58 60 
7200 62 3 14 63 64 66 67 68 70 71 73 75 76 77 78 83 
7200 63 3 14 62 64 65 66 67 68 69 70 71 72 73 74 75 76 77 78 79 80 81 82 83 84 85 
7200 64 3 14 62 63 65 66 67 68 69 70 71 72 73 74 75 76 77 78 79 80 81 82 83 84 85 
7200 65 3 14 63 64 66 67 68 69 70 71 72 73 74 75 76 78 79 80 81 82 83 84 85 
7200 66 3 14 62 63 64 65 67 68 69 70 71 72 73 74 75 76 77 78 79 80 81 82 83 84 85 
7200 67 3 14 62 63 64 65 66 68 69 70 71 72 73 74 75 76 77 78 79 80 81 82 83 84 85 
7200 68 3 14 62 63 64 65 66 67 69 70 71 72 74 75 76 77 78 79 80 81 82 83 84 
7200 69 3 14 63 64 65 66 67 68 71 72 74 76 78 79 80 81 82 83 84 85 
7200 70 3 14 62 63 64 65 66 67 68 71 72 75 77 78 79 80 81 82 83 
7200 71 3 14 62 63 64 65 66 67 68 69 70 72 73 74 75 76 77 78 79 80 81 82 83 84 85 
7200 72 3 14 63 64 65 66 67 68 69 70 71 74 75 76 78 79 80 81 82 83 84 85 
7200 73 3 14 62 63 64 65 66 67 71 76 77 78 79 82 83 
7200 74 3 14 63 64 65 66 67 68 69 71 72 75 78 79 80 81 82 83 84 85 
7200 75 3 14 62 63 64 65 66 67 68 70 71 72 74 77 78 80 81 83 
7200 76 3 14 62 63 64 65 66 67 68 69 71 72 73 77 78 79 80 81 82 83 85 
7200 77 3 14 62 63 64 66 67 68 70 71 73 75 76 78 82 83 
7200 78 3 14 62 63 64 65 66 67 68 69 70 71 72 73 74 75 76 77 79 80 81 82 83 84 85 
7200 79 3 14 63 64 65 66 67 68 69 70 71 72 73 74 76 78 80 81 82 83 84 85 
7200 80 3 14 63 64 65 66 67 68 69 70 71 72 74 75 76 78 79 81 82 83 84 85 
7200 81 3 14 63 64 65 66 67 68 69 70 71 72 74 75 76 78 79 80 82 83 84 85 
7200 82 3 14 63 64 65 66 67 68 69 70 71 72 73 74 76 77 78 79 80 81 83 85 
7200 83 3 14 62 63 64 65 66 67 68 69 70 71 72 73 74 75 76 77 78 79 80 81 82 84 85 
7200 84 3 14 63 64 65 66 67 68 69 71 72 74 78 79 80 81 83 85 
7200 85 3 14 63 64 65 66 67 69 71 72 74 76 78 79 80 81 82 83 84 
7200 86 0 1 2 3 
7200 87 0 1 3 
7200 88 0 1 2 3 
7200 89 0 1 2 
7200 90 0 1 2 3 
7200 91 0 2 3 
7200 92 0 1 2 
7200 93 0 1 2 3 
7200 94 0 1 3 
7200 95 0 1 2 3 
7200 96 0 1 2 3 
7200 97 0 2 
7200 98 0 1 2 3 
7200 99 0 1 2 
7200 100 0 2 3 
7200 101 0 1 2 3 
7200 102 0 1 2 3 
7200 103 0 1 2 3 
7200 104 0 1 2 3 
7200 105 0 1 2 3 
7200 106 0 1 2 3 
7200 107 0 2 3 
7200 108 0 1 2 3 
7200 109 0 1 3 
7200 110 0 2 
7200 111 0 1 2 3 
7200 112 0 1 2 3 
7200 113 0 1 2 
7200 114 0 1 2 3 
7200 115 0 1 2 
9000 0 86 87 88 89 90 91 92 93 94 95 96 97 98 99 100 101 102 103 104 105 106 107 108 109 110 111 112 113 114 115 
9000 1 4 5 6 7 8 15 16 20 21 24 25 26 28 29 30 31 32 33 34 35 36 37 38 39 40 86 87 88 89 90 92 93 94 95 96 98 99 101 102 103 104 105 106 108 109 111 112 113 114 115 
9000 2 9 10 11 12 13 41 42 44 45 46 48 49 51 52 53 54 55 56 57 58 60 61 86 88 89 90 91 92 93 95 96 97 98 99 100 101 102 103 104 105 106 107 108 110 111 112 113 114 115 
9000 3 14 62 63 64 65 66 67 68 69 70 71 72 73 74 75 76 77 78 79 80 81 82 83 84 85 86 87 88 90 91 93 94 95 96 98 100 101 102 103 104 105 106 107 108 109 111 112 114 
9000 4 1 5 6 7 8 15 16 20 21 24 25 26 28 29 30 31 32 33 34 35 36 37 38 39 40 
9000 5 1 4 6 7 8 15 16 20 21 24 25 26 28 29 30 31 32 33 34 35 36 37 38 39 40 
9000 6 1 4 5 7 8 15 16 20 21 24 25 26 28 29 30 31 32 33 34 35 36 37 38 39 40 
9000 7 1 4 5 6 8 15 16 20 21 24 25 26 28 29 30 31 32 33 34 35 36 37 38 39 40 
9000 8 1 4 5 6 7 15 16 20 21 24 25 26 28 29 30 31 32 33 34 35 36 37 38 39 40 
9000 9 2 10 11 12 13 41 42 44 45 46 48 49 51 52 53 54 55 56 57 58 60 61 
9000 10 2 9 11 12 13 41 42 44 45 46 48 49 51 52 53 54 55 56 57 58 60 61 
9000 11 2 9 10 12 13 41 42 44 45 46 48 49 51 52 53 54 55 56 57 58 60 61 
9000 12 2 9 10 11 13 41 42 44 45 46 48 49 51 52 53 54 55 56 57 58 60 61 
9000 13 2 9 10 11 12 41 42 44 45 46 48 49 51 52 53 54 55 56 57 58 60 61 
9000 14 3 62 63 64 65 66 67 68 69 70 71 72 73 74 75 76 77 78 79 80 81 82 83 84 85 
9000 15 1 4 5 6 7 8 17 25 28 32 36 37 38 
9000 16 1 4 5 6 7 8 17 18 19 20 21 22 24 25 26 27 28 29 30 31 32 33 34 35 36 37 38 39 40 
9000 17 15 16 22 32 
9000 18 16 19 22 27 33 37 38 
9000 19 16 18 22 27 
9000 20 1 4 5 6 7 8 16 21 24 25 26 28 29 30 31 33 34 35 36 37 38 39 40 
9000 21 1 4 5 6 7 8 16 20 24 25 26 28 29 30 31 33 34 35 36 37 38 39 40 
9000 22 16 17 18 19 27 
9000 23 39 
9000 24 1 4 5 6 7 8 16 20 21 25 26 28 29 30 31 33 34 35 36 37 38 39 40 
9000 25 1 4 5 6 7 8 15 16 20 21 24 26 28 29 30 32 33 34 35 36 37 38 40 
9000 26 1 4 5 6 7 8 16 20 21 24 25 28 29 30 31 33 34 35 36 37 38 39 40 
9000 27 16 18 19 22 
9000 28 1 4 5 6 7 8 15 16 20 21 24 25 26 29 30 32 33 34 35 36 37 38 40 
9000 29 1 4 5 6 7 8 16 20 21 24 25 26 28 30 31 33 34 35 36 37 38 39 40 
9000 30 1 4 5 6 7 8 16 20 21 24 25 26 28 29 31 33 34 35 36 37 38 39 40 
9000 31 1 4 5 6 7 8 16 20 21 24 26 29 30 33 34 35 38 39 40 
9000 32 1 4 5 6 7 8 15 16 17 25 28 35 36 37 38 
9000 33 1 4 5 6 7 8 16 18 20 21 24 25 26 28 29 30 31 34 35 36 37 38 39 40 
9000 34 1 4 5 6 7 8 16 20 21 24 25 26 28 29 30 31 33 35 36 37 38 39 40 
9000 35 1 4 5 6 7 8 16 20 21 24 25 26 28 29 30 31 32 33 34 36 37 38 39 40 
9000 36 1 4 5 6 7 8 15 16 20 21 24 25 26 28 29 30 32 33 34 35 37 38 39 40 
9000 37 1 4 5 6 7 8 15 16 18 20 21 24 25 26 28 29 30 32 33 34 35 36 38 39 40 
9000 38 1 4 5 6 7 8 15 16 18 20 21 24 25 26 28 29 30 31 32 33 34 35 36 37 39 40 
9000 39 1 4 5 6 7 8 16 20 21 23 24 26 29 30 31 33 34 35 36 37 38 40 
9000 40 1 4 5 6 7 8 16 20 21 24 25 26 28 29 30 31 33 34 35 36 37 38 39 
9000 41 2 9 10 11 12 13 43 44 46 48 51 52 54 55 56 57 59 60 61 
9000 42 2 9 10 11 12 13 44 45 47 48 49 51 52 53 54 56 58 60 61 
9000 43 41 46 55 56 61 
9000 44 2 9 10 11 12 13 41 42 45 46 48 49 51 52 53 54 55 56 57 58 60 61 
9000 45 2 9 10 11 12 13 42 44 46 47 48 49 50 51 52 53 54 55 56 57 58 60 61 
9000 46 2 9 10 11 12 13 41 43 44 45 48 49 50 51 52 53 54 55 56 57 58 60 61 
9000 47 42 45 48 50 53 58 
9000 48 2 9 10 11 12 13 41 42 44 45 46 47 49 51 52 53 54 55 56 57 58 60 61 
9000 49 2 9 10 11 12 13 42 44 45 46 48 51 52 53 54 55 56 57 58 60 61 
9000 50 45 46 47 
9000 51 2 9 10 11 12 13 41 42 44 45 46 48 49 52 53 54 55 56 57 58 60 61 
9000 52 2 9 10 11 12 13 41 42 44 45 46 48 49 51 53 54 55 56 57 58 60 61 
9000 53 2 9 10 11 12 13 42 44 45 46 47 48 49 51 52 54 56 57 58 60 
9000 54 2 9 10 11 12 13 41 42 44 45 46 48 49 51 52 53 55 56 57 58 60 61 
9000 55 2 9 10 11 12 13 41 43 44 45 46 48 49 51 52 54 56 57 58 60 61 
9000 56 2 9 10 11 12 13 41 42 43 44 45 46 48 49 51 52 53 54 55 57 58 60 61 
9000 57 2 9 10 11 12 13 41 44 45 46 48 49 51 52 53 54 55 56 58 60 61 
9000 58 2 9 10 11 12 13 42 44 45 46 47 48 49 51 52 53 54 55 56 57 60 61 
9000 59 41 
9000 60 2 9 10 11 12 13 41 42 44 45 46 48 49 51 52 53 54 55 56 57 58 61 
9000 61 2 9 10 11 12 13 41 42 43 44 45 46 48 49 51 52 54 55 56 57 58 60 
9000 62 3 14 63 64 66 67 68 70 71 73 75 76 77 78 83 
9000 63 3 14 62 64 65 66 67 68 69 70 71 72 73 74 75 76 77 78 79 80 81 82 83 84 85 
9000 64 3 14 62 63 65 66 67 68 69 70 71 72 73 74 75 76 77 78 79 80 81 82 83 84 85 
9000 65 3 14 63 64 66 67 68 69 70 71 72 73 74 75 76 78 79 80 81 82 83 84 85 
9000 66 3 14 62 63 64 65 67 68 69 70 71 72 73 74 75 76 77 78 79 80 81 82 83 84 85 
9000 67 3 14 62 63 64 65 66 68 69 70 71 72 73 74 75 76 77 78 79 80 81 82 83 84 85 
9000 68 3 14 62 63 64 65 66 67 69 70 71 72 74 75 76 77 78 79 80 81 82 83 84 
9000 69 3 14 63 64 65 66 67 68 71 72 74 76 78 79 80 81 82 83 84 85 
9000 70 3 14 62 63 64 65 66 67 68 71 72 75 77 78 79 80 81 82 83 
9000 71 3 14 62 63 64 65 66 67 68 69 70 72 73 74 75 76 77 78 79 80 81 82 83 84 85 
9000 72 3 14 63 64 65 66 67 68 69 70 71 74 75 76 78 79 80 81 82 83 84 85 
9000 73 3 14 62 63 64 65 66 67 71 76 77 78 79 82 83 
9000 74 3 14 63 64 65 66 67 68 69 71 72 75 78 79 80 81 82 83 84 85 
9000 75 3 14 62 63 64 65 66 67 68 70 71 72 74 77 78 80 81 83 
9000 76 3 14 62 63 64 65 66 67 68 69 71 72 73 77 78 79 80 81 82 83 85 
9000 77 3 14 62 63 64 66 67 68 70 71 73 75 76 78 82 83 
9000 78 3 14 62 63 64 65 66 67 68 69 70 71 72 73 74 75 76 77 79 80 81 82 83 84 85 
9000 79 3 14 63 64 65 66 67 68 69 70 71 72 73 74 76 78 80 81 82 83 84 85 
9000 80 3 14 63 64 65 66 67 68 69 70 71 72 74 75 76 78 79 81 82 83 84 85 
9000 81 3 14 63 64 65 66 67 68 69 70 71 72 74 75 76 78 79 80 82 83 84 85 
9000 82 3 14 63 64 65 66 67 68 69 70 71 72 73 74 76 77 78 79 80 81 83 84 85 
9000 83 3 14 62 63 64 65 66 67 68 69 70 71 72 73 74 75 76 77 78 79 80 81 82 84 85 
9000 84 3 14 63 64 65 66 67 68 69 71 72 74 78 79 80 81 82 83 85 
9000 85 3 14 63 64 65 66 67 69 71 72 74 76 78 79 80 81 82 83 84 
9000 86 0 1 2 3 
9000 87 0 1 3 
9000 88 0 1 2 3 
9000 89 0 1 2 
9000 90 0 1 2 3 
9000 91 0 2 3 
9000 92 0 1 2 
9000 93 0 1 2 3 
9000 94 0 1 3 
9000 95 0 1 2 3 
9000 96 0 1 2 3 
9000 97 0 2 
9000 98 0 1 2 3 
9000 99 0 1 2 
9000 100 0 2 3 
9000 101 0 1 2 3 
9000 102 0 1 2 3 
9000 103 0 1 2 3 
9000 104 0 1 2 3 
9000 105 0 1 2 3 
9000 106 0 1 2 3 
9000 107 0 2 3 
9000 108 0 1 2 3 
9000 109 0 1 3 
9000 110 0 2 
9000 111 0 1 2 3 
9000 112 0 1 2 3 
9000 113 0 1 2 
9000 114 0 1 2 3 
9000 115 0 1 2 
10800 0 86 87 88 89 90 91 92 93 94 95 96 97 98 99 100 101 102 103 104 105 106 107 108 109 110 111 112 113 114 115 
10800 1 4 5 6 7 8 15 16 17 20 21 24 25 26 28 29 30 31 32 33 34 35 36 37 38 39 40 86 87 88 89 90 92 93 94 95 96 98 99 101 102 103 104 105 106 108 109 111 112 113 114 115 
10800 2 9 10 11 12 13 41 44 45 46 48 49 51 52 53 54 55 56 57 58 60 61 86 88 89 90 91 92 93 95 96 97 98 99 100 101 102 103 104 105 106 107 108 110 111 112 113 114 115 
10800 3 14 62 63 64 65 66 67 68 69 70 71 72 73 74 75 76 77 78 79 80 81 82 83 84 85 86 87 88 90 91 93 94 95 96 98 100 101 102 103 104 105 106 107 108 109 111 112 114 
10800 4 1 5 6 7 8 15 16 17 20 21 24 25 26 28 29 30 31 32 33 34 35 36 37 38 39 40 
10800 5 1 4 6 7 8 15 16 17 20 21 24 25 26 28 29 30 31 32 33 34 35 36 37 38 39 40 
10800 6 1 4 5 7 8 15 16 17 20 21 24 25 26 28 29 30 31 32 33 34 35 36 37 38 39 40 
10800 7 1 4 5 6 8 15 16 17 20 21 24 25 26 28 29 30 31 32 33 34 35 36 37 38 39 40 
10800 8 1 4 5 6 7 15 16 17 20 21 24 25 26 28 29 30 31 32 33 34 35 36 37 38 39 40 
10800 9 2 10 11 12 13 41 44 45 46 48 49 51 52 53 54 55 56 57 58 60 61 
10800 10 2 9 11 12 13 41 44 45 46 48 49 51 52 53 54 55 56 57 58 60 61 
10800 11 2 9 10 12 13 41 44 45 46 48 49 51 52 53 54 55 56 57 58 60 61 
10800 12 2 9 10 11 13 41 44 45 46 48 49 51 52 53 54 55 56 57 58 60 61 
10800 13 2 9 10 11 12 41 44 45 46 48 49 51 52 53 54 55 56 57 58 60 61 
10800 14 3 62 63 64 65 66 67 68 69 70 71 72 73 74 75 76 77 78 79 80 81 82 83 84 85 
10800 15 1 4 5 6 7 8 17 25 28 32 36 37 38 
10800 16 1 4 5 6 7 8 17 19 20 21 24 25 26 28 29 30 31 32 33 34 35 36 37 38 39 40 
10800 17 1 4 5 6 7 8 15 16 19 20 21 24 25 26 27 28 32 33 37 38 40 
10800 18 19 22 27 
10800 19 16 17 18 22 27 
10800 20 1 4 5 6 7 8 16 17 21 24 25 26 28 29 30 31 33 34 35 36 37 38 39 40 
10800 21 1 4 5 6 7 8 16 17 20 24 25 26 28 29 30 31 33 34 35 36 37 38 39 40 
10800 22 18 19 27 
10800 23 39 
10800 24 1 4 5 6 7 8 16 17 20 21 25 26 28 29 30 31 33 34 35 36 37 38 39 40 
10800 25 1 4 5 6 7 8 15 16 17 20 21 24 26 28 29 30 32 33 35 36 37 38 40 
10800 26 1 4 5 6 7 8 16 17 20 21 24 25 28 29 30 31 33 34 35 36 37 38 39 40 
10800 27 17 18 19 22 
10800 28 1 4 5 6 7 8 15 16 17 20 21 24 25 26 29 30 32 33 34 35 36 37 38 40 
10800 29 1 4 5 6 7 8 16 20 21 24 25 26 28 30 31 33 34 35 36 37 38 39 40 
10800 30 1 4 5 6 7 8 16 20 21 24 25 26 28 29 31 33 34 35 36 37 38 39 40 
10800 31 1 4 5 6 7 8 16 20 21 24 26 29 30 33 34 35 38 39 40 
10800 32 1 4 5 6 7 8 15 16 17 25 28 35 36 37 38 
10800 33 1 4 5 6 7 8 16 17 20 21 24 25 26 28 29 30 31 34 35 36 37 38 39 40 
10800 34 1 4 5 6 7 8 16 20 21 24 26 28 29 30 31 33 35 36 37 38 39 40 
10800 35 1 4 5 6 7 8 16 20 21 24 25 26 28 29 30 31 32 33 34 36 37 38 39 40 
10800 36 1 4 5 6 7 8 15 16 20 21 24 25 26 28 29 30 32 33 34 35 37 38 39 40 
10800 37 1 4 5 6 7 8 15 16 17 20 21 24 25 26 28 29 30 32 33 34 35 36 38 39 40 
10800 38 1 4 5 6 7 8 15 16 17 20 21 24 25 26 28 29 30 31 32 33 34 35 36 37 39 40 
10800 39 1 4 5 6 7 8 16 20 21 23 24 26 29 30 31 33 34 35 36 37 38 40 
10800 40 1 4 5 6 7 8 16 17 20 21 24 25 26 28 29 30 31 33 34 35 36 37 38 39 
10800 41 2 9 10 11 12 13 43 44 46 48 51 52 54 55 56 57 59 60 61 
10800 42 45 49 53 58 
10800 43 41 51 55 56 61 
10800 44 2 9 10 11 12 13 41 45 46 48 49 51 52 53 54 55 56 57 58 60 61 
10800 45 2 9 10 11 12 13 42 44 46 47 48 49 50 51 52 53 54 55 56 57 58 60 61 
10800 46 2 9 10 11 12 13 41 44 45 48 49 51 52 53 54 55 56 57 58 60 61 
10800 47 45 48 50 53 58 
10800 48 2 9 10 11 12 13 41 44 45 46 47 49 51 52 53 54 55 56 57 58 60 61 
10800 49 2 9 10 11 12 13 42 44 45 46 48 51 52 53 54 55 56 57 58 60 61 
10800 50 45 47 
10800 51 2 9 10 11 12 13 41 43 44 45 46 48 49 52 53 54 55 56 57 58 59 60 61 
10800 52 2 9 10 11 12 13 41 44 45 46 48 49 51 53 54 55 56 57 58 60 61 
10800 53 2 9 10 11 12 13 42 44 45 46 47 48 49 51 52 54 56 57 58 60 
10800 54 2 9 10 11 12 13 41 44 45 46 48 49 51 52 53 55 56 57 58 60 61 
10800 55 2 9 10 11 12 13 41 43 44 45 46 48 49 51 52 54 56 57 58 60 61 
10800 56 2 9 10 11 12 13 41 43 44 45 46 48 49 51 52 53 54 55 57 58 60 61 
10800 57 2 9 10 11 12 13 41 44 45 46 48 49 51 52 53 54 55 56 58 60 61 
10800 58 2 9 10 11 12 13 42 44 45 46 47 48 49 51 52 53 54 55 56 57 60 61 
10800 59 41 51 60 
10800 60 2 9 10 11 12 13 41 44 45 46 48 49 51 52 53 54 55 56 57 58 59 61 
10800 61 2 9 10 11 12 13 41 43 44 45 46 48 49 51 52 54 55 56 57 58 60 
10800 62 3 14 63 64 66 67 68 70 71 73 75 76 77 78 80 83 
10800 63 3 14 62 64 65 66 67 68 69 70 71 72 73 74 75 76 77 78 79 80 81 82 83 84 85 
10800 64 3 14 62 63 65 66 67 68 69 70 71 72 73 74 75 76 77 78 79 80 81 82 83 84 85 
10800 65 3 14 63 64 66 67 68 69 70 71 72 73 74 75 76 78 79 80 81 82 83 84 85 
10800 66 3 14 62 63 64 65 67 68 69 70 71 72 73 74 75 76 77 78 79 80 81 82 83 84 85 
10800 67 3 14 62 63 64 65 66 68 69 70 71 72 73 74 75 76 77 78 79 80 81 82 83 84 85 
10800 68 3 14 62 63 64 65 66 67 69 70 71 72 74 75 76 77 78 79 80 81 82 83 84 
10800 69 3 14 63 64 65 66 67 68 71 72 74 76 78 79 80 81 82 83 84 85 
10800 70 3 14 62 63 64 65 66 67 68 71 72 75 77 78 79 80 81 82 83 
10800 71 3 14 62 63 64 65 66 67 68 69 70 72 73 74 75 76 77 78 79 80 81 82 83 84 85 
10800 72 3 14 63 64 65 66 67 68 69 70 71 74 75 76 78 79 80 81 82 83 84 85 
10800 73 3 14 62 63 64 65 66 67 71 76 77 78 79 80 82 83 
10800 74 3 14 63 64 65 66 67 68 69 71 72 75 78 79 80 81 82 83 84 85 
10800 75 3 14 62 63 64 65 66 67 68 70 71 72 74 77 78 80 81 83 
10800 76 3 14 62 63 64 65 66 67 68 69 71 72 73 77 78 79 80 81 82 83 85 
10800 77 3 14 62 63 64 66 67 68 70 71 73 75 76 78 80 82 83 
10800 78 3 14 62 63 64 65 66 67 68 69 70 71 72 73 74 75 76 77 79 80 81 82 83 84 85 
10800 79 3 14 63 64 65 66 67 68 69 70 71 72 73 74 76 78 80 81 82 83 84 85 
10800 80 3 14 62 63 64 65 66 67 68 69 70 71 72 73 74 75 76 77 78 79 81 82 83 84 85 
10800 81 3 14 63 64 65 66 67 68 69 70 71 72 74 75 76 78 79 80 82 83 84 85 
10800 82 3 14 63 64 65 66 67 68 69 70 71 72 73 74 76 77 78 79 80 81 83 85 
10800 83 3 14 62 63 64 65 66 67 68 69 70 71 72 73 74 75 76 77 78 79 80 81 82 84 85 
10800 84 3 14 63 64 65 66 67 68 69 71 72 74 78 79 80 81 83 85 
10800 85 3 14 63 64 65 66 67 69 71 72 74 76 78 79 80 81 82 83 84 
10800 86 0 1 2 3 
10800 87 0 1 3 
10800 88 0 1 2 3 
10800 89 0 1 2 
10800 90 0 1 2 3 
10800 91 0 2 3 
10800 92 0 1 2 
10800 93 0 1 2 3 
10800 94 0 1 3 
10800 95 0 1 2 3 
10800 96 0 1 2 3 
10800 97 0 2 
10800 98 0 1 2 3 
10800 99 0 1 2 
10800 100 0 2 3 
10800 101 0 1 2 3 
10800 102 0 1 2 3 
10800 103 0 1 2 3 
10800 104 0 1 2 3 
10800 105 0 1 2 3 
10800 106 0 1 2 3 
10800 107 0 2 3 
10800 108 0 1 2 3 
10800 109 0 1 3 
10800 110 0 2 
10800 111 0 1 2 3 
10800 112 0 1 2 3 
10800 113 0 1 2 
10800 114 0 1 2 3 
10800 115 0 1 2 
12600 0 86 87 88 89 90 91 92 93 94 95 96 97 98 99 100 101 102 103 104 105 106 107 108 109 110 111 112 113 114 115 
12600 1 4 5 6 7 8 15 16 17 20 21 24 25 26 28 29 30 31 32 33 34 35 36 37 38 39 40 86 87 88 89 90 92 93 94 95 96 98 99 101 102 103 104 105 106 108 109 111 112 113 114 115 
12600 2 9 10 11 12 13 41 44 45 46 48 49 51 52 53 54 56 57 58 60 61 86 88 89 90 91 92 93 95 96 97 98 99 100 101 102 103 104 105 106 107 108 110 111 112 113 114 115 
12600 3 14 62 63 64 65 66 67 68 69 70 71 72 73 74 75 76 77 78 79 80 81 82 83 84 85 86 87 88 90 91 93 94 95 96 98 100 101 102 103 104 105 106 107 108 109 111 112 114 
12600 4 1 5 6 7 8 15 16 17 20 21 24 25 26 28 29 30 31 32 33 34 35 36 37 38 39 40 
12600 5 1 4 6 7 8 15 16 17 20 21 24 25 26 28 29 30 31 32 33 34 35 36 37 38 39 40 
12600 6 1 4 5 7 8 15 16 17 20 21 24 25 26 28 29 30 31 32 33 34 35 36 37 38 39 40 
12600 7 1 4 5 6 8 15 16 17 20 21 24 25 26 28 29 30 31 32 33 34 35 36 37 38 39 40 
12600 8 1 4 5 6 7 15 16 17 20 21 24 25 26 28 29 30 31 32 33 34 35 36 37 38 39 40 
12600 9 2 10 11 12 13 41 44 45 46 48 49 51 52 53 54 56 57 58 60 61 
12600 10 2 9 11 12 13 41 44 45 46 48 49 51 52 53 54 56 57 58 60 61 
12600 11 2 9 10 12 13 41 44 45 46 48 49 51 52 53 54 56 57 58 60 61 
12600 12 2 9 10 11 13 41 44 45 46 48 49 51 52 53 54 56 57 58 60 61 
12600 13 2 9 10 11 12 41 44 45 46 48 49 51 52 53 54 56 57 58 60 61 
12600 14 3 62 63 64 65 66 67 68 69 70 71 72 73 74 75 76 77 78 79 80 81 82 83 84 85 
12600 15 1 4 5 6 7 8 17 25 28 32 36 37 38 
12600 16 1 4 5 6 7 8 17 19 20 21 24 25 26 28 29 30 31 32 33 34 35 36 37 38 39 40 
12600 17 1 4 5 6 7 8 15 16 20 21 24 25 26 28 29 30 32 33 35 36 38 
12600 18 19 22 27 
12600 19 16 18 22 27 37 
12600 20 1 4 5 6 7 8 16 17 21 24 25 26 28 29 30 31 33 34 35 36 37 38 39 40 
12600 21 1 4 5 6 7 8 16 17 20 24 25 26 28 29 30 31 33 34 35 36 37 38 39 40 
12600 22 18 19 27 
12600 23 39 40 
12600 24 1 4 5 6 7 8 16 17 20 21 25 26 28 29 30 31 33 34 35 36 37 38 39 40 
12600 25 1 4 5 6 7 8 15 16 17 20 21 24 26 28 29 30 32 33 35 36 37 38 40 
12600 26 1 4 5 6 7 8 16 17 20 21 24 25 28 29 30 31 33 34 35 36 37 38 39 40 
12600 27 18 19 22 
12600 28 1 4 5 6 7 8 15 16 17 20 21 24 25 26 29 30 32 33 34 35 36 37 38 40 
12600 29 1 4 5 6 7 8 16 17 20 21 24 25 26 28 30 31 33 34 35 36 37 38 39 40 
12600 30 1 4 5 6 7 8 16 17 20 21 24 25 26 28 29 31 33 34 35 36 37 38 39 40 
12600 31 1 4 5 6 7 8 16 20 21 24 26 29 30 33 34 35 37 38 39 40 
12600 32 1 4 5 6 7 8 15 16 17 25 28 35 36 37 38 
12600 33 1 4 5 6 7 8 16 17 20 21 24 25 26 28 29 30 31 34 35 36 37 38 39 40 
12600 34 1 4 5 6 7 8 16 20 21 24 26 28 29 30 31 33 35 36 37 38 39 40 
12600 35 1 4 5 6 7 8 16 17 20 21 24 25 26 28 29 30 31 32 33 34 36 37 38 39 
12600 36 1 4 5 6 7 8 15 16 17 20 21 24 25 26 28 29 30 32 33 34 35 37 38 39 40 
12600 37 1 4 5 6 7 8 15 16 19 20 21 24 25 26 28 29 30 31 32 33 34 35 36 38 39 40 
12600 38 1 4 5 6 7 8 15 16 17 20 21 24 25 26 28 29 30 31 32 33 34 35 36 37 39 40 
12600 39 1 4 5 6 7 8 16 20 21 23 24 26 29 30 31 33 34 35 36 37 38 40 
12600 40 1 4 5 6 7 8 16 20 21 23 24 25 26 28 29 30 31 33 34 36 37 38 39 
12600 41 2 9 10 11 12 13 43 44 46 48 51 52 54 56 57 59 60 61 
12600 42 45 47 49 53 55 58 
12600 43 41 56 57 58 61 
12600 44 2 9 10 11 12 13 41 45 46 48 49 51 52 53 54 55 56 57 58 60 61 
12600 45 2 9 10 11 12 13 42 44 46 47 48 49 50 51 52 53 54 55 56 57 58 60 61 
12600 46 2 9 10 11 12 13 41 44 45 48 49 51 52 53 54 56 57 58 60 61 
12600 47 42 45 50 53 55 58 
12600 48 2 9 10 11 12 13 41 44 45 46 49 51 52 53 54 56 60 61 
12600 49 2 9 10 11 12 13 42 44 45 46 48 51 52 53 54 55 56 58 60 61 
12600 50 45 47 55 
12600 51 2 9 10 11 12 13 41 44 45 46 48 49 52 53 54 56 57 58 60 61 
12600 52 2 9 10 11 12 13 41 44 45 46 48 49 51 53 54 55 56 57 58 60 61 
12600 53 2 9 10 11 12 13 42 44 45 46 47 48 49 51 52 54 55 56 57 58 60 
12600 54 2 9 10 11 12 13 41 44 45 46 48 49 51 52 53 56 57 58 60 61 
12600 55 42 44 45 47 49 50 52 53 58 60 
12600 56 2 9 10 11 12 13 41 43 44 45 46 48 49 51 52 53 54 57 58 60 61 
12600 57 2 9 10 11 12 13 41 43 44 45 46 51 52 53 54 56 58 59 60 61 
12600 58 2 9 10 11 12 13 42 43 44 45 46 47 49 51 52 53 54 55 56 57 60 61 
12600 59 41 57 
12600 60 2 9 10 11 12 13 41 44 45 46 48 49 51 52 53 54 55 56 57 58 61 
12600 61 2 9 10 11 12 13 41 43 44 45 46 48 49 51 52 54 56 57 58 60 
12600 62 3 14 63 64 66 67 68 70 71 73 75 76 77 78 81 83 
12600 63 3 14 62 64 65 66 67 68 69 70 71 72 73 74 75 76 77 78 79 80 81 82 83 84 85 
12600 64 3 14 62 63 65 66 67 68 69 70 71 72 73 74 75 76 77 78 79 80 81 82 83 84 85 
12600 65 3 14 63 64 66 67 68 69 70 71 72 73 74 75 76 78 79 80 81 82 83 84 85 
12600 66 3 14 62 63 64 65 67 68 69 70 71 72 73 74 75 76 77 78 79 80 81 82 83 84 85 
12600 67 3 14 62 63 64 65 66 68 69 70 71 72 73 74 75 76 77 78 79 80 81 82 83 84 85 
12600 68 3 14 62 63 64 65 66 67 69 70 71 72 74 75 76 77 78 79 80 81 82 83 84 
12600 69 3 14 63 64 65 66 67 68 71 72 74 76 78 79 80 81 82 83 84 85 
12600 70 3 14 62 63 64 65 66 67 68 71 72 75 76 77 78 79 80 81 82 83 
12600 71 3 14 62 63 64 65 66 67 68 69 70 72 73 74 75 76 77 78 79 80 81 82 83 84 85 
12600 72 3 14 63 64 65 66 67 68 69 70 71 74 75 76 78 79 80 81 82 83 84 85 
12600 73 3 14 62 63 64 65 66 67 71 76 77 78 79 81 82 83 
12600 74 3 14 63 64 65 66 67 68 69 71 72 75 78 79 80 81 82 83 84 85 
12600 75 3 14 62 63 64 65 66 67 68 70 71 72 74 76 77 78 80 81 83 
12600 76 3 14 62 63 64 65 66 67 68 69 70 71 72 73 75 77 78 79 80 81 82 83 85 
12600 77 3 14 62 63 64 66 67 68 70 71 73 75 76 78 81 82 83 
12600 78 3 14 62 63 64 65 66 67 68 69 70 71 72 73 74 75 76 77 79 80 81 82 83 84 85 
12600 79 3 14 63 64 65 66 67 68 69 70 71 72 73 74 76 78 80 81 82 83 84 85 
12600 80 3 14 63 64 65 66 67 68 69 70 71 72 74 75 76 78 79 81 82 83 84 85 
12600 81 3 14 62 63 64 65 66 67 68 69 70 71 72 73 74 75 76 77 78 79 80 82 83 84 85 
12600 82 3 14 63 64 65 66 67 68 69 70 71 72 73 74 76 77 78 79 80 81 83 85 
12600 83 3 14 62 63 64 65 66 67 68 69 70 71 72 73 74 75 76 77 78 79 80 81 82 84 85 
12600 84 3 14 63 64 65 66 67 68 69 71 72 74 78 79 80 81 83 85 
12600 85 3 14 63 64 65 66 67 69 71 72 74 76 78 79 80 81 82 83 84 
12600 86 0 1 2 3 
12600 87 0 1 3 
12600 88 0 1 2 3 
12600 89 0 1 2 
12600 90 0 1 2 3 
12600 91 0 2 3 
12600 92 0 1 2 
12600 93 0 1 2 3 
12600 94 0 1 3 
12600 95 0 1 2 3 
12600 96 0 1 2 3 
12600 97 0 2 
12600 98 0 1 2 3 
12600 99 0 1 2 
12600 100 0 2 3 
12600 101 0 1 2 3 
12600 102 0 1 2 3 
12600 103 0 1 2 3 
12600 104 0 1 2 3 
12600 105 0 1 2 3 
12600 106 0 1 2 3 
12600 107 0 2 3 
12600 108 0 1 2 3 
12600 109 0 1 3 
12600 110 0 2 
12600 111 0 1 2 3 
12600 112 0 1 2 3 
12600 113 0 1 2 
12600 114 0 1 2 3 
12600 115 0 1 2 
14400 0 86 87 88 89 90 91 92 93 94 95 96 97 98 99 100 101 102 103 104 105 106 107 108 109 110 111 112 113 114 115 
14400 1 4 5 6 7 8 15 16 17 20 21 24 25 26 28 29 30 31 32 33 34 35 36 37 38 39 40 86 87 88 89 90 92 93 94 95 96 98 99 101 102 103 104 105 106 108 109 111 112 113 114 115 
14400 2 9 10 11 12 13 41 43 44 45 46 48 49 51 52 53 54 55 56 57 58 60 61 86 88 89 90 91 92 93 95 96 97 98 99 100 101 102 103 104 105 106 107 108 110 111 112 113 114 115 
14400 3 14 62 63 64 65 66 67 68 69 70 71 72 73 74 75 76 77 78 79 80 81 82 83 84 85 86 87 88 90 91 93 94 95 96 98 100 101 102 103 104 105 106 107 108 109 111 112 114 
14400 4 1 5 6 7 8 15 16 17 20 21 24 25 26 28 29 30 31 32 33 34 35 36 37 38 39 40 
14400 5 1 4 6 7 8 15 16 17 20 21 24 25 26 28 29 30 31 32 33 34 35 36 37 38 39 40 
14400 6 1 4 5 7 8 15 16 17 20 21 24 25 26 28 29 30 31 32 33 34 35 36 37 38 39 40 
14400 7 1 4 5 6 8 15 16 17 20 21 24 25 26 28 29 30 31 32 33 34 35 36 37 38 39 40 
14400 8 1 4 5 6 7 15 16 17 20 21 24 25 26 28 29 30 31 32 33 34 35 36 37 38 39 40 
14400 9 2 10 11 12 13 41 43 44 45 46 48 49 51 52 53 54 55 56 57 58 60 61 
14400 10 2 9 11 12 13 41 43 44 45 46 48 49 51 52 53 54 55 56 57 58 60 61 
14400 11 2 9 10 12 13 41 43 44 45 46 48 49 51 52 53 54 55 56 57 58 60 61 
14400 12 2 9 10 11 13 41 43 44 45 46 48 49 51 52 53 54 55 56 57 58 60 61 
14400 13 2 9 10 11 12 41 43 44 45 46 48 49 51 52 53 54 55 56 57 58 60 61 
14400 14 3 62 63 64 65 66 67 68 69 70 71 72 73 74 75 76 77 78 79 80 81 82 83 84 85 
14400 15 1 4 5 6 7 8 17 25 28 32 34 36 37 38 
14400 16 1 4 5 6 7 8 17 19 20 21 24 25 26 28 29 30 31 32 33 34 35 36 37 38 39 40 
14400 17 1 4 5 6 7 8 15 16 19 20 21 24 25 26 27 28 32 33 34 37 38 40 
14400 18 19 22 27 
14400 19 16 17 18 22 27 34 
14400 20 1 4 5 6 7 8 16 17 21 24 25 26 28 29 30 31 33 34 35 36 37 38 39 40 
14400 21 1 4 5 6 7 8 16 17 20 24 25 26 28 29 30 31 33 34 35 36 37 38 39 40 
14400 22 18 19 27 
14400 23 29 39 
14400 24 1 4 5 6 7 8 16 17 20 21 25 26 28 29 30 31 33 34 35 36 37 38 39 40 
14400 25 1 4 5 6 7 8 15 16 17 20 21 24 26 28 29 30 32 33 34 35 36 37 38 40 
14400 26 1 4 5 6 7 8 16 17 20 21 24 25 28 29 30 31 33 34 35 36 37 38 39 40 
14400 27 17 18 19 22 34 
14400 28 1 4 5 6 7 8 15 16 17 20 21 24 25 26 29 30 32 33 34 35 36 37 38 40 
14400 29 1 4 5 6 7 8 16 20 21 23 24 25 26 28 30 31 33 34 35 36 37 38 39 40 
14400 30 1 4 5 6 7 8 16 20 21 24 25 26 28 29 31 33 34 35 36 37 38 39 40 
14400 31 1 4 5 6 7 8 16 20 21 24 26 29 30 33 34 35 36 37 38 39 40 
14400 32 1 4 5 6 7 8 15 16 17 25 28 34 35 36 37 38 
14400 33 1 4 5 6 7 8 16 17 20 21 24 25 26 28 29 30 31 34 35 36 37 38 39 40 
14400 34 1 4 5 6 7 8 15 16 17 19 20 21 24 25 26 27 28 29 30 31 32 33 35 36 37 38 39 40 
14400 35 1 4 5 6 7 8 16 20 21 24 25 26 28 29 30 31 32 33 34 36 37 38 39 40 
14400 36 1 4 5 6 7 8 15 16 20 21 24 25 26 28 29 30 31 32 33 34 35 37 38 39 40 
14400 37 1 4 5 6 7 8 15 16 17 20 21 24 25 26 28 29 30 31 32 33 34 35 36 38 39 40 
14400 38 1 4 5 6 7 8 15 16 17 20 21 24 25 26 28 29 30 31 32 33 34 35 36 37 39 40 
14400 39 1 4 5 6 7 8 16 20 21 23 24 26 29 30 31 33 34 35 36 37 38 40 
14400 40 1 4 5 6 7 8 16 17 20 21 24 25 26 28 29 30 31 33 34 35 36 37 38 39 
14400 41 2 9 10 11 12 13 43 44 46 48 51 52 53 54 55 56 57 59 60 61 
14400 42 45 49 58 
14400 43 2 9 10 11 12 13 41 46 48 49 51 52 53 54 55 56 57 60 61 
14400 44 2 9 10 11 12 13 41 45 46 48 49 51 52 53 54 55 56 57 58 60 61 
14400 45 2 9 10 11 12 13 42 44 46 47 48 49 50 51 52 53 54 55 56 57 58 60 61 
14400 46 2 9 10 11 12 13 41 43 44 45 48 49 51 52 53 54 55 56 57 58 60 61 
14400 47 45 48 50 53 58 
14400 48 2 9 10 11 12 13 41 43 44 45 46 47 49 51 52 53 54 55 56 57 58 60 61 
14400 49 2 9 10 11 12 13 42 43 44 45 46 48 51 52 53 54 55 56 57 58 60 61 
14400 50 45 47 53 58 
14400 51 2 9 10 11 12 13 41 43 44 45 46 48 49 52 53 54 55 56 57 58 60 61 
14400 52 2 9 10 11 12 13 41 43 44 45 46 48 49 51 53 54 55 56 57 58 60 61 
14400 53 2 9 10 11 12 13 41 43 44 45 46 47 48 49 50 51 52 54 55 56 57 58 60 61 
14400 54 2 9 10 11 12 13 41 43 44 45 46 48 49 51 52 53 55 56 57 58 60 61 
14400 55 2 9 10 11 12 13 41 43 44 45 46 48 49 51 52 53 54 56 57 58 60 61 
14400 56 2 9 10 11 12 13 41 43 44 45 46 48 49 51 52 53 54 55 57 58 59 60 61 
14400 57 2 9 10 11 12 13 41 43 44 45 46 48 49 51 52 53 54 55 56 58 60 61 
14400 58 2 9 10 11 12 13 42 44 45 46 47 48 49 50 51 52 53 54 55 56 57 60 61 
14400 59 41 56 
14400 60 2 9 10 11 12 13 41 43 44 45 46 48 49 51 52 53 54 55 56 57 58 61 
14400 61 2 9 10 11 12 13 41 43 44 45 46 48 49 51 52 53 54 55 56 57 58 60 
14400 62 3 14 63 64 65 66 67 68 70 71 72 73 75 76 77 78 79 80 81 82 83 85 
14400 63 3 14 62 64 65 66 67 68 69 70 71 72 73 74 75 76 77 78 79 80 81 82 83 84 85 
14400 64 3 14 62 63 65 66 67 68 69 70 71 72 73 74 75 76 77 78 79 80 81 82 83 84 85 
14400 65 3 14 62 63 64 66 67 68 69 70 71 72 73 74 75 76 78 79 80 81 82 83 84 85 
14400 66 3 14 62 63 64 65 67 68 69 70 71 72 73 74 75 76 77 78 79 80 81 82 83 84 85 
14400 67 3 14 62 63 64 65 66 68 69 70 71 72 73 74 75 76 77 78 79 80 81 82 83 84 85 
14400 68 3 14 62 63 64 65 66 67 69 70 71 72 74 75 76 77 78 79 80 81 82 83 84 
14400 69 3 14 63 64 65 66 67 68 71 72 74 76 78 79 80 81 82 83 84 85 
14400 70 3 14 62 63 64 65 66 67 68 71 72 75 77 78 79 80 81 82 83 
14400 71 3 14 62 63 64 65 66 67 68 69 70 72 73 74 75 76 77 78 79 80 81 82 83 84 85 
14400 72 3 14 62 63 64 65 66 67 68 69 70 71 74 75 76 78 79 80 81 82 83 84 85 
14400 73 3 14 62 63 64 65 66 67 71 76 77 78 79 82 83 
14400 74 3 14 63 64 65 66 67 68 69 71 72 75 78 79 80 81 82 83 84 85 
14400 75 3 14 62 63 64 65 66 67 68 70 71 72 74 77 78 80 81 83 
14400 76 3 14 62 63 64 65 66 67 68 69 71 72 73 77 78 79 80 81 82 83 85 
14400 77 3 14 62 63 64 66 67 68 70 71 73 75 76 78 82 83 
14400 78 3 14 62 63 64 65 66 67 68 69 70 71 72 73 74 75 76 77 79 80 81 82 83 84 85 
14400 79 3 14 62 63 64 65 66 67 68 69 70 71 72 73 74 76 78 80 81 82 83 84 85 
14400 80 3 14 62 63 64 65 66 67 68 69 70 71 72 74 75 76 78 79 81 82 83 84 85 
14400 81 3 14 62 63 64 65 66 67 68 69 70 71 72 74 75 76 78 79 80 82 83 84 85 
14400 82 3 14 62 63 64 65 66 67 68 69 70 71 72 73 74 76 77 78 79 80 81 83 85 
14400 83 3 14 62 63 64 65 66 67 68 69 70 71 72 73 74 75 76 77 78 79 80 81 82 84 85 
14400 84 3 14 63 64 65 66 67 68 69 71 72 74 78 79 80 81 83 85 
14400 85 3 14 62 63 64 65 66 67 69 71 72 74 76 78 79 80 81 82 83 84 
14400 86 0 1 2 3 
14400 87 0 1 3 
14400 88 0 1 2 3 
14400 89 0 1 2 
14400 90 0 1 2 3 
14400 91 0 2 3 
14400 92 0 1 2 
14400 93 0 1 2 3 
14400 94 0 1 3 
14400 95 0 1 2 3 
14400 96 0 1 2 3 
14400 97 0 2 
14400 98 0 1 2 3 
14400 99 0 1 2 
14400 100 0 2 3 
14400 101 0 1 2 3 
14400 102 0 1 2 3 
14400 103 0 1 2 3 
14400 104 0 1 2 3 
14400 105 0 1 2 3 
14400 106 0 1 2 3 
14400 107 0 2 3 
14400 108 0 1 2 3 
14400 109 0 1 3 
14400 110 0 2 
14400 111 0 1 2 3 
14400 112 0 1 2 3 
14400 113 0 1 2 
14400 114 0 1 2 3 
14400 115 0 1 2 
16200 0 86 87 88 89 90 91 92 93 94 95 96 97 98 99 100 101 102 103 104 105 106 107 108 109 110 111 112 113 114 115 
16200 1 4 5 6 7 8 15 16 17 20 21 24 25 26 28 29 30 31 32 33 34 35 36 37 38 39 40 86 87 88 89 90 92 93 94 95 96 98 99 101 102 103 104 105 106 108 109 111 112 113 114 115 
16200 2 9 10 11 12 13 41 42 44 45 46 48 49 51 52 53 54 55 56 57 58 60 61 86 88 89 90 91 92 93 95 96 97 98 99 100 101 102 103 104 105 106 107 108 110 111 112 113 114 115 
16200 3 14 62 63 64 65 66 67 68 69 70 71 72 73 74 75 76 77 78 79 80 81 82 83 84 85 86 87 88 90 91 93 94 95 96 98 100 101 102 103 104 105 106 107 108 109 111 112 114 
16200 4 1 5 6 7 8 15 16 17 20 21 24 25 26 28 29 30 31 32 33 34 35 36 37 38 39 40 
16200 5 1 4 6 7 8 15 16 17 20 21 24 25 26 28 29 30 31 32 33 34 35 36 37 38 39 40 
16200 6 1 4 5 7 8 15 16 17 20 21 24 25 26 28 29 30 31 32 33 34 35 36 37 38 39 40 
16200 7 1 4 5 6 8 15 16 17 20 21 24 25 26 28 29 30 31 32 33 34 35 36 37 38 39 40 
16200 8 1 4 5 6 7 15 16 17 20 21 24 25 26 28 29 30 31 32 33 34 35 36 37 38 39 40 
16200 9 2 10 11 12 13 41 42 44 45 46 48 49 51 52 53 54 55 56 57 58 60 61 
16200 10 2 9 11 12 13 41 42 44 45 46 48 49 51 52 53 54 55 56 57 58 60 61 
16200 11 2 9 10 12 13 41 42 44 45 46 48 49 51 52 53 54 55 56 57 58 60 61 
16200 12 2 9 10 11 13 41 42 44 45 46 48 49 51 52 53 54 55 56 57 58 60 61 
16200 13 2 9 10 11 12 41 42 44 45 46 48 49 51 52 53 54 55 56 57 58 60 61 
16200 14 3 62 63 64 65 66 67 68 69 70 71 72 73 74 75 76 77 78 79 80 81 82 83 84 85 
16200 15 1 4 5 6 7 8 17 20 25 28 32 36 37 38 
16200 16 1 4 5 6 7 8 17 19 20 21 24 25 26 28 29 30 31 32 33 34 35 36 37 38 39 40 
16200 17 1 4 5 6 7 8 15 16 19 20 21 24 25 26 27 28 29 30 31 32 33 34 35 38 39 40 
16200 18 19 22 27 
16200 19 16 17 18 22 27 
16200 20 1 4 5 6 7 8 15 16 17 21 24 25 26 28 29 30 31 32 33 34 35 36 37 38 39 40 
16200 21 1 4 5 6 7 8 16 17 20 24 25 26 28 29 30 31 33 34 35 36 37 38 39 40 
16200 22 18 19 27 
16200 23 39 
16200 24 1 4 5 6 7 8 16 17 20 21 25 26 28 29 30 31 33 34 35 36 37 38 39 40 
16200 25 1 4 5 6 7 8 15 16 17 20 21 24 26 28 29 30 32 33 35 36 37 38 40 
16200 26 1 4 5 6 7 8 16 17 20 21 24 25 28 29 30 31 33 34 35 36 37 38 39 40 
16200 27 17 18 19 22 
16200 28 1 4 5 6 7 8 15 16 17 20 21 24 25 26 29 30 32 33 34 35 36 37 38 40 
16200 29 1 4 5 6 7 8 16 17 20 21 24 25 26 28 30 31 33 34 35 36 37 38 39 40 
16200 30 1 4 5 6 7 8 16 17 20 21 24 25 26 28 29 31 33 34 35 36 37 38 39 40 
16200 31 1 4 5 6 7 8 16 17 20 21 24 26 29 30 33 34 35 38 39 40 
16200 32 1 4 5 6 7 8 15 16 17 20 25 28 35 36 37 38 
16200 33 1 4 5 6 7 8 16 17 20 21 24 25 26 28 29 30 31 34 35 36 37 38 39 40 
16200 34 1 4 5 6 7 8 16 17 20 21 24 26 28 29 30 31 33 35 36 37 38 39 40 
16200 35 1 4 5 6 7 8 16 17 20 21 24 25 26 28 29 30 31 32 33 34 36 37 38 39 40 
16200 36 1 4 5 6 7 8 15 16 20 21 24 25 26 28 29 30 32 33 34 35 37 38 39 40 
16200 37 1 4 5 6 7 8 15 16 20 21 24 25 26 28 29 30 32 33 34 35 36 38 39 40 
16200 38 1 4 5 6 7 8 15 16 17 20 21 24 25 26 28 29 30 31 32 33 34 35 36 37 39 40 
16200 39 1 4 5 6 7 8 16 17 20 21 23 24 26 29 30 31 33 34 35 36 37 38 40 
16200 40 1 4 5 6 7 8 16 17 20 21 24 25 26 28 29 30 31 33 34 35 36 37 38 39 
16200 41 2 9 10 11 12 13 43 44 46 48 51 52 54 55 56 57 59 60 61 
16200 42 2 9 10 11 12 13 44 45 46 48 49 51 52 53 54 55 56 58 60 61 
16200 43 41 44 55 56 61 
16200 44 2 9 10 11 12 13 41 42 43 45 46 48 49 51 52 53 54 55 56 57 58 60 61 
16200 45 2 9 10 11 12 13 42 44 46 47 48 49 50 51 52 53 54 55 56 57 58 60 61 
16200 46 2 9 10 11 12 13 41 42 44 45 48 49 51 52 53 54 55 56 57 58 60 61 
16200 47 45 48 50 53 57 58 
16200 48 2 9 10 11 12 13 41 42 44 45 46 47 49 51 52 53 54 55 56 57 58 60 61 
16200 49 2 9 10 11 12 13 42 44 45 46 48 51 52 53 54 55 56 57 58 60 61 
16200 50 45 47 57 
16200 51 2 9 10 11 12 13 41 42 44 45 46 48 49 52 53 54 55 56 57 58 59 60 61 
16200 52 2 9 10 11 12 13 41 42 44 45 46 48 49 51 53 54 55 56 57 58 60 61 
16200 53 2 9 10 11 12 13 42 44 45 46 47 48 49 51 52 54 56 57 58 60 
16200 54 2 9 10 11 12 13 41 42 44 45 46 48 49 51 52 53 55 56 57 58 60 61 
16200 55 2 9 10 11 12 13 41 42 43 44 45 46 48 49 51 52 54 56 57 58 60 61 
16200 56 2 9 10 11 12 13 41 42 43 44 45 46 48 49 51 52 53 54 55 57 58 60 61 
16200 57 2 9 10 11 12 13 41 44 45 46 47 48 49 50 51 52 53 54 55 56 58 60 61 
16200 58 2 9 10 11 12 13 42 44 45 46 47 48 49 51 52 53 54 55 56 57 60 61 
16200 59 41 51 
16200 60 2 9 10 11 12 13 41 42 44 45 46 48 49 51 52 53 54 55 56 57 58 61 
16200 61 2 9 10 11 12 13 41 42 43 44 45 46 48 49 51 52 54 55 56 57 58 60 
16200 62 3 14 63 64 66 67 68 70 71 73 75 76 77 78 83 
16200 63 3 14 62 64 65 66 67 68 69 70 71 72 73 74 75 76 77 78 79 80 81 82 83 84 85 
16200 64 3 14 62 63 65 66 67 68 69 70 71 72 73 74 75 76 77 78 79 80 81 82 83 84 85 
16200 65 3 14 63 64 66 67 68 69 70 71 72 73 74 75 76 78 79 80 81 82 83 84 85 
16200 66 3 14 62 63 64 65 67 68 69 70 71 72 73 74 75 76 77 78 79 80 81 82 83 84 85 
16200 67 3 14 62 63 64 65 66 68 69 70 71 72 73 74 75 76 77 78 79 80 81 82 83 84 85 
16200 68 3 14 62 63 64 65 66 67 69 70 71 72 74 75 76 77 78 79 80 81 82 83 84 
16200 69 3 14 63 64 65 66 67 68 71 72 74 76 78 79 80 81 82 83 84 85 
16200 70 3 14 62 63 64 65 66 67 68 71 72 75 77 78 79 80 81 82 83 
16200 71 3 14 62 63 64 65 66 67 68 69 70 72 73 74 75 76 77 78 79 80 81 82 83 84 85 
16200 72 3 14 63 64 65 66 67 68 69 70 71 74 75 76 78 79 80 81 82 83 84 85 
16200 73 3 14 62 63 64 65 66 67 71 76 77 78 79 82 83 
16200 74 3 14 63 64 65 66 67 68 69 71 72 75 78 79 80 81 82 83 84 85 
16200 75 3 14 62 63 64 65 66 67 68 70 71 72 74 77 78 80 81 83 
16200 76 3 14 62 63 64 65 66 67 68 69 71 72 73 77 78 79 80 81 82 83 85 
16200 77 3 14 62 63 64 66 67 68 70 71 73 75 76 78 82 83 
16200 78 3 14 62 63 64 65 66 67 68 69 70 71 72 73 74 75 76 77 79 80 81 82 83 84 85 
16200 79 3 14 63 64 65 66 67 68 69 70 71 72 73 74 76 78 80 81 82 83 84 85 
16200 80 3 14 63 64 65 66 67 68 69 70 71 72 74 75 76 78 79 81 82 83 84 85 
16200 81 3 14 63 64 65 66 67 68 69 70 71 72 74 75 76 78 79 80 82 83 84 85 
16200 82 3 14 63 64 65 66 67 68 69 70 71 72 73 74 76 77 78 79 80 81 83 85 
16200 83 3 14 62 63 64 65 66 67 68 69 70 71 72 73 74 75 76 77 78 79 80 81 82 84 85 
16200 84 3 14 63 64 65 66 67 68 69 71 72 74 78 79 80 81 83 85 
16200 85 3 14 63 64 65 66 67 69 71 72 74 76 78 79 80 81 82 83 84 
16200 86 0 1 2 3 
16200 87 0 1 3 
16200 88 0 1 2 3 
16200 89 0 1 2 
16200 90 0 1 2 3 
16200 91 0 2 3 
16200 92 0 1 2 
16200 93 0 1 2 3 
16200 94 0 1 3 
16200 95 0 1 2 3 
16200 96 0 1 2 3 
16200 97 0 2 
16200 98 0 1 2 3 
16200 99 0 1 2 
16200 100 0 2 3 
16200 101 0 1 2 3 
16200 102 0 1 2 3 
16200 103 0 1 2 3 
16200 104 0 1 2 3 
16200 105 0 1 2 3 
16200 106 0 1 2 3 
16200 107 0 2 3 
16200 108 0 1 2 3 
16200 109 0 1 3 
16200 110 0 2 
16200 111 0 1 2 3 
16200 112 0 1 2 3 
16200 113 0 1 2 
16200 114 0 1 2 3 
16200 115 0 1 2 
18000 0 86 87 88 89 90 91 92 93 94 95 96 97 98 99 100 101 102 103 104 105 106 107 108 109 110 111 112 113 114 115 
18000 1 4 5 6 7 8 15 16 17 20 21 24 25 26 28 29 30 31 32 33 34 35 36 37 38 39 40 86 87 88 89 90 92 93 94 95 96 98 99 101 102 103 104 105 106 108 109 111 112 113 114 115 
18000 2 9 10 11 12 13 41 44 45 46 48 49 51 52 53 54 55 56 57 58 60 61 86 88 89 90 91 92 93 95 96 97 98 99 100 101 102 103 104 105 106 107 108 110 111 112 113 114 115 
18000 3 14 62 63 64 65 66 67 68 69 70 71 72 73 74 75 76 77 78 79 80 81 82 83 84 85 86 87 88 90 91 93 94 95 96 98 100 101 102 103 104 105 106 107 108 109 111 112 114 
18000 4 1 5 6 7 8 15 16 17 20 21 24 25 26 28 29 30 31 32 33 34 35 36 37 38 39 40 
18000 5 1 4 6 7 8 15 16 17 20 21 24 25 26 28 29 30 31 32 33 34 35 36 37 38 39 40 
18000 6 1 4 5 7 8 15 16 17 20 21 24 25 26 28 29 30 31 32 33 34 35 36 37 38 39 40 
18000 7 1 4 5 6 8 15 16 17 20 21 24 25 26 28 29 30 31 32 33 34 35 36 37 38 39 40 
18000 8 1 4 5 6 7 15 16 17 20 21 24 25 26 28 29 30 31 32 33 34 35 36 37 38 39 40 
18000 9 2 10 11 12 13 41 44 45 46 48 49 51 52 53 54 55 56 57 58 60 61 
18000 10 2 9 11 12 13 41 44 45 46 48 49 51 52 53 54 55 56 57 58 60 61 
18000 11 2 9 10 12 13 41 44 45 46 48 49 51 52 53 54 55 56 57 58 60 61 
18000 12 2 9 10 11 13 41 44 45 46 48 49 51 52 53 54 55 56 57 58 60 61 
18000 13 2 9 10 11 12 41 44 45 46 48 49 51 52 53 54 55 56 57 58 60 61 
18000 14 3 62 63 64 65 66 67 68 69 70 71 72 73 74 75 76 77 78 79 80 81 82 83 84 85 
18000 15 1 4 5 6 7 8 17 25 28 29 32 36 37 38 
18000 16 1 4 5 6 7 8 17 19 20 21 24 25 26 28 29 30 31 32 33 34 35 36 37 38 39 40 
18000 17 1 4 5 6 7 8 15 16 19 20 21 24 25 26 27 28 29 31 32 33 37 38 40 
18000 18 19 22 27 
18000 19 16 17 18 22 27 
18000 20 1 4 5 6 7 8 16 17 21 24 25 26 28 29 30 31 33 34 35 36 37 38 39 40 
18000 21 1 4 5 6 7 8 16 17 20 24 25 26 28 29 30 31 33 34 35 36 37 38 39 40 
18000 22 18 19 27 
18000 23 39 
18000 24 1 4 5 6 7 8 16 17 20 21 25 26 28 29 30 31 33 34 35 36 37 38 39 40 
18000 25 1 4 5 6 7 8 15 16 17 20 21 24 26 28 29 30 31 32 33 35 36 37 38 40 
18000 26 1 4 5 6 7 8 16 17 20 21 24 25 28 29 30 31 33 34 35 36 37 38 39 40 
18000 27 17 18 19 22 
18000 28 1 4 5 6 7 8 15 16 17 20 21 24 25 26 29 30 31 32 33 34 35 36 37 38 40 
18000 29 1 4 5 6 7 8 15 16 17 20 21 24 25 26 28 30 31 32 33 34 35 36 37 38 39 40 
18000 30 1 4 5 6 7 8 16 20 21 24 25 26 28 29 31 33 34 35 36 37 38 39 40 
18000 31 1 4 5 6 7 8 16 17 20 21 24 25 26 28 29 30 33 34 35 36 37 38 39 40 
18000 32 1 4 5 6 7 8 15 16 17 25 28 29 35 36 37 38 
18000 33 1 4 5 6 7 8 16 17 20 21 24 25 26 28 29 30 31 34 35 36 37 38 39 40 
18000 34 1 4 5 6 7 8 16 20 21 24 26 28 29 30 31 33 35 36 37 38 39 40 
18000 35 1 4 5 6 7 8 16 20 21 24 25 26 28 29 30 31 32 33 34 36 37 38 39 40 
18000 36 1 4 5 6 7 8 15 16 20 21 24 25 26 28 29 30 31 32 33 34 35 37 38 39 40 
18000 37 1 4 5 6 7 8 15 16 17 20 21 24 25 26 28 29 30 31 32 33 34 35 36 38 39 40 
18000 38 1 4 5 6 7 8 15 16 17 20 21 24 25 26 28 29 30 31 32 33 34 35 36 37 39 40 
18000 39 1 4 5 6 7 8 16 20 21 23 24 26 29 30 31 33 34 35 36 37 38 40 
18000 40 1 4 5 6 7 8 16 17 20 21 24 25 26 28 29 30 31 33 34 35 36 37 38 39 
18000 41 2 9 10 11 12 13 43 44 46 48 51 52 54 55 56 57 59 60 61 
18000 42 45 49 53 58 
18000 43 41 55 56 61 
18000 44 2 9 10 11 12 13 41 45 46 48 49 51 52 53 54 55 56 57 58 60 61 
18000 45 2 9 10 11 12 13 42 44 46 47 48 49 50 51 52 53 54 55 56 57 58 60 61 
18000 46 2 9 10 11 12 13 41 44 45 48 49 51 52 53 54 55 56 57 58 60 61 
18000 47 45 48 50 53 56 58 
18000 48 2 9 10 11 12 13 41 44 45 46 47 49 51 52 53 54 55 56 57 58 60 61 
18000 49 2 9 10 11 12 13 42 44 45 46 48 51 52 53 54 55 56 57 58 60 61 
18000 50 45 47 56 
18000 51 2 9 10 11 12 13 41 44 45 46 48 49 52 53 54 55 56 57 58 60 61 
18000 52 2 9 10 11 12 13 41 44 45 46 48 49 51 53 54 55 56 57 58 60 61 
18000 53 2 9 10 11 12 13 42 44 45 46 47 48 49 51 52 54 56 57 58 60 
18000 54 2 9 10 11 12 13 41 44 45 46 48 49 51 52 53 55 56 57 58 60 61 
18000 55 2 9 10 11 12 13 41 43 44 45 46 48 49 51 52 54 56 57 58 60 61 
18000 56 2 9 10 11 12 13 41 43 44 45 46 47 48 49 50 51 52 53 54 55 57 58 60 61 
18000 57 2 9 10 11 12 13 41 44 45 46 48 49 51 52 53 54 55 56 58 60 61 
18000 58 2 9 10 11 12 13 42 44 45 46 47 48 49 51 52 53 54 55 56 57 60 61 
18000 59 41 
18000 60 2 9 10 11 12 13 41 44 45 46 48 49 51 52 53 54 55 56 57 58 61 
18000 61 2 9 10 11 12 13 41 43 44 45 46 48 49 51 52 54 55 56 57 58 60 
18000 62 3 14 63 64 66 67 68 70 71 73 75 76 77 78 81 83 
18000 63 3 14 62 64 65 66 67 68 69 70 71 72 73 74 75 76 77 78 79 80 81 82 83 84 85 
18000 64 3 14 62 63 65 66 67 68 69 70 71 72 73 74 75 76 77 78 79 80 81 82 83 84 85 
18000 65 3 14 63 64 66 67 68 69 70 71 72 73 74 75 76 78 79 80 81 82 83 84 85 
18000 66 3 14 62 63 64 65 67 68 69 70 71 72 73 74 75 76 77 78 79 80 81 82 83 84 85 
18000 67 3 14 62 63 64 65 66 68 69 70 71 72 73 74 75 76 77 78 79 80 81 82 83 84 85 
18000 68 3 14 62 63 64 65 66 67 69 70 71 72 74 75 76 77 78 79 80 81 82 83 84 
18000 69 3 14 63 64 65 66 67 68 71 72 74 76 78 79 80 81 82 83 84 85 
18000 70 3 14 62 63 64 65 66 67 68 71 72 75 77 78 79 80 81 82 83 
18000 71 3 14 62 63 64 65 66 67 68 69 70 72 73 74 75 76 77 78 79 80 81 82 83 84 85 
18000 72 3 14 63 64 65 66 67 68 69 70 71 74 75 76 78 79 80 81 82 83 84 85 
18000 73 3 14 62 63 64 65 66 67 71 76 77 78 79 81 82 83 
18000 74 3 14 63 64 65 66 67 68 69 71 72 75 78 79 80 81 82 83 84 85 
18000 75 3 14 62 63 64 65 66 67 68 70 71 72 74 77 78 80 81 83 
18000 76 3 14 62 63 64 65 66 67 68 69 71 72 73 77 78 79 80 81 82 83 85 
18000 77 3 14 62 63 64 66 67 68 70 71 73 75 76 78 81 82 83 
18000 78 3 14 62 63 64 65 66 67 68 69 70 71 72 73 74 75 76 77 79 80 81 82 83 84 85 
18000 79 3 14 63 64 65 66 67 68 69 70 71 72 73 74 76 78 80 81 82 83 84 85 
18000 80 3 14 63 64 65 66 67 68 69 70 71 72 74 75 76 78 79 81 82 83 84 85 
18000 81 3 14 62 63 64 65 66 67 68 69 70 71 72 73 74 75 76 77 78 79 80 82 83 84 85 
18000 82 3 14 63 64 65 66 67 68 69 70 71 72 73 74 76 77 78 79 80 81 83 85 
18000 83 3 14 62 63 64 65 66 67 68 69 70 71 72 73 74 75 76 77 78 79 80 81 82 84 85 
18000 84 3 14 63 64 65 66 67 68 69 71 72 74 78 79 80 81 83 85 
18000 85 3 14 63 64 65 66 67 69 71 72 74 76 78 79 80 81 82 83 84 
18000 86 0 1 2 3 
18000 87 0 1 3 
18000 88 0 1 2 3 
18000 89 0 1 2 
18000 90 0 1 2 3 
18000 91 0 2 3 
18000 92 0 1 2 
18000 93 0 1 2 3 
18000 94 0 1 3 
18000 95 0 1 2 3 
18000 96 0 1 2 3 
18000 97 0 2 
18000 98 0 1 2 3 
18000 99 0 1 2 
18000 100 0 2 3 
18000 101 0 1 2 3 
18000 102 0 1 2 3 
18000 103 0 1 2 3 
18000 104 0 1 2 3 
18000 105 0 1 2 3 
18000 106 0 1 2 3 
18000 107 0 2 3 
18000 108 0 1 2 3 
18000 109 0 1 3 
18000 110 0 2 
18000 111 0 1 2 3 
18000 112 0 1 2 3 
18000 113 0 1 2 
18000 114 0 1 2 3 
18000 115 0 1 2 
19800 0 86 87 88 89 90 91 92 93 94 95 96 97 98 99 100 101 102 103 104 105 106 107 108 109 110 111 112 113 114 115 
19800 1 4 5 6 7 8 15 16 17 20 21 24 25 26 28 29 30 31 32 33 34 35 36 37 38 39 40 86 87 88 89 90 92 93 94 95 96 98 99 101 102 103 104 105 106 108 109 111 112 113 114 115 
19800 2 9 10 11 12 13 41 43 44 45 46 48 49 51 52 53 54 55 56 57 58 60 61 86 88 89 90 91 92 93 95 96 97 98 99 100 101 102 103 104 105 106 107 108 110 111 112 113 114 115 
19800 3 14 62 63 64 65 66 67 68 69 70 71 72 73 74 75 76 77 78 79 80 81 82 83 84 85 86 87 88 90 91 93 94 95 96 98 100 101 102 103 104 105 106 107 108 109 111 112 114 
19800 4 1 5 6 7 8 15 16 17 20 21 24 25 26 28 29 30 31 32 33 34 35 36 37 38 39 40 
19800 5 1 4 6 7 8 15 16 17 20 21 24 25 26 28 29 30 31 32 33 34 35 36 37 38 39 40 
19800 6 1 4 5 7 8 15 16 17 20 21 24 25 26 28 29 30 31 32 33 34 35 36 37 38 39 40 
19800 7 1 4 5 6 8 15 16 17 20 21 24 25 26 28 29 30 31 32 33 34 35 36 37 38 39 40 
19800 8 1 4 5 6 7 15 16 17 20 21 24 25 26 28 29 30 31 32 33 34 35 36 37 38 39 40 
19800 9 2 10 11 12 13 41 43 44 45 46 48 49 51 52 53 54 55 56 57 58 60 61 
19800 10 2 9 11 12 13 41 43 44 45 46 48 49 51 52 53 54 55 56 57 58 60 61 
19800 11 2 9 10 12 13 41 43 44 45 46 48 49 51 52 53 54 55 56 57 58 60 61 
19800 12 2 9 10 11 13 41 43 44 45 46 48 49 51 52 53 54 55 56 57 58 60 61 
19800 13 2 9 10 11 12 41 43 44 45 46 48 49 51 52 53 54 55 56 57 58 60 61 
19800 14 3 62 63 64 65 66 67 68 69 70 71 72 73 74 75 76 77 78 79 80 81 82 83 84 85 
19800 15 1 4 5 6 7 8 17 25 26 28 32 36 37 38 
19800 16 1 4 5 6 7 8 17 19 20 21 24 25 26 28 29 30 31 32 33 34 35 36 37 38 39 40 
19800 17 1 4 5 6 7 8 15 16 19 20 21 24 25 26 27 28 32 33 36 37 38 40 
19800 18 19 22 27 32 
19800 19 16 17 18 22 26 27 32 
19800 20 1 4 5 6 7 8 16 17 21 24 25 26 28 29 30 31 33 34 35 36 37 38 39 40 
19800 21 1 4 5 6 7 8 16 17 20 24 25 26 28 29 30 31 33 34 35 36 37 38 39 40 
19800 22 18 19 27 32 
19800 23 39 
19800 24 1 4 5 6 7 8 16 17 20 21 25 26 28 29 30 31 33 34 35 36 37 38 39 40 
19800 25 1 4 5 6 7 8 15 16 17 20 21 24 26 28 29 30 32 33 35 36 37 38 40 
19800 26 1 4 5 6 7 8 15 16 17 19 20 21 24 25 27 28 29 30 31 32 33 34 35 36 37 38 39 40 
19800 27 17 18 19 22 26 
19800 28 1 4 5 6 7 8 15 16 17 20 21 24 25 26 29 30 32 33 34 35 36 37 38 40 
19800 29 1 4 5 6 7 8 16 20 21 24 25 26 28 30 31 33 34 35 36 37 38 39 40 
19800 30 1 4 5 6 7 8 16 20 21 24 25 26 28 29 31 33 34 35 36 37 38 39 40 
19800 31 1 4 5 6 7 8 16 20 21 24 26 29 30 32 33 34 35 37 38 39 40 
19800 32 1 4 5 6 7 8 15 16 17 18 19 22 25 26 28 31 34 35 36 37 38 
19800 33 1 4 5 6 7 8 16 17 20 21 24 25 26 28 29 30 31 34 35 36 37 38 39 40 
19800 34 1 4 5 6 7 8 16 20 21 24 26 28 29 30 31 32 33 35 36 37 38 39 40 
19800 35 1 4 5 6 7 8 16 20 21 24 25 26 28 29 30 31 32 33 34 36 37 38 39 40 
19800 36 1 4 5 6 7 8 15 16 17 20 21 24 25 26 28 29 30 32 33 34 35 37 38 39 40 
19800 37 1 4 5 6 7 8 15 16 17 20 21 24 25 26 28 29 30 31 32 33 34 35 36 38 39 40 
19800 38 1 4 5 6 7 8 15 16 17 20 21 24 25 26 28 29 30 31 32 33 34 35 36 37 39 40 
19800 39 1 4 5 6 7 8 16 20 21 23 24 26 29 30 31 33 34 35 36 37 38 40 
19800 40 1 4 5 6 7 8 16 17 20 21 24 25 26 28 29 30 31 33 34 35 36 37 38 39 
19800 41 2 9 10 11 12 13 43 44 46 48 51 52 54 55 56 57 59 60 61 
19800 42 44 45 49 53 58 60 
19800 43 2 9 10 11 12 13 41 46 49 51 52 54 55 56 57 61 
19800 44 2 9 10 11 12 13 41 42 45 46 47 48 49 51 52 53 54 55 56 57 58 60 61 
19800 45 2 9 10 11 12 13 42 44 46 47 48 49 50 51 52 53 54 55 56 57 58 60 61 
19800 46 2 9 10 11 12 13 41 43 44 45 48 49 51 52 53 54 55 56 57 58 60 61 
19800 47 44 45 48 50 53 58 60 
19800 48 2 9 10 11 12 13 41 44 45 46 47 49 51 52 53 54 55 56 57 58 60 61 
19800 49 2 9 10 11 12 13 42 43 44 45 46 48 51 52 53 54 55 56 57 58 60 61 
19800 50 45 47 
19800 51 2 9 10 11 12 13 41 43 44 45 46 48 49 52 53 54 55 56 57 58 60 61 
19800 52 2 9 10 11 12 13 41 43 44 45 46 48 49 51 53 54 55 56 57 58 60 61 
19800 53 2 9 10 11 12 13 42 44 45 46 47 48 49 51 52 54 56 57 58 60 
19800 54 2 9 10 11 12 13 41 43 44 45 46 48 49 51 52 53 55 56 57 58 60 61 
19800 55 2 9 10 11 12 13 41 43 44 45 46 48 49 51 52 54 56 57 58 60 61 
19800 56 2 9 10 11 12 13 41 43 44 45 46 48 49 51 52 53 54 55 57 58 60 61 
19800 57 2 9 10 11 12 13 41 43 44 45 46 48 49 51 52 53 54 55 56 58 60 61 
19800 58 2 9 10 11 12 13 42 44 45 46 47 48 49 51 52 53 54 55 56 57 60 
19800 59 41 
19800 60 2 9 10 11 12 13 41 42 44 45 46 47 48 49 51 52 53 54 55 56 57 58 61 
19800 61 2 9 10 11 12 13 41 43 44 45 46 48 49 51 52 54 55 56 57 60 
19800 62 3 14 63 64 66 67 68 70 71 72 73 75 76 77 78 80 82 83 
19800 63 3 14 62 64 65 66 67 68 69 70 71 72 73 74 75 76 77 78 79 80 81 82 83 84 85 
19800 64 3 14 62 63 65 66 67 68 69 70 71 72 73 74 75 76 77 78 79 80 81 82 83 84 85 
19800 65 3 14 63 64 66 67 68 69 70 71 72 73 74 75 76 78 79 80 81 82 83 84 85 
19800 66 3 14 62 63 64 65 67 68 69 70 71 72 73 74 75 76 77 78 79 80 81 82 83 84 85 
19800 67 3 14 62 63 64 65 66 68 69 70 71 72 73 74 75 76 77 78 79 80 81 82 83 84 85 
19800 68 3 14 62 63 64 65 66 67 69 70 71 72 73 74 75 76 77 79 80 81 82 83 84 
19800 69 3 14 63 64 65 66 67 68 71 72 74 76 78 79 80 81 82 83 84 85 
19800 70 3 14 62 63 64 65 66 67 68 71 72 75 77 78 79 80 81 82 83 
19800 71 3 14 62 63 64 65 66 67 68 69 70 72 73 74 75 76 77 78 79 80 81 82 83 84 85 
19800 72 3 14 62 63 64 65 66 67 68 69 70 71 74 75 76 77 78 79 80 81 82 83 84 85 
19800 73 3 14 62 63 64 65 66 67 68 71 76 77 78 79 80 82 83 
19800 74 3 14 63 64 65 66 67 68 69 71 72 75 78 79 80 81 82 83 84 85 
19800 75 3 14 62 63 64 65 66 67 68 70 71 72 74 77 78 80 81 82 83 
19800 76 3 14 62 63 64 65 66 67 68 69 71 72 73 77 78 79 80 81 82 83 85 
19800 77 3 14 62 63 64 66 67 68 70 71 72 73 75 76 80 82 83 
19800 78 3 14 62 63 64 65 66 67 69 70 71 72 73 74 75 76 79 80 81 82 83 84 85 
19800 79 3 14 63 64 65 66 67 68 69 70 71 72 73 74 76 78 80 81 82 83 84 85 
19800 80 3 14 62 63 64 65 66 67 68 69 70 71 72 73 74 75 76 77 78 79 81 82 83 84 85 
19800 81 3 14 63 64 65 66 67 68 69 70 71 72 74 75 76 78 79 80 82 83 84 85 
19800 82 3 14 62 63 64 65 66 67 68 69 70 71 72 73 74 75 76 77 78 79 80 81 83 85 
19800 83 3 14 62 63 64 65 66 67 68 69 70 71 72 73 74 75 76 77 78 79 80 81 82 84 85 
19800 84 3 14 63 64 65 66 67 68 69 71 72 74 78 79 80 81 83 85 
19800 85 3 14 63 64 65 66 67 69 71 72 74 76 78 79 80 81 82 83 84 
19800 86 0 1 2 3 
19800 87 0 1 3 
19800 88 0 1 2 3 
19800 89 0 1 2 
19800 90 0 1 2 3 
19800 91 0 2 3 
19800 92 0 1 2 
19800 93 0 1 2 3 
19800 94 0 1 3 
19800 95 0 1 2 3 
19800 96 0 1 2 3 
19800 97 0 2 
19800 98 0 1 2 3 
19800 99 0 1 2 
19800 100 0 2 3 
19800 101 0 1 2 3 
19800 102 0 1 2 3 
19800 103 0 1 2 3 
19800 104 0 1 2 3 
19800 105 0 1 2 3 
19800 106 0 1 2 3 
19800 107 0 2 3 
19800 108 0 1 2 3 
19800 109 0 1 3 
19800 110 0 2 
19800 111 0 1 2 3 
19800 112 0 1 2 3 
19800 113 0 1 2 
19800 114 0 1 2 3 
19800 115 0 1 2 
