0 0 3 126 127 128 129 130 131 132 133 134 135 136 137 138 139 140 141 142 143 144 145 146 147 148 149 150 151 152 153 154 155 
0 1 0 5 14 15 16 22 31 36 126 127 128 129 131 132 134 135 136 137 138 139 140 141 142 143 144 145 146 147 148 149 150 151 152 153 154 155 
0 2 0 55 64 78 126 127 128 129 130 131 132 133 135 136 137 138 139 140 141 142 143 144 145 146 147 148 149 151 152 153 154 155 
0 3 7 95 97 103 107 109 112 114 126 127 128 130 132 133 134 135 136 137 138 139 140 141 142 143 144 145 146 147 148 149 150 151 152 153 154 155 
0 4 22 38 40 
0 5 
0 6 95 96 108 116 
0 7 99 104 121 
0 8 89 108 125 
0 9 100 109 115 
0 10 18 23 26 27 
0 11 1 35 
0 12 11 20 37 39 
0 13 10 29 32 
0 14 
0 15 25 
0 16 17 24 
0 17 
0 18 
0 19 14 
0 20 
0 21 20 
0 22 
0 23 1 
0 24 
0 25 
0 26 33 
0 27 
0 28 5 
0 29 
0 30 1 
0 31 
0 32 
0 33 
0 34 4 
0 35 
0 36 
0 37 
0 38 
0 39 
0 40 
0 41 10 
0 42 12 
0 43 12 
0 44 16 
0 45 46 59 66 
0 46 60 77 83 88 
0 47 61 63 
0 48 86 
0 49 45 
0 50 49 
0 51 49 70 79 80 
0 52 47 72 
0 53 50 82 
0 54 2 
0 55 48 67 81 
0 56 52 62 
0 57 51 
0 58 46 
0 59 
0 60 
0 61 46 
0 62 
0 63 
0 64 
0 65 45 
0 66 
0 67 
0 68 2 
0 69 2 
0 70 
0 71 51 
0 72 
0 73 46 
0 74 2 45 
0 75 2 
0 76 52 
0 77 
0 78 
0 79 
0 80 
0 81 
0 82 
0 83 
0 84 2 
0 85 62 
0 86 
0 87 50 
0 88 
0 89 102 110 
0 90 6 111 120 
0 91 6 119 
0 92 3 
0 93 108 
0 94 90 
0 95 
0 96 
0 97 
0 98 89 
0 99 
0 100 
0 101 100 
0 102 
0 103 
0 104 
0 105 92 
0 106 3 
0 107 
0 108 
0 109 
0 110 
0 111 
0 112 
0 113 7 
0 114 
0 115 
0 116 
0 117 8 
0 118 3 
0 119 
0 120 
0 121 
0 122 89 
0 123 103 
0 124 6 
0 125 
0 126 0 1 2 3 
0 127 0 1 2 3 
0 128 0 1 2 3 
0 129 0 1 2 
0 130 0 2 3 
0 131 0 1 2 
0 132 0 1 2 3 
0 133 0 2 3 
0 134 0 1 3 
0 135 0 1 2 3 
0 136 0 1 2 3 
0 137 0 1 2 3 
0 138 0 1 2 3 
0 139 0 1 2 3 
0 140 0 1 2 3 
0 141 0 1 2 3 
0 142 0 1 2 3 
0 143 0 1 2 3 
0 144 0 1 2 3 
0 145 0 1 2 3 
0 146 0 1 2 3 
0 147 0 1 2 3 
0 148 0 1 2 3 
0 149 0 1 2 3 
0 150 0 1 3 
0 151 0 1 2 3 
0 152 0 1 2 3 
0 153 0 1 2 3 
0 154 0 1 2 3 
0 155 0 1 2 3 
1800 0 126 127 128 129 130 131 132 133 134 135 136 137 138 139 140 141 142 143 144 145 146 147 148 149 150 151 152 153 154 155 
1800 1 3 35 36 37 126 127 128 129 131 132 134 135 136 137 138 139 140 141 142 143 144 145 146 147 148 149 150 151 152 153 154 155 
1800 2 1 46 47 61 79 84 85 86 87 126 127 128 129 130 131 132 133 135 136 137 138 139 140 141 142 143 144 145 146 147 148 149 151 152 153 154 155 
1800 3 0 100 115 125 126 127 128 130 132 133 134 135 136 137 138 139 140 141 142 143 144 145 146 147 148 149 150 151 152 153 154 155 
1800 4 11 12 13 31 
1800 5 1 16 39 41 44 
1800 6 96 101 115 
1800 7 98 121 
1800 8 93 102 106 109 114 121 
1800 9 6 94 
1800 10 17 42 
1800 11 20 40 
1800 12 43 
1800 13 1 19 
1800 14 32 36 
1800 15 5 18 24 
1800 16 
1800 17 33 
1800 18 
1800 19 27 
1800 20 
1800 21 14 
1800 22 5 
1800 23 4 
1800 24 
1800 25 1 
1800 26 14 
1800 27 
1800 28 15 
1800 29 4 
1800 30 5 
1800 31 
1800 32 
1800 33 
1800 34 11 
1800 35 
1800 36 
1800 37 
1800 38 5 
1800 39 
1800 40 
1800 41 
1800 42 5 
1800 43 
1800 44 
1800 45 49 54 65 67 72 75 
1800 46 88 
1800 47 48 58 64 
1800 48 71 74 76 
1800 49 
1800 50 48 51 
1800 51 55 78 
1800 52 55 
1800 53 57 
1800 54 68 77 
1800 55 
1800 56 2 
1800 57 45 
1800 58 
1800 59 2 82 
1800 60 47 
1800 61 
1800 62 2 
1800 63 48 
1800 64 
1800 65 
1800 66 50 
1800 67 
1800 68 
1800 69 48 
1800 70 50 
1800 71 
1800 72 
1800 73 48 
1800 74 
1800 75 2 
1800 76 
1800 77 
1800 78 
1800 79 
1800 80 52 
1800 81 48 
1800 82 
1800 83 2 
1800 84 
1800 85 
1800 86 
1800 87 
1800 88 
1800 89 95 116 
1800 90 3 7 92 
1800 91 111 
1800 92 
1800 93 
1800 94 105 
1800 95 
1800 96 
1800 97 96 120 
1800 98 
1800 99 91 110 
1800 100 
1800 101 
1800 102 
1800 103 91 
1800 104 3 
1800 105 
1800 106 
1800 107 96 
1800 108 6 
1800 109 
1800 110 
1800 111 3 
1800 112 3 89 
1800 113 6 
1800 114 
1800 115 
1800 116 
1800 117 8 
1800 118 92 
1800 119 104 
1800 120 
1800 121 
1800 122 3 
1800 123 89 
1800 124 7 
1800 125 
1800 126 0 1 2 3 
1800 127 0 1 2 3 
1800 128 0 1 2 3 
1800 129 0 1 2 
1800 130 0 2 3 
1800 131 0 1 2 
1800 132 0 1 2 3 
1800 133 0 2 3 
1800 134 0 1 3 
1800 135 0 1 2 3 
1800 136 0 1 2 3 
1800 137 0 1 2 3 
1800 138 0 1 2 3 
1800 139 0 1 2 3 
1800 140 0 1 2 3 
1800 141 0 1 2 3 
1800 142 0 1 2 3 
1800 143 0 1 2 3 
1800 144 0 1 2 3 
1800 145 0 1 2 3 
1800 146 0 1 2 3 
1800 147 0 1 2 3 
1800 148 0 1 2 3 
1800 149 0 1 2 3 
1800 150 0 1 3 
1800 151 0 1 2 3 
1800 152 0 1 2 3 
1800 153 0 1 2 3 
1800 154 0 1 2 3 
1800 155 0 1 2 3 
3600 0 126 127 128 129 130 131 132 133 134 135 136 137 138 139 140 141 142 143 144 145 146 147 148 149 150 151 152 153 154 155 
3600 1 24 26 34 41 126 127 128 129 131 132 134 135 136 137 138 139 140 141 142 143 144 145 146 147 148 149 150 151 152 153 154 155 
3600 2 0 3 58 62 72 78 126 127 128 129 130 131 132 133 135 136 137 138 139 140 141 142 143 144 145 146 147 148 149 151 152 153 154 155 
3600 3 1 106 118 126 127 128 130 132 133 134 135 136 137 138 139 140 141 142 143 144 145 146 147 148 149 150 151 152 153 154 155 
3600 4 20 
3600 5 1 
3600 6 91 95 99 101 107 110 112 
3600 7 8 97 109 116 124 
3600 8 99 105 
3600 9 89 92 93 96 
3600 10 14 18 25 27 32 
3600 11 
3600 12 13 
3600 13 10 23 
3600 14 
3600 15 30 33 
3600 16 17 
3600 17 1 
3600 18 
3600 19 1 
3600 20 43 
3600 21 5 
3600 22 1 
3600 23 11 
3600 24 
3600 25 38 40 
3600 26 10 
3600 27 
3600 28 20 
3600 29 13 
3600 30 10 
3600 31 17 
3600 32 
3600 33 
3600 34 
3600 35 5 
3600 36 5 
3600 37 4 
3600 38 
3600 39 14 
3600 40 
3600 41 4 
3600 42 19 
3600 43 
3600 44 21 
3600 45 2 46 54 63 87 
3600 46 48 73 74 
3600 47 2 50 53 71 
3600 48 59 
3600 49 2 81 
3600 50 80 
3600 51 2 85 
3600 52 48 64 
3600 53 
3600 54 
3600 55 47 69 
3600 56 2 
3600 57 48 
3600 58 
3600 59 
3600 60 51 
3600 61 58 
3600 62 
3600 63 
3600 64 
3600 65 49 
3600 66 2 
3600 67 49 
3600 68 45 
3600 69 
3600 70 51 
3600 71 
3600 72 
3600 73 
3600 74 
3600 75 2 
3600 76 2 
3600 77 51 
3600 78 
3600 79 46 
3600 80 
3600 81 
3600 82 46 
3600 83 2 
3600 84 47 
3600 85 
3600 86 48 
3600 87 
3600 88 46 
3600 89 3 6 
3600 90 8 
3600 91 98 
3600 92 
3600 93 100 
3600 94 98 122 
3600 95 
3600 96 
3600 97 
3600 98 
3600 99 
3600 100 
3600 101 
3600 102 6 
3600 103 90 
3600 104 96 
3600 105 
3600 106 
3600 107 
3600 108 6 111 
3600 109 
3600 110 
3600 111 
3600 112 
3600 113 95 
3600 114 6 
3600 115 6 
3600 116 
3600 117 9 
3600 118 
3600 119 3 
3600 120 95 
3600 121 89 
3600 122 
3600 123 89 
3600 124 
3600 125 3 
3600 126 0 1 2 3 
3600 127 0 1 2 3 
3600 128 0 1 2 3 
3600 129 0 1 2 
3600 130 0 2 3 
3600 131 0 1 2 
3600 132 0 1 2 3 
3600 133 0 2 3 
3600 134 0 1 3 
3600 135 0 1 2 3 
3600 136 0 1 2 3 
3600 137 0 1 2 3 
3600 138 0 1 2 3 
3600 139 0 1 2 3 
3600 140 0 1 2 3 
3600 141 0 1 2 3 
3600 142 0 1 2 3 
3600 143 0 1 2 3 
3600 144 0 1 2 3 
3600 145 0 1 2 3 
3600 146 0 1 2 3 
3600 147 0 1 2 3 
3600 148 0 1 2 3 
3600 149 0 1 2 3 
3600 150 0 1 3 
3600 151 0 1 2 3 
3600 152 0 1 2 3 
3600 153 0 1 2 3 
3600 154 0 1 2 3 
3600 155 0 1 2 3 
5400 0 126 127 128 129 130 131 132 133 134 135 136 137 138 139 140 141 142 143 144 145 146 147 148 149 150 151 152 153 154 155 
5400 1 0 5 11 18 26 33 42 126 127 128 129 131 132 134 135 136 137 138 139 140 141 142 143 144 145 146 147 148 149 150 151 152 153 154 155 
5400 2 0 56 64 70 81 88 126 127 128 129 130 131 132 133 135 136 137 138 139 140 141 142 143 144 145 146 147 148 149 151 152 153 154 155 
5400 3 1 97 103 126 127 128 130 132 133 134 135 136 137 138 139 140 141 142 143 144 145 146 147 148 149 150 151 152 153 154 155 
5400 4 11 19 35 41 
5400 5 13 14 15 34 
5400 6 96 113 
5400 7 91 96 101 110 119 
5400 8 3 6 109 111 114 
5400 9 3 122 123 
5400 10 19 24 29 43 44 
5400 11 
5400 12 1 
5400 13 23 27 
5400 14 
5400 15 31 37 
5400 16 
5400 17 14 16 
5400 18 
5400 19 
5400 20 19 
5400 21 1 38 
5400 22 
5400 23 
5400 24 
5400 25 5 
5400 26 
5400 27 22 
5400 28 18 39 
5400 29 
5400 30 13 
5400 31 
5400 32 29 
5400 33 
5400 34 
5400 35 
5400 36 11 
5400 37 
5400 38 
5400 39 
5400 40 4 
5400 41 
5400 42 
5400 43 
5400 44 
5400 45 53 58 67 
5400 46 2 63 75 77 
5400 47 51 56 62 69 76 
5400 48 47 83 
5400 49 47 60 
5400 50 63 71 74 84 
5400 51 65 
5400 52 47 
5400 53 
5400 54 59 86 
5400 55 46 
5400 56 
5400 57 2 
5400 58 
5400 59 2 
5400 60 
5400 61 49 
5400 62 45 
5400 63 
5400 64 
5400 65 
5400 66 48 
5400 67 
5400 68 47 
5400 69 
5400 70 
5400 71 
5400 72 47 
5400 73 45 
5400 74 
5400 75 
5400 76 
5400 77 
5400 78 47 
5400 79 57 
5400 80 49 
5400 81 
5400 82 45 
5400 83 
5400 84 
5400 85 2 
5400 86 
5400 87 46 
5400 88 
5400 89 6 116 
5400 90 99 
5400 91 108 
5400 92 3 107 
5400 93 7 
5400 94 7 
5400 95 94 
5400 96 
5400 97 
5400 98 3 117 
5400 99 3 
5400 100 7 
5400 101 
5400 102 3 
5400 103 
5400 104 3 
5400 105 100 
5400 106 6 
5400 107 
5400 108 
5400 109 
5400 110 
5400 111 
5400 112 6 
5400 113 
5400 114 
5400 115 3 
5400 116 
5400 117 
5400 118 6 
5400 119 
5400 120 9 
5400 121 3 
5400 122 
5400 123 
5400 124 8 
5400 125 90 
5400 126 0 1 2 3 
5400 127 0 1 2 3 
5400 128 0 1 2 3 
5400 129 0 1 2 
5400 130 0 2 3 
5400 131 0 1 2 
5400 132 0 1 2 3 
5400 133 0 2 3 
5400 134 0 1 3 
5400 135 0 1 2 3 
5400 136 0 1 2 3 
5400 137 0 1 2 3 
5400 138 0 1 2 3 
5400 139 0 1 2 3 
5400 140 0 1 2 3 
5400 141 0 1 2 3 
5400 142 0 1 2 3 
5400 143 0 1 2 3 
5400 144 0 1 2 3 
5400 145 0 1 2 3 
5400 146 0 1 2 3 
5400 147 0 1 2 3 
5400 148 0 1 2 3 
5400 149 0 1 2 3 
5400 150 0 1 3 
5400 151 0 1 2 3 
5400 152 0 1 2 3 
5400 153 0 1 2 3 
5400 154 0 1 2 3 
5400 155 0 1 2 3 
7200 0 126 127 128 129 130 131 132 133 134 135 136 137 138 139 140 141 142 143 144 145 146 147 148 149 150 151 152 153 154 155 
7200 1 0 2 4 19 34 36 126 127 128 129 131 132 134 135 136 137 138 139 140 141 142 143 144 145 146 147 148 149 150 151 152 153 154 155 
7200 2 45 47 50 58 61 62 65 66 75 77 86 126 127 128 129 130 131 132 133 135 136 137 138 139 140 141 142 143 144 145 146 147 148 149 151 152 153 154 155 
7200 3 1 7 93 95 101 103 114 125 126 127 128 130 132 133 134 135 136 137 138 139 140 141 142 143 144 145 146 147 148 149 150 151 152 153 154 155 
7200 4 5 15 33 35 40 44 
7200 5 27 
7200 6 100 103 106 
7200 7 107 
7200 8 90 108 113 118 
7200 9 90 91 
7200 10 34 
7200 11 24 
7200 12 17 19 43 
7200 13 12 26 
7200 14 11 29 31 
7200 15 21 
7200 16 1 11 
7200 17 
7200 18 4 
7200 19 38 
7200 20 11 30 
7200 21 
7200 22 29 
7200 23 13 
7200 24 
7200 25 36 
7200 26 
7200 27 
7200 28 20 
7200 29 
7200 30 
7200 31 
7200 32 12 
7200 33 
7200 34 
7200 35 
7200 36 
7200 37 1 
7200 38 
7200 39 18 
7200 40 
7200 41 4 
7200 42 14 
7200 43 
7200 44 
7200 45 
7200 46 47 80 
7200 47 51 74 
7200 48 50 54 76 87 
7200 49 69 
7200 50 
7200 51 52 53 
7200 52 84 
7200 53 
7200 54 81 
7200 55 48 49 
7200 56 51 
7200 57 2 
7200 58 68 
7200 59 71 
7200 60 45 
7200 61 
7200 62 
7200 63 48 
7200 64 45 
7200 65 
7200 66 
7200 67 54 
7200 68 
7200 69 
7200 70 47 
7200 71 2 
7200 72 2 
7200 73 2 
7200 74 
7200 75 
7200 76 
7200 77 
7200 78 47 
7200 79 46 
7200 80 
7200 81 
7200 82 46 
7200 83 2 
7200 84 
7200 85 58 
7200 86 
7200 87 
7200 88 48 
7200 89 92 105 111 
7200 90 
7200 91 94 97 
7200 92 6 
7200 93 104 
7200 94 109 
7200 95 
7200 96 89 
7200 97 
7200 98 3 
7200 99 3 120 
7200 100 
7200 101 
7200 102 6 
7200 103 
7200 104 
7200 105 
7200 106 
7200 107 
7200 108 
7200 109 
7200 110 6 
7200 111 
7200 112 3 
7200 113 
7200 114 
7200 115 91 
7200 116 95 
7200 117 3 
7200 118 3 
7200 119 6 
7200 120 
7200 121 8 
7200 122 8 
7200 123 7 
7200 124 9 
7200 125 
7200 126 0 1 2 3 
7200 127 0 1 2 3 
7200 128 0 1 2 3 
7200 129 0 1 2 
7200 130 0 2 3 
7200 131 0 1 2 
7200 132 0 1 2 3 
7200 133 0 2 3 
7200 134 0 1 3 
7200 135 0 1 2 3 
7200 136 0 1 2 3 
7200 137 0 1 2 3 
7200 138 0 1 2 3 
7200 139 0 1 2 3 
7200 140 0 1 2 3 
7200 141 0 1 2 3 
7200 142 0 1 2 3 
7200 143 0 1 2 3 
7200 144 0 1 2 3 
7200 145 0 1 2 3 
7200 146 0 1 2 3 
7200 147 0 1 2 3 
7200 148 0 1 2 3 
7200 149 0 1 2 3 
7200 150 0 1 3 
7200 151 0 1 2 3 
7200 152 0 1 2 3 
7200 153 0 1 2 3 
7200 154 0 1 2 3 
7200 155 0 1 2 3 
9000 0 3 126 127 128 129 130 131 132 133 134 135 136 137 138 139 140 141 142 143 144 145 146 147 148 149 150 151 152 153 154 155 
9000 1 15 34 40 126 127 128 129 131 132 134 135 136 137 138 139 140 141 142 143 144 145 146 147 148 149 150 151 152 153 154 155 
9000 2 1 3 54 63 66 75 80 126 127 128 129 130 131 132 133 135 136 137 138 139 140 141 142 143 144 145 146 147 148 149 151 152 153 154 155 
9000 3 90 93 94 104 109 116 125 126 127 128 130 132 133 134 135 136 137 138 139 140 141 142 143 144 145 146 147 148 149 150 151 152 153 154 155 
9000 4 1 20 24 33 
9000 5 1 10 37 44 
9000 6 3 91 100 124 
9000 7 105 110 117 
9000 8 100 108 118 120 
9000 9 7 102 
9000 10 27 
9000 11 31 
9000 12 13 24 
9000 13 
9000 14 18 21 22 
9000 15 39 
9000 16 19 23 
9000 17 20 
9000 18 
9000 19 4 
9000 20 
9000 21 43 
9000 22 12 
9000 23 
9000 24 
9000 25 4 
9000 26 14 
9000 27 
9000 28 1 30 
9000 29 4 
9000 30 
9000 31 1 
9000 32 5 
9000 33 
9000 34 
9000 35 1 
9000 36 12 
9000 37 
9000 38 5 
9000 39 
9000 40 
9000 41 19 
9000 42 26 
9000 43 
9000 44 
9000 45 49 62 64 70 72 79 84 85 
9000 46 45 47 65 
9000 47 
9000 48 55 67 83 
9000 49 76 
9000 50 84 87 88 
9000 51 81 
9000 52 
9000 53 47 78 
9000 54 58 
9000 55 45 
9000 56 65 
9000 57 2 61 
9000 58 
9000 59 2 
9000 60 55 
9000 61 
9000 62 
9000 63 
9000 64 
9000 65 
9000 66 52 
9000 67 
9000 68 2 
9000 69 49 
9000 70 
9000 71 45 
9000 72 
9000 73 2 
9000 74 45 
9000 75 45 
9000 76 
9000 77 54 
9000 78 
9000 79 
9000 80 
9000 81 2 
9000 82 45 
9000 83 
9000 84 
9000 85 
9000 86 2 
9000 87 
9000 88 
9000 89 124 
9000 90 113 
9000 91 
9000 92 111 
9000 93 112 
9000 94 
9000 95 7 107 
9000 96 8 
9000 97 90 
9000 98 9 
9000 99 3 
9000 100 
9000 101 3 
9000 102 
9000 103 3 
9000 104 
9000 105 3 
9000 106 95 
9000 107 
9000 108 
9000 109 
9000 110 
9000 111 7 
9000 112 
9000 113 
9000 114 6 
9000 115 6 
9000 116 
9000 117 
9000 118 
9000 119 89 
9000 120 
9000 121 91 
9000 122 89 
9000 123 8 
9000 124 
9000 125 
9000 126 0 1 2 3 
9000 127 0 1 2 3 
9000 128 0 1 2 3 
9000 129 0 1 2 
9000 130 0 2 3 
9000 131 0 1 2 
9000 132 0 1 2 3 
9000 133 0 2 3 
9000 134 0 1 3 
9000 135 0 1 2 3 
9000 136 0 1 2 3 
9000 137 0 1 2 3 
9000 138 0 1 2 3 
9000 139 0 1 2 3 
9000 140 0 1 2 3 
9000 141 0 1 2 3 
9000 142 0 1 2 3 
9000 143 0 1 2 3 
9000 144 0 1 2 3 
9000 145 0 1 2 3 
9000 146 0 1 2 3 
9000 147 0 1 2 3 
9000 148 0 1 2 3 
9000 149 0 1 2 3 
9000 150 0 1 3 
9000 151 0 1 2 3 
9000 152 0 1 2 3 
9000 153 0 1 2 3 
9000 154 0 1 2 3 
9000 155 0 1 2 3 
