0 21600
0 0 
0 1 2 3 4 15 30 41 43 130 131 132 133 134 135 137 138 139 140 141 142 143 144 145 146 148 149 
0 2 1 48 56 66 130 131 132 133 134 135 136 137 138 139 140 141 142 143 144 146 147 148 149 
0 3 1 91 96 111 116 121 125 129 131 132 134 135 136 137 139 141 142 143 144 146 147 148 149 
0 4 1 10 32 33 40 45 
0 5 12 13 17 27 35 40 42 
0 6 31 34 41 
0 7 48 62 72 76 79 
0 8 48 53 61 67 85 
0 9 108 122 124 126 
0 10 4 38 44 
0 11 18 22 35 
0 12 5 37 
0 13 5 
0 14 33 
0 15 1 21 
0 16 
0 17 5 19 23 
0 18 11 
0 19 17 20 26 
0 20 19 
0 21 15 36 
0 22 11 
0 23 17 
0 24 30 
0 25 
0 26 19 
0 27 5 
0 28 
0 29 
0 30 1 24 
0 31 6 
0 32 4 
0 33 4 14 
0 34 6 
0 35 5 11 
0 36 21 
0 37 12 
0 38 10 
0 39 
0 40 4 5 
0 41 1 6 
0 42 5 
0 43 1 
0 44 10 
0 45 4 
0 46 49 50 82 85 
0 47 50 
0 48 2 7 8 51 58 64 73 77 
0 49 46 59 
0 50 46 47 52 55 
0 51 48 
0 52 50 70 
0 53 8 68 
0 54 79 83 
0 55 50 65 
0 56 2 74 
0 57 59 69 71 78 
0 58 48 84 
0 59 49 57 81 
0 60 61 
0 61 8 60 
0 62 7 
0 63 66 
0 64 48 75 
0 65 55 
0 66 2 63 
0 67 8 
0 68 53 
0 69 57 
0 70 52 
0 71 57 
0 72 7 
0 73 48 80 
0 74 56 
0 75 64 
0 76 7 
0 77 48 
0 78 57 
0 79 7 54 
0 80 73 
0 81 59 
0 82 46 
0 83 54 
0 84 58 
0 85 8 46 
0 86 96 
0 87 99 
0 88 92 114 125 
0 89 99 125 
0 90 105 108 123 
0 91 3 103 
0 92 88 113 
0 93 108 120 
0 94 126 
0 95 108 
0 96 3 86 101 104 112 
0 97 100 102 110 128 
0 98 116 
0 99 87 89 
0 100 97 
0 101 96 
0 102 97 115 127 
0 103 91 109 
0 104 96 
0 105 90 129 
0 106 128 
0 107 129 
0 108 9 90 93 95 
0 109 103 
0 110 97 117 
0 111 3 128 
0 112 96 
0 113 92 
0 114 88 
0 115 102 
0 116 3 98 
0 117 110 
0 118 128 
0 119 129 
0 120 93 
0 121 3 
0 122 9 
0 123 90 
0 124 9 
0 125 3 88 89 
0 126 9 94 
0 127 102 
0 128 97 106 111 118 
0 129 3 105 107 119 
0 130 1 2 
0 131 1 2 3 
0 132 1 2 3 
0 133 1 2 
0 134 1 2 3 
0 135 1 2 3 
0 136 2 3 
0 137 1 2 3 
0 138 1 2 
0 139 1 2 3 
0 140 1 2 
0 141 1 2 3 
0 142 1 2 3 
0 143 1 2 3 
0 144 1 2 3 
0 145 1 
0 146 1 2 3 
0 147 2 3 
0 148 1 2 3 
0 149 1 2 3 
1800 0 
1800 1 6 21 41 44 
1800 2 73 
1800 3 9 92 101 114 
1800 4 6 10 20 42 43 
1800 5 12 31 41 
1800 6 1 4 15 36 40 45 
1800 7 54 65 68 80 81 
1800 8 47 52 53 54 56 64 70 72 75 76 77 78 85 
1800 9 3 93 97 105 106 113 115 116 
1800 10 4 27 32 
1800 11 13 31 
1800 12 5 23 38 39 
1800 13 11 18 
1800 14 20 
1800 15 6 22 26 33 
1800 16 17 44 
1800 17 16 
1800 18 13 
1800 19 24 
1800 20 4 14 24 30 
1800 21 1 29 
1800 22 15 
1800 23 12 
1800 24 19 20 
1800 25 
1800 26 15 
1800 27 10 35 
1800 28 32 
1800 29 21 
1800 30 20 37 
1800 31 5 11 
1800 32 10 28 
1800 33 15 34 
1800 34 33 
1800 35 27 
1800 36 6 
1800 37 30 
1800 38 12 
1800 39 12 
1800 40 6 
1800 41 1 5 
1800 42 4 
1800 43 4 
1800 44 1 16 
1800 45 6 
1800 46 51 55 79 83 
1800 47 8 51 63 84 
1800 48 53 
1800 49 59 61 83 
1800 50 59 
1800 51 46 47 67 82 
1800 52 8 62 71 73 
1800 53 8 48 74 
1800 54 7 8 
1800 55 46 58 
1800 56 8 57 
1800 57 56 69 
1800 58 55 
1800 59 49 50 
1800 60 64 
1800 61 49 
1800 62 52 66 
1800 63 47 
1800 64 8 60 
1800 65 7 
1800 66 62 
1800 67 51 
1800 68 7 
1800 69 57 
1800 70 8 
1800 71 52 
1800 72 8 
1800 73 2 52 
1800 74 53 
1800 75 8 
1800 76 8 
1800 77 8 
1800 78 8 
1800 79 46 
1800 80 7 
1800 81 7 
1800 82 51 
1800 83 46 49 
1800 84 47 
1800 85 8 
1800 86 106 
1800 87 91 99 
1800 88 103 104 122 
1800 89 108 110 124 
1800 90 125 126 128 
1800 91 87 109 111 122 
1800 92 3 102 121 123 128 
1800 93 9 
1800 94 105 119 
1800 95 128 
1800 96 129 
1800 97 9 120 
1800 98 
1800 99 87 
1800 100 
1800 101 3 
1800 102 92 
1800 103 88 117 129 
1800 104 88 
1800 105 9 94 107 
1800 106 9 86 127 
1800 107 105 118 
1800 108 89 
1800 109 91 
1800 110 89 128 
1800 111 91 
1800 112 118 
1800 113 9 
1800 114 3 
1800 115 9 129 
1800 116 9 
1800 117 103 
1800 118 107 112 
1800 119 94 
1800 120 97 
1800 121 92 
1800 122 88 91 
1800 123 92 
1800 124 89 
1800 125 90 
1800 126 90 
1800 127 106 
1800 128 90 92 95 110 
1800 129 96 103 115 
3600 0 
3600 1 20 
3600 2 48 60 62 71 74 
3600 3 9 88 94 96 107 108 112 125 
3600 4 12 27 32 34 37 
3600 5 22 23 35 
3600 6 13 27 31 
3600 7 50 53 76 79 
3600 8 51 53 59 60 
3600 9 3 91 92 93 102 103 128 129 
3600 10 15 17 27 33 40 
3600 11 12 
3600 12 4 11 22 30 
3600 13 6 26 42 
3600 14 40 
3600 15 10 36 38 
3600 16 38 
3600 17 10 45 
3600 18 34 
3600 19 32 
3600 20 1 23 
3600 21 26 29 
3600 22 5 12 
3600 23 5 20 
3600 24 
3600 25 29 
3600 26 13 21 41 
3600 27 4 6 10 43 
3600 28 29 
3600 29 21 25 28 
3600 30 12 
3600 31 6 
3600 32 4 19 44 
3600 33 10 
3600 34 4 18 
3600 35 5 
3600 36 15 
3600 37 4 
3600 38 15 16 
3600 39 42 
3600 40 10 14 
3600 41 26 
3600 42 13 39 
3600 43 27 
3600 44 32 
3600 45 17 
3600 46 49 50 66 67 72 
3600 47 57 
3600 48 2 52 80 82 
3600 49 46 64 65 84 
3600 50 7 46 55 
3600 51 8 61 
3600 52 48 77 85 
3600 53 7 8 
3600 54 57 59 
3600 55 50 68 69 70 
3600 56 76 78 
3600 57 47 54 58 
3600 58 57 
3600 59 8 54 
3600 60 2 8 75 83 
3600 61 51 
3600 62 2 
3600 63 83 
3600 64 49 
3600 65 49 
3600 66 46 
3600 67 46 73 
3600 68 55 
3600 69 55 
3600 70 55 81 
3600 71 2 
3600 72 46 
3600 73 67 
3600 74 2 
3600 75 60 
3600 76 7 56 
3600 77 52 
3600 78 56 
3600 79 7 
3600 80 48 
3600 81 70 
3600 82 48 
3600 83 60 63 
3600 84 49 
3600 85 52 
3600 86 107 
3600 87 93 
3600 88 3 111 
3600 89 128 
3600 90 91 97 
3600 91 9 90 
3600 92 9 99 
3600 93 9 87 104 109 124 
3600 94 3 
3600 95 98 114 129 
3600 96 3 
3600 97 90 
3600 98 95 
3600 99 92 
3600 100 129 
3600 101 121 129 
3600 102 9 106 122 126 
3600 103 9 116 
3600 104 93 
3600 105 129 
3600 106 102 
3600 107 3 86 123 
3600 108 3 
3600 109 93 117 
3600 110 128 
3600 111 88 
3600 112 3 
3600 113 129 
3600 114 95 119 
3600 115 129 
3600 116 103 
3600 117 109 
3600 118 
3600 119 114 
3600 120 128 
3600 121 101 
3600 122 102 
3600 123 107 
3600 124 93 
3600 125 3 
3600 126 102 
3600 127 128 
3600 128 9 89 110 120 127 
3600 129 9 95 100 101 105 113 115 
5400 0 2 3 130 131 132 133 134 135 136 137 138 139 140 141 142 143 144 145 146 147 148 149 
5400 1 12 23 33 
5400 2 0 46 52 64 70 76 83 130 131 132 133 134 135 136 137 138 139 140 141 142 143 144 146 147 148 149 
5400 3 0 88 93 108 109 112 121 123 127 131 132 134 135 136 137 139 141 142 143 144 146 147 148 149 
5400 4 13 36 38 
5400 5 10 15 19 30 32 34 38 
5400 6 31 33 
5400 7 
5400 8 56 57 74 75 77 
5400 9 91 100 101 107 116 129 
5400 10 5 23 43 
5400 11 35 
5400 12 1 22 35 39 
5400 13 4 24 
5400 14 35 
5400 15 5 
5400 16 24 
5400 17 27 36 40 
5400 18 41 
5400 19 5 42 44 45 
5400 20 23 26 
5400 21 31 
5400 22 12 
5400 23 1 10 20 37 
5400 24 13 16 
5400 25 43 
5400 26 20 
5400 27 17 
5400 28 33 
5400 29 42 
5400 30 5 
5400 31 6 21 41 
5400 32 5 
5400 33 1 6 28 
5400 34 5 
5400 35 11 12 14 
5400 36 4 17 
5400 37 23 
5400 38 4 5 
5400 39 12 
5400 40 17 
5400 41 18 31 
5400 42 19 29 
5400 43 10 25 
5400 44 19 
5400 45 19 
5400 46 2 50 60 61 82 
5400 47 59 
5400 48 52 59 77 80 
5400 49 61 67 79 84 85 
5400 50 46 63 73 
5400 51 57 62 
5400 52 2 48 53 
5400 53 52 66 
5400 54 64 
5400 55 56 
5400 56 8 55 
5400 57 8 51 69 
5400 58 69 
5400 59 47 48 71 
5400 60 46 78 81 
5400 61 46 49 
5400 62 51 
5400 63 50 68 
5400 64 2 54 65 
5400 65 64 
5400 66 53 
5400 67 49 
5400 68 63 
5400 69 57 58 
5400 70 2 
5400 71 59 
5400 72 
5400 73 50 
5400 74 8 
5400 75 8 
5400 76 2 
5400 77 8 48 
5400 78 60 
5400 79 49 
5400 80 48 
5400 81 60 
5400 82 46 
5400 83 2 
5400 84 49 
5400 85 49 
5400 86 96 
5400 87 89 
5400 88 3 115 
5400 89 87 92 122 
5400 90 94 106 110 120 
5400 91 9 104 125 
5400 92 89 124 
5400 93 3 99 
5400 94 90 
5400 95 97 108 
5400 96 86 129 
5400 97 95 113 118 124 
5400 98 99 
5400 99 93 98 
5400 100 9 111 
5400 101 9 114 
5400 102 128 
5400 103 124 
5400 104 91 
5400 105 128 
5400 106 90 
5400 107 9 
5400 108 3 95 
5400 109 3 
5400 110 90 117 126 
5400 111 100 
5400 112 3 129 
5400 113 97 
5400 114 101 
5400 115 88 
5400 116 9 
5400 117 110 
5400 118 97 
5400 119 129 
5400 120 90 128 
5400 121 3 
5400 122 89 
5400 123 3 
5400 124 92 97 103 
5400 125 91 
5400 126 110 
5400 127 3 
5400 128 102 105 120 129 
5400 129 9 96 112 119 128 
5400 130 0 2 
5400 131 0 2 3 
5400 132 0 2 3 
5400 133 0 2 
5400 134 0 2 3 
5400 135 0 2 3 
5400 136 0 2 3 
5400 137 0 2 3 
5400 138 0 2 
5400 139 0 2 3 
5400 140 0 2 
5400 141 0 2 3 
5400 142 0 2 3 
5400 143 0 2 3 
5400 144 0 2 3 
5400 145 0 
5400 146 0 2 3 
5400 147 0 2 3 
5400 148 0 2 3 
5400 149 0 2 3 
7200 0 
7200 1 4 20 31 35 44 
7200 2 7 50 54 58 63 65 68 71 
7200 3 97 105 106 121 125 
7200 4 1 5 19 23 33 34 45 
7200 5 4 10 37 42 
7200 6 19 21 36 
7200 7 2 64 69 
7200 8 48 51 58 77 
7200 9 88 103 107 
7200 10 5 17 26 40 
7200 11 22 
7200 12 33 
7200 13 17 24 39 
7200 14 37 
7200 15 38 45 
7200 16 18 
7200 17 10 13 
7200 18 16 41 
7200 19 4 6 
7200 20 1 41 
7200 21 6 
7200 22 11 42 
7200 23 4 
7200 24 13 
7200 25 32 
7200 26 10 
7200 27 40 
7200 28 40 
7200 29 37 
7200 30 
7200 31 1 32 43 
7200 32 25 31 
7200 33 4 12 
7200 34 4 
7200 35 1 
7200 36 6 
7200 37 5 14 29 
7200 38 15 
7200 39 13 
7200 40 10 27 28 
7200 41 18 20 
7200 42 5 22 
7200 43 31 
7200 44 1 
7200 45 4 15 
7200 46 48 75 76 
7200 47 59 
7200 48 8 46 52 72 83 84 
7200 49 51 66 74 78 
7200 50 2 59 61 62 70 73 80 
7200 51 8 49 
7200 52 48 55 85 
7200 53 56 72 
7200 54 2 
7200 55 52 
7200 56 53 
7200 57 83 
7200 58 2 8 67 
7200 59 47 50 81 
7200 60 62 
7200 61 50 
7200 62 50 60 
7200 63 2 
7200 64 7 79 
7200 65 2 
7200 66 49 
7200 67 58 
7200 68 2 
7200 69 7 
7200 70 50 82 
7200 71 2 
7200 72 48 53 
7200 73 50 
7200 74 49 
7200 75 46 
7200 76 46 
7200 77 8 
7200 78 49 
7200 79 64 
7200 80 50 
7200 81 59 
7200 82 70 
7200 83 48 57 
7200 84 48 
7200 85 52 
7200 86 
7200 87 104 
7200 88 9 116 123 129 
7200 89 111 129 
7200 90 91 94 100 108 111 115 
7200 91 90 96 
7200 92 110 
7200 93 110 
7200 94 90 
7200 95 128 
7200 96 91 101 
7200 97 3 118 119 
7200 98 111 
7200 99 104 
7200 100 90 
7200 101 96 127 
7200 102 120 124 
7200 103 9 
7200 104 87 99 129 
7200 105 3 114 126 
7200 106 3 
7200 107 9 117 
7200 108 90 
7200 109 128 
7200 110 92 93 129 
7200 111 89 90 98 
7200 112 129 
7200 113 129 
7200 114 105 
7200 115 90 
7200 116 88 
7200 117 107 
7200 118 97 
7200 119 97 
7200 120 102 128 
7200 121 3 
7200 122 129 
7200 123 88 
7200 124 102 
7200 125 3 129 
7200 126 105 
7200 127 101 
7200 128 95 109 120 129 
7200 129 88 89 104 110 112 113 122 125 128 
9000 0 
9000 1 3 23 41 45 130 131 132 133 134 135 137 138 139 140 141 142 143 144 145 146 148 149 
9000 2 3 48 49 52 59 61 65 69 70 75 78 130 131 132 133 134 135 136 137 138 139 140 141 142 143 144 146 147 148 149 
9000 3 1 2 93 97 101 107 114 116 131 132 134 135 136 137 139 141 142 143 144 146 147 148 149 
9000 4 10 31 
9000 5 13 19 21 38 43 45 
9000 6 26 
9000 7 8 46 53 57 59 60 71 73 77 
9000 8 7 76 
9000 9 90 102 110 
9000 10 4 21 42 
9000 11 14 
9000 12 17 45 
9000 13 5 16 22 24 
9000 14 11 35 38 
9000 15 43 44 
9000 16 13 
9000 17 12 
9000 18 39 
9000 19 5 34 
9000 20 
9000 21 5 10 29 36 
9000 22 13 
9000 23 1 40 
9000 24 13 
9000 25 38 
9000 26 6 27 31 
9000 27 26 32 
9000 28 
9000 29 21 
9000 30 39 
9000 31 4 26 
9000 32 27 
9000 33 38 
9000 34 19 39 
9000 35 14 
9000 36 21 
9000 37 40 
9000 38 5 14 25 33 
9000 39 18 30 34 
9000 40 23 37 
9000 41 1 
9000 42 10 
9000 43 5 15 
9000 44 15 
9000 45 1 5 12 
9000 46 7 55 56 79 
9000 47 68 
9000 48 2 62 80 83 
9000 49 2 51 63 67 
9000 50 64 68 71 
9000 51 49 
9000 52 2 66 
9000 53 7 54 
9000 54 53 
9000 55 46 
9000 56 46 81 
9000 57 7 74 
9000 58 63 82 84 
9000 59 2 7 
9000 60 7 72 
9000 61 2 
9000 62 48 
9000 63 49 58 
9000 64 50 
9000 65 2 
9000 66 52 
9000 67 49 
9000 68 47 50 
9000 69 2 
9000 70 2 
9000 71 7 50 
9000 72 60 
9000 73 7 
9000 74 57 
9000 75 2 
9000 76 8 85 
9000 77 7 
9000 78 2 
9000 79 46 
9000 80 48 
9000 81 56 
9000 82 58 
9000 83 48 
9000 84 58 
9000 85 76 
9000 86 88 91 126 
9000 87 
9000 88 86 94 100 103 123 
9000 89 110 
9000 90 9 97 122 
9000 91 86 109 119 
9000 92 100 113 115 120 
9000 93 3 98 
9000 94 88 108 
9000 95 97 124 
9000 96 101 
9000 97 3 90 95 104 118 
9000 98 93 
9000 99 115 
9000 100 88 92 
9000 101 3 96 106 
9000 102 9 105 
9000 103 88 
9000 104 97 
9000 105 102 125 
9000 106 101 
9000 107 3 112 
9000 108 94 129 
9000 109 91 
9000 110 9 89 
9000 111 128 
9000 112 107 
9000 113 92 
9000 114 3 
9000 115 92 99 
9000 116 3 128 
9000 117 128 
9000 118 97 
9000 119 91 
9000 120 92 
9000 121 128 
9000 122 90 
9000 123 88 128 
9000 124 95 
9000 125 105 
9000 126 86 
9000 127 128 
9000 128 111 116 117 121 123 127 
9000 129 108 
9000 130 1 2 
9000 131 1 2 3 
9000 132 1 2 3 
9000 133 1 2 
9000 134 1 2 3 
9000 135 1 2 3 
9000 136 2 3 
9000 137 1 2 3 
9000 138 1 2 
9000 139 1 2 3 
9000 140 1 2 
9000 141 1 2 3 
9000 142 1 2 3 
9000 143 1 2 3 
9000 144 1 2 3 
9000 145 1 
9000 146 1 2 3 
9000 147 2 3 
9000 148 1 2 3 
9000 149 1 2 3 
