0 21600
1800 0 1 2 3 4 5 213 214 215 216 217 218 219 220 221 222 223 224 225 226 227 228 229 230 231 232 233 234 235 236 237 238 239 240 241 242 
1800 1 0 2 3 4 5 6 13 14 15 16 17 18 19 20 21 22 23 25 26 27 28 29 30 31 32 33 35 36 37 38 39 40 41 42 43 44 48 51 52 213 215 217 219 220 222 223 225 227 229 231 232 235 236 239 240 241 242 
1800 2 0 1 3 4 5 7 53 54 55 56 57 59 60 63 64 65 66 67 68 69 70 71 73 74 75 77 78 80 82 83 84 85 213 215 217 218 220 221 223 225 228 229 230 231 234 235 237 238 239 240 242 
1800 3 0 1 2 4 5 8 9 86 88 89 90 91 93 94 96 97 98 99 100 101 102 103 105 106 107 108 109 112 114 115 117 118 119 120 121 122 123 124 213 215 216 218 220 221 222 224 227 229 230 231 233 234 237 238 239 240 242 
1800 4 0 1 2 3 5 10 125 129 130 131 132 133 134 136 138 139 140 141 142 143 144 145 146 147 148 150 151 152 153 154 155 156 157 158 159 160 161 162 163 164 165 166 167 168 169 170 171 173 214 215 217 219 220 222 224 228 229 230 232 233 235 236 238 239 241 242 
1800 5 0 1 2 3 4 11 174 175 176 179 180 181 182 184 185 186 187 188 190 191 192 194 195 197 198 199 201 202 204 206 207 208 210 211 214 215 216 218 220 221 222 226 229 230 231 233 235 237 238 239 241 242 
1800 6 1 13 14 15 16 17 18 19 20 21 22 23 25 26 27 28 29 30 31 32 33 35 36 37 38 39 40 41 42 43 44 48 51 52 
1800 7 2 53 54 56 59 60 68 69 70 71 75 77 78 82 
1800 8 3 86 88 89 90 91 93 94 96 97 98 99 100 101 102 103 105 106 107 108 109 112 114 115 117 118 119 120 121 122 123 124 
1800 9 3 86 88 89 90 91 93 94 96 97 98 99 100 101 102 103 105 106 107 108 109 112 114 115 117 118 119 120 121 122 123 124 
1800 10 4 125 129 130 131 132 133 134 136 138 139 140 141 142 143 144 145 146 147 148 150 151 152 153 154 155 156 157 158 159 160 161 162 163 164 165 166 167 168 169 170 171 173 
1800 11 5 12 174 175 176 179 180 181 182 184 185 186 187 188 190 191 192 194 195 197 198 199 201 202 204 206 207 208 210 211 
1800 12 11 176 179 192 
1800 13 1 6 47 
1800 14 1 6 
1800 15 1 6 46 
1800 16 1 6 45 
1800 17 1 6 
1800 18 1 6 24 49 
1800 19 1 6 50 81 
1800 20 1 6 34 
1800 21 1 6 
1800 22 1 6 
1800 23 1 6 
1800 24 18 
1800 25 1 6 
1800 26 1 6 
1800 27 1 6 
1800 28 1 6 
1800 29 1 6 
1800 30 1 6 
1800 31 1 6 
1800 32 1 6 
1800 33 1 6 
1800 34 20 
1800 35 1 6 
1800 36 1 6 
1800 37 1 6 
1800 38 1 6 
1800 39 1 6 
1800 40 1 6 
1800 41 1 6 
1800 42 1 6 
1800 43 1 6 
1800 44 1 6 
1800 45 16 
1800 46 15 
1800 47 13 
1800 48 1 6 
1800 49 18 
1800 50 19 
1800 51 1 6 
1800 52 1 6 
1800 53 2 7 58 61 
1800 54 2 7 
1800 55 2 
1800 56 2 7 
1800 57 2 62 
1800 58 53 
1800 59 2 7 
1800 60 2 7 79 
1800 61 53 
1800 62 57 
1800 63 2 76 
1800 64 2 
1800 65 2 
1800 66 2 
1800 67 2 
1800 68 2 7 
1800 69 2 7 
1800 70 2 7 
1800 71 2 7 
1800 72 75 
1800 73 2 
1800 74 2 
1800 75 2 7 72 
1800 76 63 
1800 77 2 7 
1800 78 2 7 
1800 79 60 
1800 80 2 
1800 81 19 
1800 82 2 7 
1800 83 2 
1800 84 2 
1800 85 2 
1800 86 3 8 9 
1800 87 115 
1800 88 3 8 9 110 
1800 89 3 8 9 
1800 90 3 8 9 
1800 91 3 8 9 111 113 
1800 92 103 
1800 93 3 8 9 
1800 94 3 8 9 
1800 95 114 
1800 96 3 8 9 
1800 97 3 8 9 
1800 98 3 8 9 116 
1800 99 3 8 9 
1800 100 3 8 9 
1800 101 3 8 9 
1800 102 3 8 9 
1800 103 3 8 9 92 
1800 104 123 
1800 105 3 8 9 
1800 106 3 8 9 
1800 107 3 8 9 
1800 108 3 8 9 
1800 109 3 8 9 
1800 110 88 
1800 111 91 
1800 112 3 8 9 
1800 113 91 
1800 114 3 8 9 95 
1800 115 3 8 9 87 
1800 116 98 
1800 117 3 8 9 
1800 118 3 8 9 
1800 119 3 8 9 
1800 120 3 8 9 
1800 121 3 8 9 
1800 122 3 8 9 
1800 123 3 8 9 104 
1800 124 3 8 9 
1800 125 4 10 
1800 126 163 
1800 127 139 
1800 128 134 
1800 129 4 10 
1800 130 4 10 
1800 131 4 10 172 
1800 132 4 10 135 149 
1800 133 4 10 
1800 134 4 10 128 
1800 135 132 
1800 136 4 10 
1800 137 162 
1800 138 4 10 
1800 139 4 10 127 
1800 140 4 10 
1800 141 4 10 
1800 142 4 10 
1800 143 4 10 
1800 144 4 10 
1800 145 4 10 
1800 146 4 10 
1800 147 4 10 
1800 148 4 10 
1800 149 132 
1800 150 4 10 
1800 151 4 10 
1800 152 4 10 
1800 153 4 10 
1800 154 4 10 
1800 155 4 10 
1800 156 4 10 
1800 157 4 10 
1800 158 4 10 
1800 159 4 10 
1800 160 4 10 
1800 161 4 10 
1800 162 4 10 137 
1800 163 4 10 126 
1800 164 4 10 
1800 165 4 10 
1800 166 4 10 
1800 167 4 10 
1800 168 4 10 
1800 169 4 10 
1800 170 4 10 
1800 171 4 10 
1800 172 131 
1800 173 4 10 
1800 174 5 11 177 212 
1800 175 5 11 178 196 203 
1800 176 5 11 12 200 205 
1800 177 174 
1800 178 175 
1800 179 5 11 12 
1800 180 5 11 
1800 181 5 11 
1800 182 5 11 
1800 183 184 
1800 184 5 11 183 
1800 185 5 11 
1800 186 5 11 193 209 
1800 187 5 11 
1800 188 5 11 
1800 189 201 
1800 190 5 11 
1800 191 5 11 
1800 192 5 11 12 
1800 193 186 
1800 194 5 11 
1800 195 5 11 
1800 196 175 
1800 197 5 11 
1800 198 5 11 
1800 199 5 11 
1800 200 176 
1800 201 5 11 189 
1800 202 5 11 
1800 203 175 
1800 204 5 11 
1800 205 176 
1800 206 5 11 
1800 207 5 11 
1800 208 5 11 
1800 209 186 
1800 210 5 11 
1800 211 5 11 
1800 212 174 
1800 213 0 1 2 3 
1800 214 0 4 5 
1800 215 0 1 2 3 4 5 
1800 216 0 3 5 
1800 217 0 1 2 4 
1800 218 0 2 3 5 
1800 219 0 1 4 
1800 220 0 1 2 3 4 5 
1800 221 0 2 3 5 
1800 222 0 1 3 4 5 
1800 223 0 1 2 
1800 224 0 3 4 
1800 225 0 1 2 
1800 226 0 5 
1800 227 0 1 3 
1800 228 0 2 4 
1800 229 0 1 2 3 4 5 
1800 230 0 2 3 4 5 
1800 231 0 1 2 3 5 
1800 232 0 1 4 
1800 233 0 3 4 5 
1800 234 0 2 3 
1800 235 0 1 2 4 5 
1800 236 0 1 4 
1800 237 0 2 3 5 
1800 238 0 2 3 4 5 
1800 239 0 1 2 3 4 5 
1800 240 0 1 2 3 
1800 241 0 1 4 5 
1800 242 0 1 2 3 4 5 
