0 21600
1800 0 1 2 3 4 5 220 221 222 223 224 225 226 227 228 229 230 231 232 233 234 235 236 237 238 239 240 241 242 243 244 245 246 247 248 249 
1800 1 0 2 3 4 5 6 7 8 9 10 25 26 27 29 30 31 33 35 38 39 40 42 43 44 45 47 48 49 50 51 52 53 54 56 57 58 59 60 221 222 223 224 226 228 230 232 233 235 238 239 240 241 243 244 245 246 
1800 2 0 1 3 4 5 11 13 14 61 62 63 64 65 66 67 68 69 70 71 72 73 74 75 76 77 78 80 81 83 84 86 87 88 89 90 91 93 95 96 98 99 100 101 221 222 224 226 228 229 230 231 234 236 238 239 241 243 244 245 246 
1800 3 0 1 2 4 5 15 16 17 18 19 103 104 105 107 108 109 110 111 112 114 115 116 118 120 124 127 128 129 130 131 132 133 135 136 137 220 222 223 225 226 228 229 230 232 233 236 237 238 240 241 242 244 245 248 249 
1800 4 0 1 2 3 5 140 141 142 143 144 145 146 148 149 150 151 152 153 154 155 156 157 158 159 160 161 163 164 165 166 167 168 169 170 171 172 173 174 175 176 177 178 179 180 181 182 220 222 223 225 226 227 229 230 232 234 236 237 239 241 242 244 245 246 247 249 
1800 5 0 1 2 3 4 21 23 183 184 185 187 188 189 191 192 193 194 195 196 197 198 201 202 203 204 205 206 207 208 210 211 212 214 215 216 217 219 221 222 224 225 227 229 231 235 237 238 239 241 243 244 245 247 248 
1800 6 1 7 8 9 10 25 26 27 29 30 31 33 35 38 39 40 42 43 44 45 47 48 49 50 51 52 53 54 56 57 58 59 60 
1800 7 1 6 8 9 10 25 26 27 29 30 31 33 35 38 39 40 42 43 44 45 47 48 49 50 51 52 53 54 56 57 58 59 60 
1800 8 1 6 7 10 25 26 27 31 33 35 38 39 40 45 49 50 57 59 
1800 9 1 6 7 10 25 33 38 39 44 
1800 10 1 6 7 8 9 25 26 27 29 30 31 33 35 38 39 40 42 43 44 45 47 48 49 50 51 52 53 54 56 57 58 59 60 
1800 11 2 14 61 62 65 66 68 70 71 72 80 81 83 87 88 89 90 91 
1800 12 61 62 63 
1800 13 2 14 73 
1800 14 2 11 13 61 62 63 64 65 66 67 68 69 70 71 72 73 74 75 76 77 78 80 81 83 84 86 87 88 89 90 91 93 95 96 98 99 100 101 
1800 15 3 16 17 18 115 
1800 16 3 15 17 18 19 103 104 105 107 108 109 110 111 112 114 115 116 118 120 124 127 128 129 130 131 132 133 135 136 137 
1800 17 3 15 16 18 19 103 104 105 107 108 109 110 111 112 114 115 116 118 120 124 127 128 129 130 131 132 133 135 136 137 
1800 18 3 15 16 17 19 103 104 105 107 108 109 110 111 112 114 115 116 118 120 124 127 128 129 130 131 132 133 135 136 137 
1800 19 3 16 17 18 127 136 137 
1800 20 160 161 
1800 21 5 23 188 
1800 22 23 
1800 23 5 21 22 183 184 185 187 188 189 191 192 193 194 195 196 197 198 201 202 203 204 205 206 207 208 210 211 212 214 215 216 217 219 
1800 24 191 195 196 
1800 25 1 6 7 8 9 10 37 
1800 26 1 6 7 8 10 36 
1800 27 1 6 7 8 10 
1800 28 46 
1800 29 1 6 7 10 46 
1800 30 1 6 7 10 32 
1800 31 1 6 7 8 10 
1800 32 30 
1800 33 1 6 7 8 9 10 
1800 34 41 54 
1800 35 1 6 7 8 10 
1800 36 26 
1800 37 25 
1800 38 1 6 7 8 9 10 
1800 39 1 6 7 8 9 10 
1800 40 1 6 7 8 10 
1800 41 34 
1800 42 1 6 7 10 
1800 43 1 6 7 10 
1800 44 1 6 7 9 10 
1800 45 1 6 7 8 10 
1800 46 28 29 
1800 47 1 6 7 10 
1800 48 1 6 7 10 
1800 49 1 6 7 8 10 
1800 50 1 6 7 8 10 
1800 51 1 6 7 10 
1800 52 1 6 7 10 
1800 53 1 6 7 10 
1800 54 1 6 7 10 34 55 
1800 55 54 
1800 56 1 6 7 10 
1800 57 1 6 7 8 10 
1800 58 1 6 7 10 
1800 59 1 6 7 8 10 
1800 60 1 6 7 10 
1800 61 2 11 12 14 
1800 62 2 11 12 14 79 
1800 63 2 12 14 94 
1800 64 2 14 
1800 65 2 11 14 97 
1800 66 2 11 14 82 
1800 67 2 14 
1800 68 2 11 14 
1800 69 2 14 
1800 70 2 11 14 
1800 71 2 11 14 
1800 72 2 11 14 
1800 73 2 13 14 
1800 74 2 14 
1800 75 2 14 
1800 76 2 14 85 
1800 77 2 14 
1800 78 2 14 
1800 79 62 
1800 80 2 11 14 
1800 81 2 11 14 
1800 82 66 
1800 83 2 11 14 
1800 84 2 14 
1800 85 76 
1800 86 2 14 
1800 87 2 11 14 
1800 88 2 11 14 
1800 89 2 11 14 
1800 90 2 11 14 
1800 91 2 11 14 
1800 92 98 
1800 93 2 14 
1800 94 63 
1800 95 2 14 
1800 96 2 14 
1800 97 65 
1800 98 2 14 92 
1800 99 2 14 
1800 100 2 14 
1800 101 2 14 
1800 102 130 
1800 103 3 16 17 18 
1800 104 3 16 17 18 125 
1800 105 3 16 17 18 
1800 106 109 
1800 107 3 16 17 18 119 126 
1800 108 3 16 17 18 
1800 109 3 16 17 18 106 
1800 110 3 16 17 18 
1800 111 3 16 17 18 
1800 112 3 16 17 18 
1800 113 129 
1800 114 3 16 17 18 
1800 115 3 15 16 17 18 
1800 116 3 16 17 18 
1800 117 137 
1800 118 3 16 17 18 
1800 119 107 
1800 120 3 16 17 18 
1800 121 130 
1800 122 136 
1800 123 130 
1800 124 3 16 17 18 
1800 125 104 
1800 126 107 
1800 127 3 16 17 18 19 
1800 128 3 16 17 18 
1800 129 3 16 17 18 113 138 
1800 130 3 16 17 18 102 121 123 
1800 131 3 16 17 18 
1800 132 3 16 17 18 
1800 133 3 16 17 18 
1800 134 137 
1800 135 3 16 17 18 
1800 136 3 16 17 18 19 122 
1800 137 3 16 17 18 19 117 134 
1800 138 129 
1800 139 140 
1800 140 4 139 
1800 141 4 
1800 142 4 
1800 143 4 162 
1800 144 4 
1800 145 4 
1800 146 4 
1800 147 155 
1800 148 4 
1800 149 4 
1800 150 4 
1800 151 4 
1800 152 4 
1800 153 4 
1800 154 4 
1800 155 4 147 
1800 156 4 
1800 157 4 
1800 158 4 
1800 159 4 
1800 160 4 20 
1800 161 4 20 
1800 162 143 
1800 163 4 
1800 164 4 
1800 165 4 
1800 166 4 
1800 167 4 
1800 168 4 
1800 169 4 
1800 170 4 
1800 171 4 
1800 172 4 
1800 173 4 
1800 174 4 
1800 175 4 
1800 176 4 
1800 177 4 
1800 178 4 
1800 179 4 
1800 180 4 
1800 181 4 
1800 182 4 
1800 183 5 23 
1800 184 5 23 
1800 185 5 23 190 200 209 218 
1800 186 202 
1800 187 5 23 
1800 188 5 21 23 
1800 189 5 23 
1800 190 185 
1800 191 5 23 24 
1800 192 5 23 
1800 193 5 23 
1800 194 5 23 
1800 195 5 23 24 
1800 196 5 23 24 
1800 197 5 23 
1800 198 5 23 
1800 199 205 
1800 200 185 
1800 201 5 23 
1800 202 5 23 186 
1800 203 5 23 213 
1800 204 5 23 
1800 205 5 23 199 
1800 206 5 23 
1800 207 5 23 
1800 208 5 23 
1800 209 185 
1800 210 5 23 
1800 211 5 23 
1800 212 5 23 
1800 213 203 
1800 214 5 23 
1800 215 5 23 
1800 216 5 23 
1800 217 5 23 
1800 218 185 
1800 219 5 23 
1800 220 0 3 4 
1800 221 0 1 2 5 
1800 222 0 1 2 3 4 5 
1800 223 0 1 3 4 
1800 224 0 1 2 5 
1800 225 0 3 4 5 
1800 226 0 1 2 3 4 
1800 227 0 4 5 
1800 228 0 1 2 3 
1800 229 0 2 3 4 5 
1800 230 0 1 2 3 4 
1800 231 0 2 5 
1800 232 0 1 3 4 
1800 233 0 1 3 
1800 234 0 2 4 
1800 235 0 1 5 
1800 236 0 2 3 4 
1800 237 0 3 4 5 
1800 238 0 1 2 3 5 
1800 239 0 1 2 4 5 
1800 240 0 1 3 
1800 241 0 1 2 3 4 5 
1800 242 0 3 4 
1800 243 0 1 2 5 
1800 244 0 1 2 3 4 5 
1800 245 0 1 2 3 4 5 
1800 246 0 1 2 4 
1800 247 0 4 5 
1800 248 0 3 5 
1800 249 0 3 4 
