0 21600
0 0 1 2 3 4 5 229 230 231 232 233 234 235 236 237 238 239 240 241 242 243 244 245 246 247 248 249 250 251 252 253 254 255 256 257 258 
0 1 0 2 3 4 5 6 7 8 15 16 17 18 19 20 21 22 23 24 25 26 27 30 31 32 33 34 35 36 37 39 40 42 43 44 45 229 235 236 238 239 244 246 247 249 252 255 257 
0 2 0 1 3 4 5 9 46 47 48 49 50 51 52 53 54 55 56 57 58 60 61 62 63 64 65 66 67 68 69 70 71 73 74 75 76 77 78 79 80 81 82 83 84 85 86 231 234 235 239 240 243 245 246 248 253 255 
0 3 0 1 2 4 5 10 87 88 90 91 92 93 94 95 96 97 98 99 100 101 102 103 104 105 108 109 110 111 112 113 115 116 117 118 119 120 121 122 123 124 125 126 127 128 129 130 131 231 233 237 241 242 245 247 250 253 255 256 
0 4 0 1 2 3 5 11 132 133 135 137 138 139 140 141 143 144 145 146 147 148 149 150 151 152 156 158 159 160 161 162 163 164 165 166 167 169 170 171 172 173 174 175 176 177 181 230 232 235 238 240 241 245 247 248 252 254 257 258 
0 5 0 1 2 3 4 14 182 183 184 187 188 189 190 191 192 194 195 196 198 199 200 201 202 203 204 206 208 210 211 212 213 214 215 218 219 220 221 223 224 225 227 228 231 234 237 238 240 244 248 249 251 254 256 258 
0 6 1 7 8 15 16 17 18 19 20 21 22 23 24 25 26 27 30 31 32 33 34 35 36 37 39 40 42 43 44 45 
0 7 1 6 15 16 17 18 22 23 24 25 26 30 31 35 39 40 45 
0 8 1 6 15 23 31 34 45 
0 9 2 46 47 48 49 50 51 52 53 54 55 56 57 58 60 61 62 63 64 65 66 67 68 69 70 71 73 74 75 76 77 78 79 80 81 82 83 84 85 86 
0 10 3 87 88 90 91 92 93 94 95 96 97 98 99 100 101 102 103 104 105 108 109 110 111 112 113 115 116 117 118 119 120 121 122 123 124 125 126 127 128 129 130 131 
0 11 4 12 132 133 135 137 138 139 140 141 143 144 145 146 147 148 149 150 151 152 156 158 159 160 161 162 163 164 165 166 167 169 170 171 172 173 174 175 176 177 181 
0 12 11 132 133 135 137 138 139 140 141 143 144 145 146 147 148 149 150 151 152 156 158 159 160 161 162 163 164 165 166 167 169 170 171 172 173 174 175 176 177 181 
0 13 194 219 
0 14 5 
0 15 1 6 7 8 
0 16 1 6 7 
0 17 1 6 7 28 
0 18 1 6 7 
0 19 1 6 
0 20 1 6 
0 21 1 6 
0 22 1 6 7 
0 23 1 6 7 8 
0 24 1 6 7 41 
0 25 1 6 7 
0 26 1 6 7 
0 27 1 6 
0 28 17 
0 29 42 
0 30 1 6 7 
0 31 1 6 7 8 
0 32 1 6 
0 33 1 6 
0 34 1 6 8 
0 35 1 6 7 38 
0 36 1 6 
0 37 1 6 
0 38 35 
0 39 1 6 7 
0 40 1 6 7 
0 41 24 
0 42 1 6 29 
0 43 1 6 
0 44 1 6 
0 45 1 6 7 8 
0 46 2 9 59 
0 47 2 9 
0 48 2 9 
0 49 2 9 72 
0 50 2 9 
0 51 2 9 
0 52 2 9 
0 53 2 9 
0 54 2 9 
0 55 2 9 
0 56 2 9 
0 57 2 9 
0 58 2 9 
0 59 46 
0 60 2 9 
0 61 2 9 
0 62 2 9 
0 63 2 9 
0 64 2 9 
0 65 2 9 
0 66 2 9 
0 67 2 9 
0 68 2 9 
0 69 2 9 
0 70 2 9 
0 71 2 9 
0 72 49 
0 73 2 9 
0 74 2 9 
0 75 2 9 
0 76 2 9 
0 77 2 9 
0 78 2 9 
0 79 2 9 
0 80 2 9 
0 81 2 9 
0 82 2 9 
0 83 2 9 
0 84 2 9 
0 85 2 9 
0 86 2 9 
0 87 3 10 
0 88 3 10 
0 89 131 
0 90 3 10 114 
0 91 3 10 
0 92 3 10 
0 93 3 10 
0 94 3 10 
0 95 3 10 
0 96 3 10 106 
0 97 3 10 
0 98 3 10 
0 99 3 10 
0 100 3 10 
0 101 3 10 
0 102 3 10 
0 103 3 10 
0 104 3 10 
0 105 3 10 
0 106 96 
0 107 121 
0 108 3 10 
0 109 3 10 
0 110 3 10 
0 111 3 10 
0 112 3 10 
0 113 3 10 
0 114 90 
0 115 3 10 
0 116 3 10 
0 117 3 10 
0 118 3 10 
0 119 3 10 
0 120 3 10 
0 121 3 10 107 
0 122 3 10 
0 123 3 10 
0 124 3 10 
0 125 3 10 
0 126 3 10 
0 127 3 10 
0 128 3 10 
0 129 3 10 
0 130 3 10 
0 131 3 10 89 
0 132 4 11 12 
0 133 4 11 12 
0 134 152 
0 135 4 11 12 157 
0 136 141 
0 137 4 11 12 154 168 178 179 
0 138 4 11 12 153 
0 139 4 11 12 
0 140 4 11 12 
0 141 4 11 12 136 155 180 
0 142 144 
0 143 4 11 12 
0 144 4 11 12 142 
0 145 4 11 12 
0 146 4 11 12 
0 147 4 11 12 
0 148 4 11 12 
0 149 4 11 12 
0 150 4 11 12 
0 151 4 11 12 
0 152 4 11 12 134 
0 153 138 
0 154 137 
0 155 141 
0 156 4 11 12 
0 157 135 
0 158 4 11 12 
0 159 4 11 12 
0 160 4 11 12 
0 161 4 11 12 
0 162 4 11 12 
0 163 4 11 12 
0 164 4 11 12 
0 165 4 11 12 
0 166 4 11 12 
0 167 4 11 12 
0 168 137 
0 169 4 11 12 
0 170 4 11 12 
0 171 4 11 12 
0 172 4 11 12 
0 173 4 11 12 
0 174 4 11 12 
0 175 4 11 12 
0 176 4 11 12 
0 177 4 11 12 
0 178 137 
0 179 137 
0 180 141 
0 181 4 11 12 
0 182 5 193 197 
0 183 5 226 
0 184 5 
0 185 217 
0 186 196 
0 187 5 207 
0 188 5 
0 189 5 
0 190 5 
0 191 5 216 
0 192 5 217 222 
0 193 182 
0 194 5 13 
0 195 5 
0 196 5 186 205 
0 197 182 
0 198 5 
0 199 5 
0 200 5 
0 201 5 
0 202 5 
0 203 5 
0 204 5 
0 205 196 
0 206 5 
0 207 187 
0 208 5 
0 209 
0 210 5 
0 211 5 
0 212 5 
0 213 5 
0 214 5 
0 215 5 
0 216 191 
0 217 185 192 
0 218 5 
0 219 5 13 
0 220 5 
0 221 5 
0 222 192 
0 223 5 
0 224 5 
0 225 5 
0 226 183 
0 227 5 
0 228 5 
0 229 0 1 
0 230 0 4 
0 231 0 2 3 5 
0 232 0 4 
0 233 0 3 
0 234 0 2 5 
0 235 0 1 2 4 
0 236 0 1 
0 237 0 3 5 
0 238 0 1 4 5 
0 239 0 1 2 
0 240 0 2 4 5 
0 241 0 3 4 
0 242 0 3 
0 243 0 2 
0 244 0 1 5 
0 245 0 2 3 4 
0 246 0 1 2 
0 247 0 1 3 4 
0 248 0 2 4 5 
0 249 0 1 5 
0 250 0 3 
0 251 0 5 
0 252 0 1 4 
0 253 0 2 3 
0 254 0 4 5 
0 255 0 1 2 3 
0 256 0 3 5 
0 257 0 1 4 
0 258 0 4 5 
