0 21600
1800 0 220 221 222 223 224 225 226 227 228 229 230 231 232 233 234 235 236 237 238 239 240 241 242 243 244 245 246 247 248 249 
1800 1 0 2 3 4 5 6 7 10 221 222 223 224 226 228 230 232 233 235 238 239 240 241 243 244 245 246 
1800 2 0 1 3 4 5 14 221 222 224 226 228 229 230 231 234 236 238 239 241 243 244 245 246 
1800 3 0 1 2 4 5 16 17 18 220 222 223 225 226 228 229 230 232 233 236 237 238 240 241 242 244 245 248 249 
1800 4 0 220 222 223 225 226 227 229 230 232 234 236 237 239 241 242 244 245 246 247 249 
1800 5 0 1 2 3 4 23 221 222 224 225 227 229 231 235 237 238 239 241 243 244 245 247 248 
1800 6 1 7 10 
1800 7 1 6 10 
1800 8 1 6 7 10 
1800 9 1 6 7 10 
1800 10 
1800 11 2 14 
1800 12 
1800 13 2 14 
1800 14 
1800 15 3 16 17 18 
1800 16 
1800 17 3 16 18 
1800 18 16 
1800 19 3 16 17 18 
1800 20 
1800 21 5 23 
1800 22 23 
1800 23 
1800 24 
1800 25 1 6 7 8 9 10 
1800 26 1 6 7 8 10 
1800 27 1 6 7 8 10 
1800 28 29 
1800 29 1 6 7 10 
1800 30 1 6 7 10 
1800 31 1 6 7 8 10 
1800 32 30 
1800 33 1 6 7 8 9 10 
1800 34 29 
1800 35 1 6 7 8 10 
1800 36 26 
1800 37 25 
1800 38 1 6 7 8 9 10 
1800 39 1 6 7 8 9 10 
1800 40 1 6 7 8 10 
1800 41 33 
1800 42 1 6 7 10 
1800 43 1 6 7 10 
1800 44 1 6 7 9 10 
1800 45 1 6 7 8 10 
1800 46 29 
1800 47 1 6 7 10 
1800 48 1 6 7 10 
1800 49 1 6 7 8 10 
1800 50 1 6 7 8 10 
1800 51 1 6 7 10 
1800 52 1 6 7 10 
1800 53 1 6 7 10 
1800 54 1 6 7 10 
1800 55 29 
1800 56 1 6 7 10 
1800 57 1 6 7 8 10 
1800 58 1 6 7 10 
1800 59 1 6 7 8 10 
1800 60 1 6 7 10 
1800 61 2 11 12 14 
1800 62 2 11 12 14 
1800 63 2 12 14 
1800 64 2 14 
1800 65 2 11 14 
1800 66 2 11 14 
1800 67 2 14 
1800 68 2 11 14 
1800 69 2 14 
1800 70 2 11 14 
1800 71 2 11 14 
1800 72 2 11 14 
1800 73 2 13 14 
1800 74 2 14 
1800 75 2 14 
1800 76 2 14 
1800 77 2 14 
1800 78 2 14 
1800 79 62 
1800 80 2 11 14 
1800 81 2 11 14 
1800 82 69 
1800 83 2 11 14 
1800 84 2 14 
1800 85 76 
1800 86 2 14 
1800 87 2 11 14 
1800 88 2 11 14 
1800 89 2 11 14 
1800 90 2 11 14 
1800 91 2 11 14 
1800 92 98 
1800 93 2 14 
1800 94 63 
1800 95 2 14 
1800 96 2 14 
1800 97 65 
1800 98 2 14 
1800 99 2 14 
1800 100 2 14 
1800 101 2 14 
1800 102 130 
1800 103 3 16 17 18 
1800 104 3 16 17 18 
1800 105 3 16 17 18 
1800 106 109 
1800 107 136 
1800 108 3 16 17 18 
1800 109 3 16 17 18 
1800 110 3 16 17 18 
1800 111 3 16 17 18 
1800 112 3 16 17 18 
1800 113 129 
1800 114 3 16 17 18 
1800 115 3 15 16 17 18 
1800 116 3 16 17 18 
1800 117 130 
1800 118 3 16 17 18 
1800 119 136 
1800 120 3 16 17 18 
1800 121 130 
1800 122 136 
1800 123 3 16 17 18 
1800 124 3 16 17 18 
1800 125 135 
1800 126 136 
1800 127 3 16 17 18 19 
1800 128 3 16 17 18 
1800 129 3 16 17 18 
1800 130 3 16 17 18 
1800 131 3 16 17 18 
1800 132 3 16 17 18 
1800 133 3 16 17 18 
1800 134 137 
1800 135 3 16 17 18 
1800 136 3 16 17 18 19 
1800 137 3 16 17 18 19 
1800 138 129 
1800 139 140 
1800 140 4 
1800 141 4 
1800 142 4 
1800 143 4 
1800 144 4 
1800 145 4 
1800 146 4 
1800 147 155 
1800 148 4 
1800 149 4 
1800 150 4 
1800 151 4 
1800 152 4 
1800 153 4 
1800 154 4 
1800 155 4 
1800 156 4 
1800 157 4 
1800 158 4 
1800 159 4 
1800 160 4 20 
1800 161 4 20 
1800 162 143 
1800 163 4 
1800 164 4 
1800 165 4 
1800 166 4 
1800 167 4 
1800 168 4 
1800 169 4 
1800 170 4 
1800 171 4 
1800 172 4 
1800 173 4 
1800 174 4 
1800 175 4 
1800 176 4 
1800 177 4 
1800 178 4 
1800 179 4 
1800 180 4 
1800 181 4 
1800 182 4 
1800 183 5 23 
1800 184 5 23 
1800 185 5 23 
1800 186 213 
1800 187 5 23 
1800 188 5 21 23 
1800 189 5 23 
1800 190 185 
1800 191 5 23 24 
1800 192 5 23 
1800 193 5 23 
1800 194 5 23 
1800 195 5 23 24 
1800 196 184 
1800 197 5 23 
1800 198 5 23 
1800 199 205 
1800 200 185 
1800 201 5 23 
1800 202 5 23 
1800 203 5 23 
1800 204 5 23 
1800 205 5 23 
1800 206 5 23 
1800 207 5 23 
1800 208 5 23 
1800 209 185 
1800 210 5 23 
1800 211 5 23 
1800 212 5 23 
1800 213 203 
1800 214 5 23 
1800 215 5 23 
1800 216 5 23 
1800 217 5 23 
1800 218 185 
1800 219 5 23 
1800 220 0 3 4 
1800 221 0 1 2 5 
1800 222 0 1 2 3 4 5 
1800 223 0 1 3 4 
1800 224 0 1 2 5 
1800 225 0 3 4 5 
1800 226 0 1 2 3 4 
1800 227 0 4 5 
1800 228 0 1 2 3 
1800 229 0 2 3 4 5 
1800 230 0 1 2 3 4 
1800 231 0 2 5 
1800 232 0 1 3 4 
1800 233 0 1 3 
1800 234 0 2 4 
1800 235 0 1 5 
1800 236 0 2 3 4 
1800 237 0 3 4 5 
1800 238 0 1 2 3 5 
1800 239 0 1 2 4 5 
1800 240 0 1 3 
1800 241 0 1 2 3 4 5 
1800 242 0 3 4 
1800 243 0 1 2 5 
1800 244 0 1 2 3 4 5 
1800 245 0 1 2 3 4 5 
1800 246 0 1 2 4 
1800 247 0 4 5 
1800 248 0 3 5 
1800 249 0 3 4 
3600 0 220 221 222 223 224 225 226 227 228 229 230 231 232 233 234 235 236 237 238 239 240 241 242 243 244 245 246 247 248 249 
3600 1 0 2 3 4 5 6 7 10 221 222 223 224 226 228 230 232 233 235 238 239 240 241 243 244 245 246 
3600 2 0 1 3 4 5 14 221 222 224 226 228 229 230 231 234 236 238 239 241 243 244 245 246 
3600 3 0 1 2 4 5 16 17 18 220 222 223 225 226 228 229 230 232 233 236 237 238 240 241 242 244 245 248 249 
3600 4 0 220 222 223 225 226 227 229 230 232 234 236 237 239 241 242 244 245 246 247 249 
3600 5 0 1 2 3 4 23 221 222 224 225 227 229 231 235 237 238 239 241 243 244 245 247 248 
3600 6 1 7 10 
3600 7 1 6 10 
3600 8 1 6 7 10 
3600 9 1 6 7 10 
3600 10 
3600 11 2 14 
3600 12 
3600 13 2 14 
3600 14 
3600 15 3 16 17 18 
3600 16 
3600 17 3 16 18 
3600 18 16 
3600 19 3 16 17 18 
3600 20 
3600 21 5 23 
3600 22 23 
3600 23 
3600 24 
3600 25 1 6 7 8 9 10 
3600 26 1 6 7 8 10 
3600 27 1 6 7 8 10 
3600 28 46 
3600 29 1 6 7 10 
3600 30 1 6 7 10 
3600 31 1 6 7 8 10 
3600 32 58 
3600 33 1 6 7 8 9 10 
3600 34 29 
3600 35 1 6 7 8 10 
3600 36 26 
3600 37 25 
3600 38 1 6 7 8 9 10 
3600 39 1 6 7 8 9 10 
3600 40 1 6 7 8 10 
3600 41 
3600 42 1 6 7 10 
3600 43 1 6 7 10 
3600 44 1 6 7 9 10 
3600 45 1 6 7 8 10 
3600 46 29 
3600 47 1 6 7 10 
3600 48 1 6 7 10 
3600 49 1 6 7 8 10 
3600 50 1 6 7 8 10 
3600 51 1 6 7 10 
3600 52 1 6 7 10 
3600 53 1 6 7 10 
3600 54 1 6 7 10 
3600 55 54 
3600 56 1 6 7 10 
3600 57 1 6 7 8 10 
3600 58 1 6 7 10 
3600 59 1 6 7 8 10 
3600 60 1 6 7 10 
3600 61 2 11 12 14 
3600 62 2 11 12 14 
3600 63 2 12 14 
3600 64 2 14 
3600 65 2 11 14 
3600 66 2 11 14 
3600 67 2 14 
3600 68 2 11 14 
3600 69 2 14 
3600 70 2 11 14 
3600 71 2 11 14 
3600 72 2 11 14 
3600 73 2 13 14 
3600 74 2 14 
3600 75 2 14 
3600 76 2 14 
3600 77 2 14 
3600 78 2 14 
3600 79 62 
3600 80 2 11 14 
3600 81 2 11 14 
3600 82 69 
3600 83 2 11 14 
3600 84 2 14 
3600 85 64 
3600 86 2 14 
3600 87 2 11 14 
3600 88 2 11 14 
3600 89 2 11 14 
3600 90 2 11 14 
3600 91 2 11 14 
3600 92 98 
3600 93 2 14 
3600 94 63 
3600 95 2 14 
3600 96 2 14 
3600 97 64 
3600 98 2 14 
3600 99 2 14 
3600 100 2 14 
3600 101 2 14 
3600 102 130 
3600 103 3 16 17 18 
3600 104 3 16 17 18 
3600 105 3 16 17 18 
3600 106 116 
3600 107 3 16 17 18 
3600 108 3 16 17 18 
3600 109 3 16 17 18 
3600 110 3 16 17 18 
3600 111 3 16 17 18 
3600 112 3 16 17 18 
3600 113 136 
3600 114 3 16 17 18 
3600 115 3 15 16 17 18 
3600 116 3 16 17 18 
3600 117 112 
3600 118 3 16 17 18 
3600 119 112 
3600 120 3 16 17 18 
3600 121 130 
3600 122 136 
3600 123 130 
3600 124 3 16 17 18 
3600 125 135 
3600 126 107 
3600 127 3 16 17 18 19 
3600 128 3 16 17 18 
3600 129 3 16 17 18 
3600 130 3 16 17 18 
3600 131 3 16 17 18 
3600 132 3 16 17 18 
3600 133 3 16 17 18 
3600 134 137 
3600 135 3 16 17 18 
3600 136 3 16 17 18 19 
3600 137 3 16 17 18 19 
3600 138 3 16 17 18 
3600 139 140 
3600 140 4 
3600 141 4 
3600 142 4 
3600 143 4 
3600 144 4 
3600 145 4 
3600 146 4 
3600 147 155 
3600 148 4 
3600 149 4 
3600 150 4 
3600 151 4 
3600 152 4 
3600 153 4 
3600 154 4 
3600 155 4 
3600 156 4 
3600 157 4 
3600 158 4 
3600 159 4 
3600 160 4 20 
3600 161 4 20 
3600 162 143 
3600 163 4 
3600 164 4 
3600 165 4 
3600 166 4 
3600 167 4 
3600 168 4 
3600 169 4 
3600 170 4 
3600 171 4 
3600 172 4 
3600 173 4 
3600 174 4 
3600 175 4 
3600 176 4 
3600 177 4 
3600 178 4 
3600 179 4 
3600 180 4 
3600 181 4 
3600 182 4 
3600 183 5 23 
3600 184 5 23 
3600 185 5 23 
3600 186 213 
3600 187 5 23 
3600 188 5 21 23 
3600 189 5 23 
3600 190 185 
3600 191 5 23 24 
3600 192 5 23 
3600 193 5 23 
3600 194 5 23 
3600 195 5 23 24 
3600 196 184 
3600 197 5 23 
3600 198 5 23 
3600 199 205 
3600 200 185 
3600 201 5 23 
3600 202 5 23 
3600 203 5 23 
3600 204 5 23 
3600 205 5 23 
3600 206 5 23 
3600 207 5 23 
3600 208 5 23 
3600 209 185 
3600 210 5 23 
3600 211 5 23 
3600 212 5 23 
3600 213 203 
3600 214 5 23 
3600 215 5 23 
3600 216 5 23 
3600 217 5 23 
3600 218 185 
3600 219 5 23 
3600 220 0 3 4 
3600 221 0 1 2 5 
3600 222 0 1 2 3 4 5 
3600 223 0 1 3 4 
3600 224 0 1 2 5 
3600 225 0 3 4 5 
3600 226 0 1 2 3 4 
3600 227 0 4 5 
3600 228 0 1 2 3 
3600 229 0 2 3 4 5 
3600 230 0 1 2 3 4 
3600 231 0 2 5 
3600 232 0 1 3 4 
3600 233 0 1 3 
3600 234 0 2 4 
3600 235 0 1 5 
3600 236 0 2 3 4 
3600 237 0 3 4 5 
3600 238 0 1 2 3 5 
3600 239 0 1 2 4 5 
3600 240 0 1 3 
3600 241 0 1 2 3 4 5 
3600 242 0 3 4 
3600 243 0 1 2 5 
3600 244 0 1 2 3 4 5 
3600 245 0 1 2 3 4 5 
3600 246 0 1 2 4 
3600 247 0 4 5 
3600 248 0 3 5 
3600 249 0 3 4 
5400 0 220 221 222 223 224 225 226 227 228 229 230 231 232 233 234 235 236 237 238 239 240 241 242 243 244 245 246 247 248 249 
5400 1 0 2 3 4 5 6 7 10 221 222 223 224 226 228 230 232 233 235 238 239 240 241 243 244 245 246 
5400 2 0 1 3 4 5 14 221 222 224 226 228 229 230 231 234 236 238 239 241 243 244 245 246 
5400 3 0 1 2 4 5 16 17 18 220 222 223 225 226 228 229 230 232 233 236 237 238 240 241 242 244 245 248 249 
5400 4 0 220 222 223 225 226 227 229 230 232 234 236 237 239 241 242 244 245 246 247 249 
5400 5 0 1 2 3 4 23 221 222 224 225 227 229 231 235 237 238 239 241 243 244 245 247 248 
5400 6 1 7 10 
5400 7 1 6 10 
5400 8 1 6 7 10 
5400 9 1 6 7 10 
5400 10 
5400 11 2 14 
5400 12 
5400 13 2 14 
5400 14 
5400 15 3 16 17 18 
5400 16 
5400 17 3 16 18 
5400 18 16 
5400 19 3 16 17 18 
5400 20 
5400 21 5 23 
5400 22 23 
5400 23 
5400 24 
5400 25 1 6 7 8 9 10 
5400 26 1 6 7 8 10 
5400 27 1 6 7 8 10 
5400 28 46 
5400 29 1 6 7 10 
5400 30 1 6 7 10 
5400 31 1 6 7 8 10 
5400 32 56 
5400 33 1 6 7 8 9 10 
5400 34 54 
5400 35 1 6 7 8 10 
5400 36 26 
5400 37 25 
5400 38 1 6 7 8 9 10 
5400 39 1 6 7 8 9 10 
5400 40 1 6 7 8 10 
5400 41 34 
5400 42 1 6 7 10 
5400 43 1 6 7 10 
5400 44 1 6 7 9 10 
5400 45 1 6 7 8 10 
5400 46 29 
5400 47 1 6 7 10 
5400 48 1 6 7 10 
5400 49 1 6 7 8 10 
5400 50 1 6 7 8 10 
5400 51 1 6 7 10 
5400 52 1 6 7 10 
5400 53 1 6 7 10 
5400 54 1 6 7 10 
5400 55 29 
5400 56 1 6 7 10 
5400 57 1 6 7 8 10 
5400 58 1 6 7 10 
5400 59 1 6 7 8 10 
5400 60 1 6 7 10 
5400 61 2 11 12 14 
5400 62 2 11 12 14 
5400 63 2 12 14 
5400 64 2 14 
5400 65 2 11 14 
5400 66 2 11 14 
5400 67 2 14 
5400 68 2 11 14 
5400 69 2 14 
5400 70 2 11 14 
5400 71 2 11 14 
5400 72 2 11 14 
5400 73 2 13 14 
5400 74 2 14 
5400 75 2 14 
5400 76 2 14 
5400 77 2 14 
5400 78 2 14 
5400 79 62 
5400 80 2 11 14 
5400 81 2 11 14 
5400 82 69 
5400 83 2 11 14 
5400 84 2 14 
5400 85 76 
5400 86 2 14 
5400 87 2 11 14 
5400 88 2 11 14 
5400 89 2 11 14 
5400 90 2 11 14 
5400 91 2 11 14 
5400 92 98 
5400 93 2 14 
5400 94 63 
5400 95 2 14 
5400 96 2 14 
5400 97 61 
5400 98 2 14 
5400 99 2 14 
5400 100 2 14 
5400 101 2 14 
5400 102 130 
5400 103 3 16 17 18 
5400 104 3 16 17 18 
5400 105 3 16 17 18 
5400 106 136 
5400 107 3 16 17 18 
5400 108 3 16 17 18 
5400 109 3 16 17 18 
5400 110 3 16 17 18 
5400 111 3 16 17 18 
5400 112 3 16 17 18 
5400 113 129 
5400 114 3 16 17 18 
5400 115 3 15 16 17 18 
5400 116 3 16 17 18 
5400 117 130 
5400 118 3 16 17 18 
5400 119 133 
5400 120 3 16 17 18 
5400 121 130 
5400 122 136 
5400 123 130 
5400 124 3 16 17 18 
5400 125 136 
5400 126 105 
5400 127 3 16 17 18 19 
5400 128 3 16 17 18 
5400 129 3 16 17 18 
5400 130 3 16 17 18 
5400 131 3 16 17 18 
5400 132 3 16 17 18 
5400 133 3 16 17 18 
5400 134 137 
5400 135 3 16 17 18 
5400 136 3 16 17 18 19 
5400 137 3 16 17 18 19 
5400 138 129 
5400 139 140 
5400 140 4 
5400 141 4 
5400 142 4 
5400 143 4 
5400 144 4 
5400 145 4 
5400 146 4 
5400 147 154 
5400 148 4 
5400 149 4 
5400 150 4 
5400 151 4 
5400 152 4 
5400 153 4 
5400 154 4 
5400 155 4 
5400 156 4 
5400 157 4 
5400 158 4 
5400 159 4 
5400 160 4 20 
5400 161 4 20 
5400 162 142 
5400 163 4 
5400 164 4 
5400 165 4 
5400 166 4 
5400 167 4 
5400 168 4 
5400 169 4 
5400 170 4 
5400 171 4 
5400 172 4 
5400 173 4 
5400 174 4 
5400 175 4 
5400 176 4 
5400 177 4 
5400 178 4 
5400 179 4 
5400 180 4 
5400 181 4 
5400 182 4 
5400 183 5 23 
5400 184 5 23 
5400 185 5 23 
5400 186 203 
5400 187 5 23 
5400 188 5 21 23 
5400 189 5 23 
5400 190 183 
5400 191 5 23 24 
5400 192 5 23 
5400 193 5 23 
5400 194 5 23 
5400 195 5 23 24 
5400 196 184 
5400 197 5 23 
5400 198 5 23 
5400 199 183 
5400 200 183 
5400 201 5 23 
5400 202 5 23 
5400 203 5 23 
5400 204 5 23 
5400 205 5 23 
5400 206 5 23 
5400 207 5 23 
5400 208 5 23 
5400 209 183 
5400 210 5 23 
5400 211 5 23 
5400 212 5 23 
5400 213 203 
5400 214 5 23 
5400 215 5 23 
5400 216 5 23 
5400 217 5 23 
5400 218 183 
5400 219 5 23 
5400 220 0 3 4 
5400 221 0 1 2 5 
5400 222 0 1 2 3 4 5 
5400 223 0 1 3 4 
5400 224 0 1 2 5 
5400 225 0 3 4 5 
5400 226 0 1 2 3 4 
5400 227 0 4 5 
5400 228 0 1 2 3 
5400 229 0 2 3 4 5 
5400 230 0 1 2 3 4 
5400 231 0 2 5 
5400 232 0 1 3 4 
5400 233 0 1 3 
5400 234 0 2 4 
5400 235 0 1 5 
5400 236 0 2 3 4 
5400 237 0 3 4 5 
5400 238 0 1 2 3 5 
5400 239 0 1 2 4 5 
5400 240 0 1 3 
5400 241 0 1 2 3 4 5 
5400 242 0 3 4 
5400 243 0 1 2 5 
5400 244 0 1 2 3 4 5 
5400 245 0 1 2 3 4 5 
5400 246 0 1 2 4 
5400 247 0 4 5 
5400 248 0 3 5 
5400 249 0 3 4 
7200 0 220 221 222 223 224 225 226 227 228 229 230 231 232 233 234 235 236 237 238 239 240 241 242 243 244 245 246 247 248 249 
7200 1 0 2 3 4 5 6 7 10 221 222 223 224 226 228 230 232 233 235 238 239 240 241 243 244 245 246 
7200 2 0 1 3 4 5 14 221 222 224 226 228 229 230 231 234 236 238 239 241 243 244 245 246 
7200 3 0 1 2 4 5 16 17 18 220 222 223 225 226 228 229 230 232 233 236 237 238 240 241 242 244 245 248 249 
7200 4 0 220 222 223 225 226 227 229 230 232 234 236 237 239 241 242 244 245 246 247 249 
7200 5 0 1 2 3 4 23 221 222 224 225 227 229 231 235 237 238 239 241 243 244 245 247 248 
7200 6 1 7 10 
7200 7 1 6 10 
7200 8 1 6 7 10 
7200 9 1 6 7 10 
7200 10 
7200 11 2 14 
7200 12 
7200 13 2 14 
7200 14 
7200 15 3 16 17 18 
7200 16 
7200 17 3 16 18 
7200 18 16 
7200 19 3 16 17 18 
7200 20 
7200 21 5 23 
7200 22 23 
7200 23 
7200 24 
7200 25 1 6 7 8 9 10 
7200 26 1 6 7 8 10 
7200 27 1 6 7 8 10 
7200 28 42 
7200 29 1 6 7 10 
7200 30 1 6 7 10 
7200 31 1 6 7 8 10 
7200 32 59 
7200 33 1 6 7 8 9 10 
7200 34 29 53 
7200 35 1 6 7 8 10 
7200 36 26 
7200 37 25 
7200 38 1 6 7 8 9 10 
7200 39 1 6 7 8 9 10 
7200 40 1 6 7 8 10 
7200 41 34 
7200 42 1 6 7 10 
7200 43 1 6 7 10 
7200 44 1 6 7 9 10 
7200 45 1 6 7 8 10 
7200 46 29 
7200 47 1 6 7 10 
7200 48 1 6 7 10 
7200 49 1 6 7 8 10 
7200 50 1 6 7 8 10 
7200 51 1 6 7 10 
7200 52 1 6 7 10 
7200 53 1 6 7 10 
7200 54 1 6 7 10 
7200 55 54 
7200 56 1 6 7 10 
7200 57 1 6 7 8 10 
7200 58 1 6 7 10 
7200 59 1 6 7 8 10 
7200 60 1 6 7 10 
7200 61 2 11 12 14 
7200 62 2 11 12 14 
7200 63 2 12 14 
7200 64 2 14 
7200 65 2 11 14 
7200 66 2 11 14 
7200 67 2 14 
7200 68 2 11 14 
7200 69 2 14 
7200 70 2 11 14 
7200 71 2 11 14 
7200 72 2 11 14 
7200 73 2 13 14 
7200 74 2 14 
7200 75 2 14 
7200 76 2 14 
7200 77 2 14 
7200 78 2 14 
7200 79 62 
7200 80 2 11 14 
7200 81 2 11 14 
7200 82 69 
7200 83 2 11 14 
7200 84 2 14 
7200 85 76 
7200 86 2 14 
7200 87 2 11 14 
7200 88 2 11 14 
7200 89 2 11 14 
7200 90 2 11 14 
7200 91 2 11 14 
7200 92 98 
7200 93 2 14 
7200 94 63 
7200 95 2 14 
7200 96 2 14 
7200 97 65 
7200 98 2 14 
7200 99 2 14 
7200 100 2 14 
7200 101 2 14 
7200 102 130 
7200 103 3 16 17 18 
7200 104 3 16 17 18 
7200 105 3 16 17 18 
7200 106 109 
7200 107 3 16 17 18 
7200 108 3 16 17 18 
7200 109 3 16 17 18 
7200 110 3 16 17 18 
7200 111 3 16 17 18 
7200 112 3 16 17 18 
7200 113 129 
7200 114 3 16 17 18 
7200 115 3 15 16 17 18 
7200 116 3 16 17 18 
7200 117 130 
7200 118 3 16 17 18 
7200 119 124 
7200 120 3 16 17 18 
7200 121 130 
7200 122 129 
7200 123 130 
7200 124 3 16 17 18 
7200 125 104 
7200 126 124 
7200 127 3 16 17 18 19 
7200 128 3 16 17 18 
7200 129 3 16 17 18 
7200 130 3 16 17 18 
7200 131 3 16 17 18 
7200 132 3 16 17 18 
7200 133 3 16 17 18 
7200 134 137 
7200 135 3 16 17 18 
7200 136 3 16 17 18 19 
7200 137 3 16 17 18 19 
7200 138 129 
7200 139 140 
7200 140 4 
7200 141 4 
7200 142 4 
7200 143 4 
7200 144 4 
7200 145 4 
7200 146 4 
7200 147 141 
7200 148 4 
7200 149 4 
7200 150 4 
7200 151 4 
7200 152 4 
7200 153 4 
7200 154 4 
7200 155 4 
7200 156 4 
7200 157 4 
7200 158 4 
7200 159 4 
7200 160 4 20 
7200 161 4 20 
7200 162 143 
7200 163 4 
7200 164 4 
7200 165 4 
7200 166 4 
7200 167 4 
7200 168 4 
7200 169 4 
7200 170 4 
7200 171 4 
7200 172 4 
7200 173 4 
7200 174 4 
7200 175 4 
7200 176 4 
7200 177 4 
7200 178 4 
7200 179 4 
7200 180 4 
7200 181 4 
7200 182 4 
7200 183 5 23 
7200 184 5 23 
7200 185 5 23 
7200 186 200 
7200 187 5 23 
7200 188 5 21 23 
7200 189 5 23 
7200 190 185 
7200 191 5 23 24 
7200 192 5 23 
7200 193 5 23 
7200 194 5 23 
7200 195 5 23 24 
7200 196 184 
7200 197 5 23 
7200 198 5 23 
7200 199 205 
7200 200 185 
7200 201 5 23 
7200 202 5 23 
7200 203 5 23 
7200 204 5 23 
7200 205 5 23 
7200 206 5 23 
7200 207 5 23 
7200 208 5 23 
7200 209 185 
7200 210 5 23 
7200 211 5 23 
7200 212 5 23 
7200 213 203 
7200 214 5 23 
7200 215 5 23 
7200 216 5 23 
7200 217 5 23 
7200 218 185 
7200 219 5 23 
7200 220 0 3 4 
7200 221 0 1 2 5 
7200 222 0 1 2 3 4 5 
7200 223 0 1 3 4 
7200 224 0 1 2 5 
7200 225 0 3 4 5 
7200 226 0 1 2 3 4 
7200 227 0 4 5 
7200 228 0 1 2 3 
7200 229 0 2 3 4 5 
7200 230 0 1 2 3 4 
7200 231 0 2 5 
7200 232 0 1 3 4 
7200 233 0 1 3 
7200 234 0 2 4 
7200 235 0 1 5 
7200 236 0 2 3 4 
7200 237 0 3 4 5 
7200 238 0 1 2 3 5 
7200 239 0 1 2 4 5 
7200 240 0 1 3 
7200 241 0 1 2 3 4 5 
7200 242 0 3 4 
7200 243 0 1 2 5 
7200 244 0 1 2 3 4 5 
7200 245 0 1 2 3 4 5 
7200 246 0 1 2 4 
7200 247 0 4 5 
7200 248 0 3 5 
7200 249 0 3 4 
9000 0 220 221 222 223 224 225 226 227 228 229 230 231 232 233 234 235 236 237 238 239 240 241 242 243 244 245 246 247 248 249 
9000 1 0 2 3 4 5 6 7 10 221 222 223 224 226 228 230 232 233 235 238 239 240 241 243 244 245 246 
9000 2 0 1 3 4 5 14 221 222 224 226 228 229 230 231 234 236 238 239 241 243 244 245 246 
9000 3 0 1 2 4 5 16 17 18 220 222 223 225 226 228 229 230 232 233 236 237 238 240 241 242 244 245 248 249 
9000 4 0 220 222 223 225 226 227 229 230 232 234 236 237 239 241 242 244 245 246 247 249 
9000 5 0 1 2 3 4 23 221 222 224 225 227 229 231 235 237 238 239 241 243 244 245 247 248 
9000 6 1 7 10 
9000 7 1 6 10 
9000 8 1 6 7 10 
9000 9 1 6 7 10 
9000 10 
9000 11 2 14 
9000 12 
9000 13 2 14 
9000 14 
9000 15 3 16 17 18 
9000 16 
9000 17 3 16 18 
9000 18 16 
9000 19 3 16 17 18 
9000 20 
9000 21 5 23 
9000 22 23 
9000 23 
9000 24 
9000 25 1 6 7 8 9 10 
9000 26 1 6 7 8 10 
9000 27 1 6 7 8 10 
9000 28 46 
9000 29 1 6 7 10 
9000 30 1 6 7 10 
9000 31 1 6 7 8 10 
9000 32 54 
9000 33 1 6 7 8 9 10 
9000 34 29 42 
9000 35 1 6 7 8 10 
9000 36 25 
9000 37 27 
9000 38 1 6 7 8 9 10 
9000 39 1 6 7 8 9 10 
9000 40 1 6 7 8 10 
9000 41 34 
9000 42 1 6 7 10 
9000 43 1 6 7 10 
9000 44 1 6 7 9 10 
9000 45 1 6 7 8 10 
9000 46 29 42 
9000 47 1 6 7 10 
9000 48 1 6 7 10 
9000 49 1 6 7 8 10 
9000 50 1 6 7 8 10 
9000 51 1 6 7 10 
9000 52 1 6 7 10 
9000 53 1 6 7 10 
9000 54 1 6 7 10 
9000 55 54 
9000 56 1 6 7 10 
9000 57 1 6 7 8 10 
9000 58 1 6 7 10 
9000 59 1 6 7 8 10 
9000 60 1 6 7 10 
9000 61 2 11 12 14 
9000 62 2 11 12 14 
9000 63 2 12 14 
9000 64 2 14 
9000 65 2 11 14 
9000 66 2 11 14 
9000 67 2 14 
9000 68 2 11 14 
9000 69 2 14 
9000 70 2 11 14 
9000 71 2 11 14 
9000 72 2 11 14 
9000 73 2 13 14 
9000 74 2 14 
9000 75 2 14 
9000 76 2 14 
9000 77 2 14 
9000 78 2 14 
9000 79 62 
9000 80 2 11 14 
9000 81 2 11 14 
9000 82 69 
9000 83 2 11 14 
9000 84 2 14 
9000 85 89 
9000 86 2 14 
9000 87 2 11 14 
9000 88 2 11 14 
9000 89 2 11 14 
9000 90 2 11 14 
9000 91 2 11 14 
9000 92 98 
9000 93 2 14 
9000 94 63 
9000 95 2 14 
9000 96 2 14 
9000 97 65 
9000 98 2 14 
9000 99 2 14 
9000 100 2 14 
9000 101 2 14 
9000 102 130 
9000 103 3 16 17 18 
9000 104 3 16 17 18 
9000 105 3 16 17 18 
9000 106 109 
9000 107 3 16 17 18 
9000 108 3 16 17 18 
9000 109 3 16 17 18 
9000 110 3 16 17 18 
9000 111 3 16 17 18 
9000 112 3 16 17 18 
9000 113 129 
9000 114 3 16 17 18 
9000 115 3 15 16 17 18 
9000 116 3 16 17 18 
9000 117 130 
9000 118 3 16 17 18 
9000 119 131 
9000 120 3 16 17 18 
9000 121 130 
9000 122 136 
9000 123 130 
9000 124 3 16 17 18 
9000 125 132 
9000 126 3 16 17 18 19 
9000 127 3 16 17 18 19 
9000 128 3 16 17 18 
9000 129 3 16 17 18 
9000 130 3 16 17 18 
9000 131 3 16 17 18 
9000 132 3 16 17 18 
9000 133 3 16 17 18 
9000 134 131 
9000 135 3 16 17 18 
9000 136 3 16 17 18 19 
9000 137 3 16 17 18 19 
9000 138 129 
9000 139 140 
9000 140 4 
9000 141 4 
9000 142 4 
9000 143 4 
9000 144 4 
9000 145 4 
9000 146 4 
9000 147 141 
9000 148 4 
9000 149 4 
9000 150 4 
9000 151 4 
9000 152 4 
9000 153 4 
9000 154 4 
9000 155 4 
9000 156 4 
9000 157 4 
9000 158 4 
9000 159 4 
9000 160 4 20 
9000 161 4 20 
9000 162 143 
9000 163 4 
9000 164 4 
9000 165 4 
9000 166 4 
9000 167 4 
9000 168 4 
9000 169 4 
9000 170 4 
9000 171 4 
9000 172 4 
9000 173 4 
9000 174 4 
9000 175 4 
9000 176 4 
9000 177 4 
9000 178 4 
9000 179 4 
9000 180 4 
9000 181 4 
9000 182 4 
9000 183 5 23 
9000 184 5 23 
9000 185 5 23 
9000 186 210 
9000 187 5 23 
9000 188 5 21 23 
9000 189 5 23 
9000 190 185 
9000 191 5 23 24 
9000 192 5 23 
9000 193 5 23 
9000 194 5 23 
9000 195 5 23 24 
9000 196 184 
9000 197 5 23 
9000 198 5 23 
9000 199 205 
9000 200 185 
9000 201 5 23 
9000 202 5 23 
9000 203 5 23 
9000 204 5 23 
9000 205 5 23 
9000 206 5 23 
9000 207 5 23 
9000 208 5 23 
9000 209 185 
9000 210 5 23 
9000 211 5 23 
9000 212 5 23 
9000 213 210 
9000 214 5 23 
9000 215 5 23 
9000 216 5 23 
9000 217 5 23 
9000 218 185 
9000 219 5 23 
9000 220 0 3 4 
9000 221 0 1 2 5 
9000 222 0 1 2 3 4 5 
9000 223 0 1 3 4 
9000 224 0 1 2 5 
9000 225 0 3 4 5 
9000 226 0 1 2 3 4 
9000 227 0 4 5 
9000 228 0 1 2 3 
9000 229 0 2 3 4 5 
9000 230 0 1 2 3 4 
9000 231 0 2 5 
9000 232 0 1 3 4 
9000 233 0 1 3 
9000 234 0 2 4 
9000 235 0 1 5 
9000 236 0 2 3 4 
9000 237 0 3 4 5 
9000 238 0 1 2 3 5 
9000 239 0 1 2 4 5 
9000 240 0 1 3 
9000 241 0 1 2 3 4 5 
9000 242 0 3 4 
9000 243 0 1 2 5 
9000 244 0 1 2 3 4 5 
9000 245 0 1 2 3 4 5 
9000 246 0 1 2 4 
9000 247 0 4 5 
9000 248 0 3 5 
9000 249 0 3 4 
10800 0 220 221 222 223 224 225 226 227 228 229 230 231 232 233 234 235 236 237 238 239 240 241 242 243 244 245 246 247 248 249 
10800 1 0 2 3 4 5 6 7 10 221 222 223 224 226 228 230 232 233 235 238 239 240 241 243 244 245 246 
10800 2 0 1 3 4 5 14 221 222 224 226 228 229 230 231 234 236 238 239 241 243 244 245 246 
10800 3 0 1 2 4 5 16 17 18 220 222 223 225 226 228 229 230 232 233 236 237 238 240 241 242 244 245 248 249 
10800 4 0 220 222 223 225 226 227 229 230 232 234 236 237 239 241 242 244 245 246 247 249 
10800 5 0 1 2 3 4 23 221 222 224 225 227 229 231 235 237 238 239 241 243 244 245 247 248 
10800 6 1 7 10 
10800 7 1 6 10 
10800 8 1 6 7 10 
10800 9 1 6 7 10 
10800 10 
10800 11 2 14 
10800 12 
10800 13 2 14 
10800 14 
10800 15 3 16 17 18 
10800 16 
10800 17 3 16 18 
10800 18 16 
10800 19 3 16 17 18 
10800 20 
10800 21 5 23 
10800 22 23 
10800 23 
10800 24 
10800 25 1 6 7 8 9 10 
10800 26 1 6 7 8 10 
10800 27 1 6 7 8 10 
10800 28 53 
10800 29 1 6 7 10 
10800 30 1 6 7 10 
10800 31 1 6 7 8 10 
10800 32 30 
10800 33 1 6 7 8 9 10 
10800 34 29 52 
10800 35 1 6 7 8 10 
10800 36 26 
10800 37 25 
10800 38 1 6 7 8 9 10 
10800 39 1 6 7 8 9 10 
10800 40 1 6 7 8 10 
10800 41 34 
10800 42 1 6 7 10 
10800 43 1 6 7 10 
10800 44 1 6 7 9 10 
10800 45 1 6 7 8 10 
10800 46 29 
10800 47 1 6 7 10 
10800 48 1 6 7 10 
10800 49 1 6 7 8 10 
10800 50 1 6 7 8 10 
10800 51 1 6 7 10 
10800 52 1 6 7 10 
10800 53 1 6 7 10 
10800 54 1 6 7 10 
10800 55 29 
10800 56 1 6 7 10 
10800 57 1 6 7 8 10 
10800 58 1 6 7 10 
10800 59 1 6 7 8 10 
10800 60 1 6 7 10 
10800 61 2 11 12 14 
10800 62 2 11 12 14 
10800 63 2 12 14 
10800 64 2 14 
10800 65 2 11 14 
10800 66 2 11 14 
10800 67 2 14 
10800 68 2 11 14 
10800 69 2 14 
10800 70 2 11 14 
10800 71 2 11 14 
10800 72 2 11 14 
10800 73 2 13 14 
10800 74 2 14 
10800 75 2 14 
10800 76 2 14 
10800 77 2 14 
10800 78 2 14 
10800 79 62 
10800 80 2 11 14 
10800 81 2 11 14 
10800 82 69 
10800 83 2 11 14 
10800 84 2 14 
10800 85 97 
10800 86 2 14 
10800 87 2 11 14 
10800 88 2 11 14 
10800 89 2 11 14 
10800 90 2 11 14 
10800 91 2 11 14 
10800 92 98 
10800 93 2 14 
10800 94 63 
10800 95 2 14 
10800 96 2 14 
10800 97 2 14 
10800 98 2 14 
10800 99 2 14 
10800 100 2 14 
10800 101 2 14 
10800 102 130 
10800 103 3 16 17 18 
10800 104 3 16 17 18 
10800 105 3 16 17 18 
10800 106 109 
10800 107 3 16 17 18 
10800 108 3 16 17 18 
10800 109 3 16 17 18 
10800 110 3 16 17 18 
10800 111 3 16 17 18 
10800 112 3 16 17 18 
10800 113 129 
10800 114 3 16 17 18 
10800 115 3 15 16 17 18 
10800 116 3 16 17 18 
10800 117 134 
10800 118 3 16 17 18 
10800 119 124 
10800 120 3 16 17 18 
10800 121 134 
10800 122 136 
10800 123 3 16 17 18 
10800 124 3 16 17 18 
10800 125 135 
10800 126 107 
10800 127 3 16 17 18 19 
10800 128 3 16 17 18 
10800 129 3 16 17 18 
10800 130 3 16 17 18 
10800 131 3 16 17 18 
10800 132 3 16 17 18 
10800 133 3 16 17 18 
10800 134 3 16 17 18 
10800 135 3 16 17 18 
10800 136 3 16 17 18 19 
10800 137 3 16 17 18 19 
10800 138 3 16 17 18 
10800 139 4 
10800 140 4 
10800 141 4 
10800 142 4 
10800 143 4 
10800 144 4 
10800 145 4 
10800 146 4 
10800 147 155 
10800 148 4 
10800 149 4 
10800 150 4 
10800 151 4 
10800 152 4 
10800 153 4 
10800 154 4 
10800 155 4 
10800 156 4 
10800 157 4 
10800 158 4 
10800 159 4 
10800 160 4 20 
10800 161 4 20 
10800 162 143 
10800 163 4 
10800 164 4 
10800 165 4 
10800 166 4 
10800 167 4 
10800 168 4 
10800 169 4 
10800 170 4 
10800 171 4 
10800 172 4 
10800 173 4 
10800 174 4 
10800 175 4 
10800 176 4 
10800 177 4 
10800 178 4 
10800 179 4 
10800 180 4 
10800 181 4 
10800 182 4 
10800 183 5 23 
10800 184 5 23 
10800 185 5 23 
10800 186 202 
10800 187 5 23 
10800 188 5 21 23 
10800 189 5 23 
10800 190 185 
10800 191 5 23 24 
10800 192 5 23 
10800 193 5 23 
10800 194 5 23 
10800 195 5 23 24 
10800 196 184 
10800 197 5 23 
10800 198 5 23 
10800 199 205 
10800 200 185 
10800 201 5 23 
10800 202 5 23 
10800 203 5 23 
10800 204 5 23 
10800 205 5 23 
10800 206 5 23 
10800 207 5 23 
10800 208 5 23 
10800 209 185 
10800 210 5 23 
10800 211 5 23 
10800 212 5 23 
10800 213 202 
10800 214 5 23 
10800 215 5 23 
10800 216 5 23 
10800 217 5 23 
10800 218 185 
10800 219 5 23 
10800 220 0 3 4 
10800 221 0 1 2 5 
10800 222 0 1 2 3 4 5 
10800 223 0 1 3 4 
10800 224 0 1 2 5 
10800 225 0 3 4 5 
10800 226 0 1 2 3 4 
10800 227 0 4 5 
10800 228 0 1 2 3 
10800 229 0 2 3 4 5 
10800 230 0 1 2 3 4 
10800 231 0 2 5 
10800 232 0 1 3 4 
10800 233 0 1 3 
10800 234 0 2 4 
10800 235 0 1 5 
10800 236 0 2 3 4 
10800 237 0 3 4 5 
10800 238 0 1 2 3 5 
10800 239 0 1 2 4 5 
10800 240 0 1 3 
10800 241 0 1 2 3 4 5 
10800 242 0 3 4 
10800 243 0 1 2 5 
10800 244 0 1 2 3 4 5 
10800 245 0 1 2 3 4 5 
10800 246 0 1 2 4 
10800 247 0 4 5 
10800 248 0 3 5 
10800 249 0 3 4 
12600 0 220 221 222 223 224 225 226 227 228 229 230 231 232 233 234 235 236 237 238 239 240 241 242 243 244 245 246 247 248 249 
12600 1 0 2 3 4 5 6 7 10 221 222 223 224 226 228 230 232 233 235 238 239 240 241 243 244 245 246 
12600 2 0 1 3 4 5 14 221 222 224 226 228 229 230 231 234 236 238 239 241 243 244 245 246 
12600 3 0 1 2 4 5 16 17 18 220 222 223 225 226 228 229 230 232 233 236 237 238 240 241 242 244 245 248 249 
12600 4 0 220 222 223 225 226 227 229 230 232 234 236 237 239 241 242 244 245 246 247 249 
12600 5 0 1 2 3 4 23 221 222 224 225 227 229 231 235 237 238 239 241 243 244 245 247 248 
12600 6 1 7 10 
12600 7 1 6 10 
12600 8 1 6 7 10 
12600 9 1 6 7 10 
12600 10 
12600 11 2 14 
12600 12 
12600 13 2 14 
12600 14 
12600 15 3 16 17 18 
12600 16 
12600 17 3 16 18 
12600 18 16 
12600 19 3 16 17 18 
12600 20 
12600 21 5 23 
12600 22 23 
12600 23 
12600 24 
12600 25 1 6 7 8 9 10 
12600 26 1 6 7 8 10 
12600 27 1 6 7 8 10 
12600 28 46 
12600 29 1 6 7 10 
12600 30 1 6 7 10 
12600 31 1 6 7 8 10 
12600 32 57 
12600 33 1 6 7 8 9 10 
12600 34 29 
12600 35 1 6 7 8 10 
12600 36 26 
12600 37 25 
12600 38 1 6 7 8 9 10 
12600 39 1 6 7 8 9 10 
12600 40 1 6 7 8 10 
12600 41 42 
12600 42 1 6 7 10 
12600 43 1 6 7 10 
12600 44 1 6 7 9 10 
12600 45 1 6 7 8 10 
12600 46 42 
12600 47 1 6 7 10 
12600 48 1 6 7 10 
12600 49 1 6 7 8 10 
12600 50 1 6 7 8 10 
12600 51 1 6 7 10 
12600 52 1 6 7 10 
12600 53 1 6 7 10 
12600 54 1 6 7 10 
12600 55 26 
12600 56 1 6 7 10 
12600 57 1 6 7 8 10 
12600 58 1 6 7 10 
12600 59 1 6 7 8 10 
12600 60 1 6 7 10 
12600 61 2 11 12 14 
12600 62 2 11 12 14 
12600 63 2 12 14 
12600 64 2 14 
12600 65 2 11 14 
12600 66 2 11 14 
12600 67 2 14 
12600 68 2 11 14 
12600 69 2 14 
12600 70 2 11 14 
12600 71 2 11 14 
12600 72 2 11 14 
12600 73 2 13 14 
12600 74 2 14 
12600 75 2 14 
12600 76 2 14 
12600 77 2 14 
12600 78 2 14 
12600 79 61 
12600 80 2 11 14 
12600 81 2 11 14 
12600 82 69 
12600 83 2 11 14 
12600 84 2 14 
12600 85 76 
12600 86 2 14 
12600 87 2 11 14 
12600 88 2 11 14 
12600 89 2 11 14 
12600 90 2 11 14 
12600 91 2 11 14 
12600 92 98 
12600 93 2 14 
12600 94 63 
12600 95 2 14 
12600 96 2 14 
12600 97 61 
12600 98 2 14 
12600 99 2 14 
12600 100 2 14 
12600 101 2 14 
12600 102 130 
12600 103 3 16 17 18 
12600 104 3 16 17 18 
12600 105 3 16 17 18 
12600 106 109 
12600 107 3 16 17 18 
12600 108 3 16 17 18 
12600 109 3 16 17 18 
12600 110 3 16 17 18 
12600 111 3 16 17 18 
12600 112 3 16 17 18 
12600 113 129 
12600 114 3 16 17 18 
12600 115 3 15 16 17 18 
12600 116 3 16 17 18 
12600 117 130 
12600 118 3 16 17 18 
12600 119 133 
12600 120 3 16 17 18 
12600 121 130 
12600 122 136 
12600 123 130 
12600 124 3 16 17 18 
12600 125 104 
12600 126 129 
12600 127 3 16 17 18 19 
12600 128 3 16 17 18 
12600 129 3 16 17 18 
12600 130 3 16 17 18 
12600 131 3 16 17 18 
12600 132 3 16 17 18 
12600 133 3 16 17 18 
12600 134 137 
12600 135 3 16 17 18 
12600 136 3 16 17 18 19 
12600 137 3 16 17 18 19 
12600 138 129 
12600 139 140 
12600 140 4 
12600 141 4 
12600 142 4 
12600 143 4 
12600 144 4 
12600 145 4 
12600 146 4 
12600 147 149 
12600 148 4 
12600 149 4 
12600 150 4 
12600 151 4 
12600 152 4 
12600 153 4 
12600 154 4 
12600 155 4 
12600 156 4 
12600 157 4 
12600 158 4 
12600 159 4 
12600 160 4 20 
12600 161 4 20 
12600 162 143 
12600 163 4 
12600 164 4 
12600 165 4 
12600 166 4 
12600 167 4 
12600 168 4 
12600 169 4 
12600 170 4 
12600 171 4 
12600 172 4 
12600 173 4 
12600 174 4 
12600 175 4 
12600 176 4 
12600 177 4 
12600 178 4 
12600 179 4 
12600 180 4 
12600 181 4 
12600 182 4 
12600 183 5 23 
12600 184 5 23 
12600 185 5 23 
12600 186 216 
12600 187 5 23 
12600 188 5 21 23 
12600 189 5 23 
12600 190 185 
12600 191 5 23 24 
12600 192 5 23 
12600 193 5 23 
12600 194 5 23 
12600 195 5 23 24 
12600 196 184 
12600 197 5 23 
12600 198 5 23 
12600 199 205 
12600 200 185 
12600 201 5 23 
12600 202 5 23 
12600 203 5 23 
12600 204 5 23 
12600 205 5 23 
12600 206 5 23 
12600 207 5 23 
12600 208 5 23 
12600 209 185 
12600 210 5 23 
12600 211 5 23 
12600 212 5 23 
12600 213 216 
12600 214 5 23 
12600 215 5 23 
12600 216 5 23 
12600 217 5 23 
12600 218 185 
12600 219 5 23 
12600 220 0 3 4 
12600 221 0 1 2 5 
12600 222 0 1 2 3 4 5 
12600 223 0 1 3 4 
12600 224 0 1 2 5 
12600 225 0 3 4 5 
12600 226 0 1 2 3 4 
12600 227 0 4 5 
12600 228 0 1 2 3 
12600 229 0 2 3 4 5 
12600 230 0 1 2 3 4 
12600 231 0 2 5 
12600 232 0 1 3 4 
12600 233 0 1 3 
12600 234 0 2 4 
12600 235 0 1 5 
12600 236 0 2 3 4 
12600 237 0 3 4 5 
12600 238 0 1 2 3 5 
12600 239 0 1 2 4 5 
12600 240 0 1 3 
12600 241 0 1 2 3 4 5 
12600 242 0 3 4 
12600 243 0 1 2 5 
12600 244 0 1 2 3 4 5 
12600 245 0 1 2 3 4 5 
12600 246 0 1 2 4 
12600 247 0 4 5 
12600 248 0 3 5 
12600 249 0 3 4 
14400 0 220 221 222 223 224 225 226 227 228 229 230 231 232 233 234 235 236 237 238 239 240 241 242 243 244 245 246 247 248 249 
14400 1 0 2 3 4 5 6 7 10 221 222 223 224 226 228 230 232 233 235 238 239 240 241 243 244 245 246 
14400 2 0 1 3 4 5 14 221 222 224 226 228 229 230 231 234 236 238 239 241 243 244 245 246 
14400 3 0 1 2 4 5 16 17 18 220 222 223 225 226 228 229 230 232 233 236 237 238 240 241 242 244 245 248 249 
14400 4 0 220 222 223 225 226 227 229 230 232 234 236 237 239 241 242 244 245 246 247 249 
14400 5 0 1 2 3 4 23 221 222 224 225 227 229 231 235 237 238 239 241 243 244 245 247 248 
14400 6 1 7 10 
14400 7 1 6 10 
14400 8 1 6 7 10 
14400 9 1 6 7 10 
14400 10 
14400 11 2 14 
14400 12 
14400 13 2 14 
14400 14 
14400 15 3 16 17 18 
14400 16 
14400 17 3 16 18 
14400 18 16 
14400 19 3 16 17 18 
14400 20 
14400 21 5 23 
14400 22 23 
14400 23 
14400 24 
14400 25 1 6 7 8 9 10 
14400 26 1 6 7 8 10 
14400 27 1 6 7 8 10 
14400 28 46 
14400 29 1 6 7 10 
14400 30 1 6 7 10 
14400 31 1 6 7 8 10 
14400 32 38 
14400 33 1 6 7 8 9 10 
14400 34 54 
14400 35 1 6 7 8 10 
14400 36 26 
14400 37 25 
14400 38 1 6 7 8 9 10 
14400 39 1 6 7 8 9 10 
14400 40 1 6 7 8 10 
14400 41 34 
14400 42 1 6 7 10 
14400 43 1 6 7 10 
14400 44 1 6 7 9 10 
14400 45 1 6 7 8 10 
14400 46 29 
14400 47 1 6 7 10 
14400 48 1 6 7 10 
14400 49 1 6 7 8 10 
14400 50 1 6 7 8 10 
14400 51 1 6 7 10 
14400 52 1 6 7 10 
14400 53 1 6 7 10 
14400 54 1 6 7 10 
14400 55 54 
14400 56 1 6 7 10 
14400 57 1 6 7 8 10 
14400 58 1 6 7 10 
14400 59 1 6 7 8 10 
14400 60 1 6 7 10 
14400 61 2 11 12 14 
14400 62 2 11 12 14 
14400 63 2 12 14 
14400 64 2 14 
14400 65 2 11 14 
14400 66 2 11 14 
14400 67 2 14 
14400 68 2 11 14 
14400 69 2 14 
14400 70 2 11 14 
14400 71 2 11 14 
14400 72 2 11 14 
14400 73 2 13 14 
14400 74 2 14 
14400 75 2 14 
14400 76 2 14 
14400 77 2 14 
14400 78 2 14 
14400 79 62 
14400 80 2 11 14 
14400 81 2 11 14 
14400 82 69 
14400 83 2 11 14 
14400 84 2 14 
14400 85 68 
14400 86 2 14 
14400 87 2 11 14 
14400 88 2 11 14 
14400 89 2 11 14 
14400 90 2 11 14 
14400 91 2 11 14 
14400 92 98 
14400 93 2 14 
14400 94 63 
14400 95 2 14 
14400 96 2 14 
14400 97 65 
14400 98 2 14 
14400 99 2 14 
14400 100 2 14 
14400 101 2 14 
14400 102 130 
14400 103 3 16 17 18 
14400 104 3 16 17 18 
14400 105 3 16 17 18 
14400 106 114 
14400 107 3 16 17 18 
14400 108 3 16 17 18 
14400 109 3 16 17 18 
14400 110 3 16 17 18 
14400 111 3 16 17 18 
14400 112 3 16 17 18 
14400 113 129 
14400 114 3 16 17 18 
14400 115 3 15 16 17 18 
14400 116 3 16 17 18 
14400 117 130 
14400 118 3 16 17 18 
14400 119 128 
14400 120 3 16 17 18 
14400 121 130 
14400 122 136 
14400 123 130 
14400 124 3 16 17 18 
14400 125 136 
14400 126 107 
14400 127 3 16 17 18 19 
14400 128 3 16 17 18 
14400 129 3 16 17 18 
14400 130 3 16 17 18 
14400 131 3 16 17 18 
14400 132 3 16 17 18 
14400 133 3 16 17 18 
14400 134 137 
14400 135 3 16 17 18 
14400 136 3 16 17 18 19 
14400 137 3 16 17 18 19 
14400 138 129 
14400 139 140 
14400 140 4 
14400 141 4 
14400 142 4 
14400 143 4 
14400 144 4 
14400 145 4 
14400 146 4 
14400 147 146 
14400 148 4 
14400 149 4 
14400 150 4 
14400 151 4 
14400 152 4 
14400 153 4 
14400 154 4 
14400 155 4 
14400 156 4 
14400 157 4 
14400 158 4 
14400 159 4 
14400 160 4 20 
14400 161 4 20 
14400 162 143 
14400 163 4 
14400 164 4 
14400 165 4 
14400 166 4 
14400 167 4 
14400 168 4 
14400 169 4 
14400 170 4 
14400 171 4 
14400 172 4 
14400 173 4 
14400 174 4 
14400 175 4 
14400 176 4 
14400 177 4 
14400 178 4 
14400 179 4 
14400 180 4 
14400 181 4 
14400 182 4 
14400 183 5 23 
14400 184 5 23 
14400 185 5 23 
14400 186 208 
14400 187 5 23 
14400 188 5 21 23 
14400 189 5 23 
14400 190 185 
14400 191 5 23 24 
14400 192 5 23 
14400 193 5 23 
14400 194 5 23 
14400 195 5 23 24 
14400 196 183 
14400 197 5 23 
14400 198 5 23 
14400 199 205 
14400 200 185 
14400 201 5 23 
14400 202 5 23 
14400 203 5 23 
14400 204 5 23 
14400 205 5 23 
14400 206 5 23 
14400 207 5 23 
14400 208 5 23 
14400 209 185 
14400 210 5 23 
14400 211 5 23 
14400 212 5 23 
14400 213 191 
14400 214 5 23 
14400 215 5 23 
14400 216 5 23 
14400 217 5 23 
14400 218 185 
14400 219 5 23 
14400 220 0 3 4 
14400 221 0 1 2 5 
14400 222 0 1 2 3 4 5 
14400 223 0 1 3 4 
14400 224 0 1 2 5 
14400 225 0 3 4 5 
14400 226 0 1 2 3 4 
14400 227 0 4 5 
14400 228 0 1 2 3 
14400 229 0 2 3 4 5 
14400 230 0 1 2 3 4 
14400 231 0 2 5 
14400 232 0 1 3 4 
14400 233 0 1 3 
14400 234 0 2 4 
14400 235 0 1 5 
14400 236 0 2 3 4 
14400 237 0 3 4 5 
14400 238 0 1 2 3 5 
14400 239 0 1 2 4 5 
14400 240 0 1 3 
14400 241 0 1 2 3 4 5 
14400 242 0 3 4 
14400 243 0 1 2 5 
14400 244 0 1 2 3 4 5 
14400 245 0 1 2 3 4 5 
14400 246 0 1 2 4 
14400 247 0 4 5 
14400 248 0 3 5 
14400 249 0 3 4 
16200 0 220 221 222 223 224 225 226 227 228 229 230 231 232 233 234 235 236 237 238 239 240 241 242 243 244 245 246 247 248 249 
16200 1 0 2 3 4 5 6 7 10 221 222 223 224 226 228 230 232 233 235 238 239 240 241 243 244 245 246 
16200 2 0 1 3 4 5 14 221 222 224 226 228 229 230 231 234 236 238 239 241 243 244 245 246 
16200 3 0 1 2 4 5 16 17 18 220 222 223 225 226 228 229 230 232 233 236 237 238 240 241 242 244 245 248 249 
16200 4 0 220 222 223 225 226 227 229 230 232 234 236 237 239 241 242 244 245 246 247 249 
16200 5 0 1 2 3 4 23 221 222 224 225 227 229 231 235 237 238 239 241 243 244 245 247 248 
16200 6 1 7 10 
16200 7 1 6 10 
16200 8 1 6 7 10 
16200 9 1 6 7 10 
16200 10 
16200 11 2 14 
16200 12 
16200 13 2 14 
16200 14 
16200 15 3 16 17 18 
16200 16 
16200 17 3 16 18 
16200 18 16 
16200 19 3 16 17 18 
16200 20 
16200 21 5 23 
16200 22 23 
16200 23 
16200 24 
16200 25 1 6 7 8 9 10 
16200 26 1 6 7 8 10 
16200 27 1 6 7 8 10 
16200 28 46 
16200 29 1 6 7 10 
16200 30 1 6 7 10 
16200 31 1 6 7 8 10 
16200 32 60 
16200 33 1 6 7 8 9 10 
16200 34 1 6 7 8 10 
16200 35 1 6 7 8 10 
16200 36 26 
16200 37 25 
16200 38 1 6 7 8 9 10 
16200 39 1 6 7 8 9 10 
16200 40 1 6 7 8 10 
16200 41 34 
16200 42 1 6 7 10 
16200 43 1 6 7 10 
16200 44 1 6 7 9 10 
16200 45 1 6 7 8 10 
16200 46 34 
16200 47 1 6 7 10 
16200 48 1 6 7 10 
16200 49 1 6 7 8 10 
16200 50 1 6 7 8 10 
16200 51 1 6 7 10 
16200 52 1 6 7 10 
16200 53 1 6 7 10 
16200 54 1 6 7 10 
16200 55 34 
16200 56 1 6 7 10 
16200 57 1 6 7 8 10 
16200 58 1 6 7 10 
16200 59 1 6 7 8 10 
16200 60 1 6 7 10 
16200 61 2 11 12 14 
16200 62 2 11 12 14 
16200 63 2 12 14 
16200 64 2 14 
16200 65 2 11 14 
16200 66 2 11 14 
16200 67 2 14 
16200 68 2 11 14 
16200 69 2 14 
16200 70 2 11 14 
16200 71 2 11 14 
16200 72 2 11 14 
16200 73 2 13 14 
16200 74 2 14 
16200 75 2 14 
16200 76 2 14 
16200 77 2 14 
16200 78 2 14 
16200 79 62 
16200 80 2 11 14 
16200 81 2 11 14 
16200 82 69 
16200 83 2 11 14 
16200 84 2 14 
16200 85 97 
16200 86 2 14 
16200 87 2 11 14 
16200 88 2 11 14 
16200 89 2 11 14 
16200 90 2 11 14 
16200 91 2 11 14 
16200 92 98 
16200 93 2 14 
16200 94 63 
16200 95 2 14 
16200 96 2 14 
16200 97 2 14 
16200 98 2 14 
16200 99 2 14 
16200 100 2 14 
16200 101 2 14 
16200 102 121 
16200 103 3 16 17 18 
16200 104 3 16 17 18 
16200 105 3 16 17 18 
16200 106 109 
16200 107 3 16 17 18 
16200 108 3 16 17 18 
16200 109 3 16 17 18 
16200 110 3 16 17 18 
16200 111 3 16 17 18 
16200 112 3 16 17 18 
16200 113 129 
16200 114 3 16 17 18 
16200 115 3 15 16 17 18 
16200 116 3 16 17 18 
16200 117 121 
16200 118 3 16 17 18 
16200 119 124 
16200 120 3 16 17 18 
16200 121 3 16 17 18 
16200 122 136 
16200 123 130 
16200 124 3 16 17 18 
16200 125 136 
16200 126 107 
16200 127 3 16 17 18 19 
16200 128 3 16 17 18 
16200 129 3 16 17 18 
16200 130 3 16 17 18 
16200 131 3 16 17 18 
16200 132 3 16 17 18 
16200 133 3 16 17 18 
16200 134 137 
16200 135 3 16 17 18 
16200 136 3 16 17 18 19 
16200 137 3 16 17 18 19 
16200 138 129 
16200 139 140 
16200 140 4 
16200 141 4 
16200 142 4 
16200 143 4 
16200 144 4 
16200 145 4 
16200 146 4 
16200 147 155 
16200 148 4 
16200 149 4 
16200 150 4 
16200 151 4 
16200 152 4 
16200 153 4 
16200 154 4 
16200 155 4 
16200 156 4 
16200 157 4 
16200 158 4 
16200 159 4 
16200 160 4 20 
16200 161 4 20 
16200 162 143 
16200 163 4 
16200 164 4 
16200 165 4 
16200 166 4 
16200 167 4 
16200 168 4 
16200 169 4 
16200 170 4 
16200 171 4 
16200 172 4 
16200 173 4 
16200 174 4 
16200 175 4 
16200 176 4 
16200 177 4 
16200 178 4 
16200 179 4 
16200 180 4 
16200 181 4 
16200 182 4 
16200 183 5 23 
16200 184 5 23 
16200 185 5 23 
16200 186 213 
16200 187 5 23 
16200 188 5 21 23 
16200 189 5 23 
16200 190 185 
16200 191 5 23 24 
16200 192 5 23 
16200 193 5 23 
16200 194 5 23 
16200 195 5 23 24 
16200 196 184 
16200 197 5 23 
16200 198 5 23 
16200 199 205 
16200 200 185 
16200 201 5 23 
16200 202 5 23 
16200 203 5 23 
16200 204 5 23 
16200 205 5 23 
16200 206 5 23 
16200 207 5 23 
16200 208 5 23 
16200 209 185 
16200 210 5 23 
16200 211 5 23 
16200 212 5 23 
16200 213 203 
16200 214 5 23 
16200 215 5 23 
16200 216 5 23 
16200 217 5 23 
16200 218 185 
16200 219 5 23 
16200 220 0 3 4 
16200 221 0 1 2 5 
16200 222 0 1 2 3 4 5 
16200 223 0 1 3 4 
16200 224 0 1 2 5 
16200 225 0 3 4 5 
16200 226 0 1 2 3 4 
16200 227 0 4 5 
16200 228 0 1 2 3 
16200 229 0 2 3 4 5 
16200 230 0 1 2 3 4 
16200 231 0 2 5 
16200 232 0 1 3 4 
16200 233 0 1 3 
16200 234 0 2 4 
16200 235 0 1 5 
16200 236 0 2 3 4 
16200 237 0 3 4 5 
16200 238 0 1 2 3 5 
16200 239 0 1 2 4 5 
16200 240 0 1 3 
16200 241 0 1 2 3 4 5 
16200 242 0 3 4 
16200 243 0 1 2 5 
16200 244 0 1 2 3 4 5 
16200 245 0 1 2 3 4 5 
16200 246 0 1 2 4 
16200 247 0 4 5 
16200 248 0 3 5 
16200 249 0 3 4 
18000 0 220 221 222 223 224 225 226 227 228 229 230 231 232 233 234 235 236 237 238 239 240 241 242 243 244 245 246 247 248 249 
18000 1 0 2 3 4 5 6 7 10 221 222 223 224 226 228 230 232 233 235 238 239 240 241 243 244 245 246 
18000 2 0 1 3 4 5 14 221 222 224 226 228 229 230 231 234 236 238 239 241 243 244 245 246 
18000 3 0 1 2 4 5 16 17 18 220 222 223 225 226 228 229 230 232 233 236 237 238 240 241 242 244 245 248 249 
18000 4 0 220 222 223 225 226 227 229 230 232 234 236 237 239 241 242 244 245 246 247 249 
18000 5 0 1 2 3 4 23 221 222 224 225 227 229 231 235 237 238 239 241 243 244 245 247 248 
18000 6 1 7 10 
18000 7 1 6 10 
18000 8 1 6 7 10 
18000 9 1 6 7 10 
18000 10 
18000 11 2 14 
18000 12 
18000 13 2 14 
18000 14 
18000 15 3 16 17 18 
18000 16 
18000 17 3 16 18 
18000 18 16 
18000 19 3 16 17 18 
18000 20 
18000 21 5 23 
18000 22 23 
18000 23 
18000 24 
18000 25 1 6 7 8 9 10 
18000 26 1 6 7 8 10 
18000 27 1 6 7 8 10 
18000 28 46 
18000 29 1 6 7 10 
18000 30 1 6 7 10 
18000 31 1 6 7 8 10 
18000 32 50 
18000 33 1 6 7 8 9 10 
18000 34 29 
18000 35 1 6 7 8 10 
18000 36 25 
18000 37 25 
18000 38 1 6 7 8 9 10 
18000 39 1 6 7 8 9 10 
18000 40 1 6 7 8 10 
18000 41 34 
18000 42 1 6 7 10 
18000 43 1 6 7 10 
18000 44 1 6 7 9 10 
18000 45 1 6 7 8 10 
18000 46 29 
18000 47 1 6 7 10 
18000 48 1 6 7 10 
18000 49 1 6 7 8 10 
18000 50 1 6 7 8 10 
18000 51 1 6 7 10 
18000 52 1 6 7 10 
18000 53 1 6 7 10 
18000 54 1 6 7 10 
18000 55 48 
18000 56 1 6 7 10 
18000 57 1 6 7 8 10 
18000 58 1 6 7 10 
18000 59 1 6 7 8 10 
18000 60 1 6 7 10 
18000 61 2 11 12 14 
18000 62 2 11 12 14 
18000 63 2 12 14 
18000 64 2 14 
18000 65 2 11 14 
18000 66 2 11 14 
18000 67 2 14 
18000 68 2 11 14 
18000 69 2 14 
18000 70 2 11 14 
18000 71 2 11 14 
18000 72 2 11 14 
18000 73 2 13 14 
18000 74 2 14 
18000 75 2 14 
18000 76 2 14 
18000 77 2 14 
18000 78 2 14 
18000 79 62 
18000 80 2 11 14 
18000 81 2 11 14 
18000 82 69 
18000 83 2 11 14 
18000 84 2 14 
18000 85 76 
18000 86 2 14 
18000 87 2 11 14 
18000 88 2 11 14 
18000 89 2 11 14 
18000 90 2 11 14 
18000 91 2 11 14 
18000 92 98 
18000 93 2 14 
18000 94 63 
18000 95 2 14 
18000 96 2 14 
18000 97 65 
18000 98 2 14 
18000 99 2 14 
18000 100 2 14 
18000 101 2 14 
18000 102 130 
18000 103 3 16 17 18 
18000 104 3 16 17 18 
18000 105 3 16 17 18 
18000 106 137 
18000 107 3 16 17 18 
18000 108 3 16 17 18 
18000 109 3 16 17 18 
18000 110 3 16 17 18 
18000 111 3 16 17 18 
18000 112 3 16 17 18 
18000 113 129 
18000 114 3 16 17 18 
18000 115 3 15 16 17 18 
18000 116 3 16 17 18 
18000 117 130 
18000 118 3 16 17 18 
18000 119 3 16 17 18 
18000 120 3 16 17 18 
18000 121 130 
18000 122 129 
18000 123 130 
18000 124 3 16 17 18 
18000 125 137 
18000 126 107 
18000 127 3 16 17 18 19 
18000 128 3 16 17 18 
18000 129 3 16 17 18 
18000 130 3 16 17 18 
18000 131 3 16 17 18 
18000 132 3 16 17 18 
18000 133 3 16 17 18 
18000 134 130 
18000 135 3 16 17 18 
18000 136 3 16 17 18 19 
18000 137 3 16 17 18 19 
18000 138 129 
18000 139 140 
18000 140 4 
18000 141 4 
18000 142 4 
18000 143 4 
18000 144 4 
18000 145 4 
18000 146 4 
18000 147 155 
18000 148 4 
18000 149 4 
18000 150 4 
18000 151 4 
18000 152 4 
18000 153 4 
18000 154 4 
18000 155 4 
18000 156 4 
18000 157 4 
18000 158 4 
18000 159 4 
18000 160 4 20 
18000 161 4 20 
18000 162 143 
18000 163 4 
18000 164 4 
18000 165 4 
18000 166 4 
18000 167 4 
18000 168 4 
18000 169 4 
18000 170 4 
18000 171 4 
18000 172 4 
18000 173 4 
18000 174 4 
18000 175 4 
18000 176 4 
18000 177 4 
18000 178 4 
18000 179 4 
18000 180 4 
18000 181 4 
18000 182 4 
18000 183 5 23 
18000 184 5 23 
18000 185 5 23 
18000 186 213 
18000 187 5 23 
18000 188 5 21 23 
18000 189 5 23 
18000 190 185 
18000 191 5 23 24 
18000 192 5 23 
18000 193 5 23 
18000 194 5 23 
18000 195 5 23 24 
18000 196 184 
18000 197 5 23 
18000 198 5 23 
18000 199 195 
18000 200 185 
18000 201 5 23 
18000 202 5 23 
18000 203 5 23 
18000 204 5 23 
18000 205 5 23 
18000 206 5 23 
18000 207 5 23 
18000 208 5 23 
18000 209 185 
18000 210 5 23 
18000 211 5 23 
18000 212 5 23 
18000 213 203 
18000 214 5 23 
18000 215 5 23 
18000 216 5 23 
18000 217 5 23 
18000 218 185 
18000 219 5 23 
18000 220 0 3 4 
18000 221 0 1 2 5 
18000 222 0 1 2 3 4 5 
18000 223 0 1 3 4 
18000 224 0 1 2 5 
18000 225 0 3 4 5 
18000 226 0 1 2 3 4 
18000 227 0 4 5 
18000 228 0 1 2 3 
18000 229 0 2 3 4 5 
18000 230 0 1 2 3 4 
18000 231 0 2 5 
18000 232 0 1 3 4 
18000 233 0 1 3 
18000 234 0 2 4 
18000 235 0 1 5 
18000 236 0 2 3 4 
18000 237 0 3 4 5 
18000 238 0 1 2 3 5 
18000 239 0 1 2 4 5 
18000 240 0 1 3 
18000 241 0 1 2 3 4 5 
18000 242 0 3 4 
18000 243 0 1 2 5 
18000 244 0 1 2 3 4 5 
18000 245 0 1 2 3 4 5 
18000 246 0 1 2 4 
18000 247 0 4 5 
18000 248 0 3 5 
18000 249 0 3 4 
19800 0 220 221 222 223 224 225 226 227 228 229 230 231 232 233 234 235 236 237 238 239 240 241 242 243 244 245 246 247 248 249 
19800 1 0 2 3 4 5 6 7 10 221 222 223 224 226 228 230 232 233 235 238 239 240 241 243 244 245 246 
19800 2 0 1 3 4 5 14 221 222 224 226 228 229 230 231 234 236 238 239 241 243 244 245 246 
19800 3 0 1 2 4 5 16 17 18 220 222 223 225 226 228 229 230 232 233 236 237 238 240 241 242 244 245 248 249 
19800 4 0 220 222 223 225 226 227 229 230 232 234 236 237 239 241 242 244 245 246 247 249 
19800 5 0 1 2 3 4 23 221 222 224 225 227 229 231 235 237 238 239 241 243 244 245 247 248 
19800 6 1 7 10 
19800 7 1 6 10 
19800 8 1 6 7 10 
19800 9 1 6 7 10 
19800 10 
19800 11 2 14 
19800 12 
19800 13 2 14 
19800 14 
19800 15 3 16 17 18 
19800 16 
19800 17 3 16 18 
19800 18 16 
19800 19 3 16 17 18 
19800 20 
19800 21 5 23 
19800 22 23 
19800 23 
19800 24 
19800 25 1 6 7 8 9 10 
19800 26 1 6 7 8 10 
19800 27 1 6 7 8 10 
19800 28 34 
19800 29 1 6 7 10 
19800 30 1 6 7 10 
19800 31 1 6 7 8 10 
19800 32 30 
19800 33 1 6 7 8 9 10 
19800 34 29 54 
19800 35 1 6 7 8 10 
19800 36 26 
19800 37 25 
19800 38 1 6 7 8 9 10 
19800 39 1 6 7 8 9 10 
19800 40 1 6 7 8 10 
19800 41 27 
19800 42 1 6 7 10 
19800 43 1 6 7 10 
19800 44 1 6 7 9 10 
19800 45 1 6 7 8 10 
19800 46 29 
19800 47 1 6 7 10 
19800 48 1 6 7 10 
19800 49 1 6 7 8 10 
19800 50 1 6 7 8 10 
19800 51 1 6 7 10 
19800 52 1 6 7 10 
19800 53 1 6 7 10 
19800 54 1 6 7 10 
19800 55 54 
19800 56 1 6 7 10 
19800 57 1 6 7 8 10 
19800 58 1 6 7 10 
19800 59 1 6 7 8 10 
19800 60 1 6 7 10 
19800 61 2 11 12 14 
19800 62 2 11 12 14 
19800 63 2 12 14 
19800 64 2 14 
19800 65 2 11 14 
19800 66 2 11 14 
19800 67 2 14 
19800 68 2 11 14 
19800 69 2 14 
19800 70 2 11 14 
19800 71 2 11 14 
19800 72 2 11 14 
19800 73 2 13 14 
19800 74 2 14 
19800 75 2 14 
19800 76 2 14 
19800 77 2 14 
19800 78 2 14 
19800 79 62 
19800 80 2 11 14 
19800 81 2 11 14 
19800 82 69 
19800 83 2 11 14 
19800 84 2 14 
19800 85 76 
19800 86 2 14 
19800 87 2 11 14 
19800 88 2 11 14 
19800 89 2 11 14 
19800 90 2 11 14 
19800 91 2 11 14 
19800 92 98 
19800 93 2 14 
19800 94 62 
19800 95 2 14 
19800 96 2 14 
19800 97 65 
19800 98 2 14 
19800 99 2 14 
19800 100 2 14 
19800 101 2 14 
19800 102 130 
19800 103 3 16 17 18 
19800 104 3 16 17 18 
19800 105 3 16 17 18 
19800 106 109 
19800 107 3 16 17 18 
19800 108 3 16 17 18 
19800 109 3 16 17 18 
19800 110 3 16 17 18 
19800 111 3 16 17 18 
19800 112 3 16 17 18 
19800 113 129 
19800 114 3 16 17 18 
19800 115 3 15 16 17 18 
19800 116 3 16 17 18 
19800 117 130 
19800 118 3 16 17 18 
19800 119 128 
19800 120 3 16 17 18 
19800 121 130 
19800 122 136 
19800 123 130 
19800 124 3 16 17 18 
19800 125 131 
19800 126 128 
19800 127 3 16 17 18 19 
19800 128 3 16 17 18 
19800 129 3 16 17 18 
19800 130 3 16 17 18 
19800 131 3 16 17 18 
19800 132 3 16 17 18 
19800 133 3 16 17 18 
19800 134 137 
19800 135 3 16 17 18 
19800 136 3 16 17 18 19 
19800 137 3 16 17 18 19 
19800 138 129 
19800 139 140 
19800 140 4 
19800 141 4 
19800 142 4 
19800 143 4 
19800 144 4 
19800 145 4 
19800 146 4 
19800 147 155 
19800 148 4 
19800 149 4 
19800 150 4 
19800 151 4 
19800 152 4 
19800 153 4 
19800 154 4 
19800 155 4 
19800 156 4 
19800 157 4 
19800 158 4 
19800 159 4 
19800 160 4 20 
19800 161 4 20 
19800 162 143 
19800 163 4 
19800 164 4 
19800 165 4 
19800 166 4 
19800 167 4 
19800 168 4 
19800 169 4 
19800 170 4 
19800 171 4 
19800 172 4 
19800 173 4 
19800 174 4 
19800 175 4 
19800 176 4 
19800 177 4 
19800 178 4 
19800 179 4 
19800 180 4 
19800 181 4 
19800 182 4 
19800 183 5 23 
19800 184 5 23 
19800 185 5 23 
19800 186 216 
19800 187 5 23 
19800 188 5 21 23 
19800 189 5 23 
19800 190 185 
19800 191 5 23 24 
19800 192 5 23 
19800 193 5 23 
19800 194 5 23 
19800 195 5 23 24 
19800 196 184 
19800 197 5 23 
19800 198 5 23 
19800 199 188 
19800 200 185 
19800 201 5 23 
19800 202 5 23 
19800 203 5 23 
19800 204 5 23 
19800 205 5 23 
19800 206 5 23 
19800 207 5 23 
19800 208 5 23 
19800 209 185 
19800 210 5 23 
19800 211 5 23 
19800 212 5 23 
19800 213 216 
19800 214 5 23 
19800 215 5 23 
19800 216 5 23 
19800 217 5 23 
19800 218 185 
19800 219 5 23 
19800 220 0 3 4 
19800 221 0 1 2 5 
19800 222 0 1 2 3 4 5 
19800 223 0 1 3 4 
19800 224 0 1 2 5 
19800 225 0 3 4 5 
19800 226 0 1 2 3 4 
19800 227 0 4 5 
19800 228 0 1 2 3 
19800 229 0 2 3 4 5 
19800 230 0 1 2 3 4 
19800 231 0 2 5 
19800 232 0 1 3 4 
19800 233 0 1 3 
19800 234 0 2 4 
19800 235 0 1 5 
19800 236 0 2 3 4 
19800 237 0 3 4 5 
19800 238 0 1 2 3 5 
19800 239 0 1 2 4 5 
19800 240 0 1 3 
19800 241 0 1 2 3 4 5 
19800 242 0 3 4 
19800 243 0 1 2 5 
19800 244 0 1 2 3 4 5 
19800 245 0 1 2 3 4 5 
19800 246 0 1 2 4 
19800 247 0 4 5 
19800 248 0 3 5 
19800 249 0 3 4 
