0 21600
1800 0 5 213 214 215 216 217 218 219 220 221 222 223 224 225 226 227 228 229 230 231 232 233 234 235 236 237 238 239 240 241 242 
1800 1 28 32 
1800 2 73 75 
1800 3 8 107 
1800 4 161 170 
1800 5 0 187 214 215 216 218 220 221 222 226 229 230 231 233 235 237 238 239 241 242 
1800 6 20 30 
1800 7 66 78 82 
1800 8 3 
1800 9 98 109 
1800 10 168 170 
1800 11 182 195 
1800 12 192 197 
1800 13 19 22 
1800 14 31 48 
1800 15 36 43 
1800 16 36 39 
1800 17 23 42 
1800 18 44 48 
1800 19 13 50 
1800 20 6 33 37 
1800 21 31 37 
1800 22 13 29 
1800 23 17 51 
1800 24 35 
1800 25 40 43 
1800 26 31 36 
1800 27 43 48 
1800 28 1 
1800 29 22 39 
1800 30 6 52 
1800 31 14 21 26 
1800 32 1 81 
1800 33 20 
1800 34 45 51 
1800 35 24 38 
1800 36 15 16 26 
1800 37 20 21 
1800 38 35 52 
1800 39 16 29 41 
1800 40 25 50 
1800 41 39 43 
1800 42 17 43 
1800 43 15 25 27 41 42 76 
1800 44 18 51 
1800 45 34 51 
1800 46 
1800 47 79 
1800 48 14 18 27 
1800 49 
1800 50 19 40 
1800 51 23 34 44 45 
1800 52 30 38 
1800 53 61 81 
1800 54 85 
1800 55 68 75 
1800 56 67 68 
1800 57 61 66 77 
1800 58 75 82 
1800 59 73 
1800 60 84 
1800 61 53 57 
1800 62 
1800 63 65 80 
1800 64 65 71 
1800 65 63 64 
1800 66 7 57 
1800 67 56 85 
1800 68 55 56 74 83 
1800 69 73 81 
1800 70 73 78 
1800 71 64 77 84 
1800 72 
1800 73 2 59 69 70 
1800 74 68 80 
1800 75 2 55 58 83 
1800 76 43 
1800 77 57 71 
1800 78 7 70 
1800 79 47 81 
1800 80 63 74 
1800 81 32 53 69 79 
1800 82 7 58 
1800 83 68 75 
1800 84 60 71 
1800 85 54 67 
1800 86 121 123 
1800 87 101 
1800 88 105 120 
1800 89 118 
1800 90 94 99 
1800 91 121 123 
1800 92 103 
1800 93 115 124 
1800 94 90 102 
1800 95 114 116 
1800 96 121 122 
1800 97 120 
1800 98 9 118 
1800 99 90 106 
1800 100 108 
1800 101 87 122 
1800 102 94 103 
1800 103 92 102 113 
1800 104 107 114 
1800 105 88 117 
1800 106 99 112 
1800 107 3 104 
1800 108 100 115 
1800 109 9 123 
1800 110 
1800 111 
1800 112 106 123 
1800 113 103 
1800 114 95 104 
1800 115 93 108 
1800 116 95 
1800 117 105 123 
1800 118 89 98 
1800 119 
1800 120 88 97 
1800 121 86 91 96 
1800 122 96 101 
1800 123 86 91 109 112 117 
1800 124 93 
1800 125 130 151 
1800 126 
1800 127 150 154 157 
1800 128 
1800 129 166 169 
1800 130 125 153 
1800 131 138 170 
1800 132 136 148 
1800 133 139 164 
1800 134 139 144 
1800 135 136 141 
1800 136 132 135 
1800 137 155 167 
1800 138 131 143 160 
1800 139 133 134 
1800 140 159 168 
1800 141 135 156 
1800 142 152 173 
1800 143 138 145 
1800 144 134 161 
1800 145 143 158 
1800 146 153 173 
1800 147 152 155 
1800 148 132 149 
1800 149 148 161 
1800 150 127 164 
1800 151 125 167 
1800 152 142 147 
1800 153 130 146 159 160 
1800 154 127 157 
1800 155 137 147 166 
1800 156 141 165 
1800 157 127 154 
1800 158 145 164 
1800 159 140 153 
1800 160 138 153 
1800 161 4 144 149 171 
1800 162 165 
1800 163 
1800 164 133 150 158 
1800 165 156 162 
1800 166 129 155 
1800 167 137 151 
1800 168 10 140 171 
1800 169 129 172 
1800 170 4 10 131 
1800 171 161 168 
1800 172 169 
1800 173 142 146 
1800 174 198 207 
1800 175 202 204 
1800 176 188 210 
1800 177 182 
1800 178 195 
1800 179 181 204 
1800 180 192 200 
1800 181 179 202 
1800 182 11 177 191 194 
1800 183 
1800 184 197 
1800 185 186 187 
1800 186 185 188 
1800 187 5 185 211 
1800 188 176 186 208 
1800 189 
1800 190 195 204 
1800 191 182 206 
1800 192 12 180 199 201 
1800 193 212 
1800 194 182 
1800 195 11 178 190 210 
1800 196 
1800 197 12 184 
1800 198 174 
1800 199 192 
1800 200 180 
1800 201 192 
1800 202 175 181 207 212 
1800 203 211 
1800 204 175 179 190 
1800 205 
1800 206 191 208 
1800 207 174 202 
1800 208 188 206 
1800 209 
1800 210 176 195 
1800 211 187 203 
1800 212 193 202 
1800 213 0 
1800 214 0 5 
1800 215 0 5 
1800 216 0 5 
1800 217 0 
1800 218 0 5 
1800 219 0 
1800 220 0 5 
1800 221 0 5 
1800 222 0 5 
1800 223 0 
1800 224 0 
1800 225 0 
1800 226 0 5 
1800 227 0 
1800 228 0 
1800 229 0 5 
1800 230 0 5 
1800 231 0 5 
1800 232 0 
1800 233 0 5 
1800 234 0 
1800 235 0 5 
1800 236 0 
1800 237 0 5 
1800 238 0 5 
1800 239 0 5 
1800 240 0 
1800 241 0 5 
1800 242 0 5 
