0 21600
0 0 2 3 4 5 229 230 231 232 233 234 235 236 237 238 239 240 241 242 243 244 245 246 247 248 249 250 251 252 253 254 255 256 257 258 
0 1 42 43 44 45 
0 2 0 84 85 86 231 234 235 239 240 243 245 246 248 253 255 
0 3 0 125 126 127 231 233 237 241 242 245 247 250 253 255 256 
0 4 0 139 140 159 230 232 235 238 240 241 245 247 248 252 254 257 258 
0 5 0 225 227 228 231 234 237 238 240 244 248 249 251 254 256 258 
0 6 42 43 44 45 
0 7 42 43 44 45 
0 8 42 43 44 45 
0 9 83 84 85 86 
0 10 124 125 126 127 
0 11 132 135 137 138 
0 12 137 176 177 181 
0 13 224 225 227 228 
0 14 224 225 227 228 
0 15 42 43 44 45 
0 16 42 43 44 45 
0 17 42 43 44 45 
0 18 42 43 44 45 
0 19 42 43 44 45 
0 20 42 43 44 45 
0 21 42 43 44 45 
0 22 42 43 44 45 
0 23 42 43 44 45 
0 24 41 43 44 45 
0 25 42 43 44 45 
0 26 29 43 44 45 
0 27 29 43 44 45 
0 28 31 32 35 38 
0 29 26 27 33 42 
0 30 42 43 44 45 
0 31 28 43 44 45 
0 32 28 43 44 45 
0 33 29 42 43 45 
0 34 42 43 44 45 
0 35 28 38 44 45 
0 36 42 43 44 45 
0 37 42 43 44 45 
0 38 28 35 
0 39 42 43 44 45 
0 40 42 43 44 45 
0 41 24 
0 42 1 6 7 8 15 16 17 18 19 20 21 22 23 25 29 30 33 34 36 37 39 40 
0 43 1 6 7 8 15 16 17 18 19 20 21 22 23 24 25 26 27 30 31 32 33 34 36 37 39 40 
0 44 1 6 7 8 15 16 17 18 19 20 21 22 23 24 25 26 27 30 31 32 34 35 36 37 39 40 
0 45 1 6 7 8 15 16 17 18 19 20 21 22 23 24 25 26 27 30 31 32 33 34 35 36 37 39 40 
0 46 81 82 84 85 
0 47 83 84 85 86 
0 48 82 84 85 86 
0 49 83 84 85 86 
0 50 82 84 85 86 
0 51 83 84 85 86 
0 52 82 83 84 85 
0 53 82 84 85 86 
0 54 81 84 85 86 
0 55 79 80 81 84 
0 56 83 84 85 86 
0 57 81 82 84 85 
0 58 81 84 85 86 
0 59 78 80 81 82 
0 60 82 84 85 86 
0 61 82 84 85 86 
0 62 83 84 85 86 
0 63 83 84 85 86 
0 64 81 84 85 86 
0 65 81 84 85 86 
0 66 83 84 85 86 
0 67 83 84 85 86 
0 68 83 84 85 86 
0 69 81 84 85 86 
0 70 80 81 84 86 
0 71 83 84 85 86 
0 72 80 81 84 86 
0 73 82 84 85 86 
0 74 83 84 85 86 
0 75 83 84 85 86 
0 76 83 84 85 86 
0 77 81 84 85 86 
0 78 59 84 85 86 
0 79 55 84 85 86 
0 80 55 59 70 72 
0 81 46 54 55 57 58 59 64 65 69 70 72 77 
0 82 46 48 50 52 53 57 59 60 61 73 
0 83 9 47 49 51 52 56 62 63 66 67 68 71 74 75 76 
0 84 2 9 46 47 48 49 50 51 52 53 54 55 56 57 58 60 61 62 63 64 65 66 67 68 69 70 71 72 73 74 75 76 77 78 79 
0 85 2 9 46 47 48 49 50 51 52 53 54 56 57 58 60 61 62 63 64 65 66 67 68 69 71 73 74 75 76 77 78 79 
0 86 2 9 47 48 49 50 51 53 54 56 58 60 61 62 63 64 65 66 67 68 69 70 71 72 73 74 75 76 77 78 79 
0 87 124 125 126 127 
0 88 124 125 126 127 
0 89 117 121 124 126 
0 90 106 125 126 127 
0 91 124 125 126 127 
0 92 123 124 125 126 
0 93 124 125 126 127 
0 94 122 123 124 126 
0 95 124 125 126 127 
0 96 106 125 126 127 
0 97 124 125 126 127 
0 98 122 123 125 127 
0 99 124 125 126 127 
0 100 124 125 126 127 
0 101 124 125 126 127 
0 102 124 125 126 127 
0 103 122 123 124 127 
0 104 124 125 126 127 
0 105 123 124 125 127 
0 106 90 96 111 114 
0 107 109 114 121 
0 108 123 124 125 126 
0 109 107 124 125 126 
0 110 121 122 123 124 
0 111 106 125 126 127 
0 112 122 123 124 126 
0 113 124 125 126 127 
0 114 106 107 121 125 
0 115 124 125 126 127 
0 116 124 125 126 127 
0 117 89 125 126 127 
0 118 124 125 126 127 
0 119 124 125 126 127 
0 120 124 125 126 127 
0 121 89 107 110 114 
0 122 94 98 103 110 112 128 
0 123 92 94 98 103 105 108 110 112 128 
0 124 10 87 88 89 91 92 93 94 95 97 99 100 101 102 103 104 105 108 109 110 112 113 115 116 118 119 120 129 130 131 
0 125 3 10 87 88 90 91 92 93 95 96 97 98 99 100 101 102 104 105 108 109 111 113 114 115 116 117 118 119 120 128 129 130 131 
0 126 3 10 87 88 89 90 91 92 93 94 95 96 97 99 100 101 102 104 108 109 111 112 113 115 116 117 118 119 120 129 130 131 
0 127 3 10 87 88 90 91 93 95 96 97 98 99 100 101 102 103 104 105 111 113 115 116 117 118 119 120 128 129 130 131 
0 128 122 123 125 127 
0 129 124 125 126 127 
0 130 124 125 126 127 
0 131 124 125 126 127 
0 132 11 140 177 181 
0 133 175 176 177 181 
0 134 144 152 165 170 
0 135 11 140 177 181 
0 136 142 155 157 180 
0 137 11 12 179 181 
0 138 11 140 153 181 
0 139 4 140 159 173 
0 140 4 132 135 138 139 143 144 145 146 148 149 150 151 156 159 160 161 163 165 166 167 
0 141 174 175 176 180 
0 142 136 155 179 180 
0 143 140 177 180 181 
0 144 134 140 179 181 
0 145 140 176 177 181 
0 146 140 178 179 181 
0 147 175 176 177 181 
0 148 140 178 179 181 
0 149 140 176 177 181 
0 150 140 178 179 181 
0 151 140 176 177 181 
0 152 134 174 177 181 
0 153 138 157 166 169 173 
0 154 159 168 178 179 
0 155 136 142 157 180 
0 156 140 176 177 181 
0 157 136 153 155 180 
0 158 175 178 179 180 
0 159 4 139 140 154 
0 160 140 176 177 181 
0 161 140 178 179 181 
0 162 176 177 180 181 
0 163 140 178 179 181 
0 164 175 176 177 181 
0 165 134 140 177 181 
0 166 140 153 180 181 
0 167 140 175 177 181 
0 168 154 178 179 181 
0 169 153 176 177 181 
0 170 134 175 177 181 
0 171 174 175 176 180 
0 172 174 175 176 180 
0 173 139 153 177 181 
0 174 141 152 171 172 
0 175 133 141 147 158 164 167 170 171 172 
0 176 12 133 141 145 147 149 151 156 160 162 164 169 171 172 
0 177 12 132 133 135 143 145 147 149 151 152 156 160 162 164 165 167 169 170 173 
0 178 146 148 150 154 158 161 163 168 
0 179 137 142 144 146 148 150 154 158 161 163 168 
0 180 136 141 142 143 155 157 158 162 166 171 172 
0 181 12 132 133 135 137 138 143 144 145 146 147 148 149 150 151 152 156 160 161 162 163 164 165 166 167 168 169 170 173 
0 182 221 224 225 227 
0 183 225 226 227 228 
0 184 224 225 227 228 
0 185 217 
0 186 196 207 222 
0 187 224 225 227 228 
0 188 224 225 227 228 
0 189 224 225 227 228 
0 190 224 225 226 227 
0 191 224 225 227 228 
0 192 193 222 227 228 
0 193 192 197 220 222 
0 194 224 225 227 228 
0 195 225 226 227 228 
0 196 186 225 227 228 
0 197 193 215 220 221 
0 198 224 225 227 228 
0 199 224 225 227 228 
0 200 225 226 227 228 
0 201 224 225 227 228 
0 202 223 225 226 227 
0 203 207 225 227 228 
0 204 225 226 227 228 
0 205 216 224 225 228 
0 206 224 225 227 228 
0 207 186 203 222 224 
0 208 221 225 226 227 
0 209 
0 210 224 225 227 228 
0 211 225 226 227 228 
0 212 223 224 225 228 
0 213 224 225 227 228 
0 214 217 225 226 227 
0 215 197 225 227 228 
0 216 205 224 225 228 
0 217 185 214 223 226 
0 218 224 225 227 228 
0 219 224 225 227 228 
0 220 193 197 225 227 
0 221 182 197 208 227 
0 222 186 192 193 207 
0 223 202 212 217 228 
0 224 13 14 182 184 187 188 189 190 191 194 198 199 201 205 206 207 210 212 213 216 218 219 
0 225 5 13 14 182 183 184 187 188 189 190 191 194 195 196 198 199 200 201 202 203 204 205 206 208 210 211 212 213 214 215 216 218 219 220 
0 226 183 190 195 200 202 204 208 211 214 217 
0 227 5 13 14 182 183 184 187 188 189 190 191 192 194 195 196 198 199 200 201 202 203 204 206 208 210 211 213 214 215 218 219 220 221 
0 228 5 13 14 183 184 187 188 189 191 192 194 195 196 198 199 200 201 203 204 205 206 210 211 212 213 215 216 218 219 223 
0 229 0 
0 230 0 4 
0 231 0 2 3 5 
0 232 0 4 
0 233 0 3 
0 234 0 2 5 
0 235 0 2 4 
0 236 0 
0 237 0 3 5 
0 238 0 4 5 
0 239 0 2 
0 240 0 2 4 5 
0 241 0 3 4 
0 242 0 3 
0 243 0 2 
0 244 0 5 
0 245 0 2 3 4 
0 246 0 2 
0 247 0 3 4 
0 248 0 2 4 5 
0 249 0 5 
0 250 0 3 
0 251 0 5 
0 252 0 4 
0 253 0 2 3 
0 254 0 4 5 
0 255 0 2 3 
0 256 0 3 5 
0 257 0 4 
0 258 0 4 5 
1800 0 2 3 4 5 229 230 231 232 233 234 235 236 237 238 239 240 241 242 243 244 245 246 247 248 249 250 251 252 253 254 255 256 257 258 
1800 1 42 43 44 45 
1800 2 0 84 85 86 231 234 235 239 240 243 245 246 248 253 255 
1800 3 0 125 126 127 231 233 237 241 242 245 247 250 253 255 256 
1800 4 0 139 140 159 230 232 235 238 240 241 245 247 248 252 254 257 258 
1800 5 0 225 227 228 231 234 237 238 240 244 248 249 251 254 256 258 
1800 6 42 43 44 45 
1800 7 42 43 44 45 
1800 8 42 43 44 45 
1800 9 83 84 85 86 
1800 10 124 125 126 127 
1800 11 140 176 177 181 
1800 12 137 139 177 181 
1800 13 224 225 227 228 
1800 14 224 225 227 228 
1800 15 42 43 44 45 
1800 16 42 43 44 45 
1800 17 42 43 44 45 
1800 18 42 43 44 45 
1800 19 29 43 44 45 
1800 20 42 43 44 45 
1800 21 42 43 44 45 
1800 22 38 43 44 45 
1800 23 41 43 44 45 
1800 24 36 37 39 40 
1800 25 42 43 44 45 
1800 26 41 43 44 45 
1800 27 29 43 44 45 
1800 28 38 43 44 45 
1800 29 19 27 33 
1800 30 42 43 44 45 
1800 31 42 43 44 45 
1800 32 42 43 44 45 
1800 33 29 40 43 45 
1800 34 42 43 44 45 
1800 35 38 42 44 45 
1800 36 24 43 44 45 
1800 37 24 43 44 45 
1800 38 22 28 35 
1800 39 24 43 44 45 
1800 40 24 33 44 45 
1800 41 23 26 43 44 
1800 42 1 6 7 8 15 16 17 18 20 21 25 30 31 32 34 35 
1800 43 1 6 7 8 15 16 17 18 19 20 21 22 23 25 26 27 28 30 31 32 33 34 36 37 39 41 
1800 44 1 6 7 8 15 16 17 18 19 20 21 22 23 25 26 27 28 30 31 32 34 35 36 37 39 40 41 
1800 45 1 6 7 8 15 16 17 18 19 20 21 22 23 25 26 27 28 30 31 32 33 34 35 36 37 39 40 
1800 46 81 82 84 85 
1800 47 83 84 85 86 
1800 48 82 83 85 86 
1800 49 83 84 85 86 
1800 50 83 84 85 86 
1800 51 82 83 85 86 
1800 52 82 83 84 85 
1800 53 82 84 85 86 
1800 54 83 84 85 86 
1800 55 79 80 81 84 
1800 56 83 84 85 86 
1800 57 80 81 82 85 
1800 58 81 84 85 86 
1800 59 78 80 81 82 
1800 60 82 84 85 86 
1800 61 82 84 85 86 
1800 62 83 84 85 86 
1800 63 83 84 85 86 
1800 64 81 84 85 86 
1800 65 81 84 85 86 
1800 66 83 84 85 86 
1800 67 83 84 85 86 
1800 68 83 84 85 86 
1800 69 81 84 85 86 
1800 70 80 81 84 86 
1800 71 83 84 85 86 
1800 72 82 84 85 86 
1800 73 82 84 85 86 
1800 74 83 84 85 86 
1800 75 83 84 85 86 
1800 76 83 84 85 86 
1800 77 81 84 85 86 
1800 78 59 84 85 86 
1800 79 55 84 85 86 
1800 80 55 57 59 70 
1800 81 46 55 57 58 59 64 65 69 70 77 
1800 82 46 48 51 52 53 57 59 60 61 72 73 
1800 83 9 47 48 49 50 51 52 54 56 62 63 66 67 68 71 74 75 76 
1800 84 2 9 46 47 49 50 52 53 54 55 56 58 60 61 62 63 64 65 66 67 68 69 70 71 72 73 74 75 76 77 78 79 
1800 85 2 9 46 47 48 49 50 51 52 53 54 56 57 58 60 61 62 63 64 65 66 67 68 69 71 72 73 74 75 76 77 78 79 
1800 86 2 9 47 48 49 50 51 53 54 56 58 60 61 62 63 64 65 66 67 68 69 70 71 72 73 74 75 76 77 78 79 
1800 87 124 125 126 127 
1800 88 124 125 126 127 
1800 89 118 121 124 126 
1800 90 124 125 126 127 
1800 91 124 125 126 127 
1800 92 123 124 125 126 
1800 93 124 125 126 127 
1800 94 122 123 124 126 
1800 95 124 125 126 127 
1800 96 106 125 126 127 
1800 97 124 125 126 127 
1800 98 124 125 126 127 
1800 99 124 125 126 127 
1800 100 124 125 126 127 
1800 101 124 125 126 127 
1800 102 124 125 126 127 
1800 103 123 124 126 127 
1800 104 124 125 126 127 
1800 105 124 125 126 127 
1800 106 96 111 114 
1800 107 109 114 
1800 108 123 124 125 126 
1800 109 107 124 125 126 
1800 110 121 122 123 124 
1800 111 106 114 118 120 
1800 112 122 123 124 126 
1800 113 124 125 126 127 
1800 114 106 107 111 125 
1800 115 124 125 126 127 
1800 116 124 125 126 127 
1800 117 124 125 126 127 
1800 118 89 111 126 127 
1800 119 124 125 126 127 
1800 120 111 125 126 127 
1800 121 89 110 124 126 
1800 122 94 110 112 128 
1800 123 92 94 103 108 110 112 128 
1800 124 10 87 88 89 90 91 92 93 94 95 97 98 99 100 101 102 103 104 105 108 109 110 112 113 115 116 117 119 121 129 130 131 
1800 125 3 10 87 88 90 91 92 93 95 96 97 98 99 100 101 102 104 105 108 109 113 114 115 116 117 119 120 128 129 130 131 
1800 126 3 10 87 88 89 90 91 92 93 94 95 96 97 98 99 100 101 102 103 104 105 108 109 112 113 115 116 117 118 119 120 121 129 130 131 
1800 127 3 10 87 88 90 91 93 95 96 97 98 99 100 101 102 103 104 105 113 115 116 117 118 119 120 128 129 130 131 
1800 128 122 123 125 127 
1800 129 124 125 126 127 
1800 130 124 125 126 127 
1800 131 124 125 126 127 
1800 132 139 140 177 181 
1800 133 139 140 177 181 
1800 134 152 160 165 170 
1800 135 139 140 177 181 
1800 136 142 153 155 180 
1800 137 12 139 179 181 
1800 138 139 140 177 181 
1800 139 4 12 132 133 135 137 138 141 143 146 147 149 150 156 159 160 161 162 164 167 169 171 172 174 
1800 140 4 11 132 133 135 138 141 143 144 145 146 147 148 149 150 152 154 156 158 159 160 161 162 163 164 165 167 168 169 170 171 172 173 174 
1800 141 139 140 176 180 
1800 142 136 155 157 180 
1800 143 139 140 180 181 
1800 144 140 178 179 181 
1800 145 140 176 177 181 
1800 146 139 140 179 181 
1800 147 139 140 177 181 
1800 148 140 178 179 181 
1800 149 139 140 177 181 
1800 150 139 140 179 181 
1800 151 174 176 177 181 
1800 152 134 140 177 181 
1800 153 136 155 157 180 
1800 154 140 168 178 179 
1800 155 136 142 153 157 
1800 156 139 140 177 181 
1800 157 142 153 155 180 
1800 158 140 179 180 181 
1800 159 4 139 140 175 
1800 160 134 139 140 181 
1800 161 139 140 180 181 
1800 162 139 140 180 181 
1800 163 140 178 179 181 
1800 164 139 140 177 181 
1800 165 134 140 177 181 
1800 166 177 178 179 181 
1800 167 139 140 177 181 
1800 168 140 154 178 179 
1800 169 139 140 177 181 
1800 170 134 140 177 181 
1800 171 139 140 176 180 
1800 172 139 140 180 181 
1800 173 140 176 177 181 
1800 174 139 140 151 181 
1800 175 159 176 180 181 
1800 176 11 141 145 151 171 173 175 
1800 177 11 12 132 133 135 138 145 147 149 151 152 156 164 165 166 167 169 170 173 
1800 178 144 148 154 163 166 168 
1800 179 137 144 146 148 150 154 158 163 166 168 
1800 180 136 141 142 143 153 157 158 161 162 171 172 175 
1800 181 11 12 132 133 135 137 138 143 144 145 146 147 148 149 150 151 152 156 158 160 161 162 163 164 165 166 167 169 170 172 173 174 175 
1800 182 221 224 225 227 
1800 183 225 226 227 228 
1800 184 224 225 227 228 
1800 185 199 205 217 
1800 186 192 193 207 222 
1800 187 224 225 227 228 
1800 188 225 226 227 228 
1800 189 224 225 227 228 
1800 190 224 225 226 227 
1800 191 224 225 227 228 
1800 192 186 222 227 228 
1800 193 186 197 220 222 
1800 194 224 225 227 228 
1800 195 225 226 227 228 
1800 196 224 225 227 228 
1800 197 193 215 220 221 
1800 198 224 225 227 228 
1800 199 185 224 227 228 
1800 200 225 226 227 228 
1800 201 224 225 227 228 
1800 202 225 226 227 228 
1800 203 207 225 227 228 
1800 204 225 226 227 228 
1800 205 185 209 216 228 
1800 206 209 225 227 228 
1800 207 186 203 222 224 
1800 208 221 223 226 227 
1800 209 205 206 225 
1800 210 224 225 227 228 
1800 211 225 226 227 228 
1800 212 223 224 225 228 
1800 213 224 225 227 228 
1800 214 217 225 226 227 
1800 215 197 225 227 228 
1800 216 205 224 225 228 
1800 217 185 214 223 226 
1800 218 224 225 227 228 
1800 219 224 225 227 228 
1800 220 193 197 225 227 
1800 221 182 197 208 227 
1800 222 186 192 193 207 
1800 223 208 212 217 228 
1800 224 13 14 182 184 187 189 190 191 194 196 198 199 201 207 210 212 213 216 218 219 
1800 225 5 13 14 182 183 184 187 188 189 190 191 194 195 196 198 200 201 202 203 204 206 209 210 211 212 213 214 215 216 218 219 220 
1800 226 183 188 190 195 200 202 204 208 211 214 217 
1800 227 5 13 14 182 183 184 187 188 189 190 191 192 194 195 196 198 199 200 201 202 203 204 206 208 210 211 213 214 215 218 219 220 221 
1800 228 5 13 14 183 184 187 188 189 191 192 194 195 196 198 199 200 201 202 203 204 205 206 210 211 212 213 215 216 218 219 223 
1800 229 0 
1800 230 0 4 
1800 231 0 2 3 5 
1800 232 0 4 
1800 233 0 3 
1800 234 0 2 5 
1800 235 0 2 4 
1800 236 0 
1800 237 0 3 5 
1800 238 0 4 5 
1800 239 0 2 
1800 240 0 2 4 5 
1800 241 0 3 4 
1800 242 0 3 
1800 243 0 2 
1800 244 0 5 
1800 245 0 2 3 4 
1800 246 0 2 
1800 247 0 3 4 
1800 248 0 2 4 5 
1800 249 0 5 
1800 250 0 3 
1800 251 0 5 
1800 252 0 4 
1800 253 0 2 3 
1800 254 0 4 5 
1800 255 0 2 3 
1800 256 0 3 5 
1800 257 0 4 
1800 258 0 4 5 
3600 0 2 3 4 5 229 230 231 232 233 234 235 236 237 238 239 240 241 242 243 244 245 246 247 248 249 250 251 252 253 254 255 256 257 258 
3600 1 42 43 44 45 
3600 2 0 84 85 86 231 234 235 239 240 243 245 246 248 253 255 
3600 3 0 125 126 127 231 233 237 241 242 245 247 250 253 255 256 
3600 4 0 12 139 159 230 232 235 238 240 241 245 247 248 252 254 257 258 
3600 5 0 225 227 228 231 234 237 238 240 244 248 249 251 254 256 258 
3600 6 42 43 44 45 
3600 7 42 43 44 45 
3600 8 42 43 44 45 
3600 9 83 84 85 86 
3600 10 124 125 126 127 
3600 11 12 132 135 138 
3600 12 4 11 132 133 135 138 143 145 146 147 148 149 150 151 152 156 158 160 161 164 165 169 170 173 174 
3600 13 224 225 227 228 
3600 14 224 225 227 228 
3600 15 42 43 44 45 
3600 16 42 43 44 45 
3600 17 42 43 44 45 
3600 18 42 43 44 45 
3600 19 42 43 44 45 
3600 20 42 43 44 45 
3600 21 42 43 44 45 
3600 22 42 43 44 45 
3600 23 42 43 44 45 
3600 24 36 37 39 40 
3600 25 29 43 44 45 
3600 26 42 43 44 45 
3600 27 29 43 44 45 
3600 28 32 33 35 38 
3600 29 25 27 33 
3600 30 42 43 44 45 
3600 31 42 43 44 45 
3600 32 28 43 44 45 
3600 33 28 29 44 45 
3600 34 42 43 44 45 
3600 35 28 38 44 45 
3600 36 24 43 44 45 
3600 37 24 43 44 45 
3600 38 28 35 
3600 39 24 43 44 45 
3600 40 24 43 44 45 
3600 41 
3600 42 1 6 7 8 15 16 17 18 19 20 21 22 23 26 30 31 34 
3600 43 1 6 7 8 15 16 17 18 19 20 21 22 23 25 26 27 30 31 32 34 36 37 39 40 
3600 44 1 6 7 8 15 16 17 18 19 20 21 22 23 25 26 27 30 31 32 33 34 35 36 37 39 40 
3600 45 1 6 7 8 15 16 17 18 19 20 21 22 23 25 26 27 30 31 32 33 34 35 36 37 39 40 
3600 46 82 84 85 86 
3600 47 83 84 85 86 
3600 48 82 84 85 86 
3600 49 83 84 85 86 
3600 50 82 84 85 86 
3600 51 83 84 85 86 
3600 52 83 84 85 86 
3600 53 82 84 85 86 
3600 54 81 84 85 86 
3600 55 79 80 81 84 
3600 56 83 84 85 86 
3600 57 80 81 82 85 
3600 58 81 84 85 86 
3600 59 80 81 82 85 
3600 60 82 84 85 86 
3600 61 82 84 85 86 
3600 62 83 84 85 86 
3600 63 83 84 85 86 
3600 64 81 84 85 86 
3600 65 81 84 85 86 
3600 66 83 84 85 86 
3600 67 83 84 85 86 
3600 68 82 83 84 86 
3600 69 81 84 85 86 
3600 70 80 81 84 86 
3600 71 83 84 85 86 
3600 72 80 81 84 86 
3600 73 82 84 85 86 
3600 74 83 84 85 86 
3600 75 83 84 85 86 
3600 76 83 84 85 86 
3600 77 81 84 85 86 
3600 78 83 84 85 86 
3600 79 55 83 84 86 
3600 80 55 57 59 70 72 
3600 81 54 55 57 58 59 64 65 69 70 72 77 
3600 82 46 48 50 53 57 59 60 61 68 73 
3600 83 9 47 49 51 52 56 62 63 66 67 68 71 74 75 76 78 79 
3600 84 2 9 46 47 48 49 50 51 52 53 54 55 56 58 60 61 62 63 64 65 66 67 68 69 70 71 72 73 74 75 76 77 78 79 
3600 85 2 9 46 47 48 49 50 51 52 53 54 56 57 58 59 60 61 62 63 64 65 66 67 69 71 73 74 75 76 77 78 
3600 86 2 9 46 47 48 49 50 51 52 53 54 56 58 60 61 62 63 64 65 66 67 68 69 70 71 72 73 74 75 76 77 78 79 
3600 87 124 125 126 127 
3600 88 124 125 126 127 
3600 89 117 121 124 126 
3600 90 124 125 126 127 
3600 91 124 125 126 127 
3600 92 123 124 125 126 
3600 93 124 125 126 127 
3600 94 124 125 126 127 
3600 95 124 125 126 127 
3600 96 124 125 126 127 
3600 97 124 125 126 127 
3600 98 123 124 125 127 
3600 99 124 125 126 127 
3600 100 124 125 126 127 
3600 101 124 125 126 127 
3600 102 124 125 126 127 
3600 103 123 124 125 127 
3600 104 124 125 126 127 
3600 105 123 124 125 127 
3600 106 111 114 
3600 107 109 114 
3600 108 123 124 125 126 
3600 109 107 124 125 126 
3600 110 121 122 123 124 
3600 111 106 114 126 127 
3600 112 122 123 124 126 
3600 113 124 125 126 127 
3600 114 106 107 111 125 
3600 115 124 125 126 127 
3600 116 124 125 126 127 
3600 117 89 125 126 127 
3600 118 124 125 126 127 
3600 119 124 125 126 127 
3600 120 124 125 126 127 
3600 121 89 110 124 126 
3600 122 110 112 127 128 
3600 123 92 98 103 105 108 110 112 128 
3600 124 10 87 88 89 90 91 92 93 94 95 96 97 98 99 100 101 102 103 104 105 108 109 110 112 113 115 116 118 119 120 121 129 130 131 
3600 125 3 10 87 88 90 91 92 93 94 95 96 97 98 99 100 101 102 103 104 105 108 109 113 114 115 116 117 118 119 120 128 129 130 131 
3600 126 3 10 87 88 89 90 91 92 93 94 95 96 97 99 100 101 102 104 108 109 111 112 113 115 116 117 118 119 120 121 129 130 131 
3600 127 3 10 87 88 90 91 93 94 95 96 97 98 99 100 101 102 103 104 105 111 113 115 116 117 118 119 120 122 128 129 130 131 
3600 128 122 123 125 127 
3600 129 124 125 126 127 
3600 130 124 125 126 127 
3600 131 124 125 126 127 
3600 132 11 12 177 181 
3600 133 12 176 177 181 
3600 134 152 158 165 170 
3600 135 11 12 153 181 
3600 136 142 153 157 180 
3600 137 139 140 180 181 
3600 138 11 12 153 181 
3600 139 4 137 154 158 169 
3600 140 137 176 177 181 
3600 141 178 179 180 181 
3600 142 136 155 178 179 
3600 143 12 179 180 181 
3600 144 177 178 179 181 
3600 145 12 176 177 181 
3600 146 12 178 179 181 
3600 147 12 177 180 181 
3600 148 12 178 179 181 
3600 149 12 176 177 181 
3600 150 12 153 180 181 
3600 151 12 176 177 181 
3600 152 12 134 177 181 
3600 153 135 136 138 150 155 157 169 
3600 154 139 168 178 179 
3600 155 142 153 157 180 
3600 156 12 176 177 181 
3600 157 136 153 155 180 
3600 158 12 134 139 181 
3600 159 4 168 178 179 
3600 160 12 176 177 181 
3600 161 12 178 179 181 
3600 162 176 177 180 181 
3600 163 177 178 179 181 
3600 164 12 174 175 181 
3600 165 12 134 177 181 
3600 166 177 178 179 181 
3600 167 176 177 180 181 
3600 168 154 159 178 179 
3600 169 12 139 153 181 
3600 170 12 134 177 181 
3600 171 176 177 180 181 
3600 172 175 176 177 180 
3600 173 12 176 177 181 
3600 174 12 164 177 181 
3600 175 164 172 180 181 
3600 176 133 140 145 149 151 156 160 162 167 171 172 173 
3600 177 132 133 140 144 145 147 149 151 152 156 160 162 163 165 166 167 170 171 172 173 174 
3600 178 141 142 144 146 148 154 159 161 163 166 168 
3600 179 141 142 143 144 146 148 154 159 161 163 166 168 
3600 180 136 137 141 143 147 150 155 157 162 167 171 172 175 
3600 181 132 133 135 137 138 140 141 143 144 145 146 147 148 149 150 151 152 156 158 160 161 162 163 164 165 166 167 169 170 171 173 174 175 
3600 182 224 225 226 227 
3600 183 225 226 227 228 
3600 184 224 225 227 228 
3600 185 199 209 217 223 
3600 186 207 222 
3600 187 224 225 227 228 
3600 188 224 225 227 228 
3600 189 224 225 227 228 
3600 190 224 225 226 227 
3600 191 209 225 227 228 
3600 192 225 226 227 228 
3600 193 197 222 224 226 
3600 194 225 226 227 228 
3600 195 209 225 227 228 
3600 196 225 226 227 228 
3600 197 193 220 221 226 
3600 198 224 225 227 228 
3600 199 185 225 227 228 
3600 200 225 226 227 228 
3600 201 224 225 227 228 
3600 202 224 225 226 227 
3600 203 224 225 227 228 
3600 204 225 226 227 228 
3600 205 216 224 225 228 
3600 206 225 226 227 228 
3600 207 186 212 222 224 
3600 208 224 225 226 227 
3600 209 185 191 195 
3600 210 224 225 227 228 
3600 211 225 226 227 228 
3600 212 207 225 227 228 
3600 213 224 225 227 228 
3600 214 217 225 226 227 
3600 215 224 225 227 228 
3600 216 205 224 225 228 
3600 217 185 214 223 226 
3600 218 224 225 227 228 
3600 219 224 225 227 228 
3600 220 197 225 226 227 
3600 221 197 225 226 227 
3600 222 186 193 207 224 
3600 223 185 217 227 228 
3600 224 13 14 182 184 187 188 189 190 193 198 201 202 203 205 207 208 210 213 215 216 218 219 222 
3600 225 5 13 14 182 183 184 187 188 189 190 191 192 194 195 196 198 199 200 201 202 203 204 205 206 208 210 211 212 213 214 215 216 218 219 220 221 
3600 226 182 183 190 192 193 194 196 197 200 202 204 206 208 211 214 217 220 221 
3600 227 5 13 14 182 183 184 187 188 189 190 191 192 194 195 196 198 199 200 201 202 203 204 206 208 210 211 212 213 214 215 218 219 220 221 223 
3600 228 5 13 14 183 184 187 188 189 191 192 194 195 196 198 199 200 201 203 204 205 206 210 211 212 213 215 216 218 219 223 
3600 229 0 
3600 230 0 4 
3600 231 0 2 3 5 
3600 232 0 4 
3600 233 0 3 
3600 234 0 2 5 
3600 235 0 2 4 
3600 236 0 
3600 237 0 3 5 
3600 238 0 4 5 
3600 239 0 2 
3600 240 0 2 4 5 
3600 241 0 3 4 
3600 242 0 3 
3600 243 0 2 
3600 244 0 5 
3600 245 0 2 3 4 
3600 246 0 2 
3600 247 0 3 4 
3600 248 0 2 4 5 
3600 249 0 5 
3600 250 0 3 
3600 251 0 5 
3600 252 0 4 
3600 253 0 2 3 
3600 254 0 4 5 
3600 255 0 2 3 
3600 256 0 3 5 
3600 257 0 4 
3600 258 0 4 5 
5400 0 2 3 4 5 229 230 231 232 233 234 235 236 237 238 239 240 241 242 243 244 245 246 247 248 249 250 251 252 253 254 255 256 257 258 
5400 1 42 43 44 45 
5400 2 0 84 85 86 231 234 235 239 240 243 245 246 248 253 255 
5400 3 0 125 126 127 231 233 237 241 242 245 247 250 253 255 256 
5400 4 0 139 140 159 230 232 235 238 240 241 245 247 248 252 254 257 258 
5400 5 0 225 227 228 231 234 237 238 240 244 248 249 251 254 256 258 
5400 6 42 43 44 45 
5400 7 42 43 44 45 
5400 8 42 43 44 45 
5400 9 83 84 85 86 
5400 10 124 125 126 127 
5400 11 135 137 138 140 
5400 12 132 137 177 181 
5400 13 224 225 227 228 
5400 14 224 225 227 228 
5400 15 42 43 44 45 
5400 16 42 43 44 45 
5400 17 42 43 44 45 
5400 18 42 43 44 45 
5400 19 42 43 44 45 
5400 20 41 43 44 45 
5400 21 42 43 44 45 
5400 22 42 43 44 45 
5400 23 42 43 44 45 
5400 24 37 39 40 42 
5400 25 40 43 44 45 
5400 26 42 43 44 45 
5400 27 29 43 44 45 
5400 28 31 32 35 38 
5400 29 27 33 35 40 
5400 30 42 43 44 45 
5400 31 28 43 44 45 
5400 32 28 43 44 45 
5400 33 29 42 43 45 
5400 34 41 43 44 45 
5400 35 28 29 38 45 
5400 36 42 43 44 45 
5400 37 24 43 44 45 
5400 38 28 35 
5400 39 24 43 44 45 
5400 40 24 25 29 45 
5400 41 20 34 
5400 42 1 6 7 8 15 16 17 18 19 21 22 23 24 26 30 33 36 
5400 43 1 6 7 8 15 16 17 18 19 20 21 22 23 25 26 27 30 31 32 33 34 36 37 39 
5400 44 1 6 7 8 15 16 17 18 19 20 21 22 23 25 26 27 30 31 32 34 36 37 39 
5400 45 1 6 7 8 15 16 17 18 19 20 21 22 23 25 26 27 30 31 32 33 34 35 36 37 39 40 
5400 46 81 82 84 85 
5400 47 83 84 85 86 
5400 48 82 84 85 86 
5400 49 83 84 85 86 
5400 50 82 84 85 86 
5400 51 83 84 85 86 
5400 52 82 83 84 85 
5400 53 82 84 85 86 
5400 54 81 84 85 86 
5400 55 79 80 81 84 
5400 56 83 84 85 86 
5400 57 80 81 82 85 
5400 58 81 84 85 86 
5400 59 80 81 82 84 
5400 60 82 84 85 86 
5400 61 82 84 85 86 
5400 62 83 84 85 86 
5400 63 83 84 85 86 
5400 64 81 84 85 86 
5400 65 81 84 85 86 
5400 66 83 84 85 86 
5400 67 83 84 85 86 
5400 68 83 84 85 86 
5400 69 82 84 85 86 
5400 70 80 81 84 86 
5400 71 83 84 85 86 
5400 72 80 81 84 86 
5400 73 82 84 85 86 
5400 74 83 84 85 86 
5400 75 83 84 85 86 
5400 76 83 84 85 86 
5400 77 81 84 85 86 
5400 78 83 84 85 86 
5400 79 55 84 85 86 
5400 80 55 57 59 70 72 
5400 81 46 54 55 57 58 59 64 65 70 72 77 
5400 82 46 48 50 52 53 57 59 60 61 69 73 
5400 83 9 47 49 51 52 56 62 63 66 67 68 71 74 75 76 78 
5400 84 2 9 46 47 48 49 50 51 52 53 54 55 56 58 59 60 61 62 63 64 65 66 67 68 69 70 71 72 73 74 75 76 77 78 79 
5400 85 2 9 46 47 48 49 50 51 52 53 54 56 57 58 60 61 62 63 64 65 66 67 68 69 71 73 74 75 76 77 78 79 
5400 86 2 9 47 48 49 50 51 53 54 56 58 60 61 62 63 64 65 66 67 68 69 70 71 72 73 74 75 76 77 78 79 
5400 87 124 125 126 127 
5400 88 124 125 126 127 
5400 89 117 121 124 126 
5400 90 124 125 126 127 
5400 91 124 125 126 127 
5400 92 123 124 125 126 
5400 93 124 125 126 127 
5400 94 123 124 125 126 
5400 95 124 125 126 127 
5400 96 106 125 126 127 
5400 97 124 125 126 127 
5400 98 124 125 126 127 
5400 99 124 125 126 127 
5400 100 124 125 126 127 
5400 101 124 125 126 127 
5400 102 124 125 126 127 
5400 103 124 125 126 127 
5400 104 107 125 126 127 
5400 105 124 125 126 127 
5400 106 96 111 114 
5400 107 104 109 114 
5400 108 123 124 125 126 
5400 109 107 124 125 126 
5400 110 121 122 123 124 
5400 111 106 114 126 127 
5400 112 121 122 124 126 
5400 113 124 125 126 127 
5400 114 106 107 111 125 
5400 115 124 125 126 127 
5400 116 124 125 126 127 
5400 117 89 125 126 127 
5400 118 124 125 126 127 
5400 119 124 125 126 127 
5400 120 124 125 126 127 
5400 121 89 110 112 126 
5400 122 110 112 126 127 
5400 123 92 94 108 110 
5400 124 10 87 88 89 90 91 92 93 94 95 97 98 99 100 101 102 103 105 108 109 110 112 113 115 116 118 119 120 128 129 130 131 
5400 125 3 10 87 88 90 91 92 93 94 95 96 97 98 99 100 101 102 103 104 105 108 109 113 114 115 116 117 118 119 120 128 129 130 131 
5400 126 3 10 87 88 89 90 91 92 93 94 95 96 97 98 99 100 101 102 103 104 105 108 109 111 112 113 115 116 117 118 119 120 121 122 128 129 130 131 
5400 127 3 10 87 88 90 91 93 95 96 97 98 99 100 101 102 103 104 105 111 113 115 116 117 118 119 120 122 128 129 130 131 
5400 128 124 125 126 127 
5400 129 124 125 126 127 
5400 130 124 125 126 127 
5400 131 124 125 126 127 
5400 132 12 139 177 181 
5400 133 134 176 177 181 
5400 134 133 152 165 170 
5400 135 11 140 177 181 
5400 136 142 155 157 180 
5400 137 11 12 179 181 
5400 138 11 140 153 181 
5400 139 4 132 159 167 
5400 140 4 11 135 138 143 145 146 148 149 150 151 156 158 159 160 161 163 165 166 169 
5400 141 174 175 176 180 
5400 142 136 155 179 180 
5400 143 140 177 180 181 
5400 144 177 178 179 181 
5400 145 140 176 177 181 
5400 146 140 178 179 181 
5400 147 175 176 177 181 
5400 148 140 178 179 181 
5400 149 140 176 177 181 
5400 150 140 178 179 181 
5400 151 140 176 177 181 
5400 152 134 174 177 181 
5400 153 138 155 157 169 
5400 154 159 168 178 179 
5400 155 136 142 153 157 
5400 156 140 176 177 181 
5400 157 136 153 155 180 
5400 158 140 178 179 180 
5400 159 4 139 140 154 
5400 160 140 176 177 181 
5400 161 140 178 179 181 
5400 162 176 177 180 181 
5400 163 140 178 179 181 
5400 164 175 176 177 181 
5400 165 134 140 177 181 
5400 166 140 178 179 181 
5400 167 139 176 177 181 
5400 168 154 178 179 181 
5400 169 140 153 179 181 
5400 170 134 175 177 181 
5400 171 174 175 176 180 
5400 172 174 175 176 180 
5400 173 175 176 177 181 
5400 174 141 152 171 172 
5400 175 141 147 164 170 171 172 173 
5400 176 133 141 145 147 149 151 156 160 162 164 167 171 172 173 
5400 177 12 132 133 135 143 144 145 147 149 151 152 156 160 162 164 165 167 170 173 
5400 178 144 146 148 150 154 158 161 163 166 168 
5400 179 137 142 144 146 148 150 154 158 161 163 166 168 169 
5400 180 136 141 142 143 157 158 162 171 172 
5400 181 12 132 133 135 137 138 143 144 145 146 147 148 149 150 151 152 156 160 161 162 163 164 165 166 167 168 169 170 173 
5400 182 223 224 225 227 
5400 183 225 226 227 228 
5400 184 224 225 227 228 
5400 185 209 217 
5400 186 207 222 
5400 187 224 225 227 228 
5400 188 224 225 227 228 
5400 189 225 226 227 228 
5400 190 224 225 226 227 
5400 191 224 225 227 228 
5400 192 224 225 227 228 
5400 193 197 220 222 223 
5400 194 225 226 227 228 
5400 195 225 226 227 228 
5400 196 224 225 227 228 
5400 197 193 220 221 222 
5400 198 224 225 227 228 
5400 199 224 225 227 228 
5400 200 225 226 227 228 
5400 201 224 225 227 228 
5400 202 223 225 226 227 
5400 203 207 225 227 228 
5400 204 225 226 227 228 
5400 205 216 224 225 228 
5400 206 224 225 227 228 
5400 207 186 203 222 224 
5400 208 223 225 226 227 
5400 209 185 
5400 210 224 225 227 228 
5400 211 225 226 227 228 
5400 212 223 224 225 228 
5400 213 224 225 227 228 
5400 214 217 225 226 227 
5400 215 224 225 227 228 
5400 216 205 224 225 228 
5400 217 185 214 223 226 
5400 218 224 225 227 228 
5400 219 224 225 227 228 
5400 220 193 197 225 227 
5400 221 197 225 226 227 
5400 222 186 193 197 207 
5400 223 182 193 202 208 212 217 
5400 224 13 14 182 184 187 188 190 191 192 196 198 199 201 205 206 207 210 212 213 215 216 218 219 
5400 225 5 13 14 182 183 184 187 188 189 190 191 192 194 195 196 198 199 200 201 202 203 204 205 206 208 210 211 212 213 214 215 216 218 219 220 221 
5400 226 183 189 190 194 195 200 202 204 208 211 214 217 221 
5400 227 5 13 14 182 183 184 187 188 189 190 191 192 194 195 196 198 199 200 201 202 203 204 206 208 210 211 213 214 215 218 219 220 221 
5400 228 5 13 14 183 184 187 188 189 191 192 194 195 196 198 199 200 201 203 204 205 206 210 211 212 213 215 216 218 219 
5400 229 0 
5400 230 0 4 
5400 231 0 2 3 5 
5400 232 0 4 
5400 233 0 3 
5400 234 0 2 5 
5400 235 0 2 4 
5400 236 0 
5400 237 0 3 5 
5400 238 0 4 5 
5400 239 0 2 
5400 240 0 2 4 5 
5400 241 0 3 4 
5400 242 0 3 
5400 243 0 2 
5400 244 0 5 
5400 245 0 2 3 4 
5400 246 0 2 
5400 247 0 3 4 
5400 248 0 2 4 5 
5400 249 0 5 
5400 250 0 3 
5400 251 0 5 
5400 252 0 4 
5400 253 0 2 3 
5400 254 0 4 5 
5400 255 0 2 3 
5400 256 0 3 5 
5400 257 0 4 
5400 258 0 4 5 
7200 0 2 3 4 5 229 230 231 232 233 234 235 236 237 238 239 240 241 242 243 244 245 246 247 248 249 250 251 252 253 254 255 256 257 258 
7200 1 42 43 44 45 
7200 2 0 84 85 86 231 234 235 239 240 243 245 246 248 253 255 
7200 3 0 125 126 127 231 233 237 241 242 245 247 250 253 255 256 
7200 4 0 139 140 159 230 232 235 238 240 241 245 247 248 252 254 257 258 
7200 5 0 225 227 228 231 234 237 238 240 244 248 249 251 254 256 258 
7200 6 42 43 44 45 
7200 7 42 43 44 45 
7200 8 42 43 44 45 
7200 9 83 84 85 86 
7200 10 124 125 126 127 
7200 11 132 135 137 138 
7200 12 137 153 179 181 
7200 13 224 225 227 228 
7200 14 224 225 227 228 
7200 15 42 43 44 45 
7200 16 42 43 44 45 
7200 17 42 43 44 45 
7200 18 42 43 44 45 
7200 19 42 43 44 45 
7200 20 42 43 44 45 
7200 21 42 43 44 45 
7200 22 42 43 44 45 
7200 23 42 43 44 45 
7200 24 36 37 39 40 
7200 25 42 43 44 45 
7200 26 42 43 44 45 
7200 27 29 43 44 45 
7200 28 38 43 44 45 
7200 29 27 33 35 38 
7200 30 42 43 44 45 
7200 31 41 43 44 45 
7200 32 42 43 44 45 
7200 33 29 43 44 45 
7200 34 42 43 44 45 
7200 35 29 38 44 45 
7200 36 24 43 44 45 
7200 37 24 43 44 45 
7200 38 28 29 35 
7200 39 24 43 44 45 
7200 40 24 43 44 45 
7200 41 31 
7200 42 1 6 7 8 15 16 17 18 19 20 21 22 23 25 26 30 32 34 
7200 43 1 6 7 8 15 16 17 18 19 20 21 22 23 25 26 27 28 30 31 32 33 34 36 37 39 40 
7200 44 1 6 7 8 15 16 17 18 19 20 21 22 23 25 26 27 28 30 31 32 33 34 35 36 37 39 40 
7200 45 1 6 7 8 15 16 17 18 19 20 21 22 23 25 26 27 28 30 31 32 33 34 35 36 37 39 40 
7200 46 81 82 84 85 
7200 47 83 84 85 86 
7200 48 82 84 85 86 
7200 49 79 83 85 86 
7200 50 82 84 85 86 
7200 51 83 84 85 86 
7200 52 81 82 84 85 
7200 53 82 84 85 86 
7200 54 82 84 85 86 
7200 55 80 81 82 84 
7200 56 83 84 85 86 
7200 57 80 81 82 85 
7200 58 81 84 85 86 
7200 59 78 80 81 82 
7200 60 82 84 85 86 
7200 61 82 84 85 86 
7200 62 83 84 85 86 
7200 63 83 84 85 86 
7200 64 82 84 85 86 
7200 65 83 84 85 86 
7200 66 83 84 85 86 
7200 67 83 84 85 86 
7200 68 83 84 85 86 
7200 69 82 84 85 86 
7200 70 80 81 84 86 
7200 71 83 84 85 86 
7200 72 81 83 84 86 
7200 73 82 84 85 86 
7200 74 83 84 85 86 
7200 75 83 84 85 86 
7200 76 83 84 85 86 
7200 77 83 84 85 86 
7200 78 59 84 85 86 
7200 79 49 84 85 86 
7200 80 55 57 59 70 
7200 81 46 52 55 57 58 59 70 72 
7200 82 46 48 50 52 53 54 55 57 59 60 61 64 69 73 
7200 83 9 47 49 51 56 62 63 65 66 67 68 71 72 74 75 76 77 
7200 84 2 9 46 47 48 50 51 52 53 54 55 56 58 60 61 62 63 64 65 66 67 68 69 70 71 72 73 74 75 76 77 78 79 
7200 85 2 9 46 47 48 49 50 51 52 53 54 56 57 58 60 61 62 63 64 65 66 67 68 69 71 73 74 75 76 77 78 79 
7200 86 2 9 47 48 49 50 51 53 54 56 58 60 61 62 63 64 65 66 67 68 69 70 71 72 73 74 75 76 77 78 79 
7200 87 124 125 126 127 
7200 88 124 125 126 127 
7200 89 121 124 125 126 
7200 90 124 125 126 127 
7200 91 124 125 126 127 
7200 92 123 124 125 126 
7200 93 124 125 126 127 
7200 94 123 124 125 126 
7200 95 124 125 126 127 
7200 96 124 125 126 127 
7200 97 124 125 126 127 
7200 98 122 123 125 127 
7200 99 124 125 126 127 
7200 100 124 125 126 127 
7200 101 124 125 126 127 
7200 102 123 124 125 126 
7200 103 122 123 124 127 
7200 104 124 125 126 127 
7200 105 123 124 125 127 
7200 106 111 114 120 
7200 107 109 111 114 125 
7200 108 123 124 125 126 
7200 109 107 124 125 126 
7200 110 122 123 124 126 
7200 111 106 107 126 127 
7200 112 122 123 124 126 
7200 113 124 125 126 127 
7200 114 106 107 120 125 
7200 115 124 125 126 127 
7200 116 124 125 126 127 
7200 117 124 125 126 127 
7200 118 124 125 126 127 
7200 119 124 125 126 127 
7200 120 106 114 126 127 
7200 121 89 124 125 126 
7200 122 98 103 110 112 128 
7200 123 92 94 98 102 103 105 108 110 112 128 
7200 124 10 87 88 89 90 91 92 93 94 95 96 97 99 100 101 102 103 104 105 108 109 110 112 113 115 116 117 118 119 121 129 130 131 
7200 125 3 10 87 88 89 90 91 92 93 94 95 96 97 98 99 100 101 102 104 105 107 108 109 113 114 115 116 117 118 119 121 128 129 130 131 
7200 126 3 10 87 88 89 90 91 92 93 94 95 96 97 99 100 101 102 104 108 109 110 111 112 113 115 116 117 118 119 120 121 129 130 131 
7200 127 3 10 87 88 90 91 93 95 96 97 98 99 100 101 103 104 105 111 113 115 116 117 118 119 120 128 129 130 131 
7200 128 122 123 125 127 
7200 129 124 125 126 127 
7200 130 124 125 126 127 
7200 131 124 125 126 127 
7200 132 11 134 140 181 
7200 133 176 177 179 181 
7200 134 132 152 165 170 
7200 135 11 140 153 181 
7200 136 142 157 179 180 
7200 137 11 12 153 181 
7200 138 11 140 153 181 
7200 139 4 140 154 159 
7200 140 4 132 135 138 139 143 145 146 148 149 150 151 152 155 156 159 160 161 163 165 166 167 168 174 
7200 141 175 176 179 180 
7200 142 136 178 179 180 
7200 143 140 179 180 181 
7200 144 177 178 179 181 
7200 145 140 176 177 181 
7200 146 140 153 179 181 
7200 147 176 177 179 181 
7200 148 140 178 179 181 
7200 149 140 153 179 181 
7200 150 140 153 179 181 
7200 151 140 177 179 181 
7200 152 134 140 177 181 
7200 153 12 135 137 138 146 149 150 
7200 154 139 159 178 181 
7200 155 140 179 180 181 
7200 156 140 177 179 181 
7200 157 136 176 179 180 
7200 158 175 178 179 180 
7200 159 4 139 140 154 
7200 160 140 177 179 181 
7200 161 140 179 180 181 
7200 162 176 177 179 181 
7200 163 140 178 179 181 
7200 164 176 177 179 181 
7200 165 134 140 177 181 
7200 166 140 178 179 181 
7200 167 140 177 179 181 
7200 168 140 177 178 181 
7200 169 176 177 179 181 
7200 170 134 175 177 181 
7200 171 175 176 179 180 
7200 172 175 176 179 180 
7200 173 175 176 177 181 
7200 174 140 177 179 181 
7200 175 141 158 170 171 172 173 
7200 176 133 141 145 147 157 162 164 169 171 172 173 
7200 177 133 144 145 147 151 152 156 160 162 164 165 167 168 169 170 173 174 
7200 178 142 144 148 154 158 163 166 168 
7200 179 12 133 136 141 142 143 144 146 147 148 149 150 151 155 156 157 158 160 161 162 163 164 166 167 169 171 172 174 
7200 180 136 141 142 143 155 157 158 161 171 172 
7200 181 12 132 133 135 137 138 143 144 145 146 147 148 149 150 151 152 154 155 156 160 161 162 163 164 165 166 167 168 169 170 173 174 
7200 182 225 226 227 228 
7200 183 225 226 227 228 
7200 184 224 225 227 228 
7200 185 217 
7200 186 206 207 222 
7200 187 224 225 227 228 
7200 188 224 225 227 228 
7200 189 224 225 227 228 
7200 190 224 225 226 227 
7200 191 224 225 227 228 
7200 192 224 225 227 228 
7200 193 197 214 220 222 
7200 194 224 225 227 228 
7200 195 225 226 227 228 
7200 196 224 225 227 228 
7200 197 193 220 221 222 
7200 198 224 225 227 228 
7200 199 224 225 227 228 
7200 200 225 226 227 228 
7200 201 224 225 227 228 
7200 202 223 225 226 227 
7200 203 224 225 227 228 
7200 204 225 226 227 228 
7200 205 209 216 225 228 
7200 206 186 207 227 228 
7200 207 186 206 222 224 
7200 208 222 225 226 227 
7200 209 205 216 217 219 
7200 210 224 225 227 228 
7200 211 225 226 227 228 
7200 212 223 224 225 228 
7200 213 224 225 227 228 
7200 214 193 226 227 228 
7200 215 224 225 227 228 
7200 216 205 209 225 228 
7200 217 185 209 223 226 
7200 218 224 225 227 228 
7200 219 209 225 227 228 
7200 220 193 197 225 227 
7200 221 197 226 227 228 
7200 222 186 193 197 207 208 
7200 223 202 212 217 228 
7200 224 13 14 184 187 188 189 190 191 192 194 196 198 199 201 203 207 210 212 213 215 218 
7200 225 5 13 14 182 183 184 187 188 189 190 191 192 194 195 196 198 199 200 201 202 203 204 205 208 210 211 212 213 215 216 218 219 220 
7200 226 182 183 190 195 200 202 204 208 211 214 217 221 
7200 227 5 13 14 182 183 184 187 188 189 190 191 192 194 195 196 198 199 200 201 202 203 204 206 208 210 211 213 214 215 218 219 220 221 
7200 228 5 13 14 182 183 184 187 188 189 191 192 194 195 196 198 199 200 201 203 204 205 206 210 211 212 213 214 215 216 218 219 221 223 
7200 229 0 
7200 230 0 4 
7200 231 0 2 3 5 
7200 232 0 4 
7200 233 0 3 
7200 234 0 2 5 
7200 235 0 2 4 
7200 236 0 
7200 237 0 3 5 
7200 238 0 4 5 
7200 239 0 2 
7200 240 0 2 4 5 
7200 241 0 3 4 
7200 242 0 3 
7200 243 0 2 
7200 244 0 5 
7200 245 0 2 3 4 
7200 246 0 2 
7200 247 0 3 4 
7200 248 0 2 4 5 
7200 249 0 5 
7200 250 0 3 
7200 251 0 5 
7200 252 0 4 
7200 253 0 2 3 
7200 254 0 4 5 
7200 255 0 2 3 
7200 256 0 3 5 
7200 257 0 4 
7200 258 0 4 5 
9000 0 2 3 4 5 229 230 231 232 233 234 235 236 237 238 239 240 241 242 243 244 245 246 247 248 249 250 251 252 253 254 255 256 257 258 
9000 1 42 43 44 45 
9000 2 0 84 85 86 231 234 235 239 240 243 245 246 248 253 255 
9000 3 0 125 126 127 231 233 237 241 242 245 247 250 253 255 256 
9000 4 0 139 140 159 230 232 235 238 240 241 245 247 248 252 254 257 258 
9000 5 0 225 227 228 231 234 237 238 240 244 248 249 251 254 256 258 
9000 6 42 43 44 45 
9000 7 42 43 44 45 
9000 8 42 43 44 45 
9000 9 83 84 85 86 
9000 10 124 125 126 127 
9000 11 132 135 137 138 
9000 12 175 176 177 181 
9000 13 224 225 227 228 
9000 14 224 225 227 228 
9000 15 42 43 44 45 
9000 16 42 43 44 45 
9000 17 42 43 44 45 
9000 18 42 43 44 45 
9000 19 37 39 43 45 
9000 20 42 43 44 45 
9000 21 42 43 44 45 
9000 22 42 43 44 45 
9000 23 42 43 44 45 
9000 24 36 37 39 40 
9000 25 39 40 43 45 
9000 26 42 43 44 45 
9000 27 42 43 44 45 
9000 28 30 31 35 38 
9000 29 31 33 34 42 
9000 30 28 43 44 45 
9000 31 28 29 43 45 
9000 32 40 41 43 45 
9000 33 29 42 43 45 
9000 34 29 43 44 45 
9000 35 28 38 44 45 
9000 36 24 43 44 45 
9000 37 19 24 44 45 
9000 38 28 35 
9000 39 19 24 25 45 
9000 40 24 25 32 45 
9000 41 32 
9000 42 1 6 7 8 15 16 17 18 20 21 22 23 26 27 29 33 
9000 43 1 6 7 8 15 16 17 18 19 20 21 22 23 25 26 27 30 31 32 33 34 36 
9000 44 1 6 7 8 15 16 17 18 20 21 22 23 26 27 30 34 35 36 37 
9000 45 1 6 7 8 15 16 17 18 19 20 21 22 23 25 26 27 30 31 32 33 34 35 36 37 39 40 
9000 46 81 82 84 85 
9000 47 83 84 85 86 
9000 48 82 84 85 86 
9000 49 83 84 85 86 
9000 50 82 84 85 86 
9000 51 83 84 85 86 
9000 52 82 83 84 85 
9000 53 82 84 85 86 
9000 54 81 84 85 86 
9000 55 80 81 82 84 
9000 56 83 84 85 86 
9000 57 80 81 82 85 
9000 58 82 84 85 86 
9000 59 78 80 81 82 
9000 60 82 84 85 86 
9000 61 82 84 85 86 
9000 62 83 84 85 86 
9000 63 83 84 85 86 
9000 64 81 84 85 86 
9000 65 81 84 85 86 
9000 66 83 84 85 86 
9000 67 83 84 85 86 
9000 68 83 84 85 86 
9000 69 81 84 85 86 
9000 70 80 81 84 86 
9000 71 83 84 85 86 
9000 72 80 81 84 86 
9000 73 82 84 85 86 
9000 74 83 84 85 86 
9000 75 82 83 84 85 
9000 76 83 84 85 86 
9000 77 81 84 85 86 
9000 78 59 84 85 86 
9000 79 83 84 85 86 
9000 80 55 57 59 70 72 
9000 81 46 54 55 57 59 64 65 69 70 72 77 
9000 82 46 48 50 52 53 55 57 58 59 60 61 73 75 
9000 83 9 47 49 51 52 56 62 63 66 67 68 71 74 75 76 79 
9000 84 2 9 46 47 48 49 50 51 52 53 54 55 56 58 60 61 62 63 64 65 66 67 68 69 70 71 72 73 74 75 76 77 78 79 
9000 85 2 9 46 47 48 49 50 51 52 53 54 56 57 58 60 61 62 63 64 65 66 67 68 69 71 73 74 75 76 77 78 79 
9000 86 2 9 47 48 49 50 51 53 54 56 58 60 61 62 63 64 65 66 67 68 69 70 71 72 73 74 76 77 78 79 
9000 87 124 125 126 127 
9000 88 124 125 126 127 
9000 89 107 121 124 126 
9000 90 124 125 126 127 
9000 91 124 125 126 127 
9000 92 123 124 125 126 
9000 93 124 125 126 127 
9000 94 123 124 125 126 
9000 95 124 125 126 127 
9000 96 124 125 126 127 
9000 97 124 125 126 127 
9000 98 122 123 125 127 
9000 99 124 125 126 127 
9000 100 124 125 126 127 
9000 101 124 125 126 127 
9000 102 124 125 126 127 
9000 103 123 124 125 127 
9000 104 124 125 126 127 
9000 105 123 124 125 127 
9000 106 111 114 120 
9000 107 89 109 114 120 
9000 108 123 124 125 126 
9000 109 107 124 125 126 
9000 110 122 123 124 125 
9000 111 106 125 126 127 
9000 112 123 124 125 126 
9000 113 124 125 126 127 
9000 114 106 107 120 125 
9000 115 124 125 126 127 
9000 116 124 125 126 127 
9000 117 124 125 126 127 
9000 118 124 125 126 127 
9000 119 124 125 126 127 
9000 120 106 107 114 127 
9000 121 89 124 125 126 
9000 122 98 110 127 128 
9000 123 92 94 98 103 105 108 110 112 128 
9000 124 10 87 88 89 90 91 92 93 94 95 96 97 99 100 101 102 103 104 105 108 109 110 112 113 115 116 117 118 119 121 129 130 131 
9000 125 3 10 87 88 90 91 92 93 94 95 96 97 98 99 100 101 102 103 104 105 108 109 110 111 112 113 114 115 116 117 118 119 121 128 129 130 131 
9000 126 3 10 87 88 89 90 91 92 93 94 95 96 97 99 100 101 102 104 108 109 111 112 113 115 116 117 118 119 121 129 130 131 
9000 127 3 10 87 88 90 91 93 95 96 97 98 99 100 101 102 103 104 105 111 113 115 116 117 118 119 120 122 128 129 130 131 
9000 128 122 123 125 127 
9000 129 124 125 126 127 
9000 130 124 125 126 127 
9000 131 124 125 126 127 
9000 132 11 140 177 181 
9000 133 140 176 177 181 
9000 134 152 165 170 181 
9000 135 11 140 179 181 
9000 136 142 153 157 180 
9000 137 11 140 179 181 
9000 138 11 140 153 181 
9000 139 4 140 147 159 
9000 140 4 132 133 135 137 138 139 143 144 145 146 147 148 149 150 151 152 154 156 157 159 160 161 163 164 165 166 167 170 173 174 
9000 141 174 175 176 180 
9000 142 136 178 179 180 
9000 143 140 179 180 181 
9000 144 140 178 179 181 
9000 145 140 176 177 181 
9000 146 140 178 179 181 
9000 147 139 140 176 177 
9000 148 140 178 179 181 
9000 149 140 176 177 181 
9000 150 140 178 179 181 
9000 151 140 176 177 181 
9000 152 134 140 177 181 
9000 153 136 138 157 169 
9000 154 140 178 179 181 
9000 155 176 177 180 181 
9000 156 140 176 177 181 
9000 157 136 140 153 180 
9000 158 175 178 179 180 
9000 159 4 139 140 168 
9000 160 140 176 177 181 
9000 161 140 178 179 181 
9000 162 176 177 180 181 
9000 163 140 178 179 181 
9000 164 140 176 177 181 
9000 165 134 140 177 181 
9000 166 140 178 179 181 
9000 167 140 176 177 181 
9000 168 159 178 179 181 
9000 169 153 176 177 181 
9000 170 134 140 177 181 
9000 171 174 175 176 180 
9000 172 174 175 176 180 
9000 173 140 176 177 181 
9000 174 140 141 171 172 
9000 175 12 141 158 171 172 
9000 176 12 133 141 145 147 149 151 155 156 160 162 164 167 169 171 172 173 
9000 177 12 132 133 145 147 149 151 152 155 156 160 162 164 165 167 169 170 173 
9000 178 142 144 146 148 150 154 158 161 163 166 168 
9000 179 135 137 142 143 144 146 148 150 154 158 161 163 166 168 
9000 180 136 141 142 143 155 157 158 162 171 172 
9000 181 12 132 133 134 135 137 138 143 144 145 146 148 149 150 151 152 154 155 156 160 161 162 163 164 165 166 167 168 169 170 173 
9000 182 221 224 225 227 
9000 183 225 226 227 228 
9000 184 222 224 227 228 
9000 185 217 227 
9000 186 207 220 222 224 
9000 187 224 225 227 228 
9000 188 224 225 227 228 
9000 189 224 225 227 228 
9000 190 221 225 226 227 
9000 191 224 225 227 228 
9000 192 224 225 227 228 
9000 193 197 220 222 227 
9000 194 224 225 227 228 
9000 195 225 226 227 228 
9000 196 224 225 227 228 
9000 197 193 220 221 227 
9000 198 223 225 227 228 
9000 199 223 225 227 228 
9000 200 225 226 227 228 
9000 201 224 225 227 228 
9000 202 223 225 226 227 
9000 203 224 225 227 228 
9000 204 225 226 227 228 
9000 205 216 224 225 228 
9000 206 223 225 227 228 
9000 207 186 220 222 224 
9000 208 221 225 226 227 
9000 209 210 
9000 210 209 224 225 228 
9000 211 225 226 227 228 
9000 212 219 223 225 228 
9000 213 224 225 227 228 
9000 214 223 225 226 227 
9000 215 224 225 227 228 
9000 216 205 224 225 228 
9000 217 185 223 226 227 
9000 218 224 225 227 228 
9000 219 212 225 227 228 
9000 220 186 193 197 207 
9000 221 182 190 197 208 
9000 222 184 186 193 207 
9000 223 198 199 202 206 212 214 217 
9000 224 13 14 182 184 186 187 188 189 191 192 194 196 201 203 205 207 210 213 215 216 218 
9000 225 5 13 14 182 183 187 188 189 190 191 192 194 195 196 198 199 200 201 202 203 204 205 206 208 210 211 212 213 214 215 216 218 219 
9000 226 183 190 195 200 202 204 208 211 214 217 
9000 227 5 13 14 182 183 184 185 187 188 189 190 191 192 193 194 195 196 197 198 199 200 201 202 203 204 206 208 211 213 214 215 217 218 219 
9000 228 5 13 14 183 184 187 188 189 191 192 194 195 196 198 199 200 201 203 204 205 206 210 211 212 213 215 216 218 219 
9000 229 0 
9000 230 0 4 
9000 231 0 2 3 5 
9000 232 0 4 
9000 233 0 3 
9000 234 0 2 5 
9000 235 0 2 4 
9000 236 0 
9000 237 0 3 5 
9000 238 0 4 5 
9000 239 0 2 
9000 240 0 2 4 5 
9000 241 0 3 4 
9000 242 0 3 
9000 243 0 2 
9000 244 0 5 
9000 245 0 2 3 4 
9000 246 0 2 
9000 247 0 3 4 
9000 248 0 2 4 5 
9000 249 0 5 
9000 250 0 3 
9000 251 0 5 
9000 252 0 4 
9000 253 0 2 3 
9000 254 0 4 5 
9000 255 0 2 3 
9000 256 0 3 5 
9000 257 0 4 
9000 258 0 4 5 
10800 0 2 3 4 5 229 230 231 232 233 234 235 236 237 238 239 240 241 242 243 244 245 246 247 248 249 250 251 252 253 254 255 256 257 258 
10800 1 42 43 44 45 
10800 2 0 84 85 86 231 234 235 239 240 243 245 246 248 253 255 
10800 3 0 125 126 127 231 233 237 241 242 245 247 250 253 255 256 
10800 4 0 139 140 159 230 232 235 238 240 241 245 247 248 252 254 257 258 
10800 5 0 225 227 228 231 234 237 238 240 244 248 249 251 254 256 258 
10800 6 42 43 44 45 
10800 7 42 43 44 45 
10800 8 42 43 44 45 
10800 9 83 84 85 86 
10800 10 124 125 126 127 
10800 11 132 135 137 138 
10800 12 137 176 177 181 
10800 13 224 225 227 228 
10800 14 224 225 227 228 
10800 15 42 43 44 45 
10800 16 42 43 44 45 
10800 17 42 43 44 45 
10800 18 42 43 44 45 
10800 19 42 43 44 45 
10800 20 42 43 44 45 
10800 21 42 43 44 45 
10800 22 42 43 44 45 
10800 23 41 43 44 45 
10800 24 34 36 39 40 
10800 25 42 43 44 45 
10800 26 42 43 44 45 
10800 27 29 43 44 45 
10800 28 31 32 35 38 
10800 29 27 33 37 45 
10800 30 38 43 44 45 
10800 31 28 43 44 45 
10800 32 28 38 44 45 
10800 33 29 42 43 45 
10800 34 24 43 44 45 
10800 35 28 38 44 45 
10800 36 24 43 44 45 
10800 37 29 43 44 45 
10800 38 28 30 32 35 
10800 39 24 43 44 45 
10800 40 24 43 44 45 
10800 41 23 
10800 42 1 6 7 8 15 16 17 18 19 20 21 22 25 26 33 
10800 43 1 6 7 8 15 16 17 18 19 20 21 22 23 25 26 27 30 31 33 34 36 37 39 40 
10800 44 1 6 7 8 15 16 17 18 19 20 21 22 23 25 26 27 30 31 32 34 35 36 37 39 40 
10800 45 1 6 7 8 15 16 17 18 19 20 21 22 23 25 26 27 29 30 31 32 33 34 35 36 37 39 40 
10800 46 81 82 84 85 
10800 47 83 84 85 86 
10800 48 82 84 85 86 
10800 49 83 84 85 86 
10800 50 82 84 85 86 
10800 51 83 84 85 86 
10800 52 82 83 84 85 
10800 53 82 84 85 86 
10800 54 81 84 85 86 
10800 55 79 80 81 84 
10800 56 83 84 85 86 
10800 57 81 82 84 85 
10800 58 82 84 85 86 
10800 59 78 80 81 82 
10800 60 82 84 85 86 
10800 61 83 84 85 86 
10800 62 83 84 85 86 
10800 63 83 84 85 86 
10800 64 81 84 85 86 
10800 65 81 84 85 86 
10800 66 83 84 85 86 
10800 67 83 84 85 86 
10800 68 83 84 85 86 
10800 69 83 84 85 86 
10800 70 82 84 85 86 
10800 71 83 84 85 86 
10800 72 80 81 84 86 
10800 73 82 84 85 86 
10800 74 83 84 85 86 
10800 75 83 84 85 86 
10800 76 83 84 85 86 
10800 77 81 84 85 86 
10800 78 59 84 85 86 
10800 79 55 84 85 86 
10800 80 55 59 72 86 
10800 81 46 54 55 57 59 64 65 72 77 
10800 82 46 48 50 52 53 57 58 59 60 70 73 
10800 83 9 47 49 51 52 56 61 62 63 66 67 68 69 71 74 75 76 
10800 84 2 9 46 47 48 49 50 51 52 53 54 55 56 57 58 60 61 62 63 64 65 66 67 68 69 70 71 72 73 74 75 76 77 78 79 
10800 85 2 9 46 47 48 49 50 51 52 53 54 56 57 58 60 61 62 63 64 65 66 67 68 69 70 71 73 74 75 76 77 78 79 
10800 86 2 9 47 48 49 50 51 53 54 56 58 60 61 62 63 64 65 66 67 68 69 70 71 72 73 74 75 76 77 78 79 80 
10800 87 124 125 126 127 
10800 88 124 125 126 127 
10800 89 117 121 124 126 
10800 90 124 125 126 127 
10800 91 124 125 126 127 
10800 92 124 125 126 127 
10800 93 124 125 126 127 
10800 94 122 123 124 126 
10800 95 124 125 126 127 
10800 96 124 125 126 127 
10800 97 124 125 126 127 
10800 98 122 123 125 127 
10800 99 124 125 126 127 
10800 100 124 125 126 127 
10800 101 124 125 126 127 
10800 102 124 125 126 127 
10800 103 122 123 124 127 
10800 104 124 125 126 127 
10800 105 123 124 125 127 
10800 106 111 114 127 
10800 107 109 114 
10800 108 123 124 125 126 
10800 109 107 124 125 126 
10800 110 121 122 123 124 
10800 111 106 114 126 127 
10800 112 122 123 124 126 
10800 113 124 125 126 127 
10800 114 106 107 111 125 
10800 115 124 125 126 127 
10800 116 124 125 126 127 
10800 117 89 125 126 127 
10800 118 124 125 126 127 
10800 119 124 125 126 127 
10800 120 124 125 126 127 
10800 121 89 110 124 126 
10800 122 94 98 103 110 112 128 
10800 123 94 98 103 105 108 110 112 128 
10800 124 10 87 88 89 90 91 92 93 94 95 96 97 99 100 101 102 103 104 105 108 109 110 112 113 115 116 118 119 120 121 129 130 131 
10800 125 3 10 87 88 90 91 92 93 95 96 97 98 99 100 101 102 104 105 108 109 113 114 115 116 117 118 119 120 128 129 130 131 
10800 126 3 10 87 88 89 90 91 92 93 94 95 96 97 99 100 101 102 104 108 109 111 112 113 115 116 117 118 119 120 121 129 130 131 
10800 127 3 10 87 88 90 91 92 93 95 96 97 98 99 100 101 102 103 104 105 106 111 113 115 116 117 118 119 120 128 129 130 131 
10800 128 122 123 125 127 
10800 129 124 125 126 127 
10800 130 124 125 126 127 
10800 131 124 125 126 127 
10800 132 11 140 177 181 
10800 133 139 176 177 181 
10800 134 159 165 170 177 
10800 135 11 140 177 181 
10800 136 142 155 157 180 
10800 137 11 12 179 181 
10800 138 11 140 153 181 
10800 139 4 133 140 179 
10800 140 4 132 135 138 139 141 143 145 146 148 149 150 151 156 159 160 161 163 165 166 167 174 
10800 141 140 176 180 181 
10800 142 136 155 179 180 
10800 143 140 177 180 181 
10800 144 177 178 179 181 
10800 145 140 176 177 181 
10800 146 140 178 179 181 
10800 147 175 176 177 181 
10800 148 140 178 179 181 
10800 149 140 176 177 181 
10800 150 140 178 179 181 
10800 151 140 176 180 181 
10800 152 173 174 177 181 
10800 153 138 155 157 169 
10800 154 159 168 178 179 
10800 155 136 142 153 157 
10800 156 140 176 177 181 
10800 157 136 153 155 180 
10800 158 175 178 179 180 
10800 159 4 134 140 154 
10800 160 140 176 177 181 
10800 161 140 178 179 181 
10800 162 176 177 180 181 
10800 163 140 178 179 181 
10800 164 175 176 177 181 
10800 165 134 140 177 181 
10800 166 140 178 179 181 
10800 167 140 175 177 181 
10800 168 154 178 179 181 
10800 169 153 176 177 181 
10800 170 134 175 177 181 
10800 171 174 175 176 180 
10800 172 174 175 176 180 
10800 173 152 176 177 181 
10800 174 140 152 171 172 
10800 175 147 158 164 167 170 171 172 
10800 176 12 133 141 145 147 149 151 156 160 162 164 169 171 172 173 
10800 177 12 132 133 134 135 143 144 145 147 149 152 156 160 162 164 165 167 169 170 173 
10800 178 144 146 148 150 154 158 161 163 166 168 
10800 179 137 139 142 144 146 148 150 154 158 161 163 166 168 
10800 180 136 141 142 143 151 157 158 162 171 172 
10800 181 12 132 133 135 137 138 141 143 144 145 146 147 148 149 150 151 152 156 160 161 162 163 164 165 166 167 168 169 170 173 
10800 182 224 225 226 227 
10800 183 225 226 227 228 
10800 184 225 226 227 228 
10800 185 204 217 
10800 186 197 207 222 
10800 187 224 225 227 228 
10800 188 224 225 227 228 
10800 189 224 225 227 228 
10800 190 224 225 226 227 
10800 191 224 225 227 228 
10800 192 224 225 227 228 
10800 193 194 197 220 222 
10800 194 193 225 227 228 
10800 195 225 226 227 228 
10800 196 224 225 227 228 
10800 197 186 193 205 207 216 222 
10800 198 224 225 227 228 
10800 199 224 225 227 228 
10800 200 225 226 227 228 
10800 201 224 225 227 228 
10800 202 223 225 226 227 
10800 203 224 225 227 228 
10800 204 185 226 227 228 
10800 205 197 209 216 228 
10800 206 209 225 227 228 
10800 207 186 197 222 224 
10800 208 221 225 226 227 
10800 209 205 206 224 
10800 210 224 225 227 228 
10800 211 225 226 227 228 
10800 212 223 224 225 228 
10800 213 224 225 227 228 
10800 214 217 225 226 227 
10800 215 224 225 227 228 
10800 216 197 205 225 228 
10800 217 185 214 223 226 
10800 218 224 225 227 228 
10800 219 224 225 227 228 
10800 220 193 224 225 227 
10800 221 208 225 226 227 
10800 222 186 193 197 207 
10800 223 202 212 217 228 
10800 224 13 14 182 187 188 189 190 191 192 196 198 199 201 203 207 209 210 212 213 215 218 219 220 
10800 225 5 13 14 182 183 184 187 188 189 190 191 192 194 195 196 198 199 200 201 202 203 206 208 210 211 212 213 214 215 216 218 219 220 221 
10800 226 182 183 184 190 195 200 202 204 208 211 214 217 221 
10800 227 5 13 14 182 183 184 187 188 189 190 191 192 194 195 196 198 199 200 201 202 203 204 206 208 210 211 213 214 215 218 219 220 221 
10800 228 5 13 14 183 184 187 188 189 191 192 194 195 196 198 199 200 201 203 204 205 206 210 211 212 213 215 216 218 219 223 
10800 229 0 
10800 230 0 4 
10800 231 0 2 3 5 
10800 232 0 4 
10800 233 0 3 
10800 234 0 2 5 
10800 235 0 2 4 
10800 236 0 
10800 237 0 3 5 
10800 238 0 4 5 
10800 239 0 2 
10800 240 0 2 4 5 
10800 241 0 3 4 
10800 242 0 3 
10800 243 0 2 
10800 244 0 5 
10800 245 0 2 3 4 
10800 246 0 2 
10800 247 0 3 4 
10800 248 0 2 4 5 
10800 249 0 5 
10800 250 0 3 
10800 251 0 5 
10800 252 0 4 
10800 253 0 2 3 
10800 254 0 4 5 
10800 255 0 2 3 
10800 256 0 3 5 
10800 257 0 4 
10800 258 0 4 5 
12600 0 2 3 4 5 229 230 231 232 233 234 235 236 237 238 239 240 241 242 243 244 245 246 247 248 249 250 251 252 253 254 255 256 257 258 
12600 1 42 43 44 45 
12600 2 0 84 85 86 231 234 235 239 240 243 245 246 248 253 255 
12600 3 0 125 126 127 231 233 237 241 242 245 247 250 253 255 256 
12600 4 0 139 140 159 230 232 235 238 240 241 245 247 248 252 254 257 258 
12600 5 0 225 227 228 231 234 237 238 240 244 248 249 251 254 256 258 
12600 6 42 43 44 45 
12600 7 42 43 44 45 
12600 8 42 43 44 45 
12600 9 83 84 85 86 
12600 10 124 125 126 127 
12600 11 132 135 137 138 
12600 12 137 177 179 181 
12600 13 224 225 227 228 
12600 14 224 225 227 228 
12600 15 42 43 44 45 
12600 16 42 43 44 45 
12600 17 42 43 44 45 
12600 18 42 43 44 45 
12600 19 42 43 44 45 
12600 20 41 43 44 45 
12600 21 42 43 44 45 
12600 22 40 42 44 45 
12600 23 42 43 44 45 
12600 24 39 40 42 43 
12600 25 42 43 44 45 
12600 26 42 43 44 45 
12600 27 29 43 44 45 
12600 28 31 32 35 38 
12600 29 27 33 34 
12600 30 42 43 44 45 
12600 31 28 43 44 45 
12600 32 28 43 44 45 
12600 33 29 40 43 45 
12600 34 29 42 44 45 
12600 35 28 38 44 45 
12600 36 42 43 44 45 
12600 37 42 43 44 45 
12600 38 28 35 
12600 39 24 43 44 45 
12600 40 22 24 33 45 
12600 41 20 42 43 
12600 42 1 6 7 8 15 16 17 18 19 21 22 23 24 25 26 30 34 36 37 41 
12600 43 1 6 7 8 15 16 17 18 19 20 21 23 24 25 26 27 30 31 32 33 36 37 39 41 
12600 44 1 6 7 8 15 16 17 18 19 20 21 22 23 25 26 27 30 31 32 34 35 36 37 39 
12600 45 1 6 7 8 15 16 17 18 19 20 21 22 23 25 26 27 30 31 32 33 34 35 36 37 39 40 
12600 46 81 82 84 85 
12600 47 83 84 85 86 
12600 48 82 84 85 86 
12600 49 83 84 85 86 
12600 50 82 84 85 86 
12600 51 83 84 85 86 
12600 52 82 83 84 85 
12600 53 82 84 85 86 
12600 54 82 84 85 86 
12600 55 80 81 82 84 
12600 56 83 84 85 86 
12600 57 80 81 82 85 
12600 58 82 84 85 86 
12600 59 78 80 81 82 
12600 60 82 84 85 86 
12600 61 82 84 85 86 
12600 62 83 84 85 86 
12600 63 83 84 85 86 
12600 64 82 84 85 86 
12600 65 82 84 85 86 
12600 66 83 84 85 86 
12600 67 83 84 85 86 
12600 68 83 84 85 86 
12600 69 82 84 85 86 
12600 70 81 82 84 86 
12600 71 83 84 85 86 
12600 72 81 82 84 86 
12600 73 82 84 85 86 
12600 74 83 84 85 86 
12600 75 83 84 85 86 
12600 76 83 84 85 86 
12600 77 82 84 85 86 
12600 78 59 84 85 86 
12600 79 83 84 85 86 
12600 80 55 57 59 86 
12600 81 46 55 57 59 70 72 
12600 82 46 48 50 52 53 54 55 57 58 59 60 61 64 65 69 70 72 73 77 
12600 83 9 47 49 51 52 56 62 63 66 67 68 71 74 75 76 79 
12600 84 2 9 46 47 48 49 50 51 52 53 54 55 56 58 60 61 62 63 64 65 66 67 68 69 70 71 72 73 74 75 76 77 78 79 
12600 85 2 9 46 47 48 49 50 51 52 53 54 56 57 58 60 61 62 63 64 65 66 67 68 69 71 73 74 75 76 77 78 79 
12600 86 2 9 47 48 49 50 51 53 54 56 58 60 61 62 63 64 65 66 67 68 69 70 71 72 73 74 75 76 77 78 79 80 
12600 87 124 125 126 127 
12600 88 124 125 126 127 
12600 89 117 121 124 126 
12600 90 124 125 126 127 
12600 91 124 125 126 127 
12600 92 123 124 125 126 
12600 93 107 125 126 127 
12600 94 122 123 124 126 
12600 95 124 125 126 127 
12600 96 124 125 126 127 
12600 97 124 125 126 127 
12600 98 122 123 125 127 
12600 99 124 125 126 127 
12600 100 124 125 126 127 
12600 101 124 125 126 127 
12600 102 124 125 126 127 
12600 103 122 123 124 127 
12600 104 124 125 126 127 
12600 105 123 124 125 127 
12600 106 111 114 116 
12600 107 93 109 114 116 
12600 108 123 124 125 126 
12600 109 107 124 125 126 
12600 110 121 122 123 124 
12600 111 106 125 126 127 
12600 112 122 123 124 126 
12600 113 124 125 126 127 
12600 114 106 107 116 125 
12600 115 124 125 126 127 
12600 116 106 107 114 127 
12600 117 89 125 126 127 
12600 118 124 125 126 127 
12600 119 124 125 126 127 
12600 120 124 125 126 127 
12600 121 89 110 126 127 
12600 122 94 98 103 110 112 128 
12600 123 92 94 98 103 105 108 110 112 128 
12600 124 10 87 88 89 90 91 92 94 95 96 97 99 100 101 102 103 104 105 108 109 110 112 113 115 118 119 120 129 130 131 
12600 125 3 10 87 88 90 91 92 93 95 96 97 98 99 100 101 102 104 105 108 109 111 113 114 115 117 118 119 120 128 129 130 131 
12600 126 3 10 87 88 89 90 91 92 93 94 95 96 97 99 100 101 102 104 108 109 111 112 113 115 117 118 119 120 121 129 130 131 
12600 127 3 10 87 88 90 91 93 95 96 97 98 99 100 101 102 103 104 105 111 113 115 116 117 118 119 120 121 128 129 130 131 
12600 128 122 123 125 127 
12600 129 124 125 126 127 
12600 130 124 125 126 127 
12600 131 124 125 126 127 
12600 132 11 140 177 181 
12600 133 175 176 177 181 
12600 134 165 169 170 174 
12600 135 11 140 177 181 
12600 136 153 155 157 180 
12600 137 11 12 179 181 
12600 138 11 140 153 181 
12600 139 4 154 159 160 
12600 140 4 132 135 138 143 145 146 148 149 150 151 156 159 161 163 165 166 167 
12600 141 178 179 180 181 
12600 142 176 178 179 180 
12600 143 140 179 180 181 
12600 144 177 178 179 181 
12600 145 140 176 177 181 
12600 146 140 178 179 181 
12600 147 175 176 177 181 
12600 148 140 178 179 181 
12600 149 140 177 179 181 
12600 150 140 178 179 181 
12600 151 140 176 177 181 
12600 152 173 174 177 181 
12600 153 136 138 155 157 167 169 
12600 154 139 159 168 178 
12600 155 136 153 157 180 
12600 156 140 177 179 181 
12600 157 136 153 155 180 
12600 158 175 178 179 180 
12600 159 4 139 140 154 
12600 160 139 177 179 181 
12600 161 140 178 179 181 
12600 162 176 177 180 181 
12600 163 140 178 179 181 
12600 164 175 176 177 181 
12600 165 134 140 177 181 
12600 166 140 178 179 181 
12600 167 140 153 180 181 
12600 168 154 178 179 181 
12600 169 134 153 177 181 
12600 170 134 175 177 181 
12600 171 174 175 176 180 
12600 172 174 175 176 180 
12600 173 152 176 177 181 
12600 174 134 152 171 172 
12600 175 133 147 158 164 170 171 172 
12600 176 133 142 145 147 151 162 164 171 172 173 
12600 177 12 132 133 135 144 145 147 149 151 152 156 160 162 164 165 169 170 173 
12600 178 141 142 144 146 148 150 154 158 161 163 166 168 
12600 179 12 137 141 142 143 144 146 148 149 150 156 158 160 161 163 166 168 
12600 180 136 141 142 143 155 157 158 162 167 171 172 
12600 181 12 132 133 135 137 138 141 143 144 145 146 147 148 149 150 151 152 156 160 161 162 163 164 165 166 167 168 169 170 173 
12600 182 221 224 225 227 
12600 183 225 226 227 228 
12600 184 224 225 227 228 
12600 185 204 217 
12600 186 224 225 227 228 
12600 187 222 225 227 228 
12600 188 224 225 227 228 
12600 189 224 225 227 228 
12600 190 224 225 226 227 
12600 191 224 225 227 228 
12600 192 207 222 227 228 
12600 193 197 220 222 225 
12600 194 224 225 227 228 
12600 195 225 226 227 228 
12600 196 224 225 227 228 
12600 197 193 220 221 225 
12600 198 209 224 227 228 
12600 199 224 225 227 228 
12600 200 225 226 227 228 
12600 201 224 225 227 228 
12600 202 223 225 226 227 
12600 203 207 225 227 228 
12600 204 185 226 227 228 
12600 205 216 224 225 228 
12600 206 224 225 227 228 
12600 207 192 203 222 224 
12600 208 221 225 226 227 
12600 209 198 
12600 210 224 225 227 228 
12600 211 225 226 227 228 
12600 212 223 224 225 228 
12600 213 224 225 227 228 
12600 214 217 225 226 227 
12600 215 224 225 227 228 
12600 216 205 224 225 228 
12600 217 185 214 223 226 
12600 218 224 225 227 228 
12600 219 224 225 227 228 
12600 220 193 197 225 227 
12600 221 182 197 208 227 
12600 222 187 192 193 207 
12600 223 202 212 217 228 
12600 224 13 14 182 184 186 188 189 190 191 194 196 198 199 201 205 206 207 210 212 213 215 216 218 219 
12600 225 5 13 14 182 183 184 186 187 188 189 190 191 193 194 195 196 197 199 200 201 202 203 205 206 208 210 211 212 213 214 215 216 218 219 220 
12600 226 183 190 195 200 202 204 208 211 214 217 
12600 227 5 13 14 182 183 184 186 187 188 189 190 191 192 194 195 196 198 199 200 201 202 203 204 206 208 210 211 213 214 215 218 219 220 221 
12600 228 5 13 14 183 184 186 187 188 189 191 192 194 195 196 198 199 200 201 203 204 205 206 210 211 212 213 215 216 218 219 223 
12600 229 0 
12600 230 0 4 
12600 231 0 2 3 5 
12600 232 0 4 
12600 233 0 3 
12600 234 0 2 5 
12600 235 0 2 4 
12600 236 0 
12600 237 0 3 5 
12600 238 0 4 5 
12600 239 0 2 
12600 240 0 2 4 5 
12600 241 0 3 4 
12600 242 0 3 
12600 243 0 2 
12600 244 0 5 
12600 245 0 2 3 4 
12600 246 0 2 
12600 247 0 3 4 
12600 248 0 2 4 5 
12600 249 0 5 
12600 250 0 3 
12600 251 0 5 
12600 252 0 4 
12600 253 0 2 3 
12600 254 0 4 5 
12600 255 0 2 3 
12600 256 0 3 5 
12600 257 0 4 
12600 258 0 4 5 
14400 0 2 3 4 5 229 230 231 232 233 234 235 236 237 238 239 240 241 242 243 244 245 246 247 248 249 250 251 252 253 254 255 256 257 258 
14400 1 42 43 44 45 
14400 2 0 84 85 86 231 234 235 239 240 243 245 246 248 253 255 
14400 3 0 125 126 127 231 233 237 241 242 245 247 250 253 255 256 
14400 4 0 139 140 159 230 232 235 238 240 241 245 247 248 252 254 257 258 
14400 5 0 225 227 228 231 234 237 238 240 244 248 249 251 254 256 258 
14400 6 42 43 44 45 
14400 7 42 43 44 45 
14400 8 42 43 44 45 
14400 9 83 84 85 86 
14400 10 124 125 126 127 
14400 11 132 135 137 138 
14400 12 137 176 177 181 
14400 13 224 225 227 228 
14400 14 224 225 227 228 
14400 15 42 43 44 45 
14400 16 42 43 44 45 
14400 17 42 43 44 45 
14400 18 42 43 44 45 
14400 19 42 43 44 45 
14400 20 42 43 44 45 
14400 21 42 43 44 45 
14400 22 42 43 44 45 
14400 23 42 43 44 45 
14400 24 36 37 39 40 
14400 25 29 43 44 45 
14400 26 42 43 44 45 
14400 27 29 43 44 45 
14400 28 38 43 44 45 
14400 29 25 27 33 
14400 30 42 43 44 45 
14400 31 42 43 44 45 
14400 32 42 43 44 45 
14400 33 29 42 43 45 
14400 34 42 43 44 45 
14400 35 38 42 44 45 
14400 36 24 43 44 45 
14400 37 24 43 44 45 
14400 38 28 35 42 
14400 39 24 43 44 45 
14400 40 24 43 44 45 
14400 41 
14400 42 1 6 7 8 15 16 17 18 19 20 21 22 23 26 30 31 32 33 34 35 38 
14400 43 1 6 7 8 15 16 17 18 19 20 21 22 23 25 26 27 28 30 31 32 33 34 36 37 39 40 
14400 44 1 6 7 8 15 16 17 18 19 20 21 22 23 25 26 27 28 30 31 32 34 35 36 37 39 40 
14400 45 1 6 7 8 15 16 17 18 19 20 21 22 23 25 26 27 28 30 31 32 33 34 35 36 37 39 40 
14400 46 81 82 84 85 
14400 47 83 84 85 86 
14400 48 81 82 84 85 
14400 49 83 84 85 86 
14400 50 83 84 85 86 
14400 51 83 84 85 86 
14400 52 82 83 84 85 
14400 53 81 82 84 85 
14400 54 80 81 84 85 
14400 55 83 84 85 86 
14400 56 83 84 85 86 
14400 57 80 81 82 85 
14400 58 80 81 84 85 
14400 59 78 80 81 82 
14400 60 81 82 84 85 
14400 61 81 82 84 85 
14400 62 83 84 85 86 
14400 63 83 84 85 86 
14400 64 83 84 85 86 
14400 65 81 84 85 86 
14400 66 83 84 85 86 
14400 67 83 84 85 86 
14400 68 83 84 85 86 
14400 69 81 84 85 86 
14400 70 79 80 81 84 
14400 71 83 84 85 86 
14400 72 77 80 81 84 
14400 73 82 84 85 86 
14400 74 83 84 85 86 
14400 75 83 84 85 86 
14400 76 83 84 85 86 
14400 77 72 84 85 86 
14400 78 59 84 85 86 
14400 79 70 84 85 86 
14400 80 54 57 58 59 70 72 
14400 81 46 48 53 54 57 58 59 60 61 65 69 70 72 
14400 82 46 48 52 53 57 59 60 61 73 
14400 83 9 47 49 50 51 52 55 56 62 63 64 66 67 68 71 74 75 76 
14400 84 2 9 46 47 48 49 50 51 52 53 54 55 56 58 60 61 62 63 64 65 66 67 68 69 70 71 72 73 74 75 76 77 78 79 
14400 85 2 9 46 47 48 49 50 51 52 53 54 55 56 57 58 60 61 62 63 64 65 66 67 68 69 71 73 74 75 76 77 78 79 
14400 86 2 9 47 49 50 51 55 56 62 63 64 65 66 67 68 69 71 73 74 75 76 77 78 79 
14400 87 123 124 125 126 
14400 88 124 125 126 127 
14400 89 117 121 124 126 
14400 90 124 125 126 127 
14400 91 124 125 126 127 
14400 92 123 124 125 126 
14400 93 124 125 126 127 
14400 94 123 124 125 126 
14400 95 123 124 125 126 
14400 96 107 125 126 127 
14400 97 124 125 126 127 
14400 98 122 123 125 127 
14400 99 124 125 126 127 
14400 100 124 125 126 127 
14400 101 124 125 126 127 
14400 102 124 125 126 127 
14400 103 123 124 125 127 
14400 104 124 125 126 127 
14400 105 123 124 125 127 
14400 106 124 125 126 127 
14400 107 96 108 109 114 
14400 108 107 114 125 126 
14400 109 107 124 125 126 
14400 110 122 123 124 125 
14400 111 114 125 126 127 
14400 112 123 124 125 126 
14400 113 124 125 126 127 
14400 114 107 108 111 125 
14400 115 124 125 126 127 
14400 116 124 125 126 127 
14400 117 89 124 125 126 
14400 118 124 125 126 127 
14400 119 124 125 126 127 
14400 120 124 125 126 127 
14400 121 89 123 124 126 
14400 122 98 110 127 128 
14400 123 87 92 94 95 98 103 105 110 112 121 128 
14400 124 10 87 88 89 90 91 92 93 94 95 97 99 100 101 102 103 104 105 106 109 110 112 113 115 116 117 118 119 120 121 129 130 131 
14400 125 3 10 87 88 90 91 92 93 94 95 96 97 98 99 100 101 102 103 104 105 106 108 109 110 111 112 113 114 115 116 117 118 119 120 128 129 130 131 
14400 126 3 10 87 88 89 90 91 92 93 94 95 96 97 99 100 101 102 104 106 108 109 111 112 113 115 116 117 118 119 120 121 129 130 131 
14400 127 3 10 88 90 91 93 96 97 98 99 100 101 102 103 104 105 106 111 113 115 116 118 119 120 122 128 129 130 131 
14400 128 122 123 125 127 
14400 129 124 125 126 127 
14400 130 124 125 126 127 
14400 131 124 125 126 127 
14400 132 11 140 177 181 
14400 133 140 176 177 181 
14400 134 159 167 169 170 
14400 135 11 140 179 181 
14400 136 142 155 157 180 
14400 137 11 12 179 181 
14400 138 11 140 153 181 
14400 139 4 140 143 159 
14400 140 4 132 133 135 138 139 143 145 146 147 148 149 150 151 154 156 158 159 160 161 162 163 164 165 166 167 169 171 174 
14400 141 175 176 180 181 
14400 142 136 155 179 180 
14400 143 139 140 153 181 
14400 144 177 178 179 181 
14400 145 140 176 177 181 
14400 146 140 178 179 181 
14400 147 140 176 177 181 
14400 148 140 178 179 181 
14400 149 140 176 177 181 
14400 150 140 178 179 181 
14400 151 140 176 180 181 
14400 152 173 174 177 181 
14400 153 138 143 157 169 171 
14400 154 140 178 179 181 
14400 155 136 142 157 180 
14400 156 140 176 177 181 
14400 157 136 153 155 180 
14400 158 140 178 179 180 
14400 159 4 134 139 140 
14400 160 140 176 177 181 
14400 161 140 178 179 181 
14400 162 140 177 180 181 
14400 163 140 178 179 181 
14400 164 140 176 177 181 
14400 165 140 175 177 181 
14400 166 140 178 179 181 
14400 167 134 140 177 181 
14400 168 177 178 179 181 
14400 169 134 140 153 181 
14400 170 134 175 177 181 
14400 171 140 153 180 181 
14400 172 174 175 176 180 
14400 173 152 176 177 181 
14400 174 140 152 172 181 
14400 175 141 165 170 172 
14400 176 12 133 141 145 147 149 151 156 160 164 172 173 
14400 177 12 132 133 144 145 147 149 152 156 160 162 164 165 167 168 170 173 
14400 178 144 146 148 150 154 158 161 163 166 168 
14400 179 135 137 142 144 146 148 150 154 158 161 163 166 168 
14400 180 136 141 142 151 155 157 158 162 171 172 
14400 181 12 132 133 135 137 138 141 143 144 145 146 147 148 149 150 151 152 154 156 160 161 162 163 164 165 166 167 168 169 170 171 173 174 
14400 182 224 225 227 228 
14400 183 225 226 227 228 
14400 184 224 225 227 228 
14400 185 217 223 
14400 186 207 210 218 222 
14400 187 225 226 227 228 
14400 188 224 225 227 228 
14400 189 224 225 227 228 
14400 190 224 225 226 227 
14400 191 224 225 227 228 
14400 192 224 225 227 228 
14400 193 197 214 220 222 
14400 194 224 225 227 228 
14400 195 225 226 227 228 
14400 196 224 225 227 228 
14400 197 193 221 226 227 
14400 198 209 225 227 228 
14400 199 224 225 227 228 
14400 200 225 226 227 228 
14400 201 224 225 227 228 
14400 202 223 225 226 227 
14400 203 219 225 227 228 
14400 204 225 226 227 228 
14400 205 216 224 225 228 
14400 206 224 225 227 228 
14400 207 186 225 227 228 
14400 208 221 225 226 227 
14400 209 198 221 223 224 
14400 210 186 225 227 228 
14400 211 225 226 227 228 
14400 212 223 224 225 228 
14400 213 224 225 227 228 
14400 214 193 225 226 227 
14400 215 224 225 227 228 
14400 216 205 224 225 228 
14400 217 185 225 226 227 
14400 218 186 222 227 228 
14400 219 203 225 227 228 
14400 220 193 222 225 227 
14400 221 197 208 209 227 
14400 222 186 193 218 220 
14400 223 185 202 209 212 
14400 224 13 14 182 184 188 189 190 191 192 194 196 199 201 205 206 209 212 213 215 216 
14400 225 5 13 14 182 183 184 187 188 189 190 191 192 194 195 196 198 199 200 201 202 203 204 205 206 207 208 210 211 212 213 214 215 216 217 219 220 
14400 226 183 187 190 195 197 200 202 204 208 211 214 217 
14400 227 5 13 14 182 183 184 187 188 189 190 191 192 194 195 196 197 198 199 200 201 202 203 204 206 207 208 210 211 213 214 215 217 218 219 220 221 
14400 228 5 13 14 182 183 184 187 188 189 191 192 194 195 196 198 199 200 201 203 204 205 206 207 210 211 212 213 215 216 218 219 
14400 229 0 
14400 230 0 4 
14400 231 0 2 3 5 
14400 232 0 4 
14400 233 0 3 
14400 234 0 2 5 
14400 235 0 2 4 
14400 236 0 
14400 237 0 3 5 
14400 238 0 4 5 
14400 239 0 2 
14400 240 0 2 4 5 
14400 241 0 3 4 
14400 242 0 3 
14400 243 0 2 
14400 244 0 5 
14400 245 0 2 3 4 
14400 246 0 2 
14400 247 0 3 4 
14400 248 0 2 4 5 
14400 249 0 5 
14400 250 0 3 
14400 251 0 5 
14400 252 0 4 
14400 253 0 2 3 
14400 254 0 4 5 
14400 255 0 2 3 
14400 256 0 3 5 
14400 257 0 4 
14400 258 0 4 5 
16200 0 2 3 4 5 229 230 231 232 233 234 235 236 237 238 239 240 241 242 243 244 245 246 247 248 249 250 251 252 253 254 255 256 257 258 
16200 1 42 43 44 45 
16200 2 0 84 85 86 231 234 235 239 240 243 245 246 248 253 255 
16200 3 0 125 126 127 231 233 237 241 242 245 247 250 253 255 256 
16200 4 0 139 140 159 230 232 235 238 240 241 245 247 248 252 254 257 258 
16200 5 0 225 227 228 231 234 237 238 240 244 248 249 251 254 256 258 
16200 6 42 43 44 45 
16200 7 42 43 44 45 
16200 8 42 43 44 45 
16200 9 83 84 85 86 
16200 10 124 125 126 127 
16200 11 132 135 138 140 
16200 12 175 176 177 181 
16200 13 224 225 227 228 
16200 14 224 225 227 228 
16200 15 42 43 44 45 
16200 16 42 43 44 45 
16200 17 42 43 44 45 
16200 18 42 43 44 45 
16200 19 42 43 44 45 
16200 20 42 43 44 45 
16200 21 42 43 44 45 
16200 22 42 43 44 45 
16200 23 42 43 44 45 
16200 24 29 37 39 40 
16200 25 42 43 44 45 
16200 26 42 43 44 45 
16200 27 42 43 44 45 
16200 28 38 43 44 45 
16200 29 24 33 34 40 
16200 30 42 43 44 45 
16200 31 42 43 44 45 
16200 32 38 43 44 45 
16200 33 29 42 43 45 
16200 34 29 35 44 45 
16200 35 34 38 44 45 
16200 36 42 43 44 45 
16200 37 24 43 44 45 
16200 38 28 32 35 
16200 39 24 43 44 45 
16200 40 24 29 44 45 
16200 41 
16200 42 1 6 7 8 15 16 17 18 19 20 21 22 23 25 26 27 30 31 33 36 
16200 43 1 6 7 8 15 16 17 18 19 20 21 22 23 25 26 27 28 30 31 32 33 36 37 39 
16200 44 1 6 7 8 15 16 17 18 19 20 21 22 23 25 26 27 28 30 31 32 34 35 36 37 39 40 
16200 45 1 6 7 8 15 16 17 18 19 20 21 22 23 25 26 27 28 30 31 32 33 34 35 36 37 39 40 
16200 46 81 82 84 85 
16200 47 83 84 85 86 
16200 48 82 84 85 86 
16200 49 83 84 85 86 
16200 50 82 84 85 86 
16200 51 83 84 85 86 
16200 52 82 83 84 85 
16200 53 82 84 85 86 
16200 54 81 84 85 86 
16200 55 79 80 81 84 
16200 56 83 84 85 86 
16200 57 80 81 82 85 
16200 58 81 84 85 86 
16200 59 78 80 81 82 
16200 60 82 84 85 86 
16200 61 82 84 85 86 
16200 62 83 84 85 86 
16200 63 83 84 85 86 
16200 64 81 84 85 86 
16200 65 81 84 85 86 
16200 66 83 84 85 86 
16200 67 83 84 85 86 
16200 68 83 84 85 86 
16200 69 81 84 85 86 
16200 70 80 81 84 86 
16200 71 83 84 85 86 
16200 72 80 81 84 86 
16200 73 82 84 85 86 
16200 74 83 84 85 86 
16200 75 83 84 85 86 
16200 76 83 84 85 86 
16200 77 81 84 85 86 
16200 78 59 84 85 86 
16200 79 55 84 85 86 
16200 80 55 57 59 70 72 
16200 81 46 54 55 57 58 59 64 65 69 70 72 77 
16200 82 46 48 50 52 53 57 59 60 61 73 
16200 83 9 47 49 51 52 56 62 63 66 67 68 71 74 75 76 
16200 84 2 9 46 47 48 49 50 51 52 53 54 55 56 58 60 61 62 63 64 65 66 67 68 69 70 71 72 73 74 75 76 77 78 79 
16200 85 2 9 46 47 48 49 50 51 52 53 54 56 57 58 60 61 62 63 64 65 66 67 68 69 71 73 74 75 76 77 78 79 
16200 86 2 9 47 48 49 50 51 53 54 56 58 60 61 62 63 64 65 66 67 68 69 70 71 72 73 74 75 76 77 78 79 
16200 87 124 125 126 127 
16200 88 124 125 126 127 
16200 89 121 122 124 126 
16200 90 124 125 126 127 
16200 91 124 125 126 127 
16200 92 123 124 125 126 
16200 93 124 125 126 127 
16200 94 122 123 124 126 
16200 95 124 125 126 127 
16200 96 124 125 126 127 
16200 97 124 125 126 127 
16200 98 122 123 125 127 
16200 99 124 125 126 127 
16200 100 124 125 126 127 
16200 101 124 125 126 127 
16200 102 124 125 126 127 
16200 103 122 123 124 127 
16200 104 107 125 126 127 
16200 105 106 124 125 127 
16200 106 105 111 114 130 
16200 107 104 109 114 
16200 108 123 124 125 126 
16200 109 107 124 125 126 
16200 110 121 122 123 124 
16200 111 106 114 126 127 
16200 112 122 123 124 126 
16200 113 124 125 126 127 
16200 114 106 107 111 125 
16200 115 124 125 126 127 
16200 116 124 125 126 127 
16200 117 124 125 126 127 
16200 118 124 125 126 127 
16200 119 124 125 126 127 
16200 120 124 125 126 127 
16200 121 89 110 124 126 
16200 122 89 94 98 103 110 112 
16200 123 92 94 98 103 108 110 112 128 
16200 124 10 87 88 89 90 91 92 93 94 95 96 97 99 100 101 102 103 105 108 109 110 112 113 115 116 117 118 119 120 121 128 129 131 
16200 125 3 10 87 88 90 91 92 93 95 96 97 98 99 100 101 102 104 105 108 109 113 114 115 116 117 118 119 120 128 129 130 131 
16200 126 3 10 87 88 89 90 91 92 93 94 95 96 97 99 100 101 102 104 108 109 111 112 113 115 116 117 118 119 120 121 129 130 131 
16200 127 3 10 87 88 90 91 93 95 96 97 98 99 100 101 102 103 104 105 111 113 115 116 117 118 119 120 128 129 130 131 
16200 128 123 124 125 127 
16200 129 124 125 126 127 
16200 130 106 125 126 127 
16200 131 124 125 126 127 
16200 132 11 140 177 181 
16200 133 153 176 177 181 
16200 134 139 140 171 177 
16200 135 11 140 177 181 
16200 136 142 153 157 180 
16200 137 139 178 179 181 
16200 138 11 140 153 181 
16200 139 4 134 137 152 157 159 170 
16200 140 4 11 132 134 135 138 145 146 148 149 150 151 155 156 159 160 162 165 167 169 171 174 
16200 141 175 176 180 181 
16200 142 136 144 179 180 
16200 143 176 177 180 181 
16200 144 142 154 178 179 
16200 145 140 176 177 181 
16200 146 140 178 179 181 
16200 147 175 176 177 181 
16200 148 140 178 179 181 
16200 149 140 176 177 181 
16200 150 140 178 179 181 
16200 151 140 176 180 181 
16200 152 139 174 177 181 
16200 153 133 136 138 155 157 162 169 
16200 154 144 159 178 179 
16200 155 140 153 180 181 
16200 156 140 176 177 181 
16200 157 136 139 153 180 
16200 158 178 179 180 181 
16200 159 4 139 140 154 
16200 160 140 176 177 181 
16200 161 177 178 179 181 
16200 162 140 153 180 181 
16200 163 177 178 179 181 
16200 164 175 176 177 181 
16200 165 140 175 177 181 
16200 166 177 178 179 181 
16200 167 140 175 177 181 
16200 168 177 178 179 181 
16200 169 140 153 177 181 
16200 170 139 175 177 181 
16200 171 134 140 180 181 
16200 172 174 175 176 180 
16200 173 175 176 177 181 
16200 174 140 152 172 181 
16200 175 12 141 147 164 165 167 170 172 173 
16200 176 12 133 141 143 145 147 149 151 156 160 164 172 173 
16200 177 12 132 133 134 135 143 145 147 149 152 156 160 161 163 164 165 166 167 168 169 170 173 
16200 178 137 144 146 148 150 154 158 161 163 166 168 
16200 179 137 142 144 146 148 150 154 158 161 163 166 168 
16200 180 136 141 142 143 151 155 157 158 162 171 172 
16200 181 12 132 133 135 137 138 141 143 145 146 147 148 149 150 151 152 155 156 158 160 161 162 163 164 165 166 167 168 169 170 171 173 174 
16200 182 221 224 225 227 
16200 183 225 226 227 228 
16200 184 186 225 227 228 
16200 185 198 199 204 217 
16200 186 184 198 207 222 
16200 187 224 225 227 228 
16200 188 224 225 227 228 
16200 189 224 225 227 228 
16200 190 224 225 226 227 
16200 191 224 225 227 228 
16200 192 193 222 227 228 
16200 193 192 197 220 222 
16200 194 225 226 227 228 
16200 195 225 226 227 228 
16200 196 224 225 227 228 
16200 197 193 215 220 221 
16200 198 185 186 226 227 
16200 199 185 226 227 228 
16200 200 225 226 227 228 
16200 201 224 225 227 228 
16200 202 225 226 227 228 
16200 203 207 225 227 228 
16200 204 185 226 227 228 
16200 205 216 219 224 228 
16200 206 224 225 227 228 
16200 207 186 203 222 224 
16200 208 221 225 226 227 
16200 209 224 225 227 228 
16200 210 224 225 227 228 
16200 211 225 226 227 228 
16200 212 223 224 225 228 
16200 213 224 225 227 228 
16200 214 217 225 226 227 
16200 215 197 225 227 228 
16200 216 205 224 225 228 
16200 217 185 214 223 226 
16200 218 224 225 227 228 
16200 219 205 225 227 228 
16200 220 193 197 225 227 
16200 221 182 197 208 227 
16200 222 186 192 193 207 
16200 223 212 217 227 228 
16200 224 13 14 182 187 188 189 190 191 196 201 205 206 207 209 210 212 213 216 218 
16200 225 5 13 14 182 183 184 187 188 189 190 191 194 195 196 200 201 202 203 206 208 209 210 211 212 213 214 215 216 218 219 220 
16200 226 183 190 194 195 198 199 200 202 204 208 211 214 217 
16200 227 5 13 14 182 183 184 187 188 189 190 191 192 194 195 196 198 199 200 201 202 203 204 206 208 209 210 211 213 214 215 218 219 220 221 223 
16200 228 5 13 14 183 184 187 188 189 191 192 194 195 196 199 200 201 202 203 204 205 206 209 210 211 212 213 215 216 218 219 223 
16200 229 0 
16200 230 0 4 
16200 231 0 2 3 5 
16200 232 0 4 
16200 233 0 3 
16200 234 0 2 5 
16200 235 0 2 4 
16200 236 0 
16200 237 0 3 5 
16200 238 0 4 5 
16200 239 0 2 
16200 240 0 2 4 5 
16200 241 0 3 4 
16200 242 0 3 
16200 243 0 2 
16200 244 0 5 
16200 245 0 2 3 4 
16200 246 0 2 
16200 247 0 3 4 
16200 248 0 2 4 5 
16200 249 0 5 
16200 250 0 3 
16200 251 0 5 
16200 252 0 4 
16200 253 0 2 3 
16200 254 0 4 5 
16200 255 0 2 3 
16200 256 0 3 5 
16200 257 0 4 
16200 258 0 4 5 
18000 0 2 3 4 5 229 230 231 232 233 234 235 236 237 238 239 240 241 242 243 244 245 246 247 248 249 250 251 252 253 254 255 256 257 258 
18000 1 42 43 44 45 
18000 2 0 84 85 86 231 234 235 239 240 243 245 246 248 253 255 
18000 3 0 125 126 127 231 233 237 241 242 245 247 250 253 255 256 
18000 4 0 139 140 159 230 232 235 238 240 241 245 247 248 252 254 257 258 
18000 5 0 225 227 228 231 234 237 238 240 244 248 249 251 254 256 258 
18000 6 42 43 44 45 
18000 7 42 43 44 45 
18000 8 42 43 44 45 
18000 9 83 84 85 86 
18000 10 124 125 126 127 
18000 11 132 135 137 138 
18000 12 137 176 177 181 
18000 13 224 225 227 228 
18000 14 224 225 227 228 
18000 15 42 43 44 45 
18000 16 42 43 44 45 
18000 17 42 43 44 45 
18000 18 42 43 44 45 
18000 19 42 43 44 45 
18000 20 42 43 44 45 
18000 21 42 43 44 45 
18000 22 41 43 44 45 
18000 23 42 43 44 45 
18000 24 36 37 39 40 
18000 25 42 43 44 45 
18000 26 42 43 44 45 
18000 27 29 43 44 45 
18000 28 31 32 35 38 
18000 29 27 33 
18000 30 42 43 44 45 
18000 31 28 43 44 45 
18000 32 28 43 44 45 
18000 33 29 42 43 45 
18000 34 42 43 44 45 
18000 35 28 38 44 45 
18000 36 24 41 44 45 
18000 37 24 43 44 45 
18000 38 28 35 
18000 39 24 43 44 45 
18000 40 24 43 44 45 
18000 41 22 36 
18000 42 1 6 7 8 15 16 17 18 19 20 21 23 25 26 30 33 34 
18000 43 1 6 7 8 15 16 17 18 19 20 21 22 23 25 26 27 30 31 32 33 34 37 39 40 
18000 44 1 6 7 8 15 16 17 18 19 20 21 22 23 25 26 27 30 31 32 34 35 36 37 39 40 
18000 45 1 6 7 8 15 16 17 18 19 20 21 22 23 25 26 27 30 31 32 33 34 35 36 37 39 40 
18000 46 81 82 84 85 
18000 47 83 84 85 86 
18000 48 82 84 85 86 
18000 49 83 84 85 86 
18000 50 82 84 85 86 
18000 51 83 84 85 86 
18000 52 82 83 84 85 
18000 53 82 84 85 86 
18000 54 81 84 85 86 
18000 55 80 81 84 85 
18000 56 83 84 85 86 
18000 57 80 81 82 85 
18000 58 81 84 85 86 
18000 59 78 80 81 82 
18000 60 82 84 85 86 
18000 61 82 84 85 86 
18000 62 83 84 85 86 
18000 63 83 84 85 86 
18000 64 81 84 85 86 
18000 65 81 84 85 86 
18000 66 83 84 85 86 
18000 67 83 84 85 86 
18000 68 83 84 85 86 
18000 69 81 84 85 86 
18000 70 81 84 85 86 
18000 71 83 84 85 86 
18000 72 81 84 85 86 
18000 73 82 84 85 86 
18000 74 83 84 85 86 
18000 75 83 84 85 86 
18000 76 83 84 85 86 
18000 77 81 84 85 86 
18000 78 59 84 85 86 
18000 79 83 84 85 86 
18000 80 55 57 59 86 
18000 81 46 54 55 57 58 59 64 65 69 70 72 77 
18000 82 46 48 50 52 53 57 59 60 61 73 
18000 83 9 47 49 51 52 56 62 63 66 67 68 71 74 75 76 79 
18000 84 2 9 46 47 48 49 50 51 52 53 54 55 56 58 60 61 62 63 64 65 66 67 68 69 70 71 72 73 74 75 76 77 78 79 
18000 85 2 9 46 47 48 49 50 51 52 53 54 55 56 57 58 60 61 62 63 64 65 66 67 68 69 70 71 72 73 74 75 76 77 78 79 
18000 86 2 9 47 48 49 50 51 53 54 56 58 60 61 62 63 64 65 66 67 68 69 70 71 72 73 74 75 76 77 78 79 80 
18000 87 124 125 126 127 
18000 88 124 125 126 127 
18000 89 117 121 124 126 
18000 90 124 125 126 127 
18000 91 124 125 126 127 
18000 92 123 124 125 126 
18000 93 124 125 126 127 
18000 94 123 124 126 127 
18000 95 124 125 126 127 
18000 96 124 125 126 127 
18000 97 124 125 126 127 
18000 98 122 123 125 127 
18000 99 124 125 126 127 
18000 100 124 125 126 127 
18000 101 124 125 126 127 
18000 102 124 125 126 127 
18000 103 122 123 124 127 
18000 104 124 125 126 127 
18000 105 123 124 125 127 
18000 106 111 114 
18000 107 109 114 
18000 108 123 124 125 126 
18000 109 107 124 125 126 
18000 110 121 122 123 124 
18000 111 106 114 126 127 
18000 112 122 123 124 126 
18000 113 124 125 126 127 
18000 114 106 107 111 125 
18000 115 124 125 126 127 
18000 116 124 125 126 127 
18000 117 89 125 126 127 
18000 118 124 125 126 127 
18000 119 124 125 126 127 
18000 120 124 125 126 127 
18000 121 89 110 124 126 
18000 122 98 103 110 112 128 
18000 123 92 94 98 103 105 108 110 112 128 
18000 124 10 87 88 89 90 91 92 93 94 95 96 97 99 100 101 102 103 104 105 108 109 110 112 113 115 116 118 119 120 121 129 130 131 
18000 125 3 10 87 88 90 91 92 93 95 96 97 98 99 100 101 102 104 105 108 109 113 114 115 116 117 118 119 120 128 129 130 131 
18000 126 3 10 87 88 89 90 91 92 93 94 95 96 97 99 100 101 102 104 108 109 111 112 113 115 116 117 118 119 120 121 129 130 131 
18000 127 3 10 87 88 90 91 93 94 95 96 97 98 99 100 101 102 103 104 105 111 113 115 116 117 118 119 120 128 129 130 131 
18000 128 122 123 125 127 
18000 129 124 125 126 127 
18000 130 124 125 126 127 
18000 131 124 125 126 127 
18000 132 11 134 140 181 
18000 133 140 176 177 181 
18000 134 132 152 165 170 
18000 135 11 140 177 181 
18000 136 153 155 157 180 
18000 137 11 12 153 181 
18000 138 11 140 153 181 
18000 139 4 140 159 179 
18000 140 4 132 133 135 138 139 143 146 147 148 149 150 151 152 156 158 159 160 161 162 164 165 166 167 168 169 170 171 172 173 174 175 
18000 141 174 175 176 180 
18000 142 155 178 179 180 
18000 143 140 177 180 181 
18000 144 177 178 179 181 
18000 145 177 178 179 181 
18000 146 140 178 179 181 
18000 147 140 153 177 181 
18000 148 140 178 179 181 
18000 149 140 176 177 181 
18000 150 140 178 179 181 
18000 151 140 176 177 181 
18000 152 134 140 177 181 
18000 153 136 137 138 147 155 157 169 
18000 154 159 168 178 179 
18000 155 136 142 153 157 
18000 156 140 176 177 181 
18000 157 136 153 155 180 
18000 158 140 178 179 180 
18000 159 4 139 140 154 
18000 160 140 176 177 181 
18000 161 140 178 179 181 
18000 162 140 177 180 181 
18000 163 177 178 179 181 
18000 164 140 176 177 181 
18000 165 134 140 177 181 
18000 166 140 178 179 181 
18000 167 140 176 177 181 
18000 168 140 154 178 179 
18000 169 140 153 177 181 
18000 170 134 140 177 181 
18000 171 140 175 176 180 
18000 172 140 176 180 181 
18000 173 140 176 177 181 
18000 174 140 141 177 181 
18000 175 140 141 171 181 
18000 176 12 133 141 149 151 156 160 164 167 171 172 173 
18000 177 12 133 135 143 144 145 147 149 151 152 156 160 162 163 164 165 167 169 170 173 174 
18000 178 142 144 145 146 148 150 154 158 161 163 166 168 
18000 179 139 142 144 145 146 148 150 154 158 161 163 166 168 
18000 180 136 141 142 143 157 158 162 171 172 
18000 181 12 132 133 135 137 138 143 144 145 146 147 148 149 150 151 152 156 160 161 162 163 164 165 166 167 169 170 172 173 174 175 
18000 182 221 224 225 227 
18000 183 225 226 227 228 
18000 184 223 224 225 228 
18000 185 204 217 
18000 186 193 207 222 227 
18000 187 224 225 227 228 
18000 188 223 224 225 228 
18000 189 224 225 227 228 
18000 190 222 224 225 227 
18000 191 224 225 227 228 
18000 192 224 225 227 228 
18000 193 186 197 220 222 
18000 194 224 225 227 228 
18000 195 225 226 227 228 
18000 196 224 225 227 228 
18000 197 193 216 220 221 
18000 198 224 225 227 228 
18000 199 224 225 227 228 
18000 200 225 226 227 228 
18000 201 223 224 225 228 
18000 202 223 225 226 227 
18000 203 224 225 227 228 
18000 204 185 225 226 228 
18000 205 224 225 227 228 
18000 206 224 225 227 228 
18000 207 186 222 224 227 
18000 208 221 225 226 227 
18000 209 223 
18000 210 224 225 227 228 
18000 211 217 226 227 228 
18000 212 223 224 225 228 
18000 213 224 225 227 228 
18000 214 217 225 226 227 
18000 215 224 225 227 228 
18000 216 197 224 225 228 
18000 217 185 211 214 226 
18000 218 224 225 227 228 
18000 219 224 225 227 228 
18000 220 193 197 225 227 
18000 221 182 197 208 227 
18000 222 186 190 193 207 
18000 223 184 188 201 202 209 212 
18000 224 13 14 182 184 187 188 189 190 191 192 194 196 198 199 201 203 205 206 207 210 212 213 215 216 218 219 
18000 225 5 13 14 182 183 184 187 188 189 190 191 192 194 195 196 198 199 200 201 202 203 204 205 206 208 210 212 213 214 215 216 218 219 220 
18000 226 183 195 200 202 204 208 211 214 217 
18000 227 5 13 14 182 183 186 187 189 190 191 192 194 195 196 198 199 200 202 203 205 206 207 208 210 211 213 214 215 218 219 220 221 
18000 228 5 13 14 183 184 187 188 189 191 192 194 195 196 198 199 200 201 203 204 205 206 210 211 212 213 215 216 218 219 
18000 229 0 
18000 230 0 4 
18000 231 0 2 3 5 
18000 232 0 4 
18000 233 0 3 
18000 234 0 2 5 
18000 235 0 2 4 
18000 236 0 
18000 237 0 3 5 
18000 238 0 4 5 
18000 239 0 2 
18000 240 0 2 4 5 
18000 241 0 3 4 
18000 242 0 3 
18000 243 0 2 
18000 244 0 5 
18000 245 0 2 3 4 
18000 246 0 2 
18000 247 0 3 4 
18000 248 0 2 4 5 
18000 249 0 5 
18000 250 0 3 
18000 251 0 5 
18000 252 0 4 
18000 253 0 2 3 
18000 254 0 4 5 
18000 255 0 2 3 
18000 256 0 3 5 
18000 257 0 4 
18000 258 0 4 5 
