0 21600
1800 0 
1800 1 10 38 
1800 2 65 67 75 96 
1800 3 19 112 115 128 
1800 4 143 151 156 178 
1800 5 193 196 203 208 
1800 6 29 33 44 53 
1800 7 54 56 57 58 
1800 8 26 29 48 58 
1800 9 42 44 52 58 
1800 10 1 27 52 56 
1800 11 65 78 88 96 
1800 12 13 76 98 99 
1800 13 12 76 83 90 
1800 14 74 75 86 87 
1800 15 114 127 132 133 
1800 16 107 116 130 131 
1800 17 103 104 131 132 
1800 18 109 110 116 124 137 
1800 19 3 116 128 130 
1800 20 141 150 164 177 
1800 21 189 192 197 201 
1800 22 198 201 204 205 
1800 23 24 202 203 210 
1800 24 23 189 202 207 
1800 25 48 
1800 26 8 39 49 50 
1800 27 10 47 56 58 
1800 28 
1800 29 6 8 42 46 55 57 
1800 30 
1800 31 43 54 
1800 32 
1800 33 6 40 42 53 
1800 34 
1800 35 39 40 57 
1800 36 43 
1800 37 44 47 59 
1800 38 1 50 56 58 
1800 39 26 35 51 54 
1800 40 33 35 45 47 
1800 41 
1800 42 9 29 33 56 
1800 43 31 36 48 59 
1800 44 6 9 37 45 
1800 45 40 44 48 50 59 
1800 46 29 
1800 47 27 37 40 58 
1800 48 8 25 43 45 
1800 49 26 58 
1800 50 26 38 45 59 
1800 51 39 60 
1800 52 9 10 
1800 53 6 33 
1800 54 7 31 39 55 
1800 55 29 54 
1800 56 7 10 27 38 42 
1800 57 7 29 35 
1800 58 7 8 9 27 38 47 49 
1800 59 37 43 45 50 
1800 60 51 
1800 61 72 91 93 98 
1800 62 78 88 89 101 
1800 63 68 87 95 99 
1800 64 70 80 81 98 
1800 65 2 11 69 80 
1800 66 94 95 96 101 
1800 67 2 75 86 98 
1800 68 63 69 71 73 
1800 69 65 68 96 100 
1800 70 64 77 83 88 
1800 71 68 72 84 100 
1800 72 61 71 74 93 
1800 73 68 87 95 99 
1800 74 14 72 93 98 
1800 75 2 14 67 101 
1800 76 12 13 85 100 
1800 77 70 84 87 99 
1800 78 11 62 81 88 
1800 79 90 
1800 80 64 65 91 98 
1800 81 64 78 83 84 86 89 
1800 82 
1800 83 13 70 81 101 
1800 84 71 77 81 90 
1800 85 76 
1800 86 14 67 81 100 
1800 87 14 63 73 77 
1800 88 11 62 70 78 
1800 89 62 81 90 100 
1800 90 13 79 84 89 
1800 91 61 80 93 96 
1800 92 
1800 93 61 72 74 91 
1800 94 66 
1800 95 63 66 73 101 
1800 96 2 11 66 69 91 
1800 97 
1800 98 12 61 64 67 74 80 
1800 99 12 63 73 77 
1800 100 69 71 76 86 89 
1800 101 62 66 75 83 95 
1800 102 
1800 103 17 109 120 129 
1800 104 17 113 116 135 
1800 105 110 117 120 135 
1800 106 
1800 107 16 110 119 120 
1800 108 124 
1800 109 18 103 118 
1800 110 18 105 107 132 
1800 111 118 120 128 
1800 112 3 118 127 135 
1800 113 104 129 
1800 114 15 
1800 115 3 127 
1800 116 16 18 19 104 
1800 117 105 
1800 118 109 111 112 135 137 
1800 119 107 120 
1800 120 103 105 107 111 119 124 
1800 121 123 
1800 122 136 
1800 123 121 130 
1800 124 18 108 120 127 
1800 125 
1800 126 
1800 127 15 112 115 124 131 133 
1800 128 3 19 111 132 
1800 129 103 113 136 138 
1800 130 16 19 123 137 
1800 131 16 17 127 136 
1800 132 15 17 110 128 
1800 133 15 127 137 
1800 134 
1800 135 104 105 112 118 
1800 136 122 129 131 
1800 137 18 118 130 133 
1800 138 129 
1800 139 146 168 171 172 
1800 140 157 175 
1800 141 20 154 175 180 
1800 142 161 164 173 175 
1800 143 4 144 153 
1800 144 143 163 176 179 
1800 145 157 166 171 174 
1800 146 139 153 157 172 
1800 147 155 159 
1800 148 149 151 155 163 165 182 
1800 149 148 153 172 174 
1800 150 20 164 167 181 
1800 151 4 148 171 177 
1800 152 158 166 168 177 
1800 153 143 146 149 160 
1800 154 141 169 178 181 
1800 155 147 148 157 170 
1800 156 4 157 160 179 
1800 157 140 145 146 155 156 182 
1800 158 152 165 169 176 
1800 159 147 164 170 174 
1800 160 153 156 162 173 
1800 161 142 171 177 
1800 162 160 163 
1800 163 144 148 162 
1800 164 20 142 150 159 
1800 165 148 158 179 
1800 166 145 152 169 181 
1800 167 150 171 172 182 
1800 168 139 152 171 175 
1800 169 154 158 166 170 
1800 170 155 159 169 180 
1800 171 139 145 151 161 167 168 
1800 172 139 146 149 167 178 
1800 173 142 160 175 176 
1800 174 145 149 159 180 
1800 175 140 141 142 168 173 179 
1800 176 144 158 173 
1800 177 20 151 152 161 181 
1800 178 4 154 172 
1800 179 144 156 165 175 
1800 180 141 170 174 182 
1800 181 150 154 166 177 
1800 182 148 157 167 180 
1800 183 185 192 202 204 
1800 184 187 193 196 
1800 185 183 218 
1800 186 
1800 187 184 192 194 202 
1800 188 198 205 214 
1800 189 21 24 210 211 219 
1800 190 191 
1800 191 190 194 195 212 
1800 192 21 183 187 212 
1800 193 5 184 204 216 
1800 194 187 191 196 201 211 
1800 195 191 212 216 218 
1800 196 5 184 194 208 
1800 197 21 
1800 198 22 188 214 215 
1800 199 
1800 200 205 
1800 201 21 22 194 203 
1800 202 23 24 183 187 216 
1800 203 5 23 201 213 
1800 204 22 183 193 
1800 205 22 188 200 218 
1800 206 207 
1800 207 24 206 208 217 
1800 208 5 196 207 217 
1800 209 
1800 210 23 189 
1800 211 189 194 214 
1800 212 191 192 195 
1800 213 203 
1800 214 188 198 211 219 
1800 215 198 
1800 216 193 195 202 
1800 217 207 208 
1800 218 185 195 205 
1800 219 189 214 
3600 0 
3600 1 5 26 44 60 221 222 223 224 226 228 230 232 233 235 238 239 240 241 243 244 245 246 
3600 2 68 80 93 96 
3600 3 110 112 123 136 
3600 4 148 150 160 170 
3600 5 1 21 217 221 222 224 225 227 229 231 235 237 238 239 241 243 244 245 247 248 
3600 6 38 45 58 59 
3600 7 26 31 43 
3600 8 31 48 52 60 
3600 9 33 38 40 56 
3600 10 27 33 40 47 
3600 11 69 77 86 99 
3600 12 61 71 81 89 
3600 13 76 90 91 100 
3600 14 74 77 81 88 
3600 15 111 123 128 130 
3600 16 17 18 104 105 
3600 17 16 129 
3600 18 16 104 105 
3600 19 105 116 127 130 
3600 20 146 154 173 174 
3600 21 5 187 202 206 
3600 22 183 206 211 212 
3600 23 183 192 206 217 
3600 24 188 204 212 214 
3600 25 49 57 59 
3600 26 1 7 40 50 
3600 27 10 49 
3600 28 
3600 29 31 42 52 57 
3600 30 42 53 54 59 
3600 31 7 8 29 58 
3600 32 
3600 33 9 10 56 
3600 34 
3600 35 39 44 
3600 36 43 
3600 37 47 58 60 
3600 38 6 9 51 
3600 39 35 48 59 
3600 40 9 10 26 56 
3600 41 
3600 42 29 30 49 57 
3600 43 7 36 45 47 
3600 44 1 35 60 
3600 45 6 43 
3600 46 55 
3600 47 10 37 43 59 
3600 48 8 39 51 54 
3600 49 25 27 42 50 
3600 50 26 49 
3600 51 38 48 52 60 
3600 52 8 29 51 56 
3600 53 30 57 
3600 54 30 48 
3600 55 46 
3600 56 9 33 40 52 
3600 57 25 29 42 53 
3600 58 6 31 37 
3600 59 6 25 30 39 47 
3600 60 1 8 37 44 51 
3600 61 12 80 83 88 
3600 62 63 70 91 93 
3600 63 62 73 95 98 
3600 64 71 75 80 88 
3600 65 79 81 96 101 
3600 66 68 69 
3600 67 86 93 96 101 
3600 68 2 66 73 76 
3600 69 11 66 98 99 
3600 70 62 
3600 71 12 64 84 87 
3600 72 82 83 87 95 
3600 73 63 68 75 84 
3600 74 14 86 88 94 
3600 75 64 73 88 99 
3600 76 13 68 86 90 
3600 77 11 14 93 96 
3600 78 86 93 
3600 79 65 80 
3600 80 2 61 64 79 87 97 
3600 81 12 14 65 87 
3600 82 72 93 100 
3600 83 61 72 86 90 
3600 84 71 73 98 101 
3600 85 97 
3600 86 11 67 74 76 78 83 
3600 87 71 72 80 81 
3600 88 14 61 64 74 75 
3600 89 12 95 97 101 
3600 90 13 76 83 91 
3600 91 13 62 90 98 
3600 92 
3600 93 2 62 67 77 78 82 95 
3600 94 74 
3600 95 63 72 89 93 
3600 96 2 65 67 77 
3600 97 80 85 89 99 
3600 98 63 69 84 91 100 
3600 99 11 69 75 97 
3600 100 13 82 98 
3600 101 65 67 84 89 
3600 102 
3600 103 109 111 118 124 
3600 104 16 18 116 132 135 
3600 105 16 18 19 120 123 130 132 135 137 
3600 106 
3600 107 125 128 
3600 108 118 119 127 136 
3600 109 103 115 116 134 
3600 110 3 113 120 137 
3600 111 15 103 128 132 
3600 112 3 114 121 129 136 
3600 113 110 138 
3600 114 112 137 
3600 115 109 131 133 
3600 116 19 104 109 124 
3600 117 134 
3600 118 103 108 137 
3600 119 108 
3600 120 105 110 122 133 
3600 121 112 130 
3600 122 120 
3600 123 3 15 105 
3600 124 103 116 127 129 
3600 125 107 135 
3600 126 136 
3600 127 19 108 124 133 
3600 128 15 107 111 131 
3600 129 17 112 124 132 
3600 130 15 19 105 121 
3600 131 115 128 
3600 132 104 105 111 129 
3600 133 115 120 127 135 
3600 134 109 117 
3600 135 104 105 125 133 
3600 136 3 108 112 126 
3600 137 105 110 114 118 
3600 138 113 
3600 139 153 
3600 140 160 161 180 182 
3600 141 148 
3600 142 148 156 161 176 
3600 143 161 168 181 
3600 144 162 175 181 
3600 145 149 157 170 175 
3600 146 20 149 156 167 
3600 147 
3600 148 4 141 142 153 159 177 182 
3600 149 145 146 168 175 
3600 150 4 151 157 172 
3600 151 150 153 174 180 
3600 152 162 163 175 178 
3600 153 139 148 151 175 
3600 154 20 177 
3600 155 167 180 181 
3600 156 142 146 172 174 
3600 157 145 150 163 173 
3600 158 167 
3600 159 148 167 178 179 
3600 160 4 140 168 179 
3600 161 140 142 143 182 
3600 162 144 152 175 
3600 163 152 157 166 169 
3600 164 170 171 177 180 
3600 165 167 174 176 
3600 166 163 181 
3600 167 146 155 158 159 165 
3600 168 143 149 160 178 
3600 169 163 171 172 179 
3600 170 4 145 164 177 
3600 171 164 169 175 178 
3600 172 150 156 169 
3600 173 20 157 175 179 
3600 174 20 151 156 165 
3600 175 144 145 149 152 153 162 171 173 
3600 176 142 165 178 180 
3600 177 148 154 164 170 
3600 178 152 159 168 171 176 182 
3600 179 159 160 169 173 
3600 180 140 151 155 164 176 
3600 181 143 144 155 166 
3600 182 140 148 161 178 
3600 183 22 23 212 216 
3600 184 196 203 210 215 
3600 185 214 218 
3600 186 
3600 187 21 203 210 217 
3600 188 24 198 207 211 
3600 189 202 
3600 190 191 205 
3600 191 190 194 205 211 
3600 192 23 214 
3600 193 204 215 
3600 194 191 195 207 216 
3600 195 194 198 202 215 
3600 196 184 201 
3600 197 198 215 
3600 198 188 195 197 212 
3600 199 200 205 
3600 200 199 
3600 201 196 206 208 210 
3600 202 21 189 195 207 213 219 
3600 203 184 187 
3600 204 24 193 210 216 
3600 205 190 191 199 212 
3600 206 21 22 23 201 
3600 207 188 194 202 212 
3600 208 201 215 216 217 
3600 209 
3600 210 184 187 201 204 219 
3600 211 22 188 191 219 
3600 212 22 24 183 198 205 207 
3600 213 202 
3600 214 24 185 192 219 
3600 215 184 193 195 197 208 
3600 216 183 194 204 208 
3600 217 5 23 187 208 
3600 218 185 
3600 219 202 210 211 214 
3600 221 1 5 
3600 222 1 5 
3600 223 1 
3600 224 1 5 
3600 225 5 
3600 226 1 
3600 227 5 
3600 228 1 
3600 229 5 
3600 230 1 
3600 231 5 
3600 232 1 
3600 233 1 
3600 235 1 5 
3600 237 5 
3600 238 1 5 
3600 239 1 5 
3600 240 1 
3600 241 1 5 
3600 243 1 5 
3600 244 1 5 
3600 245 1 5 
3600 246 1 
3600 247 5 
3600 248 5 
5400 0 2 220 221 222 223 224 225 226 227 228 229 230 231 232 233 234 235 236 237 238 239 240 241 242 243 244 245 246 247 248 249 
5400 1 33 42 44 50 
5400 2 0 14 80 88 221 222 224 226 228 229 230 231 234 236 238 239 241 243 244 245 246 
5400 3 16 112 124 137 
5400 4 5 161 165 170 220 222 223 225 226 227 229 230 232 234 236 237 239 241 242 244 245 246 247 249 
5400 5 4 204 221 222 224 225 227 229 231 235 237 238 239 241 243 244 245 247 248 
5400 6 29 42 43 56 59 
5400 7 8 40 53 57 
5400 8 7 39 48 53 
5400 9 31 51 57 60 
5400 10 26 44 
5400 11 72 75 84 101 
5400 12 81 84 99 101 
5400 13 73 81 86 93 
5400 14 2 71 93 101 
5400 15 114 128 130 136 
5400 16 3 109 114 124 136 
5400 17 19 107 118 
5400 18 19 120 128 
5400 19 17 18 130 133 136 
5400 20 140 165 169 176 
5400 21 23 183 198 214 
5400 22 195 208 212 
5400 23 21 214 216 217 
5400 24 191 194 201 217 
5400 25 30 33 39 51 
5400 26 10 36 49 57 
5400 27 45 49 50 58 
5400 28 
5400 29 6 34 42 
5400 30 25 56 
5400 31 9 48 52 54 59 
5400 32 
5400 33 1 25 40 58 
5400 34 29 
5400 35 40 52 53 59 
5400 36 26 50 
5400 37 59 60 
5400 38 39 48 57 60 
5400 39 8 25 38 
5400 40 7 33 35 44 45 
5400 41 
5400 42 1 6 29 
5400 43 6 50 
5400 44 1 10 40 
5400 45 27 40 
5400 46 
5400 47 
5400 48 8 31 38 57 
5400 49 26 27 50 52 
5400 50 1 27 36 43 49 
5400 51 9 25 53 60 
5400 52 31 35 49 
5400 53 7 8 35 51 56 
5400 54 31 55 57 
5400 55 54 
5400 56 6 30 53 
5400 57 7 9 26 38 48 54 
5400 58 27 33 
5400 59 6 31 35 37 
5400 60 9 37 38 51 
5400 61 63 96 99 101 
5400 62 68 71 72 81 
5400 63 61 68 71 73 75 
5400 64 69 79 97 100 
5400 65 81 88 96 97 
5400 66 87 88 99 100 
5400 67 68 76 93 95 
5400 68 62 63 67 72 
5400 69 64 81 95 101 
5400 70 71 83 90 93 
5400 71 14 62 63 70 
5400 72 11 62 68 101 
5400 73 13 63 84 88 
5400 74 77 82 87 98 
5400 75 11 63 77 
5400 76 67 77 78 86 
5400 77 74 75 76 95 
5400 78 76 94 98 101 
5400 79 64 81 
5400 80 2 90 95 99 
5400 81 12 13 62 65 69 79 91 100 
5400 82 74 84 87 
5400 83 70 101 
5400 84 11 12 73 82 96 
5400 85 
5400 86 13 76 89 95 
5400 87 66 74 82 101 
5400 88 2 65 66 73 98 
5400 89 86 90 91 95 
5400 90 70 80 89 101 
5400 91 81 89 95 99 
5400 92 
5400 93 13 14 67 70 
5400 94 78 
5400 95 67 69 77 80 86 89 91 98 
5400 96 61 65 84 
5400 97 64 65 99 
5400 98 74 78 88 95 
5400 99 12 61 66 80 91 97 100 
5400 100 64 66 81 99 
5400 101 11 12 14 61 69 72 78 83 87 90 
5400 102 130 
5400 103 111 112 128 135 
5400 104 113 120 135 
5400 105 111 112 116 138 
5400 106 
5400 107 17 119 126 136 
5400 108 110 118 132 138 
5400 109 16 131 135 137 
5400 110 108 113 118 133 
5400 111 103 105 131 138 
5400 112 3 103 105 120 137 
5400 113 104 110 128 
5400 114 15 16 
5400 115 125 
5400 116 105 135 137 
5400 117 
5400 118 17 108 110 
5400 119 107 
5400 120 18 104 112 138 
5400 121 123 
5400 122 129 
5400 123 121 130 
5400 124 3 16 126 128 
5400 125 115 135 
5400 126 107 124 
5400 127 131 
5400 128 15 18 103 113 124 
5400 129 122 
5400 130 15 19 102 123 
5400 131 109 111 127 138 
5400 132 108 
5400 133 19 110 
5400 134 
5400 135 103 104 109 116 125 
5400 136 15 16 19 107 
5400 137 3 109 112 116 
5400 138 105 108 111 120 131 
5400 139 140 146 164 
5400 140 20 139 161 180 
5400 141 164 177 
5400 142 148 156 170 172 
5400 143 149 157 159 181 
5400 144 158 160 162 168 
5400 145 157 176 177 
5400 146 139 156 159 160 
5400 147 
5400 148 142 149 171 181 
5400 149 143 148 173 176 
5400 150 151 164 175 179 
5400 151 150 166 170 176 
5400 152 160 164 175 182 
5400 153 161 164 168 173 
5400 154 157 163 168 176 
5400 155 161 169 175 179 
5400 156 142 146 165 172 180 
5400 157 143 145 154 169 
5400 158 144 163 177 178 
5400 159 143 146 176 
5400 160 144 146 152 167 
5400 161 4 140 153 155 172 
5400 162 144 
5400 163 154 158 170 177 
5400 164 139 141 150 152 153 
5400 165 4 20 156 179 
5400 166 151 167 179 182 
5400 167 160 166 171 177 
5400 168 144 153 154 171 172 173 
5400 169 20 155 157 176 
5400 170 4 142 151 163 
5400 171 148 167 168 178 
5400 172 142 156 161 168 
5400 173 149 153 168 182 
5400 174 179 180 181 
5400 175 150 152 155 181 
5400 176 20 145 149 151 154 159 169 
5400 177 141 145 158 163 167 
5400 178 158 171 179 182 
5400 179 150 155 165 166 174 178 
5400 180 140 156 174 181 
5400 181 143 148 174 175 180 
5400 182 152 166 173 178 
5400 183 21 192 198 208 
5400 184 196 206 214 217 
5400 185 188 207 211 
5400 186 
5400 187 192 
5400 188 185 191 207 219 
5400 189 210 214 217 
5400 190 195 200 205 
5400 191 24 188 210 
5400 192 183 187 200 202 203 216 
5400 193 197 204 212 214 
5400 194 24 
5400 195 22 190 198 211 
5400 196 184 
5400 197 193 201 202 215 
5400 198 21 183 195 202 211 
5400 199 
5400 200 190 192 218 
5400 201 24 197 
5400 202 192 197 198 
5400 203 192 208 217 219 
5400 204 5 193 208 215 
5400 205 190 
5400 206 184 
5400 207 185 188 210 212 
5400 208 22 183 203 204 
5400 209 212 
5400 210 189 191 207 215 
5400 211 185 195 198 219 
5400 212 22 193 207 209 218 219 
5400 213 
5400 214 21 23 184 189 193 
5400 215 197 204 210 216 
5400 216 23 192 215 
5400 217 23 24 184 189 203 
5400 218 200 212 
5400 219 188 203 211 212 
5400 220 0 4 
5400 221 0 2 5 
5400 222 0 2 4 5 
5400 223 0 4 
5400 224 0 2 5 
5400 225 0 4 5 
5400 226 0 2 4 
5400 227 0 4 5 
5400 228 0 2 
5400 229 0 2 4 5 
5400 230 0 2 4 
5400 231 0 2 5 
5400 232 0 4 
5400 233 0 
5400 234 0 2 4 
5400 235 0 5 
5400 236 0 2 4 
5400 237 0 4 5 
5400 238 0 2 5 
5400 239 0 2 4 5 
5400 240 0 
5400 241 0 2 4 5 
5400 242 0 4 
5400 243 0 2 5 
5400 244 0 2 4 5 
5400 245 0 2 4 5 
5400 246 0 2 4 
5400 247 0 4 5 
5400 248 0 5 
5400 249 0 4 
7200 0 4 220 221 222 223 224 225 226 227 228 229 230 231 232 233 234 235 236 237 238 239 240 241 242 243 244 245 246 247 248 249 
7200 1 5 26 31 35 221 222 223 224 226 228 230 232 233 235 238 239 240 241 243 244 245 246 
7200 2 77 83 95 99 
7200 3 104 115 118 130 
7200 4 0 152 171 182 220 222 223 225 226 227 229 230 232 234 236 237 239 241 242 244 245 246 247 249 
7200 5 1 22 215 219 221 222 224 225 227 229 231 235 237 238 239 241 243 244 245 247 248 
7200 6 27 29 43 59 
7200 7 47 50 58 59 
7200 8 9 35 40 44 
7200 9 8 10 39 42 
7200 10 9 25 49 60 
7200 11 76 87 98 99 
7200 12 63 64 72 75 
7200 13 65 80 81 84 
7200 14 73 81 
7200 15 17 127 137 
7200 16 18 19 107 115 
7200 17 15 105 108 137 
7200 18 16 109 115 135 
7200 19 16 105 110 133 
7200 20 148 153 155 166 
7200 21 204 216 
7200 22 5 24 188 191 
7200 23 210 212 215 217 
7200 24 22 185 
7200 25 10 31 39 44 
7200 26 1 29 50 51 
7200 27 6 30 37 57 60 
7200 28 
7200 29 6 26 50 51 
7200 30 27 35 
7200 31 1 25 42 48 
7200 32 
7200 33 39 40 45 56 
7200 34 
7200 35 1 8 30 38 
7200 36 40 
7200 37 27 48 
7200 38 35 50 54 59 
7200 39 9 25 33 
7200 40 8 33 36 42 48 57 
7200 41 
7200 42 9 31 40 52 
7200 43 6 49 53 56 
7200 44 8 25 
7200 45 33 47 50 58 
7200 46 
7200 47 7 45 57 
7200 48 31 37 40 49 
7200 49 10 43 48 53 
7200 50 7 26 29 38 45 52 
7200 51 26 29 53 54 
7200 52 42 50 56 57 
7200 53 43 49 51 56 
7200 54 38 51 55 56 
7200 55 54 
7200 56 33 43 52 53 54 
7200 57 27 40 47 52 
7200 58 7 45 59 
7200 59 6 7 38 58 
7200 60 10 27 
7200 61 68 91 97 101 
7200 62 66 78 86 90 
7200 63 12 65 68 78 79 91 
7200 64 12 67 79 83 
7200 65 13 63 70 75 
7200 66 62 77 83 90 
7200 67 64 80 87 101 
7200 68 61 63 81 90 
7200 69 75 77 87 100 
7200 70 65 77 93 98 
7200 71 73 81 86 95 
7200 72 12 84 88 99 
7200 73 14 71 89 99 
7200 74 82 87 88 98 
7200 75 12 65 69 79 
7200 76 11 90 97 
7200 77 2 66 69 70 
7200 78 62 63 86 94 
7200 79 63 64 75 
7200 80 13 67 88 96 
7200 81 13 14 68 71 
7200 82 74 84 
7200 83 2 64 66 91 93 
7200 84 13 72 82 95 101 
7200 85 
7200 86 62 71 78 89 100 
7200 87 11 67 69 74 94 100 
7200 88 72 74 80 101 
7200 89 73 86 95 99 
7200 90 62 66 68 76 96 
7200 91 61 63 83 96 
7200 92 
7200 93 70 83 98 
7200 94 78 87 96 
7200 95 2 71 84 89 
7200 96 80 90 91 94 
7200 97 61 76 
7200 98 11 70 74 93 
7200 99 2 11 72 73 89 
7200 100 69 86 87 
7200 101 61 67 84 88 
7200 102 121 123 134 
7200 103 129 
7200 104 3 132 133 
7200 105 17 19 126 127 135 
7200 106 136 
7200 107 16 112 124 133 
7200 108 17 119 
7200 109 18 116 121 136 
7200 110 19 133 
7200 111 112 116 120 137 
7200 112 107 111 131 133 
7200 113 
7200 114 132 
7200 115 3 16 18 129 
7200 116 109 111 131 133 
7200 117 123 
7200 118 3 
7200 119 108 
7200 120 111 124 136 137 
7200 121 102 109 123 
7200 122 
7200 123 102 117 121 
7200 124 107 120 127 129 132 
7200 125 
7200 126 105 
7200 127 15 105 124 134 
7200 128 131 132 
7200 129 103 115 124 
7200 130 3 
7200 131 112 116 128 133 
7200 132 104 114 124 128 
7200 133 19 104 107 110 112 116 131 
7200 134 102 127 
7200 135 18 105 
7200 136 106 109 120 
7200 137 15 17 111 120 
7200 138 
7200 139 140 169 
7200 140 139 150 161 177 
7200 141 159 165 168 169 
7200 142 152 172 177 179 
7200 143 153 162 165 169 
7200 144 169 172 174 181 
7200 145 163 176 177 178 
7200 146 155 
7200 147 180 
7200 148 20 153 163 164 176 
7200 149 154 155 161 165 
7200 150 140 151 153 156 
7200 151 150 158 159 160 
7200 152 4 142 157 169 
7200 153 20 143 148 150 
7200 154 149 157 171 179 
7200 155 20 146 149 173 
7200 156 150 166 170 171 
7200 157 152 154 172 173 179 
7200 158 151 167 168 170 
7200 159 141 151 166 167 
7200 160 151 161 169 175 
7200 161 140 149 160 164 168 
7200 162 143 165 
7200 163 145 148 164 169 
7200 164 148 161 163 173 
7200 165 141 143 149 162 181 
7200 166 20 156 159 178 
7200 167 158 159 169 180 
7200 168 141 158 161 175 
7200 169 139 141 143 144 152 160 163 167 175 
7200 170 156 158 176 180 
7200 171 4 154 156 177 
7200 172 142 144 157 178 
7200 173 155 157 164 
7200 174 144 176 178 181 
7200 175 160 168 169 181 
7200 176 145 148 170 174 
7200 177 140 142 145 171 
7200 178 145 166 172 174 
7200 179 142 154 157 
7200 180 147 167 170 
7200 181 144 165 174 175 
7200 182 4 
7200 183 185 193 209 
7200 184 201 203 204 217 
7200 185 24 183 200 214 216 
7200 186 
7200 187 189 202 205 212 
7200 188 22 197 202 207 
7200 189 187 203 211 
7200 190 
7200 191 22 195 206 216 
7200 192 204 
7200 193 183 194 198 208 
7200 194 193 208 210 212 215 
7200 195 191 198 218 219 
7200 196 
7200 197 188 201 219 
7200 198 193 195 207 210 
7200 199 205 
7200 200 185 205 212 
7200 201 184 197 206 210 
7200 202 187 188 203 213 
7200 203 184 189 202 213 
7200 204 21 184 192 211 
7200 205 187 199 200 209 
7200 206 191 201 207 217 
7200 207 188 198 206 211 
7200 208 193 194 
7200 209 183 205 
7200 210 23 194 198 201 
7200 211 189 204 207 217 
7200 212 23 187 194 200 
7200 213 202 203 
7200 214 185 
7200 215 5 23 194 219 
7200 216 21 185 191 
7200 217 23 184 206 211 
7200 218 195 
7200 219 5 195 197 215 
7200 220 0 4 
7200 221 0 1 5 
7200 222 0 1 4 5 
7200 223 0 1 4 
7200 224 0 1 5 
7200 225 0 4 5 
7200 226 0 1 4 
7200 227 0 4 5 
7200 228 0 1 
7200 229 0 4 5 
7200 230 0 1 4 
7200 231 0 5 
7200 232 0 1 4 
7200 233 0 1 
7200 234 0 4 
7200 235 0 1 5 
7200 236 0 4 
7200 237 0 4 5 
7200 238 0 1 5 
7200 239 0 1 4 5 
7200 240 0 1 
7200 241 0 1 4 5 
7200 242 0 4 
7200 243 0 1 5 
7200 244 0 1 4 5 
7200 245 0 1 4 5 
7200 246 0 1 4 
7200 247 0 4 5 
7200 248 0 5 
7200 249 0 4 
9000 0 
9000 1 31 39 43 56 
9000 2 62 81 88 90 
9000 3 16 124 129 133 
9000 4 148 152 172 181 
9000 5 192 198 207 217 
9000 6 7 52 57 60 
9000 7 6 48 51 
9000 8 10 26 44 50 
9000 9 35 39 47 57 
9000 10 8 25 27 51 
9000 11 13 91 95 96 
9000 12 73 78 98 101 
9000 13 11 70 80 84 
9000 14 66 80 87 100 
9000 15 103 115 118 120 
9000 16 3 110 116 137 
9000 17 107 112 130 137 
9000 18 108 111 112 127 
9000 19 104 109 110 120 
9000 20 140 154 165 172 
9000 21 23 198 206 212 
9000 22 183 184 188 203 
9000 23 21 197 219 
9000 24 191 214 219 
9000 25 10 35 40 53 
9000 26 8 38 
9000 27 10 35 49 
9000 28 42 
9000 29 30 54 56 57 
9000 30 29 32 38 53 
9000 31 1 37 40 42 
9000 32 30 
9000 33 45 48 50 57 
9000 34 41 
9000 35 9 25 27 57 
9000 36 45 
9000 37 31 47 
9000 38 26 30 42 49 
9000 39 1 9 
9000 40 25 31 43 45 47 
9000 41 34 
9000 42 28 31 38 56 
9000 43 1 40 51 59 
9000 44 8 56 
9000 45 33 36 40 
9000 46 55 
9000 47 9 37 40 50 
9000 48 7 33 49 53 
9000 49 27 38 48 51 
9000 50 8 33 47 56 
9000 51 7 10 43 49 
9000 52 6 54 57 
9000 53 25 30 48 59 
9000 54 29 52 55 56 
9000 55 46 54 
9000 56 1 29 42 44 50 54 58 60 
9000 57 6 9 29 33 35 52 59 
9000 58 56 59 
9000 59 43 53 57 58 
9000 60 6 56 
9000 61 70 78 89 96 
9000 62 2 78 84 93 
9000 63 69 71 95 101 
9000 64 69 
9000 65 80 87 90 100 
9000 66 14 83 95 
9000 67 74 76 81 87 
9000 68 69 81 
9000 69 63 64 68 89 91 
9000 70 13 61 74 78 
9000 71 63 73 95 
9000 72 77 80 91 96 
9000 73 12 71 83 88 
9000 74 67 70 93 101 
9000 75 89 96 97 101 
9000 76 67 80 
9000 77 72 82 90 99 
9000 78 12 61 62 70 83 
9000 79 97 
9000 80 13 14 65 72 76 100 
9000 81 2 67 68 
9000 82 77 84 93 98 
9000 83 66 73 78 94 
9000 84 13 62 82 91 98 
9000 85 
9000 86 90 99 100 
9000 87 14 65 67 99 
9000 88 2 73 93 99 
9000 89 61 69 75 95 
9000 90 2 65 77 86 
9000 91 11 69 72 84 
9000 92 
9000 93 62 74 82 88 98 
9000 94 83 
9000 95 11 63 66 71 89 
9000 96 11 61 72 75 
9000 97 75 79 99 
9000 98 12 82 84 93 
9000 99 77 86 87 88 97 
9000 100 14 65 80 86 
9000 101 12 63 74 75 
9000 102 124 130 134 
9000 103 15 111 133 136 
9000 104 19 105 116 120 
9000 105 104 107 131 133 
9000 106 
9000 107 17 105 108 
9000 108 18 107 126 128 136 
9000 109 19 112 127 135 
9000 110 16 19 118 128 137 
9000 111 18 103 
9000 112 17 18 109 115 135 136 
9000 113 129 
9000 114 115 125 
9000 115 15 112 114 
9000 116 16 104 118 128 130 132 136 
9000 117 
9000 118 15 110 116 124 
9000 119 
9000 120 15 19 104 131 133 
9000 121 127 134 
9000 122 
9000 123 
9000 124 3 102 118 127 129 132 
9000 125 114 
9000 126 108 
9000 127 18 109 121 124 
9000 128 108 110 116 
9000 129 3 113 124 135 
9000 130 17 102 116 
9000 131 105 120 
9000 132 116 124 
9000 133 3 103 105 120 
9000 134 102 121 
9000 135 109 112 129 
9000 136 103 108 112 116 
9000 137 16 17 110 
9000 138 
9000 139 153 156 169 171 
9000 140 20 160 172 182 
9000 141 155 161 170 174 
9000 142 150 161 
9000 143 149 168 169 182 
9000 144 148 165 179 180 
9000 145 156 164 174 180 
9000 146 151 161 172 182 
9000 147 
9000 148 4 144 149 155 157 167 173 178 179 
9000 149 143 148 164 176 
9000 150 142 153 172 174 
9000 151 146 160 176 182 
9000 152 4 166 174 175 
9000 153 139 150 154 163 
9000 154 20 153 157 164 
9000 155 141 148 156 167 
9000 156 139 145 155 165 176 
9000 157 148 154 177 178 
9000 158 160 173 175 182 
9000 159 174 177 179 182 
9000 160 140 151 158 181 
9000 161 141 142 146 165 
9000 162 163 174 179 
9000 163 153 162 169 170 
9000 164 145 149 154 175 
9000 165 20 144 156 161 
9000 166 152 171 
9000 167 148 155 169 176 
9000 168 143 
9000 169 139 143 163 167 170 173 
9000 170 141 163 169 175 
9000 171 139 166 177 178 
9000 172 4 20 140 146 150 
9000 173 148 158 169 
9000 174 141 145 150 152 159 162 181 
9000 175 152 158 164 170 
9000 176 149 151 156 167 
9000 177 157 159 171 180 
9000 178 148 157 171 180 
9000 179 144 148 159 162 
9000 180 144 145 177 178 
9000 181 4 160 174 
9000 182 140 143 146 151 158 159 
9000 183 22 193 210 215 
9000 184 22 203 206 
9000 185 192 208 211 214 
9000 186 
9000 187 192 
9000 188 22 191 206 216 
9000 189 194 195 205 215 
9000 190 191 195 209 
9000 191 24 188 190 205 210 
9000 192 5 185 187 198 204 210 
9000 193 183 195 214 216 
9000 194 189 201 204 205 
9000 195 189 190 193 203 
9000 196 208 
9000 197 23 202 214 217 
9000 198 5 21 192 
9000 199 
9000 200 212 
9000 201 194 208 215 219 
9000 202 197 210 211 212 
9000 203 22 184 195 
9000 204 192 194 
9000 205 189 191 194 209 
9000 206 21 184 188 
9000 207 5 208 214 217 
9000 208 185 196 201 207 
9000 209 190 205 
9000 210 183 191 192 202 
9000 211 185 202 216 219 
9000 212 21 200 202 214 
9000 213 
9000 214 24 185 193 197 207 212 
9000 215 183 189 201 217 
9000 216 188 193 211 
9000 217 5 197 207 215 
9000 218 
9000 219 23 24 201 211 
10800 0 5 220 221 222 223 224 225 226 227 228 229 230 231 232 233 234 235 236 237 238 239 240 241 242 243 244 245 246 247 248 249 
10800 1 57 
10800 2 62 71 88 99 
10800 3 126 127 129 136 137 
10800 4 154 168 172 175 
10800 5 0 193 194 208 221 222 224 225 227 229 231 235 237 238 239 241 243 244 245 247 248 
10800 6 27 48 53 54 
10800 7 10 30 48 56 
10800 8 40 43 54 
10800 9 31 43 54 56 
10800 10 7 29 51 52 
10800 11 67 68 77 96 
10800 12 14 61 83 88 
10800 13 69 81 95 96 
10800 14 12 62 72 98 
10800 15 19 108 114 118 120 128 136 
10800 16 104 109 116 124 
10800 17 104 108 116 
10800 18 110 114 116 124 
10800 19 15 132 135 
10800 20 171 175 179 182 
10800 21 184 197 202 217 
10800 22 24 195 197 217 
10800 23 188 191 202 
10800 24 22 187 191 
10800 25 30 38 43 58 
10800 26 33 53 
10800 27 6 47 50 60 
10800 28 46 
10800 29 10 
10800 30 7 25 35 52 
10800 31 9 44 52 53 
10800 32 
10800 33 26 35 49 60 
10800 34 54 
10800 35 30 33 50 60 
10800 36 39 57 
10800 37 48 58 
10800 38 25 50 57 58 
10800 39 36 42 45 54 
10800 40 8 47 48 59 
10800 41 
10800 42 39 54 55 56 
10800 43 8 9 25 58 
10800 44 31 48 53 
10800 45 39 47 51 58 
10800 46 28 
10800 47 27 40 45 58 
10800 48 6 7 37 40 44 59 
10800 49 33 
10800 50 27 35 38 57 60 
10800 51 10 45 
10800 52 10 30 31 59 
10800 53 6 26 31 44 
10800 54 6 8 9 34 39 42 55 
10800 55 42 54 
10800 56 7 9 42 58 
10800 57 1 36 38 50 
10800 58 25 37 38 43 45 47 56 59 
10800 59 40 48 52 58 
10800 60 27 33 35 50 
10800 61 12 89 98 
10800 62 2 14 70 73 93 
10800 63 65 74 77 84 
10800 64 73 77 84 86 
10800 65 63 80 86 101 
10800 66 72 75 
10800 67 11 75 88 96 
10800 68 11 81 96 97 
10800 69 13 81 91 98 
10800 70 62 88 100 
10800 71 2 83 87 90 
10800 72 14 66 99 101 
10800 73 62 64 77 88 
10800 74 63 77 83 95 
10800 75 66 67 89 101 
10800 76 
10800 77 11 63 64 73 74 78 
10800 78 77 96 
10800 79 
10800 80 65 86 87 95 
10800 81 13 68 69 99 
10800 82 84 87 
10800 83 12 71 74 93 
10800 84 63 64 82 100 
10800 85 
10800 86 64 65 80 93 100 
10800 87 71 80 82 94 
10800 88 2 12 67 70 73 89 
10800 89 61 75 88 90 
10800 90 71 89 97 101 
10800 91 69 93 95 98 
10800 92 
10800 93 62 83 86 91 
10800 94 87 
10800 95 13 74 80 91 
10800 96 11 13 67 68 78 
10800 97 68 90 
10800 98 14 61 69 91 
10800 99 2 72 81 101 
10800 100 70 84 86 
10800 101 65 72 75 90 99 
10800 102 117 121 
10800 103 137 
10800 104 16 17 120 
10800 105 110 118 126 130 
10800 106 109 111 
10800 107 111 112 116 131 
10800 108 15 17 131 
10800 109 16 106 114 127 
10800 110 18 105 113 132 
10800 111 106 107 128 
10800 112 107 132 133 135 
10800 113 110 122 129 
10800 114 15 18 109 115 
10800 115 114 126 
10800 116 16 17 18 107 124 130 133 135 
10800 117 102 118 121 
10800 118 15 105 117 
10800 119 
10800 120 15 104 132 136 
10800 121 102 117 
10800 122 113 126 
10800 123 130 
10800 124 16 18 116 129 
10800 125 132 
10800 126 3 105 115 122 
10800 127 3 109 130 132 
10800 128 15 111 131 
10800 129 3 113 124 
10800 130 105 116 123 127 
10800 131 107 108 128 132 
10800 132 19 110 112 120 125 127 131 
10800 133 112 116 
10800 134 
10800 135 19 112 116 
10800 136 3 15 120 
10800 137 3 103 
10800 138 
10800 139 168 169 170 173 
10800 140 148 152 164 180 
10800 141 155 165 168 177 
10800 142 156 169 174 179 
10800 143 151 156 167 176 
10800 144 150 173 179 182 
10800 145 159 176 180 182 
10800 146 158 167 175 178 
10800 147 181 
10800 148 140 154 178 179 
10800 149 152 156 171 176 
10800 150 144 166 174 
10800 151 143 155 159 182 
10800 152 140 149 162 169 172 
10800 153 156 171 177 182 
10800 154 4 148 163 167 
10800 155 141 151 170 
10800 156 142 143 149 153 181 
10800 157 160 170 174 176 
10800 158 146 161 165 173 
10800 159 145 151 
10800 160 157 162 175 179 
10800 161 158 164 182 
10800 162 152 160 163 
10800 163 154 162 166 168 
10800 164 140 161 166 171 
10800 165 141 158 170 174 
10800 166 150 163 164 178 
10800 167 143 146 154 174 
10800 168 4 139 141 163 181 
10800 169 139 142 152 173 
10800 170 139 155 157 165 
10800 171 20 149 153 164 
10800 172 4 152 177 178 
10800 173 139 144 158 169 
10800 174 142 150 157 165 167 181 
10800 175 4 20 146 160 
10800 176 143 145 149 157 180 
10800 177 141 153 172 179 
10800 178 146 148 166 172 
10800 179 20 142 144 148 160 177 
10800 180 140 145 176 
10800 181 147 156 168 174 
10800 182 20 144 145 151 153 161 
10800 183 215 
10800 184 21 193 196 201 
10800 185 188 214 217 218 
10800 186 210 
10800 187 24 214 215 217 
10800 188 23 185 194 201 202 
10800 189 195 203 212 
10800 190 195 199 212 
10800 191 23 24 192 210 216 
10800 192 191 205 207 214 
10800 193 5 184 211 212 
10800 194 5 188 
10800 195 22 189 190 204 
10800 196 184 197 206 
10800 197 21 22 196 198 201 206 
10800 198 197 204 211 219 
10800 199 190 200 
10800 200 199 
10800 201 184 188 197 
10800 202 21 23 188 208 
10800 203 189 215 217 219 
10800 204 195 198 212 
10800 205 192 218 219 
10800 206 196 197 210 
10800 207 192 215 216 217 
10800 208 5 202 
10800 209 218 
10800 210 186 191 206 215 
10800 211 193 198 212 215 
10800 212 189 190 193 204 211 
10800 213 
10800 214 185 187 192 217 
10800 215 183 187 203 207 210 211 
10800 216 191 207 
10800 217 21 22 185 187 203 207 214 219 
10800 218 185 205 209 
10800 219 198 203 205 217 
10800 220 0 
10800 221 0 5 
10800 222 0 5 
10800 223 0 
10800 224 0 5 
10800 225 0 5 
10800 226 0 
10800 227 0 5 
10800 228 0 
10800 229 0 5 
10800 230 0 
10800 231 0 5 
10800 232 0 
10800 233 0 
10800 234 0 
10800 235 0 5 
10800 236 0 
10800 237 0 5 
10800 238 0 5 
10800 239 0 5 
10800 240 0 
10800 241 0 5 
10800 242 0 
10800 243 0 5 
10800 244 0 5 
10800 245 0 5 
10800 246 0 
10800 247 0 5 
10800 248 0 5 
10800 249 0 
12600 0 3 220 221 222 223 224 225 226 227 228 229 230 231 232 233 234 235 236 237 238 239 240 241 242 243 244 245 246 247 248 249 
12600 1 25 52 53 56 
12600 2 3 87 93 98 221 222 224 226 228 229 230 231 234 236 238 239 241 243 244 245 246 
12600 3 0 2 129 132 220 222 223 225 226 228 229 230 232 233 236 237 238 240 241 242 244 245 248 249 
12600 4 5 169 172 180 220 222 223 225 226 227 229 230 232 234 236 237 239 241 242 244 245 246 247 249 
12600 5 4 23 192 210 221 222 224 225 227 229 231 235 237 238 239 241 243 244 245 247 248 
12600 6 8 9 35 49 50 57 
12600 7 38 44 49 51 
12600 8 6 31 39 60 
12600 9 6 33 54 59 
12600 10 27 29 51 60 
12600 11 14 75 78 97 
12600 12 72 76 77 93 
12600 13 68 83 84 96 
12600 14 11 75 81 97 
12600 15 16 108 109 127 
12600 16 15 17 110 131 
12600 17 16 127 133 138 
12600 18 104 109 123 134 
12600 19 112 128 129 133 
12600 20 152 154 181 182 
12600 21 192 204 206 216 
12600 22 194 201 214 217 
12600 23 5 197 202 219 
12600 24 184 185 191 212 
12600 25 1 43 59 60 
12600 26 33 40 54 
12600 27 10 43 
12600 28 46 
12600 29 10 
12600 30 38 51 
12600 31 8 37 54 
12600 32 
12600 33 9 26 40 57 
12600 34 
12600 35 6 38 53 
12600 36 
12600 37 31 58 60 
12600 38 7 30 35 52 57 
12600 39 8 45 50 59 
12600 40 26 33 42 49 
12600 41 
12600 42 40 45 54 
12600 43 25 27 47 57 58 
12600 44 7 45 48 59 
12600 45 39 42 44 52 58 
12600 46 28 55 
12600 47 43 
12600 48 44 50 58 
12600 49 6 7 40 53 
12600 50 6 39 48 
12600 51 7 10 30 53 
12600 52 1 38 45 
12600 53 1 35 49 51 
12600 54 9 26 31 42 55 56 
12600 55 46 54 
12600 56 1 54 
12600 57 6 33 38 43 
12600 58 37 43 45 48 
12600 59 9 25 39 44 
12600 60 8 10 25 37 
12600 61 67 70 83 99 
12600 62 73 79 93 98 
12600 63 66 80 88 96 
12600 64 71 72 79 81 
12600 65 77 
12600 66 63 80 86 97 
12600 67 61 69 72 83 
12600 68 13 72 97 98 
12600 69 67 71 88 
12600 70 61 72 90 100 
12600 71 64 69 74 100 
12600 72 12 64 67 68 70 84 
12600 73 62 88 89 90 
12600 74 71 88 90 95 
12600 75 11 14 77 87 
12600 76 12 91 93 100 
12600 77 12 65 75 97 
12600 78 11 86 87 88 
12600 79 62 64 
12600 80 63 66 91 101 
12600 81 14 64 89 91 99 
12600 82 
12600 83 13 61 67 84 99 
12600 84 13 72 83 89 
12600 85 
12600 86 66 78 87 
12600 87 2 75 78 86 94 
12600 88 63 69 73 74 78 
12600 89 73 81 84 101 
12600 90 70 73 74 95 99 
12600 91 76 80 81 93 
12600 92 
12600 93 2 12 62 76 91 
12600 94 87 
12600 95 74 90 96 100 
12600 96 13 63 95 98 
12600 97 11 14 66 68 77 
12600 98 2 62 68 96 101 
12600 99 61 81 83 90 
12600 100 70 71 76 95 101 
12600 101 80 89 98 100 
12600 102 
12600 103 104 107 134 135 
12600 104 18 103 114 138 
12600 105 108 121 132 135 
12600 106 
12600 107 103 128 132 138 
12600 108 15 105 131 
12600 109 15 18 116 133 
12600 110 16 111 114 123 
12600 111 110 116 132 138 
12600 112 19 120 135 136 
12600 113 125 129 132 136 
12600 114 104 110 124 125 
12600 115 120 
12600 116 109 111 130 133 
12600 117 123 130 
12600 118 
12600 119 
12600 120 112 115 138 
12600 121 105 134 
12600 122 128 138 
12600 123 18 110 117 129 
12600 124 114 128 136 
12600 125 113 114 135 
12600 126 
12600 127 15 17 132 133 
12600 128 19 107 122 124 
12600 129 3 19 113 123 136 
12600 130 116 117 134 137 
12600 131 16 108 133 135 
12600 132 3 105 107 111 113 127 
12600 133 17 19 109 116 127 131 
12600 134 18 103 121 130 
12600 135 103 105 112 125 131 137 
12600 136 112 113 124 129 
12600 137 130 135 
12600 138 17 104 107 111 120 122 
12600 139 165 169 173 181 
12600 140 149 154 168 174 
12600 141 142 152 
12600 142 141 163 171 181 
12600 143 154 167 170 174 
12600 144 155 162 175 176 
12600 145 158 178 180 182 
12600 146 153 182 
12600 147 182 
12600 148 153 159 163 179 
12600 149 140 163 164 180 
12600 150 157 170 172 174 
12600 151 166 175 179 181 
12600 152 20 141 162 168 
12600 153 146 148 180 181 
12600 154 20 140 143 157 172 173 
12600 155 144 175 
12600 156 182 
12600 157 150 154 166 174 
12600 158 145 160 175 180 
12600 159 148 160 166 177 
12600 160 158 159 166 170 
12600 161 163 165 169 171 
12600 162 144 152 179 
12600 163 142 148 149 161 
12600 164 149 178 181 182 
12600 165 139 161 174 
12600 166 151 157 159 160 
12600 167 143 171 176 
12600 168 140 152 173 
12600 169 4 139 161 172 
12600 170 143 150 160 176 
12600 171 142 161 167 178 
12600 172 4 150 154 169 
12600 173 139 154 168 182 
12600 174 140 143 150 157 165 177 
12600 175 144 151 155 158 176 
12600 176 144 167 170 175 
12600 177 159 174 180 182 
12600 178 145 164 171 181 
12600 179 148 151 162 182 
12600 180 4 145 149 153 158 177 
12600 181 20 139 142 151 153 164 178 
12600 182 20 145 146 147 156 164 173 177 179 
12600 183 185 188 193 215 
12600 184 24 187 188 196 
12600 185 24 183 187 203 
12600 186 
12600 187 184 185 193 200 
12600 188 183 184 192 194 206 
12600 189 193 202 204 211 
12600 190 209 
12600 191 24 201 205 211 
12600 192 5 21 188 215 
12600 193 183 187 189 212 
12600 194 22 188 216 
12600 195 207 210 219 
12600 196 184 
12600 197 23 208 215 
12600 198 210 212 215 216 
12600 199 
12600 200 187 218 
12600 201 22 191 207 208 
12600 202 23 189 211 215 
12600 203 185 216 217 219 
12600 204 21 189 
12600 205 191 
12600 206 21 188 210 
12600 207 195 201 208 215 
12600 208 197 201 207 214 
12600 209 190 212 
12600 210 5 195 198 206 211 
12600 211 189 191 202 210 
12600 212 24 193 198 209 217 
12600 213 
12600 214 22 208 215 
12600 215 183 192 197 198 202 207 214 217 
12600 216 21 194 198 203 
12600 217 22 203 212 215 
12600 218 200 
12600 219 23 195 203 
12600 220 0 3 4 
12600 221 0 2 5 
12600 222 0 2 3 4 5 
12600 223 0 3 4 
12600 224 0 2 5 
12600 225 0 3 4 5 
12600 226 0 2 3 4 
12600 227 0 4 5 
12600 228 0 2 3 
12600 229 0 2 3 4 5 
12600 230 0 2 3 4 
12600 231 0 2 5 
12600 232 0 3 4 
12600 233 0 3 
12600 234 0 2 4 
12600 235 0 5 
12600 236 0 2 3 4 
12600 237 0 3 4 5 
12600 238 0 2 3 5 
12600 239 0 2 4 5 
12600 240 0 3 
12600 241 0 2 3 4 5 
12600 242 0 3 4 
12600 243 0 2 5 
12600 244 0 2 3 4 5 
12600 245 0 2 3 4 5 
12600 246 0 2 4 
12600 247 0 4 5 
12600 248 0 3 5 
12600 249 0 3 4 
14400 0 2 4 220 221 222 223 224 225 226 227 228 229 230 231 232 233 234 235 236 237 238 239 240 241 242 243 244 245 246 247 248 249 
14400 1 31 45 47 57 
14400 2 0 76 77 89 221 222 224 226 228 229 230 231 234 236 238 239 241 243 244 245 246 
14400 3 17 114 127 135 
14400 4 0 146 169 176 220 222 223 225 226 227 229 230 232 234 236 237 239 241 242 244 245 246 247 249 
14400 5 189 204 210 211 
14400 6 30 42 
14400 7 27 44 52 56 
14400 8 35 49 52 53 58 
14400 9 10 39 51 56 
14400 10 9 29 39 49 
14400 11 61 74 88 90 
14400 12 63 73 101 
14400 13 68 91 95 100 
14400 14 67 69 76 95 
14400 15 19 118 
14400 16 17 105 118 135 
14400 17 3 16 111 112 114 116 127 131 133 
14400 18 107 129 130 137 
14400 19 15 115 124 
14400 20 153 154 175 179 
14400 21 24 198 201 212 
14400 22 185 188 201 202 
14400 23 184 189 194 195 
14400 24 21 189 191 206 
14400 25 35 43 
14400 26 38 53 54 55 
14400 27 7 35 42 
14400 28 
14400 29 10 50 
14400 30 6 
14400 31 1 
14400 32 
14400 33 43 49 51 60 
14400 34 42 
14400 35 8 25 27 40 
14400 36 38 
14400 37 59 60 
14400 38 26 36 42 
14400 39 9 10 57 59 
14400 40 35 43 51 57 
14400 41 
14400 42 6 27 34 38 46 48 
14400 43 25 33 40 53 
14400 44 7 48 56 
14400 45 1 47 50 
14400 46 42 
14400 47 1 45 58 60 
14400 48 42 44 51 59 
14400 49 8 10 33 51 
14400 50 29 45 51 56 
14400 51 9 33 40 48 49 50 
14400 52 7 8 
14400 53 8 26 43 
14400 54 26 
14400 55 26 
14400 56 7 9 44 50 
14400 57 1 39 40 60 
14400 58 8 47 
14400 59 37 39 48 
14400 60 33 37 47 57 
14400 61 11 62 70 88 
14400 62 61 87 95 98 
14400 63 12 80 81 94 
14400 64 72 80 91 101 
14400 65 66 67 88 89 
14400 66 65 76 100 101 
14400 67 14 65 89 93 
14400 68 13 77 88 90 
14400 69 14 74 87 90 
14400 70 61 71 72 99 
14400 71 70 73 86 95 
14400 72 64 70 88 95 
14400 73 12 71 93 99 
14400 74 11 69 93 
14400 75 86 88 96 100 
14400 76 2 14 66 77 
14400 77 2 68 76 79 
14400 78 84 
14400 79 77 
14400 80 63 64 83 86 
14400 81 63 83 86 90 
14400 82 93 98 
14400 83 80 81 96 99 
14400 84 78 
14400 85 
14400 86 71 75 80 81 
14400 87 62 69 96 100 
14400 88 11 61 65 68 72 75 
14400 89 2 65 67 95 
14400 90 11 68 69 81 
14400 91 13 64 98 99 
14400 92 
14400 93 67 73 74 82 
14400 94 63 
14400 95 13 14 62 71 72 89 
14400 96 75 83 87 101 
14400 97 
14400 98 62 82 91 100 
14400 99 70 73 83 91 
14400 100 13 66 75 87 98 
14400 101 12 64 66 96 
14400 102 
14400 103 104 114 
14400 104 103 114 129 131 136 137 
14400 105 16 108 126 128 137 
14400 106 
14400 107 18 136 
14400 108 105 116 118 126 
14400 109 
14400 110 111 116 120 125 
14400 111 17 110 112 127 
14400 112 17 111 
14400 113 129 
14400 114 3 17 103 104 
14400 115 19 132 135 
14400 116 17 108 110 132 
14400 117 121 
14400 118 15 16 108 119 124 132 
14400 119 118 124 
14400 120 110 122 131 133 
14400 121 117 127 130 
14400 122 120 
14400 123 130 
14400 124 19 118 119 126 
14400 125 110 135 
14400 126 105 108 124 
14400 127 3 17 111 121 
14400 128 105 
14400 129 18 104 113 137 
14400 130 18 121 123 134 
14400 131 17 104 120 136 
14400 132 115 116 118 
14400 133 17 120 
14400 134 130 
14400 135 3 16 115 125 
14400 136 104 107 131 
14400 137 18 104 105 129 
14400 138 
14400 139 140 153 
14400 140 139 146 148 171 
14400 141 142 156 164 172 
14400 142 141 143 148 
14400 143 142 150 154 180 
14400 144 149 154 160 161 
14400 145 151 157 159 169 
14400 146 4 140 
14400 147 157 180 
14400 148 140 142 152 155 163 165 167 179 
14400 149 144 157 172 176 
14400 150 143 165 167 182 
14400 151 145 155 169 171 174 
14400 152 148 162 165 175 
14400 153 20 139 166 181 
14400 154 20 143 144 171 
14400 155 148 151 
14400 156 141 160 177 182 
14400 157 145 147 149 158 
14400 158 157 161 170 173 
14400 159 145 160 166 180 
14400 160 144 156 159 170 
14400 161 144 158 166 168 
14400 162 152 163 
14400 163 148 162 179 
14400 164 141 170 177 178 
14400 165 148 150 152 177 
14400 166 153 159 161 
14400 167 148 150 168 180 
14400 168 161 167 169 172 174 175 182 
14400 169 4 145 151 168 
14400 170 158 160 164 181 
14400 171 140 151 154 178 
14400 172 141 149 168 173 
14400 173 158 172 175 180 
14400 174 151 168 178 180 
14400 175 20 152 168 173 
14400 176 4 149 182 
14400 177 156 164 165 180 
14400 178 164 171 174 179 181 
14400 179 20 148 163 178 
14400 180 143 147 159 167 173 174 177 
14400 181 153 170 178 
14400 182 150 156 168 176 
14400 183 191 192 193 217 
14400 184 23 201 219 
14400 185 22 188 198 
14400 186 
14400 187 205 211 214 217 
14400 188 22 185 193 210 
14400 189 5 23 24 197 205 206 212 
14400 190 207 
14400 191 24 183 197 211 
14400 192 183 195 200 219 
14400 193 183 188 208 
14400 194 23 207 215 217 
14400 195 23 192 210 
14400 196 210 
14400 197 189 191 210 
14400 198 21 185 219 
14400 199 209 
14400 200 192 212 
14400 201 21 22 184 
14400 202 22 203 207 208 
14400 203 202 208 
14400 204 5 214 216 
14400 205 187 189 215 219 
14400 206 24 189 215 
14400 207 190 194 202 209 
14400 208 193 202 203 216 
14400 209 199 207 
14400 210 5 188 195 196 197 
14400 211 5 187 191 215 
14400 212 21 189 200 219 
14400 213 
14400 214 187 204 216 217 
14400 215 194 205 206 211 216 
14400 216 204 208 214 215 
14400 217 183 187 194 214 
14400 218 
14400 219 184 192 198 205 212 
14400 220 0 4 
14400 221 0 2 
14400 222 0 2 4 
14400 223 0 4 
14400 224 0 2 
14400 225 0 4 
14400 226 0 2 4 
14400 227 0 4 
14400 228 0 2 
14400 229 0 2 4 
14400 230 0 2 4 
14400 231 0 2 
14400 232 0 4 
14400 233 0 
14400 234 0 2 4 
14400 235 0 
14400 236 0 2 4 
14400 237 0 4 
14400 238 0 2 
14400 239 0 2 4 
14400 240 0 
14400 241 0 2 4 
14400 242 0 4 
14400 243 0 2 
14400 244 0 2 4 
14400 245 0 2 4 
14400 246 0 2 4 
14400 247 0 4 
14400 248 0 
14400 249 0 4 
16200 0 2 5 220 221 222 223 224 225 226 227 228 229 230 231 232 233 234 235 236 237 238 239 240 241 242 243 244 245 246 247 248 249 
16200 1 4 38 40 59 221 222 223 224 226 228 230 232 233 235 238 239 240 241 243 244 245 246 
16200 2 0 70 78 93 221 222 224 226 228 229 230 231 234 236 238 239 241 243 244 245 246 
16200 3 115 116 124 129 
16200 4 1 150 154 164 220 222 223 225 226 227 229 230 232 234 236 237 239 241 242 244 245 246 247 249 
16200 5 0 195 207 208 221 222 224 225 227 229 231 235 237 238 239 241 243 244 245 247 248 
16200 6 33 47 54 60 
16200 7 26 27 45 56 
16200 8 31 38 53 54 
16200 9 25 43 45 48 
16200 10 25 29 40 54 
16200 11 62 74 
16200 12 71 84 90 98 
16200 13 77 
16200 14 65 71 80 88 
16200 15 105 130 131 136 
16200 16 107 111 131 132 
16200 17 107 120 131 137 
16200 18 
16200 19 114 120 
16200 20 145 159 165 172 
16200 21 24 188 195 217 
16200 22 195 206 208 215 
16200 23 191 198 208 211 
16200 24 21 188 207 219 
16200 25 9 10 27 56 
16200 26 7 38 50 
16200 27 7 25 42 49 58 
16200 28 
16200 29 10 31 53 57 
16200 30 31 48 56 57 
16200 31 8 29 30 33 42 45 
16200 32 
16200 33 6 31 52 
16200 34 46 54 55 
16200 35 51 53 56 59 
16200 36 43 
16200 37 48 59 
16200 38 1 8 26 44 52 
16200 39 50 56 
16200 40 1 10 43 53 
16200 41 
16200 42 27 31 48 51 
16200 43 9 36 40 49 
16200 44 38 48 51 58 
16200 45 7 9 31 51 
16200 46 34 
16200 47 6 53 
16200 48 9 30 37 42 44 
16200 49 27 43 50 54 
16200 50 26 39 49 52 
16200 51 35 42 44 45 57 
16200 52 33 38 50 
16200 53 8 29 35 40 47 59 
16200 54 6 8 10 34 49 
16200 55 34 
16200 56 7 25 30 35 39 58 60 
16200 57 29 30 51 
16200 58 27 44 56 
16200 59 1 35 37 53 
16200 60 6 56 
16200 61 69 78 84 91 
16200 62 11 63 73 98 
16200 63 62 73 78 84 
16200 64 71 75 86 96 
16200 65 14 75 77 95 
16200 66 69 91 95 100 
16200 67 74 80 89 98 
16200 68 86 93 95 97 
16200 69 61 66 71 96 
16200 70 2 72 86 101 
16200 71 12 14 64 69 99 
16200 72 70 73 80 
16200 73 62 63 72 101 
16200 74 11 67 83 101 
16200 75 64 65 87 96 
16200 76 89 90 100 101 
16200 77 13 65 81 90 
16200 78 2 61 63 93 
16200 79 81 
16200 80 14 67 72 88 
16200 81 77 79 83 95 
16200 82 91 
16200 83 74 81 88 91 
16200 84 12 61 63 100 
16200 85 
16200 86 64 68 70 96 
16200 87 75 98 99 101 
16200 88 14 80 83 101 
16200 89 67 76 97 100 
16200 90 12 76 77 101 
16200 91 61 66 82 83 
16200 92 
16200 93 2 68 78 
16200 94 96 
16200 95 65 66 68 81 
16200 96 64 69 75 86 94 
16200 97 68 89 
16200 98 12 62 67 87 
16200 99 71 87 
16200 100 66 76 84 89 
16200 101 70 73 74 76 87 88 90 
16200 102 130 
16200 103 
16200 104 128 138 
16200 105 15 110 129 137 
16200 106 109 
16200 107 16 17 124 126 
16200 108 112 119 128 136 
16200 109 106 114 116 127 
16200 110 105 111 115 129 
16200 111 16 110 118 124 
16200 112 108 114 131 135 
16200 113 
16200 114 19 109 112 115 132 
16200 115 3 110 114 137 
16200 116 3 109 130 132 136 
16200 117 
16200 118 111 127 132 133 
16200 119 108 126 
16200 120 17 19 122 124 
16200 121 124 127 130 
16200 122 120 126 
16200 123 
16200 124 3 107 111 120 121 
16200 125 136 
16200 126 107 119 122 
16200 127 109 118 121 137 
16200 128 104 108 129 
16200 129 3 105 110 128 
16200 130 15 102 116 121 
16200 131 15 16 17 112 
16200 132 16 114 116 118 
16200 133 118 
16200 134 
16200 135 112 
16200 136 15 108 116 125 
16200 137 17 105 115 127 
16200 138 104 
16200 139 148 167 168 169 
16200 140 141 143 168 179 
16200 141 140 154 173 178 
16200 142 154 158 171 
16200 143 140 148 162 174 
16200 144 155 157 163 177 
16200 145 20 174 176 179 
16200 146 156 161 173 182 
16200 147 
16200 148 139 143 160 171 181 
16200 149 152 163 165 172 
16200 150 4 162 
16200 151 152 165 174 179 
16200 152 149 151 158 174 
16200 153 157 178 179 180 
16200 154 4 141 142 160 
16200 155 144 159 
16200 156 146 165 168 169 
16200 157 144 153 166 174 
16200 158 142 152 160 182 
16200 159 20 155 169 173 
16200 160 148 154 158 165 
16200 161 146 163 166 177 
16200 162 143 150 
16200 163 144 149 161 181 
16200 164 4 170 175 177 
16200 165 20 149 151 156 160 
16200 166 157 161 175 180 
16200 167 139 177 182 
16200 168 139 140 156 172 176 
16200 169 139 156 159 178 
16200 170 164 175 
16200 171 142 148 172 173 
16200 172 20 149 168 171 
16200 173 141 146 159 171 
16200 174 143 145 151 152 157 
16200 175 164 166 170 180 
16200 176 145 168 
16200 177 144 161 164 167 178 181 
16200 178 141 153 169 177 
16200 179 140 145 151 153 181 
16200 180 153 166 175 182 
16200 181 148 163 177 179 
16200 182 146 158 167 180 
16200 183 185 196 217 
16200 184 187 189 202 206 
16200 185 183 191 198 207 
16200 186 
16200 187 184 195 206 217 
16200 188 21 24 201 216 
16200 189 184 192 206 211 
16200 190 194 209 
16200 191 23 185 194 201 213 
16200 192 189 207 208 217 
16200 193 216 
16200 194 190 191 204 
16200 195 5 21 22 187 200 212 214 
16200 196 183 197 210 
16200 197 196 210 
16200 198 23 185 208 212 
16200 199 209 
16200 200 195 205 
16200 201 188 191 217 
16200 202 184 211 214 215 
16200 203 210 215 216 
16200 204 194 208 215 
16200 205 200 207 216 217 
16200 206 22 184 187 189 
16200 207 5 24 185 192 205 210 
16200 208 5 22 23 192 198 204 
16200 209 190 199 
16200 210 196 197 203 207 
16200 211 23 189 202 219 
16200 212 195 198 214 219 
16200 213 191 
16200 214 195 202 212 217 
16200 215 22 202 203 204 
16200 216 188 193 203 205 
16200 217 21 183 187 192 201 205 214 
16200 218 
16200 219 24 211 212 
16200 220 0 4 
16200 221 0 1 2 5 
16200 222 0 1 2 4 5 
16200 223 0 1 4 
16200 224 0 1 2 5 
16200 225 0 4 5 
16200 226 0 1 2 4 
16200 227 0 4 5 
16200 228 0 1 2 
16200 229 0 2 4 5 
16200 230 0 1 2 4 
16200 231 0 2 5 
16200 232 0 1 4 
16200 233 0 1 
16200 234 0 2 4 
16200 235 0 1 5 
16200 236 0 2 4 
16200 237 0 4 5 
16200 238 0 1 2 5 
16200 239 0 1 2 4 5 
16200 240 0 1 
16200 241 0 1 2 4 5 
16200 242 0 4 
16200 243 0 1 2 5 
16200 244 0 1 2 4 5 
16200 245 0 1 2 4 5 
16200 246 0 1 2 4 
16200 247 0 4 5 
16200 248 0 5 
16200 249 0 4 
18000 0 2 220 221 222 223 224 225 226 227 228 229 230 231 232 233 234 235 236 237 238 239 240 241 242 243 244 245 246 247 248 249 
18000 1 25 42 43 53 
18000 2 0 3 72 88 221 222 224 226 228 229 230 231 234 236 238 239 241 243 244 245 246 
18000 3 2 127 220 222 223 225 226 228 229 230 232 233 236 237 238 240 241 242 244 245 248 249 
18000 4 159 161 163 
18000 5 184 191 192 215 
18000 6 26 42 51 57 
18000 7 29 43 47 60 
18000 8 29 50 51 57 
18000 9 27 53 58 59 
18000 10 30 51 54 58 
18000 11 12 83 89 98 
18000 12 11 70 78 97 
18000 13 66 69 86 88 
18000 14 90 99 
18000 15 105 115 128 129 131 
18000 16 111 112 114 133 
18000 17 18 111 132 
18000 18 17 103 109 132 
18000 19 109 111 112 121 128 
18000 20 148 152 155 173 
18000 21 188 201 217 
18000 22 23 207 211 219 
18000 23 22 193 207 211 
18000 24 184 185 208 210 
18000 25 1 48 
18000 26 6 34 39 
18000 27 9 35 52 58 
18000 28 
18000 29 7 8 
18000 30 10 38 52 60 
18000 31 33 38 40 45 
18000 32 
18000 33 31 38 52 59 
18000 34 26 39 53 
18000 35 27 44 59 
18000 36 43 
18000 37 48 58 
18000 38 30 31 33 44 
18000 39 26 34 51 54 56 
18000 40 31 48 50 53 
18000 41 
18000 42 1 6 49 54 
18000 43 1 7 36 
18000 44 35 38 56 
18000 45 31 59 
18000 46 
18000 47 7 53 
18000 48 25 37 40 56 
18000 49 42 
18000 50 8 40 56 57 
18000 51 6 8 10 39 
18000 52 27 30 33 57 
18000 53 1 9 34 40 47 
18000 54 10 39 42 
18000 55 
18000 56 39 44 48 50 
18000 57 6 8 50 52 
18000 58 9 10 27 37 
18000 59 9 33 35 45 
18000 60 7 30 
18000 61 63 68 71 91 
18000 62 77 84 86 99 
18000 63 61 67 71 79 99 
18000 64 80 89 100 101 
18000 65 66 88 89 100 
18000 66 13 65 73 77 
18000 67 63 68 78 84 
18000 68 61 67 75 76 
18000 69 13 78 83 88 
18000 70 12 94 96 98 
18000 71 61 63 81 90 
18000 72 2 75 82 96 
18000 73 66 78 80 88 
18000 74 87 93 101 
18000 75 68 72 79 88 
18000 76 68 91 101 
18000 77 62 66 82 93 95 
18000 78 12 67 69 73 
18000 79 63 75 
18000 80 64 73 81 97 
18000 81 71 80 87 96 
18000 82 72 77 87 
18000 83 11 69 89 91 
18000 84 62 67 93 97 
18000 85 
18000 86 13 62 
18000 87 74 81 82 94 
18000 88 2 13 65 69 73 75 
18000 89 11 64 65 83 95 
18000 90 14 71 93 98 
18000 91 61 76 83 101 
18000 92 
18000 93 74 77 84 90 
18000 94 70 87 
18000 95 77 89 99 
18000 96 70 72 81 100 
18000 97 12 80 84 100 
18000 98 11 70 90 100 
18000 99 14 62 63 95 
18000 100 64 65 96 97 98 
18000 101 64 74 76 91 
18000 102 123 
18000 103 18 130 135 
18000 104 112 113 116 135 
18000 105 15 116 124 
18000 106 
18000 107 120 
18000 108 118 128 133 136 
18000 109 18 19 118 135 
18000 110 111 120 128 
18000 111 16 17 19 110 
18000 112 16 19 104 137 
18000 113 104 124 
18000 114 16 136 
18000 115 15 116 129 132 
18000 116 104 105 115 124 130 
18000 117 118 
18000 118 108 109 117 
18000 119 
18000 120 107 110 131 
18000 121 19 123 127 132 
18000 122 
18000 123 102 121 134 
18000 124 105 113 116 132 
18000 125 135 
18000 126 
18000 127 3 121 131 136 137 
18000 128 15 19 108 110 
18000 129 15 115 
18000 130 103 116 131 137 
18000 131 15 120 127 130 
18000 132 17 18 115 121 124 
18000 133 16 108 136 137 
18000 134 123 
18000 135 103 104 109 125 
18000 136 108 114 127 133 
18000 137 112 127 130 133 
18000 138 
18000 139 173 
18000 140 143 176 
18000 141 158 172 176 181 
18000 142 170 171 172 174 
18000 143 140 157 161 168 
18000 144 159 176 
18000 145 163 171 173 175 
18000 146 148 156 172 
18000 147 155 180 
18000 148 20 146 154 165 174 
18000 149 150 157 163 173 
18000 150 149 175 177 182 
18000 151 160 163 166 174 
18000 152 20 158 168 182 
18000 153 161 168 
18000 154 148 167 169 178 
18000 155 20 147 175 181 
18000 156 146 161 173 180 
18000 157 143 149 165 170 
18000 158 141 152 159 180 
18000 159 4 144 158 160 
18000 160 151 159 163 164 
18000 161 4 143 153 156 170 
18000 162 163 179 
18000 163 4 145 149 151 160 162 182 
18000 164 160 174 176 180 
18000 165 148 157 166 167 
18000 166 151 165 181 182 
18000 167 154 165 169 181 
18000 168 143 152 153 173 
18000 169 154 167 176 178 
18000 170 142 157 161 
18000 171 142 145 175 177 
18000 172 141 142 146 173 
18000 173 20 139 145 149 156 168 172 177 179 
18000 174 142 148 151 164 
18000 175 145 150 155 171 
18000 176 140 141 144 164 169 179 
18000 177 150 171 173 179 
18000 178 154 169 
18000 179 162 173 176 177 
18000 180 147 156 158 164 
18000 181 141 155 166 167 
18000 182 150 152 163 166 
18000 183 191 198 203 212 
18000 184 5 24 191 217 
18000 185 24 205 209 217 
18000 186 213 
18000 187 198 205 217 
18000 188 21 195 202 219 
18000 189 202 208 210 211 
18000 190 212 
18000 191 5 183 184 216 
18000 192 5 204 205 209 
18000 193 23 215 
18000 194 203 208 217 219 
18000 195 188 218 
18000 196 201 208 
18000 197 201 206 207 
18000 198 183 187 202 204 214 
18000 199 200 
18000 200 199 205 
18000 201 21 196 197 206 207 
18000 202 188 189 198 212 
18000 203 183 194 
18000 204 192 198 216 
18000 205 185 187 192 200 
18000 206 197 201 208 210 
18000 207 22 23 197 201 
18000 208 24 189 194 196 206 216 
18000 209 185 192 
18000 210 24 189 206 214 216 
18000 211 22 23 189 
18000 212 183 190 202 218 
18000 213 186 
18000 214 198 210 215 
18000 215 5 193 214 219 
18000 216 191 204 208 210 
18000 217 21 184 185 187 194 
18000 218 195 212 
18000 219 22 188 194 215 
18000 220 0 3 
18000 221 0 2 
18000 222 0 2 3 
18000 223 0 3 
18000 224 0 2 
18000 225 0 3 
18000 226 0 2 3 
18000 227 0 
18000 228 0 2 3 
18000 229 0 2 3 
18000 230 0 2 3 
18000 231 0 2 
18000 232 0 3 
18000 233 0 3 
18000 234 0 2 
18000 235 0 
18000 236 0 2 3 
18000 237 0 3 
18000 238 0 2 3 
18000 239 0 2 
18000 240 0 3 
18000 241 0 2 3 
18000 242 0 3 
18000 243 0 2 
18000 244 0 2 3 
18000 245 0 2 3 
18000 246 0 2 
18000 247 0 
18000 248 0 3 
18000 249 0 3 
19800 0 
19800 1 8 50 53 56 
19800 2 77 98 101 
19800 3 16 103 109 128 
19800 4 157 159 178 182 
19800 5 183 198 203 
19800 6 30 40 48 56 
19800 7 29 43 48 49 
19800 8 1 25 43 56 
19800 9 25 31 38 59 
19800 10 39 57 
19800 11 62 89 93 99 
19800 12 14 73 76 91 
19800 13 64 76 89 93 
19800 14 12 83 89 91 
19800 15 18 136 137 
19800 16 3 109 135 
19800 17 19 115 124 129 132 136 137 
19800 18 15 104 130 132 
19800 19 17 104 118 137 
19800 20 142 152 160 173 
19800 21 24 183 204 214 
19800 22 183 184 216 219 
19800 23 197 198 208 215 
19800 24 21 188 212 
19800 25 8 9 39 51 
19800 26 33 38 57 
19800 27 37 50 53 59 
19800 28 46 
19800 29 7 39 51 53 
19800 30 6 58 
19800 31 9 43 54 60 
19800 32 50 
19800 33 26 42 45 51 
19800 34 
19800 35 43 54 60 
19800 36 
19800 37 27 
19800 38 9 26 44 59 
19800 39 10 25 29 58 
19800 40 6 44 47 52 
19800 41 
19800 42 33 43 
19800 43 7 8 31 35 42 
19800 44 38 40 53 60 
19800 45 33 57 
19800 46 28 
19800 47 40 51 
19800 48 6 7 49 52 
19800 49 7 48 53 54 
19800 50 1 27 32 58 
19800 51 25 29 33 47 
19800 52 40 48 
19800 53 1 27 29 44 49 
19800 54 31 35 49 56 
19800 55 
19800 56 1 6 8 54 57 
19800 57 10 26 45 56 
19800 58 30 39 50 60 
19800 59 9 27 38 
19800 60 31 35 44 58 
19800 61 74 80 90 91 
19800 62 11 69 75 89 
19800 63 73 87 94 100 
19800 64 13 80 91 
19800 65 79 96 97 99 
19800 66 68 87 88 95 
19800 67 77 88 91 98 
19800 68 66 71 84 87 
19800 69 62 71 95 99 
19800 70 74 81 88 100 
19800 71 68 69 79 95 
19800 72 73 77 78 87 
19800 73 12 63 72 81 83 
19800 74 61 70 90 101 
19800 75 62 86 89 90 
19800 76 12 13 
19800 77 2 67 72 89 
19800 78 72 82 
19800 79 65 71 97 
19800 80 61 64 99 100 
19800 81 70 73 88 90 
19800 82 78 96 
19800 83 14 73 
19800 84 68 89 98 99 
19800 85 
19800 86 75 87 89 96 
19800 87 63 66 68 72 86 
19800 88 66 67 70 81 
19800 89 11 13 14 62 75 77 84 86 
19800 90 61 74 75 81 
19800 91 12 14 61 64 67 
19800 92 93 98 
19800 93 11 13 92 101 
19800 94 63 
19800 95 66 69 71 100 
19800 96 65 82 86 100 
19800 97 65 79 
19800 98 2 67 84 92 
19800 99 11 65 69 80 84 
19800 100 63 70 80 95 96 
19800 101 2 74 93 
19800 102 117 
19800 103 3 107 114 135 
19800 104 18 19 111 128 
19800 105 107 
19800 106 
19800 107 103 105 111 112 
19800 108 110 116 120 129 
19800 109 3 16 123 134 
19800 110 108 120 124 
19800 111 104 107 115 127 
19800 112 107 119 127 130 131 
19800 113 
19800 114 103 115 129 131 137 
19800 115 17 111 114 127 
19800 116 108 
19800 117 102 
19800 118 19 121 127 130 133 
19800 119 112 128 
19800 120 108 110 133 135 
19800 121 118 
19800 122 129 138 
19800 123 109 
19800 124 17 110 128 
19800 125 
19800 126 
19800 127 111 112 115 118 
19800 128 3 104 119 124 
19800 129 17 108 114 122 
19800 130 18 112 118 131 
19800 131 112 114 130 135 
19800 132 17 18 133 
19800 133 118 120 132 136 
19800 134 109 
19800 135 16 103 120 131 
19800 136 15 17 133 138 
19800 137 15 17 19 114 
19800 138 122 136 
19800 139 
19800 140 144 145 148 179 
19800 141 153 161 166 175 
19800 142 20 143 161 173 
19800 143 142 162 165 168 174 
19800 144 140 164 
19800 145 140 159 171 172 180 
19800 146 158 173 175 
19800 147 155 
19800 148 140 155 164 170 182 
19800 149 163 169 178 
19800 150 153 156 172 181 
19800 151 154 166 169 176 
19800 152 20 156 163 182 
19800 153 141 150 156 161 
19800 154 151 168 171 172 
19800 155 147 148 156 161 
19800 156 150 152 153 155 172 
19800 157 4 165 171 180 
19800 158 146 175 177 180 
19800 159 4 145 167 178 
19800 160 20 162 163 175 
19800 161 141 142 153 155 167 169 170 177 
19800 162 143 160 
19800 163 149 152 160 165 
19800 164 144 148 176 178 
19800 165 143 157 163 
19800 166 141 151 174 176 180 
19800 167 159 161 168 
19800 168 143 154 167 178 
19800 169 149 151 161 175 
19800 170 148 161 175 
19800 171 145 154 157 173 
19800 172 145 150 154 156 
19800 173 20 142 146 171 
19800 174 143 166 
19800 175 141 146 158 160 169 170 
19800 176 151 164 166 182 
19800 177 158 161 178 181 
19800 178 4 149 159 164 168 177 
19800 179 140 
19800 180 145 157 158 166 
19800 181 150 177 
19800 182 4 148 152 176 
19800 183 5 21 22 189 198 
19800 184 22 196 204 214 
19800 185 200 205 208 209 
19800 186 
19800 187 189 193 203 216 
19800 188 24 205 210 219 
19800 189 183 187 210 
19800 190 195 199 
19800 191 203 204 206 210 
19800 192 210 217 218 219 
19800 193 187 197 204 214 
19800 194 195 205 216 219 
19800 195 190 194 198 207 
19800 196 184 
19800 197 23 193 
19800 198 5 23 183 195 
19800 199 190 205 
19800 200 185 
19800 201 206 215 217 
19800 202 203 207 211 219 
19800 203 5 187 191 202 
19800 204 21 184 191 193 
19800 205 185 188 194 199 215 
19800 206 191 201 215 
19800 207 195 202 211 212 
19800 208 23 185 214 
19800 209 185 212 
19800 210 188 189 191 192 
19800 211 202 207 
19800 212 24 207 209 218 
19800 213 
19800 214 21 184 193 208 
19800 215 23 201 205 206 
19800 216 22 187 194 217 
19800 217 192 201 216 
19800 218 192 212 
19800 219 22 188 192 194 202 
