0 21600
1800 0 1 2 219 220 221 222 223 224 225 226 227 228 229 230 231 232 233 234 235 236 237 238 239 240 241 242 243 244 245 246 247 248 
1800 1 0 3 48 52 220 221 222 224 226 227 228 229 230 233 235 236 237 239 240 242 243 245 246 247 
1800 2 0 62 86 87 219 221 222 224 227 229 230 231 232 233 235 238 241 242 243 245 246 247 
1800 3 1 10 108 113 219 221 223 225 226 227 228 229 232 233 234 236 237 239 240 242 243 244 246 247 248 
1800 4 141 143 160 172 
1800 5 189 206 210 218 
1800 6 26 34 38 57 
1800 7 62 65 93 96 
1800 8 63 79 88 92 
1800 9 102 113 127 133 
1800 10 3 113 124 127 
1800 11 107 111 116 131 
1800 12 148 157 166 182 
1800 13 189 196 208 
1800 14 15 190 203 206 
1800 15 14 200 203 216 
1800 16 36 37 48 50 
1800 17 26 31 46 58 
1800 18 34 38 42 57 
1800 19 36 45 46 52 
1800 20 40 42 44 45 
1800 21 35 36 41 55 
1800 22 31 32 44 53 
1800 23 28 43 44 51 
1800 24 25 40 49 51 
1800 25 24 31 44 
1800 26 6 17 29 40 47 50 
1800 27 29 56 57 58 
1800 28 23 32 37 44 
1800 29 26 27 32 58 
1800 30 39 44 
1800 31 17 22 25 43 51 
1800 32 22 28 29 52 
1800 33 38 39 49 59 
1800 34 6 18 35 58 
1800 35 21 34 36 43 45 49 59 
1800 36 16 19 21 35 
1800 37 16 28 48 54 
1800 38 6 18 33 40 
1800 39 30 33 55 59 
1800 40 20 24 26 38 
1800 41 21 47 52 53 56 
1800 42 18 20 46 53 
1800 43 23 31 35 
1800 44 20 22 23 25 28 30 45 46 54 59 
1800 45 19 20 35 44 
1800 46 17 19 42 44 
1800 47 26 41 
1800 48 1 16 37 56 
1800 49 24 33 35 54 
1800 50 16 26 58 
1800 51 23 24 31 54 
1800 52 1 19 32 41 
1800 53 22 41 42 55 
1800 54 37 44 49 51 
1800 55 21 39 53 56 
1800 56 27 41 48 55 
1800 57 6 18 27 58 
1800 58 17 27 29 34 50 57 
1800 59 33 35 39 44 
1800 60 77 78 81 88 
1800 61 70 73 86 90 
1800 62 2 7 81 90 
1800 63 8 66 89 94 
1800 64 66 67 84 96 
1800 65 7 91 
1800 66 63 64 69 99 
1800 67 64 71 75 76 
1800 68 72 82 90 95 
1800 69 66 73 78 79 
1800 70 61 85 92 
1800 71 67 76 88 95 97 
1800 72 68 82 89 99 
1800 73 61 69 99 
1800 74 77 85 94 97 
1800 75 67 85 87 93 
1800 76 67 71 83 92 
1800 77 60 74 80 91 
1800 78 60 69 88 96 
1800 79 8 69 99 
1800 80 77 86 92 99 
1800 81 60 62 95 99 
1800 82 68 72 83 96 98 
1800 83 76 82 87 91 
1800 84 64 
1800 85 70 74 75 98 
1800 86 2 61 80 87 
1800 87 2 75 83 86 98 
1800 88 8 60 71 78 
1800 89 63 72 97 98 
1800 90 61 62 68 91 
1800 91 65 77 83 90 
1800 92 8 70 76 80 
1800 93 7 75 94 97 
1800 94 63 74 93 99 
1800 95 68 71 81 
1800 96 7 64 78 82 
1800 97 71 74 89 93 
1800 98 82 85 87 89 
1800 99 66 72 73 79 80 81 94 
1800 100 102 
1800 101 106 130 132 134 
1800 102 9 100 115 129 
1800 103 104 109 124 133 
1800 104 103 126 131 135 
1800 105 106 128 130 136 
1800 106 101 105 122 137 
1800 107 11 109 115 138 
1800 108 3 119 122 128 
1800 109 103 107 127 134 
1800 110 112 129 131 
1800 111 11 121 130 135 
1800 112 110 131 132 136 
1800 113 3 9 10 114 117 133 134 
1800 114 113 126 127 135 
1800 115 102 107 129 131 
1800 116 11 117 124 137 
1800 117 113 116 122 125 
1800 118 128 133 134 138 
1800 119 108 124 125 136 
1800 120 123 136 
1800 121 111 125 135 
1800 122 106 108 117 132 
1800 123 120 126 
1800 124 10 103 116 119 
1800 125 117 119 121 137 
1800 126 104 114 123 136 
1800 127 9 10 109 114 
1800 128 105 108 118 131 
1800 129 102 110 115 132 
1800 130 101 105 111 
1800 131 11 104 110 112 115 128 138 
1800 132 101 112 122 129 
1800 133 9 103 113 118 
1800 134 101 109 113 118 
1800 135 104 111 114 121 137 
1800 136 105 112 119 120 126 138 
1800 137 106 116 125 135 
1800 138 107 118 131 136 
1800 139 171 179 186 188 
1800 140 156 169 170 185 
1800 141 4 171 174 187 
1800 142 162 168 171 180 
1800 143 4 148 157 178 
1800 144 145 149 176 181 
1800 145 144 155 160 161 
1800 146 147 163 170 188 
1800 147 146 151 178 188 
1800 148 12 143 158 175 178 179 
1800 149 144 156 170 184 
1800 150 155 167 185 187 
1800 151 147 153 165 167 
1800 152 159 164 176 177 
1800 153 151 162 163 184 
1800 154 170 180 183 184 
1800 155 145 150 173 175 
1800 156 140 149 183 188 
1800 157 12 143 169 184 
1800 158 148 159 161 164 
1800 159 152 158 169 176 
1800 160 4 145 170 174 
1800 161 145 158 170 172 
1800 162 142 153 182 187 
1800 163 146 153 171 178 
1800 164 152 158 169 181 
1800 165 151 173 184 188 
1800 166 12 167 172 174 
1800 167 150 151 166 181 
1800 168 142 177 180 185 
1800 169 140 157 159 164 
1800 170 140 146 149 154 160 161 
1800 171 139 141 142 163 
1800 172 4 161 166 186 
1800 173 155 165 175 180 
1800 174 141 160 166 177 
1800 175 148 155 173 187 
1800 176 144 152 159 183 
1800 177 152 168 174 188 
1800 178 143 147 148 163 
1800 179 139 148 181 
1800 180 142 154 168 173 
1800 181 144 164 167 179 
1800 182 12 162 183 185 
1800 183 154 156 176 182 
1800 184 149 153 154 157 165 
1800 185 140 150 168 182 
1800 186 139 172 187 188 
1800 187 141 150 162 175 186 
1800 188 139 146 147 156 165 177 186 
1800 189 5 13 192 193 208 209 
1800 190 14 198 
1800 191 193 212 
1800 192 189 195 
1800 193 189 191 211 217 
1800 194 196 
1800 195 192 203 212 
1800 196 13 194 
1800 197 198 203 212 
1800 198 190 197 204 217 
1800 199 205 216 
1800 200 15 214 217 
1800 201 206 211 213 
1800 202 218 
1800 203 14 15 195 197 207 
1800 204 198 208 214 
1800 205 199 
1800 206 5 14 201 209 
1800 207 203 209 215 
1800 208 13 189 204 214 
1800 209 189 206 207 211 
1800 210 5 
1800 211 193 201 209 218 
1800 212 191 195 197 217 
1800 213 201 216 
1800 214 200 204 208 218 
1800 215 207 
1800 216 15 199 213 218 
1800 217 193 198 200 212 
1800 218 5 202 211 214 216 
1800 219 0 2 3 
1800 220 0 1 
1800 221 0 1 2 3 
1800 222 0 1 2 
1800 223 0 3 
1800 224 0 1 2 
1800 225 0 3 
1800 226 0 1 3 
1800 227 0 1 2 3 
1800 228 0 1 3 
1800 229 0 1 2 3 
1800 230 0 1 2 
1800 231 0 2 
1800 232 0 2 3 
1800 233 0 1 2 3 
1800 234 0 3 
1800 235 0 1 2 
1800 236 0 1 3 
1800 237 0 1 3 
1800 238 0 2 
1800 239 0 1 3 
1800 240 0 1 3 
1800 241 0 2 
1800 242 0 1 2 3 
1800 243 0 1 2 3 
1800 244 0 3 
1800 245 0 1 2 
1800 246 0 1 2 3 
1800 247 0 1 2 3 
1800 248 0 3 
