0 21600
1800 0 5 213 214 215 216 217 218 219 220 221 222 223 224 225 226 227 228 229 230 231 232 233 234 235 236 237 238 239 240 241 242 
1800 1 2 4 27 28 32 42 213 215 217 219 220 222 223 225 227 229 231 232 235 236 239 240 241 242 
1800 2 1 5 7 56 66 68 73 75 213 215 217 218 220 221 223 225 228 229 230 231 234 235 237 238 239 240 242 
1800 3 4 8 88 94 103 105 106 107 117 213 215 216 218 220 221 222 224 227 229 230 231 233 234 237 238 239 240 242 
1800 4 1 3 145 161 166 168 170 214 215 217 219 220 222 224 228 229 230 232 233 235 236 238 239 241 242 
1800 5 0 2 185 187 190 207 214 215 216 218 220 221 222 226 229 230 231 233 235 237 238 239 241 242 
1800 6 16 20 30 
1800 7 2 63 66 78 82 
1800 8 3 
1800 9 90 91 98 109 114 115 
1800 10 145 152 168 170 
1800 11 182 195 
1800 12 182 186 192 197 
1800 13 19 22 23 39 63 
1800 14 15 30 31 48 
1800 15 14 16 19 26 27 31 36 43 44 
1800 16 6 15 20 27 36 39 
1800 17 23 42 44 
1800 18 22 44 48 
1800 19 13 15 27 40 50 52 63 
1800 20 6 16 33 34 37 
1800 21 25 27 31 37 
1800 22 13 18 29 
1800 23 13 17 43 51 
1800 24 35 
1800 25 21 38 40 43 
1800 26 15 31 36 
1800 27 1 15 16 19 21 43 48 
1800 28 1 
1800 29 22 39 41 
1800 30 6 14 52 
1800 31 14 15 21 26 
1800 32 1 81 
1800 33 20 
1800 34 20 45 51 
1800 35 24 38 51 
1800 36 15 16 26 
1800 37 20 21 
1800 38 25 35 48 52 
1800 39 13 16 29 41 
1800 40 19 25 50 
1800 41 29 39 43 
1800 42 1 17 43 
1800 43 15 23 25 27 41 42 76 
1800 44 15 17 18 51 
1800 45 34 51 
1800 46 
1800 47 79 
1800 48 14 18 27 38 52 
1800 49 
1800 50 19 40 
1800 51 23 34 35 44 45 
1800 52 19 30 38 48 
1800 53 56 61 70 73 81 
1800 54 85 
1800 55 68 75 85 
1800 56 2 53 67 68 
1800 57 61 66 68 70 77 84 
1800 58 75 82 
1800 59 73 
1800 60 84 
1800 61 53 57 
1800 62 
1800 63 7 13 19 64 65 80 
1800 64 63 65 71 
1800 65 63 64 68 71 83 85 
1800 66 2 7 57 
1800 67 56 68 75 85 
1800 68 2 55 56 57 65 67 74 80 83 
1800 69 70 73 81 
1800 70 53 57 69 73 78 
1800 71 64 65 73 75 77 84 85 
1800 72 
1800 73 2 53 59 69 70 71 
1800 74 68 80 
1800 75 2 55 58 67 71 83 
1800 76 43 
1800 77 57 71 
1800 78 7 70 
1800 79 47 81 
1800 80 63 68 74 
1800 81 32 53 69 79 
1800 82 7 58 
1800 83 65 68 75 
1800 84 57 60 71 
1800 85 54 55 65 67 71 
1800 86 118 121 123 
1800 87 101 
1800 88 3 94 101 105 112 120 
1800 89 118 
1800 90 9 91 93 94 99 
1800 91 9 90 107 114 120 121 123 
1800 92 103 
1800 93 90 115 117 124 
1800 94 3 88 90 102 
1800 95 107 114 116 
1800 96 121 122 
1800 97 120 
1800 98 9 101 108 118 
1800 99 90 103 106 
1800 100 108 
1800 101 87 88 98 117 122 
1800 102 94 103 
1800 103 3 92 99 102 113 120 
1800 104 107 114 
1800 105 3 88 117 
1800 106 3 99 112 
1800 107 3 91 95 104 108 109 122 
1800 108 98 100 107 112 115 118 123 
1800 109 9 107 122 123 
1800 110 
1800 111 
1800 112 88 106 108 118 123 
1800 113 103 
1800 114 9 91 95 104 
1800 115 9 93 108 
1800 116 95 
1800 117 3 93 101 105 121 123 
1800 118 86 89 98 108 112 
1800 119 
1800 120 88 91 97 103 
1800 121 86 91 96 117 
1800 122 96 101 107 109 
1800 123 86 91 108 109 112 117 
1800 124 93 
1800 125 130 136 151 158 
1800 126 
1800 127 150 154 157 
1800 128 
1800 129 130 136 138 156 158 160 166 169 
1800 130 125 129 147 151 153 155 159 171 
1800 131 133 134 138 139 150 152 170 171 
1800 132 133 136 148 
1800 133 131 132 139 140 164 
1800 134 131 139 144 
1800 135 136 141 
1800 136 125 129 132 135 140 142 148 150 158 167 
1800 137 155 167 
1800 138 129 131 143 153 160 
1800 139 131 133 134 144 145 146 151 
1800 140 133 136 156 159 168 
1800 141 135 156 164 
1800 142 136 152 173 
1800 143 138 145 146 
1800 144 134 139 149 150 154 161 
1800 145 4 10 139 143 146 147 150 152 158 167 168 
1800 146 139 143 145 153 158 165 173 
1800 147 130 145 152 155 
1800 148 132 136 149 151 153 158 161 170 
1800 149 144 148 161 
1800 150 127 131 136 144 145 164 
1800 151 125 130 139 148 156 164 167 168 
1800 152 10 131 142 145 147 165 171 
1800 153 130 138 146 148 159 160 170 173 
1800 154 127 144 157 171 
1800 155 130 137 147 164 166 
1800 156 129 140 141 151 165 
1800 157 127 154 
1800 158 125 129 136 145 146 148 161 164 
1800 159 130 140 153 
1800 160 129 138 153 
1800 161 4 144 148 149 158 171 173 
1800 162 165 
1800 163 
1800 164 133 141 150 151 155 158 
1800 165 146 152 156 162 
1800 166 4 129 155 
1800 167 136 137 145 151 173 
1800 168 4 10 140 145 151 171 
1800 169 129 172 173 
1800 170 4 10 131 148 153 
1800 171 130 131 152 154 161 168 
1800 172 169 
1800 173 142 146 153 161 167 169 
1800 174 185 192 198 207 212 
1800 175 190 202 204 
1800 176 188 210 
1800 177 182 
1800 178 195 
1800 179 181 187 190 204 
1800 180 192 200 
1800 181 179 202 
1800 182 11 12 177 187 191 194 207 
1800 183 
1800 184 197 
1800 185 5 174 186 187 188 204 
1800 186 12 185 188 195 
1800 187 5 179 182 185 195 211 
1800 188 176 185 186 208 210 
1800 189 
1800 190 5 175 179 195 204 
1800 191 182 206 
1800 192 12 174 180 199 201 202 204 
1800 193 212 
1800 194 182 
1800 195 11 178 186 187 190 210 
1800 196 
1800 197 12 184 
1800 198 174 
1800 199 192 
1800 200 180 
1800 201 192 
1800 202 175 181 192 207 212 
1800 203 211 
1800 204 175 179 185 190 192 
1800 205 
1800 206 191 208 
1800 207 5 174 182 202 
1800 208 188 206 
1800 209 
1800 210 176 188 195 
1800 211 187 203 
1800 212 174 193 202 
1800 213 0 1 2 3 
1800 214 0 4 5 
1800 215 0 1 2 3 4 5 
1800 216 0 3 5 
1800 217 0 1 2 4 
1800 218 0 2 3 5 
1800 219 0 1 4 
1800 220 0 1 2 3 4 5 
1800 221 0 2 3 5 
1800 222 0 1 3 4 5 
1800 223 0 1 2 
1800 224 0 3 4 
1800 225 0 1 2 
1800 226 0 5 
1800 227 0 1 3 
1800 228 0 2 4 
1800 229 0 1 2 3 4 5 
1800 230 0 2 3 4 5 
1800 231 0 1 2 3 5 
1800 232 0 1 4 
1800 233 0 3 4 5 
1800 234 0 2 3 
1800 235 0 1 2 4 5 
1800 236 0 1 4 
1800 237 0 2 3 5 
1800 238 0 2 3 4 5 
1800 239 0 1 2 3 4 5 
1800 240 0 1 2 3 
1800 241 0 1 4 5 
1800 242 0 1 2 3 4 5 
