0 21600
1800 0 5 213 214 215 216 217 218 219 220 221 222 223 224 225 226 227 228 229 230 231 232 233 234 235 236 237 238 239 240 241 242 
1800 1 2 4 27 28 32 42 213 215 217 219 220 222 223 225 227 229 231 232 235 236 239 240 241 242 
1800 2 1 5 7 56 66 68 73 75 213 215 217 218 220 221 223 225 228 229 230 231 234 235 237 238 239 240 242 
1800 3 4 8 88 94 103 105 106 107 117 213 215 216 218 220 221 222 224 227 229 230 231 233 234 237 238 239 240 242 
1800 4 1 3 145 161 166 168 170 214 215 217 219 220 222 224 228 229 230 232 233 235 236 238 239 241 242 
1800 5 0 2 185 187 190 207 214 215 216 218 220 221 222 226 229 230 231 233 235 237 238 239 241 242 
1800 6 16 20 30 
1800 7 2 78 82 
1800 8 3 
1800 9 90 91 98 109 114 115 
1800 10 145 152 
1800 11 182 195 
1800 12 182 186 192 197 
1800 13 19 22 23 39 63 
1800 14 15 30 31 48 
1800 15 14 19 26 27 36 43 44 
1800 16 6 
1800 17 44 
1800 18 22 
1800 19 13 15 40 50 52 
1800 20 6 33 34 37 
1800 21 25 27 
1800 22 13 18 29 
1800 23 13 51 
1800 24 35 
1800 25 21 38 
1800 26 15 
1800 27 1 15 21 
1800 28 1 
1800 29 22 41 
1800 30 6 14 
1800 31 14 
1800 32 1 81 
1800 33 20 
1800 34 20 
1800 35 24 51 
1800 36 15 
1800 37 20 
1800 38 25 
1800 39 13 
1800 40 19 
1800 41 29 
1800 42 1 
1800 43 15 76 
1800 44 15 17 
1800 45 51 
1800 46 
1800 47 79 
1800 48 14 
1800 49 
1800 50 19 
1800 51 23 35 45 
1800 52 19 
1800 53 56 61 70 
1800 54 85 
1800 55 68 85 
1800 56 2 53 67 
1800 57 61 77 84 
1800 58 75 
1800 59 73 
1800 60 84 
1800 61 53 57 
1800 62 
1800 63 13 64 65 80 
1800 64 63 71 
1800 65 63 83 
1800 66 2 
1800 67 56 
1800 68 2 55 74 
1800 69 70 
1800 70 53 69 
1800 71 64 
1800 72 
1800 73 2 59 
1800 74 68 
1800 75 2 58 
1800 76 43 
1800 77 57 
1800 78 7 
1800 79 47 81 
1800 80 63 
1800 81 32 79 
1800 82 7 
1800 83 65 
1800 84 57 60 
1800 85 54 55 
1800 86 118 121 123 
1800 87 101 
1800 88 3 101 112 120 
1800 89 118 
1800 90 9 93 94 99 
1800 91 9 121 
1800 92 103 
1800 93 90 124 
1800 94 3 90 102 
1800 95 107 116 
1800 96 121 122 
1800 97 120 
1800 98 9 108 
1800 99 90 
1800 100 108 
1800 101 87 88 
1800 102 94 
1800 103 3 92 113 
1800 104 107 
1800 105 3 
1800 106 3 
1800 107 3 95 104 
1800 108 98 100 
1800 109 9 
1800 110 
1800 111 
1800 112 88 
1800 113 103 
1800 114 9 
1800 115 9 
1800 116 95 
1800 117 3 
1800 118 86 89 
1800 119 
1800 120 88 97 
1800 121 86 91 96 
1800 122 96 
1800 123 86 
1800 124 93 
1800 125 136 
1800 126 
1800 127 150 
1800 128 
1800 129 130 136 138 156 158 160 166 169 
1800 130 129 147 153 155 171 
1800 131 134 
1800 132 133 136 148 
1800 133 132 
1800 134 131 139 144 
1800 135 136 
1800 136 125 129 132 135 140 142 150 167 
1800 137 155 
1800 138 129 
1800 139 134 145 146 151 
1800 140 136 159 
1800 141 156 
1800 142 136 173 
1800 143 146 
1800 144 134 149 154 
1800 145 4 10 139 
1800 146 139 143 165 
1800 147 130 
1800 148 132 
1800 149 144 
1800 150 127 136 164 
1800 151 139 
1800 152 10 
1800 153 130 
1800 154 144 157 
1800 155 130 137 
1800 156 129 141 
1800 157 154 
1800 158 129 
1800 159 140 
1800 160 129 
1800 161 4 
1800 162 165 
1800 163 
1800 164 150 
1800 165 146 162 
1800 166 4 129 
1800 167 136 
1800 168 4 
1800 169 129 172 
1800 170 4 
1800 171 130 
1800 172 169 
1800 173 142 
1800 174 185 192 198 212 
1800 175 190 202 204 
1800 176 188 210 
1800 177 182 
1800 178 195 
1800 179 181 187 
1800 180 192 200 
1800 181 179 
1800 182 11 12 177 191 194 
1800 183 
1800 184 197 
1800 185 5 174 188 
1800 186 12 
1800 187 5 179 211 
1800 188 176 185 208 
1800 189 
1800 190 5 175 
1800 191 182 206 
1800 192 12 174 180 199 201 
1800 193 212 
1800 194 182 
1800 195 11 178 
1800 196 
1800 197 12 184 
1800 198 174 
1800 199 192 
1800 200 180 
1800 201 192 
1800 202 175 
1800 203 211 
1800 204 175 
1800 205 
1800 206 191 
1800 207 5 
1800 208 188 
1800 209 
1800 210 176 
1800 211 187 203 
1800 212 174 193 
1800 213 0 1 2 3 
1800 214 0 4 5 
1800 215 0 1 2 3 4 5 
1800 216 0 3 5 
1800 217 0 1 2 4 
1800 218 0 2 3 5 
1800 219 0 1 4 
1800 220 0 1 2 3 4 5 
1800 221 0 2 3 5 
1800 222 0 1 3 4 5 
1800 223 0 1 2 
1800 224 0 3 4 
1800 225 0 1 2 
1800 226 0 5 
1800 227 0 1 3 
1800 228 0 2 4 
1800 229 0 1 2 3 4 5 
1800 230 0 2 3 4 5 
1800 231 0 1 2 3 5 
1800 232 0 1 4 
1800 233 0 3 4 5 
1800 234 0 2 3 
1800 235 0 1 2 4 5 
1800 236 0 1 4 
1800 237 0 2 3 5 
1800 238 0 2 3 4 5 
1800 239 0 1 2 3 4 5 
1800 240 0 1 2 3 
1800 241 0 1 4 5 
1800 242 0 1 2 3 4 5 
