0 21600
0 0 3 4 5 229 230 231 232 233 234 235 236 237 238 239 240 241 242 243 244 245 246 247 248 249 250 251 252 253 254 255 256 257 258 
0 1 43 44 45 
0 2 84 85 86 
0 3 0 126 127 231 233 237 241 242 245 247 250 253 255 256 
0 4 0 139 140 230 232 235 238 240 241 245 247 248 252 254 257 258 
0 5 0 227 228 231 234 237 238 240 244 248 249 251 254 256 258 
0 6 43 
0 7 43 
0 8 43 
0 9 84 
0 10 125 
0 11 132 138 
0 12 137 177 
0 13 225 227 
0 14 225 
0 15 43 
0 16 43 
0 17 43 
0 18 43 
0 19 43 
0 20 43 
0 21 43 
0 22 43 
0 23 43 
0 24 41 44 
0 25 43 
0 26 43 
0 27 29 44 
0 28 32 
0 29 27 33 42 
0 30 43 
0 31 43 
0 32 28 44 
0 33 29 
0 34 43 
0 35 38 45 
0 36 43 
0 37 43 
0 38 35 
0 39 43 
0 40 43 
0 41 24 
0 42 29 
0 43 1 6 7 8 15 16 17 18 19 20 21 22 23 25 26 30 31 34 36 37 39 40 
0 44 1 24 27 32 
0 45 1 35 
0 46 82 84 
0 47 84 
0 48 84 
0 49 84 
0 50 84 
0 51 84 
0 52 83 84 
0 53 84 
0 54 84 
0 55 80 81 84 
0 56 84 
0 57 82 
0 58 84 
0 59 80 
0 60 84 
0 61 84 
0 62 84 
0 63 84 
0 64 84 
0 65 84 
0 66 84 
0 67 84 
0 68 84 
0 69 84 
0 70 81 
0 71 84 
0 72 81 
0 73 84 
0 74 84 
0 75 84 
0 76 84 
0 77 84 
0 78 84 
0 79 84 
0 80 55 59 
0 81 55 70 72 
0 82 46 57 
0 83 52 
0 84 2 9 46 47 48 49 50 51 52 53 54 55 56 58 60 61 62 63 64 65 66 67 68 69 71 73 74 75 76 77 78 79 
0 85 2 
0 86 2 
0 87 125 
0 88 125 
0 89 121 
0 90 125 
0 91 125 
0 92 124 125 
0 93 125 
0 94 123 
0 95 125 
0 96 106 126 
0 97 125 
0 98 123 
0 99 125 
0 100 125 
0 101 125 
0 102 125 
0 103 123 
0 104 125 
0 105 124 
0 106 96 111 
0 107 109 121 
0 108 124 
0 109 107 125 
0 110 122 123 
0 111 106 
0 112 123 
0 113 125 
0 114 125 
0 115 125 
0 116 125 
0 117 125 
0 118 125 
0 119 125 
0 120 125 
0 121 89 107 
0 122 110 
0 123 94 98 103 110 112 128 
0 124 92 105 108 
0 125 10 87 88 90 91 92 93 95 97 99 100 101 102 104 109 113 114 115 116 117 118 119 120 128 129 130 131 
0 126 3 96 131 
0 127 3 
0 128 123 125 
0 129 125 
0 130 125 
0 131 125 126 
0 132 11 140 181 
0 133 176 
0 134 152 165 170 
0 135 181 
0 136 142 180 
0 137 12 181 
0 138 11 153 
0 139 4 159 
0 140 4 132 
0 141 175 176 180 
0 142 136 
0 143 180 181 
0 144 179 181 
0 145 177 
0 146 179 
0 147 176 
0 148 179 
0 149 177 
0 150 179 
0 151 177 
0 152 134 177 
0 153 138 157 
0 154 159 168 
0 155 157 
0 156 177 
0 157 153 155 
0 158 178 179 
0 159 139 154 
0 160 177 
0 161 179 
0 162 177 
0 163 179 
0 164 176 
0 165 134 
0 166 181 
0 167 177 
0 168 154 
0 169 177 
0 170 134 
0 171 175 
0 172 175 
0 173 181 
0 174 177 
0 175 141 171 172 
0 176 133 141 147 164 
0 177 12 145 149 151 152 156 160 162 167 169 174 
0 178 158 
0 179 144 146 148 150 158 161 163 
0 180 136 141 143 
0 181 132 135 137 143 144 166 173 
0 182 224 225 
0 183 226 227 
0 184 225 
0 185 217 
0 186 196 
0 187 225 
0 188 225 
0 189 225 
0 190 225 
0 191 225 
0 192 226 
0 193 220 222 
0 194 225 
0 195 226 
0 196 186 227 
0 197 220 221 
0 198 225 
0 199 225 
0 200 226 
0 201 225 
0 202 225 
0 203 225 
0 204 226 
0 205 225 
0 206 225 
0 207 224 
0 208 225 
0 209 
0 210 225 
0 211 226 
0 212 224 
0 213 225 
0 214 225 
0 215 225 
0 216 225 
0 217 185 223 
0 218 225 
0 219 225 
0 220 193 197 227 
0 221 197 
0 222 193 
0 223 217 227 
0 224 182 207 212 
0 225 13 14 182 184 187 188 189 190 191 194 198 199 201 202 203 205 206 208 210 213 214 215 216 218 219 
0 226 183 192 195 200 204 211 
0 227 5 13 183 196 220 223 
0 228 5 
0 229 0 
0 230 0 4 
0 231 0 3 5 
0 232 0 4 
0 233 0 3 
0 234 0 5 
0 235 0 4 
0 236 0 
0 237 0 3 5 
0 238 0 4 5 
0 239 0 
0 240 0 4 5 
0 241 0 3 4 
0 242 0 3 
0 243 0 
0 244 0 5 
0 245 0 3 4 
0 246 0 
0 247 0 3 4 
0 248 0 4 5 
0 249 0 5 
0 250 0 3 
0 251 0 5 
0 252 0 4 
0 253 0 3 
0 254 0 4 5 
0 255 0 3 
0 256 0 3 5 
0 257 0 4 
0 258 0 4 5 
1800 0 3 4 5 229 230 231 232 233 234 235 236 237 238 239 240 241 242 243 244 245 246 247 248 249 250 251 252 253 254 255 256 257 258 
1800 1 43 44 45 
1800 2 84 85 86 
1800 3 0 126 127 231 233 237 241 242 245 247 250 253 255 256 
1800 4 0 139 140 230 232 235 238 240 241 245 247 248 252 254 257 258 
1800 5 0 227 228 231 234 237 238 240 244 248 249 251 254 256 258 
1800 6 43 
1800 7 43 
1800 8 43 
1800 9 84 
1800 10 125 
1800 11 177 181 
1800 12 137 
1800 13 225 227 
1800 14 225 
1800 15 43 
1800 16 43 
1800 17 43 
1800 18 43 
1800 19 29 44 
1800 20 43 
1800 21 43 
1800 22 38 44 
1800 23 43 
1800 24 37 39 40 
1800 25 43 
1800 26 43 
1800 27 29 
1800 28 38 
1800 29 19 27 33 
1800 30 43 
1800 31 43 
1800 32 43 
1800 33 29 
1800 34 43 
1800 35 38 
1800 36 43 
1800 37 24 44 
1800 38 22 28 35 
1800 39 24 
1800 40 24 41 
1800 41 40 
1800 42 43 
1800 43 1 6 7 8 15 16 17 18 20 21 23 25 26 30 31 32 34 36 42 
1800 44 1 19 22 37 
1800 45 1 
1800 46 82 84 
1800 47 84 
1800 48 83 85 
1800 49 84 
1800 50 84 
1800 51 83 
1800 52 83 
1800 53 84 
1800 54 84 
1800 55 80 81 84 
1800 56 84 
1800 57 81 
1800 58 84 
1800 59 80 
1800 60 84 
1800 61 84 
1800 62 84 
1800 63 84 
1800 64 84 
1800 65 84 
1800 66 84 
1800 67 84 
1800 68 84 
1800 69 84 
1800 70 81 
1800 71 84 
1800 72 84 
1800 73 84 
1800 74 84 
1800 75 84 
1800 76 84 
1800 77 84 
1800 78 84 
1800 79 84 
1800 80 55 59 
1800 81 55 57 70 
1800 82 46 
1800 83 48 51 52 
1800 84 2 9 46 47 49 50 53 54 55 56 58 60 61 62 63 64 65 66 67 68 69 71 72 73 74 75 76 77 78 79 
1800 85 2 48 
1800 86 2 
1800 87 125 
1800 88 125 
1800 89 121 
1800 90 125 
1800 91 125 
1800 92 124 125 
1800 93 125 
1800 94 123 
1800 95 125 
1800 96 106 126 
1800 97 125 
1800 98 125 
1800 99 125 
1800 100 125 
1800 101 125 
1800 102 125 
1800 103 124 
1800 104 125 
1800 105 125 
1800 106 96 111 
1800 107 109 
1800 108 124 
1800 109 107 125 
1800 110 122 123 
1800 111 106 118 120 
1800 112 123 
1800 113 125 
1800 114 125 
1800 115 125 
1800 116 125 
1800 117 125 
1800 118 111 
1800 119 125 
1800 120 111 
1800 121 89 124 
1800 122 110 
1800 123 94 110 112 128 
1800 124 92 103 108 121 
1800 125 10 87 88 90 91 92 93 95 97 98 99 100 101 102 104 105 109 113 114 115 116 117 119 128 129 130 131 
1800 126 3 96 131 
1800 127 3 
1800 128 123 125 
1800 129 125 
1800 130 125 
1800 131 125 126 
1800 132 139 181 
1800 133 181 
1800 134 160 165 170 
1800 135 181 
1800 136 142 180 
1800 137 12 181 
1800 138 181 
1800 139 4 132 141 159 160 
1800 140 4 
1800 141 139 180 
1800 142 136 
1800 143 181 
1800 144 179 181 
1800 145 177 
1800 146 181 
1800 147 181 
1800 148 179 
1800 149 181 
1800 150 181 
1800 151 176 177 
1800 152 177 
1800 153 157 
1800 154 159 168 
1800 155 157 
1800 156 181 
1800 157 153 155 180 
1800 158 180 
1800 159 139 154 
1800 160 134 139 
1800 161 181 
1800 162 181 
1800 163 179 
1800 164 181 
1800 165 134 
1800 166 178 179 
1800 167 181 
1800 168 154 
1800 169 181 
1800 170 134 
1800 171 180 
1800 172 181 
1800 173 177 
1800 174 181 
1800 175 176 
1800 176 151 175 
1800 177 11 145 151 152 173 
1800 178 166 
1800 179 144 148 163 166 
1800 180 136 141 157 158 171 
1800 181 11 132 133 135 137 138 143 144 146 147 149 150 156 161 162 164 167 169 172 174 
1800 182 224 225 
1800 183 226 227 
1800 184 225 
1800 185 199 
1800 186 193 
1800 187 225 
1800 188 226 
1800 189 225 
1800 190 225 
1800 191 225 
1800 192 225 
1800 193 186 197 222 
1800 194 225 
1800 195 226 
1800 196 225 
1800 197 193 220 221 
1800 198 225 
1800 199 185 227 
1800 200 226 
1800 201 225 
1800 202 226 
1800 203 225 
1800 204 226 
1800 205 216 
1800 206 209 227 
1800 207 224 
1800 208 223 226 
1800 209 206 
1800 210 225 
1800 211 226 
1800 212 224 
1800 213 225 
1800 214 225 
1800 215 225 
1800 216 205 225 
1800 217 223 
1800 218 225 
1800 219 225 
1800 220 197 225 
1800 221 197 
1800 222 193 
1800 223 208 217 
1800 224 182 207 212 
1800 225 13 14 182 184 187 189 190 191 192 194 196 198 201 203 210 213 214 215 216 218 219 220 
1800 226 183 188 195 200 202 204 208 211 
1800 227 5 13 183 199 206 
1800 228 5 
1800 229 0 
1800 230 0 4 
1800 231 0 3 5 
1800 232 0 4 
1800 233 0 3 
1800 234 0 5 
1800 235 0 4 
1800 236 0 
1800 237 0 3 5 
1800 238 0 4 5 
1800 239 0 
1800 240 0 4 5 
1800 241 0 3 4 
1800 242 0 3 
1800 243 0 
1800 244 0 5 
1800 245 0 3 4 
1800 246 0 
1800 247 0 3 4 
1800 248 0 4 5 
1800 249 0 5 
1800 250 0 3 
1800 251 0 5 
1800 252 0 4 
1800 253 0 3 
1800 254 0 4 5 
1800 255 0 3 
1800 256 0 3 5 
1800 257 0 4 
1800 258 0 4 5 
3600 0 3 4 5 229 230 231 232 233 234 235 236 237 238 239 240 241 242 243 244 245 246 247 248 249 250 251 252 253 254 255 256 257 258 
3600 1 43 44 45 
3600 2 84 85 86 
3600 3 0 126 127 231 233 237 241 242 245 247 250 253 255 256 
3600 4 0 12 139 230 232 235 238 240 241 245 247 248 252 254 257 258 
3600 5 0 227 228 231 234 237 238 240 244 248 249 251 254 256 258 
3600 6 43 
3600 7 43 
3600 8 43 
3600 9 84 
3600 10 125 
3600 11 132 135 138 
3600 12 4 132 
3600 13 225 227 
3600 14 225 
3600 15 43 
3600 16 43 
3600 17 43 
3600 18 43 
3600 19 43 
3600 20 43 
3600 21 43 
3600 22 43 
3600 23 43 
3600 24 37 39 40 
3600 25 29 44 
3600 26 43 
3600 27 29 
3600 28 33 
3600 29 25 27 33 
3600 30 43 
3600 31 43 
3600 32 43 
3600 33 28 29 
3600 34 43 
3600 35 38 45 
3600 36 43 
3600 37 24 44 
3600 38 35 
3600 39 24 
3600 40 24 
3600 41 
3600 42 43 
3600 43 1 6 7 8 15 16 17 18 19 20 21 22 23 26 30 31 32 34 36 42 
3600 44 1 25 37 
3600 45 1 35 
3600 46 84 
3600 47 84 
3600 48 84 
3600 49 84 
3600 50 84 
3600 51 84 
3600 52 84 
3600 53 84 
3600 54 84 
3600 55 80 81 84 
3600 56 84 
3600 57 81 82 
3600 58 84 
3600 59 81 
3600 60 84 
3600 61 84 
3600 62 84 
3600 63 84 
3600 64 84 
3600 65 84 
3600 66 84 
3600 67 84 
3600 68 83 84 
3600 69 84 
3600 70 81 
3600 71 84 
3600 72 81 
3600 73 84 
3600 74 84 
3600 75 84 
3600 76 84 
3600 77 84 
3600 78 84 
3600 79 83 
3600 80 55 
3600 81 55 57 59 70 72 
3600 82 57 
3600 83 68 79 
3600 84 2 9 46 47 48 49 50 51 52 53 54 55 56 58 60 61 62 63 64 65 66 67 68 69 71 73 74 75 76 77 78 
3600 85 2 
3600 86 2 
3600 87 125 
3600 88 125 
3600 89 121 
3600 90 125 
3600 91 125 
3600 92 124 125 
3600 93 125 
3600 94 125 
3600 95 125 
3600 96 125 
3600 97 125 
3600 98 124 
3600 99 125 
3600 100 125 
3600 101 125 
3600 102 125 
3600 103 124 
3600 104 125 
3600 105 124 
3600 106 111 
3600 107 109 
3600 108 124 
3600 109 107 125 
3600 110 122 123 
3600 111 106 126 
3600 112 123 
3600 113 125 
3600 114 125 
3600 115 125 
3600 116 125 
3600 117 125 
3600 118 125 
3600 119 125 
3600 120 125 
3600 121 89 124 
3600 122 110 
3600 123 110 112 128 
3600 124 92 98 103 105 108 121 
3600 125 10 87 88 90 91 92 93 94 95 96 97 99 100 101 102 104 109 113 114 115 116 117 118 119 120 128 129 130 131 
3600 126 3 111 131 
3600 127 3 
3600 128 123 125 
3600 129 125 
3600 130 125 
3600 131 125 126 
3600 132 11 12 181 
3600 133 177 
3600 134 158 165 170 
3600 135 11 153 
3600 136 142 180 
3600 137 140 181 
3600 138 11 
3600 139 4 158 169 
3600 140 137 177 
3600 141 179 180 181 
3600 142 136 
3600 143 180 
3600 144 178 179 
3600 145 177 
3600 146 179 
3600 147 180 
3600 148 179 
3600 149 177 
3600 150 181 
3600 151 177 
3600 152 177 
3600 153 135 155 
3600 154 168 
3600 155 153 157 
3600 156 177 
3600 157 155 
3600 158 134 139 
3600 159 168 178 
3600 160 177 
3600 161 179 
3600 162 177 
3600 163 178 
3600 164 175 181 
3600 165 134 
3600 166 178 
3600 167 177 
3600 168 154 159 
3600 169 139 
3600 170 134 
3600 171 177 
3600 172 176 177 
3600 173 177 
3600 174 177 
3600 175 164 
3600 176 172 
3600 177 133 140 145 149 151 152 156 160 162 167 171 172 173 174 
3600 178 144 159 163 166 
3600 179 141 144 146 148 161 
3600 180 136 141 143 147 
3600 181 132 137 141 150 164 
3600 182 225 226 
3600 183 226 
3600 184 225 
3600 185 223 
3600 186 207 
3600 187 225 
3600 188 225 
3600 189 225 
3600 190 225 
3600 191 209 227 
3600 192 226 
3600 193 222 226 
3600 194 226 
3600 195 209 
3600 196 226 
3600 197 221 
3600 198 225 
3600 199 225 
3600 200 226 
3600 201 225 
3600 202 225 
3600 203 225 
3600 204 226 
3600 205 225 
3600 206 226 
3600 207 186 224 
3600 208 225 
3600 209 191 195 
3600 210 225 
3600 211 226 
3600 212 225 
3600 213 225 
3600 214 225 
3600 215 225 
3600 216 225 
3600 217 223 
3600 218 225 
3600 219 225 
3600 220 225 
3600 221 197 226 
3600 222 193 
3600 223 185 217 228 
3600 224 207 227 
3600 225 13 14 182 184 187 188 189 190 198 199 201 202 203 205 208 210 212 213 214 215 216 218 219 220 
3600 226 182 183 192 193 194 196 200 204 206 211 221 
3600 227 5 13 191 224 
3600 228 5 223 
3600 229 0 
3600 230 0 4 
3600 231 0 3 5 
3600 232 0 4 
3600 233 0 3 
3600 234 0 5 
3600 235 0 4 
3600 236 0 
3600 237 0 3 5 
3600 238 0 4 5 
3600 239 0 
3600 240 0 4 5 
3600 241 0 3 4 
3600 242 0 3 
3600 243 0 
3600 244 0 5 
3600 245 0 3 4 
3600 246 0 
3600 247 0 3 4 
3600 248 0 4 5 
3600 249 0 5 
3600 250 0 3 
3600 251 0 5 
3600 252 0 4 
3600 253 0 3 
3600 254 0 4 5 
3600 255 0 3 
3600 256 0 3 5 
3600 257 0 4 
3600 258 0 4 5 
5400 0 3 4 5 229 230 231 232 233 234 235 236 237 238 239 240 241 242 243 244 245 246 247 248 249 250 251 252 253 254 255 256 257 258 
5400 1 43 44 45 
5400 2 84 85 86 
5400 3 0 126 127 231 233 237 241 242 245 247 250 253 255 256 
5400 4 0 139 140 230 232 235 238 240 241 245 247 248 252 254 257 258 
5400 5 0 227 228 231 234 237 238 240 244 248 249 251 254 256 258 
5400 6 43 
5400 7 43 
5400 8 43 
5400 9 84 
5400 10 125 
5400 11 135 138 
5400 12 132 
5400 13 225 227 
5400 14 225 
5400 15 43 
5400 16 43 
5400 17 43 
5400 18 43 
5400 19 43 
5400 20 41 44 
5400 21 43 
5400 22 43 
5400 23 43 
5400 24 39 40 42 
5400 25 43 
5400 26 43 
5400 27 43 
5400 28 32 35 
5400 29 33 
5400 30 43 
5400 31 43 
5400 32 28 44 
5400 33 29 43 
5400 34 41 
5400 35 28 38 
5400 36 43 
5400 37 43 
5400 38 35 
5400 39 24 44 
5400 40 24 
5400 41 20 34 
5400 42 24 
5400 43 1 6 7 8 15 16 17 18 19 21 22 23 25 26 27 30 31 33 36 37 
5400 44 1 20 32 39 
5400 45 1 
5400 46 82 84 
5400 47 84 
5400 48 84 
5400 49 84 
5400 50 84 
5400 51 84 
5400 52 83 84 
5400 53 84 
5400 54 84 
5400 55 80 81 84 
5400 56 84 
5400 57 81 
5400 58 84 
5400 59 81 
5400 60 84 
5400 61 84 
5400 62 84 
5400 63 84 
5400 64 84 
5400 65 84 
5400 66 84 
5400 67 84 
5400 68 84 
5400 69 84 
5400 70 81 
5400 71 84 
5400 72 81 
5400 73 84 
5400 74 84 
5400 75 84 
5400 76 84 
5400 77 84 
5400 78 84 
5400 79 84 
5400 80 55 
5400 81 55 57 59 70 72 
5400 82 46 
5400 83 52 
5400 84 2 9 46 47 48 49 50 51 52 53 54 55 56 58 60 61 62 63 64 65 66 67 68 69 71 73 74 75 76 77 78 79 
5400 85 2 
5400 86 2 
5400 87 125 
5400 88 125 
5400 89 121 
5400 90 125 
5400 91 125 
5400 92 124 125 
5400 93 125 
5400 94 124 
5400 95 125 
5400 96 106 126 
5400 97 125 
5400 98 125 
5400 99 125 
5400 100 125 
5400 101 125 
5400 102 125 
5400 103 125 
5400 104 107 126 
5400 105 125 
5400 106 96 111 
5400 107 104 109 
5400 108 124 
5400 109 107 
5400 110 122 123 124 
5400 111 106 
5400 112 122 
5400 113 125 
5400 114 125 
5400 115 125 
5400 116 125 
5400 117 125 
5400 118 125 
5400 119 125 
5400 120 125 
5400 121 89 124 
5400 122 110 112 
5400 123 110 
5400 124 92 94 108 110 121 
5400 125 10 87 88 90 91 92 93 95 97 98 99 100 101 102 103 105 113 114 115 116 117 118 119 120 128 129 130 131 
5400 126 3 96 104 131 
5400 127 3 
5400 128 125 
5400 129 125 
5400 130 125 
5400 131 125 126 
5400 132 12 139 181 
5400 133 134 177 
5400 134 133 165 170 
5400 135 11 181 
5400 136 142 180 
5400 137 181 
5400 138 11 153 
5400 139 4 132 159 
5400 140 4 
5400 141 175 176 180 
5400 142 136 
5400 143 180 181 
5400 144 178 179 181 
5400 145 177 181 
5400 146 179 
5400 147 176 
5400 148 179 
5400 149 177 
5400 150 179 
5400 151 177 
5400 152 174 177 
5400 153 138 
5400 154 159 168 
5400 155 157 
5400 156 177 
5400 157 155 180 
5400 158 179 
5400 159 139 154 
5400 160 177 
5400 161 179 
5400 162 177 
5400 163 179 
5400 164 176 
5400 165 134 
5400 166 179 
5400 167 177 
5400 168 154 
5400 169 181 
5400 170 134 
5400 171 175 
5400 172 175 
5400 173 176 
5400 174 152 
5400 175 141 171 172 
5400 176 141 147 164 173 
5400 177 133 145 149 151 152 156 160 162 167 
5400 178 144 
5400 179 144 146 148 150 158 161 163 166 
5400 180 136 141 143 157 
5400 181 132 135 137 143 144 145 169 
5400 182 224 225 
5400 183 226 227 
5400 184 225 
5400 185 209 217 
5400 186 207 
5400 187 225 
5400 188 225 
5400 189 226 
5400 190 225 
5400 191 225 
5400 192 225 
5400 193 222 223 
5400 194 226 
5400 195 226 
5400 196 225 
5400 197 221 
5400 198 225 
5400 199 225 
5400 200 226 
5400 201 225 
5400 202 225 
5400 203 225 
5400 204 226 
5400 205 225 
5400 206 225 
5400 207 186 224 
5400 208 225 
5400 209 185 
5400 210 225 
5400 211 226 
5400 212 224 
5400 213 225 
5400 214 225 
5400 215 225 
5400 216 225 
5400 217 185 223 
5400 218 225 
5400 219 225 
5400 220 223 225 
5400 221 197 226 
5400 222 193 
5400 223 193 217 220 
5400 224 182 207 212 
5400 225 13 14 182 184 187 188 190 191 192 196 198 199 201 202 203 205 206 208 210 213 214 215 216 218 219 220 
5400 226 183 189 194 195 200 204 211 221 
5400 227 5 13 183 
5400 228 5 
5400 229 0 
5400 230 0 4 
5400 231 0 3 5 
5400 232 0 4 
5400 233 0 3 
5400 234 0 5 
5400 235 0 4 
5400 236 0 
5400 237 0 3 5 
5400 238 0 4 5 
5400 239 0 
5400 240 0 4 5 
5400 241 0 3 4 
5400 242 0 3 
5400 243 0 
5400 244 0 5 
5400 245 0 3 4 
5400 246 0 
5400 247 0 3 4 
5400 248 0 4 5 
5400 249 0 5 
5400 250 0 3 
5400 251 0 5 
5400 252 0 4 
5400 253 0 3 
5400 254 0 4 5 
5400 255 0 3 
5400 256 0 3 5 
5400 257 0 4 
5400 258 0 4 5 
7200 0 3 4 5 229 230 231 232 233 234 235 236 237 238 239 240 241 242 243 244 245 246 247 248 249 250 251 252 253 254 255 256 257 258 
7200 1 43 44 45 
7200 2 84 85 86 
7200 3 0 126 127 231 233 237 241 242 245 247 250 253 255 256 
7200 4 0 139 140 230 232 235 238 240 241 245 247 248 252 254 257 258 
7200 5 0 227 228 231 234 237 238 240 244 248 249 251 254 256 258 
7200 6 43 
7200 7 43 
7200 8 43 
7200 9 84 
7200 10 125 
7200 11 132 135 137 138 
7200 12 137 
7200 13 225 227 
7200 14 225 
7200 15 43 
7200 16 43 
7200 17 43 
7200 18 43 
7200 19 43 
7200 20 43 
7200 21 43 
7200 22 43 
7200 23 43 
7200 24 37 39 40 
7200 25 43 
7200 26 43 
7200 27 43 
7200 28 38 44 
7200 29 33 
7200 30 43 
7200 31 41 44 
7200 32 43 
7200 33 29 44 
7200 34 43 
7200 35 38 
7200 36 43 
7200 37 24 44 
7200 38 28 35 
7200 39 24 
7200 40 24 
7200 41 31 
7200 42 43 
7200 43 1 6 7 8 15 16 17 18 19 20 21 22 23 25 26 27 30 32 34 36 42 
7200 44 1 28 31 33 37 
7200 45 1 
7200 46 82 84 
7200 47 84 
7200 48 84 
7200 49 83 85 
7200 50 84 
7200 51 84 
7200 52 82 
7200 53 84 
7200 54 84 
7200 55 81 82 
7200 56 84 
7200 57 81 
7200 58 84 
7200 59 80 
7200 60 84 
7200 61 84 
7200 62 84 
7200 63 84 
7200 64 84 
7200 65 84 
7200 66 84 
7200 67 84 
7200 68 84 
7200 69 84 
7200 70 81 
7200 71 84 
7200 72 83 
7200 73 84 
7200 74 84 
7200 75 84 
7200 76 84 
7200 77 84 
7200 78 84 
7200 79 84 
7200 80 59 85 
7200 81 55 57 70 
7200 82 46 52 55 
7200 83 49 72 
7200 84 2 9 46 47 48 50 51 53 54 56 58 60 61 62 63 64 65 66 67 68 69 71 73 74 75 76 77 78 79 
7200 85 2 49 80 
7200 86 2 
7200 87 125 
7200 88 125 
7200 89 124 
7200 90 125 
7200 91 125 
7200 92 124 125 
7200 93 125 
7200 94 124 
7200 95 125 
7200 96 125 
7200 97 125 
7200 98 123 
7200 99 125 
7200 100 125 
7200 101 125 
7200 102 124 
7200 103 123 
7200 104 125 
7200 105 124 
7200 106 111 120 
7200 107 111 
7200 108 124 
7200 109 124 
7200 110 123 
7200 111 106 107 127 
7200 112 123 
7200 113 125 
7200 114 125 
7200 115 125 
7200 116 125 
7200 117 125 
7200 118 125 
7200 119 125 
7200 120 106 
7200 121 124 
7200 122 125 
7200 123 98 103 110 112 128 
7200 124 89 92 94 102 105 108 109 121 
7200 125 10 87 88 90 91 92 93 95 96 97 99 100 101 104 113 114 115 116 117 118 119 122 128 129 130 131 
7200 126 3 131 
7200 127 3 111 
7200 128 123 125 
7200 129 125 
7200 130 125 
7200 131 125 126 
7200 132 11 140 181 
7200 133 177 
7200 134 152 165 170 
7200 135 11 153 
7200 136 157 
7200 137 11 12 
7200 138 11 
7200 139 4 159 
7200 140 4 132 
7200 141 176 179 180 
7200 142 178 
7200 143 180 181 
7200 144 178 179 
7200 145 177 181 
7200 146 181 
7200 147 177 
7200 148 179 
7200 149 181 
7200 150 181 
7200 151 179 
7200 152 134 181 
7200 153 135 
7200 154 159 
7200 155 180 
7200 156 179 
7200 157 136 179 
7200 158 178 
7200 159 139 154 
7200 160 179 
7200 161 180 
7200 162 177 
7200 163 179 
7200 164 177 
7200 165 134 
7200 166 179 
7200 167 179 
7200 168 178 
7200 169 177 
7200 170 134 
7200 171 176 
7200 172 176 
7200 173 176 
7200 174 179 
7200 175 179 
7200 176 141 171 172 173 
7200 177 133 145 147 162 164 169 
7200 178 142 144 158 168 
7200 179 141 144 148 151 156 157 160 163 166 167 174 175 
7200 180 141 143 155 161 
7200 181 132 143 145 146 149 150 152 
7200 182 226 227 
7200 183 226 
7200 184 225 
7200 185 217 
7200 186 206 222 
7200 187 225 
7200 188 225 
7200 189 225 
7200 190 225 
7200 191 225 
7200 192 225 
7200 193 220 
7200 194 225 
7200 195 226 
7200 196 225 
7200 197 221 
7200 198 225 
7200 199 225 
7200 200 226 
7200 201 225 
7200 202 225 
7200 203 225 
7200 204 226 
7200 205 228 
7200 206 186 227 
7200 207 222 
7200 208 225 
7200 209 217 
7200 210 225 
7200 211 226 
7200 212 224 225 
7200 213 225 
7200 214 226 
7200 215 225 
7200 216 228 
7200 217 185 209 226 
7200 218 225 
7200 219 225 
7200 220 193 225 
7200 221 197 227 
7200 222 186 207 
7200 223 225 
7200 224 212 
7200 225 13 14 184 187 188 189 190 191 192 194 196 198 199 201 202 203 208 210 212 213 215 218 219 220 223 
7200 226 182 183 195 200 204 211 214 217 
7200 227 5 13 182 206 221 
7200 228 5 205 216 
7200 229 0 
7200 230 0 4 
7200 231 0 3 5 
7200 232 0 4 
7200 233 0 3 
7200 234 0 5 
7200 235 0 4 
7200 236 0 
7200 237 0 3 5 
7200 238 0 4 5 
7200 239 0 
7200 240 0 4 5 
7200 241 0 3 4 
7200 242 0 3 
7200 243 0 
7200 244 0 5 
7200 245 0 3 4 
7200 246 0 
7200 247 0 3 4 
7200 248 0 4 5 
7200 249 0 5 
7200 250 0 3 
7200 251 0 5 
7200 252 0 4 
7200 253 0 3 
7200 254 0 4 5 
7200 255 0 3 
7200 256 0 3 5 
7200 257 0 4 
7200 258 0 4 5 
9000 0 3 4 5 229 230 231 232 233 234 235 236 237 238 239 240 241 242 243 244 245 246 247 248 249 250 251 252 253 254 255 256 257 258 
9000 1 43 44 45 
9000 2 84 85 86 
9000 3 0 126 127 231 233 237 241 242 245 247 250 253 255 256 
9000 4 0 139 140 230 232 235 238 240 241 245 247 248 252 254 257 258 
9000 5 0 227 228 231 234 237 238 240 244 248 249 251 254 256 258 
9000 6 43 
9000 7 43 
9000 8 43 
9000 9 84 
9000 10 125 
9000 11 132 138 
9000 12 176 177 181 
9000 13 225 227 
9000 14 225 
9000 15 43 
9000 16 43 
9000 17 43 
9000 18 43 
9000 19 39 43 
9000 20 43 
9000 21 43 
9000 22 43 
9000 23 43 
9000 24 37 
9000 25 40 43 
9000 26 43 
9000 27 43 
9000 28 31 
9000 29 33 34 42 
9000 30 43 
9000 31 28 43 
9000 32 41 43 
9000 33 29 43 
9000 34 29 
9000 35 38 45 
9000 36 43 
9000 37 24 44 
9000 38 35 
9000 39 19 
9000 40 25 
9000 41 32 
9000 42 29 
9000 43 1 6 7 8 15 16 17 18 19 20 21 22 23 25 26 27 30 31 32 33 36 
9000 44 1 37 
9000 45 1 35 
9000 46 82 84 
9000 47 84 
9000 48 84 
9000 49 84 
9000 50 84 
9000 51 84 
9000 52 83 84 
9000 53 84 
9000 54 84 
9000 55 81 82 
9000 56 84 
9000 57 81 
9000 58 84 
9000 59 80 
9000 60 84 
9000 61 84 
9000 62 84 
9000 63 84 
9000 64 84 
9000 65 84 
9000 66 84 
9000 67 84 
9000 68 84 
9000 69 84 
9000 70 81 
9000 71 84 
9000 72 81 
9000 73 84 
9000 74 84 
9000 75 83 
9000 76 84 
9000 77 84 
9000 78 84 
9000 79 84 
9000 80 59 85 
9000 81 55 57 70 72 
9000 82 46 55 
9000 83 52 75 
9000 84 2 9 46 47 48 49 50 51 52 53 54 56 58 60 61 62 63 64 65 66 67 68 69 71 73 74 76 77 78 79 
9000 85 2 80 
9000 86 2 
9000 87 125 
9000 88 125 
9000 89 124 
9000 90 125 
9000 91 125 
9000 92 124 125 
9000 93 125 
9000 94 124 
9000 95 125 
9000 96 125 
9000 97 125 
9000 98 123 
9000 99 125 
9000 100 125 
9000 101 125 
9000 102 125 
9000 103 124 
9000 104 125 
9000 105 124 
9000 106 111 120 
9000 107 120 
9000 108 124 
9000 109 124 
9000 110 123 
9000 111 106 126 
9000 112 124 
9000 113 125 
9000 114 125 
9000 115 125 
9000 116 125 
9000 117 125 
9000 118 125 
9000 119 125 
9000 120 106 107 
9000 121 124 
9000 122 125 
9000 123 98 110 128 
9000 124 89 92 94 103 105 108 109 112 121 
9000 125 10 87 88 90 91 92 93 95 96 97 99 100 101 102 104 113 114 115 116 117 118 119 122 128 129 130 131 
9000 126 3 111 131 
9000 127 3 
9000 128 123 125 
9000 129 125 
9000 130 125 
9000 131 125 126 
9000 132 11 140 181 
9000 133 177 
9000 134 165 170 
9000 135 181 
9000 136 157 
9000 137 181 
9000 138 11 153 
9000 139 4 159 
9000 140 4 132 
9000 141 175 176 180 
9000 142 179 
9000 143 180 
9000 144 179 181 
9000 145 177 
9000 146 179 
9000 147 177 
9000 148 179 
9000 149 177 
9000 150 179 
9000 151 177 
9000 152 177 
9000 153 138 157 
9000 154 179 
9000 155 177 
9000 156 177 
9000 157 136 153 
9000 158 178 179 
9000 159 139 168 
9000 160 177 
9000 161 179 
9000 162 177 
9000 163 179 
9000 164 177 
9000 165 134 181 
9000 166 179 
9000 167 177 
9000 168 159 
9000 169 177 
9000 170 134 
9000 171 175 
9000 172 175 
9000 173 177 
9000 174 177 
9000 175 141 171 172 
9000 176 12 141 
9000 177 12 133 145 147 149 151 152 155 156 160 162 164 167 169 173 174 
9000 178 158 
9000 179 142 144 146 148 150 154 158 161 163 166 
9000 180 141 143 
9000 181 12 132 135 137 144 165 
9000 182 224 225 
9000 183 226 227 
9000 184 224 
9000 185 227 
9000 186 224 
9000 187 225 
9000 188 225 
9000 189 225 
9000 190 225 
9000 191 225 
9000 192 225 
9000 193 222 227 
9000 194 225 
9000 195 226 
9000 196 225 
9000 197 221 
9000 198 225 
9000 199 225 
9000 200 226 
9000 201 225 
9000 202 225 
9000 203 225 
9000 204 226 
9000 205 225 
9000 206 225 
9000 207 224 
9000 208 225 
9000 209 210 
9000 210 209 225 
9000 211 226 
9000 212 223 225 
9000 213 225 
9000 214 225 
9000 215 225 
9000 216 225 
9000 217 227 
9000 218 225 
9000 219 225 
9000 220 225 
9000 221 197 226 
9000 222 193 
9000 223 212 
9000 224 182 184 186 207 
9000 225 13 14 182 187 188 189 190 191 192 194 196 198 199 201 202 203 205 206 208 210 212 213 214 215 216 218 219 220 
9000 226 183 195 200 204 211 221 
9000 227 5 13 183 185 193 217 
9000 228 5 
9000 229 0 
9000 230 0 4 
9000 231 0 3 5 
9000 232 0 4 
9000 233 0 3 
9000 234 0 5 
9000 235 0 4 
9000 236 0 
9000 237 0 3 5 
9000 238 0 4 5 
9000 239 0 
9000 240 0 4 5 
9000 241 0 3 4 
9000 242 0 3 
9000 243 0 
9000 244 0 5 
9000 245 0 3 4 
9000 246 0 
9000 247 0 3 4 
9000 248 0 4 5 
9000 249 0 5 
9000 250 0 3 
9000 251 0 5 
9000 252 0 4 
9000 253 0 3 
9000 254 0 4 5 
9000 255 0 3 
9000 256 0 3 5 
9000 257 0 4 
9000 258 0 4 5 
10800 0 3 4 5 229 230 231 232 233 234 235 236 237 238 239 240 241 242 243 244 245 246 247 248 249 250 251 252 253 254 255 256 257 258 
10800 1 43 44 45 
10800 2 84 85 86 
10800 3 0 126 127 231 233 237 241 242 245 247 250 253 255 256 
10800 4 0 139 140 230 232 235 238 240 241 245 247 248 252 254 257 258 
10800 5 0 227 228 231 234 237 238 240 244 248 249 251 254 256 258 
10800 6 43 
10800 7 43 
10800 8 43 
10800 9 84 
10800 10 125 
10800 11 132 138 
10800 12 137 177 
10800 13 225 227 
10800 14 225 
10800 15 43 
10800 16 43 
10800 17 43 
10800 18 43 
10800 19 43 
10800 20 43 
10800 21 43 
10800 22 43 
10800 23 41 44 
10800 24 36 39 40 
10800 25 43 
10800 26 43 
10800 27 43 
10800 28 32 
10800 29 33 37 
10800 30 43 
10800 31 43 
10800 32 28 38 45 
10800 33 29 43 
10800 34 43 
10800 35 38 
10800 36 24 44 
10800 37 29 
10800 38 32 35 
10800 39 24 
10800 40 24 
10800 41 23 
10800 42 43 
10800 43 1 6 7 8 15 16 17 18 19 20 21 22 25 26 27 30 31 33 34 42 
10800 44 1 23 36 
10800 45 1 32 
10800 46 82 84 
10800 47 84 
10800 48 84 
10800 49 84 
10800 50 84 
10800 51 84 
10800 52 83 84 
10800 53 84 
10800 54 84 
10800 55 80 81 84 
10800 56 84 
10800 57 82 
10800 58 84 
10800 59 80 
10800 60 84 
10800 61 84 
10800 62 84 
10800 63 84 
10800 64 84 
10800 65 84 
10800 66 84 
10800 67 84 
10800 68 84 
10800 69 84 
10800 70 84 
10800 71 84 
10800 72 81 
10800 73 84 
10800 74 84 
10800 75 84 
10800 76 84 
10800 77 84 
10800 78 84 
10800 79 84 
10800 80 55 59 
10800 81 55 72 
10800 82 46 57 
10800 83 52 
10800 84 2 9 46 47 48 49 50 51 52 53 54 55 56 58 60 61 62 63 64 65 66 67 68 69 70 71 73 74 75 76 77 78 79 
10800 85 2 
10800 86 2 
10800 87 125 
10800 88 125 
10800 89 121 
10800 90 125 
10800 91 125 
10800 92 125 
10800 93 125 
10800 94 123 124 
10800 95 125 
10800 96 125 
10800 97 125 
10800 98 123 
10800 99 125 
10800 100 125 
10800 101 125 
10800 102 125 
10800 103 123 
10800 104 125 
10800 105 124 
10800 106 111 
10800 107 109 
10800 108 124 
10800 109 107 125 
10800 110 122 123 
10800 111 106 126 
10800 112 123 
10800 113 125 
10800 114 125 
10800 115 125 
10800 116 125 
10800 117 125 
10800 118 125 
10800 119 125 
10800 120 125 
10800 121 89 124 
10800 122 110 
10800 123 94 98 103 110 112 128 
10800 124 94 105 108 121 
10800 125 10 87 88 90 91 92 93 95 96 97 99 100 101 102 104 109 113 114 115 116 117 118 119 120 128 129 130 131 
10800 126 3 111 131 
10800 127 3 
10800 128 123 125 
10800 129 125 
10800 130 125 
10800 131 125 126 
10800 132 11 140 181 
10800 133 177 
10800 134 159 170 
10800 135 181 
10800 136 142 180 
10800 137 12 181 
10800 138 11 153 
10800 139 4 
10800 140 4 132 
10800 141 180 181 
10800 142 136 
10800 143 180 
10800 144 178 179 181 
10800 145 177 
10800 146 179 
10800 147 176 177 
10800 148 179 
10800 149 177 
10800 150 179 
10800 151 180 
10800 152 174 177 
10800 153 138 
10800 154 159 168 
10800 155 157 
10800 156 177 
10800 157 155 180 
10800 158 178 
10800 159 134 154 
10800 160 177 
10800 161 179 
10800 162 177 
10800 163 179 
10800 164 176 
10800 165 177 
10800 166 179 
10800 167 177 
10800 168 154 
10800 169 177 
10800 170 134 177 
10800 171 175 176 
10800 172 175 
10800 173 176 
10800 174 152 
10800 175 171 172 
10800 176 147 164 171 173 
10800 177 12 133 145 147 149 152 156 160 162 165 167 169 170 
10800 178 144 158 
10800 179 144 146 148 150 161 163 166 
10800 180 136 141 143 151 157 
10800 181 132 135 137 141 144 
10800 182 225 226 
10800 183 226 
10800 184 226 
10800 185 204 
10800 186 197 
10800 187 225 
10800 188 225 
10800 189 225 
10800 190 225 
10800 191 225 
10800 192 225 
10800 193 197 220 222 
10800 194 225 
10800 195 226 
10800 196 225 
10800 197 186 193 205 207 
10800 198 225 
10800 199 225 
10800 200 226 
10800 201 225 
10800 202 225 
10800 203 225 
10800 204 185 227 
10800 205 197 
10800 206 209 227 
10800 207 197 
10800 208 225 
10800 209 206 
10800 210 225 
10800 211 226 
10800 212 224 225 
10800 213 225 
10800 214 225 
10800 215 225 
10800 216 228 
10800 217 223 
10800 218 225 
10800 219 225 
10800 220 193 225 
10800 221 225 
10800 222 193 
10800 223 217 227 
10800 224 212 
10800 225 13 14 182 187 188 189 190 191 192 194 196 198 199 201 202 203 208 210 212 213 214 215 218 219 220 221 
10800 226 182 183 184 195 200 211 
10800 227 5 13 204 206 223 
10800 228 5 216 
10800 229 0 
10800 230 0 4 
10800 231 0 3 5 
10800 232 0 4 
10800 233 0 3 
10800 234 0 5 
10800 235 0 4 
10800 236 0 
10800 237 0 3 5 
10800 238 0 4 5 
10800 239 0 
10800 240 0 4 5 
10800 241 0 3 4 
10800 242 0 3 
10800 243 0 
10800 244 0 5 
10800 245 0 3 4 
10800 246 0 
10800 247 0 3 4 
10800 248 0 4 5 
10800 249 0 5 
10800 250 0 3 
10800 251 0 5 
10800 252 0 4 
10800 253 0 3 
10800 254 0 4 5 
10800 255 0 3 
10800 256 0 3 5 
10800 257 0 4 
10800 258 0 4 5 
12600 0 3 4 5 229 230 231 232 233 234 235 236 237 238 239 240 241 242 243 244 245 246 247 248 249 250 251 252 253 254 255 256 257 258 
12600 1 43 44 45 
12600 2 84 85 86 
12600 3 0 126 127 231 233 237 241 242 245 247 250 253 255 256 
12600 4 0 139 140 230 232 235 238 240 241 245 247 248 252 254 257 258 
12600 5 0 227 228 231 234 237 238 240 244 248 249 251 254 256 258 
12600 6 43 
12600 7 43 
12600 8 43 
12600 9 84 
12600 10 125 
12600 11 132 138 
12600 12 137 179 
12600 13 225 227 
12600 14 225 
12600 15 43 
12600 16 43 
12600 17 43 
12600 18 43 
12600 19 43 
12600 20 41 44 
12600 21 43 
12600 22 42 44 
12600 23 43 
12600 24 40 
12600 25 43 
12600 26 43 
12600 27 29 44 
12600 28 32 
12600 29 27 33 34 
12600 30 43 
12600 31 43 
12600 32 28 44 
12600 33 29 
12600 34 29 
12600 35 38 45 
12600 36 43 
12600 37 43 
12600 38 35 
12600 39 43 
12600 40 24 44 
12600 41 20 
12600 42 22 
12600 43 1 6 7 8 15 16 17 18 19 21 23 25 26 30 31 36 37 39 
12600 44 1 20 22 27 32 40 
12600 45 1 35 
12600 46 82 84 
12600 47 84 
12600 48 84 
12600 49 84 
12600 50 84 
12600 51 84 
12600 52 83 84 
12600 53 84 
12600 54 84 
12600 55 81 82 
12600 56 84 
12600 57 81 
12600 58 84 
12600 59 80 
12600 60 84 
12600 61 84 
12600 62 84 
12600 63 84 
12600 64 84 
12600 65 84 
12600 66 84 
12600 67 84 
12600 68 84 
12600 69 84 
12600 70 82 
12600 71 84 
12600 72 82 
12600 73 84 
12600 74 84 
12600 75 84 
12600 76 84 
12600 77 84 
12600 78 84 
12600 79 84 
12600 80 59 85 
12600 81 55 57 
12600 82 46 55 70 72 
12600 83 52 
12600 84 2 9 46 47 48 49 50 51 52 53 54 56 58 60 61 62 63 64 65 66 67 68 69 71 73 74 75 76 77 78 79 
12600 85 2 80 
12600 86 2 
12600 87 125 
12600 88 125 
12600 89 121 
12600 90 125 
12600 91 125 
12600 92 124 125 
12600 93 125 
12600 94 123 
12600 95 125 
12600 96 125 
12600 97 125 
12600 98 123 
12600 99 125 
12600 100 125 
12600 101 125 
12600 102 125 
12600 103 123 
12600 104 125 
12600 105 124 
12600 106 111 116 
12600 107 109 
12600 108 124 
12600 109 107 125 
12600 110 122 123 
12600 111 106 126 
12600 112 123 
12600 113 125 
12600 114 125 
12600 115 125 
12600 116 106 
12600 117 125 
12600 118 125 
12600 119 125 
12600 120 125 
12600 121 89 126 
12600 122 110 
12600 123 94 98 103 110 112 128 
12600 124 92 105 108 
12600 125 10 87 88 90 91 92 93 95 96 97 99 100 101 102 104 109 113 114 115 117 118 119 120 128 129 130 131 
12600 126 3 111 121 131 
12600 127 3 
12600 128 123 125 
12600 129 125 
12600 130 125 
12600 131 125 126 
12600 132 11 140 181 
12600 133 176 
12600 134 169 170 
12600 135 181 
12600 136 153 
12600 137 12 181 
12600 138 11 153 
12600 139 4 159 
12600 140 4 132 
12600 141 179 180 
12600 142 178 179 
12600 143 180 
12600 144 178 
12600 145 177 181 
12600 146 179 
12600 147 176 177 
12600 148 179 
12600 149 179 
12600 150 179 
12600 151 177 
12600 152 174 177 
12600 153 136 138 157 
12600 154 159 
12600 155 157 
12600 156 179 
12600 157 153 155 
12600 158 178 
12600 159 139 154 
12600 160 179 
12600 161 179 
12600 162 177 
12600 163 179 
12600 164 176 
12600 165 177 
12600 166 179 
12600 167 181 
12600 168 181 
12600 169 134 181 
12600 170 134 
12600 171 175 176 
12600 172 175 
12600 173 176 
12600 174 152 
12600 175 171 172 
12600 176 133 147 164 171 173 
12600 177 145 147 151 152 162 165 
12600 178 142 144 158 
12600 179 12 141 142 146 148 149 150 156 160 161 163 166 
12600 180 141 143 
12600 181 132 135 137 145 167 168 169 
12600 182 224 225 
12600 183 226 227 
12600 184 225 
12600 185 204 
12600 186 225 
12600 187 225 
12600 188 225 
12600 189 225 
12600 190 225 
12600 191 225 
12600 192 222 227 
12600 193 225 
12600 194 225 
12600 195 226 
12600 196 225 
12600 197 221 
12600 198 209 227 
12600 199 225 
12600 200 226 
12600 201 225 
12600 202 225 
12600 203 207 227 
12600 204 185 227 
12600 205 225 
12600 206 225 
12600 207 203 
12600 208 225 
12600 209 198 
12600 210 225 
12600 211 226 
12600 212 224 
12600 213 225 
12600 214 225 
12600 215 225 
12600 216 225 
12600 217 223 
12600 218 225 
12600 219 225 
12600 220 221 225 
12600 221 197 220 
12600 222 192 
12600 223 217 227 
12600 224 182 212 
12600 225 13 14 182 184 186 187 188 189 190 191 193 194 196 199 201 202 205 206 208 210 213 214 215 216 218 219 220 
12600 226 183 195 200 211 
12600 227 5 13 183 192 198 203 204 223 
12600 228 5 
12600 229 0 
12600 230 0 4 
12600 231 0 3 5 
12600 232 0 4 
12600 233 0 3 
12600 234 0 5 
12600 235 0 4 
12600 236 0 
12600 237 0 3 5 
12600 238 0 4 5 
12600 239 0 
12600 240 0 4 5 
12600 241 0 3 4 
12600 242 0 3 
12600 243 0 
12600 244 0 5 
12600 245 0 3 4 
12600 246 0 
12600 247 0 3 4 
12600 248 0 4 5 
12600 249 0 5 
12600 250 0 3 
12600 251 0 5 
12600 252 0 4 
12600 253 0 3 
12600 254 0 4 5 
12600 255 0 3 
12600 256 0 3 5 
12600 257 0 4 
12600 258 0 4 5 
14400 0 3 4 5 229 230 231 232 233 234 235 236 237 238 239 240 241 242 243 244 245 246 247 248 249 250 251 252 253 254 255 256 257 258 
14400 1 43 44 45 
14400 2 84 85 86 
14400 3 0 126 127 231 233 237 241 242 245 247 250 253 255 256 
14400 4 0 139 140 230 232 235 238 240 241 245 247 248 252 254 257 258 
14400 5 0 227 228 231 234 237 238 240 244 248 249 251 254 256 258 
14400 6 43 
14400 7 43 
14400 8 43 
14400 9 84 
14400 10 125 
14400 11 132 138 
14400 12 137 177 
14400 13 225 227 
14400 14 225 
14400 15 43 
14400 16 43 
14400 17 43 
14400 18 43 
14400 19 43 
14400 20 43 
14400 21 43 
14400 22 43 
14400 23 43 
14400 24 37 39 40 
14400 25 29 44 
14400 26 43 
14400 27 29 
14400 28 38 44 
14400 29 25 27 33 
14400 30 43 
14400 31 43 
14400 32 43 
14400 33 29 
14400 34 43 
14400 35 38 
14400 36 43 
14400 37 24 44 
14400 38 28 35 42 
14400 39 24 
14400 40 24 
14400 41 
14400 42 38 
14400 43 1 6 7 8 15 16 17 18 19 20 21 22 23 26 30 31 32 34 36 
14400 44 1 25 28 37 
14400 45 1 
14400 46 82 84 
14400 47 84 
14400 48 82 
14400 49 84 
14400 50 84 
14400 51 84 
14400 52 83 84 
14400 53 82 
14400 54 81 84 
14400 55 84 
14400 56 84 
14400 57 81 
14400 58 81 
14400 59 80 
14400 60 82 
14400 61 82 
14400 62 84 
14400 63 84 
14400 64 84 
14400 65 84 
14400 66 84 
14400 67 84 
14400 68 84 
14400 69 84 
14400 70 80 81 
14400 71 84 
14400 72 80 
14400 73 84 
14400 74 84 
14400 75 84 
14400 76 84 
14400 77 84 
14400 78 84 
14400 79 84 
14400 80 59 70 72 
14400 81 54 57 58 70 
14400 82 46 48 53 60 61 
14400 83 52 
14400 84 2 9 46 47 49 50 51 52 54 55 56 62 63 64 65 66 67 68 69 71 73 74 75 76 77 78 79 
14400 85 2 
14400 86 2 
14400 87 124 125 
14400 88 125 
14400 89 121 
14400 90 125 
14400 91 125 
14400 92 124 
14400 93 125 
14400 94 124 
14400 95 124 
14400 96 125 
14400 97 125 
14400 98 123 
14400 99 125 
14400 100 125 
14400 101 125 
14400 102 125 
14400 103 124 
14400 104 125 
14400 105 124 
14400 106 125 
14400 107 108 109 
14400 108 107 125 
14400 109 107 
14400 110 123 
14400 111 114 126 
14400 112 124 
14400 113 125 
14400 114 111 
14400 115 125 
14400 116 125 
14400 117 124 
14400 118 125 
14400 119 125 
14400 120 125 
14400 121 89 124 
14400 122 125 
14400 123 98 110 128 
14400 124 87 92 94 95 103 105 112 117 121 
14400 125 10 87 88 90 91 93 96 97 99 100 101 102 104 106 108 113 115 116 118 119 120 122 128 129 130 131 
14400 126 3 111 131 
14400 127 3 
14400 128 123 125 
14400 129 125 
14400 130 125 
14400 131 125 126 
14400 132 11 140 181 
14400 133 177 
14400 134 159 169 170 
14400 135 181 
14400 136 142 180 
14400 137 12 181 
14400 138 11 153 
14400 139 4 143 
14400 140 4 132 169 
14400 141 176 180 181 
14400 142 136 
14400 143 139 
14400 144 178 179 181 
14400 145 177 
14400 146 179 
14400 147 177 
14400 148 179 
14400 149 177 
14400 150 179 
14400 151 180 
14400 152 174 177 
14400 153 138 157 
14400 154 179 
14400 155 157 
14400 156 177 
14400 157 153 155 
14400 158 179 
14400 159 134 
14400 160 177 
14400 161 179 
14400 162 180 
14400 163 179 
14400 164 177 
14400 165 177 
14400 166 179 
14400 167 177 
14400 168 181 
14400 169 134 140 
14400 170 134 
14400 171 181 
14400 172 175 176 
14400 173 176 
14400 174 152 
14400 175 172 
14400 176 141 172 173 
14400 177 12 133 145 147 149 152 156 160 164 165 167 
14400 178 144 
14400 179 144 146 148 150 154 158 161 163 166 
14400 180 136 141 151 162 
14400 181 132 135 137 141 144 168 171 
14400 182 225 
14400 183 226 227 
14400 184 225 
14400 185 217 223 
14400 186 210 218 
14400 187 226 
14400 188 225 
14400 189 225 
14400 190 225 
14400 191 225 
14400 192 225 
14400 193 220 
14400 194 225 
14400 195 226 
14400 196 225 
14400 197 227 
14400 198 225 
14400 199 225 
14400 200 226 
14400 201 225 
14400 202 225 
14400 203 225 
14400 204 226 
14400 205 225 
14400 206 225 
14400 207 225 
14400 208 225 
14400 209 221 
14400 210 186 227 
14400 211 226 
14400 212 224 225 
14400 213 225 
14400 214 225 
14400 215 225 
14400 216 225 
14400 217 185 226 
14400 218 186 
14400 219 225 
14400 220 193 222 227 
14400 221 209 226 
14400 222 220 
14400 223 185 
14400 224 212 
14400 225 13 14 182 184 188 189 190 191 192 194 196 198 199 201 202 203 205 206 207 208 212 213 214 215 216 219 
14400 226 183 187 195 200 204 211 217 221 
14400 227 5 13 183 197 210 220 
14400 228 5 
14400 229 0 
14400 230 0 4 
14400 231 0 3 5 
14400 232 0 4 
14400 233 0 3 
14400 234 0 5 
14400 235 0 4 
14400 236 0 
14400 237 0 3 5 
14400 238 0 4 5 
14400 239 0 
14400 240 0 4 5 
14400 241 0 3 4 
14400 242 0 3 
14400 243 0 
14400 244 0 5 
14400 245 0 3 4 
14400 246 0 
14400 247 0 3 4 
14400 248 0 4 5 
14400 249 0 5 
14400 250 0 3 
14400 251 0 5 
14400 252 0 4 
14400 253 0 3 
14400 254 0 4 5 
14400 255 0 3 
14400 256 0 3 5 
14400 257 0 4 
14400 258 0 4 5 
16200 0 3 4 5 229 230 231 232 233 234 235 236 237 238 239 240 241 242 243 244 245 246 247 248 249 250 251 252 253 254 255 256 257 258 
16200 1 43 44 45 
16200 2 84 85 86 
16200 3 0 126 127 231 233 237 241 242 245 247 250 253 255 256 
16200 4 0 139 140 230 232 235 238 240 241 245 247 248 252 254 257 258 
16200 5 0 227 228 231 234 237 238 240 244 248 249 251 254 256 258 
16200 6 43 
16200 7 43 
16200 8 43 
16200 9 84 
16200 10 125 
16200 11 132 138 
16200 12 176 177 181 
16200 13 225 227 
16200 14 225 
16200 15 43 
16200 16 43 
16200 17 43 
16200 18 43 
16200 19 43 
16200 20 43 
16200 21 43 
16200 22 43 
16200 23 43 
16200 24 39 40 
16200 25 43 
16200 26 43 
16200 27 43 
16200 28 38 44 
16200 29 34 
16200 30 43 
16200 31 43 
16200 32 38 
16200 33 42 43 
16200 34 29 44 
16200 35 38 
16200 36 43 
16200 37 43 
16200 38 28 32 35 
16200 39 24 44 
16200 40 24 
16200 41 
16200 42 33 
16200 43 1 6 7 8 15 16 17 18 19 20 21 22 23 25 26 27 30 31 33 36 37 
16200 44 1 28 34 39 
16200 45 1 
16200 46 82 84 
16200 47 84 
16200 48 84 
16200 49 84 
16200 50 84 
16200 51 84 
16200 52 83 84 
16200 53 84 
16200 54 84 
16200 55 80 81 84 
16200 56 84 
16200 57 81 
16200 58 84 
16200 59 80 
16200 60 84 
16200 61 84 
16200 62 84 
16200 63 84 
16200 64 84 
16200 65 84 
16200 66 84 
16200 67 84 
16200 68 84 
16200 69 84 
16200 70 81 
16200 71 84 
16200 72 81 
16200 73 84 
16200 74 84 
16200 75 84 
16200 76 84 
16200 77 84 
16200 78 84 
16200 79 84 
16200 80 55 59 
16200 81 55 57 70 72 
16200 82 46 
16200 83 52 
16200 84 2 9 46 47 48 49 50 51 52 53 54 55 56 58 60 61 62 63 64 65 66 67 68 69 71 73 74 75 76 77 78 79 
16200 85 2 
16200 86 2 
16200 87 125 
16200 88 125 
16200 89 122 
16200 90 125 
16200 91 125 
16200 92 124 
16200 93 125 
16200 94 123 124 
16200 95 125 
16200 96 125 
16200 97 125 
16200 98 123 
16200 99 125 
16200 100 125 
16200 101 125 
16200 102 125 
16200 103 123 
16200 104 107 126 
16200 105 106 125 
16200 106 105 111 
16200 107 104 109 
16200 108 124 
16200 109 107 
16200 110 122 123 
16200 111 106 
16200 112 123 
16200 113 125 
16200 114 125 
16200 115 125 
16200 116 125 
16200 117 125 
16200 118 125 
16200 119 125 
16200 120 125 
16200 121 123 
16200 122 89 110 
16200 123 94 98 103 110 112 121 
16200 124 92 94 108 128 
16200 125 10 87 88 90 91 93 95 96 97 99 100 101 102 105 113 114 115 116 117 118 119 120 128 129 130 131 
16200 126 3 104 131 
16200 127 3 
16200 128 124 125 
16200 129 125 
16200 130 125 
16200 131 125 126 
16200 132 11 140 181 
16200 133 177 
16200 134 177 
16200 135 181 
16200 136 157 
16200 137 179 181 
16200 138 11 153 
16200 139 4 159 
16200 140 4 132 
16200 141 176 180 
16200 142 144 
16200 143 177 
16200 144 142 179 
16200 145 177 
16200 146 179 
16200 147 176 
16200 148 179 
16200 149 177 
16200 150 179 
16200 151 180 
16200 152 177 
16200 153 138 157 
16200 154 159 
16200 155 181 
16200 156 177 
16200 157 136 153 
16200 158 179 
16200 159 139 154 
16200 160 177 
16200 161 178 179 
16200 162 181 
16200 163 178 
16200 164 176 
16200 165 177 
16200 166 178 
16200 167 177 
16200 168 178 
16200 169 181 
16200 170 177 
16200 171 180 
16200 172 175 176 
16200 173 176 
16200 174 177 
16200 175 172 
16200 176 12 141 147 164 172 173 
16200 177 12 133 134 143 145 149 152 156 160 165 167 170 174 
16200 178 161 163 166 168 
16200 179 137 144 146 148 150 158 161 
16200 180 141 151 171 
16200 181 12 132 135 137 155 162 169 
16200 182 224 225 
16200 183 226 227 
16200 184 225 
16200 185 199 204 
16200 186 198 
16200 187 225 
16200 188 225 
16200 189 225 
16200 190 225 
16200 191 225 
16200 192 225 
16200 193 220 222 
16200 194 226 
16200 195 226 
16200 196 225 
16200 197 220 221 
16200 198 186 226 
16200 199 185 227 
16200 200 226 
16200 201 225 
16200 202 226 
16200 203 225 
16200 204 185 
16200 205 224 
16200 206 225 
16200 207 224 
16200 208 225 
16200 209 225 
16200 210 225 
16200 211 226 
16200 212 224 
16200 213 225 
16200 214 225 
16200 215 225 
16200 216 225 
16200 217 223 
16200 218 225 
16200 219 225 
16200 220 193 197 227 
16200 221 197 
16200 222 193 
16200 223 217 227 
16200 224 182 205 207 212 
16200 225 13 14 182 184 187 188 189 190 191 192 196 201 203 206 208 209 210 213 214 215 216 218 219 
16200 226 183 194 195 198 200 202 211 
16200 227 5 13 183 199 220 223 
16200 228 5 
16200 229 0 
16200 230 0 4 
16200 231 0 3 5 
16200 232 0 4 
16200 233 0 3 
16200 234 0 5 
16200 235 0 4 
16200 236 0 
16200 237 0 3 5 
16200 238 0 4 5 
16200 239 0 
16200 240 0 4 5 
16200 241 0 3 4 
16200 242 0 3 
16200 243 0 
16200 244 0 5 
16200 245 0 3 4 
16200 246 0 
16200 247 0 3 4 
16200 248 0 4 5 
16200 249 0 5 
16200 250 0 3 
16200 251 0 5 
16200 252 0 4 
16200 253 0 3 
16200 254 0 4 5 
16200 255 0 3 
16200 256 0 3 5 
16200 257 0 4 
16200 258 0 4 5 
18000 0 3 4 5 229 230 231 232 233 234 235 236 237 238 239 240 241 242 243 244 245 246 247 248 249 250 251 252 253 254 255 256 257 258 
18000 1 43 44 45 
18000 2 84 85 86 
18000 3 0 126 127 231 233 237 241 242 245 247 250 253 255 256 
18000 4 0 139 140 230 232 235 238 240 241 245 247 248 252 254 257 258 
18000 5 0 227 228 231 234 237 238 240 244 248 249 251 254 256 258 
18000 6 43 
18000 7 43 
18000 8 43 
18000 9 84 
18000 10 125 
18000 11 132 137 138 
18000 12 137 177 
18000 13 225 227 
18000 14 225 
18000 15 43 
18000 16 43 
18000 17 43 
18000 18 43 
18000 19 43 
18000 20 43 
18000 21 43 
18000 22 41 44 
18000 23 43 
18000 24 37 39 40 
18000 25 43 
18000 26 43 
18000 27 29 44 
18000 28 32 
18000 29 27 33 
18000 30 43 
18000 31 43 
18000 32 28 44 
18000 33 29 
18000 34 43 
18000 35 38 45 
18000 36 41 
18000 37 24 44 
18000 38 35 
18000 39 24 
18000 40 24 
18000 41 22 36 
18000 42 43 
18000 43 1 6 7 8 15 16 17 18 19 20 21 23 25 26 30 31 34 42 
18000 44 1 22 27 32 37 
18000 45 1 35 
18000 46 82 84 
18000 47 84 
18000 48 84 
18000 49 84 
18000 50 84 
18000 51 84 
18000 52 83 84 
18000 53 84 
18000 54 84 
18000 55 81 84 
18000 56 84 
18000 57 81 
18000 58 84 
18000 59 80 
18000 60 84 
18000 61 84 
18000 62 84 
18000 63 84 
18000 64 84 
18000 65 84 
18000 66 84 
18000 67 84 
18000 68 84 
18000 69 84 
18000 70 84 
18000 71 84 
18000 72 84 
18000 73 84 
18000 74 84 
18000 75 84 
18000 76 84 
18000 77 84 
18000 78 84 
18000 79 84 
18000 80 59 85 
18000 81 55 57 
18000 82 46 
18000 83 52 
18000 84 2 9 46 47 48 49 50 51 52 53 54 55 56 58 60 61 62 63 64 65 66 67 68 69 70 71 72 73 74 75 76 77 78 79 
18000 85 2 80 
18000 86 2 
18000 87 125 
18000 88 125 
18000 89 121 
18000 90 125 
18000 91 125 
18000 92 124 125 
18000 93 125 
18000 94 124 
18000 95 125 
18000 96 125 
18000 97 125 
18000 98 123 
18000 99 125 
18000 100 125 
18000 101 125 
18000 102 125 
18000 103 123 
18000 104 125 
18000 105 124 
18000 106 111 
18000 107 109 
18000 108 124 
18000 109 107 125 
18000 110 122 123 
18000 111 106 126 
18000 112 123 
18000 113 125 
18000 114 125 
18000 115 125 
18000 116 125 
18000 117 125 
18000 118 125 
18000 119 125 
18000 120 125 
18000 121 89 124 
18000 122 110 
18000 123 98 103 110 112 128 
18000 124 92 94 105 108 121 
18000 125 10 87 88 90 91 92 93 95 96 97 99 100 101 102 104 109 113 114 115 116 117 118 119 120 128 129 130 131 
18000 126 3 111 131 
18000 127 3 
18000 128 123 125 
18000 129 125 
18000 130 125 
18000 131 125 126 
18000 132 11 140 181 
18000 133 177 
18000 134 152 165 170 
18000 135 181 
18000 136 180 
18000 137 11 12 153 
18000 138 11 
18000 139 4 159 
18000 140 4 132 
18000 141 175 176 180 
18000 142 178 
18000 143 180 181 
18000 144 178 179 181 
18000 145 178 
18000 146 179 
18000 147 181 
18000 148 179 
18000 149 177 
18000 150 179 
18000 151 177 
18000 152 134 181 
18000 153 137 157 
18000 154 159 168 
18000 155 157 
18000 156 177 
18000 157 153 155 
18000 158 179 
18000 159 139 154 
18000 160 177 
18000 161 179 
18000 162 180 
18000 163 178 
18000 164 177 
18000 165 134 
18000 166 179 
18000 167 177 
18000 168 154 
18000 169 181 
18000 170 134 
18000 171 176 
18000 172 180 
18000 173 177 
18000 174 177 
18000 175 141 
18000 176 141 171 
18000 177 12 133 149 151 156 160 164 167 173 174 
18000 178 142 144 145 163 
18000 179 144 146 148 150 158 161 166 
18000 180 136 141 143 162 172 
18000 181 132 135 143 144 147 152 169 
18000 182 224 225 
18000 183 226 227 
18000 184 224 
18000 185 204 
18000 186 227 
18000 187 225 
18000 188 224 
18000 189 225 
18000 190 224 
18000 191 225 
18000 192 225 
18000 193 197 
18000 194 225 
18000 195 226 
18000 196 225 
18000 197 193 220 221 
18000 198 225 
18000 199 225 
18000 200 226 
18000 201 224 
18000 202 225 
18000 203 225 
18000 204 185 226 
18000 205 225 
18000 206 225 
18000 207 222 224 
18000 208 225 
18000 209 223 
18000 210 225 
18000 211 226 
18000 212 224 
18000 213 225 
18000 214 217 226 
18000 215 225 
18000 216 224 
18000 217 214 
18000 218 225 
18000 219 225 
18000 220 197 225 
18000 221 197 
18000 222 207 
18000 223 209 225 
18000 224 182 184 188 190 201 207 212 216 
18000 225 13 14 182 187 189 191 192 194 196 198 199 202 203 205 206 208 210 213 215 218 219 220 223 
18000 226 183 195 200 204 211 214 
18000 227 5 13 183 186 
18000 228 5 
18000 229 0 
18000 230 0 4 
18000 231 0 3 5 
18000 232 0 4 
18000 233 0 3 
18000 234 0 5 
18000 235 0 4 
18000 236 0 
18000 237 0 3 5 
18000 238 0 4 5 
18000 239 0 
18000 240 0 4 5 
18000 241 0 3 4 
18000 242 0 3 
18000 243 0 
18000 244 0 5 
18000 245 0 3 4 
18000 246 0 
18000 247 0 3 4 
18000 248 0 4 5 
18000 249 0 5 
18000 250 0 3 
18000 251 0 5 
18000 252 0 4 
18000 253 0 3 
18000 254 0 4 5 
18000 255 0 3 
18000 256 0 3 5 
18000 257 0 4 
18000 258 0 4 5 
