0 3600
600 0 1 2 3 4 5 225 226 227 228 229 230 231 232 233 234 235 236 237 238 239 240 241 242 243 244 245 246 247 248 249 250 251 252 253 254 
600 1 0 2 3 4 5 6 7 8 20 22 26 27 29 30 32 33 35 36 37 40 41 42 44 45 46 47 49 50 51 52 54 55 56 226 227 228 229 230 231 233 234 235 236 237 239 241 242 244 245 246 247 249 251 253 254 
600 2 0 1 3 4 5 9 10 11 57 58 59 60 61 63 65 67 68 69 70 72 73 75 77 78 79 80 81 82 83 85 86 87 88 225 227 228 229 230 231 232 234 235 237 238 239 240 241 242 244 245 246 247 248 250 252 253 
600 3 0 1 2 4 5 12 39 48 89 90 91 92 95 96 97 99 100 102 105 106 108 109 111 112 113 115 118 119 120 121 122 123 124 126 127 128 129 130 225 226 228 229 230 231 232 234 235 236 237 239 240 242 243 244 245 247 250 252 254 
600 4 0 1 2 3 5 14 15 101 131 132 133 135 136 138 139 141 142 143 144 145 148 149 151 152 153 154 155 156 157 158 159 160 161 162 164 166 167 170 173 174 226 227 228 229 231 233 234 235 237 238 239 240 241 242 244 246 247 249 250 252 254 
600 5 0 1 2 3 4 16 17 19 176 178 179 181 183 184 186 187 189 192 194 196 197 198 200 201 202 203 204 205 209 210 211 212 213 214 216 218 219 221 222 223 224 225 226 227 228 230 231 232 234 235 236 237 239 240 241 243 245 246 248 250 251 253 
600 6 1 7 8 20 22 26 27 29 30 32 33 35 36 37 40 41 42 44 45 46 47 49 50 51 52 54 55 56 
600 7 1 6 8 20 22 26 27 29 30 32 33 35 36 37 38 40 41 42 44 45 46 47 49 50 51 52 54 55 56 
600 8 1 6 7 20 22 26 27 29 30 33 35 36 40 44 45 50 52 54 
600 9 2 10 67 68 77 78 
600 10 2 9 11 57 58 59 60 61 63 65 67 68 69 70 72 73 75 77 78 79 80 81 82 83 85 86 87 88 
600 11 2 10 57 60 61 63 65 67 75 77 78 82 83 85 86 
600 12 3 118 119 
600 13 14 15 101 131 132 133 135 136 138 139 141 142 143 144 145 148 149 151 152 153 154 155 156 157 158 159 160 161 162 164 166 167 170 173 174 
600 14 4 13 15 
600 15 4 13 14 101 131 132 133 135 136 138 139 141 142 143 144 145 148 149 151 152 153 154 155 156 157 158 159 160 161 162 164 166 167 170 173 174 
600 16 5 17 18 176 178 179 181 183 184 186 187 189 192 194 196 197 198 200 201 202 203 204 205 209 210 211 212 213 214 216 218 219 221 222 223 224 
600 17 5 16 189 196 202 203 224 
600 18 16 183 186 224 
600 19 5 185 220 
600 20 1 6 7 8 25 28 34 53 
600 21 40 
600 22 1 6 7 8 
600 23 26 
600 24 40 
600 25 20 
600 26 1 6 7 8 23 43 98 
600 27 1 6 7 8 110 
600 28 20 
600 29 1 6 7 8 
600 30 1 6 7 8 
600 31 
600 32 1 6 7 
600 33 1 6 7 8 
600 34 20 
600 35 1 6 7 8 
600 36 1 6 7 8 
600 37 1 6 7 
600 38 7 
600 39 3 
600 40 1 6 7 8 21 24 
600 41 1 6 7 
600 42 1 6 7 
600 43 26 
600 44 1 6 7 8 
600 45 1 6 7 8 
600 46 1 6 7 
600 47 1 6 7 
600 48 3 
600 49 1 6 7 
600 50 1 6 7 8 
600 51 1 6 7 
600 52 1 6 7 8 
600 53 20 
600 54 1 6 7 8 
600 55 1 6 7 
600 56 1 6 7 
600 57 2 10 11 
600 58 2 10 
600 59 2 10 74 76 84 
600 60 2 10 11 
600 61 2 10 11 
600 62 68 
600 63 2 10 11 
600 64 68 
600 65 2 10 11 
600 66 68 
600 67 2 9 10 11 
600 68 2 9 10 62 64 66 
600 69 2 10 
600 70 2 10 
600 71 74 
600 72 2 10 
600 73 2 10 
600 74 59 71 
600 75 2 10 11 
600 76 59 
600 77 2 9 10 11 
600 78 2 9 10 11 
600 79 2 10 
600 80 2 10 
600 81 2 10 
600 82 2 10 11 
600 83 2 10 11 
600 84 59 
600 85 2 10 11 
600 86 2 10 11 
600 87 2 10 
600 88 2 10 
600 89 3 
600 90 3 103 104 
600 91 3 
600 92 3 
600 93 118 
600 94 128 
600 95 3 
600 96 3 
600 97 3 
600 98 26 
600 99 3 
600 100 3 
600 101 4 13 15 
600 102 3 114 117 
600 103 90 
600 104 90 
600 105 3 
600 106 3 
600 107 129 
600 108 3 
600 109 3 
600 110 27 
600 111 3 
600 112 3 
600 113 3 
600 114 102 
600 115 3 
600 116 128 
600 117 102 
600 118 3 12 93 125 
600 119 3 12 
600 120 3 
600 121 3 
600 122 3 
600 123 3 
600 124 3 
600 125 118 
600 126 3 
600 127 3 
600 128 3 94 116 140 171 
600 129 3 107 
600 130 3 
600 131 4 13 15 
600 132 4 13 15 169 
600 133 4 13 15 
600 134 136 
600 135 4 13 15 150 
600 136 4 13 15 134 
600 137 147 
600 138 4 13 15 147 163 165 172 
600 139 4 13 15 
600 140 128 
600 141 4 13 15 
600 142 4 13 15 
600 143 4 13 15 
600 144 4 13 15 
600 145 4 13 15 
600 146 150 
600 147 137 138 
600 148 4 13 15 
600 149 4 13 15 
600 150 135 146 
600 151 4 13 15 
600 152 4 13 15 
600 153 4 13 15 
600 154 4 13 15 
600 155 4 13 15 
600 156 4 13 15 
600 157 4 13 15 
600 158 4 13 15 
600 159 4 13 15 
600 160 4 13 15 
600 161 4 13 15 
600 162 4 13 15 
600 163 138 
600 164 4 13 15 
600 165 138 
600 166 4 13 15 
600 167 4 13 15 
600 168 169 
600 169 132 168 
600 170 4 13 15 
600 171 128 
600 172 138 
600 173 4 13 15 
600 174 4 13 15 
600 175 219 
600 176 5 16 177 190 
600 177 176 191 
600 178 5 16 199 207 
600 179 5 16 
600 180 183 
600 181 5 16 
600 182 214 
600 183 5 16 18 180 
600 184 5 16 
600 185 19 
600 186 5 16 18 
600 187 5 16 
600 188 199 
600 189 5 16 17 
600 190 176 
600 191 177 
600 192 5 16 
600 193 208 
600 194 5 16 
600 195 220 
600 196 5 16 17 
600 197 5 16 
600 198 5 16 
600 199 178 188 
600 200 5 16 208 
600 201 5 16 
600 202 5 16 17 
600 203 5 16 17 206 
600 204 5 16 
600 205 5 16 
600 206 203 
600 207 178 
600 208 193 200 
600 209 5 16 
600 210 5 16 
600 211 5 16 
600 212 5 16 
600 213 5 16 
600 214 5 16 182 215 
600 215 214 
600 216 5 16 
600 217 219 
600 218 5 16 
600 219 5 16 175 217 
600 220 19 195 
600 221 5 16 
600 222 5 16 
600 223 5 16 
600 224 5 16 17 18 
600 225 0 2 3 5 
600 226 0 1 3 4 5 
600 227 0 1 2 4 5 
600 228 0 1 2 3 4 5 
600 229 0 1 2 3 4 
600 230 0 1 2 3 5 
600 231 0 1 2 3 4 5 
600 232 0 2 3 5 
600 233 0 1 4 
600 234 0 1 2 3 4 5 
600 235 0 1 2 3 4 5 
600 236 0 1 3 5 
600 237 0 1 2 3 4 5 
600 238 0 2 4 
600 239 0 1 2 3 4 5 
600 240 0 2 3 4 5 
600 241 0 1 2 4 5 
600 242 0 1 2 3 4 
600 243 0 3 5 
600 244 0 1 2 3 4 
600 245 0 1 2 3 5 
600 246 0 1 2 4 5 
600 247 0 1 2 3 4 
600 248 0 2 5 
600 249 0 1 4 
600 250 0 2 3 4 5 
600 251 0 1 5 
600 252 0 2 3 4 
600 253 0 1 2 5 
600 254 0 1 3 4 
