0 3600
600 0 2 225 226 227 228 229 230 231 232 233 234 235 236 237 238 239 240 241 242 243 244 245 246 247 248 249 250 251 252 253 254 
600 1 29 37 47 50 
600 2 0 67 85 225 227 228 229 230 231 232 234 235 237 238 239 240 241 242 244 245 246 247 248 250 252 253 
600 3 100 112 118 119 
600 4 14 133 156 167 
600 5 187 189 202 223 
600 6 22 29 33 46 
600 7 27 30 47 56 
600 8 20 26 45 56 
600 9 65 80 81 85 
600 10 70 73 77 
600 11 70 73 77 80 
600 12 102 111 123 140 
600 13 135 138 151 167 
600 14 4 149 153 170 
600 15 144 151 152 158 
600 16 197 210 211 224 
600 17 211 219 221 222 
600 18 211 222 
600 19 194 196 210 218 
600 20 8 28 46 51 53 
600 21 56 
600 22 6 41 52 55 
600 23 41 95 124 140 
600 24 
600 25 32 
600 26 8 38 46 51 
600 27 7 32 37 124 
600 28 20 
600 29 1 6 41 49 
600 30 7 42 45 55 
600 31 
600 32 25 27 55 
600 33 6 89 99 124 
600 34 
600 35 48 89 96 129 
600 36 45 47 102 124 
600 37 1 27 50 56 
600 38 26 
600 39 48 102 124 126 
600 40 45 
600 41 22 23 29 56 
600 42 30 
600 43 
600 44 49 55 
600 45 8 30 36 40 51 
600 46 6 20 26 47 
600 47 1 7 36 46 52 54 
600 48 35 39 99 121 
600 49 29 44 52 56 
600 50 1 37 55 
600 51 20 26 45 
600 52 22 47 49 55 
600 53 20 110 
600 54 47 
600 55 22 30 32 44 50 52 
600 56 7 8 21 37 41 49 
600 57 59 69 88 
600 58 65 67 79 85 
600 59 57 
600 60 67 72 80 87 
600 61 65 81 88 
600 62 
600 63 86 
600 64 66 68 
600 65 9 58 61 88 
600 66 64 
600 67 2 58 60 75 
600 68 64 72 85 
600 69 57 79 
600 70 10 11 76 82 83 
600 71 
600 72 60 68 87 
600 73 10 11 83 86 
600 74 
600 75 67 
600 76 70 
600 77 10 11 78 87 
600 78 77 80 82 83 
600 79 58 69 
600 80 9 11 60 78 
600 81 9 61 85 
600 82 70 78 86 
600 83 70 73 78 86 
600 84 
600 85 2 9 58 68 81 87 
600 86 63 73 82 83 
600 87 60 72 77 85 
600 88 57 61 65 
600 89 33 35 109 113 
600 90 104 126 127 
600 91 104 115 121 130 
600 92 97 100 108 126 
600 93 
600 94 173 
600 95 23 113 123 128 
600 96 35 100 111 113 
600 97 92 99 108 115 
600 98 99 119 
600 99 33 48 97 98 105 
600 100 3 92 96 113 122 
600 101 167 
600 102 12 36 39 106 
600 103 122 
600 104 90 91 121 
600 105 99 121 124 
600 106 102 112 116 118 
600 107 111 127 130 
600 108 92 97 109 129 
600 109 89 108 112 130 
600 110 53 119 125 
600 111 12 96 107 122 
600 112 3 106 109 119 
600 113 89 95 96 100 
600 114 
600 115 91 97 122 128 129 
600 116 106 123 153 
600 117 
600 118 3 106 125 
600 119 3 98 110 112 
600 120 129 
600 121 48 91 104 105 
600 122 100 103 111 115 
600 123 12 95 116 127 
600 124 23 27 33 36 39 105 
600 125 110 118 
600 126 39 90 92 130 
600 127 90 107 123 128 
600 128 95 115 127 
600 129 35 108 115 120 
600 130 91 107 109 126 
600 131 148 163 164 174 
600 132 151 153 169 173 
600 133 4 135 166 170 
600 134 
600 135 13 133 139 141 150 
600 136 138 143 149 174 
600 137 
600 138 13 136 145 157 
600 139 135 145 155 158 
600 140 12 23 
600 141 135 159 167 174 
600 142 166 170 173 
600 143 136 144 154 162 
600 144 15 143 164 
600 145 138 139 160 166 
600 146 
600 147 155 163 173 
600 148 131 158 167 
600 149 14 136 158 161 
600 150 135 156 
600 151 13 15 132 158 
600 152 15 158 160 162 
600 153 14 116 132 155 
600 154 143 155 166 173 
600 155 139 147 153 154 157 159 164 
600 156 4 150 161 170 
600 157 138 155 163 166 
600 158 15 139 148 149 151 152 
600 159 141 155 
600 160 145 152 162 171 
600 161 149 156 170 
600 162 143 152 160 170 
600 163 131 147 157 165 169 
600 164 131 144 155 
600 165 163 
600 166 133 142 145 154 157 
600 167 4 13 101 141 148 
600 168 
600 169 132 163 
600 170 14 133 142 156 161 162 174 
600 171 160 
600 172 
600 173 94 132 142 147 154 
600 174 131 136 141 170 
600 175 208 
600 176 200 202 216 224 
600 177 194 
600 178 199 203 207 212 
600 179 184 196 205 222 
600 180 192 205 
600 181 189 202 203 204 
600 182 
600 183 187 192 199 218 
600 184 179 192 196 200 
600 185 187 213 
600 186 201 212 
600 187 5 183 185 205 
600 188 
600 189 5 181 203 
600 190 
600 191 
600 192 180 183 184 194 
600 193 208 
600 194 19 177 192 
600 195 
600 196 19 179 184 197 211 218 221 
600 197 16 196 209 223 
600 198 209 224 
600 199 178 183 
600 200 176 184 212 214 219 
600 201 186 213 
600 202 5 176 181 
600 203 178 181 189 224 
600 204 181 210 216 
600 205 179 180 187 220 
600 206 
600 207 178 
600 208 175 193 
600 209 197 198 224 
600 210 16 19 204 218 
600 211 16 17 18 196 
600 212 178 186 200 214 
600 213 185 201 216 220 
600 214 200 212 
600 215 
600 216 176 204 213 219 
600 217 
600 218 19 183 196 210 
600 219 17 200 216 222 
600 220 205 213 
600 221 17 196 
600 222 17 18 179 219 
600 223 5 197 
600 224 16 176 198 203 209 
600 225 0 2 
600 226 0 
600 227 0 2 
600 228 0 2 
600 229 0 2 
600 230 0 2 
600 231 0 2 
600 232 0 2 
600 233 0 
600 234 0 2 
600 235 0 2 
600 236 0 
600 237 0 2 
600 238 0 2 
600 239 0 2 
600 240 0 2 
600 241 0 2 
600 242 0 2 
600 243 0 
600 244 0 2 
600 245 0 2 
600 246 0 2 
600 247 0 2 
600 248 0 2 
600 249 0 
600 250 0 2 
600 251 0 
600 252 0 2 
600 253 0 2 
600 254 0 
