0 3600
600 0 2 225 226 227 228 229 230 231 232 233 234 235 236 237 238 239 240 241 242 243 244 245 246 247 248 249 250 251 252 253 254 
600 1 7 29 36 37 47 49 50 55 
600 2 0 67 85 225 227 228 229 230 231 232 234 235 237 238 239 240 241 242 244 245 246 247 248 250 252 253 
600 3 39 100 112 118 119 
600 4 13 14 133 154 155 156 167 173 
600 5 181 187 189 196 202 213 223 
600 6 22 29 33 46 
600 7 1 27 30 56 
600 8 20 26 45 56 
600 9 65 73 80 81 85 
600 10 70 73 77 
600 11 70 
600 12 92 106 109 121 123 140 
600 13 4 138 
600 14 4 
600 15 144 152 157 
600 16 197 210 211 213 224 
600 17 19 178 184 211 218 219 221 222 
600 18 222 
600 19 17 176 194 
600 20 8 28 51 53 
600 21 56 
600 22 6 41 52 
600 23 41 
600 24 
600 25 32 
600 26 8 38 
600 27 7 32 124 
600 28 20 
600 29 1 6 
600 30 7 42 
600 31 
600 32 25 27 
600 33 6 89 99 
600 34 
600 35 39 48 89 96 129 
600 36 1 102 
600 37 1 
600 38 26 
600 39 3 35 
600 40 45 
600 41 22 23 
600 42 30 
600 43 
600 44 49 
600 45 8 40 
600 46 6 
600 47 1 54 
600 48 35 
600 49 1 44 
600 50 1 
600 51 20 
600 52 22 
600 53 20 
600 54 47 
600 55 1 
600 56 7 8 21 
600 57 59 69 88 
600 58 65 79 87 
600 59 57 
600 60 72 80 
600 61 65 88 
600 62 
600 63 86 
600 64 66 68 
600 65 9 58 61 
600 66 64 
600 67 2 75 78 
600 68 64 72 
600 69 57 
600 70 10 11 76 82 83 
600 71 
600 72 60 68 
600 73 9 10 86 
600 74 
600 75 67 
600 76 70 
600 77 10 
600 78 67 
600 79 58 
600 80 9 60 
600 81 9 
600 82 70 
600 83 70 
600 84 
600 85 2 9 
600 86 63 73 
600 87 58 
600 88 57 61 
600 89 33 35 
600 90 104 127 
600 91 130 
600 92 12 97 
600 93 
600 94 173 
600 95 128 
600 96 35 
600 97 92 
600 98 99 
600 99 33 98 105 
600 100 3 122 
600 101 167 
600 102 36 
600 103 122 
600 104 90 
600 105 99 
600 106 12 116 129 
600 107 130 
600 108 129 
600 109 12 130 
600 110 119 
600 111 129 
600 112 3 
600 113 129 
600 114 
600 115 128 129 
600 116 106 153 
600 117 
600 118 3 125 
600 119 3 110 
600 120 129 
600 121 12 
600 122 100 103 
600 123 12 
600 124 27 
600 125 118 
600 126 129 
600 127 90 128 
600 128 95 115 127 
600 129 35 106 108 111 113 115 120 126 
600 130 91 107 109 
600 131 148 154 162 163 
600 132 139 151 153 169 173 
600 133 4 
600 134 
600 135 139 141 150 170 
600 136 138 143 149 174 
600 137 
600 138 13 136 145 157 
600 139 132 135 158 
600 140 12 
600 141 135 
600 142 166 
600 143 136 
600 144 15 164 
600 145 138 160 166 
600 146 
600 147 155 
600 148 131 
600 149 136 161 
600 150 135 
600 151 132 
600 152 15 
600 153 116 132 
600 154 4 131 
600 155 4 147 159 
600 156 4 
600 157 15 138 
600 158 139 
600 159 155 
600 160 145 171 
600 161 149 
600 162 131 
600 163 131 165 
600 164 144 
600 165 163 
600 166 142 145 
600 167 4 101 
600 168 
600 169 132 
600 170 135 
600 171 160 
600 172 
600 173 4 94 132 
600 174 136 
600 175 208 
600 176 19 200 216 
600 177 194 
600 178 17 199 203 207 212 
600 179 192 205 222 
600 180 192 
600 181 5 204 
600 182 
600 183 184 
600 184 17 183 
600 185 187 
600 186 201 212 
600 187 5 185 
600 188 
600 189 5 
600 190 
600 191 
600 192 179 180 
600 193 208 
600 194 19 177 
600 195 
600 196 5 
600 197 16 209 
600 198 209 
600 199 178 
600 200 176 214 
600 201 186 
600 202 5 
600 203 178 
600 204 181 
600 205 179 220 
600 206 
600 207 178 
600 208 175 193 
600 209 197 198 
600 210 16 
600 211 16 17 
600 212 178 186 
600 213 5 16 
600 214 200 
600 215 
600 216 176 
600 217 
600 218 17 
600 219 17 
600 220 205 
600 221 17 
600 222 17 18 179 
600 223 5 
600 224 16 
600 225 0 2 
600 226 0 
600 227 0 2 
600 228 0 2 
600 229 0 2 
600 230 0 2 
600 231 0 2 
600 232 0 2 
600 233 0 
600 234 0 2 
600 235 0 2 
600 236 0 
600 237 0 2 
600 238 0 2 
600 239 0 2 
600 240 0 2 
600 241 0 2 
600 242 0 2 
600 243 0 
600 244 0 2 
600 245 0 2 
600 246 0 2 
600 247 0 2 
600 248 0 2 
600 249 0 
600 250 0 2 
600 251 0 
600 252 0 2 
600 253 0 2 
600 254 0 
