0 3720
0 0 157 158 159 160 161 162 163 164 165 166 167 168 169 170 171 172 173 174 175 176 177 178 179 180 181 182 183 184 185 186 
0 1 29 30 31 32 33 34 35 36 37 38 39 40 41 42 43 44 45 46 47 48 49 68 69 70 71 72 73 74 75 76 77 78 79 80 81 82 143 145 146 147 148 149 151 152 153 154 156 157 160 162 164 166 167 169 171 174 175 177 180 182 184 186 
0 2 50 51 52 53 54 55 56 57 58 59 60 61 62 63 64 65 66 67 123 125 126 130 134 137 138 158 160 163 165 168 170 174 176 177 178 182 184 186 
0 3 29 30 31 32 33 34 35 36 37 38 39 40 41 42 43 44 45 46 47 48 49 68 69 70 71 72 73 74 75 76 77 78 79 80 81 82 158 160 162 163 167 169 173 176 177 179 181 184 186 
0 4 83 84 85 86 87 88 89 90 91 92 93 94 95 96 97 98 99 100 101 102 103 104 105 106 107 108 109 110 111 112 113 114 115 116 117 118 119 120 121 122 123 124 125 126 127 128 129 130 131 132 133 134 135 136 138 139 140 141 157 159 163 165 166 168 172 174 176 177 179 183 184 185 
0 5 83 84 85 86 87 88 89 90 91 92 93 94 95 96 97 98 99 100 101 102 103 104 105 106 107 108 109 110 111 112 113 114 115 116 117 118 119 120 121 122 123 124 125 126 127 128 129 130 131 132 133 134 135 136 137 138 139 140 141 158 159 162 165 167 170 173 176 178 179 181 184 
0 6 83 84 85 86 87 88 89 90 91 92 94 96 98 99 100 101 102 103 104 105 106 107 108 109 110 111 112 113 114 115 116 117 118 119 120 121 122 123 124 125 126 127 128 129 130 131 132 133 134 135 136 137 138 139 140 141 157 161 162 164 166 167 169 172 175 176 177 178 182 185 186 
0 7 29 30 31 32 33 34 35 36 37 38 39 40 41 42 43 44 45 46 47 48 49 142 143 144 145 146 147 148 149 150 151 152 153 154 155 156 158 161 163 166 168 171 175 178 180 183 185 
0 8 1 9 29 30 31 32 33 34 35 36 37 38 39 40 41 42 43 44 45 46 47 48 49 68 69 70 71 72 73 74 75 76 77 78 79 80 81 82 143 145 146 147 148 149 151 152 153 154 156 
0 9 1 8 29 30 31 32 33 34 35 36 37 38 39 40 41 42 43 44 45 46 47 48 49 68 69 70 71 72 73 74 75 76 77 78 79 80 81 82 143 145 146 147 148 149 151 152 153 154 156 
0 10 2 11 12 13 50 51 52 53 54 55 56 57 58 59 60 61 62 63 64 65 66 67 123 125 126 130 134 137 138 
0 11 2 10 12 13 50 51 52 53 54 55 56 57 58 59 60 61 62 63 64 65 66 67 123 125 126 130 134 137 138 
0 12 2 10 11 13 50 51 52 53 54 55 56 57 58 59 60 61 62 63 64 65 66 67 123 125 126 130 134 137 138 
0 13 2 10 11 12 50 51 52 53 54 55 56 57 58 59 60 61 62 63 64 65 66 67 123 125 126 130 134 137 138 
0 14 3 15 29 30 31 32 33 34 35 36 37 38 39 40 41 42 43 44 45 46 47 48 49 68 69 70 71 72 73 74 75 76 77 78 79 80 81 82 
0 15 3 14 29 30 31 32 33 34 35 36 37 38 39 40 41 42 43 44 45 46 47 48 49 68 69 70 71 72 73 74 75 76 77 78 79 80 81 82 
0 16 4 17 18 19 83 84 85 86 87 88 89 90 91 92 93 94 95 96 97 98 99 100 101 102 103 104 105 106 107 108 109 110 111 112 113 114 115 116 117 118 119 120 121 122 123 124 125 126 127 128 129 130 131 132 133 134 135 136 138 139 140 141 
0 17 4 16 18 19 83 84 85 86 87 88 89 90 91 92 93 94 95 96 97 98 99 100 101 102 103 104 105 106 107 108 109 110 111 112 113 114 115 116 117 118 119 120 121 122 123 124 125 126 127 128 129 130 131 132 133 134 135 136 138 139 140 141 
0 18 4 16 17 19 83 84 85 86 87 88 89 90 91 92 93 94 95 96 97 98 99 100 101 102 103 104 105 106 107 108 109 110 111 112 113 114 115 116 117 118 119 120 121 122 123 124 125 126 127 128 129 130 131 132 133 134 135 136 138 139 140 141 
0 19 4 16 17 18 83 84 85 86 87 88 89 90 91 92 93 94 95 96 97 98 99 100 101 102 103 104 105 106 107 108 109 110 111 112 113 114 115 116 117 118 119 120 121 122 123 124 125 126 127 128 129 130 131 132 133 134 135 136 138 139 140 141 
0 20 5 21 83 84 85 86 87 88 89 90 91 92 93 94 95 96 97 98 99 100 101 102 103 104 105 106 107 108 109 110 111 112 113 114 115 116 117 118 119 120 121 122 123 124 125 126 127 128 129 130 131 132 133 134 135 136 137 138 139 140 141 
0 21 5 20 83 84 85 86 87 88 89 90 91 92 93 94 95 96 97 98 99 100 101 102 103 104 105 106 107 108 109 110 111 112 113 114 115 116 117 118 119 120 121 122 123 124 125 126 127 128 129 130 131 132 133 134 135 136 137 138 139 140 141 
0 22 6 23 24 83 84 85 86 87 88 89 90 91 92 94 96 98 99 100 101 102 103 104 105 106 107 108 109 110 111 112 113 114 115 116 117 118 119 120 121 122 123 124 125 126 127 128 129 130 131 132 133 134 135 136 137 138 139 140 141 
0 23 6 22 24 83 84 85 86 87 88 89 90 91 92 94 96 98 99 100 101 102 103 104 105 106 107 108 109 110 111 112 113 114 115 116 117 118 119 120 121 122 123 124 125 126 127 128 129 130 131 132 133 134 135 136 137 138 139 140 141 
0 24 6 22 23 83 84 85 86 87 88 89 90 91 92 94 96 98 99 100 101 102 103 104 105 106 107 108 109 110 111 112 113 114 115 116 117 118 119 120 121 122 123 124 125 126 127 128 129 130 131 132 133 134 135 136 137 138 139 140 141 
0 25 7 26 27 28 29 30 31 32 33 34 35 36 37 38 39 40 41 42 43 44 45 46 47 48 49 142 143 144 145 146 147 148 149 150 151 152 153 154 155 156 
0 26 7 25 27 28 29 30 31 32 33 34 35 36 37 38 39 40 41 42 43 44 45 46 47 48 49 142 143 144 145 146 147 148 149 150 151 152 153 154 155 156 
0 27 7 25 26 28 29 30 31 32 33 34 35 36 37 38 39 40 41 42 43 44 45 46 47 48 49 142 143 144 145 146 147 148 149 150 151 152 153 154 155 156 
0 28 7 25 26 27 29 30 31 32 33 34 35 36 37 38 39 40 41 42 43 44 45 46 47 48 49 142 143 144 145 146 147 148 149 150 151 152 153 154 155 156 
0 29 1 8 9 30 31 32 33 34 35 36 37 38 39 40 41 42 43 44 45 46 47 48 49 
0 30 1 8 9 29 31 32 33 34 35 36 37 38 39 40 41 42 43 44 45 46 47 48 49 
0 31 1 8 9 29 30 32 33 34 35 36 37 38 39 40 41 42 43 44 45 46 47 48 49 
0 32 1 8 9 29 30 31 33 34 35 36 37 38 39 40 41 42 43 44 45 46 47 48 49 
0 33 1 8 9 29 30 31 32 34 35 36 37 38 39 40 41 42 43 44 45 46 47 48 49 
0 34 1 8 9 29 30 31 32 33 35 36 37 38 39 40 41 42 43 44 45 46 47 48 49 
0 35 1 8 9 29 30 31 32 33 34 36 37 38 39 40 41 42 43 44 45 46 47 48 49 
0 36 1 8 9 29 30 31 32 33 34 35 37 38 39 40 41 42 43 44 45 46 47 48 49 
0 37 1 8 9 29 30 31 32 33 34 35 36 38 39 40 41 42 43 44 45 46 47 48 49 
0 38 1 8 9 29 30 31 32 33 34 35 36 37 39 40 41 42 43 44 45 46 47 48 49 
0 39 1 8 9 29 30 31 32 33 34 35 36 37 38 40 41 42 43 44 45 46 47 48 49 
0 40 1 8 9 29 30 31 32 33 34 35 36 37 38 39 41 42 43 44 45 46 47 48 49 
0 41 1 8 9 29 30 31 32 33 34 35 36 37 38 39 40 42 43 44 45 46 47 48 49 
0 42 1 8 9 29 30 31 32 33 34 35 36 37 38 39 40 41 43 44 45 46 47 48 49 
0 43 1 8 9 29 30 31 32 33 34 35 36 37 38 39 40 41 42 44 45 46 47 48 49 
0 44 1 8 9 29 30 31 32 33 34 35 36 37 38 39 40 41 42 43 45 46 47 48 49 
0 45 1 8 9 29 30 31 32 33 34 35 36 37 38 39 40 41 42 43 44 46 47 48 49 
0 46 1 8 9 29 30 31 32 33 34 35 36 37 38 39 40 41 42 43 44 45 47 48 49 
0 47 1 8 9 29 30 31 32 33 34 35 36 37 38 39 40 41 42 43 44 45 46 48 49 
0 48 1 8 9 29 30 31 32 33 34 35 36 37 38 39 40 41 42 43 44 45 46 47 49 
0 49 1 8 9 29 30 31 32 33 34 35 36 37 38 39 40 41 42 43 44 45 46 47 48 
0 50 2 10 11 12 13 51 52 53 54 57 59 60 61 62 63 64 65 66 67 
0 51 2 10 11 12 13 50 52 53 54 55 57 59 60 61 62 63 64 65 66 67 
0 52 2 10 11 12 13 50 51 53 54 57 58 59 60 61 62 63 64 65 66 67 
0 53 2 10 11 12 13 50 51 52 54 55 56 57 59 60 61 62 63 64 65 66 67 
0 54 2 10 11 12 13 50 51 52 53 55 56 57 58 59 60 61 62 63 64 65 66 67 
0 55 2 10 11 12 13 51 53 54 56 57 58 59 60 61 62 63 64 65 66 
0 56 2 10 11 12 13 53 54 55 57 58 59 60 61 62 63 64 65 66 
0 57 2 10 11 12 13 50 51 52 53 54 55 56 58 59 60 61 62 63 64 65 66 67 
0 58 2 10 11 12 13 52 54 55 56 57 59 60 61 62 63 64 65 66 
0 59 2 10 11 12 13 50 51 52 53 54 55 56 57 58 60 61 62 63 64 65 66 67 
0 60 2 10 11 12 13 50 51 52 53 54 55 56 57 58 59 61 62 63 64 65 66 67 
0 61 2 10 11 12 13 50 51 52 53 54 55 56 57 58 59 60 62 63 64 65 66 
0 62 2 10 11 12 13 50 51 52 53 54 55 56 57 58 59 60 61 63 64 65 66 
0 63 2 10 11 12 13 50 51 52 53 54 55 56 57 58 59 60 61 62 64 65 66 67 
0 64 2 10 11 12 13 50 51 52 53 54 55 56 57 58 59 60 61 62 63 65 66 67 
0 65 2 10 11 12 13 50 51 52 53 54 55 56 57 58 59 60 61 62 63 64 66 67 
0 66 2 10 11 12 13 50 51 52 53 54 55 56 57 58 59 60 61 62 63 64 65 67 
0 67 2 10 11 12 13 50 51 52 53 54 57 59 60 63 64 65 66 
0 68 3 14 15 69 70 72 74 76 78 79 80 81 82 
0 69 3 14 15 68 70 72 74 75 76 79 80 81 82 
0 70 3 14 15 68 69 72 74 75 77 79 81 82 
0 71 74 75 79 
0 72 68 69 70 74 75 77 81 82 
0 73 75 78 79 80 
0 74 3 14 15 68 69 70 71 72 75 79 80 81 82 
0 75 3 14 15 69 70 71 72 73 74 76 77 78 79 80 81 
0 76 68 69 75 78 80 82 
0 77 70 72 75 79 81 82 
0 78 3 14 15 68 73 75 76 79 80 81 
0 79 3 14 15 68 69 70 71 73 74 75 77 78 80 81 82 
0 80 3 14 15 68 69 73 74 75 76 78 79 82 
0 81 3 14 15 68 69 70 72 74 75 77 78 79 82 
0 82 68 69 70 72 74 76 77 79 80 81 
0 83 4 16 17 18 19 84 86 87 89 91 93 94 95 100 
0 84 4 16 17 18 19 83 85 86 89 93 94 95 100 102 
0 85 84 93 94 96 101 102 103 
0 86 83 84 87 92 93 94 95 100 103 118 
0 87 4 16 17 18 19 83 86 90 91 92 93 94 100 103 118 
0 88 90 91 95 96 97 99 101 
0 89 83 84 91 93 95 96 98 100 
0 90 4 16 17 18 19 87 88 91 92 95 97 98 99 101 103 
0 91 4 16 17 18 19 83 87 88 89 90 92 94 95 96 97 98 99 100 103 
0 92 4 16 17 18 19 86 87 90 91 97 100 
0 93 4 16 17 18 19 83 84 85 86 87 89 94 95 100 103 
0 94 4 16 17 18 19 83 84 85 86 87 91 93 102 103 
0 95 83 84 86 88 89 90 91 93 97 99 100 101 103 
0 96 85 88 89 91 98 100 101 
0 97 88 90 91 92 95 99 101 103 
0 98 89 90 91 96 100 102 
0 99 88 90 91 95 97 101 103 
0 100 83 84 86 87 89 91 92 93 95 96 98 
0 101 85 88 90 95 96 97 99 103 
0 102 4 16 17 18 19 84 85 94 98 
0 103 4 16 17 18 19 85 86 87 90 91 93 94 95 97 99 101 
0 104 5 20 21 105 107 110 111 112 113 114 115 116 118 120 122 
0 105 5 20 21 104 106 107 108 109 110 111 112 113 114 115 116 117 118 119 120 121 122 
0 106 5 20 21 105 107 108 109 110 111 112 113 114 115 116 117 118 119 120 121 122 
0 107 5 20 21 104 105 106 108 109 110 111 112 113 114 116 117 118 119 121 122 
0 108 5 20 21 105 106 107 109 110 111 112 113 115 117 118 119 120 121 122 
0 109 5 20 21 105 106 107 108 110 111 112 113 115 116 117 118 119 120 121 122 
0 110 5 20 21 104 105 106 107 108 109 111 112 113 114 115 116 117 118 119 120 121 122 
0 111 5 20 21 104 105 106 107 108 109 110 112 113 114 115 116 117 118 119 120 121 122 
0 112 5 20 21 104 105 106 107 108 109 110 111 113 114 115 116 117 118 119 120 121 122 
0 113 5 20 21 104 105 106 107 108 109 110 111 112 114 115 116 117 118 119 120 121 122 
0 114 5 20 21 104 105 106 107 110 111 112 113 115 116 118 119 120 122 
0 115 5 20 21 104 105 106 108 109 110 111 112 113 114 116 117 118 119 120 121 122 
0 116 5 20 21 104 105 106 107 109 110 111 112 113 114 115 117 118 119 121 122 
0 117 5 20 21 105 106 107 108 109 110 111 112 113 115 116 118 119 120 121 122 
0 118 5 20 21 86 87 104 105 106 107 108 109 110 111 112 113 114 115 116 117 119 120 121 122 
0 119 5 20 21 105 106 107 108 109 110 111 112 113 114 115 116 117 118 120 121 122 
0 120 5 20 21 104 105 106 108 109 110 111 112 113 114 115 117 118 119 121 122 
0 121 5 20 21 105 106 107 108 109 110 111 112 113 115 116 117 118 119 120 122 
0 122 5 20 21 104 105 106 107 108 109 110 111 112 113 114 115 116 117 118 119 120 121 
0 123 6 22 23 24 125 130 
0 124 126 127 134 136 139 140 
0 125 6 22 23 24 123 126 127 136 138 
0 126 124 125 136 138 140 
0 127 6 22 23 24 124 125 128 132 133 134 135 139 
0 128 127 132 133 134 137 139 140 
0 129 6 22 23 24 131 132 133 135 138 140 141 
0 130 123 137 
0 131 129 132 133 135 138 140 141 
0 132 127 128 129 131 133 135 138 139 140 141 
0 133 127 128 129 131 132 134 135 137 138 139 140 141 
0 134 124 127 128 133 137 
0 135 127 129 131 132 133 138 139 140 141 
0 136 124 125 126 138 140 
0 137 128 130 133 134 
0 138 125 126 129 131 132 133 135 136 140 141 
0 139 6 22 23 24 124 127 128 132 133 135 
0 140 124 126 128 129 131 132 133 135 136 138 141 
0 141 129 131 132 133 135 138 140 
0 142 144 148 150 151 155 
0 143 7 25 26 27 28 145 146 147 150 151 153 156 
0 144 142 148 150 151 155 
0 145 7 25 26 27 28 143 146 147 149 151 152 154 156 
0 146 143 145 147 152 156 
0 147 7 25 26 27 28 143 145 146 151 152 153 156 
0 148 142 144 151 154 155 
0 149 7 25 26 27 28 145 150 152 153 154 156 
0 150 7 25 26 27 28 142 143 144 149 151 154 155 
0 151 7 25 26 27 28 142 143 144 145 147 148 150 152 153 154 156 
0 152 7 25 26 27 28 145 146 147 149 151 153 154 156 
0 153 7 25 26 27 28 143 147 149 151 152 154 156 
0 154 7 25 26 27 28 145 148 149 150 151 152 153 156 
0 155 142 144 148 150 
0 156 7 25 26 27 28 143 145 146 147 149 151 152 153 154 
0 157 0 1 4 6 
0 158 0 2 3 5 7 
0 159 0 4 5 
0 160 0 1 2 3 
0 161 0 6 7 
0 162 0 1 3 5 6 
0 163 0 2 3 4 7 
0 164 0 1 6 
0 165 0 2 4 5 
0 166 0 1 4 6 7 
0 167 0 1 3 5 6 
0 168 0 2 4 7 
0 169 0 1 3 6 
0 170 0 2 5 
0 171 0 1 7 
0 172 0 4 6 
0 173 0 3 5 
0 174 0 1 2 4 
0 175 0 1 6 7 
0 176 0 2 3 4 5 6 
0 177 0 1 2 3 4 6 
0 178 0 2 5 6 7 
0 179 0 3 4 5 
0 180 0 1 7 
0 181 0 3 5 
0 182 0 1 2 6 
0 183 0 4 7 
0 184 0 1 2 3 4 5 
0 185 0 4 6 7 
0 186 0 1 2 3 6 
900 0 157 158 159 160 161 162 163 164 165 166 167 168 169 170 171 172 173 174 175 176 177 178 179 180 181 182 183 184 185 186 
900 1 29 30 31 32 33 34 35 36 37 38 39 40 41 42 43 44 45 46 47 48 49 68 69 70 71 72 73 74 75 76 77 78 79 80 81 82 142 143 145 146 147 148 149 150 151 152 153 154 155 156 157 160 162 164 166 167 169 171 174 175 177 180 182 184 186 
900 2 50 51 52 53 54 55 56 57 58 59 60 61 62 63 64 65 66 67 123 135 140 158 160 163 165 168 170 174 176 177 178 182 184 186 
900 3 29 30 31 32 33 34 35 36 37 38 39 40 41 42 43 44 45 46 47 48 49 68 69 70 71 72 73 74 75 76 77 78 79 80 81 82 158 160 162 163 167 169 173 176 177 179 181 184 186 
900 4 83 84 85 86 87 88 89 90 91 92 93 94 95 96 97 98 99 100 101 102 103 104 105 106 107 108 109 110 111 112 113 114 115 116 117 118 119 120 121 122 123 124 125 126 127 128 129 130 131 132 133 134 136 137 138 139 140 157 159 163 165 166 168 172 174 176 177 179 183 184 185 
900 5 83 84 85 86 87 88 89 90 91 92 93 94 95 96 97 98 99 100 101 102 103 104 105 106 107 108 109 110 111 112 113 114 115 116 117 118 119 120 121 122 123 124 125 126 127 128 129 130 131 132 133 134 135 136 137 138 139 140 141 158 159 162 165 167 170 173 176 178 179 181 184 
900 6 83 86 87 88 89 90 91 92 93 95 96 97 98 99 100 101 102 103 104 105 106 107 108 109 110 111 112 113 114 115 116 117 118 119 120 121 122 123 124 125 126 127 128 129 130 131 132 133 134 135 136 137 138 139 140 141 157 161 162 164 166 167 169 172 175 176 177 178 182 185 186 
900 7 29 31 32 33 34 35 36 37 39 40 41 42 43 44 45 46 47 48 49 142 143 144 145 146 147 148 149 150 151 152 153 154 155 156 158 161 163 166 168 171 175 178 180 183 185 
900 8 1 9 29 30 31 32 33 34 35 36 37 38 39 40 41 42 43 44 45 46 47 48 49 68 69 70 71 72 73 74 75 76 77 78 79 80 81 82 142 143 145 146 147 148 149 150 151 152 153 154 155 156 
900 9 1 8 29 30 31 32 33 34 35 36 37 38 39 40 41 42 43 44 45 46 47 48 49 68 69 70 71 72 73 74 75 76 77 78 79 80 81 82 142 143 145 146 147 148 149 150 151 152 153 154 155 156 
900 10 2 11 12 13 50 51 52 53 54 55 56 57 58 59 60 61 62 63 64 65 66 67 123 135 140 
900 11 2 10 12 13 50 51 52 53 54 55 56 57 58 59 60 61 62 63 64 65 66 67 123 135 140 
900 12 2 10 11 13 50 51 52 53 54 55 56 57 58 59 60 61 62 63 64 65 66 67 123 135 140 
900 13 2 10 11 12 50 51 52 53 54 55 56 57 58 59 60 61 62 63 64 65 66 67 123 135 140 
900 14 3 15 29 30 31 32 33 34 35 36 37 38 39 40 41 42 43 44 45 46 47 48 49 68 69 70 71 72 73 74 75 76 77 78 79 80 81 82 
900 15 3 14 29 30 31 32 33 34 35 36 37 38 39 40 41 42 43 44 45 46 47 48 49 68 69 70 71 72 73 74 75 76 77 78 79 80 81 82 
900 16 4 17 18 19 83 84 85 86 87 88 89 90 91 92 93 94 95 96 97 98 99 100 101 102 103 104 105 106 107 108 109 110 111 112 113 114 115 116 117 118 119 120 121 122 123 124 125 126 127 128 129 130 131 132 133 134 136 137 138 139 140 
900 17 4 16 18 19 83 84 85 86 87 88 89 90 91 92 93 94 95 96 97 98 99 100 101 102 103 104 105 106 107 108 109 110 111 112 113 114 115 116 117 118 119 120 121 122 123 124 125 126 127 128 129 130 131 132 133 134 136 137 138 139 140 
900 18 4 16 17 19 83 84 85 86 87 88 89 90 91 92 93 94 95 96 97 98 99 100 101 102 103 104 105 106 107 108 109 110 111 112 113 114 115 116 117 118 119 120 121 122 123 124 125 126 127 128 129 130 131 132 133 134 136 137 138 139 140 
900 19 4 16 17 18 83 84 85 86 87 88 89 90 91 92 93 94 95 96 97 98 99 100 101 102 103 104 105 106 107 108 109 110 111 112 113 114 115 116 117 118 119 120 121 122 123 124 125 126 127 128 129 130 131 132 133 134 136 137 138 139 140 
900 20 5 21 83 84 85 86 87 88 89 90 91 92 93 94 95 96 97 98 99 100 101 102 103 104 105 106 107 108 109 110 111 112 113 114 115 116 117 118 119 120 121 122 123 124 125 126 127 128 129 130 131 132 133 134 135 136 137 138 139 140 141 
900 21 5 20 83 84 85 86 87 88 89 90 91 92 93 94 95 96 97 98 99 100 101 102 103 104 105 106 107 108 109 110 111 112 113 114 115 116 117 118 119 120 121 122 123 124 125 126 127 128 129 130 131 132 133 134 135 136 137 138 139 140 141 
900 22 6 23 24 83 86 87 88 89 90 91 92 93 95 96 97 98 99 100 101 102 103 104 105 106 107 108 109 110 111 112 113 114 115 116 117 118 119 120 121 122 123 124 125 126 127 128 129 130 131 132 133 134 135 136 137 138 139 140 141 
900 23 6 22 24 83 86 87 88 89 90 91 92 93 95 96 97 98 99 100 101 102 103 104 105 106 107 108 109 110 111 112 113 114 115 116 117 118 119 120 121 122 123 124 125 126 127 128 129 130 131 132 133 134 135 136 137 138 139 140 141 
900 24 6 22 23 83 86 87 88 89 90 91 92 93 95 96 97 98 99 100 101 102 103 104 105 106 107 108 109 110 111 112 113 114 115 116 117 118 119 120 121 122 123 124 125 126 127 128 129 130 131 132 133 134 135 136 137 138 139 140 141 
900 25 7 26 27 28 29 31 32 33 34 35 36 37 39 40 41 42 43 44 45 46 47 48 49 142 143 144 145 146 147 148 149 150 151 152 153 154 155 156 
900 26 7 25 27 28 29 31 32 33 34 35 36 37 39 40 41 42 43 44 45 46 47 48 49 142 143 144 145 146 147 148 149 150 151 152 153 154 155 156 
900 27 7 25 26 28 29 31 32 33 34 35 36 37 39 40 41 42 43 44 45 46 47 48 49 142 143 144 145 146 147 148 149 150 151 152 153 154 155 156 
900 28 7 25 26 27 29 31 32 33 34 35 36 37 39 40 41 42 43 44 45 46 47 48 49 142 143 144 145 146 147 148 149 150 151 152 153 154 155 156 
900 29 1 8 9 30 31 32 33 34 35 36 37 38 39 40 41 42 43 44 45 46 47 48 49 
900 30 1 8 9 29 31 32 33 34 35 36 37 38 39 40 41 42 43 45 46 47 48 49 
900 31 1 8 9 29 30 32 33 34 35 36 37 38 39 40 41 42 43 44 45 46 47 48 49 
900 32 1 8 9 29 30 31 33 34 35 36 37 38 39 40 41 42 43 44 45 46 47 48 49 
900 33 1 8 9 29 30 31 32 34 35 36 37 38 39 40 41 42 43 44 45 46 47 48 49 
900 34 1 8 9 29 30 31 32 33 35 36 37 38 39 40 41 42 43 44 45 46 47 48 49 
900 35 1 8 9 29 30 31 32 33 34 36 37 38 39 40 41 42 43 44 45 46 47 48 49 
900 36 1 8 9 29 30 31 32 33 34 35 37 38 39 40 41 42 43 44 45 46 47 48 49 
900 37 1 8 9 29 30 31 32 33 34 35 36 38 39 40 41 42 43 44 45 46 47 48 49 
900 38 1 8 9 29 30 31 32 33 34 35 36 37 39 40 41 42 43 44 45 46 47 48 49 
900 39 1 8 9 29 30 31 32 33 34 35 36 37 38 40 41 42 43 44 45 46 47 48 49 
900 40 1 8 9 29 30 31 32 33 34 35 36 37 38 39 41 42 43 44 45 46 47 48 49 
900 41 1 8 9 29 30 31 32 33 34 35 36 37 38 39 40 42 43 44 45 46 47 48 49 
900 42 1 8 9 29 30 31 32 33 34 35 36 37 38 39 40 41 43 44 45 46 47 48 49 
900 43 1 8 9 29 30 31 32 33 34 35 36 37 38 39 40 41 42 44 45 46 47 48 49 
900 44 1 8 9 29 31 32 33 34 35 36 37 38 39 40 41 42 43 46 47 48 49 
900 45 1 8 9 29 30 31 32 33 34 35 36 37 38 39 40 41 42 43 46 47 48 49 
900 46 1 8 9 29 30 31 32 33 34 35 36 37 38 39 40 41 42 43 44 45 47 49 
900 47 1 8 9 29 30 31 32 33 34 35 36 37 38 39 40 41 42 43 44 45 46 48 49 
900 48 1 8 9 29 30 31 32 33 34 35 36 37 38 39 40 41 42 43 44 45 47 49 
900 49 1 8 9 29 30 31 32 33 34 35 36 37 38 39 40 41 42 43 44 45 46 47 48 
900 50 2 10 11 12 13 51 52 53 54 56 57 58 59 60 61 62 63 64 65 66 67 
900 51 2 10 11 12 13 50 52 53 54 55 56 57 58 59 60 61 62 64 65 66 67 
900 52 2 10 11 12 13 50 51 53 54 55 56 57 58 59 60 61 62 63 64 65 66 67 
900 53 2 10 11 12 13 50 51 52 54 55 57 58 60 61 62 64 65 66 
900 54 2 10 11 12 13 50 51 52 53 56 57 59 60 61 62 63 64 65 66 67 
900 55 2 10 11 12 13 51 52 53 57 58 59 60 61 62 63 64 65 66 67 
900 56 2 10 11 12 13 50 51 52 54 57 59 60 61 62 63 64 65 66 67 
900 57 2 10 11 12 13 50 51 52 53 54 55 56 59 60 61 62 63 64 65 66 67 
900 58 2 10 11 12 13 50 51 52 53 55 60 61 62 63 64 65 67 
900 59 2 10 11 12 13 50 51 52 54 55 56 57 61 62 63 64 65 66 67 
900 60 2 10 11 12 13 50 51 52 53 54 55 56 57 58 61 62 63 64 65 66 67 
900 61 2 10 11 12 13 50 51 52 53 54 55 56 57 58 59 60 62 63 64 65 66 67 
900 62 2 10 11 12 13 50 51 52 53 54 55 56 57 58 59 60 61 63 64 65 66 67 
900 63 2 10 11 12 13 50 52 54 55 56 57 58 59 60 61 62 65 66 67 
900 64 2 10 11 12 13 50 51 52 53 54 55 56 57 58 59 60 61 62 65 66 
900 65 2 10 11 12 13 50 51 52 53 54 55 56 57 58 59 60 61 62 63 64 66 
900 66 2 10 11 12 13 50 51 52 53 54 55 56 57 59 60 61 62 63 64 65 67 
900 67 2 10 11 12 13 50 51 52 54 55 56 57 58 59 60 61 62 63 66 
900 68 3 14 15 70 72 73 77 78 79 80 81 82 
900 69 70 77 78 
900 70 3 14 15 68 69 72 73 76 77 78 
900 71 73 75 76 81 
900 72 3 14 15 68 70 73 74 77 78 79 80 81 
900 73 3 14 15 68 70 71 72 75 76 77 78 79 81 
900 74 72 77 79 80 
900 75 3 14 15 71 73 76 79 81 
900 76 70 71 73 75 77 
900 77 3 14 15 68 69 70 72 73 74 76 79 81 
900 78 3 14 15 68 69 70 72 73 79 80 81 82 
900 79 3 14 15 68 72 73 74 75 77 78 80 81 
900 80 68 72 74 78 79 82 
900 81 3 14 15 68 71 72 73 75 77 78 79 
900 82 68 78 80 
900 83 85 86 88 90 94 95 110 113 
900 84 85 86 88 94 98 99 100 101 102 
900 85 83 84 86 88 94 98 
900 86 4 16 17 18 19 83 84 85 88 92 93 94 96 98 
900 87 89 90 91 95 100 102 103 109 111 113 115 
900 88 4 16 17 18 19 83 84 85 86 90 95 96 98 100 101 103 107 110 113 114 118 120 
900 89 87 90 91 96 100 102 
900 90 83 87 88 89 91 92 95 96 100 101 102 103 107 110 114 
900 91 87 89 90 95 102 103 104 106 109 111 113 114 115 116 118 120 
900 92 4 16 17 18 19 86 90 93 96 97 99 103 
900 93 86 92 96 97 99 
900 94 4 16 17 18 19 83 84 85 86 99 100 102 
900 95 83 87 88 90 91 102 103 107 110 111 113 114 115 
900 96 4 16 17 18 19 86 88 89 90 92 93 98 100 101 
900 97 4 16 17 18 19 92 93 99 
900 98 4 16 17 18 19 84 85 86 88 96 100 101 
900 99 4 16 17 18 19 84 92 93 94 97 101 102 
900 100 4 16 17 18 19 84 87 88 89 90 94 96 98 101 102 
900 101 84 88 90 96 98 99 100 102 
900 102 84 87 89 90 91 94 95 99 100 101 103 
900 103 4 16 17 18 19 87 88 90 91 92 95 102 107 110 114 115 117 
900 104 5 20 21 91 105 106 107 108 109 110 111 112 113 114 115 116 117 118 119 120 121 122 
900 105 5 20 21 104 106 107 108 109 110 111 112 113 114 115 116 117 118 119 120 121 122 
900 106 5 20 21 91 104 105 107 108 109 110 111 112 113 114 115 116 117 118 119 120 121 122 
900 107 5 20 21 88 90 95 103 104 105 106 108 109 110 112 113 114 115 116 117 118 119 120 121 122 
900 108 5 20 21 104 105 106 107 109 110 111 112 113 114 115 116 117 118 119 120 121 122 
900 109 5 20 21 87 91 104 105 106 107 108 110 111 112 113 114 115 116 117 118 119 120 121 122 
900 110 5 20 21 83 88 90 95 103 104 105 106 107 108 109 111 112 113 114 115 116 117 118 119 120 121 122 
900 111 5 20 21 87 91 95 104 105 106 108 109 110 112 113 114 115 116 117 118 119 120 121 122 
900 112 5 20 21 104 105 106 107 108 109 110 111 113 114 115 116 117 118 119 120 121 122 
900 113 5 20 21 83 87 88 91 95 104 105 106 107 108 109 110 111 112 114 115 116 117 118 119 120 122 
900 114 5 20 21 88 90 91 95 103 104 105 106 107 108 109 110 111 112 113 115 116 117 118 119 120 121 122 
900 115 5 20 21 87 91 95 103 104 105 106 107 108 109 110 111 112 113 114 116 117 118 119 120 121 122 
900 116 5 20 21 91 104 105 106 107 108 109 110 111 112 113 114 115 117 118 119 120 121 122 
900 117 5 20 21 103 104 105 106 107 108 109 110 111 112 113 114 115 116 118 119 120 121 122 
900 118 5 20 21 88 91 104 105 106 107 108 109 110 111 112 113 114 115 116 117 119 120 122 
900 119 5 20 21 104 105 106 107 108 109 110 111 112 113 114 115 116 117 118 120 121 122 
900 120 5 20 21 88 91 104 105 106 107 108 109 110 111 112 113 114 115 116 117 118 119 121 122 
900 121 5 20 21 104 105 106 107 108 109 110 111 112 114 115 116 117 119 120 122 
900 122 5 20 21 104 105 106 107 108 109 110 111 112 113 114 115 116 117 118 119 120 121 
900 123 133 135 139 
900 124 132 133 134 137 139 
900 125 127 131 134 136 141 
900 126 6 22 23 24 127 128 129 130 133 136 138 140 
900 127 6 22 23 24 125 126 130 133 140 141 
900 128 6 22 23 24 126 129 130 131 132 133 138 
900 129 6 22 23 24 126 128 130 132 138 
900 130 6 22 23 24 126 127 128 129 138 
900 131 125 128 132 133 134 137 141 
900 132 124 128 129 131 134 137 
900 133 6 22 23 24 123 124 126 127 128 131 137 139 140 
900 134 124 125 131 132 141 
900 135 123 141 
900 136 125 126 138 
900 137 124 131 132 133 
900 138 126 128 129 130 136 141 
900 139 6 22 23 24 123 124 133 141 
900 140 126 127 133 
900 141 125 127 131 134 135 138 139 
900 142 7 25 26 27 28 143 146 147 148 149 150 151 152 153 155 
900 143 142 146 152 
900 144 7 25 26 27 28 148 149 150 151 152 155 
900 145 146 
900 146 7 25 26 27 28 142 143 145 147 148 149 151 152 153 
900 147 142 146 151 153 154 155 156 
900 148 7 25 26 27 28 142 144 146 149 151 152 153 155 
900 149 7 25 26 27 28 142 144 146 148 152 153 154 155 156 
900 150 142 144 151 154 156 
900 151 7 25 26 27 28 142 144 146 147 148 150 
900 152 7 25 26 27 28 142 143 144 146 148 149 153 
900 153 7 25 26 27 28 142 146 147 148 149 152 
900 154 147 149 150 155 156 
900 155 142 144 147 148 149 154 156 
900 156 147 149 150 154 155 
900 157 0 1 4 6 
900 158 0 2 3 5 7 
900 159 0 4 5 
900 160 0 1 2 3 
900 161 0 6 7 
900 162 0 1 3 5 6 
900 163 0 2 3 4 7 
900 164 0 1 6 
900 165 0 2 4 5 
900 166 0 1 4 6 7 
900 167 0 1 3 5 6 
900 168 0 2 4 7 
900 169 0 1 3 6 
900 170 0 2 5 
900 171 0 1 7 
900 172 0 4 6 
900 173 0 3 5 
900 174 0 1 2 4 
900 175 0 1 6 7 
900 176 0 2 3 4 5 6 
900 177 0 1 2 3 4 6 
900 178 0 2 5 6 7 
900 179 0 3 4 5 
900 180 0 1 7 
900 181 0 3 5 
900 182 0 1 2 6 
900 183 0 4 7 
900 184 0 1 2 3 4 5 
900 185 0 4 6 7 
900 186 0 1 2 3 6 
1800 0 157 158 159 160 161 162 163 164 165 166 167 168 169 170 171 172 173 174 175 176 177 178 179 180 181 182 183 184 185 186 
1800 1 29 30 31 32 33 34 35 36 37 38 39 40 41 42 43 44 45 46 47 48 49 68 69 70 71 72 73 74 75 76 77 78 79 80 81 82 142 143 144 145 146 147 148 149 150 152 153 155 156 157 160 162 164 166 167 169 171 174 175 177 180 182 184 186 
1800 2 50 51 52 53 54 55 56 57 58 59 60 61 62 63 64 65 66 67 125 126 134 136 158 160 163 165 168 170 174 176 177 178 182 184 186 
1800 3 29 30 31 32 33 34 35 36 37 38 39 40 41 42 43 44 45 46 47 48 49 68 69 70 71 72 73 74 75 76 77 78 79 80 81 82 158 160 162 163 167 169 173 176 177 179 181 184 186 
1800 4 83 84 85 86 87 88 89 90 91 92 93 94 95 96 97 98 99 100 101 102 103 104 105 106 107 108 109 110 111 112 113 114 115 116 117 118 119 120 121 122 124 125 126 127 128 129 130 131 133 134 135 136 137 138 139 140 141 157 159 163 165 166 168 172 174 176 177 179 183 184 185 
1800 5 83 84 85 86 87 88 89 90 91 92 93 94 95 96 97 98 99 100 101 102 103 104 105 106 107 108 109 110 111 112 113 114 115 116 117 118 119 120 121 122 123 124 125 126 127 128 129 130 131 132 133 134 135 136 137 138 139 140 141 158 159 162 165 167 170 173 176 178 179 181 184 
1800 6 83 84 85 86 87 88 89 90 91 92 93 95 98 99 100 101 102 104 105 106 107 108 109 110 111 112 113 114 115 116 117 118 119 120 121 122 123 124 125 126 127 128 129 130 131 132 133 134 135 136 137 138 139 140 141 157 161 162 164 166 167 169 172 175 176 177 178 182 185 186 
1800 7 29 30 31 32 33 34 36 37 38 39 40 41 42 43 44 45 46 47 48 49 142 143 144 145 146 147 148 149 150 151 152 153 154 155 156 158 161 163 166 168 171 175 178 180 183 185 
1800 8 1 9 29 30 31 32 33 34 35 36 37 38 39 40 41 42 43 44 45 46 47 48 49 68 69 70 71 72 73 74 75 76 77 78 79 80 81 82 142 143 144 145 146 147 148 149 150 152 153 155 156 
1800 9 1 8 29 30 31 32 33 34 35 36 37 38 39 40 41 42 43 44 45 46 47 48 49 68 69 70 71 72 73 74 75 76 77 78 79 80 81 82 142 143 144 145 146 147 148 149 150 152 153 155 156 
1800 10 2 11 12 13 50 51 52 53 54 55 56 57 58 59 60 61 62 63 64 65 66 67 125 126 134 136 
1800 11 2 10 12 13 50 51 52 53 54 55 56 57 58 59 60 61 62 63 64 65 66 67 125 126 134 136 
1800 12 2 10 11 13 50 51 52 53 54 55 56 57 58 59 60 61 62 63 64 65 66 67 125 126 134 136 
1800 13 2 10 11 12 50 51 52 53 54 55 56 57 58 59 60 61 62 63 64 65 66 67 125 126 134 136 
1800 14 3 15 29 30 31 32 33 34 35 36 37 38 39 40 41 42 43 44 45 46 47 48 49 68 69 70 71 72 73 74 75 76 77 78 79 80 81 82 
1800 15 3 14 29 30 31 32 33 34 35 36 37 38 39 40 41 42 43 44 45 46 47 48 49 68 69 70 71 72 73 74 75 76 77 78 79 80 81 82 
1800 16 4 17 18 19 83 84 85 86 87 88 89 90 91 92 93 94 95 96 97 98 99 100 101 102 103 104 105 106 107 108 109 110 111 112 113 114 115 116 117 118 119 120 121 122 124 125 126 127 128 129 130 131 133 134 135 136 137 138 139 140 141 
1800 17 4 16 18 19 83 84 85 86 87 88 89 90 91 92 93 94 95 96 97 98 99 100 101 102 103 104 105 106 107 108 109 110 111 112 113 114 115 116 117 118 119 120 121 122 124 125 126 127 128 129 130 131 133 134 135 136 137 138 139 140 141 
1800 18 4 16 17 19 83 84 85 86 87 88 89 90 91 92 93 94 95 96 97 98 99 100 101 102 103 104 105 106 107 108 109 110 111 112 113 114 115 116 117 118 119 120 121 122 124 125 126 127 128 129 130 131 133 134 135 136 137 138 139 140 141 
1800 19 4 16 17 18 83 84 85 86 87 88 89 90 91 92 93 94 95 96 97 98 99 100 101 102 103 104 105 106 107 108 109 110 111 112 113 114 115 116 117 118 119 120 121 122 124 125 126 127 128 129 130 131 133 134 135 136 137 138 139 140 141 
1800 20 5 21 83 84 85 86 87 88 89 90 91 92 93 94 95 96 97 98 99 100 101 102 103 104 105 106 107 108 109 110 111 112 113 114 115 116 117 118 119 120 121 122 123 124 125 126 127 128 129 130 131 132 133 134 135 136 137 138 139 140 141 
1800 21 5 20 83 84 85 86 87 88 89 90 91 92 93 94 95 96 97 98 99 100 101 102 103 104 105 106 107 108 109 110 111 112 113 114 115 116 117 118 119 120 121 122 123 124 125 126 127 128 129 130 131 132 133 134 135 136 137 138 139 140 141 
1800 22 6 23 24 83 84 85 86 87 88 89 90 91 92 93 95 98 99 100 101 102 104 105 106 107 108 109 110 111 112 113 114 115 116 117 118 119 120 121 122 123 124 125 126 127 128 129 130 131 132 133 134 135 136 137 138 139 140 141 
1800 23 6 22 24 83 84 85 86 87 88 89 90 91 92 93 95 98 99 100 101 102 104 105 106 107 108 109 110 111 112 113 114 115 116 117 118 119 120 121 122 123 124 125 126 127 128 129 130 131 132 133 134 135 136 137 138 139 140 141 
1800 24 6 22 23 83 84 85 86 87 88 89 90 91 92 93 95 98 99 100 101 102 104 105 106 107 108 109 110 111 112 113 114 115 116 117 118 119 120 121 122 123 124 125 126 127 128 129 130 131 132 133 134 135 136 137 138 139 140 141 
1800 25 7 26 27 28 29 30 31 32 33 34 36 37 38 39 40 41 42 43 44 45 46 47 48 49 142 143 144 145 146 147 148 149 150 151 152 153 154 155 156 
1800 26 7 25 27 28 29 30 31 32 33 34 36 37 38 39 40 41 42 43 44 45 46 47 48 49 142 143 144 145 146 147 148 149 150 151 152 153 154 155 156 
1800 27 7 25 26 28 29 30 31 32 33 34 36 37 38 39 40 41 42 43 44 45 46 47 48 49 142 143 144 145 146 147 148 149 150 151 152 153 154 155 156 
1800 28 7 25 26 27 29 30 31 32 33 34 36 37 38 39 40 41 42 43 44 45 46 47 48 49 142 143 144 145 146 147 148 149 150 151 152 153 154 155 156 
1800 29 1 8 9 30 31 32 33 34 35 36 37 38 39 40 41 42 43 44 45 46 47 48 49 
1800 30 1 8 9 29 31 32 33 34 35 36 37 38 39 40 41 42 43 44 45 46 47 48 49 
1800 31 1 8 9 29 30 32 33 34 35 36 37 38 39 40 41 42 43 44 45 46 47 48 49 
1800 32 1 8 9 29 30 31 33 34 35 36 37 38 39 40 41 42 43 44 45 46 47 48 49 
1800 33 1 8 9 29 30 31 32 34 35 36 37 38 39 40 41 42 43 44 46 47 48 49 
1800 34 1 8 9 29 30 31 32 33 35 36 37 38 39 40 41 43 44 45 46 47 48 49 
1800 35 1 8 9 29 30 31 32 33 34 36 37 38 39 40 41 43 44 45 46 47 48 49 
1800 36 1 8 9 29 30 31 32 33 34 35 37 38 39 40 41 42 43 44 45 46 47 48 49 
1800 37 1 8 9 29 30 31 32 33 34 35 36 38 39 40 41 42 43 44 45 46 47 48 49 
1800 38 1 8 9 29 30 31 32 33 34 35 36 37 39 40 41 42 43 44 45 46 47 48 49 
1800 39 1 8 9 29 30 31 32 33 34 35 36 37 38 41 42 43 44 45 46 47 48 49 
1800 40 1 8 9 29 30 31 32 33 34 35 36 37 38 41 42 43 44 45 46 47 48 49 
1800 41 1 8 9 29 30 31 32 33 34 35 36 37 38 39 40 42 43 44 45 46 47 48 49 
1800 42 1 8 9 29 30 31 32 33 36 37 38 39 40 41 43 44 45 46 47 49 
1800 43 1 8 9 29 30 31 32 33 34 35 36 37 38 39 40 41 42 44 45 46 47 48 49 
1800 44 1 8 9 29 30 31 32 33 34 35 36 37 38 39 40 41 42 43 45 46 47 48 49 
1800 45 1 8 9 29 30 31 32 34 35 36 37 38 39 40 41 42 43 44 46 47 48 49 
1800 46 1 8 9 29 30 31 32 33 34 35 36 37 38 39 40 41 42 43 44 45 47 48 49 
1800 47 1 8 9 29 30 31 32 33 34 35 36 37 38 39 40 41 42 43 44 45 46 48 49 
1800 48 1 8 9 29 30 31 32 33 34 35 36 37 38 39 40 41 43 44 45 46 47 49 
1800 49 1 8 9 29 30 31 32 33 34 35 36 37 38 39 40 41 42 43 44 45 46 47 48 
1800 50 2 10 11 12 13 51 52 53 54 55 56 57 58 59 60 61 62 63 64 65 66 67 
1800 51 2 10 11 12 13 50 52 53 54 55 56 57 58 59 60 61 62 63 64 66 67 
1800 52 2 10 11 12 13 50 51 53 54 55 56 57 58 60 61 62 63 64 65 66 67 
1800 53 2 10 11 12 13 50 51 52 54 55 58 59 61 62 63 64 65 66 67 
1800 54 2 10 11 12 13 50 51 52 53 55 56 57 58 59 60 61 62 63 64 65 66 67 
1800 55 2 10 11 12 13 50 51 52 53 54 56 57 58 59 60 61 62 63 64 66 67 
1800 56 2 10 11 12 13 50 51 52 54 55 58 59 60 61 62 63 64 66 67 
1800 57 2 10 11 12 13 50 51 52 54 55 58 59 60 61 62 63 65 66 67 
1800 58 2 10 11 12 13 50 51 52 53 54 55 56 57 59 60 61 62 63 64 65 66 67 
1800 59 2 10 11 12 13 50 51 53 54 55 56 57 58 61 63 64 65 66 67 
1800 60 2 10 11 12 13 50 51 52 54 55 56 57 58 61 62 63 65 66 67 
1800 61 2 10 11 12 13 50 51 52 53 54 55 56 57 58 59 60 62 63 64 65 66 67 
1800 62 2 10 11 12 13 50 51 52 53 54 55 56 57 58 60 61 63 65 66 67 
1800 63 2 10 11 12 13 50 51 52 53 54 55 56 57 58 59 60 61 62 64 65 66 67 
1800 64 2 10 11 12 13 50 51 52 53 54 55 56 58 59 61 63 66 67 
1800 65 2 10 11 12 13 50 52 53 54 57 58 59 60 61 62 63 67 
1800 66 2 10 11 12 13 50 51 52 53 54 55 56 57 58 59 60 61 62 63 64 67 
1800 67 2 10 11 12 13 50 51 52 53 54 55 56 57 58 59 60 61 62 63 64 65 66 
1800 68 3 14 15 69 70 71 75 76 77 78 80 81 82 
1800 69 3 14 15 68 70 71 72 75 76 77 78 80 81 82 
1800 70 3 14 15 68 69 72 73 75 76 77 80 81 
1800 71 3 14 15 68 69 75 76 77 78 79 80 81 
1800 72 3 14 15 69 70 74 75 80 
1800 73 70 77 78 79 81 
1800 74 72 76 77 79 
1800 75 3 14 15 68 69 70 71 72 76 77 78 79 80 81 
1800 76 68 69 70 71 74 75 77 79 81 
1800 77 3 14 15 68 69 70 71 73 74 75 76 80 81 
1800 78 3 14 15 68 69 71 73 75 79 81 82 
1800 79 71 73 74 75 76 78 
1800 80 3 14 15 68 69 70 71 72 75 77 81 
1800 81 3 14 15 68 69 70 71 73 75 76 77 78 80 82 
1800 82 68 69 78 81 
1800 83 4 16 17 18 19 87 88 90 91 92 94 98 99 102 
1800 84 86 88 93 98 99 101 102 
1800 85 4 16 17 18 19 87 88 91 92 98 99 101 102 103 
1800 86 84 89 91 93 95 97 99 100 103 107 113 115 
1800 87 4 16 17 18 19 83 85 88 90 92 103 
1800 88 4 16 17 18 19 83 84 85 87 90 92 94 98 99 102 
1800 89 86 93 98 100 101 103 
1800 90 83 87 88 92 94 96 99 
1800 91 4 16 17 18 19 83 85 86 95 97 98 100 101 102 
1800 92 4 16 17 18 19 83 85 87 88 90 93 94 100 101 102 
1800 93 84 86 89 92 95 98 99 100 113 
1800 94 83 88 90 92 96 97 102 
1800 95 86 91 93 100 103 107 113 114 115 116 120 
1800 96 90 94 97 
1800 97 86 91 94 96 100 102 
1800 98 4 16 17 18 19 83 84 85 88 89 91 93 99 101 
1800 99 4 16 17 18 19 83 84 85 86 88 90 93 98 101 
1800 100 86 89 91 92 93 95 97 113 
1800 101 4 16 17 18 19 84 85 89 91 92 98 99 103 114 115 116 121 122 
1800 102 4 16 17 18 19 83 84 85 88 91 92 94 97 
1800 103 4 16 17 18 19 85 86 87 89 95 101 
1800 104 5 20 21 105 106 107 109 110 111 112 113 114 115 116 117 118 119 120 121 122 
1800 105 5 20 21 104 106 107 110 111 112 113 114 115 116 117 118 119 120 121 122 
1800 106 5 20 21 104 105 107 108 109 110 112 113 115 117 118 119 120 122 
1800 107 5 20 21 86 95 104 105 106 108 109 110 111 112 113 114 115 116 117 118 119 120 121 122 
1800 108 5 20 21 106 107 109 110 111 112 113 114 115 116 118 119 120 121 122 
1800 109 5 20 21 104 106 107 108 110 111 112 113 117 118 119 120 121 122 
1800 110 5 20 21 104 105 106 107 108 109 111 112 113 114 115 116 117 118 119 120 121 122 
1800 111 5 20 21 104 105 107 108 109 110 112 113 114 115 116 117 118 119 120 121 122 
1800 112 5 20 21 104 105 106 107 108 109 110 111 113 114 115 117 118 119 120 121 122 
1800 113 5 20 21 86 93 95 100 104 105 106 107 108 109 110 111 112 114 115 116 117 118 119 120 121 122 
1800 114 5 20 21 95 101 104 105 107 108 110 111 112 113 115 116 117 118 119 120 121 122 
1800 115 5 20 21 86 95 101 104 105 106 107 108 110 111 112 113 114 116 117 118 119 120 121 122 
1800 116 5 20 21 95 101 104 105 107 108 110 111 113 114 115 118 119 120 121 122 
1800 117 5 20 21 104 105 106 107 109 110 111 112 113 114 115 118 119 120 122 
1800 118 5 20 21 104 105 106 107 108 109 110 111 112 113 114 115 116 117 119 120 121 122 
1800 119 5 20 21 104 105 106 107 108 109 110 111 112 113 114 115 116 117 118 120 121 122 
1800 120 5 20 21 95 104 105 106 107 108 109 110 111 112 113 114 115 116 117 118 119 121 122 
1800 121 5 20 21 101 104 105 107 108 109 110 111 112 113 114 115 116 118 119 120 122 
1800 122 5 20 21 101 104 105 106 107 108 109 110 111 112 113 114 115 116 117 118 119 120 121 
1800 123 6 22 23 24 124 125 132 137 
1800 124 123 126 136 141 
1800 125 123 129 135 139 141 
1800 126 124 127 129 131 141 
1800 127 6 22 23 24 126 129 131 132 134 137 138 139 141 
1800 128 6 22 23 24 132 139 
1800 129 125 126 127 131 135 137 139 141 
1800 130 141 
1800 131 6 22 23 24 126 127 129 133 137 138 139 140 
1800 132 123 127 128 137 
1800 133 6 22 23 24 131 135 137 138 140 141 
1800 134 127 136 138 140 141 
1800 135 6 22 23 24 125 129 133 137 138 139 141 
1800 136 124 134 138 140 141 
1800 137 6 22 23 24 123 127 129 131 132 133 135 139 
1800 138 6 22 23 24 127 131 133 134 135 136 140 141 
1800 139 6 22 23 24 125 127 128 129 131 135 137 
1800 140 131 133 134 136 138 141 
1800 141 124 125 126 127 129 130 133 134 135 136 138 140 
1800 142 7 25 26 27 28 144 145 147 148 149 150 152 153 155 
1800 143 144 146 147 148 151 156 
1800 144 7 25 26 27 28 142 143 145 146 148 149 150 153 154 156 
1800 145 142 144 148 149 150 151 153 155 
1800 146 7 25 26 27 28 143 144 152 153 154 155 156 
1800 147 7 25 26 27 28 142 143 148 151 154 
1800 148 7 25 26 27 28 142 143 144 145 147 149 150 153 155 156 
1800 149 142 144 145 148 150 151 153 155 
1800 150 142 144 145 148 149 152 153 155 
1800 151 7 25 26 27 28 143 145 147 149 152 153 155 
1800 152 7 25 26 27 28 142 146 150 151 153 155 
1800 153 7 25 26 27 28 142 144 145 146 148 149 150 151 152 155 156 
1800 154 144 146 147 156 
1800 155 7 25 26 27 28 142 145 146 148 149 150 151 152 153 156 
1800 156 7 25 26 27 28 143 144 146 148 153 154 155 
1800 157 0 1 4 6 
1800 158 0 2 3 5 7 
1800 159 0 4 5 
1800 160 0 1 2 3 
1800 161 0 6 7 
1800 162 0 1 3 5 6 
1800 163 0 2 3 4 7 
1800 164 0 1 6 
1800 165 0 2 4 5 
1800 166 0 1 4 6 7 
1800 167 0 1 3 5 6 
1800 168 0 2 4 7 
1800 169 0 1 3 6 
1800 170 0 2 5 
1800 171 0 1 7 
1800 172 0 4 6 
1800 173 0 3 5 
1800 174 0 1 2 4 
1800 175 0 1 6 7 
1800 176 0 2 3 4 5 6 
1800 177 0 1 2 3 4 6 
1800 178 0 2 5 6 7 
1800 179 0 3 4 5 
1800 180 0 1 7 
1800 181 0 3 5 
1800 182 0 1 2 6 
1800 183 0 4 7 
1800 184 0 1 2 3 4 5 
1800 185 0 4 6 7 
1800 186 0 1 2 3 6 
2700 0 157 158 159 160 161 162 163 164 165 166 167 168 169 170 171 172 173 174 175 176 177 178 179 180 181 182 183 184 185 186 
2700 1 29 30 31 32 33 34 35 36 37 38 39 40 41 42 43 44 45 46 47 48 49 68 69 70 71 72 73 74 75 76 77 78 79 80 81 82 142 143 145 146 148 149 150 151 152 153 154 155 157 160 162 164 166 167 169 171 174 175 177 180 182 184 186 
2700 2 50 51 52 53 54 55 56 57 58 59 60 61 62 63 64 65 66 67 131 132 134 136 137 138 158 160 163 165 168 170 174 176 177 178 182 184 186 
2700 3 29 30 31 32 33 34 35 36 37 38 39 40 41 42 43 44 45 46 47 48 49 68 69 70 71 72 73 74 75 76 77 78 79 80 81 82 158 160 162 163 167 169 173 176 177 179 181 184 186 
2700 4 83 84 85 86 87 88 89 90 91 92 93 94 95 96 97 98 99 100 101 102 103 104 105 106 107 108 109 110 111 112 113 114 115 116 117 118 119 120 121 122 123 124 125 127 128 129 130 131 132 133 134 135 136 137 138 139 140 141 157 159 163 165 166 168 172 174 176 177 179 183 184 185 
2700 5 83 84 85 86 87 88 89 90 91 92 93 94 95 96 97 98 99 100 101 102 103 104 105 106 107 108 109 110 111 112 113 114 115 116 117 118 119 120 121 122 123 124 125 126 127 128 129 130 131 132 133 134 135 136 137 138 139 140 141 158 159 162 165 167 170 173 176 178 179 181 184 
2700 6 83 84 85 86 87 88 89 90 91 92 93 94 95 96 97 98 99 100 101 103 104 105 106 107 108 109 110 111 112 113 114 115 116 117 118 119 120 121 122 123 124 125 126 127 128 129 130 131 132 133 134 135 136 137 138 139 140 141 157 161 162 164 166 167 169 172 175 176 177 178 182 185 186 
2700 7 29 30 31 32 33 34 35 36 37 38 39 40 41 42 43 44 45 46 47 48 49 142 143 144 145 146 147 148 149 150 151 152 153 154 155 156 158 161 163 166 168 171 175 178 180 183 185 
2700 8 1 9 29 30 31 32 33 34 35 36 37 38 39 40 41 42 43 44 45 46 47 48 49 68 69 70 71 72 73 74 75 76 77 78 79 80 81 82 142 143 145 146 148 149 150 151 152 153 154 155 
2700 9 1 8 29 30 31 32 33 34 35 36 37 38 39 40 41 42 43 44 45 46 47 48 49 68 69 70 71 72 73 74 75 76 77 78 79 80 81 82 142 143 145 146 148 149 150 151 152 153 154 155 
2700 10 2 11 12 13 50 51 52 53 54 55 56 57 58 59 60 61 62 63 64 65 66 67 131 132 134 136 137 138 
2700 11 2 10 12 13 50 51 52 53 54 55 56 57 58 59 60 61 62 63 64 65 66 67 131 132 134 136 137 138 
2700 12 2 10 11 13 50 51 52 53 54 55 56 57 58 59 60 61 62 63 64 65 66 67 131 132 134 136 137 138 
2700 13 2 10 11 12 50 51 52 53 54 55 56 57 58 59 60 61 62 63 64 65 66 67 131 132 134 136 137 138 
2700 14 3 15 29 30 31 32 33 34 35 36 37 38 39 40 41 42 43 44 45 46 47 48 49 68 69 70 71 72 73 74 75 76 77 78 79 80 81 82 
2700 15 3 14 29 30 31 32 33 34 35 36 37 38 39 40 41 42 43 44 45 46 47 48 49 68 69 70 71 72 73 74 75 76 77 78 79 80 81 82 
2700 16 4 17 18 19 83 84 85 86 87 88 89 90 91 92 93 94 95 96 97 98 99 100 101 102 103 104 105 106 107 108 109 110 111 112 113 114 115 116 117 118 119 120 121 122 123 124 125 127 128 129 130 131 132 133 134 135 136 137 138 139 140 141 
2700 17 4 16 18 19 83 84 85 86 87 88 89 90 91 92 93 94 95 96 97 98 99 100 101 102 103 104 105 106 107 108 109 110 111 112 113 114 115 116 117 118 119 120 121 122 123 124 125 127 128 129 130 131 132 133 134 135 136 137 138 139 140 141 
2700 18 4 16 17 19 83 84 85 86 87 88 89 90 91 92 93 94 95 96 97 98 99 100 101 102 103 104 105 106 107 108 109 110 111 112 113 114 115 116 117 118 119 120 121 122 123 124 125 127 128 129 130 131 132 133 134 135 136 137 138 139 140 141 
2700 19 4 16 17 18 83 84 85 86 87 88 89 90 91 92 93 94 95 96 97 98 99 100 101 102 103 104 105 106 107 108 109 110 111 112 113 114 115 116 117 118 119 120 121 122 123 124 125 127 128 129 130 131 132 133 134 135 136 137 138 139 140 141 
2700 20 5 21 83 84 85 86 87 88 89 90 91 92 93 94 95 96 97 98 99 100 101 102 103 104 105 106 107 108 109 110 111 112 113 114 115 116 117 118 119 120 121 122 123 124 125 126 127 128 129 130 131 132 133 134 135 136 137 138 139 140 141 
2700 21 5 20 83 84 85 86 87 88 89 90 91 92 93 94 95 96 97 98 99 100 101 102 103 104 105 106 107 108 109 110 111 112 113 114 115 116 117 118 119 120 121 122 123 124 125 126 127 128 129 130 131 132 133 134 135 136 137 138 139 140 141 
2700 22 6 23 24 83 84 85 86 87 88 89 90 91 92 93 94 95 96 97 98 99 100 101 103 104 105 106 107 108 109 110 111 112 113 114 115 116 117 118 119 120 121 122 123 124 125 126 127 128 129 130 131 132 133 134 135 136 137 138 139 140 141 
2700 23 6 22 24 83 84 85 86 87 88 89 90 91 92 93 94 95 96 97 98 99 100 101 103 104 105 106 107 108 109 110 111 112 113 114 115 116 117 118 119 120 121 122 123 124 125 126 127 128 129 130 131 132 133 134 135 136 137 138 139 140 141 
2700 24 6 22 23 83 84 85 86 87 88 89 90 91 92 93 94 95 96 97 98 99 100 101 103 104 105 106 107 108 109 110 111 112 113 114 115 116 117 118 119 120 121 122 123 124 125 126 127 128 129 130 131 132 133 134 135 136 137 138 139 140 141 
2700 25 7 26 27 28 29 30 31 32 33 34 35 36 37 38 39 40 41 42 43 44 45 46 47 48 49 142 143 144 145 146 147 148 149 150 151 152 153 154 155 156 
2700 26 7 25 27 28 29 30 31 32 33 34 35 36 37 38 39 40 41 42 43 44 45 46 47 48 49 142 143 144 145 146 147 148 149 150 151 152 153 154 155 156 
2700 27 7 25 26 28 29 30 31 32 33 34 35 36 37 38 39 40 41 42 43 44 45 46 47 48 49 142 143 144 145 146 147 148 149 150 151 152 153 154 155 156 
2700 28 7 25 26 27 29 30 31 32 33 34 35 36 37 38 39 40 41 42 43 44 45 46 47 48 49 142 143 144 145 146 147 148 149 150 151 152 153 154 155 156 
2700 29 1 8 9 30 31 32 33 34 35 36 37 38 39 40 41 42 43 44 45 46 47 48 49 
2700 30 1 8 9 29 31 32 33 34 35 36 37 38 39 40 41 42 43 44 45 46 47 48 49 
2700 31 1 8 9 29 30 32 33 34 35 36 37 38 39 40 41 42 43 44 45 46 47 48 49 
2700 32 1 8 9 29 30 31 33 34 35 36 37 38 39 40 41 42 43 44 45 46 47 48 49 
2700 33 1 8 9 29 30 31 32 34 35 36 37 38 39 40 41 42 43 44 45 46 47 48 49 
2700 34 1 8 9 29 30 31 32 33 35 36 37 38 39 40 41 42 43 44 45 46 47 48 49 
2700 35 1 8 9 29 30 31 32 33 34 36 37 38 39 40 41 42 43 44 45 46 47 48 49 
2700 36 1 8 9 29 30 31 32 33 34 35 37 38 39 40 41 42 43 44 45 46 47 48 49 
2700 37 1 8 9 29 30 31 32 33 34 35 36 38 39 40 41 42 43 44 45 46 47 48 49 
2700 38 1 8 9 29 30 31 32 33 34 35 36 37 39 40 41 42 43 44 45 46 47 48 49 
2700 39 1 8 9 29 30 31 32 33 34 35 36 37 38 40 41 42 43 44 45 46 47 48 49 
2700 40 1 8 9 29 30 31 32 33 34 35 36 37 38 39 41 42 43 44 45 46 47 48 49 
2700 41 1 8 9 29 30 31 32 33 34 35 36 37 38 39 40 42 43 44 45 46 47 48 49 
2700 42 1 8 9 29 30 31 32 33 34 35 36 37 38 39 40 41 43 44 45 46 47 48 49 
2700 43 1 8 9 29 30 31 32 33 34 35 36 37 38 39 40 41 42 44 45 46 47 48 49 
2700 44 1 8 9 29 30 31 32 33 34 35 36 37 38 39 40 41 42 43 45 46 47 48 49 
2700 45 1 8 9 29 30 31 32 33 34 35 36 37 38 39 40 41 42 43 44 46 47 48 49 
2700 46 1 8 9 29 30 31 32 33 34 35 36 37 38 39 40 41 42 43 44 45 47 48 49 
2700 47 1 8 9 29 30 31 32 33 34 35 36 37 38 39 40 41 42 43 44 45 46 48 49 
2700 48 1 8 9 29 30 31 32 33 34 35 36 37 38 39 40 41 42 43 44 45 46 47 49 
2700 49 1 8 9 29 30 31 32 33 34 35 36 37 38 39 40 41 42 43 44 45 46 47 48 
2700 50 2 10 11 12 13 51 52 53 54 55 56 57 58 59 61 62 63 64 65 66 67 
2700 51 2 10 11 12 13 50 52 54 55 56 57 58 60 62 63 64 65 66 67 
2700 52 2 10 11 12 13 50 51 53 54 55 56 57 58 59 61 62 63 64 65 66 67 
2700 53 2 10 11 12 13 50 52 54 55 56 57 58 59 60 61 62 63 64 65 66 67 
2700 54 2 10 11 12 13 50 51 52 53 55 56 57 58 59 60 61 62 63 64 65 66 67 
2700 55 2 10 11 12 13 50 51 52 53 54 56 57 58 59 60 61 62 63 64 65 66 67 
2700 56 2 10 11 12 13 50 51 52 53 54 55 57 58 59 60 61 62 63 64 65 66 67 
2700 57 2 10 11 12 13 50 51 52 53 54 55 56 58 59 60 61 62 63 64 65 66 67 
2700 58 2 10 11 12 13 50 51 52 53 54 55 56 57 59 60 61 62 63 64 65 66 67 
2700 59 2 10 11 12 13 50 52 53 54 55 56 57 58 60 61 62 63 64 65 66 67 
2700 60 2 10 11 12 13 51 53 54 55 56 57 58 59 61 64 65 66 67 
2700 61 2 10 11 12 13 50 52 53 54 55 56 57 58 59 60 62 63 64 65 66 67 
2700 62 2 10 11 12 13 50 51 52 53 54 55 56 57 58 59 61 63 64 65 66 
2700 63 2 10 11 12 13 50 51 52 53 54 55 56 57 58 59 61 62 64 65 
2700 64 2 10 11 12 13 50 51 52 53 54 55 56 57 58 59 60 61 62 63 65 66 67 
2700 65 2 10 11 12 13 50 51 52 53 54 55 56 57 58 59 60 61 62 63 64 66 67 
2700 66 2 10 11 12 13 50 51 52 53 54 55 56 57 58 59 60 61 62 64 65 67 
2700 67 2 10 11 12 13 50 51 52 53 54 55 56 57 58 59 60 61 64 65 66 
2700 68 69 76 77 78 81 
2700 69 68 70 72 73 74 78 79 81 
2700 70 3 14 15 69 71 73 75 78 79 80 
2700 71 70 73 74 80 81 82 
2700 72 3 14 15 69 74 76 77 78 79 80 81 82 
2700 73 3 14 15 69 70 71 75 77 80 
2700 74 69 71 72 80 81 
2700 75 3 14 15 70 73 76 77 
2700 76 3 14 15 68 72 75 77 78 79 80 81 82 
2700 77 3 14 15 68 72 73 75 76 80 82 
2700 78 3 14 15 68 69 70 72 76 79 80 81 
2700 79 3 14 15 69 70 72 76 78 80 82 
2700 80 3 14 15 70 71 72 73 74 76 77 78 79 81 82 
2700 81 68 69 71 72 74 76 78 80 82 
2700 82 3 14 15 71 72 76 77 79 80 81 
2700 83 84 92 95 96 104 107 110 114 117 118 120 121 122 
2700 84 4 16 17 18 19 83 85 86 88 91 93 94 95 96 97 102 
2700 85 4 16 17 18 19 84 86 87 88 91 92 93 94 98 100 
2700 86 4 16 17 18 19 84 85 88 91 92 93 94 96 97 100 102 
2700 87 85 91 98 99 102 
2700 88 4 16 17 18 19 84 85 86 90 91 92 93 95 97 100 102 
2700 89 4 16 17 18 19 90 95 100 101 103 112 113 122 
2700 90 88 89 95 96 101 103 112 
2700 91 4 16 17 18 19 84 85 86 87 88 92 93 94 97 98 99 100 103 
2700 92 4 16 17 18 19 83 85 86 88 91 93 96 100 104 107 110 114 120 122 
2700 93 4 16 17 18 19 84 85 86 88 91 92 94 96 100 102 
2700 94 4 16 17 18 19 84 85 86 91 93 96 97 102 
2700 95 4 16 17 18 19 83 84 88 89 90 96 100 101 103 
2700 96 4 16 17 18 19 83 84 86 90 92 93 94 95 102 
2700 97 4 16 17 18 19 84 86 88 91 94 102 103 
2700 98 85 87 91 99 102 
2700 99 87 91 98 102 
2700 100 4 16 17 18 19 85 86 88 89 91 92 93 95 101 103 
2700 101 89 90 95 100 103 112 
2700 102 84 86 87 88 93 94 96 97 98 99 
2700 103 4 16 17 18 19 89 90 91 95 97 100 101 112 113 122 
2700 104 5 20 21 83 92 105 106 107 108 109 110 111 113 114 115 116 117 118 119 120 121 122 
2700 105 5 20 21 104 106 107 108 109 110 111 112 113 114 115 116 117 118 119 120 121 122 
2700 106 5 20 21 104 105 107 108 109 110 111 112 113 114 115 116 117 118 119 120 121 122 
2700 107 5 20 21 83 92 104 105 106 108 109 110 111 112 114 115 116 117 118 119 120 121 122 
2700 108 5 20 21 104 105 106 107 109 111 112 113 114 115 116 117 118 119 121 122 
2700 109 5 20 21 104 105 106 107 108 110 111 112 113 114 115 116 117 118 119 120 121 122 
2700 110 5 20 21 83 92 104 105 106 107 109 111 112 113 114 115 116 117 118 119 120 121 122 
2700 111 5 20 21 104 105 106 107 108 109 110 112 113 114 115 116 117 118 119 120 121 122 
2700 112 5 20 21 89 90 101 103 105 106 107 108 109 110 111 113 115 116 117 118 119 120 121 122 
2700 113 5 20 21 89 103 104 105 106 108 109 110 111 112 115 116 117 118 119 120 121 122 
2700 114 5 20 21 83 92 104 105 106 107 108 109 110 111 115 116 117 118 119 120 121 122 
2700 115 5 20 21 104 105 106 107 108 109 110 111 112 113 114 116 117 118 119 120 121 122 
2700 116 5 20 21 104 105 106 107 108 109 110 111 112 113 114 115 117 118 119 120 121 122 
2700 117 5 20 21 83 104 105 106 107 108 109 110 111 112 113 114 115 116 118 119 120 121 122 
2700 118 5 20 21 83 104 105 106 107 108 109 110 111 112 113 114 115 116 117 119 120 121 122 
2700 119 5 20 21 104 105 106 107 108 109 110 111 112 113 114 115 116 117 118 120 121 122 
2700 120 5 20 21 83 92 104 105 106 107 109 110 111 112 113 114 115 116 117 118 119 121 122 
2700 121 5 20 21 83 104 105 106 107 108 109 110 111 112 113 114 115 116 117 118 119 120 122 
2700 122 5 20 21 83 89 92 103 104 105 106 107 108 109 110 111 112 113 114 115 116 117 118 119 120 121 
2700 123 125 128 129 133 138 139 140 141 
2700 124 6 22 23 24 125 126 127 135 136 137 
2700 125 6 22 23 24 123 124 127 128 129 133 137 
2700 126 124 131 135 
2700 127 6 22 23 24 124 125 130 133 134 137 
2700 128 6 22 23 24 123 125 129 131 132 141 
2700 129 6 22 23 24 123 125 128 137 138 140 141 
2700 130 6 22 23 24 127 131 132 133 134 136 137 138 
2700 131 6 22 23 24 126 128 130 133 134 135 
2700 132 128 130 134 137 
2700 133 123 125 127 130 131 134 139 140 
2700 134 127 130 131 132 133 135 137 
2700 135 124 126 131 134 136 
2700 136 6 22 23 24 124 130 135 138 
2700 137 6 22 23 24 124 125 127 129 130 132 134 
2700 138 123 129 130 136 140 141 
2700 139 123 133 140 
2700 140 123 129 133 138 139 141 
2700 141 6 22 23 24 123 128 129 138 140 
2700 142 144 
2700 143 7 25 26 27 28 147 149 150 151 152 155 
2700 144 7 25 26 27 28 142 148 149 152 154 
2700 145 7 25 26 27 28 146 151 153 
2700 146 145 153 155 
2700 147 143 148 150 151 152 154 156 
2700 148 7 25 26 27 28 144 147 149 152 153 154 156 
2700 149 7 25 26 27 28 143 144 148 150 151 153 154 
2700 150 143 147 149 151 155 
2700 151 7 25 26 27 28 143 145 147 149 150 152 153 155 
2700 152 7 25 26 27 28 143 144 147 148 151 153 156 
2700 153 7 25 26 27 28 145 146 148 149 151 152 154 155 156 
2700 154 7 25 26 27 28 144 147 148 149 153 156 
2700 155 143 146 150 151 153 
2700 156 7 25 26 27 28 147 148 152 153 154 
2700 157 0 1 4 6 
2700 158 0 2 3 5 7 
2700 159 0 4 5 
2700 160 0 1 2 3 
2700 161 0 6 7 
2700 162 0 1 3 5 6 
2700 163 0 2 3 4 7 
2700 164 0 1 6 
2700 165 0 2 4 5 
2700 166 0 1 4 6 7 
2700 167 0 1 3 5 6 
2700 168 0 2 4 7 
2700 169 0 1 3 6 
2700 170 0 2 5 
2700 171 0 1 7 
2700 172 0 4 6 
2700 173 0 3 5 
2700 174 0 1 2 4 
2700 175 0 1 6 7 
2700 176 0 2 3 4 5 6 
2700 177 0 1 2 3 4 6 
2700 178 0 2 5 6 7 
2700 179 0 3 4 5 
2700 180 0 1 7 
2700 181 0 3 5 
2700 182 0 1 2 6 
2700 183 0 4 7 
2700 184 0 1 2 3 4 5 
2700 185 0 4 6 7 
2700 186 0 1 2 3 6 
3600 0 157 158 159 160 161 162 163 164 165 166 167 168 169 170 171 172 173 174 175 176 177 178 179 180 181 182 183 184 185 186 
3600 1 29 30 31 32 33 34 35 36 37 38 39 40 41 42 43 44 45 46 47 48 49 68 69 70 71 72 73 74 75 76 77 78 79 80 81 82 144 146 147 150 152 154 157 160 162 164 166 167 169 171 174 175 177 180 182 184 186 
3600 2 50 51 52 53 54 55 56 57 58 59 60 61 62 63 64 65 66 67 138 158 160 163 165 168 170 174 176 177 178 182 184 186 
3600 3 29 30 31 32 33 34 35 36 37 38 39 40 41 42 43 44 45 46 47 48 49 68 69 70 71 72 73 74 75 76 77 78 79 80 81 82 158 160 162 163 167 169 173 176 177 179 181 184 186 
3600 4 83 84 85 86 87 88 89 90 91 92 93 94 95 96 97 98 99 100 101 102 103 104 105 106 107 108 109 110 111 112 113 114 115 116 117 118 119 120 121 122 123 124 125 127 128 129 131 133 135 138 140 141 157 159 163 165 166 168 172 174 176 177 179 183 184 185 
3600 5 83 84 85 86 87 88 89 90 91 92 93 94 95 96 97 98 99 100 101 102 103 104 105 106 107 108 109 110 111 112 113 114 115 116 117 118 119 120 121 122 123 124 125 126 127 128 129 130 131 132 133 134 135 136 137 138 139 140 141 158 159 162 165 167 170 173 176 178 179 181 184 
3600 6 83 84 85 86 87 88 90 92 93 94 96 97 98 99 100 102 103 104 105 106 107 108 109 110 111 112 113 114 115 116 117 118 119 120 121 122 123 124 125 126 127 128 129 130 131 132 133 134 135 136 137 138 139 140 141 157 161 162 164 166 167 169 172 175 176 177 178 182 185 186 
3600 7 29 31 32 33 34 35 36 37 38 39 40 41 42 43 44 48 49 142 143 144 145 146 147 148 149 150 151 152 153 154 155 156 158 161 163 166 168 171 175 178 180 183 185 
3600 8 1 9 29 30 31 32 33 34 35 36 37 38 39 40 41 42 43 44 45 46 47 48 49 68 69 70 71 72 73 74 75 76 77 78 79 80 81 82 144 146 147 150 152 154 
3600 9 1 8 29 30 31 32 33 34 35 36 37 38 39 40 41 42 43 44 45 46 47 48 49 68 69 70 71 72 73 74 75 76 77 78 79 80 81 82 144 146 147 150 152 154 
3600 10 2 11 12 13 50 51 52 53 54 55 56 57 58 59 60 61 62 63 64 65 66 67 138 
3600 11 2 10 12 13 50 51 52 53 54 55 56 57 58 59 60 61 62 63 64 65 66 67 138 
3600 12 2 10 11 13 50 51 52 53 54 55 56 57 58 59 60 61 62 63 64 65 66 67 138 
3600 13 2 10 11 12 50 51 52 53 54 55 56 57 58 59 60 61 62 63 64 65 66 67 138 
3600 14 3 15 29 30 31 32 33 34 35 36 37 38 39 40 41 42 43 44 45 46 47 48 49 68 69 70 71 72 73 74 75 76 77 78 79 80 81 82 
3600 15 3 14 29 30 31 32 33 34 35 36 37 38 39 40 41 42 43 44 45 46 47 48 49 68 69 70 71 72 73 74 75 76 77 78 79 80 81 82 
3600 16 4 17 18 19 83 84 85 86 87 88 89 90 91 92 93 94 95 96 97 98 99 100 101 102 103 104 105 106 107 108 109 110 111 112 113 114 115 116 117 118 119 120 121 122 123 124 125 127 128 129 131 133 135 138 140 141 
3600 17 4 16 18 19 83 84 85 86 87 88 89 90 91 92 93 94 95 96 97 98 99 100 101 102 103 104 105 106 107 108 109 110 111 112 113 114 115 116 117 118 119 120 121 122 123 124 125 127 128 129 131 133 135 138 140 141 
3600 18 4 16 17 19 83 84 85 86 87 88 89 90 91 92 93 94 95 96 97 98 99 100 101 102 103 104 105 106 107 108 109 110 111 112 113 114 115 116 117 118 119 120 121 122 123 124 125 127 128 129 131 133 135 138 140 141 
3600 19 4 16 17 18 83 84 85 86 87 88 89 90 91 92 93 94 95 96 97 98 99 100 101 102 103 104 105 106 107 108 109 110 111 112 113 114 115 116 117 118 119 120 121 122 123 124 125 127 128 129 131 133 135 138 140 141 
3600 20 5 21 83 84 85 86 87 88 89 90 91 92 93 94 95 96 97 98 99 100 101 102 103 104 105 106 107 108 109 110 111 112 113 114 115 116 117 118 119 120 121 122 123 124 125 126 127 128 129 130 131 132 133 134 135 136 137 138 139 140 141 
3600 21 5 20 83 84 85 86 87 88 89 90 91 92 93 94 95 96 97 98 99 100 101 102 103 104 105 106 107 108 109 110 111 112 113 114 115 116 117 118 119 120 121 122 123 124 125 126 127 128 129 130 131 132 133 134 135 136 137 138 139 140 141 
3600 22 6 23 24 83 84 85 86 87 88 90 92 93 94 96 97 98 99 100 102 103 104 105 106 107 108 109 110 111 112 113 114 115 116 117 118 119 120 121 122 123 124 125 126 127 128 129 130 131 132 133 134 135 136 137 138 139 140 141 
3600 23 6 22 24 83 84 85 86 87 88 90 92 93 94 96 97 98 99 100 102 103 104 105 106 107 108 109 110 111 112 113 114 115 116 117 118 119 120 121 122 123 124 125 126 127 128 129 130 131 132 133 134 135 136 137 138 139 140 141 
3600 24 6 22 23 83 84 85 86 87 88 90 92 93 94 96 97 98 99 100 102 103 104 105 106 107 108 109 110 111 112 113 114 115 116 117 118 119 120 121 122 123 124 125 126 127 128 129 130 131 132 133 134 135 136 137 138 139 140 141 
3600 25 7 26 27 28 29 31 32 33 34 35 36 37 38 39 40 41 42 43 44 48 49 142 143 144 145 146 147 148 149 150 151 152 153 154 155 156 
3600 26 7 25 27 28 29 31 32 33 34 35 36 37 38 39 40 41 42 43 44 48 49 142 143 144 145 146 147 148 149 150 151 152 153 154 155 156 
3600 27 7 25 26 28 29 31 32 33 34 35 36 37 38 39 40 41 42 43 44 48 49 142 143 144 145 146 147 148 149 150 151 152 153 154 155 156 
3600 28 7 25 26 27 29 31 32 33 34 35 36 37 38 39 40 41 42 43 44 48 49 142 143 144 145 146 147 148 149 150 151 152 153 154 155 156 
3600 29 1 8 9 31 32 34 35 36 37 38 39 40 41 42 44 48 
3600 30 1 8 9 31 32 33 34 35 36 38 39 40 41 42 44 45 46 47 48 49 
3600 31 1 8 9 29 30 32 33 34 35 37 39 40 41 42 43 44 45 46 47 48 49 
3600 32 1 8 9 29 30 31 34 35 36 37 38 39 40 41 42 44 45 48 49 
3600 33 1 8 9 30 31 34 35 37 38 39 40 41 42 43 44 45 46 47 48 49 
3600 34 1 8 9 29 30 31 32 33 35 36 37 38 39 40 41 42 43 44 45 46 47 48 49 
3600 35 1 8 9 29 30 31 32 33 34 37 38 39 40 41 42 43 44 45 46 47 48 49 
3600 36 1 8 9 29 30 32 34 38 39 40 41 42 45 47 48 49 
3600 37 1 8 9 29 31 32 33 34 35 39 40 41 42 43 44 46 48 49 
3600 38 1 8 9 29 30 32 33 34 35 36 39 40 41 42 44 45 46 47 48 49 
3600 39 1 8 9 29 30 31 32 33 34 35 36 37 38 40 41 42 44 45 46 47 48 49 
3600 40 1 8 9 29 30 31 32 33 34 35 36 37 38 39 41 42 43 44 45 46 47 48 49 
3600 41 1 8 9 29 30 31 32 33 34 35 36 37 38 39 40 42 43 44 45 46 47 48 49 
3600 42 1 8 9 29 30 31 32 33 34 35 36 37 38 39 40 41 43 44 45 46 47 48 49 
3600 43 1 8 9 31 33 34 35 37 40 41 42 44 45 46 47 48 49 
3600 44 1 8 9 29 30 31 32 33 34 35 37 38 39 40 41 42 43 45 46 47 48 49 
3600 45 1 8 9 30 31 32 33 34 35 36 38 39 40 41 42 43 44 46 47 48 49 
3600 46 1 8 9 30 31 33 34 35 37 38 39 40 41 42 43 44 45 47 48 49 
3600 47 1 8 9 30 31 33 34 35 36 38 39 40 41 42 43 44 45 46 48 49 
3600 48 1 8 9 29 30 31 32 33 34 35 36 37 38 39 40 41 42 43 44 45 46 47 49 
3600 49 1 8 9 30 31 32 33 34 35 36 37 38 39 40 41 42 43 44 45 46 47 48 
3600 50 2 10 11 12 13 54 55 56 57 58 59 62 63 65 66 67 
3600 51 2 10 11 12 13 53 54 55 56 57 58 60 61 64 
3600 52 2 10 11 12 13 53 54 55 57 59 60 61 62 64 
3600 53 2 10 11 12 13 51 52 54 55 57 60 61 62 64 
3600 54 2 10 11 12 13 50 51 52 53 55 56 57 58 59 60 61 62 63 64 65 66 67 
3600 55 2 10 11 12 13 50 51 52 53 54 57 59 60 61 62 63 64 65 
3600 56 2 10 11 12 13 50 51 54 57 58 59 60 63 65 66 67 
3600 57 2 10 11 12 13 50 51 52 53 54 55 56 58 59 60 61 62 63 64 65 66 67 
3600 58 2 10 11 12 13 50 51 54 56 57 60 61 63 64 65 66 67 
3600 59 2 10 11 12 13 50 52 54 55 56 57 62 63 65 66 67 
3600 60 2 10 11 12 13 51 52 53 54 55 56 57 58 61 63 64 
3600 61 2 10 11 12 13 51 52 53 54 55 57 58 60 64 
3600 62 2 10 11 12 13 50 52 53 54 55 57 59 63 64 65 66 67 
3600 63 2 10 11 12 13 50 54 55 56 57 58 59 60 62 65 66 67 
3600 64 2 10 11 12 13 51 52 53 54 55 57 58 60 61 62 
3600 65 2 10 11 12 13 50 54 55 56 57 58 59 62 63 66 67 
3600 66 2 10 11 12 13 50 54 56 57 58 59 62 63 65 67 
3600 67 2 10 11 12 13 50 54 56 57 58 59 62 63 65 66 
3600 68 3 14 15 70 71 74 75 80 81 
3600 69 3 14 15 70 71 73 76 77 78 79 81 82 
3600 70 3 14 15 68 69 71 74 75 78 80 81 
3600 71 3 14 15 68 69 70 74 75 80 81 
3600 72 
3600 73 3 14 15 69 76 78 81 
3600 74 68 70 71 75 80 
3600 75 68 70 71 74 80 
3600 76 3 14 15 69 73 77 78 79 81 82 
3600 77 69 76 79 82 
3600 78 3 14 15 69 70 73 76 79 81 82 
3600 79 69 76 77 78 82 
3600 80 68 70 71 74 75 
3600 81 3 14 15 68 69 70 71 73 76 78 
3600 82 69 76 77 78 79 
3600 83 97 99 102 103 
3600 84 86 92 94 96 100 
3600 85 4 16 17 18 19 96 100 
3600 86 84 92 94 
3600 87 90 91 98 101 103 
3600 88 102 109 114 118 
3600 89 91 95 101 
3600 90 87 91 98 103 
3600 91 4 16 17 18 19 87 89 90 98 101 
3600 92 84 86 93 94 96 100 
3600 93 92 94 113 
3600 94 84 86 92 93 
3600 95 89 101 
3600 96 4 16 17 18 19 84 85 92 100 
3600 97 83 99 102 
3600 98 87 90 91 103 
3600 99 4 16 17 18 19 83 97 102 
3600 100 4 16 17 18 19 84 85 92 96 
3600 101 4 16 17 18 19 87 89 91 95 
3600 102 83 88 97 99 
3600 103 83 87 90 98 
3600 104 5 20 21 105 107 108 110 111 112 114 115 116 117 119 
3600 105 5 20 21 104 106 107 108 109 110 111 112 113 114 115 116 117 118 119 120 121 122 
3600 106 5 20 21 105 108 109 113 115 116 117 118 119 120 121 122 
3600 107 5 20 21 104 105 108 110 111 112 115 116 117 119 120 121 122 
3600 108 5 20 21 104 105 106 107 109 110 111 112 113 114 115 116 117 118 119 120 121 122 
3600 109 5 20 21 88 105 106 108 110 112 113 114 116 117 118 121 122 
3600 110 5 20 21 104 105 107 108 109 111 112 114 116 118 119 
3600 111 5 20 21 104 105 107 108 110 112 115 116 117 119 120 121 
3600 112 5 20 21 104 105 107 108 109 110 111 113 114 115 116 117 118 119 120 121 122 
3600 113 5 20 21 93 105 106 108 109 112 114 116 117 118 119 120 121 122 
3600 114 5 20 21 88 104 105 108 109 110 112 113 116 118 
3600 115 5 20 21 104 105 106 107 108 111 112 116 117 119 120 121 122 
3600 116 5 20 21 104 105 106 107 108 109 110 111 112 113 114 115 117 118 119 120 121 122 
3600 117 5 20 21 104 105 106 107 108 109 111 112 113 115 116 118 119 120 121 122 
3600 118 5 20 21 88 105 106 108 109 110 112 113 114 116 117 121 122 
3600 119 5 20 21 104 105 106 107 108 110 111 112 113 115 116 117 120 121 122 
3600 120 5 20 21 105 106 107 108 111 112 113 115 116 117 119 121 122 
3600 121 5 20 21 105 106 107 108 109 111 112 113 115 116 117 118 119 120 122 
3600 122 5 20 21 105 106 107 108 109 112 113 115 116 117 118 119 120 121 
3600 123 138 
3600 124 129 135 
3600 125 6 22 23 24 126 127 128 132 133 134 136 
3600 126 6 22 23 24 125 128 130 132 134 136 137 
3600 127 6 22 23 24 125 128 129 133 134 141 
3600 128 6 22 23 24 125 126 127 133 134 141 
3600 129 124 127 131 135 141 
3600 130 126 132 136 137 
3600 131 129 133 141 
3600 132 125 126 130 136 137 
3600 133 6 22 23 24 125 127 128 131 134 141 
3600 134 6 22 23 24 125 126 127 128 133 136 
3600 135 124 129 
3600 136 125 126 130 132 134 137 
3600 137 126 130 132 136 
3600 138 123 
3600 139 
3600 140 
3600 141 127 128 129 131 133 
3600 142 149 151 153 155 
3600 143 7 25 26 27 28 144 145 148 
3600 144 7 25 26 27 28 143 145 146 148 150 
3600 145 7 25 26 27 28 143 144 148 156 
3600 146 7 25 26 27 28 144 152 154 
3600 147 151 152 
3600 148 7 25 26 27 28 143 144 145 149 156 
3600 149 7 25 26 27 28 142 148 151 153 155 
3600 150 144 
3600 151 142 147 149 152 153 155 
3600 152 7 25 26 27 28 146 147 151 
3600 153 142 149 151 155 
3600 154 146 
3600 155 142 149 151 153 
3600 156 145 148 
3600 157 0 1 4 6 
3600 158 0 2 3 5 7 
3600 159 0 4 5 
3600 160 0 1 2 3 
3600 161 0 6 7 
3600 162 0 1 3 5 6 
3600 163 0 2 3 4 7 
3600 164 0 1 6 
3600 165 0 2 4 5 
3600 166 0 1 4 6 7 
3600 167 0 1 3 5 6 
3600 168 0 2 4 7 
3600 169 0 1 3 6 
3600 170 0 2 5 
3600 171 0 1 7 
3600 172 0 4 6 
3600 173 0 3 5 
3600 174 0 1 2 4 
3600 175 0 1 6 7 
3600 176 0 2 3 4 5 6 
3600 177 0 1 2 3 4 6 
3600 178 0 2 5 6 7 
3600 179 0 3 4 5 
3600 180 0 1 7 
3600 181 0 3 5 
3600 182 0 1 2 6 
3600 183 0 4 7 
3600 184 0 1 2 3 4 5 
3600 185 0 4 6 7 
3600 186 0 1 2 3 6 
