0 21600
1800 0 197 198 199 200 201 202 203 204 205 206 207 208 209 210 211 212 213 214 215 216 217 218 219 220 221 222 223 224 225 226 
1800 1 0 2 3 4 5 6 197 199 201 203 205 206 207 208 211 212 214 215 216 218 219 220 222 224 226 
1800 2 0 1 3 4 5 197 198 201 202 203 204 207 209 212 213 214 216 218 219 221 222 223 224 
1800 3 0 1 2 4 5 9 197 199 201 204 205 206 208 210 211 213 214 215 216 217 219 220 221 223 225 226 
1800 4 0 197 198 200 201 203 205 206 207 209 212 213 214 215 216 218 219 220 222 224 226 
1800 5 0 1 2 3 4 13 198 199 200 202 204 207 208 210 211 213 214 215 217 219 220 222 224 225 
1800 6 1 
1800 7 2 
1800 8 2 
1800 9 
1800 10 3 9 
1800 11 
1800 12 4 11 
1800 13 
1800 14 13 
1800 15 5 
1800 16 1 6 
1800 17 36 
1800 18 1 6 
1800 19 1 6 
1800 20 1 6 
1800 21 1 6 
1800 22 36 
1800 23 1 6 
1800 24 1 6 
1800 25 1 6 
1800 26 1 6 
1800 27 1 6 
1800 28 1 6 
1800 29 1 6 
1800 30 1 6 
1800 31 1 6 
1800 32 1 6 
1800 33 1 6 
1800 34 1 6 
1800 35 1 6 
1800 36 1 6 
1800 37 1 6 
1800 38 1 6 
1800 39 1 6 
1800 40 1 6 
1800 41 1 6 
1800 42 1 6 
1800 43 1 6 
1800 44 1 6 
1800 45 1 6 
1800 46 16 
1800 47 59 
1800 48 58 
1800 49 2 
1800 50 2 7 
1800 51 2 
1800 52 48 
1800 53 2 7 
1800 54 49 
1800 55 69 
1800 56 2 7 
1800 57 50 
1800 58 2 8 
1800 59 2 7 
1800 60 2 
1800 61 2 7 
1800 62 2 7 8 
1800 63 2 7 8 
1800 64 2 8 
1800 65 2 
1800 66 2 
1800 67 50 
1800 68 53 
1800 69 2 
1800 70 2 
1800 71 79 
1800 72 2 7 8 
1800 73 2 7 8 
1800 74 58 
1800 75 2 
1800 76 2 
1800 77 2 
1800 78 2 7 
1800 79 2 7 
1800 80 49 
1800 81 2 7 
1800 82 2 7 
1800 83 2 
1800 84 2 
1800 85 2 7 
1800 86 2 8 
1800 87 2 
1800 88 2 
1800 89 2 
1800 90 2 
1800 91 2 
1800 92 95 
1800 93 2 
1800 94 51 
1800 95 69 
1800 96 3 9 
1800 97 3 9 
1800 98 3 9 
1800 99 3 9 
1800 100 3 9 10 
1800 101 3 9 
1800 102 3 9 10 
1800 103 3 9 10 
1800 104 98 
1800 105 3 9 
1800 106 3 9 
1800 107 3 9 
1800 108 3 9 
1800 109 3 9 
1800 110 3 9 
1800 111 3 9 
1800 112 3 9 10 
1800 113 3 9 10 
1800 114 3 9 
1800 115 3 9 
1800 116 3 9 
1800 117 3 9 
1800 118 3 9 
1800 119 113 
1800 120 3 9 
1800 121 3 9 
1800 122 96 
1800 123 3 9 
1800 124 107 
1800 125 96 
1800 126 3 9 
1800 127 4 11 12 
1800 128 4 11 12 129 
1800 129 0 4 11 12 
1800 130 0 
1800 131 146 
1800 132 0 4 11 12 
1800 133 4 11 12 
1800 134 4 11 12 
1800 135 4 11 12 
1800 136 145 
1800 137 4 11 12 
1800 138 4 11 12 
1800 139 4 11 12 
1800 140 4 11 12 
1800 141 128 
1800 142 4 11 12 
1800 143 4 11 12 
1800 144 4 11 12 
1800 145 4 11 12 
1800 146 4 11 12 129 
1800 147 4 11 12 
1800 148 4 11 12 
1800 149 4 11 12 
1800 150 4 11 12 
1800 151 4 11 12 
1800 152 4 11 12 
1800 153 4 11 12 
1800 154 4 11 12 
1800 155 4 11 12 
1800 156 4 11 12 
1800 157 137 
1800 158 129 
1800 159 5 13 
1800 160 5 13 
1800 161 5 13 
1800 162 5 13 
1800 163 5 13 
1800 164 5 13 
1800 165 5 13 
1800 166 5 13 
1800 167 161 
1800 168 5 13 
1800 169 5 13 
1800 170 5 13 
1800 171 5 13 
1800 172 5 13 
1800 173 5 13 
1800 174 5 13 
1800 175 5 13 
1800 176 5 13 
1800 177 5 13 
1800 178 5 13 
1800 179 5 13 14 
1800 180 5 13 
1800 181 5 13 
1800 182 5 13 14 
1800 183 5 13 
1800 184 5 13 
1800 185 5 13 
1800 186 5 13 
1800 187 5 13 
1800 188 159 
1800 189 5 13 
1800 190 5 13 
1800 191 5 13 
1800 192 5 13 
1800 193 5 13 
1800 194 5 13 
1800 195 5 13 14 
1800 196 5 13 
1800 197 0 1 2 3 4 
1800 198 0 2 4 5 
1800 199 0 1 3 5 
1800 200 0 4 5 
1800 201 0 1 2 3 4 
1800 202 0 2 5 
1800 203 0 1 2 4 
1800 204 0 2 3 5 
1800 205 0 1 3 4 
1800 206 0 1 3 4 
1800 207 0 1 2 4 5 
1800 208 0 1 3 5 
1800 209 0 2 4 
1800 210 0 3 5 
1800 211 0 1 3 5 
1800 212 0 1 2 4 
1800 213 0 2 3 4 5 
1800 214 0 1 2 3 4 5 
1800 215 0 1 3 4 5 
1800 216 0 1 2 3 4 
1800 217 0 3 5 
1800 218 0 1 2 4 
1800 219 0 1 2 3 4 5 
1800 220 0 1 3 4 5 
1800 221 0 2 3 
1800 222 0 1 2 4 5 
1800 223 0 2 3 
1800 224 0 1 2 4 5 
1800 225 0 3 5 
1800 226 0 1 3 4 
