0 21600
0 0 1 2 3 4 5 209 210 211 212 213 214 215 216 217 218 219 220 221 222 223 224 225 226 227 228 229 230 231 232 233 234 235 236 237 238 
0 1 0 2 3 4 5 6 18 23 210 211 214 217 222 223 227 230 233 235 237 
0 2 0 1 3 4 5 7 209 211 213 215 218 223 228 229 232 235 237 
0 3 0 1 2 4 5 8 9 10 90 210 211 214 216 218 221 224 227 230 232 234 238 
0 4 0 1 2 3 5 11 12 209 210 213 216 218 219 226 229 233 234 237 
0 5 0 1 2 3 4 13 14 15 209 212 213 215 217 220 225 227 230 231 234 236 
0 6 1 29 43 
0 7 2 86 
0 8 3 9 10 99 
0 9 3 8 10 121 
0 10 3 8 9 102 
0 11 4 12 144 
0 12 4 11 
0 13 5 14 15 
0 14 5 13 15 
0 15 5 13 14 
0 16 19 46 
0 17 27 43 
0 18 1 46 
0 19 16 36 
0 20 30 34 
0 21 30 
0 22 29 46 
0 23 1 34 
0 24 25 38 
0 25 24 28 
0 26 43 47 
0 27 17 39 
0 28 25 36 
0 29 6 22 
0 30 20 21 
0 31 47 
0 32 41 45 
0 33 41 44 49 
0 34 20 23 
0 35 36 48 
0 36 19 28 35 
0 37 39 48 
0 38 24 42 
0 39 27 37 
0 40 42 45 
0 41 32 33 
0 42 38 40 49 
0 43 6 17 26 44 
0 44 33 43 
0 45 32 40 
0 46 16 18 22 
0 47 26 31 
0 48 35 37 
0 49 33 42 
0 50 72 
0 51 53 75 
0 52 75 84 
0 53 51 87 
0 54 74 85 
0 55 81 
0 56 78 79 
0 57 72 79 
0 58 70 71 
0 59 80 86 
0 60 72 
0 61 64 84 
0 62 76 83 
0 63 65 67 
0 64 61 75 
0 65 63 
0 66 76 84 
0 67 63 
0 68 73 76 
0 69 81 83 
0 70 58 85 
0 71 58 78 
0 72 50 57 60 
0 73 68 74 
0 74 54 73 77 
0 75 51 52 64 
0 76 62 66 68 
0 77 74 83 
0 78 56 71 
0 79 56 57 88 
0 80 59 86 
0 81 55 69 
0 82 
0 83 62 69 77 
0 84 52 61 66 
0 85 54 70 88 
0 86 7 59 80 
0 87 53 
0 88 79 85 
0 89 95 108 
0 90 3 99 
0 91 113 115 
0 92 118 
0 93 115 117 
0 94 116 191 
0 95 89 104 
0 96 106 110 
0 97 107 119 
0 98 114 119 
0 99 8 90 
0 100 
0 101 
0 102 10 115 
0 103 
0 104 95 116 118 120 195 
0 105 112 185 
0 106 96 109 
0 107 97 176 192 
0 108 89 113 
0 109 106 
0 110 96 117 
0 111 112 121 
0 112 105 111 
0 113 91 108 
0 114 98 195 
0 115 91 93 102 
0 116 94 104 
0 117 93 110 
0 118 92 104 
0 119 97 98 
0 120 104 
0 121 9 111 
0 122 123 146 151 159 
0 123 122 125 
0 124 132 152 
0 125 123 142 165 
0 126 127 139 
0 127 126 130 171 
0 128 149 164 
0 129 168 170 
0 130 127 141 
0 131 140 168 
0 132 124 167 
0 133 
0 134 160 164 
0 135 136 158 
0 136 135 141 
0 137 155 170 
0 138 163 170 
0 139 126 
0 140 131 154 
0 141 130 136 149 
0 142 125 143 
0 143 142 152 169 
0 144 11 164 
0 145 155 160 
0 146 122 157 
0 147 159 
0 148 166 
0 149 128 141 
0 150 164 170 
0 151 122 166 
0 152 124 143 
0 153 
0 154 140 158 
0 155 137 145 
0 156 162 163 
0 157 146 167 
0 158 135 154 162 
0 159 122 147 
0 160 134 145 
0 161 
0 162 156 158 
0 163 138 156 
0 164 128 134 144 150 
0 165 125 
0 166 148 151 
0 167 132 157 
0 168 129 131 
0 169 143 171 
0 170 129 137 138 150 
0 171 127 169 
0 172 186 194 
0 173 181 202 
0 174 187 194 
0 175 187 205 
0 176 107 185 
0 177 180 189 
0 178 200 201 
0 179 181 196 
0 180 177 203 
0 181 173 179 
0 182 205 206 
0 183 202 205 
0 184 192 204 
0 185 105 176 
0 186 172 190 
0 187 174 175 
0 188 
0 189 177 
0 190 186 203 
0 191 94 
0 192 107 184 
0 193 
0 194 172 174 196 
0 195 104 114 
0 196 179 194 
0 197 206 207 
0 198 201 202 
0 199 202 205 
0 200 178 204 
0 201 178 198 
0 202 173 183 198 199 
0 203 180 190 
0 204 184 200 
0 205 175 182 183 199 
0 206 182 197 
0 207 197 
0 208 
0 209 0 2 4 5 
0 210 0 1 3 4 
0 211 0 1 2 3 
0 212 0 5 
0 213 0 2 4 5 
0 214 0 1 3 
0 215 0 2 5 
0 216 0 3 4 
0 217 0 1 5 
0 218 0 2 3 4 
0 219 0 4 
0 220 0 5 
0 221 0 3 
0 222 0 1 
0 223 0 1 2 
0 224 0 3 
0 225 0 5 
0 226 0 4 
0 227 0 1 3 5 
0 228 0 2 
0 229 0 2 4 
0 230 0 1 3 5 
0 231 0 5 
0 232 0 2 3 
0 233 0 1 4 
0 234 0 3 4 5 
0 235 0 1 2 
0 236 0 5 
0 237 0 1 2 4 
0 238 0 3 
1800 0 1 2 3 4 5 209 210 211 212 213 214 215 216 217 218 219 220 221 222 223 224 225 226 227 228 229 230 231 232 233 234 235 236 237 238 
1800 1 0 2 3 4 5 6 210 211 214 217 222 223 227 230 233 235 237 
1800 2 0 1 3 4 5 7 209 211 213 215 218 223 228 229 232 235 237 
1800 3 0 1 2 4 5 8 9 10 210 211 214 216 218 221 224 227 230 232 234 238 
1800 4 0 1 2 3 5 11 12 209 210 213 216 218 219 226 229 233 234 237 
1800 5 0 1 2 3 4 13 14 15 209 212 213 215 217 220 225 227 230 231 234 236 
1800 6 1 38 
1800 7 2 85 
1800 8 3 9 10 112 
1800 9 3 8 10 112 
1800 10 3 8 9 
1800 11 4 12 146 164 
1800 12 4 11 124 151 
1800 13 5 14 15 186 
1800 14 5 13 15 204 
1800 15 5 13 14 205 207 
1800 16 32 48 
1800 17 20 46 
1800 18 39 40 
1800 19 21 25 
1800 20 17 47 
1800 21 19 
1800 22 30 49 
1800 23 39 48 
1800 24 33 36 
1800 25 19 34 
1800 26 32 47 
1800 27 29 35 
1800 28 32 44 
1800 29 27 45 
1800 30 22 43 
1800 31 
1800 32 16 26 28 
1800 33 24 48 
1800 34 25 43 
1800 35 27 43 
1800 36 24 48 
1800 37 41 45 
1800 38 6 45 
1800 39 18 23 
1800 40 18 44 
1800 41 37 47 
1800 42 44 49 
1800 43 30 34 35 
1800 44 28 40 42 
1800 45 29 37 38 46 
1800 46 17 45 
1800 47 20 26 41 
1800 48 16 23 33 36 
1800 49 22 42 
1800 50 57 87 
1800 51 63 74 
1800 52 71 88 
1800 53 62 79 
1800 54 58 61 
1800 55 
1800 56 60 66 
1800 57 50 64 
1800 58 54 85 
1800 59 76 88 
1800 60 56 62 
1800 61 54 81 
1800 62 53 60 64 77 
1800 63 51 83 
1800 64 57 62 
1800 65 
1800 66 56 79 
1800 67 
1800 68 78 84 
1800 69 78 88 
1800 70 
1800 71 52 
1800 72 
1800 73 78 82 
1800 74 51 84 
1800 75 76 80 
1800 76 59 75 
1800 77 62 85 
1800 78 68 69 73 
1800 79 53 66 
1800 80 75 83 
1800 81 61 
1800 82 73 88 
1800 83 63 80 
1800 84 68 74 86 
1800 85 7 58 77 86 
1800 86 84 85 
1800 87 50 
1800 88 52 59 69 82 
1800 89 91 195 
1800 90 105 119 
1800 91 89 113 
1800 92 110 111 
1800 93 99 111 
1800 94 176 179 
1800 95 102 114 
1800 96 102 195 
1800 97 99 173 
1800 98 121 
1800 99 93 97 
1800 100 
1800 101 186 
1800 102 95 96 
1800 103 
1800 104 117 120 
1800 105 90 
1800 106 108 
1800 107 187 189 
1800 108 106 113 
1800 109 
1800 110 92 114 
1800 111 92 93 
1800 112 8 9 
1800 113 91 108 
1800 114 95 110 118 
1800 115 118 
1800 116 119 196 
1800 117 104 181 
1800 118 114 115 
1800 119 90 116 
1800 120 104 
1800 121 98 
1800 122 149 162 
1800 123 138 139 
1800 124 12 134 142 156 157 163 
1800 125 142 170 
1800 126 134 137 150 161 
1800 127 130 136 157 170 
1800 128 149 160 
1800 129 141 144 
1800 130 127 164 
1800 131 
1800 132 139 151 
1800 133 162 165 
1800 134 124 126 
1800 135 163 166 
1800 136 127 166 
1800 137 126 140 
1800 138 123 154 
1800 139 123 132 
1800 140 137 167 
1800 141 129 154 
1800 142 124 125 
1800 143 152 
1800 144 129 158 
1800 145 150 151 
1800 146 11 149 
1800 147 152 168 
1800 148 
1800 149 122 128 146 
1800 150 126 145 
1800 151 12 132 145 
1800 152 143 147 
1800 153 
1800 154 138 141 
1800 155 158 159 
1800 156 124 169 
1800 157 124 127 
1800 158 144 155 
1800 159 155 171 
1800 160 128 165 
1800 161 126 168 
1800 162 122 133 
1800 163 124 135 
1800 164 11 130 
1800 165 133 160 
1800 166 135 136 167 
1800 167 140 166 
1800 168 147 161 
1800 169 156 171 
1800 170 125 127 
1800 171 159 169 
1800 172 202 205 
1800 173 97 202 
1800 174 197 207 
1800 175 180 198 
1800 176 94 203 
1800 177 178 192 
1800 178 177 183 
1800 179 94 183 192 
1800 180 175 184 
1800 181 117 
1800 182 200 206 
1800 183 178 179 
1800 184 180 198 
1800 185 202 
1800 186 13 101 
1800 187 107 197 
1800 188 190 206 
1800 189 107 199 
1800 190 188 202 
1800 191 
1800 192 177 179 
1800 193 
1800 194 196 206 
1800 195 89 96 
1800 196 116 194 
1800 197 174 187 
1800 198 175 184 
1800 199 189 203 
1800 200 182 204 
1800 201 202 
1800 202 172 173 185 190 201 
1800 203 176 199 
1800 204 14 200 
1800 205 15 172 
1800 206 182 188 194 
1800 207 15 174 
1800 208 
1800 209 0 2 4 5 
1800 210 0 1 3 4 
1800 211 0 1 2 3 
1800 212 0 5 
1800 213 0 2 4 5 
1800 214 0 1 3 
1800 215 0 2 5 
1800 216 0 3 4 
1800 217 0 1 5 
1800 218 0 2 3 4 
1800 219 0 4 
1800 220 0 5 
1800 221 0 3 
1800 222 0 1 
1800 223 0 1 2 
1800 224 0 3 
1800 225 0 5 
1800 226 0 4 
1800 227 0 1 3 5 
1800 228 0 2 
1800 229 0 2 4 
1800 230 0 1 3 5 
1800 231 0 5 
1800 232 0 2 3 
1800 233 0 1 4 
1800 234 0 3 4 5 
1800 235 0 1 2 
1800 236 0 5 
1800 237 0 1 2 4 
1800 238 0 3 
3600 0 1 2 3 4 5 209 210 211 212 213 214 215 216 217 218 219 220 221 222 223 224 225 226 227 228 229 230 231 232 233 234 235 236 237 238 
3600 1 0 2 3 4 5 6 210 211 214 217 222 223 227 230 233 235 237 
3600 2 0 1 3 4 5 7 209 211 213 215 218 223 228 229 232 235 237 
3600 3 0 1 2 4 5 8 9 10 210 211 214 216 218 221 224 227 230 232 234 238 
3600 4 0 1 2 3 5 11 12 150 209 210 213 216 218 219 226 229 233 234 237 
3600 5 0 1 2 3 4 13 14 15 175 209 212 213 215 217 220 225 227 230 231 234 236 
3600 6 1 23 45 
3600 7 2 86 
3600 8 3 9 10 106 195 
3600 9 3 8 10 110 
3600 10 3 8 9 
3600 11 4 12 138 
3600 12 4 11 127 
3600 13 5 14 15 197 
3600 14 5 13 15 203 
3600 15 5 13 14 190 
3600 16 42 49 
3600 17 19 42 
3600 18 31 33 
3600 19 17 35 
3600 20 37 40 
3600 21 38 48 
3600 22 35 43 
3600 23 6 34 
3600 24 44 47 
3600 25 33 46 
3600 26 27 36 
3600 27 26 30 
3600 28 29 33 
3600 29 28 41 
3600 30 27 42 
3600 31 18 40 
3600 32 41 49 
3600 33 18 25 28 
3600 34 23 46 
3600 35 19 22 
3600 36 26 45 
3600 37 20 48 
3600 38 21 44 
3600 39 42 43 
3600 40 20 31 
3600 41 29 32 
3600 42 16 17 30 39 
3600 43 22 39 
3600 44 24 38 47 
3600 45 6 36 
3600 46 25 34 
3600 47 24 44 
3600 48 21 37 
3600 49 16 32 
3600 50 72 
3600 51 73 79 
3600 52 53 61 
3600 53 52 63 
3600 54 58 80 
3600 55 79 
3600 56 59 71 
3600 57 84 
3600 58 54 
3600 59 56 60 65 
3600 60 59 
3600 61 52 88 
3600 62 76 88 
3600 63 53 64 
3600 64 63 
3600 65 59 
3600 66 79 81 
3600 67 75 
3600 68 77 
3600 69 77 88 
3600 70 
3600 71 56 79 
3600 72 50 
3600 73 51 
3600 74 86 88 
3600 75 67 88 
3600 76 62 86 
3600 77 68 69 87 
3600 78 80 85 
3600 79 51 55 66 71 
3600 80 54 78 
3600 81 66 88 
3600 82 83 85 
3600 83 82 84 
3600 84 57 83 
3600 85 78 82 
3600 86 7 74 76 
3600 87 77 
3600 88 61 62 69 74 75 81 
3600 89 101 188 
3600 90 99 119 
3600 91 102 110 
3600 92 105 121 
3600 93 97 103 105 116 
3600 94 116 186 
3600 95 103 111 113 195 
3600 96 101 114 191 
3600 97 93 118 
3600 98 110 121 
3600 99 90 108 
3600 100 
3600 101 89 96 
3600 102 91 109 120 
3600 103 93 95 
3600 104 109 119 
3600 105 92 93 
3600 106 8 115 
3600 107 181 187 
3600 108 99 112 
3600 109 102 104 
3600 110 9 91 98 118 179 
3600 111 95 112 
3600 112 108 111 
3600 113 95 
3600 114 96 
3600 115 106 120 
3600 116 93 94 
3600 117 119 199 
3600 118 97 110 
3600 119 90 104 117 
3600 120 102 115 
3600 121 92 98 
3600 122 126 157 
3600 123 127 162 
3600 124 130 152 155 
3600 125 130 165 
3600 126 122 155 
3600 127 12 123 137 166 
3600 128 144 161 
3600 129 135 170 
3600 130 124 125 
3600 131 160 
3600 132 154 158 
3600 133 
3600 134 144 145 
3600 135 129 141 164 
3600 136 144 146 
3600 137 127 139 
3600 138 11 145 
3600 139 137 142 
3600 140 152 159 
3600 141 135 149 
3600 142 139 169 
3600 143 158 168 
3600 144 128 134 136 
3600 145 134 138 
3600 146 136 162 
3600 147 158 
3600 148 165 166 
3600 149 141 169 
3600 150 4 160 
3600 151 163 167 
3600 152 124 140 
3600 153 
3600 154 132 171 
3600 155 124 126 
3600 156 163 170 
3600 157 122 164 
3600 158 132 143 147 
3600 159 140 171 
3600 160 131 150 
3600 161 128 
3600 162 123 146 
3600 163 151 156 
3600 164 135 157 
3600 165 125 148 
3600 166 127 148 
3600 167 151 168 
3600 168 143 167 
3600 169 142 149 
3600 170 129 156 
3600 171 154 159 
3600 172 184 192 
3600 173 179 
3600 174 178 198 
3600 175 5 
3600 176 199 201 
3600 177 
3600 178 174 182 
3600 179 110 173 
3600 180 
3600 181 107 206 
3600 182 178 199 
3600 183 192 202 
3600 184 172 204 207 
3600 185 
3600 186 94 206 
3600 187 107 196 
3600 188 89 
3600 189 192 194 
3600 190 15 198 
3600 191 96 194 
3600 192 172 183 189 
3600 193 
3600 194 189 191 
3600 195 8 95 
3600 196 187 203 
3600 197 13 205 
3600 198 174 190 
3600 199 117 176 182 
3600 200 201 205 
3600 201 176 200 
3600 202 183 205 
3600 203 14 196 
3600 204 184 207 
3600 205 197 200 202 
3600 206 181 186 
3600 207 184 204 
3600 208 
3600 209 0 2 4 5 
3600 210 0 1 3 4 
3600 211 0 1 2 3 
3600 212 0 5 
3600 213 0 2 4 5 
3600 214 0 1 3 
3600 215 0 2 5 
3600 216 0 3 4 
3600 217 0 1 5 
3600 218 0 2 3 4 
3600 219 0 4 
3600 220 0 5 
3600 221 0 3 
3600 222 0 1 
3600 223 0 1 2 
3600 224 0 3 
3600 225 0 5 
3600 226 0 4 
3600 227 0 1 3 5 
3600 228 0 2 
3600 229 0 2 4 
3600 230 0 1 3 5 
3600 231 0 5 
3600 232 0 2 3 
3600 233 0 1 4 
3600 234 0 3 4 5 
3600 235 0 1 2 
3600 236 0 5 
3600 237 0 1 2 4 
3600 238 0 3 
5400 0 1 2 3 4 5 153 209 210 211 212 213 214 215 216 217 218 219 220 221 222 223 224 225 226 227 228 229 230 231 232 233 234 235 236 237 238 
5400 1 0 2 3 4 5 6 210 211 214 217 222 223 227 230 233 235 237 
5400 2 0 1 3 4 5 7 209 211 213 215 218 223 228 229 232 235 237 
5400 3 0 1 2 4 5 8 9 10 106 110 210 211 214 216 218 221 224 227 230 232 234 238 
5400 4 0 1 2 3 5 11 12 209 210 213 216 218 219 226 229 233 234 237 
5400 5 0 1 2 3 4 13 14 15 209 212 213 215 217 220 225 227 230 231 234 236 
5400 6 1 49 
5400 7 2 80 
5400 8 3 9 10 
5400 9 3 8 10 
5400 10 3 8 9 
5400 11 4 12 132 
5400 12 4 11 139 
5400 13 5 14 15 
5400 14 5 13 15 
5400 15 5 13 14 
5400 16 39 
5400 17 25 43 
5400 18 33 43 
5400 19 37 43 
5400 20 30 41 
5400 21 40 49 
5400 22 28 33 
5400 23 29 36 
5400 24 48 
5400 25 17 42 
5400 26 29 38 
5400 27 30 46 
5400 28 22 
5400 29 23 26 
5400 30 20 27 
5400 31 48 
5400 32 34 36 
5400 33 18 22 
5400 34 32 45 
5400 35 43 47 
5400 36 23 32 
5400 37 19 45 
5400 38 26 47 
5400 39 16 45 
5400 40 21 41 46 
5400 41 20 40 
5400 42 25 44 
5400 43 17 18 19 35 
5400 44 42 48 
5400 45 34 37 39 
5400 46 27 40 
5400 47 35 38 
5400 48 24 31 44 
5400 49 6 21 
5400 50 54 70 
5400 51 64 77 
5400 52 70 75 
5400 53 72 79 
5400 54 50 76 
5400 55 
5400 56 61 70 
5400 57 67 73 
5400 58 71 84 
5400 59 70 79 
5400 60 78 
5400 61 56 76 
5400 62 71 83 
5400 63 
5400 64 51 82 
5400 65 
5400 66 71 88 
5400 67 57 75 
5400 68 84 
5400 69 83 87 
5400 70 50 52 56 59 
5400 71 58 62 66 86 
5400 72 53 
5400 73 57 74 
5400 74 73 84 
5400 75 52 67 
5400 76 54 61 
5400 77 51 82 
5400 78 60 79 
5400 79 53 59 78 
5400 80 7 84 
5400 81 86 
5400 82 64 77 
5400 83 62 69 
5400 84 58 68 74 80 
5400 85 
5400 86 71 81 
5400 87 69 88 
5400 88 66 87 
5400 89 96 104 
5400 90 115 195 
5400 91 106 109 114 
5400 92 97 119 
5400 93 104 116 
5400 94 96 99 
5400 95 99 112 
5400 96 89 94 
5400 97 92 192 
5400 98 100 110 111 
5400 99 94 95 100 105 
5400 100 98 99 
5400 101 193 
5400 102 114 
5400 103 
5400 104 89 93 117 
5400 105 99 179 
5400 106 3 91 
5400 107 177 181 
5400 108 115 119 
5400 109 91 
5400 110 3 98 
5400 111 98 119 
5400 112 95 119 
5400 113 
5400 114 91 102 
5400 115 90 108 116 118 
5400 116 93 115 
5400 117 104 196 
5400 118 115 119 
5400 119 92 108 111 112 118 
5400 120 
5400 121 187 196 
5400 122 126 
5400 123 126 140 
5400 124 132 136 146 152 163 
5400 125 149 166 
5400 126 122 123 128 141 144 149 
5400 127 131 137 142 147 164 167 168 
5400 128 126 138 
5400 129 135 163 
5400 130 141 170 
5400 131 127 165 
5400 132 11 124 
5400 133 150 166 
5400 134 148 164 
5400 135 129 162 
5400 136 124 137 
5400 137 127 136 
5400 138 128 142 
5400 139 12 171 
5400 140 123 167 
5400 141 126 130 
5400 142 127 138 
5400 143 152 160 
5400 144 126 158 
5400 145 156 160 
5400 146 124 155 
5400 147 127 168 
5400 148 134 
5400 149 125 126 
5400 150 133 165 
5400 151 156 159 
5400 152 124 143 
5400 153 0 
5400 154 159 162 
5400 155 146 171 
5400 156 145 151 
5400 157 
5400 158 144 170 
5400 159 151 154 
5400 160 143 145 
5400 161 
5400 162 135 154 
5400 163 124 129 
5400 164 127 134 
5400 165 131 150 
5400 166 125 133 
5400 167 127 140 
5400 168 127 147 
5400 169 
5400 170 130 158 
5400 171 139 155 
5400 172 192 204 
5400 173 180 181 
5400 174 191 198 
5400 175 184 203 
5400 176 181 185 
5400 177 107 201 
5400 178 183 199 
5400 179 105 194 
5400 180 173 206 
5400 181 107 173 176 
5400 182 189 
5400 183 178 202 
5400 184 175 186 
5400 185 176 
5400 186 184 198 
5400 187 121 205 
5400 188 
5400 189 182 197 
5400 190 206 208 
5400 191 174 
5400 192 97 172 
5400 193 101 
5400 194 179 206 
5400 195 90 199 
5400 196 117 121 
5400 197 189 
5400 198 174 186 
5400 199 178 195 
5400 200 203 207 
5400 201 177 
5400 202 183 208 
5400 203 175 200 
5400 204 172 205 
5400 205 187 204 
5400 206 180 190 194 
5400 207 200 
5400 208 190 202 
5400 209 0 2 4 5 
5400 210 0 1 3 4 
5400 211 0 1 2 3 
5400 212 0 5 
5400 213 0 2 4 5 
5400 214 0 1 3 
5400 215 0 2 5 
5400 216 0 3 4 
5400 217 0 1 5 
5400 218 0 2 3 4 
5400 219 0 4 
5400 220 0 5 
5400 221 0 3 
5400 222 0 1 
5400 223 0 1 2 
5400 224 0 3 
5400 225 0 5 
5400 226 0 4 
5400 227 0 1 3 5 
5400 228 0 2 
5400 229 0 2 4 
5400 230 0 1 3 5 
5400 231 0 5 
5400 232 0 2 3 
5400 233 0 1 4 
5400 234 0 3 4 5 
5400 235 0 1 2 
5400 236 0 5 
5400 237 0 1 2 4 
5400 238 0 3 
7200 0 1 2 3 4 5 209 210 211 212 213 214 215 216 217 218 219 220 221 222 223 224 225 226 227 228 229 230 231 232 233 234 235 236 237 238 
7200 1 0 2 3 4 5 6 210 211 214 217 222 223 227 230 233 235 237 
7200 2 0 1 3 4 5 7 75 209 211 213 215 218 223 228 229 232 235 237 
7200 3 0 1 2 4 5 8 9 10 103 210 211 214 216 218 221 224 227 230 232 234 238 
7200 4 0 1 2 3 5 11 12 209 210 213 216 218 219 226 229 233 234 237 
7200 5 0 1 2 3 4 13 14 15 209 212 213 215 217 220 225 227 230 231 234 236 
7200 6 1 34 40 
7200 7 2 68 75 
7200 8 3 9 10 
7200 9 3 8 10 121 
7200 10 3 8 9 115 
7200 11 4 12 127 159 
7200 12 4 11 124 164 
7200 13 5 14 15 173 
7200 14 5 13 15 196 
7200 15 5 13 14 
7200 16 23 45 
7200 17 37 38 
7200 18 31 36 
7200 19 29 39 
7200 20 22 36 
7200 21 44 
7200 22 20 23 
7200 23 16 22 
7200 24 41 43 
7200 25 33 36 
7200 26 30 49 
7200 27 28 30 
7200 28 27 44 
7200 29 19 30 
7200 30 26 27 29 
7200 31 18 
7200 32 43 49 
7200 33 25 41 
7200 34 6 42 
7200 35 44 46 
7200 36 18 20 25 
7200 37 17 38 
7200 38 17 37 
7200 39 19 46 
7200 40 6 42 
7200 41 24 33 47 48 
7200 42 34 40 
7200 43 24 32 
7200 44 21 28 35 
7200 45 16 48 
7200 46 35 39 47 
7200 47 41 46 
7200 48 41 45 
7200 49 26 32 
7200 50 66 72 
7200 51 54 76 
7200 52 79 80 
7200 53 66 87 
7200 54 51 76 
7200 55 82 83 
7200 56 58 80 
7200 57 60 84 
7200 58 56 60 
7200 59 74 86 
7200 60 57 58 
7200 61 77 84 
7200 62 71 88 
7200 63 
7200 64 66 73 
7200 65 
7200 66 50 53 64 
7200 67 71 84 
7200 68 7 
7200 69 84 88 
7200 70 78 
7200 71 62 67 74 78 
7200 72 50 86 
7200 73 64 
7200 74 59 71 
7200 75 2 7 
7200 76 51 54 
7200 77 61 88 
7200 78 70 71 
7200 79 52 87 
7200 80 52 56 
7200 81 
7200 82 55 85 
7200 83 55 85 
7200 84 57 61 67 69 
7200 85 82 83 
7200 86 59 72 
7200 87 53 79 
7200 88 62 69 77 
7200 89 114 117 
7200 90 95 110 
7200 91 111 120 
7200 92 110 119 
7200 93 105 118 
7200 94 97 119 
7200 95 90 114 
7200 96 
7200 97 94 195 
7200 98 99 
7200 99 98 114 
7200 100 105 
7200 101 
7200 102 116 118 
7200 103 3 115 
7200 104 111 119 
7200 105 93 100 
7200 106 108 118 
7200 107 174 194 
7200 108 106 120 
7200 109 
7200 110 90 92 
7200 111 91 104 
7200 112 114 115 
7200 113 120 
7200 114 89 95 99 112 
7200 115 10 103 112 195 
7200 116 102 196 
7200 117 89 186 
7200 118 93 102 106 
7200 119 92 94 104 
7200 120 91 108 113 
7200 121 9 
7200 122 165 171 
7200 123 137 157 
7200 124 12 159 
7200 125 133 163 
7200 126 129 130 
7200 127 11 142 
7200 128 136 162 
7200 129 126 138 
7200 130 126 167 
7200 131 140 152 
7200 132 139 140 
7200 133 125 148 
7200 134 145 164 
7200 135 155 162 
7200 136 128 156 
7200 137 123 160 
7200 138 129 168 
7200 139 132 145 
7200 140 131 132 168 
7200 141 142 166 
7200 142 127 141 154 
7200 143 154 
7200 144 161 166 
7200 145 134 139 152 
7200 146 155 162 
7200 147 
7200 148 133 165 
7200 149 155 170 
7200 150 151 155 
7200 151 150 159 
7200 152 131 145 
7200 153 
7200 154 142 143 
7200 155 135 146 149 150 163 
7200 156 136 166 
7200 157 123 
7200 158 160 170 
7200 159 11 124 151 171 
7200 160 137 158 
7200 161 144 
7200 162 128 135 146 
7200 163 125 155 
7200 164 12 134 
7200 165 122 148 
7200 166 141 144 156 
7200 167 130 
7200 168 138 140 
7200 169 
7200 170 149 158 
7200 171 122 159 
7200 172 176 177 
7200 173 13 206 
7200 174 107 182 
7200 175 187 190 
7200 176 172 205 
7200 177 172 197 
7200 178 184 189 
7200 179 199 
7200 180 181 186 
7200 181 180 198 
7200 182 174 199 
7200 183 197 201 
7200 184 178 186 
7200 185 
7200 186 117 180 184 191 
7200 187 175 199 
7200 188 
7200 189 178 196 
7200 190 175 204 
7200 191 186 
7200 192 199 202 
7200 193 
7200 194 107 206 
7200 195 97 115 
7200 196 14 116 189 
7200 197 177 183 
7200 198 181 199 
7200 199 179 182 187 192 198 
7200 200 204 207 
7200 201 183 202 
7200 202 192 201 203 
7200 203 202 207 
7200 204 190 200 
7200 205 176 
7200 206 173 194 
7200 207 200 203 
7200 208 
7200 209 0 2 4 5 
7200 210 0 1 3 4 
7200 211 0 1 2 3 
7200 212 0 5 
7200 213 0 2 4 5 
7200 214 0 1 3 
7200 215 0 2 5 
7200 216 0 3 4 
7200 217 0 1 5 
7200 218 0 2 3 4 
7200 219 0 4 
7200 220 0 5 
7200 221 0 3 
7200 222 0 1 
7200 223 0 1 2 
7200 224 0 3 
7200 225 0 5 
7200 226 0 4 
7200 227 0 1 3 5 
7200 228 0 2 
7200 229 0 2 4 
7200 230 0 1 3 5 
7200 231 0 5 
7200 232 0 2 3 
7200 233 0 1 4 
7200 234 0 3 4 5 
7200 235 0 1 2 
7200 236 0 5 
7200 237 0 1 2 4 
7200 238 0 3 
9000 0 1 2 3 4 5 209 210 211 212 213 214 215 216 217 218 219 220 221 222 223 224 225 226 227 228 229 230 231 232 233 234 235 236 237 238 
9000 1 0 2 3 4 5 6 210 211 214 217 222 223 227 230 233 235 237 
9000 2 0 1 3 4 5 7 209 211 213 215 218 223 228 229 232 235 237 
9000 3 0 1 2 4 5 8 9 10 210 211 214 216 218 221 224 227 230 232 234 238 
9000 4 0 1 2 3 5 11 12 153 209 210 213 216 218 219 226 229 233 234 237 
9000 5 0 1 2 3 4 13 14 15 209 212 213 215 217 220 225 227 230 231 234 236 
9000 6 1 44 
9000 7 2 53 
9000 8 3 9 10 120 
9000 9 3 8 10 115 
9000 10 3 8 9 93 96 
9000 11 4 12 126 
9000 12 4 11 140 
9000 13 5 14 15 
9000 14 5 13 15 173 190 
9000 15 5 13 14 201 
9000 16 22 44 
9000 17 35 40 
9000 18 39 42 
9000 19 24 27 
9000 20 25 47 
9000 21 22 30 
9000 22 16 21 
9000 23 29 48 
9000 24 19 46 
9000 25 20 26 
9000 26 25 32 34 46 
9000 27 19 32 
9000 28 48 49 
9000 29 23 41 
9000 30 21 33 
9000 31 37 43 
9000 32 26 27 
9000 33 30 45 
9000 34 26 36 
9000 35 17 38 
9000 36 34 45 
9000 37 31 38 
9000 38 35 37 
9000 39 18 45 
9000 40 17 47 
9000 41 29 
9000 42 18 44 
9000 43 31 48 
9000 44 6 16 42 49 
9000 45 33 36 39 
9000 46 24 26 
9000 47 20 40 
9000 48 23 28 43 
9000 49 28 44 
9000 50 60 65 
9000 51 73 75 
9000 52 66 75 
9000 53 7 87 
9000 54 74 87 
9000 55 69 
9000 56 61 84 
9000 57 64 87 
9000 58 83 86 
9000 59 82 84 
9000 60 50 87 
9000 61 56 84 
9000 62 77 85 
9000 63 
9000 64 57 88 
9000 65 50 67 
9000 66 52 78 
9000 67 65 
9000 68 88 
9000 69 55 71 81 
9000 70 
9000 71 69 83 
9000 72 
9000 73 51 88 
9000 74 54 85 
9000 75 51 52 76 
9000 76 75 
9000 77 62 
9000 78 66 85 
9000 79 82 83 
9000 80 83 84 
9000 81 69 
9000 82 59 79 
9000 83 58 71 79 80 86 
9000 84 56 59 61 80 
9000 85 62 74 78 
9000 86 58 83 
9000 87 53 54 57 60 
9000 88 64 68 73 
9000 89 90 95 
9000 90 89 114 
9000 91 106 110 
9000 92 115 195 
9000 93 10 
9000 94 116 119 
9000 95 89 104 113 
9000 96 10 
9000 97 118 121 
9000 98 105 111 
9000 99 106 118 
9000 100 
9000 101 
9000 102 109 115 
9000 103 
9000 104 95 110 
9000 105 98 
9000 106 91 99 
9000 107 119 178 182 
9000 108 109 112 
9000 109 102 108 
9000 110 91 104 
9000 111 98 113 
9000 112 108 116 
9000 113 95 111 
9000 114 90 195 
9000 115 9 92 102 
9000 116 94 112 
9000 117 181 182 
9000 118 97 99 
9000 119 94 107 
9000 120 8 
9000 121 97 
9000 122 126 170 
9000 123 127 153 
9000 124 125 149 
9000 125 124 128 135 138 
9000 126 11 122 130 135 163 
9000 127 123 136 
9000 128 125 141 
9000 129 146 156 
9000 130 126 164 
9000 131 147 160 
9000 132 157 167 
9000 133 
9000 134 163 165 
9000 135 125 126 
9000 136 127 154 
9000 137 155 168 
9000 138 125 144 
9000 139 141 143 154 171 
9000 140 12 142 144 159 
9000 141 128 139 
9000 142 140 164 
9000 143 139 171 
9000 144 138 140 
9000 145 160 167 
9000 146 129 170 
9000 147 131 159 161 
9000 148 150 
9000 149 124 150 
9000 150 148 149 
9000 151 156 167 
9000 152 158 
9000 153 4 123 
9000 154 136 139 
9000 155 137 158 
9000 156 129 151 
9000 157 132 166 
9000 158 152 155 
9000 159 140 147 
9000 160 131 145 
9000 161 147 
9000 162 166 168 
9000 163 126 134 
9000 164 130 142 
9000 165 134 
9000 166 157 162 
9000 167 132 145 151 
9000 168 137 162 
9000 169 
9000 170 122 146 
9000 171 139 143 
9000 172 197 202 
9000 173 14 201 
9000 174 190 207 
9000 175 189 200 
9000 176 177 184 
9000 177 176 207 
9000 178 107 180 
9000 179 198 
9000 180 178 203 
9000 181 117 192 
9000 182 107 117 
9000 183 205 
9000 184 176 186 197 
9000 185 192 
9000 186 184 206 
9000 187 196 203 
9000 188 
9000 189 175 206 
9000 190 14 174 
9000 191 203 206 
9000 192 181 185 
9000 193 
9000 194 199 205 
9000 195 92 114 
9000 196 187 198 
9000 197 172 184 
9000 198 179 196 
9000 199 194 200 
9000 200 175 199 
9000 201 15 173 
9000 202 172 207 
9000 203 180 187 191 
9000 204 207 
9000 205 183 194 
9000 206 186 189 191 
9000 207 174 177 202 204 
9000 208 
9000 209 0 2 4 5 
9000 210 0 1 3 4 
9000 211 0 1 2 3 
9000 212 0 5 
9000 213 0 2 4 5 
9000 214 0 1 3 
9000 215 0 2 5 
9000 216 0 3 4 
9000 217 0 1 5 
9000 218 0 2 3 4 
9000 219 0 4 
9000 220 0 5 
9000 221 0 3 
9000 222 0 1 
9000 223 0 1 2 
9000 224 0 3 
9000 225 0 5 
9000 226 0 4 
9000 227 0 1 3 5 
9000 228 0 2 
9000 229 0 2 4 
9000 230 0 1 3 5 
9000 231 0 5 
9000 232 0 2 3 
9000 233 0 1 4 
9000 234 0 3 4 5 
9000 235 0 1 2 
9000 236 0 5 
9000 237 0 1 2 4 
9000 238 0 3 
10800 0 1 2 3 4 5 209 210 211 212 213 214 215 216 217 218 219 220 221 222 223 224 225 226 227 228 229 230 231 232 233 234 235 236 237 238 
10800 1 0 2 3 4 5 6 26 210 211 214 217 222 223 227 230 233 235 237 
10800 2 0 1 3 4 5 7 209 211 213 215 218 223 228 229 232 235 237 
10800 3 0 1 2 4 5 8 9 10 108 210 211 214 216 218 221 224 227 230 232 234 238 
10800 4 0 1 2 3 5 11 12 209 210 213 216 218 219 226 229 233 234 237 
10800 5 0 1 2 3 4 13 14 15 209 212 213 215 217 220 225 227 230 231 234 236 
10800 6 1 26 
10800 7 2 88 
10800 8 3 9 10 
10800 9 3 8 10 108 
10800 10 3 8 9 106 
10800 11 4 12 130 
10800 12 4 11 124 166 
10800 13 5 14 15 
10800 14 5 13 15 
10800 15 5 13 14 
10800 16 28 47 
10800 17 33 43 
10800 18 36 48 
10800 19 39 
10800 20 27 40 
10800 21 35 41 
10800 22 24 29 
10800 23 46 48 
10800 24 22 27 
10800 25 38 49 
10800 26 1 6 
10800 27 20 24 
10800 28 16 32 
10800 29 22 43 
10800 30 35 
10800 31 
10800 32 28 42 
10800 33 17 36 
10800 34 42 44 
10800 35 21 30 
10800 36 18 33 
10800 37 40 44 
10800 38 25 
10800 39 19 
10800 40 20 37 
10800 41 21 45 
10800 42 32 34 49 
10800 43 17 29 
10800 44 34 37 
10800 45 41 48 
10800 46 23 48 
10800 47 16 
10800 48 18 23 45 46 
10800 49 25 42 
10800 50 84 88 
10800 51 64 71 
10800 52 87 88 
10800 53 72 
10800 54 57 66 
10800 55 80 84 
10800 56 69 86 
10800 57 54 74 
10800 58 66 83 
10800 59 85 86 
10800 60 
10800 61 64 87 
10800 62 82 86 
10800 63 65 67 
10800 64 51 61 72 
10800 65 63 67 
10800 66 54 58 76 
10800 67 63 65 
10800 68 
10800 69 56 79 
10800 70 81 
10800 71 51 85 
10800 72 53 64 
10800 73 84 
10800 74 57 80 
10800 75 76 87 
10800 76 66 75 
10800 77 78 84 
10800 78 77 86 
10800 79 69 83 
10800 80 55 74 
10800 81 70 82 
10800 82 62 81 
10800 83 58 79 
10800 84 50 55 73 77 
10800 85 59 71 
10800 86 56 59 62 78 
10800 87 52 61 75 
10800 88 7 50 52 
10800 89 95 97 
10800 90 93 119 
10800 91 102 104 
10800 92 98 116 
10800 93 90 115 
10800 94 96 115 
10800 95 89 112 
10800 96 94 
10800 97 89 112 118 
10800 98 92 121 
10800 99 110 173 
10800 100 
10800 101 174 
10800 102 91 106 113 114 
10800 103 
10800 104 91 111 114 
10800 105 121 
10800 106 10 102 
10800 107 172 184 192 199 202 
10800 108 3 9 
10800 109 
10800 110 99 119 
10800 111 104 
10800 112 95 97 
10800 113 102 
10800 114 102 104 
10800 115 93 94 
10800 116 92 173 
10800 117 121 181 
10800 118 97 
10800 119 90 110 179 
10800 120 
10800 121 98 105 117 
10800 122 137 170 
10800 123 125 142 146 167 
10800 124 12 137 
10800 125 123 152 
10800 126 129 144 159 
10800 127 131 138 139 154 170 171 
10800 128 145 160 
10800 129 126 169 
10800 130 11 153 
10800 131 127 160 
10800 132 139 151 
10800 133 149 165 
10800 134 136 156 
10800 135 144 162 
10800 136 134 146 
10800 137 122 124 
10800 138 127 167 
10800 139 127 132 
10800 140 143 152 163 168 
10800 141 150 151 
10800 142 123 147 
10800 143 140 
10800 144 126 135 
10800 145 128 161 
10800 146 123 136 
10800 147 142 158 159 
10800 148 
10800 149 133 156 
10800 150 141 151 
10800 151 132 141 150 
10800 152 125 140 
10800 153 130 171 
10800 154 127 158 
10800 155 156 168 
10800 156 134 149 155 
10800 157 162 164 
10800 158 147 154 
10800 159 126 147 
10800 160 128 131 
10800 161 145 
10800 162 135 157 
10800 163 140 164 
10800 164 157 163 166 
10800 165 133 
10800 166 12 164 
10800 167 123 138 
10800 168 140 155 
10800 169 129 
10800 170 122 127 
10800 171 127 153 
10800 172 107 182 
10800 173 99 116 179 
10800 174 101 193 
10800 175 177 187 
10800 176 190 197 
10800 177 175 185 
10800 178 185 201 
10800 179 119 173 
10800 180 204 206 
10800 181 117 195 
10800 182 172 
10800 183 197 
10800 184 107 201 
10800 185 177 178 
10800 186 192 201 
10800 187 175 194 
10800 188 
10800 189 190 204 
10800 190 176 189 202 
10800 191 
10800 192 107 186 
10800 193 174 
10800 194 187 201 
10800 195 181 196 
10800 196 195 203 
10800 197 176 183 
10800 198 200 206 
10800 199 107 205 
10800 200 198 203 205 
10800 201 178 184 186 194 
10800 202 107 190 
10800 203 196 200 
10800 204 180 189 
10800 205 199 200 
10800 206 180 198 
10800 207 
10800 208 
10800 209 0 2 4 5 
10800 210 0 1 3 4 
10800 211 0 1 2 3 
10800 212 0 5 
10800 213 0 2 4 5 
10800 214 0 1 3 
10800 215 0 2 5 
10800 216 0 3 4 
10800 217 0 1 5 
10800 218 0 2 3 4 
10800 219 0 4 
10800 220 0 5 
10800 221 0 3 
10800 222 0 1 
10800 223 0 1 2 
10800 224 0 3 
10800 225 0 5 
10800 226 0 4 
10800 227 0 1 3 5 
10800 228 0 2 
10800 229 0 2 4 
10800 230 0 1 3 5 
10800 231 0 5 
10800 232 0 2 3 
10800 233 0 1 4 
10800 234 0 3 4 5 
10800 235 0 1 2 
10800 236 0 5 
10800 237 0 1 2 4 
10800 238 0 3 
12600 0 1 2 3 4 5 209 210 211 212 213 214 215 216 217 218 219 220 221 222 223 224 225 226 227 228 229 230 231 232 233 234 235 236 237 238 
12600 1 0 2 3 4 5 6 47 210 211 214 217 222 223 227 230 233 235 237 
12600 2 0 1 3 4 5 7 83 209 211 213 215 218 223 228 229 232 235 237 
12600 3 0 1 2 4 5 8 9 10 210 211 214 216 218 221 224 227 230 232 234 238 
12600 4 0 1 2 3 5 11 12 209 210 213 216 218 219 226 229 233 234 237 
12600 5 0 1 2 3 4 13 14 15 197 209 212 213 215 217 220 225 227 230 231 234 236 
12600 6 1 45 
12600 7 2 58 
12600 8 3 9 10 92 119 
12600 9 3 8 10 108 
12600 10 3 8 9 
12600 11 4 12 158 
12600 12 4 11 157 
12600 13 5 14 15 
12600 14 5 13 15 204 
12600 15 5 13 14 107 
12600 16 26 27 
12600 17 29 39 
12600 18 37 
12600 19 42 46 
12600 20 30 41 
12600 21 42 44 
12600 22 23 31 
12600 23 22 
12600 24 32 41 
12600 25 30 46 
12600 26 16 43 
12600 27 16 44 
12600 28 29 38 
12600 29 17 28 
12600 30 20 25 
12600 31 22 40 
12600 32 24 48 
12600 33 36 40 
12600 34 35 46 
12600 35 34 36 
12600 36 33 35 
12600 37 18 43 
12600 38 28 42 
12600 39 17 41 
12600 40 31 33 
12600 41 20 24 39 45 
12600 42 19 21 38 
12600 43 26 37 
12600 44 21 27 
12600 45 6 41 
12600 46 19 25 34 48 
12600 47 1 
12600 48 32 46 
12600 49 
12600 50 65 73 
12600 51 76 77 
12600 52 57 69 
12600 53 59 62 
12600 54 60 71 
12600 55 61 86 
12600 56 59 66 
12600 57 52 65 
12600 58 7 69 
12600 59 53 56 
12600 60 54 72 
12600 61 55 73 
12600 62 53 80 
12600 63 64 84 
12600 64 63 87 
12600 65 50 57 
12600 66 56 76 
12600 67 84 87 
12600 68 76 84 
12600 69 52 58 81 85 88 
12600 70 81 86 
12600 71 54 85 
12600 72 60 
12600 73 50 61 74 
12600 74 73 77 
12600 75 79 87 
12600 76 51 66 68 
12600 77 51 74 88 
12600 78 
12600 79 75 80 
12600 80 62 79 
12600 81 69 70 
12600 82 83 
12600 83 2 82 
12600 84 63 67 68 
12600 85 69 71 
12600 86 55 70 
12600 87 64 67 75 
12600 88 69 77 
12600 89 98 115 118 
12600 90 91 94 
12600 91 90 110 
12600 92 8 111 
12600 93 110 116 
12600 94 90 101 
12600 95 98 103 
12600 96 110 116 
12600 97 107 195 
12600 98 89 95 
12600 99 104 112 
12600 100 
12600 101 94 
12600 102 
12600 103 95 
12600 104 99 116 
12600 105 106 
12600 106 105 113 
12600 107 15 97 173 194 
12600 108 9 109 114 
12600 109 108 
12600 110 91 93 96 
12600 111 92 117 
12600 112 99 114 115 118 
12600 113 106 
12600 114 108 112 
12600 115 89 112 
12600 116 93 96 104 
12600 117 111 119 
12600 118 89 112 
12600 119 8 117 
12600 120 
12600 121 179 196 
12600 122 146 170 
12600 123 124 171 
12600 124 123 129 
12600 125 130 138 157 165 
12600 126 144 145 150 
12600 127 136 145 
12600 128 130 166 
12600 129 124 141 
12600 130 125 128 
12600 131 140 141 
12600 132 149 
12600 133 148 
12600 134 135 149 
12600 135 134 136 
12600 136 127 135 
12600 137 142 163 
12600 138 125 170 
12600 139 140 164 
12600 140 131 139 155 160 163 
12600 141 129 131 
12600 142 137 156 
12600 143 
12600 144 126 164 
12600 145 126 127 
12600 146 122 
12600 147 168 
12600 148 133 
12600 149 132 134 
12600 150 126 164 
12600 151 156 168 
12600 152 159 162 
12600 153 
12600 154 158 164 
12600 155 140 159 
12600 156 142 151 
12600 157 12 125 
12600 158 11 154 167 
12600 159 152 155 
12600 160 140 166 
12600 161 
12600 162 152 168 
12600 163 137 140 
12600 164 139 144 150 154 
12600 165 125 
12600 166 128 160 
12600 167 158 
12600 168 147 151 162 
12600 169 
12600 170 122 138 
12600 171 123 
12600 172 181 194 
12600 173 107 190 
12600 174 178 204 
12600 175 189 207 
12600 176 181 199 
12600 177 182 201 
12600 178 174 201 
12600 179 121 195 
12600 180 202 203 
12600 181 172 176 
12600 182 177 206 
12600 183 
12600 184 186 206 
12600 185 
12600 186 184 203 
12600 187 198 199 
12600 188 207 
12600 189 175 207 
12600 190 173 204 
12600 191 
12600 192 199 205 
12600 193 
12600 194 107 172 
12600 195 97 179 
12600 196 121 199 
12600 197 5 198 
12600 198 187 197 200 
12600 199 176 187 192 196 
12600 200 198 206 
12600 201 177 178 
12600 202 180 
12600 203 180 186 
12600 204 14 174 190 
12600 205 192 
12600 206 182 184 200 
12600 207 175 188 189 
12600 208 
12600 209 0 2 4 5 
12600 210 0 1 3 4 
12600 211 0 1 2 3 
12600 212 0 5 
12600 213 0 2 4 5 
12600 214 0 1 3 
12600 215 0 2 5 
12600 216 0 3 4 
12600 217 0 1 5 
12600 218 0 2 3 4 
12600 219 0 4 
12600 220 0 5 
12600 221 0 3 
12600 222 0 1 
12600 223 0 1 2 
12600 224 0 3 
12600 225 0 5 
12600 226 0 4 
12600 227 0 1 3 5 
12600 228 0 2 
12600 229 0 2 4 
12600 230 0 1 3 5 
12600 231 0 5 
12600 232 0 2 3 
12600 233 0 1 4 
12600 234 0 3 4 5 
12600 235 0 1 2 
12600 236 0 5 
12600 237 0 1 2 4 
12600 238 0 3 
14400 0 1 2 3 4 5 209 210 211 212 213 214 215 216 217 218 219 220 221 222 223 224 225 226 227 228 229 230 231 232 233 234 235 236 237 238 
14400 1 0 2 3 4 5 6 210 211 214 217 222 223 227 230 233 235 237 
14400 2 0 1 3 4 5 7 209 211 213 215 218 223 228 229 232 235 237 
14400 3 0 1 2 4 5 8 9 10 115 210 211 214 216 218 221 224 227 230 232 234 238 
14400 4 0 1 2 3 5 11 12 209 210 213 216 218 219 226 229 233 234 237 
14400 5 0 1 2 3 4 13 14 15 209 212 213 215 217 220 225 227 230 231 234 236 
14400 6 1 29 34 
14400 7 2 84 
14400 8 3 9 10 121 
14400 9 3 8 10 115 
14400 10 3 8 9 
14400 11 4 12 141 150 
14400 12 4 11 144 168 
14400 13 5 14 15 
14400 14 5 13 15 174 
14400 15 5 13 14 197 
14400 16 47 48 
14400 17 30 33 
14400 18 40 48 
14400 19 37 38 
14400 20 26 28 
14400 21 28 36 
14400 22 24 32 
14400 23 37 38 
14400 24 22 41 
14400 25 35 49 
14400 26 20 48 
14400 27 33 44 
14400 28 20 21 49 
14400 29 6 42 
14400 30 17 43 
14400 31 
14400 32 22 44 
14400 33 17 27 
14400 34 6 
14400 35 25 44 
14400 36 21 47 
14400 37 19 23 
14400 38 19 23 
14400 39 45 46 
14400 40 18 
14400 41 24 47 
14400 42 29 43 46 
14400 43 30 42 
14400 44 27 32 35 
14400 45 39 
14400 46 39 42 
14400 47 16 36 41 
14400 48 16 18 26 
14400 49 25 28 
14400 50 72 
14400 51 66 84 
14400 52 71 87 
14400 53 77 84 
14400 54 57 71 
14400 55 59 85 
14400 56 62 76 
14400 57 54 61 
14400 58 80 84 
14400 59 55 77 
14400 60 
14400 61 57 69 79 
14400 62 56 88 
14400 63 
14400 64 65 67 
14400 65 64 
14400 66 51 69 
14400 67 64 72 
14400 68 70 88 
14400 69 61 66 
14400 70 68 81 
14400 71 52 54 
14400 72 50 67 
14400 73 88 
14400 74 83 88 
14400 75 77 86 
14400 76 56 88 
14400 77 53 59 75 85 
14400 78 88 
14400 79 61 80 
14400 80 58 79 
14400 81 70 
14400 82 83 
14400 83 74 82 87 
14400 84 7 51 53 58 86 
14400 85 55 77 
14400 86 75 84 
14400 87 52 83 
14400 88 62 68 73 74 76 78 
14400 89 116 119 
14400 90 97 106 
14400 91 104 114 
14400 92 
14400 93 99 111 
14400 94 187 206 
14400 95 112 114 
14400 96 106 108 
14400 97 90 181 
14400 98 
14400 99 93 112 
14400 100 
14400 101 
14400 102 112 
14400 103 
14400 104 91 108 
14400 105 
14400 106 90 96 
14400 107 176 179 184 199 
14400 108 96 104 
14400 109 120 
14400 110 111 121 
14400 111 93 110 195 
14400 112 95 99 102 
14400 113 120 
14400 114 91 95 118 
14400 115 3 9 
14400 116 89 181 
14400 117 119 192 
14400 118 114 119 
14400 119 89 117 118 195 
14400 120 109 113 
14400 121 8 110 
14400 122 149 160 
14400 123 124 138 152 171 
14400 124 123 170 
14400 125 128 140 164 165 
14400 126 144 167 
14400 127 146 170 
14400 128 125 131 
14400 129 163 167 
14400 130 163 170 
14400 131 128 154 
14400 132 141 151 
14400 133 148 166 
14400 134 160 170 
14400 135 152 
14400 136 142 156 
14400 137 156 166 
14400 138 123 158 
14400 139 143 158 
14400 140 125 161 
14400 141 11 132 
14400 142 136 159 
14400 143 139 168 
14400 144 12 126 
14400 145 151 165 
14400 146 127 151 
14400 147 159 168 
14400 148 133 150 
14400 149 122 162 
14400 150 11 148 
14400 151 132 145 146 
14400 152 123 135 
14400 153 
14400 154 131 160 
14400 155 162 170 
14400 156 136 137 169 
14400 157 
14400 158 138 139 
14400 159 142 147 
14400 160 122 134 154 
14400 161 140 
14400 162 149 155 
14400 163 129 130 
14400 164 125 170 
14400 165 125 145 
14400 166 133 137 
14400 167 126 129 
14400 168 12 143 147 
14400 169 156 
14400 170 124 127 130 134 155 164 
14400 171 123 
14400 172 173 177 
14400 173 172 198 
14400 174 14 190 
14400 175 200 204 
14400 176 107 185 
14400 177 172 183 
14400 178 194 206 
14400 179 107 192 
14400 180 189 205 
14400 181 97 116 
14400 182 196 206 
14400 183 177 
14400 184 107 200 
14400 185 176 202 
14400 186 192 198 
14400 187 94 201 
14400 188 193 
14400 189 180 190 
14400 190 174 189 
14400 191 193 194 
14400 192 117 179 186 201 
14400 193 188 191 
14400 194 178 191 207 
14400 195 111 119 
14400 196 182 203 
14400 197 15 204 
14400 198 173 186 
14400 199 107 205 
14400 200 175 184 
14400 201 187 192 
14400 202 185 203 
14400 203 196 202 
14400 204 175 197 208 
14400 205 180 199 
14400 206 94 178 182 
14400 207 194 
14400 208 204 
14400 209 0 2 4 5 
14400 210 0 1 3 4 
14400 211 0 1 2 3 
14400 212 0 5 
14400 213 0 2 4 5 
14400 214 0 1 3 
14400 215 0 2 5 
14400 216 0 3 4 
14400 217 0 1 5 
14400 218 0 2 3 4 
14400 219 0 4 
14400 220 0 5 
14400 221 0 3 
14400 222 0 1 
14400 223 0 1 2 
14400 224 0 3 
14400 225 0 5 
14400 226 0 4 
14400 227 0 1 3 5 
14400 228 0 2 
14400 229 0 2 4 
14400 230 0 1 3 5 
14400 231 0 5 
14400 232 0 2 3 
14400 233 0 1 4 
14400 234 0 3 4 5 
14400 235 0 1 2 
14400 236 0 5 
14400 237 0 1 2 4 
14400 238 0 3 
16200 0 1 2 3 4 5 153 209 210 211 212 213 214 215 216 217 218 219 220 221 222 223 224 225 226 227 228 229 230 231 232 233 234 235 236 237 238 
16200 1 0 2 3 4 5 6 210 211 214 217 222 223 227 230 233 235 237 
16200 2 0 1 3 4 5 7 68 209 211 213 215 218 223 228 229 232 235 237 
16200 3 0 1 2 4 5 8 9 10 210 211 214 216 218 221 224 227 230 232 234 238 
16200 4 0 1 2 3 5 11 12 209 210 213 216 218 219 226 229 233 234 237 
16200 5 0 1 2 3 4 13 14 15 184 209 212 213 215 217 220 225 227 230 231 234 236 
16200 6 1 37 
16200 7 2 73 77 
16200 8 3 9 10 92 
16200 9 3 8 10 115 
16200 10 3 8 9 
16200 11 4 12 
16200 12 4 11 
16200 13 5 14 15 
16200 14 5 13 15 202 
16200 15 5 13 14 186 
16200 16 18 33 
16200 17 29 46 
16200 18 16 31 
16200 19 33 39 
16200 20 22 28 
16200 21 25 46 
16200 22 20 34 
16200 23 26 27 
16200 24 40 41 45 48 
16200 25 21 32 
16200 26 23 45 
16200 27 23 28 43 47 
16200 28 20 27 
16200 29 17 36 
16200 30 
16200 31 18 
16200 32 25 36 
16200 33 16 19 43 49 
16200 34 22 46 
16200 35 38 
16200 36 29 32 41 
16200 37 6 40 44 
16200 38 35 39 
16200 39 19 38 
16200 40 24 37 
16200 41 24 36 
16200 42 
16200 43 27 33 
16200 44 37 46 
16200 45 24 26 
16200 46 17 21 34 44 47 48 
16200 47 27 46 
16200 48 24 46 
16200 49 33 
16200 50 84 
16200 51 64 66 
16200 52 74 80 
16200 53 62 63 
16200 54 74 86 
16200 55 80 82 
16200 56 69 85 
16200 57 75 87 
16200 58 70 76 
16200 59 66 84 
16200 60 72 
16200 61 64 80 
16200 62 53 88 
16200 63 53 
16200 64 51 61 
16200 65 
16200 66 51 59 
16200 67 84 
16200 68 2 76 
16200 69 56 70 
16200 70 58 69 
16200 71 81 83 
16200 72 60 84 
16200 73 7 84 
16200 74 52 54 
16200 75 57 87 
16200 76 58 68 78 
16200 77 7 88 
16200 78 76 79 
16200 79 78 80 
16200 80 52 55 61 79 
16200 81 71 85 
16200 82 55 85 
16200 83 71 88 
16200 84 50 59 67 72 73 86 
16200 85 56 81 82 
16200 86 54 84 
16200 87 57 75 
16200 88 62 77 83 
16200 89 121 
16200 90 111 115 
16200 91 108 115 
16200 92 8 179 
16200 93 115 121 
16200 94 104 117 
16200 95 99 120 
16200 96 106 195 
16200 97 114 199 
16200 98 99 105 
16200 99 95 98 
16200 100 
16200 101 
16200 102 118 120 
16200 103 
16200 104 94 108 
16200 105 98 
16200 106 96 113 114 
16200 107 116 173 192 196 
16200 108 91 104 113 
16200 109 110 
16200 110 109 119 
16200 111 90 112 
16200 112 111 119 
16200 113 106 108 
16200 114 97 106 
16200 115 9 90 91 93 
16200 116 107 191 
16200 117 94 118 196 
16200 118 102 117 
16200 119 110 112 
16200 120 95 102 
16200 121 89 93 
16200 122 153 154 
16200 123 144 156 
16200 124 157 166 
16200 125 135 140 
16200 126 127 157 
16200 127 126 164 
16200 128 161 167 
16200 129 139 154 
16200 130 146 170 
16200 131 152 
16200 132 134 170 
16200 133 
16200 134 132 141 160 
16200 135 125 141 162 
16200 136 138 146 
16200 137 167 169 
16200 138 136 168 
16200 139 129 143 151 159 
16200 140 125 149 
16200 141 134 135 
16200 142 155 167 
16200 143 139 168 
16200 144 123 167 
16200 145 158 164 
16200 146 130 136 
16200 147 158 159 
16200 148 
16200 149 140 
16200 150 151 155 
16200 151 139 150 
16200 152 131 163 
16200 153 0 122 
16200 154 122 129 160 
16200 155 142 150 166 
16200 156 123 162 
16200 157 124 126 
16200 158 145 147 
16200 159 139 147 
16200 160 134 154 
16200 161 128 
16200 162 135 156 
16200 163 152 170 
16200 164 127 145 
16200 165 
16200 166 124 155 
16200 167 128 137 142 144 
16200 168 138 143 171 
16200 169 137 
16200 170 130 132 163 
16200 171 168 
16200 172 181 187 
16200 173 107 198 
16200 174 178 182 
16200 175 200 205 
16200 176 190 192 
16200 177 183 197 
16200 178 174 206 
16200 179 92 194 
16200 180 199 200 
16200 181 172 203 
16200 182 174 197 
16200 183 177 206 
16200 184 5 
16200 185 202 
16200 186 15 191 
16200 187 172 203 
16200 188 193 206 
16200 189 199 202 
16200 190 176 199 
16200 191 116 186 207 
16200 192 107 176 
16200 193 188 
16200 194 179 195 
16200 195 96 194 
16200 196 107 117 
16200 197 177 182 
16200 198 173 200 
16200 199 97 180 189 190 
16200 200 175 180 198 204 205 
16200 201 
16200 202 14 185 189 
16200 203 181 187 
16200 204 200 207 
16200 205 175 200 
16200 206 178 183 188 
16200 207 191 204 
16200 208 
16200 209 0 2 4 5 
16200 210 0 1 3 4 
16200 211 0 1 2 3 
16200 212 0 5 
16200 213 0 2 4 5 
16200 214 0 1 3 
16200 215 0 2 5 
16200 216 0 3 4 
16200 217 0 1 5 
16200 218 0 2 3 4 
16200 219 0 4 
16200 220 0 5 
16200 221 0 3 
16200 222 0 1 
16200 223 0 1 2 
16200 224 0 3 
16200 225 0 5 
16200 226 0 4 
16200 227 0 1 3 5 
16200 228 0 2 
16200 229 0 2 4 
16200 230 0 1 3 5 
16200 231 0 5 
16200 232 0 2 3 
16200 233 0 1 4 
16200 234 0 3 4 5 
16200 235 0 1 2 
16200 236 0 5 
16200 237 0 1 2 4 
16200 238 0 3 
18000 0 1 2 3 4 5 209 210 211 212 213 214 215 216 217 218 219 220 221 222 223 224 225 226 227 228 229 230 231 232 233 234 235 236 237 238 
18000 1 0 2 3 4 5 6 22 41 210 211 214 217 222 223 227 230 233 235 237 
18000 2 0 1 3 4 5 7 209 211 213 215 218 223 228 229 232 235 237 
18000 3 0 1 2 4 5 8 9 10 89 210 211 214 216 218 221 224 227 230 232 234 238 
18000 4 0 1 2 3 5 11 12 209 210 213 216 218 219 226 229 233 234 237 
18000 5 0 1 2 3 4 13 14 15 209 212 213 215 217 220 225 227 230 231 234 236 
18000 6 1 44 47 
18000 7 2 73 
18000 8 3 9 10 195 
18000 9 3 8 10 119 
18000 10 3 8 9 104 112 
18000 11 4 12 
18000 12 4 11 128 157 
18000 13 5 14 15 
18000 14 5 13 15 
18000 15 5 13 14 204 
18000 16 39 42 
18000 17 28 39 
18000 18 39 
18000 19 
18000 20 21 43 
18000 21 20 34 
18000 22 1 42 
18000 23 29 40 
18000 24 39 49 
18000 25 30 33 
18000 26 40 45 
18000 27 29 35 
18000 28 17 46 
18000 29 23 27 
18000 30 25 
18000 31 35 48 
18000 32 40 49 
18000 33 25 45 
18000 34 21 42 
18000 35 27 31 
18000 36 37 42 
18000 37 36 44 
18000 38 
18000 39 16 17 18 24 
18000 40 23 26 32 43 
18000 41 1 
18000 42 16 22 34 36 
18000 43 20 40 
18000 44 6 37 
18000 45 26 33 47 
18000 46 28 48 
18000 47 6 45 
18000 48 31 46 
18000 49 24 32 
18000 50 
18000 51 75 77 
18000 52 59 85 
18000 53 66 67 
18000 54 
18000 55 78 
18000 56 78 81 
18000 57 79 88 
18000 58 61 76 
18000 59 52 62 
18000 60 72 
18000 61 58 83 
18000 62 59 73 
18000 63 65 
18000 64 67 88 
18000 65 63 67 
18000 66 53 83 
18000 67 53 64 65 
18000 68 82 
18000 69 86 
18000 70 
18000 71 85 87 
18000 72 60 75 
18000 73 7 62 
18000 74 76 80 
18000 75 51 72 
18000 76 58 74 
18000 77 51 79 
18000 78 55 56 
18000 79 57 77 
18000 80 74 82 84 
18000 81 56 86 
18000 82 68 80 
18000 83 61 66 
18000 84 80 86 
18000 85 52 71 
18000 86 69 81 84 
18000 87 71 
18000 88 57 64 
18000 89 3 112 
18000 90 100 105 172 
18000 91 96 102 
18000 92 117 
18000 93 117 179 
18000 94 107 195 
18000 95 96 99 
18000 96 91 95 115 118 120 
18000 97 117 198 
18000 98 
18000 99 95 119 
18000 100 90 
18000 101 
18000 102 91 108 
18000 103 106 113 
18000 104 10 108 
18000 105 90 
18000 106 103 
18000 107 94 176 192 
18000 108 102 104 
18000 109 
18000 110 121 
18000 111 114 121 
18000 112 10 89 
18000 113 103 
18000 114 111 173 
18000 115 96 120 
18000 116 118 199 
18000 117 92 93 97 
18000 118 96 116 
18000 119 9 99 191 
18000 120 96 115 
18000 121 110 111 
18000 122 126 135 
18000 123 124 141 
18000 124 123 132 136 150 167 
18000 125 129 133 142 145 
18000 126 122 130 132 136 146 
18000 127 138 168 
18000 128 12 160 
18000 129 125 141 
18000 130 126 141 
18000 131 160 
18000 132 124 126 
18000 133 125 
18000 134 160 170 
18000 135 122 160 
18000 136 124 126 
18000 137 138 170 
18000 138 127 137 164 
18000 139 152 171 
18000 140 159 163 
18000 141 123 129 130 163 
18000 142 125 167 
18000 143 154 162 
18000 144 158 166 
18000 145 125 149 
18000 146 126 149 
18000 147 152 161 
18000 148 
18000 149 145 146 157 
18000 150 124 165 
18000 151 155 169 
18000 152 139 147 
18000 153 
18000 154 143 156 
18000 155 151 166 
18000 156 154 162 
18000 157 12 149 
18000 158 144 168 
18000 159 140 164 
18000 160 128 131 134 135 
18000 161 147 
18000 162 143 156 
18000 163 140 141 
18000 164 138 159 
18000 165 150 
18000 166 144 155 
18000 167 124 142 
18000 168 127 158 
18000 169 151 171 
18000 170 134 137 
18000 171 139 169 
18000 172 90 200 
18000 173 114 196 
18000 174 178 181 
18000 175 190 208 
18000 176 107 197 
18000 177 187 202 
18000 178 174 199 
18000 179 93 182 
18000 180 189 205 
18000 181 174 200 
18000 182 179 198 
18000 183 202 205 
18000 184 189 204 
18000 185 192 205 
18000 186 187 196 
18000 187 177 186 
18000 188 
18000 189 180 184 208 
18000 190 175 196 
18000 191 119 
18000 192 107 185 
18000 193 
18000 194 
18000 195 8 94 
18000 196 173 186 190 
18000 197 176 206 
18000 198 97 182 
18000 199 116 178 206 
18000 200 172 181 
18000 201 
18000 202 177 183 
18000 203 
18000 204 15 184 
18000 205 180 183 185 
18000 206 197 199 
18000 207 
18000 208 175 189 
18000 209 0 2 4 5 
18000 210 0 1 3 4 
18000 211 0 1 2 3 
18000 212 0 5 
18000 213 0 2 4 5 
18000 214 0 1 3 
18000 215 0 2 5 
18000 216 0 3 4 
18000 217 0 1 5 
18000 218 0 2 3 4 
18000 219 0 4 
18000 220 0 5 
18000 221 0 3 
18000 222 0 1 
18000 223 0 1 2 
18000 224 0 3 
18000 225 0 5 
18000 226 0 4 
18000 227 0 1 3 5 
18000 228 0 2 
18000 229 0 2 4 
18000 230 0 1 3 5 
18000 231 0 5 
18000 232 0 2 3 
18000 233 0 1 4 
18000 234 0 3 4 5 
18000 235 0 1 2 
18000 236 0 5 
18000 237 0 1 2 4 
18000 238 0 3 
