0 21600
1800 0 3 227 228 229 230 231 232 233 234 235 236 237 238 239 240 241 242 243 244 245 246 247 248 249 250 251 252 253 254 255 256 
1800 1 33 40 42 47 
1800 2 72 88 89 92 
1800 3 0 116 119 138 227 229 231 232 233 234 235 237 239 240 242 244 246 247 248 249 251 252 253 254 255 256 
1800 4 154 158 159 172 
1800 5 196 197 204 214 
1800 6 31 48 
1800 7 23 30 31 52 
1800 8 82 
1800 9 12 72 91 96 
1800 10 62 74 75 84 101 
1800 11 64 82 87 97 
1800 12 9 59 67 82 86 92 
1800 13 137 
1800 14 111 116 132 141 
1800 15 150 152 156 162 165 167 168 
1800 16 149 150 153 176 
1800 17 182 183 213 222 
1800 18 194 195 203 212 
1800 19 24 35 36 41 51 
1800 20 21 48 51 55 
1800 21 20 28 41 47 
1800 22 
1800 23 7 26 38 45 51 
1800 24 19 50 
1800 25 30 42 44 
1800 26 23 
1800 27 49 
1800 28 21 41 
1800 29 40 
1800 30 7 25 44 49 
1800 31 6 7 44 
1800 32 50 
1800 33 1 42 
1800 34 
1800 35 19 
1800 36 19 43 48 50 
1800 37 40 42 
1800 38 23 
1800 39 
1800 40 1 29 37 45 53 56 
1800 41 19 21 28 
1800 42 1 25 33 37 53 
1800 43 36 
1800 44 25 30 31 48 
1800 45 23 40 55 
1800 46 48 50 52 
1800 47 1 21 
1800 48 6 20 36 44 46 
1800 49 27 30 50 
1800 50 24 32 36 46 49 52 
1800 51 19 20 23 54 
1800 52 7 46 50 
1800 53 40 42 54 55 
1800 54 51 53 
1800 55 20 45 53 
1800 56 40 
1800 57 
1800 58 74 
1800 59 12 63 72 91 
1800 60 90 
1800 61 86 95 
1800 62 10 90 
1800 63 59 68 76 97 98 
1800 64 11 67 71 82 83 89 
1800 65 84 
1800 66 
1800 67 12 64 76 78 
1800 68 63 
1800 69 
1800 70 78 87 88 99 
1800 71 64 84 
1800 72 2 9 59 83 84 87 
1800 73 
1800 74 10 58 97 101 
1800 75 10 
1800 76 63 67 87 91 
1800 77 94 
1800 78 67 70 94 
1800 79 
1800 80 
1800 81 
1800 82 8 11 12 64 
1800 83 64 72 91 
1800 84 10 65 71 72 
1800 85 
1800 86 12 61 94 
1800 87 11 70 72 76 
1800 88 2 70 91 92 
1800 89 2 64 
1800 90 60 62 
1800 91 9 59 76 83 88 
1800 92 2 12 88 
1800 93 
1800 94 77 78 86 96 
1800 95 61 96 
1800 96 9 94 95 
1800 97 11 63 74 
1800 98 63 
1800 99 70 
1800 100 
1800 101 10 74 
1800 102 103 114 122 127 133 
1800 103 102 109 114 122 
1800 104 120 126 130 139 
1800 105 111 115 133 136 
1800 106 131 
1800 107 113 114 117 119 
1800 108 112 120 141 
1800 109 103 123 
1800 110 
1800 111 14 105 127 128 132 143 
1800 112 108 126 132 
1800 113 107 116 131 142 
1800 114 102 103 107 
1800 115 105 136 137 144 
1800 116 3 14 113 117 
1800 117 107 116 127 139 145 146 
1800 118 
1800 119 3 107 121 124 
1800 120 104 108 135 142 
1800 121 119 123 135 137 
1800 122 102 103 145 
1800 123 109 121 
1800 124 119 128 133 135 
1800 125 
1800 126 104 112 129 143 144 
1800 127 102 111 117 141 
1800 128 111 124 131 135 
1800 129 126 130 
1800 130 104 129 138 144 
1800 131 106 113 128 
1800 132 14 111 112 136 
1800 133 102 105 124 144 
1800 134 139 142 
1800 135 120 121 124 128 
1800 136 105 115 132 
1800 137 13 115 121 138 
1800 138 3 130 137 146 
1800 139 104 117 134 141 
1800 140 145 
1800 141 14 108 127 139 145 
1800 142 113 120 134 143 
1800 143 111 126 142 146 
1800 144 115 126 130 133 
1800 145 117 122 140 141 
1800 146 117 138 143 
1800 147 170 
1800 148 
1800 149 16 163 168 
1800 150 15 16 162 172 
1800 151 168 174 
1800 152 15 159 
1800 153 16 161 163 169 176 
1800 154 4 159 
1800 155 165 166 172 
1800 156 15 
1800 157 166 175 176 
1800 158 4 
1800 159 4 152 154 166 169 
1800 160 172 175 
1800 161 153 163 164 165 
1800 162 15 150 164 
1800 163 149 153 161 
1800 164 161 162 
1800 165 15 155 161 175 
1800 166 155 157 159 175 
1800 167 15 172 
1800 168 15 149 151 
1800 169 153 159 
1800 170 147 
1800 171 
1800 172 4 150 155 160 167 
1800 173 
1800 174 151 176 
1800 175 157 160 165 166 
1800 176 16 153 157 174 
1800 177 195 215 216 219 
1800 178 179 196 197 223 
1800 179 178 196 209 221 
1800 180 192 194 199 214 
1800 181 189 203 
1800 182 17 184 200 202 
1800 183 17 198 215 218 
1800 184 182 215 222 224 
1800 185 190 220 223 226 
1800 186 187 197 208 209 
1800 187 186 192 210 225 
1800 188 204 217 219 223 
1800 189 181 198 211 214 
1800 190 185 193 203 215 
1800 191 195 211 218 225 
1800 192 180 187 210 225 
1800 193 190 198 211 222 
1800 194 18 180 207 212 
1800 195 18 177 191 217 
1800 196 5 178 179 212 
1800 197 5 178 186 201 
1800 198 183 189 193 226 
1800 199 180 201 204 206 209 
1800 200 182 211 212 221 
1800 201 197 199 207 211 
1800 202 182 206 216 226 
1800 203 18 181 190 218 
1800 204 5 188 199 207 
1800 205 
1800 206 199 202 210 219 
1800 207 194 201 204 223 
1800 208 186 215 223 224 
1800 209 179 186 199 221 
1800 210 187 192 206 220 
1800 211 189 191 193 200 201 
1800 212 18 194 196 200 216 
1800 213 17 222 224 
1800 214 5 180 189 217 
1800 215 177 183 184 190 208 
1800 216 177 202 212 
1800 217 188 195 214 223 
1800 218 183 191 203 220 
1800 219 177 188 206 225 
1800 220 185 210 218 224 226 
1800 221 179 200 209 223 
1800 222 17 184 193 213 
1800 223 178 185 188 207 208 217 221 
1800 224 184 208 213 220 
1800 225 187 191 192 219 
1800 226 185 198 202 220 
1800 227 0 3 
1800 228 0 
1800 229 0 3 
1800 230 0 
1800 231 0 3 
1800 232 0 3 
1800 233 0 3 
1800 234 0 3 
1800 235 0 3 
1800 236 0 
1800 237 0 3 
1800 238 0 
1800 239 0 3 
1800 240 0 3 
1800 241 0 
1800 242 0 3 
1800 243 0 
1800 244 0 3 
1800 245 0 
1800 246 0 3 
1800 247 0 3 
1800 248 0 3 
1800 249 0 3 
1800 250 0 
1800 251 0 3 
1800 252 0 3 
1800 253 0 3 
1800 254 0 3 
1800 255 0 3 
1800 256 0 3 
3600 0 
3600 1 25 27 45 51 
3600 2 59 68 75 
3600 3 107 115 133 141 
3600 4 16 152 166 168 
3600 5 191 217 218 225 
3600 6 25 42 46 47 54 
3600 7 42 
3600 8 62 67 91 98 
3600 9 68 78 82 97 98 
3600 10 64 
3600 11 63 
3600 12 59 68 83 91 99 
3600 13 104 122 133 138 
3600 14 107 120 124 131 
3600 15 162 166 172 176 
3600 16 4 163 169 171 
3600 17 206 210 217 218 
3600 18 182 203 220 221 
3600 19 40 50 52 55 
3600 20 49 
3600 21 24 
3600 22 
3600 23 32 48 52 56 
3600 24 21 
3600 25 1 6 52 
3600 26 28 47 48 51 
3600 27 1 29 30 45 
3600 28 26 36 
3600 29 27 41 
3600 30 27 31 50 51 
3600 31 30 55 
3600 32 23 36 44 52 
3600 33 42 46 52 
3600 34 44 
3600 35 
3600 36 28 32 52 
3600 37 45 
3600 38 
3600 39 51 
3600 40 19 49 51 52 
3600 41 29 
3600 42 6 7 33 55 
3600 43 
3600 44 32 34 48 52 
3600 45 1 27 37 55 
3600 46 6 33 51 54 
3600 47 6 26 53 54 
3600 48 23 26 44 49 53 
3600 49 20 40 48 
3600 50 19 30 
3600 51 1 26 30 39 40 46 
3600 52 19 23 25 32 33 36 40 44 
3600 53 47 48 
3600 54 6 46 47 
3600 55 19 31 42 45 
3600 56 23 
3600 57 58 71 
3600 58 57 
3600 59 2 12 89 101 
3600 60 71 
3600 61 62 
3600 62 8 61 74 101 
3600 63 11 77 81 93 
3600 64 10 72 85 92 101 
3600 65 67 75 84 
3600 66 
3600 67 8 65 74 96 
3600 68 2 9 12 95 
3600 69 
3600 70 93 
3600 71 57 60 74 
3600 72 64 
3600 73 79 81 
3600 74 62 67 71 81 
3600 75 2 65 82 90 
3600 76 99 
3600 77 63 
3600 78 9 
3600 79 73 99 
3600 80 
3600 81 63 73 74 91 97 
3600 82 9 75 
3600 83 12 
3600 84 65 
3600 85 64 90 
3600 86 
3600 87 
3600 88 
3600 89 59 90 91 101 
3600 90 75 85 89 
3600 91 8 12 81 89 
3600 92 64 
3600 93 63 70 
3600 94 
3600 95 68 96 
3600 96 67 95 
3600 97 9 81 
3600 98 8 9 
3600 99 12 76 79 
3600 100 
3600 101 59 62 64 89 
3600 102 105 116 126 130 
3600 103 
3600 104 13 111 129 136 145 
3600 105 102 108 123 128 
3600 106 
3600 107 3 14 111 119 127 
3600 108 105 112 125 127 131 136 144 
3600 109 
3600 110 128 
3600 111 104 107 113 116 
3600 112 108 
3600 113 111 123 126 138 
3600 114 
3600 115 3 144 
3600 116 102 111 130 134 
3600 117 132 138 139 142 
3600 118 
3600 119 107 120 121 
3600 120 14 119 122 123 
3600 121 119 124 129 136 144 
3600 122 13 120 
3600 123 105 113 120 142 145 
3600 124 14 121 130 
3600 125 108 
3600 126 102 113 131 135 144 
3600 127 107 108 133 141 
3600 128 105 110 
3600 129 104 121 130 137 
3600 130 102 116 124 129 
3600 131 14 108 126 134 
3600 132 117 133 137 143 
3600 133 3 13 127 132 
3600 134 116 131 145 146 
3600 135 126 137 
3600 136 104 108 121 143 
3600 137 129 132 135 142 
3600 138 13 113 117 143 
3600 139 117 143 145 
3600 140 
3600 141 3 127 142 
3600 142 117 123 137 141 
3600 143 132 136 138 139 
3600 144 108 115 121 126 
3600 145 104 123 134 139 
3600 146 134 
3600 147 164 168 
3600 148 
3600 149 159 162 168 171 
3600 150 155 157 161 162 
3600 151 174 
3600 152 4 156 
3600 153 154 157 159 162 
3600 154 153 156 161 166 
3600 155 150 163 165 174 
3600 156 152 154 157 175 
3600 157 150 153 156 172 
3600 158 
3600 159 149 153 161 175 
3600 160 162 163 169 175 
3600 161 150 154 159 174 
3600 162 15 149 150 153 160 165 
3600 163 16 155 160 
3600 164 147 165 170 
3600 165 155 162 164 
3600 166 4 15 154 174 
3600 167 172 
3600 168 4 147 149 175 
3600 169 16 160 
3600 170 164 
3600 171 16 149 176 
3600 172 15 157 167 
3600 173 
3600 174 151 155 161 166 
3600 175 156 159 160 168 
3600 176 15 171 
3600 177 211 216 218 221 
3600 178 185 203 221 222 
3600 179 183 198 223 
3600 180 189 190 208 226 
3600 181 203 
3600 182 18 193 194 195 
3600 183 179 197 213 222 
3600 184 206 214 216 219 
3600 185 178 220 
3600 186 196 207 214 222 
3600 187 192 200 203 207 
3600 188 189 208 216 219 
3600 189 180 188 192 212 
3600 190 180 195 210 225 
3600 191 5 203 209 210 
3600 192 187 189 202 215 217 220 
3600 193 182 196 205 
3600 194 182 219 
3600 195 182 190 202 213 
3600 196 186 193 219 226 
3600 197 183 201 202 204 
3600 198 179 204 209 216 
3600 199 206 220 223 224 
3600 200 187 208 209 212 
3600 201 197 210 213 226 
3600 202 192 195 197 212 
3600 203 18 178 181 187 191 215 223 
3600 204 197 198 205 212 
3600 205 193 204 
3600 206 17 184 199 
3600 207 186 187 211 214 
3600 208 180 188 200 215 
3600 209 191 198 200 211 
3600 210 17 190 191 201 224 
3600 211 177 207 209 225 
3600 212 189 200 202 204 
3600 213 183 195 201 215 224 
3600 214 184 186 207 225 
3600 215 192 203 208 213 
3600 216 177 184 188 198 226 
3600 217 5 17 192 222 
3600 218 5 17 177 
3600 219 184 188 194 196 
3600 220 18 185 192 199 
3600 221 18 177 178 224 
3600 222 178 183 186 217 223 
3600 223 179 199 203 222 
3600 224 199 210 213 221 
3600 225 5 190 211 214 
3600 226 180 196 201 216 
5400 0 
5400 1 7 26 46 50 
5400 2 68 89 96 98 
5400 3 107 123 138 139 
5400 4 151 152 162 
5400 5 186 194 218 222 
5400 6 27 37 40 53 
5400 7 1 20 28 31 
5400 8 62 74 86 92 99 
5400 9 10 75 94 
5400 10 9 59 76 78 
5400 11 62 63 71 82 
5400 12 76 78 86 91 
5400 13 105 129 138 144 
5400 14 107 115 121 135 
5400 15 150 164 175 
5400 16 166 
5400 17 183 192 213 215 
5400 18 192 206 209 225 
5400 19 38 55 
5400 20 7 44 47 
5400 21 24 26 44 45 
5400 22 
5400 23 41 49 
5400 24 21 
5400 25 46 49 
5400 26 1 21 53 
5400 27 6 36 43 48 
5400 28 7 40 41 55 
5400 29 
5400 30 33 42 50 52 
5400 31 7 50 56 
5400 32 55 
5400 33 30 
5400 34 44 
5400 35 36 44 45 55 
5400 36 27 35 43 51 
5400 37 6 
5400 38 19 
5400 39 
5400 40 6 28 44 
5400 41 23 28 51 54 
5400 42 30 45 49 54 
5400 43 27 36 
5400 44 20 21 34 35 40 
5400 45 21 35 42 48 49 
5400 46 1 25 47 51 
5400 47 20 46 
5400 48 27 45 51 55 
5400 49 23 25 42 45 
5400 50 1 30 31 53 
5400 51 36 41 46 48 
5400 52 30 54 
5400 53 6 26 50 55 
5400 54 41 42 52 55 
5400 55 19 28 32 35 48 53 54 
5400 56 31 
5400 57 62 
5400 58 
5400 59 10 70 81 
5400 60 80 
5400 61 63 64 79 91 
5400 62 8 11 57 70 
5400 63 11 61 64 70 
5400 64 61 63 76 101 
5400 65 75 82 84 96 
5400 66 
5400 67 75 88 90 92 
5400 68 2 86 98 99 
5400 69 
5400 70 59 62 63 87 94 95 
5400 71 11 76 83 90 
5400 72 
5400 73 
5400 74 8 78 81 
5400 75 9 65 67 82 
5400 76 10 12 64 71 85 
5400 77 79 95 
5400 78 10 12 74 87 
5400 79 61 77 94 
5400 80 60 
5400 81 59 74 98 
5400 82 11 65 75 83 88 90 
5400 83 71 82 90 
5400 84 65 92 
5400 85 76 89 
5400 86 8 12 68 
5400 87 70 78 95 96 
5400 88 67 82 89 
5400 89 2 85 88 92 
5400 90 67 71 82 83 
5400 91 12 61 96 97 
5400 92 8 67 84 89 
5400 93 94 
5400 94 9 70 79 93 
5400 95 70 77 87 101 
5400 96 2 65 87 91 
5400 97 91 
5400 98 2 68 81 99 
5400 99 8 68 98 
5400 100 
5400 101 64 95 
5400 102 105 126 130 135 
5400 103 
5400 104 111 131 
5400 105 13 102 127 
5400 106 109 114 
5400 107 3 14 136 143 
5400 108 
5400 109 106 138 
5400 110 
5400 111 104 126 127 130 
5400 112 125 145 
5400 113 117 131 142 
5400 114 106 118 137 
5400 115 14 117 127 133 141 
5400 116 127 129 
5400 117 113 115 139 
5400 118 114 
5400 119 
5400 120 122 126 131 135 
5400 121 14 133 143 
5400 122 120 137 140 
5400 123 3 137 
5400 124 128 
5400 125 112 
5400 126 102 111 120 139 142 
5400 127 105 111 115 116 
5400 128 124 144 
5400 129 13 116 138 
5400 130 102 111 
5400 131 104 113 120 145 
5400 132 135 137 
5400 133 115 121 
5400 134 136 
5400 135 14 102 120 132 
5400 136 107 134 141 146 
5400 137 114 122 123 132 144 
5400 138 3 13 109 129 
5400 139 3 117 126 142 
5400 140 122 145 
5400 141 115 136 146 
5400 142 113 126 139 143 
5400 143 107 121 142 145 
5400 144 13 128 137 
5400 145 112 131 140 143 
5400 146 136 141 
5400 147 161 
5400 148 164 
5400 149 154 157 163 172 
5400 150 15 153 161 164 
5400 151 4 168 
5400 152 4 159 
5400 153 150 174 
5400 154 149 166 
5400 155 158 161 
5400 156 158 159 167 
5400 157 149 171 175 
5400 158 155 156 176 
5400 159 152 156 165 176 
5400 160 
5400 161 147 150 155 170 
5400 162 4 
5400 163 149 171 176 
5400 164 15 148 150 
5400 165 159 175 
5400 166 16 154 172 175 
5400 167 156 
5400 168 151 176 
5400 169 
5400 170 161 
5400 171 157 163 174 176 
5400 172 149 166 174 
5400 173 
5400 174 153 171 172 
5400 175 15 157 165 166 
5400 176 158 159 163 168 171 
5400 177 183 196 201 225 
5400 178 182 197 201 202 
5400 179 198 215 225 226 
5400 180 197 221 222 226 
5400 181 184 218 
5400 182 178 186 197 198 
5400 183 17 177 201 204 
5400 184 181 198 199 201 
5400 185 189 192 197 224 
5400 186 5 182 191 193 205 213 216 
5400 187 197 200 203 222 
5400 188 194 210 220 221 
5400 189 185 190 203 223 
5400 190 189 216 225 226 
5400 191 186 197 202 218 
5400 192 17 18 185 209 
5400 193 186 200 205 220 
5400 194 5 188 204 209 
5400 195 205 207 208 211 
5400 196 177 217 219 225 
5400 197 178 180 182 185 187 191 
5400 198 179 182 184 207 
5400 199 184 210 219 224 
5400 200 187 193 201 224 
5400 201 177 178 183 184 200 
5400 202 178 191 205 211 
5400 203 187 189 210 212 
5400 204 183 194 206 216 
5400 205 186 193 195 202 
5400 206 18 204 210 224 
5400 207 195 198 208 214 
5400 208 195 207 215 219 
5400 209 18 192 194 212 
5400 210 188 199 203 206 
5400 211 195 202 214 217 
5400 212 203 209 213 219 
5400 213 17 186 212 224 
5400 214 207 211 217 220 
5400 215 17 179 208 
5400 216 186 190 204 224 
5400 217 196 211 214 225 
5400 218 5 181 191 226 
5400 219 196 199 208 212 221 
5400 220 188 193 214 
5400 221 180 188 219 
5400 222 5 180 187 224 
5400 223 189 226 
5400 224 185 199 200 206 213 216 222 
5400 225 18 177 179 190 196 217 
5400 226 179 180 190 218 223 
7200 0 
7200 1 2 4 21 31 228 229 231 233 234 235 236 238 239 241 242 244 245 247 248 250 252 253 254 256 
7200 2 1 71 78 86 227 230 231 232 234 235 236 238 241 243 245 247 248 250 252 253 254 255 
7200 3 120 133 138 
7200 4 1 163 166 228 229 231 233 234 235 237 239 241 242 243 245 247 248 249 251 252 254 255 256 
7200 5 194 199 209 216 
7200 6 20 27 36 45 
7200 7 20 25 26 30 
7200 8 85 92 96 
7200 9 76 
7200 10 74 83 88 97 
7200 11 78 83 88 96 
7200 12 63 74 82 89 
7200 13 104 138 
7200 14 111 126 131 133 
7200 15 152 
7200 16 152 165 169 
7200 17 194 212 220 221 
7200 18 201 203 210 214 
7200 19 23 26 38 40 56 
7200 20 6 7 45 49 
7200 21 1 41 55 
7200 22 
7200 23 19 47 
7200 24 27 50 54 
7200 25 7 52 53 
7200 26 7 19 50 52 
7200 27 6 24 49 54 
7200 28 51 
7200 29 
7200 30 7 33 41 50 
7200 31 1 32 40 42 46 
7200 32 31 36 46 54 
7200 33 30 47 
7200 34 42 
7200 35 
7200 36 6 32 40 47 
7200 37 49 50 
7200 38 19 
7200 39 41 
7200 40 19 31 36 
7200 41 21 30 39 47 
7200 42 31 34 47 51 
7200 43 
7200 44 47 50 51 52 
7200 45 6 20 46 53 
7200 46 31 32 45 
7200 47 23 33 36 41 42 44 48 
7200 48 47 
7200 49 20 27 37 51 
7200 50 24 26 30 37 44 
7200 51 28 42 44 49 53 
7200 52 25 26 44 53 55 
7200 53 25 45 51 52 
7200 54 24 27 32 
7200 55 21 52 
7200 56 19 
7200 57 
7200 58 71 
7200 59 77 86 93 98 99 
7200 60 71 
7200 61 94 
7200 62 82 101 
7200 63 12 79 95 96 
7200 64 82 87 89 
7200 65 71 86 92 99 
7200 66 
7200 67 96 
7200 68 72 83 
7200 69 
7200 70 72 78 95 
7200 71 2 58 60 65 72 
7200 72 68 70 71 85 
7200 73 81 
7200 74 10 12 87 
7200 75 
7200 76 9 90 91 98 101 
7200 77 59 
7200 78 2 11 70 
7200 79 63 
7200 80 
7200 81 73 
7200 82 12 62 64 92 
7200 83 10 11 68 92 
7200 84 88 92 97 
7200 85 8 72 
7200 86 2 59 65 93 
7200 87 64 74 89 91 
7200 88 10 11 84 
7200 89 12 64 87 92 
7200 90 76 
7200 91 76 87 
7200 92 8 65 82 83 84 89 98 
7200 93 59 86 
7200 94 61 
7200 95 63 70 96 99 
7200 96 8 11 63 67 95 101 
7200 97 10 84 
7200 98 59 76 92 
7200 99 59 65 95 
7200 100 
7200 101 62 76 96 
7200 102 111 117 127 137 
7200 103 106 
7200 104 13 129 
7200 105 121 126 128 141 
7200 106 103 
7200 107 109 115 124 136 
7200 108 115 126 130 139 144 
7200 109 107 119 132 
7200 110 118 
7200 111 14 102 122 123 141 
7200 112 127 138 
7200 113 116 120 144 
7200 114 130 
7200 115 107 108 117 144 
7200 116 113 125 135 
7200 117 102 115 129 135 
7200 118 110 
7200 119 109 121 124 143 
7200 120 3 113 132 136 139 146 
7200 121 105 119 123 141 145 
7200 122 111 131 138 143 
7200 123 111 121 135 
7200 124 107 119 129 130 131 135 143 
7200 125 116 139 141 
7200 126 14 105 108 133 
7200 127 102 112 133 
7200 128 105 129 
7200 129 104 117 124 128 
7200 130 108 114 124 136 
7200 131 14 122 124 
7200 132 109 120 136 
7200 133 3 14 126 127 137 
7200 134 140 142 
7200 135 116 117 123 124 
7200 136 107 120 130 132 
7200 137 102 133 
7200 138 3 13 112 122 145 
7200 139 108 120 125 
7200 140 134 142 
7200 141 105 111 121 125 
7200 142 134 140 
7200 143 119 122 124 
7200 144 108 113 115 
7200 145 121 138 146 
7200 146 120 145 
7200 147 161 
7200 148 
7200 149 175 
7200 150 151 155 158 172 
7200 151 150 
7200 152 15 16 153 
7200 153 152 174 176 
7200 154 174 
7200 155 150 158 175 176 
7200 156 161 169 172 174 
7200 157 165 171 174 
7200 158 150 155 172 
7200 159 162 
7200 160 
7200 161 147 156 162 171 
7200 162 159 161 163 165 167 168 
7200 163 4 162 166 
7200 164 
7200 165 16 157 162 
7200 166 4 163 167 175 
7200 167 162 166 168 174 
7200 168 162 167 170 
7200 169 16 156 172 
7200 170 168 
7200 171 157 161 
7200 172 150 156 158 169 
7200 173 
7200 174 153 154 156 157 167 176 
7200 175 149 155 166 
7200 176 153 155 174 
7200 177 201 202 218 221 
7200 178 185 206 210 223 
7200 179 182 191 199 212 
7200 180 189 190 211 224 
7200 181 215 223 
7200 182 179 195 207 210 
7200 183 192 202 205 219 
7200 184 208 212 213 223 
7200 185 178 190 202 208 
7200 186 191 196 197 214 
7200 187 190 202 220 226 
7200 188 199 200 213 214 
7200 189 180 198 218 222 
7200 190 180 185 187 209 
7200 191 179 186 200 202 
7200 192 183 202 211 222 
7200 193 215 217 224 225 
7200 194 5 17 208 216 
7200 195 182 201 216 220 
7200 196 186 208 225 226 
7200 197 186 218 222 223 
7200 198 189 201 204 209 
7200 199 5 179 188 201 
7200 200 188 191 205 219 
7200 201 18 177 195 198 199 
7200 202 177 183 185 187 191 192 
7200 203 18 210 226 
7200 204 198 205 223 224 
7200 205 183 200 204 206 
7200 206 178 205 211 217 
7200 207 182 
7200 208 184 185 194 196 
7200 209 5 190 198 224 
7200 210 18 178 182 203 
7200 211 180 192 206 213 
7200 212 17 179 184 219 
7200 213 184 188 211 215 
7200 214 18 186 188 225 
7200 215 181 193 213 223 
7200 216 5 194 195 
7200 217 193 206 218 221 
7200 218 177 189 197 217 
7200 219 183 200 212 225 
7200 220 17 187 195 226 
7200 221 17 177 217 222 
7200 222 189 192 197 221 
7200 223 178 181 184 197 204 215 
7200 224 180 193 204 209 
7200 225 193 196 214 219 
7200 226 187 196 203 220 
7200 227 2 
7200 228 1 4 
7200 229 1 4 
7200 230 2 
7200 231 1 2 4 
7200 232 2 
7200 233 1 4 
7200 234 1 2 4 
7200 235 1 2 4 
7200 236 1 2 
7200 237 4 
7200 238 1 2 
7200 239 1 4 
7200 241 1 2 4 
7200 242 1 4 
7200 243 2 4 
7200 244 1 
7200 245 1 2 4 
7200 247 1 2 4 
7200 248 1 2 4 
7200 249 4 
7200 250 1 2 
7200 251 4 
7200 252 1 2 4 
7200 253 1 2 
7200 254 1 2 4 
7200 255 2 4 
7200 256 1 4 
9000 0 
9000 1 4 44 50 228 229 231 233 234 235 236 238 239 241 242 244 245 247 248 250 252 253 254 256 
9000 2 3 9 88 101 227 230 231 232 234 235 236 238 241 243 245 247 248 250 252 253 254 255 
9000 3 2 5 13 102 227 229 231 232 233 234 235 237 239 240 242 244 246 247 248 249 251 252 253 254 255 256 
9000 4 1 15 150 152 155 228 229 231 233 234 235 237 239 241 242 243 245 247 248 249 251 252 254 255 256 
9000 5 3 201 211 225 229 230 231 232 234 235 237 238 240 242 243 245 246 248 249 251 252 253 255 256 
9000 6 20 28 49 55 
9000 7 46 
9000 8 9 64 82 96 
9000 9 2 8 82 
9000 10 61 62 71 88 
9000 11 67 71 83 
9000 12 70 78 85 98 
9000 13 3 120 121 122 
9000 14 121 132 142 145 
9000 15 4 169 176 
9000 16 
9000 17 179 193 204 206 
9000 18 183 220 223 225 
9000 19 26 52 
9000 20 6 41 55 
9000 21 37 41 44 
9000 22 
9000 23 32 38 40 56 
9000 24 40 
9000 25 46 56 
9000 26 19 47 50 53 
9000 27 53 
9000 28 6 50 51 
9000 29 
9000 30 37 
9000 31 42 47 54 56 
9000 32 23 54 
9000 33 44 
9000 34 44 45 
9000 35 56 
9000 36 50 
9000 37 21 30 42 50 
9000 38 23 
9000 39 53 55 
9000 40 23 24 45 46 49 51 
9000 41 20 21 48 
9000 42 31 37 47 48 
9000 43 
9000 44 1 21 33 34 
9000 45 34 40 48 
9000 46 7 25 40 53 
9000 47 26 31 42 
9000 48 41 42 45 54 
9000 49 6 40 54 55 
9000 50 1 26 28 36 37 
9000 51 28 40 
9000 52 19 
9000 53 26 27 39 46 
9000 54 31 32 48 49 
9000 55 6 20 39 49 
9000 56 23 25 31 35 
9000 57 
9000 58 90 
9000 59 78 81 95 98 
9000 60 
9000 61 10 81 84 96 
9000 62 10 89 90 101 
9000 63 81 91 93 101 
9000 64 8 70 74 75 
9000 65 79 82 94 
9000 66 
9000 67 11 68 75 84 
9000 68 67 74 76 78 
9000 69 
9000 70 12 64 93 98 
9000 71 10 11 90 91 
9000 72 76 86 88 99 
9000 73 
9000 74 64 68 89 99 
9000 75 64 67 82 
9000 76 68 72 86 89 
9000 77 79 94 
9000 78 12 59 68 92 96 
9000 79 65 77 99 
9000 80 
9000 81 59 61 63 87 97 
9000 82 8 9 65 75 
9000 83 11 90 92 
9000 84 61 67 86 97 
9000 85 12 
9000 86 72 76 84 100 
9000 87 81 96 
9000 88 2 10 72 92 
9000 89 62 74 76 91 
9000 90 58 62 71 83 
9000 91 63 71 89 99 
9000 92 78 83 88 99 
9000 93 63 70 
9000 94 65 77 
9000 95 59 101 
9000 96 8 61 78 87 
9000 97 81 84 
9000 98 12 59 70 99 
9000 99 72 74 79 91 92 98 
9000 100 86 
9000 101 2 62 63 95 
9000 102 3 131 
9000 103 106 110 122 
9000 104 105 120 135 136 
9000 105 104 113 127 135 
9000 106 103 113 115 141 
9000 107 109 116 119 
9000 108 113 115 116 126 130 132 136 
9000 109 107 120 140 
9000 110 103 
9000 111 114 120 138 
9000 112 138 144 
9000 113 105 106 108 143 
9000 114 111 122 137 
9000 115 106 108 117 144 
9000 116 107 108 132 
9000 117 115 
9000 118 128 
9000 119 107 120 129 143 
9000 120 13 104 109 111 119 146 
9000 121 13 14 122 144 
9000 122 13 103 114 121 123 143 
9000 123 122 
9000 124 128 138 
9000 125 136 
9000 126 108 131 137 142 
9000 127 105 129 132 
9000 128 118 124 130 
9000 129 119 127 133 144 
9000 130 108 128 131 133 
9000 131 102 126 130 
9000 132 14 108 116 127 
9000 133 129 130 
9000 134 
9000 135 104 105 137 145 
9000 136 104 108 125 
9000 137 114 126 135 145 
9000 138 111 112 124 143 
9000 139 
9000 140 109 
9000 141 106 
9000 142 14 126 146 
9000 143 113 119 122 138 
9000 144 112 115 121 129 
9000 145 14 135 137 
9000 146 120 142 
9000 147 148 
9000 148 147 
9000 149 154 156 168 172 174 
9000 150 4 162 168 171 
9000 151 161 164 166 
9000 152 4 168 
9000 153 159 
9000 154 149 166 
9000 155 4 157 158 
9000 156 149 157 167 169 
9000 157 155 156 161 163 
9000 158 155 
9000 159 153 169 
9000 160 163 
9000 161 151 157 169 
9000 162 150 176 
9000 163 157 160 
9000 164 151 172 
9000 165 175 
9000 166 151 154 175 
9000 167 156 171 
9000 168 149 150 152 172 
9000 169 15 156 159 161 
9000 170 
9000 171 150 167 175 
9000 172 149 164 168 
9000 173 
9000 174 149 
9000 175 165 166 171 
9000 176 15 162 
9000 177 204 207 223 225 
9000 178 206 212 216 224 
9000 179 17 200 212 224 
9000 180 184 211 212 223 
9000 181 192 195 196 215 
9000 182 192 209 213 216 
9000 183 18 210 218 221 
9000 184 180 200 218 224 
9000 185 209 210 212 216 
9000 186 192 203 209 213 
9000 187 188 198 207 208 
9000 188 187 204 213 218 
9000 189 201 
9000 190 196 200 215 219 
9000 191 215 217 218 221 
9000 192 181 182 186 221 
9000 193 17 194 199 214 
9000 194 193 210 212 225 
9000 195 181 212 213 224 
9000 196 181 190 212 222 
9000 197 214 217 219 221 
9000 198 187 200 224 225 
9000 199 193 209 223 224 
9000 200 179 184 190 198 
9000 201 5 189 206 217 226 
9000 202 205 210 211 214 
9000 203 186 212 215 222 
9000 204 17 177 188 
9000 205 202 209 
9000 206 17 178 201 212 
9000 207 177 187 219 222 
9000 208 187 212 217 220 
9000 209 182 185 186 199 205 
9000 210 183 185 194 202 
9000 211 5 180 202 214 
9000 212 178 179 180 185 194 195 196 203 206 208 
9000 213 182 186 188 195 
9000 214 193 197 202 211 
9000 215 181 190 191 203 219 
9000 216 178 182 185 220 
9000 217 191 197 201 208 
9000 218 183 184 188 191 
9000 219 190 197 207 215 
9000 220 18 208 216 
9000 221 183 191 192 197 
9000 222 196 203 207 
9000 223 18 177 180 199 226 
9000 224 178 179 184 195 198 199 
9000 225 5 18 177 194 198 
9000 226 201 223 
9000 227 2 3 
9000 228 1 4 
9000 229 1 3 4 5 
9000 230 2 5 
9000 231 1 2 3 4 5 
9000 232 2 3 5 
9000 233 1 3 4 
9000 234 1 2 3 4 5 
9000 235 1 2 3 4 5 
9000 236 1 2 
9000 237 3 4 5 
9000 238 1 2 5 
9000 239 1 3 4 
9000 240 3 5 
9000 241 1 2 4 
9000 242 1 3 4 5 
9000 243 2 4 5 
9000 244 1 3 
9000 245 1 2 4 5 
9000 246 3 5 
9000 247 1 2 3 4 
9000 248 1 2 3 4 5 
9000 249 3 4 5 
9000 250 1 2 
9000 251 3 4 5 
9000 252 1 2 3 4 5 
9000 253 1 2 3 5 
9000 254 1 2 3 4 
9000 255 2 3 4 5 
9000 256 1 3 4 5 
10800 0 1 227 228 229 230 231 232 233 234 235 236 237 238 239 240 241 242 243 244 245 246 247 248 249 250 251 252 253 254 255 256 
10800 1 0 4 27 28 51 228 229 231 233 234 235 236 238 239 241 242 244 245 247 248 250 252 253 254 256 
10800 2 63 64 74 86 
10800 3 111 130 131 144 
10800 4 1 228 229 231 233 234 235 237 239 241 242 243 245 247 248 249 251 252 254 255 256 
10800 5 183 197 212 215 
10800 6 20 31 37 55 
10800 7 19 23 33 42 
10800 8 63 76 83 92 
10800 9 68 71 82 99 
10800 10 66 86 
10800 11 63 65 68 72 75 82 85 88 
10800 12 65 83 87 91 
10800 13 113 114 124 141 
10800 14 117 133 136 138 
10800 15 152 157 166 171 
10800 16 154 161 167 
10800 17 199 208 215 224 
10800 18 190 196 222 226 
10800 19 7 36 47 50 
10800 20 6 33 
10800 21 24 28 37 
10800 22 31 
10800 23 7 41 56 
10800 24 21 
10800 25 
10800 26 46 55 
10800 27 1 46 
10800 28 1 21 54 
10800 29 
10800 30 33 40 
10800 31 6 22 47 
10800 32 52 
10800 33 7 20 30 44 
10800 34 
10800 35 38 
10800 36 19 53 
10800 37 6 21 46 50 
10800 38 35 
10800 39 41 54 
10800 40 30 41 45 
10800 41 23 39 40 44 51 
10800 42 7 45 52 54 
10800 43 
10800 44 33 41 47 48 
10800 45 40 42 50 51 
10800 46 26 27 37 55 
10800 47 19 31 44 49 
10800 48 44 53 
10800 49 47 50 
10800 50 19 37 45 49 54 
10800 51 1 41 45 
10800 52 32 42 
10800 53 36 48 
10800 54 28 39 42 50 
10800 55 6 26 46 
10800 56 23 
10800 57 58 62 80 90 
10800 58 57 
10800 59 79 87 89 101 
10800 60 
10800 61 65 79 81 91 94 
10800 62 57 67 101 
10800 63 2 8 11 90 
10800 64 2 87 90 101 
10800 65 11 12 61 67 
10800 66 10 94 
10800 67 62 65 75 80 89 96 
10800 68 9 11 76 82 
10800 69 
10800 70 96 
10800 71 9 72 98 
10800 72 11 71 98 101 
10800 73 
10800 74 2 87 99 
10800 75 11 67 89 
10800 76 8 68 85 97 
10800 77 
10800 78 86 91 94 99 
10800 79 59 61 
10800 80 57 67 
10800 81 61 99 
10800 82 9 11 68 92 
10800 83 8 12 
10800 84 
10800 85 11 76 
10800 86 2 10 78 
10800 87 12 59 64 74 96 
10800 88 11 90 92 
10800 89 59 67 75 90 
10800 90 57 63 64 88 89 
10800 91 12 61 78 92 
10800 92 8 82 88 91 
10800 93 
10800 94 61 66 78 
10800 95 
10800 96 67 70 87 101 
10800 97 76 99 
10800 98 71 72 
10800 99 9 74 78 81 97 
10800 100 
10800 101 59 62 64 72 96 
10800 102 120 124 126 129 
10800 103 
10800 104 121 132 138 144 
10800 105 114 122 135 142 
10800 106 109 114 
10800 107 131 
10800 108 115 128 133 143 
10800 109 106 113 122 131 
10800 110 
10800 111 3 120 126 136 
10800 112 125 
10800 113 13 109 119 121 
10800 114 13 105 106 123 
10800 115 108 126 127 141 
10800 116 129 145 
10800 117 14 
10800 118 
10800 119 113 
10800 120 102 111 134 140 
10800 121 104 113 123 135 143 
10800 122 105 109 
10800 123 114 121 145 
10800 124 13 102 125 128 144 146 
10800 125 112 124 
10800 126 102 111 115 145 
10800 127 115 135 137 144 
10800 128 108 124 137 
10800 129 102 116 133 138 
10800 130 3 135 139 143 
10800 131 3 107 109 145 
10800 132 104 137 141 
10800 133 14 108 129 137 
10800 134 120 
10800 135 105 121 127 130 
10800 136 14 111 139 141 
10800 137 127 128 132 133 
10800 138 14 104 129 143 
10800 139 130 136 
10800 140 120 145 
10800 141 13 115 132 136 
10800 142 105 
10800 143 108 121 130 138 
10800 144 3 104 124 127 
10800 145 116 123 126 131 140 
10800 146 124 
10800 147 151 
10800 148 
10800 149 153 155 159 166 
10800 150 154 165 
10800 151 147 
10800 152 15 163 
10800 153 149 160 175 
10800 154 16 150 166 170 
10800 155 149 
10800 156 157 161 166 172 
10800 157 15 156 
10800 158 163 173 
10800 159 149 171 172 
10800 160 153 
10800 161 16 156 162 165 
10800 162 161 176 
10800 163 152 158 164 165 175 
10800 164 163 168 
10800 165 150 161 163 174 
10800 166 15 149 154 156 167 171 
10800 167 16 166 
10800 168 164 
10800 169 
10800 170 154 
10800 171 15 159 166 175 
10800 172 156 159 
10800 173 158 
10800 174 165 
10800 175 153 163 171 
10800 176 162 
10800 177 185 186 196 214 
10800 178 192 204 209 213 
10800 179 206 208 215 
10800 180 187 207 211 215 
10800 181 214 
10800 182 191 198 219 224 
10800 183 5 195 207 219 
10800 184 190 210 218 220 
10800 185 177 202 204 226 
10800 186 177 188 192 223 
10800 187 180 215 217 226 
10800 188 186 198 218 
10800 189 210 224 225 226 
10800 190 18 184 214 221 
10800 191 182 207 215 222 
10800 192 178 186 222 
10800 193 194 206 221 
10800 194 193 210 213 224 
10800 195 183 197 200 222 
10800 196 18 177 225 
10800 197 5 195 200 207 
10800 198 182 188 209 212 223 
10800 199 17 201 207 210 
10800 200 195 197 212 
10800 201 199 207 209 226 
10800 202 185 210 211 220 
10800 203 218 220 223 226 
10800 204 178 185 
10800 205 206 
10800 206 179 193 205 215 
10800 207 180 183 191 197 199 201 
10800 208 17 179 216 217 
10800 209 178 198 201 216 
10800 210 184 189 194 199 202 221 
10800 211 180 202 217 219 
10800 212 5 198 200 220 
10800 213 178 194 224 225 
10800 214 177 181 190 217 
10800 215 5 17 179 180 187 191 206 
10800 216 208 209 
10800 217 187 208 211 214 
10800 218 184 188 203 220 
10800 219 182 183 211 
10800 220 184 202 203 212 218 
10800 221 190 193 210 225 
10800 222 18 191 192 195 
10800 223 186 198 203 
10800 224 17 182 189 194 213 
10800 225 189 196 213 221 
10800 226 18 185 187 189 201 203 
10800 227 0 
10800 228 0 1 4 
10800 229 0 1 4 
10800 230 0 
10800 231 0 1 4 
10800 232 0 
10800 233 0 1 4 
10800 234 0 1 4 
10800 235 0 1 4 
10800 236 0 1 
10800 237 0 4 
10800 238 0 1 
10800 239 0 1 4 
10800 240 0 
10800 241 0 1 4 
10800 242 0 1 4 
10800 243 0 4 
10800 244 0 1 
10800 245 0 1 4 
10800 246 0 
10800 247 0 1 4 
10800 248 0 1 4 
10800 249 0 4 
10800 250 0 1 
10800 251 0 4 
10800 252 0 1 4 
10800 253 0 1 
10800 254 0 1 4 
10800 255 0 4 
10800 256 0 1 4 
12600 0 
12600 1 20 26 27 42 
12600 2 84 92 98 99 
12600 3 112 114 127 144 
12600 4 5 16 151 228 229 231 233 234 235 237 239 241 242 243 245 247 248 249 251 252 254 255 256 
12600 5 4 209 211 225 229 230 231 232 234 235 237 238 240 242 243 245 246 248 249 251 252 253 255 256 
12600 6 21 42 53 
12600 7 20 24 49 
12600 8 71 75 99 
12600 9 71 75 84 85 
12600 10 88 
12600 11 63 64 74 85 97 
12600 12 65 72 99 
12600 13 114 123 141 145 
12600 14 122 131 138 
12600 15 156 161 172 174 
12600 16 4 154 162 164 
12600 17 194 218 224 226 
12600 18 178 200 207 218 
12600 19 23 29 
12600 20 1 7 30 42 
12600 21 6 42 47 48 
12600 22 
12600 23 19 30 35 38 45 
12600 24 7 
12600 25 32 47 53 
12600 26 1 
12600 27 1 39 
12600 28 43 
12600 29 19 
12600 30 20 23 40 
12600 31 42 54 
12600 32 25 36 45 
12600 33 44 
12600 34 42 
12600 35 23 
12600 36 32 43 48 52 
12600 37 50 
12600 38 23 
12600 39 27 50 53 
12600 40 30 46 47 49 51 54 55 
12600 41 53 
12600 42 1 6 20 21 31 34 55 
12600 43 28 36 
12600 44 33 48 49 
12600 45 23 32 47 51 
12600 46 40 
12600 47 21 25 40 45 
12600 48 21 36 44 
12600 49 7 40 44 
12600 50 37 39 
12600 51 40 45 
12600 52 36 53 55 
12600 53 6 25 39 41 52 
12600 54 31 40 
12600 55 40 42 52 
12600 56 
12600 57 58 89 
12600 58 57 71 
12600 59 62 72 74 89 
12600 60 62 101 
12600 61 68 94 
12600 62 59 60 94 
12600 63 11 
12600 64 11 65 89 96 
12600 65 12 64 67 75 94 95 
12600 66 100 
12600 67 65 78 84 
12600 68 61 97 99 
12600 69 
12600 70 87 91 93 95 
12600 71 8 9 58 91 
12600 72 12 59 76 86 92 96 
12600 73 81 
12600 74 11 59 98 
12600 75 8 9 65 
12600 76 72 78 91 
12600 77 94 95 
12600 78 67 76 89 97 
12600 79 87 95 
12600 80 
12600 81 73 91 
12600 82 90 92 
12600 83 84 
12600 84 2 9 67 83 
12600 85 9 11 
12600 86 72 
12600 87 70 79 91 101 
12600 88 10 
12600 89 57 59 64 78 
12600 90 82 91 
12600 91 70 71 76 81 87 90 
12600 92 2 72 82 
12600 93 70 
12600 94 61 62 65 77 
12600 95 65 70 77 79 
12600 96 64 72 98 
12600 97 11 68 78 101 
12600 98 2 74 96 
12600 99 2 8 12 68 
12600 100 66 
12600 101 60 87 97 
12600 102 117 124 132 133 
12600 103 106 109 
12600 104 112 114 116 139 
12600 105 139 144 
12600 106 103 110 114 
12600 107 119 120 130 
12600 108 111 113 128 137 
12600 109 103 143 
12600 110 106 
12600 111 108 112 124 136 
12600 112 3 104 111 126 
12600 113 108 126 143 
12600 114 3 13 104 106 
12600 115 131 141 143 
12600 116 104 137 143 146 
12600 117 102 126 137 
12600 118 128 
12600 119 107 122 129 130 
12600 120 107 126 141 145 
12600 121 123 
12600 122 14 119 
12600 123 13 121 
12600 124 102 111 132 143 
12600 125 139 140 142 
12600 126 112 113 117 120 140 146 
12600 127 3 129 143 
12600 128 108 118 130 143 
12600 129 119 127 131 
12600 130 107 119 128 133 135 
12600 131 14 115 129 145 
12600 132 102 124 133 142 
12600 133 102 130 132 144 
12600 134 
12600 135 130 
12600 136 111 
12600 137 108 116 117 145 
12600 138 14 139 143 146 
12600 139 104 105 125 138 
12600 140 125 126 141 
12600 141 13 115 120 140 
12600 142 125 132 
12600 143 109 113 115 116 124 127 128 138 
12600 144 3 105 133 
12600 145 13 120 131 137 
12600 146 116 126 138 
12600 147 152 
12600 148 160 
12600 149 153 158 166 171 
12600 150 168 171 174 
12600 151 4 156 158 159 
12600 152 147 160 164 169 
12600 153 149 169 172 174 
12600 154 16 159 168 172 
12600 155 165 
12600 156 15 151 161 169 
12600 157 162 167 
12600 158 149 151 161 167 
12600 159 151 154 172 174 
12600 160 148 152 168 175 
12600 161 15 156 158 175 
12600 162 16 157 163 171 
12600 163 162 172 174 
12600 164 16 152 168 
12600 165 155 176 
12600 166 149 
12600 167 157 158 
12600 168 150 154 160 164 170 
12600 169 152 153 156 
12600 170 168 
12600 171 149 150 162 
12600 172 15 153 154 159 163 
12600 173 
12600 174 15 150 153 159 163 
12600 175 160 161 
12600 176 165 
12600 177 179 183 192 214 
12600 178 18 185 203 225 
12600 179 177 193 200 213 
12600 180 196 209 210 215 
12600 181 203 226 
12600 182 192 204 211 212 
12600 183 177 184 189 218 
12600 184 183 197 207 210 
12600 185 178 197 199 208 224 
12600 186 193 217 220 225 
12600 187 202 204 207 217 
12600 188 191 213 216 
12600 189 183 215 219 223 
12600 190 211 212 214 223 
12600 191 188 205 
12600 192 177 182 196 225 
12600 193 179 186 196 199 216 
12600 194 17 209 212 226 
12600 195 198 201 206 222 
12600 196 180 192 193 
12600 197 184 185 202 212 
12600 198 195 211 216 
12600 199 185 193 200 222 
12600 200 18 179 199 
12600 201 195 211 217 222 
12600 202 187 197 207 226 
12600 203 178 181 214 225 
12600 204 182 187 205 206 
12600 205 191 204 
12600 206 195 204 209 221 
12600 207 18 184 187 202 210 
12600 208 185 213 214 225 
12600 209 5 180 194 206 
12600 210 180 184 207 222 
12600 211 5 182 190 198 201 
12600 212 182 190 194 197 216 
12600 213 179 188 208 219 
12600 214 177 190 203 208 217 220 
12600 215 180 189 220 226 
12600 216 188 193 198 212 
12600 217 186 187 201 214 
12600 218 17 18 183 223 
12600 219 189 213 220 223 224 
12600 220 186 214 215 219 
12600 221 206 222 225 
12600 222 195 199 201 210 221 
12600 223 189 190 218 219 
12600 224 17 185 219 225 
12600 225 5 178 186 192 203 208 221 224 
12600 226 17 181 194 202 215 
12600 228 4 
12600 229 4 5 
12600 230 5 
12600 231 4 5 
12600 232 5 
12600 233 4 
12600 234 4 5 
12600 235 4 5 
12600 237 4 5 
12600 238 5 
12600 239 4 
12600 240 5 
12600 241 4 
12600 242 4 5 
12600 243 4 5 
12600 245 4 5 
12600 246 5 
12600 247 4 
12600 248 4 5 
12600 249 4 5 
12600 251 4 5 
12600 252 4 5 
12600 253 5 
12600 254 4 
12600 255 4 5 
12600 256 4 5 
14400 0 
14400 1 19 26 30 
14400 2 74 84 88 99 
14400 3 115 119 133 144 
14400 4 5 16 159 161 228 229 231 233 234 235 237 239 241 242 243 245 247 248 249 251 252 254 255 256 
14400 5 4 178 195 217 229 230 231 232 234 235 237 238 240 242 243 245 246 248 249 251 252 253 255 256 
14400 6 20 44 46 
14400 7 44 50 52 
14400 8 86 89 92 97 
14400 9 11 84 99 
14400 10 66 82 88 
14400 11 9 67 101 
14400 12 63 72 75 
14400 13 14 111 123 131 
14400 14 13 121 122 126 142 144 
14400 15 152 160 174 
14400 16 4 154 156 160 176 
14400 17 187 192 196 198 
14400 18 192 200 222 226 
14400 19 1 38 
14400 20 6 44 52 
14400 21 42 49 52 
14400 22 
14400 23 39 45 53 54 
14400 24 48 54 
14400 25 
14400 26 1 51 54 
14400 27 29 55 
14400 28 37 41 
14400 29 27 37 50 
14400 30 1 36 40 47 
14400 31 40 46 54 
14400 32 39 52 
14400 33 41 42 52 
14400 34 49 
14400 35 
14400 36 30 53 54 
14400 37 28 29 52 
14400 38 19 39 
14400 39 23 32 38 48 55 
14400 40 30 31 56 
14400 41 28 33 
14400 42 21 33 
14400 43 
14400 44 6 7 20 45 
14400 45 23 44 46 53 
14400 46 6 31 45 54 
14400 47 30 52 54 
14400 48 24 39 
14400 49 21 34 52 
14400 50 7 29 
14400 51 26 54 
14400 52 7 20 21 32 33 37 47 49 53 
14400 53 23 36 45 52 
14400 54 23 24 26 31 36 46 47 51 
14400 55 27 39 
14400 56 40 
14400 57 
14400 58 62 
14400 59 71 94 95 101 
14400 60 80 
14400 61 76 84 91 98 
14400 62 58 92 
14400 63 12 77 93 101 
14400 64 67 85 92 98 
14400 65 70 89 
14400 66 10 
14400 67 11 64 71 86 90 
14400 68 84 87 92 96 
14400 69 
14400 70 65 
14400 71 59 67 
14400 72 12 76 78 91 
14400 73 
14400 74 2 76 90 92 
14400 75 12 
14400 76 61 72 74 92 
14400 77 63 93 95 
14400 78 72 
14400 79 87 101 
14400 80 60 90 
14400 81 98 
14400 82 10 91 
14400 83 85 89 
14400 84 2 9 61 68 
14400 85 64 83 
14400 86 8 67 95 96 
14400 87 68 79 95 
14400 88 2 10 90 
14400 89 8 65 83 97 
14400 90 67 74 80 88 
14400 91 61 72 82 96 99 
14400 92 8 62 64 68 74 76 
14400 93 63 77 
14400 94 59 
14400 95 59 77 86 87 98 
14400 96 68 86 91 99 
14400 97 8 89 
14400 98 61 64 81 95 
14400 99 2 9 91 96 
14400 100 
14400 101 11 59 63 79 
14400 102 107 120 130 131 139 
14400 103 106 122 123 
14400 104 113 135 137 143 
14400 105 144 
14400 106 103 
14400 107 102 136 142 
14400 108 116 128 
14400 109 113 114 
14400 110 114 
14400 111 13 117 124 131 137 138 
14400 112 117 132 
14400 113 104 109 122 139 143 
14400 114 109 110 
14400 115 3 120 142 145 
14400 116 108 143 
14400 117 111 112 127 129 
14400 118 
14400 119 3 137 
14400 120 102 115 123 
14400 121 14 130 139 141 
14400 122 14 103 113 123 
14400 123 13 103 120 122 
14400 124 111 126 132 
14400 125 136 141 146 
14400 126 14 124 138 145 
14400 127 117 133 
14400 128 108 
14400 129 117 133 135 143 144 
14400 130 102 121 138 
14400 131 13 102 111 
14400 132 112 124 138 
14400 133 3 127 129 
14400 134 136 140 
14400 135 104 129 136 
14400 136 107 125 134 135 
14400 137 104 111 119 142 
14400 138 111 126 130 132 
14400 139 102 113 121 
14400 140 134 
14400 141 121 125 
14400 142 14 107 115 137 
14400 143 104 113 116 129 
14400 144 3 14 105 129 
14400 145 115 126 
14400 146 125 
14400 147 
14400 148 
14400 149 161 168 
14400 150 156 162 163 
14400 151 161 163 166 
14400 152 15 153 175 
14400 153 152 163 164 165 
14400 154 16 158 163 
14400 155 158 161 163 165 
14400 156 16 150 163 174 
14400 157 
14400 158 154 155 159 162 168 
14400 159 4 158 169 
14400 160 15 16 172 
14400 161 4 149 151 155 164 165 
14400 162 150 158 166 171 
14400 163 150 151 153 154 155 156 168 
14400 164 153 161 
14400 165 153 155 161 
14400 166 151 162 175 
14400 167 176 
14400 168 149 158 163 175 
14400 169 159 175 
14400 170 
14400 171 162 
14400 172 160 
14400 173 
14400 174 15 156 
14400 175 152 166 168 169 
14400 176 16 167 
14400 177 178 189 201 208 
14400 178 5 177 190 221 
14400 179 194 207 213 217 
14400 180 190 192 194 222 
14400 181 184 214 
14400 182 185 188 192 201 
14400 183 186 193 197 221 
14400 184 181 210 212 223 
14400 185 182 197 199 201 
14400 186 183 190 198 212 
14400 187 17 199 200 203 
14400 188 182 209 210 224 
14400 189 177 193 196 226 
14400 190 178 180 186 191 215 
14400 191 190 222 223 224 
14400 192 17 18 180 182 
14400 193 183 189 221 226 
14400 194 179 180 208 213 
14400 195 5 214 216 222 
14400 196 17 189 225 226 
14400 197 183 185 214 220 
14400 198 17 186 202 204 
14400 199 185 187 210 225 
14400 200 18 187 205 216 
14400 201 177 182 185 207 209 218 
14400 202 198 204 206 217 219 220 
14400 203 187 222 223 226 
14400 204 198 202 216 
14400 205 200 
14400 206 202 222 225 
14400 207 179 201 213 226 
14400 208 177 194 217 226 
14400 209 188 201 
14400 210 184 188 199 211 
14400 211 210 215 218 219 
14400 212 184 186 215 219 
14400 213 179 194 207 218 
14400 214 181 195 197 220 
14400 215 190 211 212 216 
14400 216 195 200 204 215 
14400 217 5 179 202 208 
14400 218 201 211 213 226 
14400 219 202 211 212 
14400 220 197 202 214 224 
14400 221 178 183 193 
14400 222 18 180 191 195 203 206 223 
14400 223 184 191 203 222 
14400 224 188 191 220 225 
14400 225 196 199 206 224 
14400 226 18 189 193 196 203 207 208 218 
14400 228 4 
14400 229 4 5 
14400 230 5 
14400 231 4 5 
14400 232 5 
14400 233 4 
14400 234 4 5 
14400 235 4 5 
14400 237 4 5 
14400 238 5 
14400 239 4 
14400 240 5 
14400 241 4 
14400 242 4 5 
14400 243 4 5 
14400 245 4 5 
14400 246 5 
14400 247 4 
14400 248 4 5 
14400 249 4 5 
14400 251 4 5 
14400 252 4 5 
14400 253 5 
14400 254 4 
14400 255 4 5 
14400 256 4 5 
16200 0 2 227 228 229 230 231 232 233 234 235 236 237 238 239 240 241 242 243 244 245 246 247 248 249 250 251 252 253 254 255 256 
16200 1 5 33 228 229 231 233 234 235 236 238 239 241 242 244 245 247 248 250 252 253 254 256 
16200 2 0 70 88 98 227 230 231 232 234 235 236 238 241 243 245 247 248 250 252 253 254 255 
16200 3 114 117 121 126 
16200 4 169 
16200 5 1 200 214 216 229 230 231 232 234 235 237 238 240 242 243 245 246 248 249 251 252 253 255 256 
16200 6 24 28 49 53 
16200 7 
16200 8 63 68 96 
16200 9 65 67 70 76 88 
16200 10 75 85 
16200 11 68 74 87 91 
16200 12 59 74 84 88 97 
16200 13 14 107 114 138 
16200 14 13 111 127 141 
16200 15 16 149 159 172 
16200 16 15 152 154 161 
16200 17 188 198 199 221 
16200 18 180 196 218 223 
16200 19 
16200 20 25 33 42 
16200 21 36 46 51 55 
16200 22 
16200 23 49 50 51 53 54 
16200 24 6 36 45 48 
16200 25 20 
16200 26 53 
16200 27 30 36 44 
16200 28 6 36 40 
16200 29 
16200 30 27 41 
16200 31 40 52 
16200 32 36 39 56 
16200 33 1 20 
16200 34 49 
16200 35 56 
16200 36 21 24 27 28 32 
16200 37 51 55 
16200 38 
16200 39 32 48 
16200 40 28 31 54 
16200 41 30 
16200 42 20 48 51 52 
16200 43 
16200 44 27 46 52 54 
16200 45 24 
16200 46 21 44 48 
16200 47 52 
16200 48 24 39 42 46 53 
16200 49 6 23 34 
16200 50 23 52 
16200 51 21 23 37 42 
16200 52 31 42 44 47 50 
16200 53 6 23 26 48 
16200 54 23 40 44 55 
16200 55 21 37 54 
16200 56 32 35 
16200 57 92 
16200 58 62 80 
16200 59 12 63 87 91 
16200 60 87 
16200 61 65 72 76 79 97 
16200 62 58 76 89 90 
16200 63 8 59 68 72 99 
16200 64 68 96 97 99 101 
16200 65 9 61 76 86 
16200 66 86 100 
16200 67 9 82 
16200 68 8 11 63 64 
16200 69 
16200 70 2 9 98 
16200 71 98 
16200 72 61 63 75 84 
16200 73 
16200 74 11 12 89 
16200 75 10 72 91 
16200 76 9 61 62 65 
16200 77 95 
16200 78 
16200 79 61 83 
16200 80 58 
16200 81 
16200 82 67 90 
16200 83 79 98 99 101 
16200 84 12 72 89 90 
16200 85 10 92 
16200 86 65 66 100 
16200 87 11 59 60 88 
16200 88 2 9 12 87 
16200 89 62 74 84 92 
16200 90 62 82 84 
16200 91 11 59 75 95 
16200 92 57 85 89 98 
16200 93 
16200 94 95 
16200 95 77 91 94 
16200 96 8 64 99 101 
16200 97 12 61 64 
16200 98 2 70 71 83 92 
16200 99 63 64 83 96 
16200 100 66 86 
16200 101 64 83 96 
16200 102 108 129 
16200 103 122 129 
16200 104 144 
16200 105 113 117 136 144 
16200 106 109 
16200 107 13 127 135 
16200 108 102 121 128 
16200 109 106 114 119 137 
16200 110 118 129 
16200 111 14 122 126 131 132 139 145 
16200 112 132 144 
16200 113 105 132 142 
16200 114 3 13 109 123 
16200 115 125 143 
16200 116 119 141 143 145 
16200 117 3 105 126 143 
16200 118 110 
16200 119 109 116 120 143 
16200 120 119 121 135 143 
16200 121 3 108 120 143 
16200 122 103 111 140 145 
16200 123 114 131 134 
16200 124 128 141 
16200 125 115 141 142 
16200 126 3 111 117 129 
16200 127 14 107 131 137 138 
16200 128 108 124 133 143 
16200 129 102 103 110 126 
16200 130 135 138 139 142 
16200 131 111 123 127 
16200 132 111 112 113 133 
16200 133 128 132 138 141 
16200 134 123 
16200 135 107 120 130 145 
16200 136 105 
16200 137 109 127 
16200 138 13 127 130 133 
16200 139 111 130 
16200 140 122 
16200 141 14 116 124 125 133 
16200 142 113 125 130 146 
16200 143 115 116 117 119 120 121 128 
16200 144 104 105 112 
16200 145 111 116 122 135 
16200 146 142 
16200 147 
16200 148 
16200 149 15 162 168 
16200 150 151 167 172 
16200 151 150 155 
16200 152 16 
16200 153 169 172 
16200 154 16 161 169 171 175 
16200 155 151 156 
16200 156 155 161 170 174 
16200 157 162 
16200 158 165 167 172 
16200 159 15 160 164 
16200 160 159 174 
16200 161 16 154 156 
16200 162 149 157 163 165 171 
16200 163 162 176 
16200 164 159 
16200 165 158 162 
16200 166 168 172 
16200 167 150 158 174 176 
16200 168 149 166 170 175 
16200 169 4 153 154 
16200 170 156 168 
16200 171 154 162 
16200 172 15 150 153 158 166 
16200 173 
16200 174 156 160 167 
16200 175 154 168 
16200 176 163 167 
16200 177 179 187 192 203 
16200 178 206 207 215 226 
16200 179 177 198 208 222 
16200 180 18 207 213 219 
16200 181 184 213 
16200 182 201 209 210 220 
16200 183 187 193 220 221 
16200 184 181 193 194 218 
16200 185 189 190 201 214 
16200 186 202 209 210 223 
16200 187 177 183 192 216 218 225 
16200 188 17 194 213 224 
16200 189 185 190 215 218 
16200 190 185 189 210 217 
16200 191 217 224 225 
16200 192 177 187 
16200 193 183 184 212 226 
16200 194 184 188 224 225 
16200 195 202 212 219 222 
16200 196 18 197 207 212 
16200 197 196 198 200 221 
16200 198 17 179 197 201 205 
16200 199 17 209 210 219 
16200 200 5 197 208 221 
16200 201 182 185 198 223 
16200 202 186 195 205 220 
16200 203 177 215 219 226 
16200 204 209 217 221 224 
16200 205 198 202 
16200 206 178 211 217 223 
16200 207 178 180 196 223 
16200 208 179 200 211 225 
16200 209 182 186 199 204 211 222 
16200 210 182 186 190 199 
16200 211 206 208 209 213 
16200 212 193 195 196 215 216 
16200 213 180 181 188 211 
16200 214 5 185 220 
16200 215 178 189 203 212 
16200 216 5 187 212 221 
16200 217 190 191 204 206 
16200 218 18 184 187 189 
16200 219 180 195 199 203 
16200 220 182 183 202 214 222 
16200 221 17 183 197 200 204 216 
16200 222 179 195 209 220 
16200 223 18 186 201 206 207 
16200 224 188 191 194 204 226 
16200 225 187 191 194 208 
16200 226 178 193 203 224 
16200 227 0 2 
16200 228 0 1 
16200 229 0 1 5 
16200 230 0 2 5 
16200 231 0 1 2 5 
16200 232 0 2 5 
16200 233 0 1 
16200 234 0 1 2 5 
16200 235 0 1 2 5 
16200 236 0 1 2 
16200 237 0 5 
16200 238 0 1 2 5 
16200 239 0 1 
16200 240 0 5 
16200 241 0 1 2 
16200 242 0 1 5 
16200 243 0 2 5 
16200 244 0 1 
16200 245 0 1 2 5 
16200 246 0 5 
16200 247 0 1 2 
16200 248 0 1 2 5 
16200 249 0 5 
16200 250 0 1 2 
16200 251 0 5 
16200 252 0 1 2 5 
16200 253 0 1 2 5 
16200 254 0 1 2 
16200 255 0 2 5 
16200 256 0 1 5 
18000 0 3 227 228 229 230 231 232 233 234 235 236 237 238 239 240 241 242 243 244 245 246 247 248 249 250 251 252 253 254 255 256 
18000 1 3 46 55 228 229 231 233 234 235 236 238 239 241 242 244 245 247 248 250 252 253 254 256 
18000 2 67 75 91 99 
18000 3 0 1 114 144 227 229 231 232 233 234 235 237 239 240 242 244 246 247 248 249 251 252 253 254 255 256 
18000 4 167 
18000 5 185 203 206 226 
18000 6 25 48 51 
18000 7 23 44 49 
18000 8 68 82 92 96 
18000 9 62 72 85 95 
18000 10 86 
18000 11 64 71 74 98 
18000 12 62 65 70 83 84 86 87 
18000 13 129 130 131 142 
18000 14 117 
18000 15 157 
18000 16 156 163 166 174 
18000 17 185 216 219 226 
18000 18 211 218 221 224 
18000 19 22 47 51 55 
18000 20 34 45 
18000 21 27 52 55 
18000 22 19 31 
18000 23 7 40 47 
18000 24 40 52 
18000 25 6 41 44 50 
18000 26 30 38 41 47 
18000 27 21 47 52 
18000 28 
18000 29 
18000 30 26 31 41 50 
18000 31 22 30 40 48 
18000 32 55 
18000 33 42 45 47 52 
18000 34 20 
18000 35 
18000 36 
18000 37 46 
18000 38 26 
18000 39 51 55 
18000 40 23 24 31 44 
18000 41 25 26 30 54 
18000 42 33 50 54 
18000 43 49 
18000 44 7 25 40 46 
18000 45 20 33 46 53 
18000 46 1 37 44 45 
18000 47 19 23 26 27 33 53 
18000 48 6 31 53 
18000 49 7 43 
18000 50 25 30 42 54 
18000 51 6 19 39 
18000 52 21 24 27 33 
18000 53 45 47 48 
18000 54 41 42 50 55 
18000 55 1 19 21 32 39 54 
18000 56 
18000 57 92 
18000 58 
18000 59 76 
18000 60 
18000 61 67 76 89 96 
18000 62 9 12 
18000 63 64 68 77 93 98 
18000 64 11 63 75 99 
18000 65 12 86 96 97 
18000 66 
18000 67 2 61 76 91 
18000 68 8 63 83 92 
18000 69 
18000 70 12 87 93 101 
18000 71 11 80 98 
18000 72 9 74 78 82 
18000 73 
18000 74 11 72 98 
18000 75 2 64 85 97 
18000 76 59 61 67 91 92 
18000 77 63 96 
18000 78 72 86 96 
18000 79 
18000 80 71 
18000 81 
18000 82 8 72 85 
18000 83 12 68 90 
18000 84 12 95 
18000 85 9 75 82 
18000 86 10 12 65 78 
18000 87 12 70 97 
18000 88 89 
18000 89 61 88 97 101 
18000 90 83 
18000 91 2 67 76 99 
18000 92 8 57 68 76 
18000 93 63 70 
18000 94 
18000 95 9 84 96 97 
18000 96 8 61 65 77 78 95 
18000 97 65 75 87 89 95 101 
18000 98 11 63 71 74 
18000 99 2 64 91 101 
18000 100 
18000 101 70 89 97 99 
18000 102 116 129 
18000 103 106 122 
18000 104 117 124 131 132 
18000 105 123 128 144 
18000 106 103 121 140 
18000 107 116 120 130 
18000 108 126 131 137 143 
18000 109 123 
18000 110 
18000 111 133 138 144 
18000 112 
18000 113 120 130 132 142 
18000 114 3 
18000 115 120 121 124 138 
18000 116 102 107 119 135 141 
18000 117 14 104 132 135 136 142 146 
18000 118 
18000 119 116 121 133 137 
18000 120 107 113 115 123 135 
18000 121 106 115 119 126 139 142 
18000 122 103 
18000 123 105 109 120 134 
18000 124 104 115 
18000 125 
18000 126 108 121 
18000 127 141 
18000 128 105 130 
18000 129 13 102 133 136 
18000 130 13 107 113 128 138 145 
18000 131 13 104 108 145 
18000 132 104 113 117 
18000 133 111 119 129 
18000 134 123 140 146 
18000 135 116 117 120 138 
18000 136 117 129 137 146 
18000 137 108 119 136 143 
18000 138 111 115 130 135 
18000 139 121 145 
18000 140 106 134 
18000 141 116 127 
18000 142 13 113 117 121 
18000 143 108 137 
18000 144 3 105 111 
18000 145 130 131 139 146 
18000 146 117 134 136 145 
18000 147 163 
18000 148 164 170 
18000 149 153 158 
18000 150 162 
18000 151 
18000 152 163 
18000 153 149 165 176 
18000 154 155 164 168 176 
18000 155 154 165 167 
18000 156 16 157 159 160 
18000 157 15 156 
18000 158 149 161 
18000 159 156 169 172 174 
18000 160 156 164 172 174 
18000 161 158 175 
18000 162 150 166 
18000 163 16 147 152 
18000 164 148 154 160 
18000 165 153 155 167 168 
18000 166 16 162 
18000 167 4 155 165 168 
18000 168 154 165 167 
18000 169 159 172 175 
18000 170 148 
18000 171 
18000 172 159 160 169 174 
18000 173 
18000 174 16 159 160 172 
18000 175 161 169 
18000 176 153 154 
18000 177 193 196 199 213 
18000 178 187 199 206 215 
18000 179 193 198 203 220 
18000 180 215 216 
18000 181 214 
18000 182 186 207 211 213 
18000 183 214 219 
18000 184 216 220 224 226 
18000 185 5 17 208 213 
18000 186 182 190 214 223 
18000 187 178 199 200 210 
18000 188 197 206 214 225 
18000 189 191 222 224 
18000 190 186 196 218 221 
18000 191 189 211 216 218 
18000 192 203 215 216 225 
18000 193 177 179 201 225 
18000 194 197 222 
18000 195 200 216 225 
18000 196 177 190 223 225 
18000 197 188 194 212 224 
18000 198 179 207 215 
18000 199 177 178 187 201 
18000 200 187 195 202 205 
18000 201 193 199 206 224 
18000 202 200 209 222 225 
18000 203 5 179 192 210 
18000 204 217 220 225 226 
18000 205 200 
18000 206 5 178 188 201 210 
18000 207 182 198 212 226 
18000 208 185 212 222 224 
18000 209 202 212 222 224 
18000 210 187 203 206 226 
18000 211 18 182 191 226 
18000 212 197 207 208 209 
18000 213 177 182 185 220 
18000 214 181 183 186 188 
18000 215 178 180 192 198 218 
18000 216 17 180 184 191 192 195 221 
18000 217 204 
18000 218 18 190 191 215 
18000 219 17 183 223 224 
18000 220 179 184 204 213 
18000 221 18 190 216 223 
18000 222 189 194 202 208 209 
18000 223 186 196 219 221 
18000 224 18 184 189 197 201 208 209 219 
18000 225 188 192 193 195 196 202 204 
18000 226 5 17 184 204 207 210 211 
18000 227 0 3 
18000 228 0 1 
18000 229 0 1 3 
18000 230 0 
18000 231 0 1 3 
18000 232 0 3 
18000 233 0 1 3 
18000 234 0 1 3 
18000 235 0 1 3 
18000 236 0 1 
18000 237 0 3 
18000 238 0 1 
18000 239 0 1 3 
18000 240 0 3 
18000 241 0 1 
18000 242 0 1 3 
18000 243 0 
18000 244 0 1 3 
18000 245 0 1 
18000 246 0 3 
18000 247 0 1 3 
18000 248 0 1 3 
18000 249 0 3 
18000 250 0 1 
18000 251 0 3 
18000 252 0 1 3 
18000 253 0 1 3 
18000 254 0 1 3 
18000 255 0 3 
18000 256 0 1 3 
19800 0 3 227 228 229 230 231 232 233 234 235 236 237 238 239 240 241 242 243 244 245 246 247 248 249 250 251 252 253 254 255 256 
19800 1 24 31 37 52 
19800 2 59 74 92 101 
19800 3 0 122 129 133 227 229 231 232 233 234 235 237 239 240 242 244 246 247 248 249 251 252 253 254 255 256 
19800 4 151 156 164 
19800 5 187 191 193 198 
19800 6 25 
19800 7 19 28 32 47 
19800 8 61 71 98 
19800 9 65 67 71 101 
19800 10 100 
19800 11 12 68 74 
19800 12 11 84 90 98 
19800 13 121 122 136 141 
19800 14 123 126 129 130 
19800 15 153 158 167 169 
19800 16 150 152 156 
19800 17 208 209 218 220 
19800 18 209 211 217 220 
19800 19 7 51 56 
19800 20 34 
19800 21 27 36 40 41 
19800 22 56 
19800 23 52 
19800 24 1 48 
19800 25 6 31 54 
19800 26 27 32 41 46 
19800 27 21 26 48 52 
19800 28 7 29 40 50 
19800 29 28 
19800 30 52 
19800 31 1 25 46 53 
19800 32 7 26 33 
19800 33 32 47 
19800 34 20 50 
19800 35 
19800 36 21 46 51 52 
19800 37 1 
19800 38 
19800 39 
19800 40 21 28 53 54 
19800 41 21 26 46 51 
19800 42 47 50 51 56 
19800 43 
19800 44 48 
19800 45 49 52 53 56 
19800 46 26 31 36 41 
19800 47 7 33 42 52 
19800 48 24 27 44 49 
19800 49 45 48 53 56 
19800 50 28 34 42 54 
19800 51 19 36 41 42 
19800 52 1 23 27 30 36 45 47 
19800 53 31 40 45 49 
19800 54 25 40 50 
19800 55 
19800 56 19 22 42 45 49 
19800 57 70 89 98 
19800 58 
19800 59 2 63 64 
19800 60 
19800 61 8 65 89 97 
19800 62 64 78 84 90 
19800 63 59 76 77 81 87 
19800 64 59 62 75 76 
19800 65 9 61 67 
19800 66 78 
19800 67 9 65 89 
19800 68 11 76 84 92 
19800 69 
19800 70 57 78 86 95 
19800 71 8 9 
19800 72 84 90 91 96 
19800 73 
19800 74 2 11 90 
19800 75 64 91 
19800 76 63 64 68 97 
19800 77 63 
19800 78 62 66 70 87 95 
19800 79 81 
19800 80 
19800 81 63 79 98 
19800 82 88 
19800 83 91 
19800 84 12 62 68 72 
19800 85 90 92 
19800 86 70 91 
19800 87 63 78 90 97 
19800 88 82 
19800 89 57 61 67 92 
19800 90 12 62 72 74 85 87 97 
19800 91 72 75 83 86 
19800 92 2 68 85 89 
19800 93 
19800 94 
19800 95 70 78 
19800 96 72 
19800 97 61 76 87 90 
19800 98 8 12 57 81 99 101 
19800 99 98 101 
19800 100 10 
19800 101 2 9 98 99 
19800 102 116 124 128 133 
19800 103 
19800 104 122 123 124 138 
19800 105 124 135 139 143 
19800 106 114 
19800 107 123 127 131 
19800 108 116 120 130 134 
19800 109 143 
19800 110 
19800 111 130 131 144 
19800 112 146 
19800 113 131 141 
19800 114 106 127 128 133 
19800 115 117 136 
19800 116 102 108 137 143 145 
19800 117 115 120 127 146 
19800 118 
19800 119 131 133 
19800 120 108 117 134 136 
19800 121 13 123 142 145 
19800 122 3 13 104 134 140 
19800 123 14 104 107 121 
19800 124 102 104 105 144 
19800 125 
19800 126 14 127 137 142 
19800 127 107 114 117 126 
19800 128 102 114 131 
19800 129 3 14 138 
19800 130 14 108 111 135 
19800 131 107 111 113 119 128 
19800 132 139 
19800 133 3 102 114 119 
19800 134 108 120 122 145 
19800 135 105 130 139 144 
19800 136 13 115 120 141 
19800 137 116 126 139 
19800 138 104 129 141 146 
19800 139 105 132 135 137 
19800 140 122 
19800 141 13 113 136 138 
19800 142 121 126 146 
19800 143 105 109 116 144 
19800 144 111 124 135 143 
19800 145 116 121 134 
19800 146 112 117 138 142 
19800 147 168 
19800 148 
19800 149 150 164 165 175 
19800 150 16 149 154 159 161 168 174 
19800 151 4 
19800 152 16 172 
19800 153 15 158 166 175 
19800 154 150 176 
19800 155 
19800 156 4 16 161 
19800 157 161 172 176 
19800 158 15 153 174 
19800 159 150 
19800 160 169 175 
19800 161 150 156 157 172 
19800 162 165 
19800 163 167 171 
19800 164 4 149 168 170 
19800 165 149 162 
19800 166 153 
19800 167 15 163 171 
19800 168 147 150 164 170 
19800 169 15 160 
19800 170 164 168 
19800 171 163 167 174 
19800 172 152 157 161 175 
19800 173 
19800 174 150 158 171 175 
19800 175 149 153 160 172 174 
19800 176 154 157 
19800 177 197 198 214 217 
19800 178 202 214 216 218 
19800 179 201 214 220 222 
19800 180 182 190 193 206 
19800 181 184 196 
19800 182 180 201 204 224 
19800 183 186 209 213 226 
19800 184 181 194 203 206 210 213 
19800 185 193 223 
19800 186 183 187 202 209 
19800 187 5 186 210 218 
19800 188 192 199 214 221 
19800 189 191 208 212 213 
19800 190 180 193 206 221 
19800 191 5 189 195 203 210 
19800 192 188 195 207 221 
19800 193 5 180 185 190 
19800 194 184 204 209 220 
19800 195 191 192 207 224 
19800 196 181 197 215 225 
19800 197 177 196 200 203 
19800 198 5 177 211 216 
19800 199 188 205 210 216 
19800 200 197 202 212 224 
19800 201 179 182 212 218 
19800 202 178 186 200 207 222 
19800 203 184 191 197 226 
19800 204 182 194 212 226 
19800 205 199 
19800 206 180 184 190 212 
19800 207 192 195 202 225 
19800 208 17 189 215 217 
19800 209 17 18 183 186 194 
19800 210 184 187 191 199 
19800 211 18 198 215 219 
19800 212 189 200 201 204 206 217 221 224 
19800 213 183 184 189 
19800 214 177 178 179 188 222 223 
19800 215 196 208 211 216 219 
19800 216 178 198 199 215 
19800 217 18 177 208 212 
19800 218 17 178 187 201 
19800 219 211 215 223 225 
19800 220 17 18 179 194 225 
19800 221 188 190 192 212 
19800 222 179 202 214 
19800 223 185 214 219 
19800 224 182 195 200 212 
19800 225 196 207 219 220 
19800 226 183 203 204 
19800 227 0 3 
19800 228 0 
19800 229 0 3 
19800 230 0 
19800 231 0 3 
19800 232 0 3 
19800 233 0 3 
19800 234 0 3 
19800 235 0 3 
19800 236 0 
19800 237 0 3 
19800 238 0 
19800 239 0 3 
19800 240 0 3 
19800 241 0 
19800 242 0 3 
19800 243 0 
19800 244 0 3 
19800 245 0 
19800 246 0 3 
19800 247 0 3 
19800 248 0 3 
19800 249 0 3 
19800 250 0 
19800 251 0 3 
19800 252 0 3 
19800 253 0 3 
19800 254 0 3 
19800 255 0 3 
19800 256 0 3 
