0 21600
0 0 211 212 213 214 215 216 217 218 219 220 221 222 223 224 225 226 227 228 229 230 231 232 233 234 235 236 237 238 239 240 
0 1 6 11 12 13 14 16 17 18 19 20 21 22 23 24 25 26 27 28 29 30 31 32 33 34 35 37 38 39 40 42 43 44 45 46 47 48 49 50 52 53 54 211 213 214 216 217 218 220 222 223 226 228 230 231 234 235 236 238 239 
0 2 7 8 55 56 57 58 59 60 61 62 63 64 65 66 67 68 69 70 71 72 73 74 75 77 78 79 80 81 82 83 84 86 87 89 90 91 92 93 94 95 96 97 98 101 102 211 212 213 215 218 220 221 222 224 226 227 228 230 233 234 235 236 237 238 240 
0 3 9 10 103 104 105 106 107 108 109 110 112 114 115 116 118 120 121 122 123 124 125 127 128 129 130 131 132 133 134 135 136 211 213 214 216 217 218 219 220 223 224 226 228 229 232 233 235 236 237 239 240 
0 4 138 139 140 141 142 144 145 146 147 148 149 151 152 153 156 157 158 159 160 161 162 164 166 169 170 171 172 174 175 176 177 178 211 212 214 217 218 220 221 222 225 227 229 230 232 234 235 237 238 240 
0 5 180 181 182 184 185 186 187 188 189 190 191 192 194 195 196 197 199 200 201 202 205 206 207 208 209 210 211 213 215 217 219 220 221 223 224 226 227 229 230 231 234 235 236 237 239 240 
0 6 1 11 12 13 14 16 17 18 19 20 21 22 23 24 25 26 27 28 29 30 31 32 33 34 35 37 38 39 40 42 43 44 45 46 47 48 49 50 52 53 54 
0 7 2 8 55 56 57 58 59 60 61 62 63 64 65 66 67 68 69 70 71 72 73 74 75 77 78 79 80 81 82 83 84 86 87 89 90 91 92 93 94 95 96 97 98 101 102 
0 8 2 7 55 56 57 58 59 60 61 62 63 64 65 66 67 68 69 70 71 72 73 74 75 77 78 79 80 81 82 83 84 86 87 89 90 91 92 93 94 95 96 97 98 101 102 
0 9 3 10 103 104 105 106 107 108 109 110 112 114 115 116 118 120 121 122 123 124 125 127 128 129 130 131 132 133 134 135 136 
0 10 3 9 103 104 105 106 107 108 109 110 112 114 115 116 118 120 121 122 123 124 125 127 128 129 130 131 132 133 134 135 136 
0 11 1 6 12 13 14 16 17 18 19 20 21 22 23 24 25 26 27 28 29 30 31 32 33 34 35 37 38 39 40 42 43 44 45 46 47 48 49 50 51 52 53 54 
0 12 1 6 11 13 14 16 17 18 19 21 22 23 24 25 26 27 30 31 32 33 34 37 38 39 40 42 43 44 45 46 47 48 49 53 54 
0 13 1 6 11 12 14 16 17 18 19 20 21 22 23 24 25 26 27 28 29 30 31 32 34 35 36 37 38 40 42 43 44 47 48 50 52 53 54 
0 14 1 6 11 12 13 15 16 17 18 19 21 22 23 24 25 26 27 28 29 30 31 32 33 34 37 38 39 40 41 42 43 44 45 46 47 48 49 50 51 53 54 
0 15 14 27 29 33 34 46 51 
0 16 1 6 11 12 13 14 17 18 19 21 22 23 24 25 26 27 28 29 30 31 32 34 35 37 39 40 42 43 44 45 46 47 48 50 51 52 53 54 
0 17 1 6 11 12 13 14 16 18 19 21 22 23 24 25 26 27 28 29 30 31 32 33 34 38 39 40 41 42 43 44 46 47 49 50 53 54 
0 18 1 6 11 12 13 14 16 17 19 20 21 22 23 25 26 27 28 29 30 31 32 33 34 35 36 37 38 39 40 41 42 43 44 46 47 48 49 50 52 53 54 
0 19 1 6 11 12 13 14 16 17 18 20 21 22 23 24 25 26 27 28 29 30 31 32 33 34 35 37 38 39 40 42 43 44 45 46 47 48 49 50 52 53 54 
0 20 1 6 11 13 18 19 21 26 29 32 35 36 38 43 47 48 50 52 54 
0 21 1 6 11 12 13 14 16 17 18 19 20 22 23 24 25 26 27 30 31 32 33 34 35 37 39 40 42 44 46 47 48 49 52 53 54 
0 22 1 6 11 12 13 14 16 17 18 19 21 23 24 25 26 27 28 29 30 31 32 33 34 35 37 39 40 42 43 44 45 47 48 50 51 53 54 
0 23 1 6 11 12 13 14 16 17 18 19 21 22 24 25 26 27 28 29 30 31 32 34 35 37 38 39 40 42 43 44 45 46 47 48 50 52 53 54 
0 24 1 6 11 12 13 14 16 17 19 21 22 23 25 26 27 28 29 30 31 32 34 35 37 39 40 42 43 44 45 47 48 50 52 53 54 
0 25 1 6 11 12 13 14 16 17 18 19 21 22 23 24 26 27 28 29 30 31 32 34 35 37 38 39 40 42 43 44 45 46 47 48 49 50 53 54 
0 26 1 6 11 12 13 14 16 17 18 19 20 21 22 23 24 25 27 28 29 30 31 32 33 34 35 37 38 39 40 42 43 44 45 46 47 48 49 50 52 53 54 
0 27 1 6 11 12 13 14 15 16 17 18 19 21 22 23 24 25 26 28 29 30 31 32 33 34 35 37 39 40 42 43 44 45 46 47 48 49 50 52 53 54 
0 28 1 6 11 13 14 16 17 18 19 22 23 24 25 26 27 29 30 33 34 35 37 39 40 41 43 44 45 46 47 48 50 51 52 53 54 
0 29 1 6 11 13 14 15 16 17 18 19 20 22 23 24 25 26 27 28 30 32 34 35 36 37 38 40 43 44 45 46 47 48 50 52 53 54 
0 30 1 6 11 12 13 14 16 17 18 19 21 22 23 24 25 26 27 28 29 31 32 34 37 38 40 42 43 44 45 46 47 48 49 50 53 54 
0 31 1 6 11 12 13 14 16 17 18 19 21 22 23 24 25 26 27 30 32 33 34 35 36 38 39 40 42 43 44 46 47 48 49 51 53 54 
0 32 1 6 11 12 13 14 16 17 18 19 20 21 22 23 24 25 26 27 29 30 31 33 34 35 36 38 39 40 42 43 44 46 47 48 49 51 53 54 
0 33 1 6 11 12 14 15 17 18 19 21 22 26 27 28 31 32 34 35 37 38 39 40 41 42 43 44 45 46 49 51 53 
0 34 1 6 11 12 13 14 15 16 17 18 19 21 22 23 24 25 26 27 28 29 30 31 32 33 35 37 38 39 40 42 43 44 45 46 47 48 49 50 52 53 54 
0 35 1 6 11 13 16 18 19 20 21 22 23 24 25 26 27 28 29 31 32 33 34 37 39 40 43 44 45 46 47 48 50 51 52 54 
0 36 13 18 20 29 31 32 38 47 48 50 52 
0 37 1 6 11 12 13 14 16 18 19 21 22 23 24 25 26 27 28 29 30 33 34 35 40 42 43 44 45 46 47 48 50 52 54 
0 38 1 6 11 12 13 14 17 18 19 20 23 25 26 29 30 31 32 33 34 36 39 40 42 43 44 46 47 48 49 51 53 54 
0 39 1 6 11 12 14 16 17 18 19 21 22 23 24 25 26 27 28 31 32 33 34 35 38 40 41 42 43 44 45 46 47 48 49 50 51 53 54 
0 40 1 6 11 12 13 14 16 17 18 19 21 22 23 24 25 26 27 28 29 30 31 32 33 34 35 37 38 39 42 43 44 45 46 47 48 49 50 51 53 54 
0 41 14 17 18 28 33 39 45 46 49 51 
0 42 1 6 11 12 13 14 16 17 18 19 21 22 23 24 25 26 27 30 31 32 33 34 37 38 39 40 43 44 46 47 48 49 53 54 
0 43 1 6 11 12 13 14 16 17 18 19 20 22 23 24 25 26 27 28 29 30 31 32 33 34 35 37 38 39 40 42 44 45 46 47 48 49 50 51 53 54 
0 44 1 6 11 12 13 14 16 17 18 19 21 22 23 24 25 26 27 28 29 30 31 32 33 34 35 37 38 39 40 42 43 45 46 47 48 49 50 52 53 54 
0 45 1 6 11 12 14 16 19 22 23 24 25 26 27 28 29 30 33 34 35 37 39 40 41 43 44 46 47 50 51 53 54 
0 46 1 6 11 12 14 15 16 17 18 19 21 23 25 26 27 28 29 30 31 32 33 34 35 37 38 39 40 41 42 43 44 45 47 49 50 51 52 53 54 
0 47 1 6 11 12 13 14 16 17 18 19 20 21 22 23 24 25 26 27 28 29 30 31 32 34 35 36 37 38 39 40 42 43 44 45 46 48 49 50 52 53 54 
0 48 1 6 11 12 13 14 16 18 19 20 21 22 23 24 25 26 27 28 29 30 31 32 34 35 36 37 38 39 40 42 43 44 47 50 52 53 54 
0 49 1 6 11 12 14 17 18 19 21 25 26 27 30 31 32 33 34 38 39 40 41 42 43 44 46 47 51 53 54 
0 50 1 6 11 13 14 16 17 18 19 20 22 23 24 25 26 27 28 29 30 34 35 36 37 39 40 43 44 45 46 47 48 52 53 54 
0 51 11 14 15 16 22 28 31 32 33 35 38 39 40 41 43 45 46 49 
0 52 1 6 11 13 16 18 19 20 21 23 24 26 27 28 29 34 35 36 37 44 46 47 48 50 54 
0 53 1 6 11 12 13 14 16 17 18 19 21 22 23 24 25 26 27 28 29 30 31 32 33 34 38 39 40 42 43 44 45 46 47 48 49 50 54 
0 54 1 6 11 12 13 14 16 17 18 19 20 21 22 23 24 25 26 27 28 29 30 31 32 34 35 37 38 39 40 42 43 44 45 46 47 48 49 50 52 53 
0 55 2 7 8 56 57 59 61 62 66 68 69 71 72 73 76 79 80 81 82 83 86 90 92 95 96 97 98 101 102 
0 56 2 7 8 55 57 58 59 61 63 64 66 68 69 70 72 73 74 75 77 81 82 86 87 88 89 91 92 94 95 96 97 98 99 101 102 
0 57 2 7 8 55 56 58 59 60 61 62 63 64 65 66 67 68 69 70 71 72 73 74 75 77 78 79 80 81 82 83 84 86 87 89 90 91 92 93 94 95 96 97 98 101 102 
0 58 2 7 8 56 57 59 60 62 63 64 66 68 69 70 72 73 74 75 77 81 82 84 85 87 88 89 90 91 93 94 95 96 97 98 99 101 102 
0 59 2 7 8 55 56 57 58 60 61 62 63 65 66 67 68 69 71 72 73 74 75 77 78 79 80 81 82 83 84 87 89 90 91 92 93 94 95 96 97 101 102 
0 60 2 7 8 57 58 59 62 63 64 65 66 67 68 69 70 71 72 73 74 75 77 78 79 80 81 82 83 84 85 87 89 90 91 93 94 95 96 97 98 99 100 101 102 
0 61 2 7 8 55 56 57 59 63 66 69 72 73 74 81 82 83 86 87 89 92 93 94 95 96 97 101 102 
0 62 2 7 8 55 57 58 59 60 63 64 65 66 67 68 69 72 73 74 75 77 78 79 80 81 82 83 84 87 89 90 91 92 93 94 95 96 97 99 100 101 102 
0 63 2 7 8 56 57 58 59 60 61 62 64 65 66 67 68 69 70 72 73 74 75 77 78 79 80 81 82 83 84 87 88 89 90 91 92 93 94 95 96 97 98 99 101 102 
0 64 2 7 8 56 57 58 60 62 63 66 68 69 70 73 74 75 77 81 82 83 84 85 87 89 92 93 94 95 96 97 99 100 101 102 
0 65 2 7 8 57 59 60 62 63 66 67 71 72 74 75 76 78 79 80 82 84 86 87 90 91 92 94 95 96 97 98 101 
0 66 2 7 8 55 56 57 58 59 60 61 62 63 64 65 69 70 71 72 73 74 75 76 81 82 83 86 87 88 89 91 92 93 94 95 96 97 98 99 101 102 
0 67 2 7 8 57 59 60 62 63 65 71 72 73 74 75 76 78 79 80 82 83 84 87 90 91 92 94 95 96 97 100 101 
0 68 2 7 8 55 56 57 58 59 60 62 63 64 69 72 73 74 75 77 78 79 80 82 83 84 85 87 88 89 90 93 94 95 96 
0 69 2 7 8 55 56 57 58 59 60 61 62 63 64 66 68 72 73 74 75 79 80 81 82 83 84 85 86 87 89 90 92 93 94 95 96 97 101 102 
0 70 2 7 8 56 57 58 60 63 64 66 72 74 75 77 78 82 84 85 87 88 91 93 94 95 97 98 99 100 
0 71 2 7 8 55 57 59 60 65 66 67 72 75 76 78 79 82 86 91 92 94 97 98 100 101 
0 72 2 7 8 55 56 57 58 59 60 61 62 63 65 66 67 68 69 70 71 73 74 75 76 77 78 79 80 81 82 84 86 87 89 90 91 92 93 94 95 96 97 98 101 102 
0 73 2 7 8 55 56 57 58 59 60 61 62 63 64 66 67 68 69 72 74 75 78 79 80 81 82 83 84 86 87 89 90 92 93 94 95 96 97 101 102 
0 74 2 7 8 56 57 58 59 60 61 62 63 64 65 66 67 68 69 70 72 73 75 77 78 79 80 81 82 83 84 85 87 88 89 90 91 92 93 94 95 96 97 98 99 101 102 
0 75 2 7 8 56 57 58 59 60 62 63 64 65 66 67 68 69 70 71 72 73 74 77 78 79 80 82 84 85 87 88 89 90 91 93 94 95 96 97 98 99 102 
0 76 55 65 66 67 71 72 79 86 89 91 97 98 100 
0 77 2 7 8 56 57 58 59 60 62 63 64 68 70 72 74 75 80 81 82 84 85 87 88 90 91 93 94 95 98 99 
0 78 2 7 8 57 59 60 62 63 65 67 68 70 71 72 73 74 75 79 80 82 83 84 87 90 91 92 93 94 95 96 97 99 100 101 
0 79 2 7 8 55 57 59 60 62 63 65 67 68 69 71 72 73 74 75 76 78 80 82 83 84 86 90 91 92 93 94 95 96 98 
0 80 2 7 8 55 57 59 60 62 63 65 67 68 69 72 73 74 75 77 78 79 82 83 84 87 90 91 92 93 94 95 96 
0 81 2 7 8 55 56 57 58 59 60 61 62 63 64 66 69 72 73 74 77 82 83 85 86 87 89 92 93 94 95 96 97 99 101 102 
0 82 2 7 8 55 56 57 58 59 60 61 62 63 64 65 66 67 68 69 70 71 72 73 74 75 77 78 79 80 81 83 84 87 89 90 91 92 93 94 95 96 97 98 101 102 
0 83 2 7 8 55 57 59 60 61 62 63 64 66 67 68 69 73 74 78 79 80 81 82 84 89 90 92 93 94 95 96 97 99 101 102 
0 84 2 7 8 57 58 59 60 62 63 64 65 67 68 69 70 72 73 74 75 77 78 79 80 82 83 85 87 89 90 91 93 94 95 96 98 99 100 
0 85 58 60 64 68 69 70 74 75 77 81 84 86 90 93 96 99 102 
0 86 2 7 8 55 56 57 61 65 66 69 71 72 73 76 79 81 85 87 94 95 96 97 98 101 102 
0 87 2 7 8 56 57 58 59 60 61 62 63 64 65 66 67 68 69 70 72 73 74 75 77 78 80 81 82 84 86 88 89 90 91 92 93 94 95 96 97 98 99 101 102 
0 88 56 58 63 66 68 70 74 75 77 87 93 94 95 96 98 99 
0 89 2 7 8 56 57 58 59 60 61 62 63 64 66 68 69 72 73 74 75 76 81 82 83 84 87 91 92 93 94 95 96 97 98 99 101 102 
0 90 2 7 8 55 57 58 59 60 62 63 65 67 68 69 72 73 74 75 77 78 79 80 82 83 84 85 87 91 93 94 95 96 
0 91 2 7 8 56 57 58 59 60 62 63 65 66 67 70 71 72 74 75 76 77 78 79 80 82 84 87 89 90 94 95 97 98 
0 92 2 7 8 55 56 57 59 61 62 63 64 65 66 67 69 71 72 73 74 78 79 80 81 82 83 87 89 93 95 96 97 101 102 
0 93 2 7 8 57 58 59 60 61 62 63 64 66 68 69 70 72 73 74 75 77 78 79 80 81 82 83 84 85 87 88 89 90 92 94 95 96 97 99 100 101 102 
0 94 2 7 8 56 57 58 59 60 61 62 63 64 65 66 67 68 69 70 71 72 73 74 75 77 78 79 80 81 82 83 84 86 87 88 89 90 91 93 95 96 97 98 101 102 
0 95 2 7 8 55 56 57 58 59 60 61 62 63 64 65 66 67 68 69 70 72 73 74 75 77 78 79 80 81 82 83 84 86 87 88 89 90 91 92 93 94 96 97 98 99 101 102 
0 96 2 7 8 55 56 57 58 59 60 61 62 63 64 65 66 67 68 69 72 73 74 75 78 79 80 81 82 83 84 85 86 87 88 89 90 92 93 94 95 97 101 102 
0 97 2 7 8 55 56 57 58 59 60 61 62 63 64 65 66 67 69 70 71 72 73 74 75 76 78 81 82 83 86 87 89 91 92 93 94 95 96 98 100 101 102 
0 98 2 7 8 55 56 57 58 60 63 65 66 70 71 72 74 75 76 77 79 82 84 86 87 88 89 91 94 95 97 99 
0 99 56 58 60 62 63 64 66 70 74 75 77 78 81 83 84 85 87 88 89 93 95 98 100 
0 100 60 62 64 67 70 71 76 78 84 93 97 99 101 
0 101 2 7 8 55 56 57 58 59 60 61 62 63 64 65 66 67 69 71 72 73 74 78 81 82 83 86 87 89 92 93 94 95 96 97 100 102 
0 102 2 7 8 55 56 57 58 59 60 61 62 63 64 66 69 72 73 74 75 81 82 83 85 86 87 89 92 93 94 95 96 97 101 
0 103 3 9 10 104 105 106 107 109 110 112 114 115 116 118 119 121 122 123 126 127 128 129 130 131 132 133 134 135 137 
0 104 3 9 10 103 105 106 107 108 109 110 112 114 115 116 121 122 123 125 127 128 129 130 131 132 133 134 135 136 
0 105 3 9 10 103 104 106 107 108 109 110 112 114 115 116 118 120 122 123 124 125 127 128 129 130 131 132 133 134 135 136 
0 106 3 9 10 103 104 105 107 109 110 112 114 115 116 123 126 129 130 131 132 133 134 136 137 
0 107 3 9 10 103 104 105 106 109 112 114 115 116 118 120 121 124 125 126 128 129 130 131 132 133 134 136 137 
0 108 3 9 10 104 105 109 114 121 122 125 127 129 134 135 
0 109 3 9 10 103 104 105 106 107 108 110 112 114 115 116 120 122 123 124 125 126 127 129 130 131 132 133 134 136 
0 110 3 9 10 103 104 105 106 109 112 114 115 116 117 123 126 129 130 131 132 133 134 136 
0 111 119 
0 112 3 9 10 103 104 105 106 107 109 110 114 115 116 118 120 122 123 124 127 128 129 130 131 132 133 134 135 136 
0 113 116 119 121 137 
0 114 3 9 10 103 104 105 106 107 108 109 110 112 115 116 122 125 127 129 130 131 132 133 134 135 136 
0 115 3 9 10 103 104 105 106 107 109 110 112 114 116 123 126 129 130 131 132 133 134 136 137 
0 116 3 9 10 103 104 105 106 107 109 110 112 113 114 115 118 119 120 121 122 124 128 129 130 131 132 133 134 135 136 137 
0 117 110 136 
0 118 3 9 10 103 105 107 112 116 119 120 121 124 125 128 129 131 132 133 134 135 137 
0 119 103 111 113 116 118 121 128 131 137 
0 120 3 9 10 105 107 109 112 116 118 121 124 125 129 130 132 133 134 136 137 
0 121 3 9 10 103 104 107 108 113 116 118 119 120 122 124 125 128 129 131 132 134 135 137 
0 122 3 9 10 103 104 105 108 109 112 114 116 121 123 124 125 127 128 129 131 133 134 135 137 
0 123 3 9 10 103 104 105 106 109 110 112 115 122 125 126 127 129 130 131 133 134 135 
0 124 3 9 10 105 107 109 112 116 118 120 121 122 125 129 130 132 133 134 136 137 
0 125 3 9 10 104 105 107 108 109 114 118 120 121 122 123 124 127 129 134 135 
0 126 103 106 107 109 110 115 123 130 131 132 
0 127 3 9 10 103 104 105 108 109 112 114 122 123 125 129 131 133 134 135 
0 128 3 9 10 103 104 105 107 112 116 118 119 121 122 129 131 132 133 135 
0 129 3 9 10 103 104 105 106 107 108 109 110 112 114 115 116 118 120 121 122 123 124 125 127 128 130 131 132 133 134 135 136 
0 130 3 9 10 103 104 105 106 107 109 110 112 114 115 116 120 123 124 126 129 131 132 133 134 136 
0 131 3 9 10 103 104 105 106 107 109 110 112 114 115 116 118 119 121 122 123 126 127 128 129 130 132 133 134 135 136 
0 132 3 9 10 103 104 105 106 107 109 110 112 114 115 116 118 120 121 124 126 128 129 130 131 133 134 136 137 
0 133 3 9 10 103 104 105 106 107 109 110 112 114 115 116 118 120 122 123 124 127 128 129 130 131 132 134 135 136 
0 134 3 9 10 103 104 105 106 107 108 109 110 112 114 115 116 118 120 121 122 123 124 125 127 129 130 131 132 133 135 136 
0 135 3 9 10 103 104 105 108 112 114 116 118 121 122 123 125 127 128 129 131 133 134 
0 136 3 9 10 104 105 106 107 109 110 112 114 115 116 117 120 124 129 130 131 132 133 134 
0 137 103 106 107 113 115 116 118 119 120 121 122 124 132 
0 138 4 139 141 142 145 146 147 149 151 152 153 154 162 166 167 171 174 176 178 
0 139 4 138 141 142 144 145 146 147 148 149 151 152 153 156 157 158 159 160 161 162 164 166 169 170 171 172 174 175 176 177 178 
0 140 4 142 145 146 152 153 155 160 161 166 167 168 172 174 175 177 178 179 
0 141 4 138 139 142 143 144 145 146 147 148 149 151 152 153 154 156 157 158 159 160 161 162 164 166 170 171 172 173 174 175 176 177 178 
0 142 4 138 139 140 141 145 146 147 149 151 152 153 154 160 162 163 166 169 171 172 174 175 176 177 178 
0 143 141 144 145 151 156 157 169 171 173 
0 144 4 139 141 143 147 148 149 151 156 157 158 159 160 161 166 168 169 170 171 172 
0 145 4 138 139 140 141 142 143 146 147 149 151 152 153 160 162 166 171 172 174 175 176 177 178 179 
0 146 4 138 139 140 141 142 145 149 150 151 152 153 154 158 160 161 162 166 169 171 172 174 175 176 177 178 
0 147 4 138 139 141 142 144 145 148 149 151 153 154 156 157 158 159 160 161 162 166 168 170 171 172 174 176 
0 148 4 139 141 144 147 149 151 153 156 157 158 159 160 161 164 166 170 171 172 174 
0 149 4 138 139 141 142 144 145 146 147 148 151 152 153 154 156 157 158 159 160 161 162 164 166 168 170 171 172 174 176 178 
0 150 146 154 158 159 162 166 167 169 178 
0 151 4 138 139 141 142 143 144 145 146 147 148 149 152 153 156 157 158 159 160 162 166 168 170 171 172 173 174 176 177 178 
0 152 4 138 139 140 141 142 145 146 149 151 153 158 160 162 166 171 172 174 175 176 177 178 
0 153 4 138 139 140 141 142 145 146 147 148 149 151 152 156 157 158 159 160 161 162 164 166 169 171 172 174 175 176 177 178 179 
0 154 138 141 142 146 147 149 150 169 171 176 
0 155 140 161 168 172 173 175 
0 156 4 139 141 143 144 147 148 149 151 153 157 158 159 160 161 164 166 169 170 171 172 174 
0 157 4 139 141 143 144 147 148 149 151 153 156 158 159 160 161 164 166 170 171 172 173 174 
0 158 4 139 141 144 146 147 148 149 150 151 152 153 156 157 159 160 161 162 166 168 169 170 171 172 174 177 178 
0 159 4 139 141 144 147 148 149 150 151 153 156 157 158 160 161 164 166 170 171 172 173 174 
0 160 4 139 140 141 142 144 145 146 147 148 149 151 152 153 156 157 158 159 161 162 164 166 168 170 171 172 174 175 176 177 178 
0 161 4 139 140 141 144 146 147 148 149 153 155 156 157 158 159 160 164 166 168 169 170 171 172 173 174 179 
0 162 4 138 139 141 142 145 146 147 149 150 151 152 153 158 160 166 167 171 174 176 177 178 
0 163 142 
0 164 4 139 141 148 149 153 156 157 159 160 161 167 171 174 175 
0 165 173 
0 166 4 138 139 140 141 142 144 145 146 147 148 149 150 151 152 153 156 157 158 159 160 161 162 168 169 170 171 172 174 175 176 177 178 
0 167 138 140 150 162 164 178 
0 168 140 144 147 149 151 155 158 160 161 166 170 171 172 173 175 179 
0 169 4 139 142 143 144 146 150 153 154 156 158 161 166 172 174 
0 170 4 139 141 144 147 148 149 151 156 157 158 159 160 161 166 168 171 172 179 
0 171 4 138 139 141 142 143 144 145 146 147 148 149 151 152 153 154 156 157 158 159 160 161 162 164 166 168 170 172 173 174 176 177 178 
0 172 4 139 140 141 142 144 145 146 147 148 149 151 152 153 155 156 157 158 159 160 161 166 168 169 170 171 174 175 177 178 179 
0 173 141 143 151 155 157 159 161 165 168 171 
0 174 4 138 139 140 141 142 145 146 147 148 149 151 152 153 156 157 158 159 160 161 162 164 166 169 171 172 175 176 177 178 
0 175 4 139 140 141 142 145 146 152 153 155 160 164 166 168 172 174 177 178 179 
0 176 4 138 139 141 142 145 146 147 149 151 152 153 154 160 162 166 171 174 177 178 
0 177 4 139 140 141 142 145 146 151 152 153 158 160 162 166 171 172 174 175 176 178 
0 178 4 138 139 140 141 142 145 146 149 150 151 152 153 158 160 162 166 167 171 172 174 175 176 177 
0 179 140 145 153 161 168 170 172 175 
0 180 5 186 187 188 190 191 192 194 195 197 198 199 200 201 202 203 205 206 210 
0 181 5 182 183 184 185 186 187 188 189 190 191 192 194 195 196 197 199 200 201 202 203 205 206 208 209 210 
0 182 5 181 184 185 186 187 188 189 190 191 192 194 195 196 197 200 201 202 204 206 208 210 
0 183 181 184 185 186 187 188 189 193 194 195 202 203 205 208 209 
0 184 5 181 182 183 185 186 187 189 192 194 195 197 198 199 200 201 202 205 208 209 210 
0 185 5 181 182 183 184 186 187 188 189 190 191 192 193 194 196 200 201 203 205 206 207 208 209 
0 186 5 180 181 182 183 184 185 187 188 189 190 191 192 194 195 196 197 199 200 201 202 205 206 207 208 209 210 
0 187 5 180 181 182 183 184 185 186 188 189 190 191 192 194 195 196 197 199 200 201 202 205 206 207 208 209 210 
0 188 5 180 181 182 183 185 186 187 191 192 193 195 196 200 203 206 209 
0 189 5 181 182 183 184 185 186 187 194 195 197 201 202 203 204 205 208 209 210 
0 190 5 180 181 182 185 186 187 191 192 193 194 195 196 197 198 199 200 201 202 205 206 207 208 210 
0 191 5 180 181 182 185 186 187 188 190 192 194 195 196 197 199 200 201 202 203 206 208 210 
0 192 5 180 181 182 184 185 186 187 188 190 191 194 195 196 197 199 200 201 202 205 208 209 210 
0 193 183 185 188 190 197 198 200 201 203 207 209 
0 194 5 180 181 182 183 184 185 186 187 189 190 191 192 195 196 197 199 200 201 202 205 206 207 208 209 210 
0 195 5 180 181 182 183 184 186 187 188 189 190 191 192 194 197 199 200 201 202 205 208 209 210 
0 196 5 181 182 185 186 187 188 190 191 192 194 200 201 206 207 208 210 
0 197 5 180 181 182 184 186 187 189 190 191 192 193 194 195 198 199 201 202 205 207 208 209 210 
0 198 180 184 190 193 197 200 201 207 208 210 
0 199 5 180 181 184 186 187 190 191 192 194 195 197 200 201 202 204 205 208 210 
0 200 5 180 181 182 184 185 186 187 188 190 191 192 193 194 195 196 198 199 201 202 205 206 207 208 209 210 
0 201 5 180 181 182 184 185 186 187 189 190 191 192 193 194 195 196 197 198 199 200 202 205 206 207 208 209 210 
0 202 5 180 181 182 183 184 186 187 189 190 191 192 194 195 197 199 200 201 205 208 209 210 
0 203 180 181 183 185 188 189 191 193 205 206 209 
0 204 182 189 199 205 
0 205 5 180 181 183 184 185 186 187 189 190 192 194 195 197 199 200 201 202 203 204 208 209 210 
0 206 5 180 181 182 185 186 187 188 190 191 194 196 200 201 203 208 
0 207 5 185 186 187 190 193 194 196 197 198 200 201 208 
0 208 5 181 182 183 184 185 186 187 189 190 191 192 194 195 196 197 198 199 200 201 202 205 206 207 209 210 
0 209 5 181 183 184 185 186 187 188 189 192 193 194 195 197 200 201 202 203 205 208 
0 210 5 180 181 182 184 186 187 189 190 191 192 194 195 196 197 198 199 200 201 202 205 208 
0 211 0 1 2 3 4 5 
0 212 0 2 4 
0 213 0 1 2 3 5 
0 214 0 1 3 4 
0 215 0 2 5 
0 216 0 1 3 
0 217 0 1 3 4 5 
0 218 0 1 2 3 4 
0 219 0 3 5 
0 220 0 1 2 3 4 5 
0 221 0 2 4 5 
0 222 0 1 2 4 
0 223 0 1 3 5 
0 224 0 2 3 5 
0 225 0 4 
0 226 0 1 2 3 5 
0 227 0 2 4 5 
0 228 0 1 2 3 
0 229 0 3 4 5 
0 230 0 1 2 4 5 
0 231 0 1 5 
0 232 0 3 4 
0 233 0 2 3 
0 234 0 1 2 4 5 
0 235 0 1 2 3 4 5 
0 236 0 1 2 3 5 
0 237 0 2 3 4 5 
0 238 0 1 2 4 
0 239 0 1 3 5 
0 240 0 2 3 4 5 
1800 0 211 212 213 214 215 216 217 218 219 220 221 222 223 224 225 226 227 228 229 230 231 232 233 234 235 236 237 238 239 240 
1800 1 6 11 12 13 14 15 16 17 18 19 20 21 22 23 24 25 26 27 28 29 30 31 32 33 34 35 36 37 38 39 40 41 42 43 44 45 46 47 48 49 50 51 52 53 54 211 213 214 216 217 218 220 222 223 226 228 230 231 234 235 236 238 239 
1800 2 7 8 55 56 57 58 59 60 61 62 63 65 66 67 68 69 70 71 72 73 74 75 76 77 78 79 80 81 82 83 84 85 86 87 89 90 91 92 93 94 95 96 97 98 99 100 102 211 212 213 215 218 220 221 222 224 226 227 228 230 233 234 235 236 237 238 240 
1800 3 9 10 103 106 107 109 110 113 114 115 116 117 118 119 120 121 122 123 124 125 127 128 129 130 131 133 134 135 136 137 211 213 214 216 217 218 219 220 223 224 226 228 229 232 233 235 236 237 239 240 
1800 4 139 140 141 142 144 145 146 147 148 149 150 152 154 155 156 159 160 161 163 164 165 166 167 168 169 173 175 176 177 178 179 211 212 214 217 218 220 221 222 225 227 229 230 232 234 235 237 238 240 
1800 5 180 183 184 185 186 187 188 189 190 191 192 193 195 196 198 199 200 201 202 203 204 205 206 207 208 209 210 211 213 215 217 219 220 221 223 224 226 227 229 230 231 234 235 236 237 239 240 
1800 6 1 11 12 13 14 15 16 17 18 19 20 21 22 23 24 25 26 27 28 29 30 31 32 33 34 35 36 37 38 39 40 41 42 43 44 45 46 47 48 49 50 51 52 53 54 
1800 7 2 8 55 56 57 58 59 60 61 62 63 65 66 67 68 69 70 71 72 73 74 75 76 77 78 79 80 81 82 83 84 85 86 87 89 90 91 92 93 94 95 96 97 98 99 100 102 
1800 8 2 7 55 56 57 58 59 60 61 62 63 65 66 67 68 69 70 71 72 73 74 75 76 77 78 79 80 81 82 83 84 85 86 87 89 90 91 92 93 94 95 96 97 98 99 100 102 
1800 9 3 10 103 106 107 109 110 113 114 115 116 117 118 119 120 121 122 123 124 125 127 128 129 130 131 133 134 135 136 137 
1800 10 3 9 103 106 107 109 110 113 114 115 116 117 118 119 120 121 122 123 124 125 127 128 129 130 131 133 134 135 136 137 
1800 11 1 6 12 14 15 16 17 18 19 20 21 22 23 24 25 26 28 29 30 31 32 33 34 36 38 39 40 41 42 43 44 45 46 47 48 49 50 51 52 53 54 
1800 12 1 6 11 14 15 16 17 18 19 20 21 22 23 24 25 26 27 28 29 30 31 32 33 34 35 36 37 38 39 40 41 42 43 44 45 46 47 48 49 50 51 52 53 54 
1800 13 1 6 14 15 19 21 22 23 24 26 30 31 34 36 38 43 45 48 50 52 53 54 
1800 14 1 6 11 12 13 15 16 17 18 19 20 21 22 23 24 25 26 28 29 30 31 32 33 34 36 38 39 40 41 42 43 44 45 46 47 48 49 50 51 52 53 54 
1800 15 1 6 11 12 13 14 16 17 18 19 20 21 22 23 24 25 26 27 28 29 30 31 32 33 34 35 36 37 38 39 40 41 42 43 44 45 46 47 48 49 50 51 52 53 54 
1800 16 1 6 11 12 14 15 17 18 19 20 21 22 23 24 26 27 28 30 31 32 35 36 37 38 39 41 42 43 44 45 46 47 48 49 50 51 52 53 54 
1800 17 1 6 11 12 14 15 16 18 19 20 21 22 23 24 25 26 27 28 29 30 31 32 33 34 35 36 37 38 39 40 41 42 43 44 45 46 47 48 49 50 51 52 53 54 
1800 18 1 6 11 12 14 15 16 17 19 20 21 22 23 24 25 26 29 30 31 32 33 35 36 37 39 40 41 42 43 44 45 46 47 48 49 50 51 52 53 
1800 19 1 6 11 12 13 14 15 16 17 18 20 21 22 23 24 25 26 29 30 31 32 33 34 35 36 37 38 39 40 41 42 43 44 45 46 48 49 50 52 53 54 
1800 20 1 6 11 12 14 15 16 17 18 19 21 22 23 24 25 27 29 30 31 32 33 35 36 37 39 40 41 42 43 44 45 46 49 50 52 53 
1800 21 1 6 11 12 13 14 15 16 17 18 19 20 22 23 24 25 26 27 29 30 31 32 33 34 35 36 37 38 39 40 41 42 43 44 45 46 47 48 49 50 52 53 54 
1800 22 1 6 11 12 13 14 15 16 17 18 19 20 21 23 24 25 26 27 29 30 31 32 33 34 35 36 37 38 39 40 41 42 43 44 45 46 47 48 49 50 52 53 54 
1800 23 1 6 11 12 13 14 15 16 17 18 19 20 21 22 24 25 26 27 29 30 31 32 33 34 35 36 37 38 39 40 41 42 43 44 45 46 48 49 50 52 53 54 
1800 24 1 6 11 12 13 14 15 16 17 18 19 20 21 22 23 25 26 28 29 30 31 32 33 34 36 38 39 40 41 42 43 44 45 46 47 48 49 50 51 52 53 54 
1800 25 1 6 11 12 14 15 17 18 19 20 21 22 23 24 28 29 30 31 32 33 34 36 39 40 41 42 43 44 45 46 49 50 52 
1800 26 1 6 11 12 13 14 15 16 17 18 19 21 22 23 24 27 28 30 31 33 34 35 36 38 39 41 42 43 44 45 46 47 48 49 50 51 52 53 54 
1800 27 1 6 12 15 16 17 20 21 22 23 26 30 35 36 37 50 51 52 53 
1800 28 1 6 11 12 14 15 16 17 24 25 26 29 31 32 33 34 35 36 38 40 41 42 43 44 46 47 48 49 51 53 54 
1800 29 1 6 11 12 14 15 17 18 19 20 21 22 23 24 25 28 30 31 32 33 34 35 36 39 40 41 42 43 44 45 46 47 49 50 51 52 
1800 30 1 6 11 12 13 14 15 16 17 18 19 20 21 22 23 24 25 26 27 29 31 32 33 34 35 36 37 38 39 40 41 42 43 45 46 48 49 50 52 53 54 
1800 31 1 6 11 12 13 14 15 16 17 18 19 20 21 22 23 24 25 26 28 29 30 32 33 34 35 36 38 39 40 41 42 43 44 45 46 47 48 49 50 51 52 53 54 
1800 32 1 6 11 12 14 15 16 17 18 19 20 21 22 23 24 25 28 29 30 31 33 34 35 36 37 39 40 41 42 43 44 45 46 47 49 50 51 52 
1800 33 1 6 11 12 14 15 17 18 19 20 21 22 23 24 25 26 28 29 30 31 32 34 35 36 37 38 39 40 41 42 43 44 45 46 48 49 50 52 53 54 
1800 34 1 6 11 12 13 14 15 17 19 21 22 23 24 25 26 28 29 30 31 32 33 36 38 39 40 42 43 44 45 46 48 49 50 52 53 54 
1800 35 1 6 12 15 16 17 18 19 20 21 22 23 26 27 28 29 30 31 32 33 36 37 39 40 41 45 46 49 51 52 53 
1800 36 1 6 11 12 13 14 15 16 17 18 19 20 21 22 23 24 25 26 27 28 29 30 31 32 33 34 35 37 38 39 40 41 42 43 44 45 46 47 48 49 50 51 52 53 54 
1800 37 1 6 12 15 16 17 18 19 20 21 22 23 27 30 32 33 35 36 39 40 41 45 46 49 50 52 53 
1800 38 1 6 11 12 13 14 15 16 17 19 21 22 23 24 26 28 30 31 33 34 36 41 42 43 44 45 46 47 48 49 50 52 53 54 
1800 39 1 6 11 12 14 15 16 17 18 19 20 21 22 23 24 25 26 29 30 31 32 33 34 35 36 37 40 41 42 43 44 45 46 47 48 49 50 51 52 53 
1800 40 1 6 11 12 14 15 17 18 19 20 21 22 23 24 25 28 29 30 31 32 33 34 35 36 37 39 41 42 43 44 45 46 49 50 52 
1800 41 1 6 11 12 14 15 16 17 18 19 20 21 22 23 24 25 26 28 29 30 31 32 33 35 36 37 38 39 40 42 43 44 45 46 47 48 49 50 51 52 53 
1800 42 1 6 11 12 14 15 16 17 18 19 20 21 22 23 24 25 26 28 29 30 31 32 33 34 36 38 39 40 41 43 44 45 46 47 48 49 50 51 52 53 54 
1800 43 1 6 11 12 13 14 15 16 17 18 19 20 21 22 23 24 25 26 28 29 30 31 32 33 34 36 38 39 40 41 42 44 45 46 47 48 49 50 51 52 53 54 
1800 44 1 6 11 12 14 15 16 17 18 19 20 21 22 23 24 25 26 28 29 31 32 33 34 36 38 39 40 41 42 43 45 46 47 48 49 50 51 52 53 54 
1800 45 1 6 11 12 13 14 15 16 17 18 19 20 21 22 23 24 25 26 29 30 31 32 33 34 35 36 37 38 39 40 41 42 43 44 46 47 48 49 50 52 53 54 
1800 46 1 6 11 12 14 15 16 17 18 19 20 21 22 23 24 25 26 28 29 30 31 32 33 34 35 36 37 38 39 40 41 42 43 44 45 47 48 49 50 51 52 53 54 
1800 47 1 6 11 12 14 15 16 17 18 21 22 24 26 28 29 31 32 36 38 39 41 42 43 44 45 46 48 49 51 53 
1800 48 1 6 11 12 13 14 15 16 17 18 19 21 22 23 24 26 28 30 31 33 34 36 38 39 41 42 43 44 45 46 47 49 50 51 52 53 54 
1800 49 1 6 11 12 14 15 16 17 18 19 20 21 22 23 24 25 26 28 29 30 31 32 33 34 35 36 37 38 39 40 41 42 43 44 45 46 47 48 50 51 52 53 54 
1800 50 1 6 11 12 13 14 15 16 17 18 19 20 21 22 23 24 25 26 27 29 30 31 32 33 34 36 37 38 39 40 41 42 43 44 45 46 48 49 52 53 54 
1800 51 1 6 11 12 14 15 16 17 18 24 26 27 28 29 31 32 35 36 39 41 42 43 44 46 47 48 49 53 
1800 52 1 6 11 12 13 14 15 16 17 18 19 20 21 22 23 24 25 26 27 29 30 31 32 33 34 35 36 37 38 39 40 41 42 43 44 45 46 48 49 50 53 54 
1800 53 1 6 11 12 13 14 15 16 17 18 19 20 21 22 23 24 26 27 28 30 31 33 34 35 36 37 38 39 41 42 43 44 45 46 47 48 49 50 51 52 54 
1800 54 1 6 11 12 13 14 15 16 17 19 21 22 23 24 26 28 30 31 33 34 36 38 42 43 44 45 46 48 49 50 52 53 
1800 55 2 7 8 56 57 58 60 61 62 66 69 71 72 73 74 75 76 77 78 79 80 81 82 84 85 86 89 90 91 92 93 95 96 97 98 100 102 
1800 56 2 7 8 55 58 59 63 65 66 67 68 69 70 72 74 75 77 78 82 83 85 86 87 89 92 93 94 95 96 97 98 99 100 101 102 
1800 57 2 7 8 55 58 60 61 66 71 72 73 74 75 76 77 78 79 80 81 83 84 85 89 90 91 92 97 98 99 102 
1800 58 2 7 8 55 56 57 59 60 61 62 63 65 66 67 69 70 71 72 73 74 75 76 77 78 79 80 81 82 83 84 85 86 87 89 90 91 92 94 95 96 97 98 99 100 102 
1800 59 2 7 8 56 58 61 63 65 66 67 68 69 70 72 73 74 75 77 78 83 85 86 87 89 92 93 94 96 97 98 99 100 
1800 60 2 7 8 55 57 58 61 62 66 69 71 72 73 74 75 76 77 78 79 80 81 84 85 86 89 90 91 92 93 95 96 97 98 99 100 102 
1800 61 2 7 8 55 57 58 59 60 66 69 71 72 73 74 75 77 78 79 80 81 82 83 84 85 89 90 91 92 93 95 96 97 98 99 100 102 
1800 62 2 7 8 55 58 60 64 65 66 69 70 71 72 73 75 76 79 80 81 84 85 86 92 93 95 97 98 100 102 
1800 63 2 7 8 56 58 59 65 66 67 69 70 72 74 75 77 78 82 83 85 86 87 89 92 94 95 96 98 99 100 
1800 64 62 65 66 67 68 69 70 71 72 74 76 80 81 83 84 86 89 92 95 96 97 100 101 102 
1800 65 2 7 8 56 58 59 62 63 64 66 67 68 69 70 71 72 74 75 77 81 83 85 87 89 90 92 93 94 95 96 97 98 99 100 101 102 
1800 66 2 7 8 55 56 57 58 59 60 61 62 63 64 65 67 68 69 70 71 72 73 74 75 76 77 78 79 80 81 83 84 85 86 89 90 91 92 93 94 95 96 97 98 99 100 101 102 
1800 67 2 7 8 56 58 59 63 64 65 66 68 69 70 72 74 75 77 81 82 83 85 87 89 92 94 95 97 98 99 100 101 102 
1800 68 2 7 8 56 59 64 65 66 67 69 70 72 74 75 77 81 83 85 89 90 92 94 95 97 98 99 100 101 102 
1800 69 2 7 8 55 56 58 59 60 61 62 63 64 65 66 67 68 70 71 72 73 74 75 76 77 78 79 80 81 82 83 84 85 86 87 89 92 93 94 95 96 97 98 99 100 102 
1800 70 2 7 8 56 58 59 62 63 64 65 66 67 68 69 71 72 74 75 76 77 80 82 83 85 86 87 89 92 94 95 97 98 99 100 101 102 
1800 71 2 7 8 55 57 58 60 61 62 64 65 66 69 70 72 73 74 75 76 77 79 80 81 83 84 85 86 89 91 92 93 95 96 97 98 100 101 102 
1800 72 2 7 8 55 56 57 58 59 60 61 62 63 64 65 66 67 68 69 70 71 73 74 75 76 77 79 80 81 82 84 85 86 87 89 90 91 92 93 94 95 96 97 98 99 100 101 102 
1800 73 2 7 8 55 57 58 59 60 61 62 66 69 71 72 74 75 76 77 78 79 80 81 83 84 85 86 89 90 91 92 93 95 96 97 98 99 100 102 
1800 74 2 7 8 55 56 57 58 59 60 61 63 64 65 66 67 68 69 70 71 72 73 75 77 78 79 80 81 82 83 84 85 87 89 90 91 92 93 94 95 96 97 98 99 100 101 102 
1800 75 2 7 8 55 56 57 58 59 60 61 62 63 65 66 67 68 69 70 71 72 73 74 76 77 78 79 80 81 82 83 84 85 86 87 89 90 91 92 94 95 96 97 98 99 100 102 
1800 76 2 7 8 55 57 58 60 62 64 66 69 70 71 72 73 75 78 79 80 81 84 85 86 89 92 95 96 97 98 100 102 
1800 77 2 7 8 55 56 57 58 59 60 61 63 65 66 67 68 69 70 71 72 73 74 75 78 79 80 81 83 84 85 87 89 90 91 92 93 94 96 97 98 99 100 102 
1800 78 2 7 8 55 56 57 58 59 60 61 63 66 69 73 74 75 76 77 81 84 85 86 87 89 91 93 96 97 98 99 100 102 
1800 79 2 7 8 55 57 58 60 61 62 66 69 71 72 73 74 75 76 77 80 81 84 85 86 88 89 90 91 92 95 97 98 100 102 
1800 80 2 7 8 55 57 58 60 61 62 64 66 69 70 71 72 73 74 75 76 77 79 81 84 85 86 89 90 91 92 93 95 96 97 98 100 101 102 
1800 81 2 7 8 55 57 58 60 61 62 64 65 66 67 68 69 71 72 73 74 75 76 77 78 79 80 83 84 85 86 89 90 91 92 93 94 95 96 97 98 99 100 102 
1800 82 2 7 8 55 56 58 61 63 67 69 70 72 74 75 86 92 94 95 98 99 100 
1800 83 2 7 8 56 57 58 59 61 63 64 65 66 67 68 69 70 71 73 74 75 77 81 85 87 89 90 91 92 93 94 95 96 97 98 99 100 102 
1800 84 2 7 8 55 57 58 60 61 62 64 66 69 71 72 73 74 75 76 77 78 79 80 81 85 86 89 90 91 92 93 95 96 97 98 100 101 102 
1800 85 2 7 8 55 56 57 58 59 60 61 62 63 65 66 67 68 69 70 71 72 73 74 75 76 77 78 79 80 81 83 84 86 87 89 90 91 92 93 94 95 96 97 98 99 100 102 
1800 86 2 7 8 55 56 58 59 60 62 63 64 66 69 70 71 72 73 75 76 78 79 80 81 82 84 85 87 92 95 96 97 98 100 102 
1800 87 2 7 8 56 58 59 63 65 67 69 70 72 74 75 77 78 83 85 86 89 92 94 96 98 99 100 101 
1800 88 79 
1800 89 2 7 8 55 56 57 58 59 60 61 63 64 65 66 67 68 69 70 71 72 73 74 75 76 77 78 79 80 81 83 84 85 87 90 91 92 93 94 96 97 98 99 100 101 102 
1800 90 2 7 8 55 57 58 60 61 65 66 68 72 73 74 75 77 79 80 81 83 84 85 89 91 92 94 97 98 99 102 
1800 91 2 7 8 55 57 58 60 61 66 71 72 73 74 75 77 78 79 80 81 83 84 85 89 90 92 93 96 97 98 99 100 102 
1800 92 2 7 8 55 56 57 58 59 60 61 62 63 64 65 66 67 68 69 70 71 72 73 74 75 76 77 79 80 81 82 83 84 85 86 87 89 90 91 93 94 95 96 97 98 99 100 101 102 
1800 93 2 7 8 55 56 59 60 61 62 65 66 69 71 72 73 74 77 78 80 81 83 84 85 89 91 92 95 96 97 98 100 102 
1800 94 2 7 8 56 58 59 63 65 66 67 68 69 70 72 74 75 77 81 82 83 85 87 89 90 92 96 97 98 99 100 102 
1800 95 2 7 8 55 56 58 60 61 62 63 64 65 66 67 68 69 70 71 72 73 74 75 76 79 80 81 82 83 84 85 86 92 93 96 97 98 99 100 101 102 
1800 96 2 7 8 55 56 58 59 60 61 63 64 65 66 69 71 72 73 74 75 76 77 78 80 81 83 84 85 86 87 89 91 92 93 94 95 97 98 100 102 
1800 97 2 7 8 55 56 57 58 59 60 61 62 64 65 66 67 68 69 70 71 72 73 74 75 76 77 78 79 80 81 83 84 85 86 89 90 91 92 93 94 95 96 98 99 100 101 102 
1800 98 2 7 8 55 56 57 58 59 60 61 62 63 65 66 67 68 69 70 71 72 73 74 75 76 77 78 79 80 81 82 83 84 85 86 87 89 90 91 92 93 94 95 96 97 99 100 102 
1800 99 2 7 8 56 57 58 59 60 61 63 65 66 67 68 69 70 72 73 74 75 77 78 81 82 83 85 87 89 90 91 92 94 95 97 98 100 102 
1800 100 2 7 8 55 56 58 59 60 61 62 63 64 65 66 67 68 69 70 71 72 73 74 75 76 77 78 79 80 81 82 83 84 85 86 87 89 91 92 93 94 95 96 97 98 99 101 102 
1800 101 56 64 65 66 67 68 70 71 72 74 80 84 87 89 92 95 97 100 102 
1800 102 2 7 8 55 56 57 58 60 61 62 64 65 66 67 68 69 70 71 72 73 74 75 76 77 78 79 80 81 83 84 85 86 89 90 91 92 93 94 95 96 97 98 99 100 101 
1800 103 3 9 10 106 109 110 113 114 117 120 124 128 129 130 131 132 133 134 135 136 137 
1800 104 112 118 119 127 135 
1800 105 109 113 119 123 128 130 132 134 
1800 106 3 9 10 103 107 109 110 113 114 115 116 117 118 119 120 121 122 124 125 127 128 129 130 131 132 133 134 135 137 
1800 107 3 9 10 106 110 114 115 116 117 118 119 121 122 123 125 127 128 129 131 133 135 137 
1800 108 110 111 126 
1800 109 3 9 10 103 105 106 110 113 114 117 119 120 124 128 129 130 131 132 134 135 136 137 
1800 110 3 9 10 103 106 107 108 109 111 113 114 117 120 122 123 124 125 127 128 129 131 133 134 135 136 137 
1800 111 108 110 116 117 123 125 133 
1800 112 104 113 118 124 128 135 137 
1800 113 3 9 10 103 105 106 109 110 112 117 120 123 124 128 129 132 133 134 135 137 
1800 114 3 9 10 103 106 107 109 110 115 116 117 118 119 120 121 122 123 125 127 128 129 131 133 134 135 136 137 
1800 115 3 9 10 106 107 114 116 118 119 121 122 124 127 128 129 130 135 136 137 
1800 116 3 9 10 106 107 111 114 115 117 118 119 121 122 123 125 127 128 129 130 133 135 137 
1800 117 3 9 10 103 106 107 109 110 111 113 114 116 118 119 120 122 123 124 125 127 128 129 130 131 132 133 134 135 136 137 
1800 118 3 9 10 104 106 107 112 114 115 116 117 119 121 122 124 125 127 128 129 130 135 136 137 
1800 119 3 9 10 104 105 106 107 109 114 115 116 117 118 121 122 123 125 127 128 130 132 133 135 
1800 120 3 9 10 103 106 109 110 113 114 117 124 128 129 131 134 135 136 137 
1800 121 3 9 10 106 107 114 115 116 118 119 122 124 125 127 128 129 130 131 135 137 
1800 122 3 9 10 106 107 110 114 115 116 117 118 119 121 123 125 127 128 130 133 135 137 
1800 123 3 9 10 105 107 110 111 113 114 116 117 119 122 125 127 128 132 133 137 
1800 124 3 9 10 103 106 109 110 112 113 115 117 118 120 121 128 129 130 132 134 135 137 
1800 125 3 9 10 106 107 110 111 114 116 117 118 119 121 122 123 127 128 130 133 135 137 
1800 126 108 129 136 
1800 127 3 9 10 104 106 107 110 114 115 116 117 118 119 121 122 123 125 128 130 133 135 137 
1800 128 3 9 10 103 105 106 107 109 110 112 113 114 115 116 117 118 119 120 121 122 123 124 125 127 129 130 132 133 134 135 137 
1800 129 3 9 10 103 106 107 109 110 113 114 115 116 117 118 120 121 124 126 128 130 131 132 133 134 135 136 137 
1800 130 3 9 10 103 105 106 109 115 116 117 118 119 121 122 124 125 127 128 129 132 133 135 
1800 131 3 9 10 103 106 107 109 110 114 117 120 121 129 134 136 137 
1800 132 103 105 106 109 113 117 119 123 124 128 129 130 133 
1800 133 3 9 10 103 106 107 110 111 113 114 116 117 119 122 123 125 127 128 129 130 132 135 137 
1800 134 3 9 10 103 105 106 109 110 113 114 117 120 124 128 129 131 135 136 137 
1800 135 3 9 10 103 104 106 107 109 110 112 113 114 115 116 117 118 119 120 121 122 124 125 127 128 129 130 133 134 136 137 
1800 136 3 9 10 103 109 110 114 115 117 118 120 126 129 131 134 135 137 
1800 137 3 9 10 103 106 107 109 110 112 113 114 115 116 117 118 120 121 122 123 124 125 127 128 129 131 133 134 135 136 
1800 138 139 140 141 147 150 157 161 165 167 169 172 173 179 
1800 139 4 138 142 145 146 148 150 151 154 155 156 159 160 161 163 164 165 167 169 173 175 176 177 179 
1800 140 4 138 141 143 147 148 149 152 154 157 161 163 164 165 166 168 169 172 173 175 176 177 178 179 
1800 141 4 138 140 148 149 154 157 159 162 164 166 169 172 
1800 142 4 139 144 145 146 148 150 151 153 154 155 156 158 160 161 163 164 165 166 169 170 171 173 176 177 
1800 143 140 144 147 160 172 178 
1800 144 4 142 143 145 148 150 151 154 160 163 164 165 166 170 173 176 177 179 
1800 145 4 139 142 144 146 148 150 151 153 154 155 156 160 161 163 164 165 167 169 173 176 177 179 
1800 146 4 139 142 145 148 150 153 154 155 156 160 161 162 163 164 165 167 169 173 175 176 177 
1800 147 4 138 140 143 148 149 152 153 154 155 156 159 161 163 165 168 169 172 173 176 177 178 179 
1800 148 4 139 140 141 142 144 145 146 147 149 150 152 154 155 156 160 161 163 164 165 166 167 168 169 173 175 176 177 178 179 
1800 149 4 140 141 147 148 154 162 164 166 170 171 175 
1800 150 4 138 139 142 144 145 146 148 154 155 156 157 160 161 163 164 165 167 169 173 176 177 179 
1800 151 139 142 144 145 152 153 155 157 166 170 173 177 179 
1800 152 4 140 147 148 151 153 154 155 156 157 159 161 163 165 166 168 169 170 173 174 176 177 178 179 
1800 153 142 145 146 147 151 152 155 156 159 161 163 167 168 173 174 176 177 178 179 
1800 154 4 139 140 141 142 144 145 146 147 148 149 150 152 155 156 157 159 160 161 163 164 165 166 167 168 169 173 176 177 178 179 
1800 155 4 139 142 145 146 147 148 150 151 152 153 154 156 159 160 161 162 163 164 165 167 168 169 173 175 176 177 178 179 
1800 156 4 139 142 145 146 147 148 150 152 153 154 155 159 160 161 162 163 165 167 168 169 173 176 177 178 179 
1800 157 138 140 141 150 151 152 154 165 166 169 170 
1800 158 142 168 
1800 159 4 139 141 147 152 153 154 155 156 161 162 163 167 168 169 173 176 177 178 179 
1800 160 4 139 142 143 144 145 146 148 150 154 155 156 161 163 164 165 167 169 173 176 177 179 
1800 161 4 138 139 140 142 145 146 147 148 150 152 153 154 155 156 159 160 163 164 165 167 168 169 173 176 177 178 179 
1800 162 141 146 149 155 156 159 166 167 
1800 163 4 139 140 142 144 145 146 147 148 150 152 153 154 155 156 159 160 161 164 165 167 168 169 173 176 177 178 179 
1800 164 4 139 140 141 142 144 145 146 148 149 150 154 155 160 161 163 165 166 169 170 171 173 175 177 178 179 
1800 165 4 138 139 140 142 144 145 146 147 148 150 152 154 155 156 157 160 161 163 164 167 169 173 176 177 179 
1800 166 4 140 141 142 144 148 149 151 152 154 157 162 164 170 171 174 175 176 
1800 167 4 138 139 145 146 148 150 153 154 155 156 159 160 161 162 163 165 169 176 
1800 168 4 140 147 148 152 153 154 155 156 158 159 161 163 169 173 176 177 178 179 
1800 169 4 138 139 140 141 142 145 146 147 148 150 152 154 155 156 157 159 160 161 163 164 165 167 168 173 176 177 178 179 
1800 170 142 144 149 151 152 157 164 166 171 174 
1800 171 142 149 164 166 170 174 
1800 172 138 140 141 143 147 
1800 173 4 138 139 140 142 144 145 146 147 148 150 151 152 153 154 155 156 159 160 161 163 164 165 168 169 175 176 177 178 179 
1800 174 152 153 166 170 171 
1800 175 4 139 140 146 148 149 155 164 166 173 176 177 178 179 
1800 176 4 139 140 142 144 145 146 147 148 150 152 153 154 155 156 159 160 161 163 165 166 167 168 169 173 175 177 178 179 
1800 177 4 139 140 142 144 145 146 147 148 150 151 152 153 154 155 156 159 160 161 163 164 165 168 169 173 175 176 178 179 
1800 178 4 140 143 147 148 152 153 154 155 156 159 161 163 164 168 169 173 175 176 177 179 
1800 179 4 138 139 140 144 145 147 148 150 151 152 153 154 155 156 159 160 161 163 164 165 168 169 173 175 176 177 178 
1800 180 5 183 184 185 186 187 188 189 190 191 193 195 196 198 199 200 201 202 203 204 205 206 207 208 209 210 
1800 181 189 193 194 196 202 206 207 209 
1800 182 184 188 195 200 204 207 209 
1800 183 5 180 184 185 187 188 189 191 193 195 196 197 199 200 202 204 205 206 208 209 210 
1800 184 5 180 182 183 185 187 188 189 191 193 195 196 199 200 204 206 210 
1800 185 5 180 183 184 186 187 188 189 190 191 192 193 196 197 198 199 201 202 203 204 205 206 208 209 210 
1800 186 5 180 185 188 189 190 191 192 193 196 197 198 199 201 202 203 204 205 206 207 208 209 210 
1800 187 5 180 183 184 185 188 189 190 191 193 194 195 196 198 199 200 201 202 203 204 205 206 207 208 209 210 
1800 188 5 180 182 183 184 185 186 187 189 191 192 193 195 196 199 200 201 202 204 205 206 208 209 210 
1800 189 5 180 181 183 184 185 186 187 188 190 191 192 193 195 196 198 199 200 201 202 203 204 205 206 207 208 209 210 
1800 190 5 180 185 186 187 189 191 192 196 198 201 203 204 205 206 207 208 210 
1800 191 5 180 183 184 185 186 187 188 189 190 192 193 195 196 197 198 199 200 201 202 203 204 205 206 208 209 210 
1800 192 5 185 186 188 189 190 191 196 197 198 201 203 204 205 208 209 
1800 193 5 180 181 183 184 185 186 187 188 189 191 194 195 196 199 200 201 202 204 205 206 207 208 209 210 
1800 194 181 187 193 198 202 206 207 
1800 195 5 180 182 183 184 187 188 189 191 193 199 200 204 207 210 
1800 196 5 180 181 183 184 185 186 187 188 189 190 191 192 193 198 199 200 201 202 203 204 205 206 207 208 209 210 
1800 197 183 185 186 191 192 198 201 202 205 208 209 
1800 198 5 180 185 186 187 189 190 191 192 194 196 197 201 202 203 204 205 206 207 208 209 210 
1800 199 5 180 183 184 185 186 187 188 189 191 193 195 196 200 201 202 204 205 206 208 209 210 
1800 200 5 180 182 183 184 187 188 189 191 193 195 196 199 204 206 210 
1800 201 5 180 185 186 187 188 189 190 191 192 193 196 197 198 199 202 203 204 205 206 207 208 210 
1800 202 5 180 181 183 185 186 187 188 189 191 193 194 196 197 198 199 201 205 206 208 209 210 
1800 203 5 180 185 186 187 189 190 191 192 196 198 201 204 205 206 207 208 210 
1800 204 5 180 182 183 184 185 186 187 188 189 190 191 192 193 195 196 198 199 200 201 203 205 206 207 208 210 
1800 205 5 180 183 185 186 187 188 189 190 191 192 193 196 197 198 199 201 202 203 204 206 207 208 209 210 
1800 206 5 180 181 183 184 185 186 187 188 189 190 191 193 194 196 198 199 200 201 202 203 204 205 207 208 209 210 
1800 207 5 180 181 182 186 187 189 190 193 194 195 196 198 201 203 204 205 206 210 
1800 208 5 180 183 185 186 187 188 189 190 191 192 193 196 197 198 199 201 202 203 204 205 206 209 210 
1800 209 5 180 181 182 183 185 186 187 188 189 191 192 193 196 197 198 199 202 205 206 208 210 
1800 210 5 180 183 184 185 186 187 188 189 190 191 193 195 196 198 199 200 201 202 203 204 205 206 207 208 209 
1800 211 0 1 2 3 4 5 
1800 212 0 2 4 
1800 213 0 1 2 3 5 
1800 214 0 1 3 4 
1800 215 0 2 5 
1800 216 0 1 3 
1800 217 0 1 3 4 5 
1800 218 0 1 2 3 4 
1800 219 0 3 5 
1800 220 0 1 2 3 4 5 
1800 221 0 2 4 5 
1800 222 0 1 2 4 
1800 223 0 1 3 5 
1800 224 0 2 3 5 
1800 225 0 4 
1800 226 0 1 2 3 5 
1800 227 0 2 4 5 
1800 228 0 1 2 3 
1800 229 0 3 4 5 
1800 230 0 1 2 4 5 
1800 231 0 1 5 
1800 232 0 3 4 
1800 233 0 2 3 
1800 234 0 1 2 4 5 
1800 235 0 1 2 3 4 5 
1800 236 0 1 2 3 5 
1800 237 0 2 3 4 5 
1800 238 0 1 2 4 
1800 239 0 1 3 5 
1800 240 0 2 3 4 5 
