0 21600
1800 0 132 
1800 1 19 23 37 38 
1800 2 3 8 49 59 64 73 76 197 198 201 202 203 204 207 209 212 213 214 216 218 219 221 222 223 224 
1800 3 2 4 9 10 96 101 115 116 118 197 199 201 204 205 206 208 210 211 213 214 215 216 217 219 220 221 223 225 226 
1800 4 3 151 154 197 198 200 201 203 205 206 207 209 212 213 214 215 216 218 219 220 222 224 226 
1800 5 161 168 178 185 190 
1800 6 27 33 34 38 40 
1800 7 50 61 62 63 75 77 86 88 
1800 8 2 51 72 79 82 83 85 88 
1800 9 3 98 100 102 103 106 123 
1800 10 3 99 107 126 
1800 11 135 137 
1800 12 128 133 
1800 13 163 173 174 175 194 
1800 14 163 168 172 176 189 193 
1800 15 162 163 179 
1800 16 
1800 17 22 
1800 18 31 36 38 
1800 19 1 26 43 
1800 20 21 32 33 39 
1800 21 20 41 42 
1800 22 17 
1800 23 1 
1800 24 25 38 
1800 25 24 35 44 
1800 26 19 
1800 27 6 29 30 
1800 28 29 
1800 29 27 28 
1800 30 27 
1800 31 18 
1800 32 20 
1800 33 6 20 
1800 34 6 
1800 35 25 
1800 36 18 
1800 37 1 
1800 38 1 6 18 24 
1800 39 20 
1800 40 6 
1800 41 21 
1800 42 21 
1800 43 19 
1800 44 25 
1800 45 
1800 46 
1800 47 
1800 48 61 
1800 49 2 58 
1800 50 7 84 
1800 51 8 53 78 
1800 52 
1800 53 51 60 66 90 
1800 54 69 
1800 55 69 
1800 56 75 89 
1800 57 65 
1800 58 49 74 
1800 59 2 
1800 60 53 91 
1800 61 7 48 81 
1800 62 7 
1800 63 7 
1800 64 2 
1800 65 57 69 81 
1800 66 53 
1800 67 90 
1800 68 
1800 69 54 55 65 93 
1800 70 73 80 
1800 71 73 94 
1800 72 8 
1800 73 2 70 71 
1800 74 58 
1800 75 7 56 
1800 76 2 
1800 77 7 
1800 78 51 
1800 79 8 87 
1800 80 70 
1800 81 61 65 
1800 82 8 
1800 83 8 
1800 84 50 95 
1800 85 8 
1800 86 7 
1800 87 79 
1800 88 7 8 
1800 89 56 
1800 90 53 67 
1800 91 60 
1800 92 
1800 93 69 
1800 94 71 
1800 95 84 
1800 96 3 125 
1800 97 108 
1800 98 9 
1800 99 10 
1800 100 9 117 
1800 101 3 
1800 102 9 110 
1800 103 9 
1800 104 115 
1800 105 
1800 106 9 120 
1800 107 10 122 
1800 108 97 118 119 
1800 109 110 112 113 121 
1800 110 102 109 114 
1800 111 121 124 
1800 112 109 
1800 113 109 
1800 114 110 
1800 115 3 104 
1800 116 3 
1800 117 100 
1800 118 3 108 
1800 119 108 
1800 120 106 
1800 121 109 111 
1800 122 107 
1800 123 9 
1800 124 111 
1800 125 96 
1800 126 10 
1800 127 144 
1800 128 12 139 149 
1800 129 
1800 130 142 150 
1800 131 141 146 
1800 132 0 137 140 150 
1800 133 12 
1800 134 142 152 
1800 135 11 
1800 136 
1800 137 11 132 138 139 148 156 
1800 138 137 155 
1800 139 128 137 147 
1800 140 132 
1800 141 131 
1800 142 130 134 143 154 
1800 143 142 
1800 144 127 145 147 
1800 145 144 
1800 146 131 149 
1800 147 139 144 
1800 148 137 
1800 149 128 146 
1800 150 130 132 
1800 151 4 
1800 152 134 
1800 153 157 
1800 154 4 142 
1800 155 138 
1800 156 137 
1800 157 153 
1800 158 
1800 159 179 180 192 
1800 160 194 
1800 161 5 196 
1800 162 15 181 183 
1800 163 13 14 15 170 177 
1800 164 166 167 168 184 
1800 165 166 
1800 166 164 165 
1800 167 164 
1800 168 5 14 164 169 
1800 169 168 
1800 170 163 
1800 171 182 186 196 
1800 172 14 187 
1800 173 13 191 
1800 174 13 
1800 175 13 195 
1800 176 14 
1800 177 163 
1800 178 5 
1800 179 15 159 
1800 180 159 
1800 181 162 
1800 182 171 
1800 183 162 
1800 184 164 
1800 185 5 
1800 186 171 
1800 187 172 
1800 188 
1800 189 14 
1800 190 5 
1800 191 173 
1800 192 159 
1800 193 14 
1800 194 13 160 
1800 195 175 
1800 196 161 171 
1800 197 2 3 4 
1800 198 2 4 
1800 199 3 
1800 200 4 
1800 201 2 3 4 
1800 202 2 
1800 203 2 4 
1800 204 2 3 
1800 205 3 4 
1800 206 3 4 
1800 207 2 4 
1800 208 3 
1800 209 2 4 
1800 210 3 
1800 211 3 
1800 212 2 4 
1800 213 2 3 4 
1800 214 2 3 4 
1800 215 3 4 
1800 216 2 3 4 
1800 217 3 
1800 218 2 4 
1800 219 2 3 4 
1800 220 3 4 
1800 221 2 3 
1800 222 2 4 
1800 223 2 3 
1800 224 2 4 
1800 225 3 
1800 226 3 4 
