0 21600
1800 0 3 4 211 212 213 214 215 216 217 218 219 220 221 222 223 224 225 226 227 228 229 230 231 232 233 234 235 236 237 238 239 240 
1800 1 2 3 27 32 33 39 43 44 211 213 214 216 217 218 220 222 223 226 228 230 231 234 235 236 238 239 
1800 2 1 5 56 59 63 65 69 75 78 79 84 94 102 211 212 213 215 218 220 221 222 224 226 227 228 230 233 234 235 236 237 238 240 
1800 3 0 1 104 112 128 130 132 211 213 214 216 217 218 219 220 223 224 226 228 229 232 233 235 236 237 239 240 
1800 4 0 138 141 152 153 171 177 211 212 214 217 218 220 221 222 225 227 229 230 232 234 235 237 238 240 
1800 5 2 185 188 190 208 210 211 213 215 217 219 220 221 223 224 226 227 229 230 231 234 235 236 237 239 240 
1800 6 14 19 22 24 27 30 38 
1800 7 61 64 67 68 92 94 96 
1800 8 61 74 89 91 98 
1800 9 120 131 
1800 10 114 121 123 128 134 135 136 
1800 11 22 42 49 
1800 12 16 
1800 13 25 27 34 48 53 
1800 14 6 28 29 40 54 
1800 15 29 
1800 16 12 18 19 21 31 35 
1800 17 39 
1800 18 16 26 36 41 52 
1800 19 6 16 
1800 20 36 50 
1800 21 16 
1800 22 6 11 
1800 23 46 53 
1800 24 6 45 47 
1800 25 13 
1800 26 18 
1800 27 1 6 13 
1800 28 14 
1800 29 14 15 37 
1800 30 6 
1800 31 16 
1800 32 1 
1800 33 1 
1800 34 13 
1800 35 16 
1800 36 18 20 
1800 37 29 
1800 38 6 
1800 39 1 17 51 
1800 40 14 
1800 41 18 
1800 42 11 
1800 43 1 
1800 44 1 
1800 45 24 
1800 46 23 
1800 47 24 
1800 48 13 
1800 49 11 
1800 50 20 
1800 51 39 
1800 52 18 
1800 53 13 23 
1800 54 14 
1800 55 56 71 
1800 56 2 55 57 77 95 97 
1800 57 56 70 80 81 87 93 101 
1800 58 63 
1800 59 2 66 73 90 
1800 60 81 82 83 99 
1800 61 7 8 72 
1800 62 84 100 
1800 63 2 58 
1800 64 7 
1800 65 2 
1800 66 59 
1800 67 7 
1800 68 7 
1800 69 2 
1800 70 57 
1800 71 55 
1800 72 61 
1800 73 59 
1800 74 8 85 
1800 75 2 
1800 76 79 
1800 77 56 
1800 78 2 
1800 79 2 76 
1800 80 57 
1800 81 57 60 
1800 82 60 
1800 83 60 
1800 84 2 62 
1800 85 74 
1800 86 96 
1800 87 57 
1800 88 94 
1800 89 8 
1800 90 59 
1800 91 8 
1800 92 7 
1800 93 57 
1800 94 2 7 88 
1800 95 56 
1800 96 7 86 
1800 97 56 
1800 98 8 
1800 99 60 
1800 100 62 
1800 101 57 
1800 102 2 
1800 103 107 119 121 131 
1800 104 3 115 
1800 105 108 110 112 118 122 124 133 
1800 106 136 
1800 107 103 
1800 108 105 109 
1800 109 108 127 
1800 110 105 116 117 
1800 111 119 
1800 112 3 105 
1800 113 119 
1800 114 10 125 
1800 115 104 129 
1800 116 110 
1800 117 110 
1800 118 105 
1800 119 103 111 113 
1800 120 9 
1800 121 10 103 137 
1800 122 105 
1800 123 10 126 
1800 124 105 
1800 125 114 
1800 126 123 
1800 127 109 
1800 128 3 10 
1800 129 115 
1800 130 3 
1800 131 9 103 
1800 132 3 
1800 133 105 
1800 134 10 
1800 135 10 
1800 136 10 106 
1800 137 121 
1800 138 4 154 167 178 
1800 139 142 145 146 175 
1800 140 142 177 
1800 141 4 144 148 159 160 170 
1800 142 139 140 149 163 
1800 143 157 
1800 144 141 
1800 145 139 147 
1800 146 139 150 169 176 
1800 147 145 168 172 174 
1800 148 141 
1800 149 142 151 162 166 
1800 150 146 
1800 151 149 
1800 152 4 
1800 153 4 179 
1800 154 138 
1800 155 173 
1800 156 157 
1800 157 143 156 166 
1800 158 160 
1800 159 141 
1800 160 141 158 
1800 161 166 
1800 162 149 
1800 163 142 
1800 164 171 
1800 165 173 
1800 166 149 157 161 
1800 167 138 
1800 168 147 173 
1800 169 146 
1800 170 141 
1800 171 4 164 
1800 172 147 
1800 173 155 165 168 
1800 174 147 
1800 175 139 
1800 176 146 
1800 177 4 140 
1800 178 138 
1800 179 153 
1800 180 186 
1800 181 186 188 206 
1800 182 184 186 187 202 204 
1800 183 194 
1800 184 182 205 
1800 185 5 
1800 186 180 181 182 189 194 207 
1800 187 182 197 200 209 
1800 188 5 181 
1800 189 186 
1800 190 5 192 193 198 199 
1800 191 196 203 206 
1800 192 190 201 
1800 193 190 
1800 194 183 186 
1800 195 202 
1800 196 191 
1800 197 187 
1800 198 190 
1800 199 190 
1800 200 187 
1800 201 192 
1800 202 182 195 
1800 203 191 
1800 204 182 
1800 205 184 
1800 206 181 191 
1800 207 186 
1800 208 5 
1800 209 187 
1800 210 5 
1800 211 0 1 2 3 4 5 
1800 212 0 2 4 
1800 213 0 1 2 3 5 
1800 214 0 1 3 4 
1800 215 0 2 5 
1800 216 0 1 3 
1800 217 0 1 3 4 5 
1800 218 0 1 2 3 4 
1800 219 0 3 5 
1800 220 0 1 2 3 4 5 
1800 221 0 2 4 5 
1800 222 0 1 2 4 
1800 223 0 1 3 5 
1800 224 0 2 3 5 
1800 225 0 4 
1800 226 0 1 2 3 5 
1800 227 0 2 4 5 
1800 228 0 1 2 3 
1800 229 0 3 4 5 
1800 230 0 1 2 4 5 
1800 231 0 1 5 
1800 232 0 3 4 
1800 233 0 2 3 
1800 234 0 1 2 4 5 
1800 235 0 1 2 3 4 5 
1800 236 0 1 2 3 5 
1800 237 0 2 3 4 5 
1800 238 0 1 2 4 
1800 239 0 1 3 5 
1800 240 0 2 3 4 5 
