0 21600
0 0 1 2 3 4 5 6 262 263 264 265 266 267 268 269 270 271 272 273 274 275 276 277 278 279 280 281 282 283 284 285 286 287 288 289 290 291 
0 1 0 2 3 4 6 7 8 18 19 21 22 24 25 26 27 29 30 31 32 33 34 35 36 37 38 40 41 42 44 45 46 47 48 264 267 268 274 277 280 284 288 
0 2 0 1 3 4 5 6 9 10 49 50 51 53 55 56 58 61 62 63 64 65 66 67 68 69 71 74 75 76 80 81 82 83 84 86 88 89 90 91 92 93 263 265 268 273 274 278 282 285 286 291 
0 3 0 1 2 4 5 6 11 12 94 96 97 98 100 101 102 107 108 109 110 111 113 114 115 117 119 120 122 123 125 126 127 128 130 131 132 133 134 135 138 262 267 270 273 275 280 282 285 289 
0 4 0 1 2 3 5 6 140 141 142 143 144 145 146 147 148 149 150 151 152 153 155 156 157 159 160 161 162 163 164 165 166 168 169 170 171 172 173 174 262 265 268 271 276 279 281 284 289 
0 5 0 2 3 4 6 14 15 175 176 177 178 179 180 181 182 184 185 186 187 188 190 191 194 197 198 201 203 204 205 206 207 208 209 210 211 212 214 215 216 217 219 220 221 263 266 271 273 276 279 283 286 289 
0 6 0 1 2 3 4 5 17 222 223 224 226 227 228 229 230 231 232 233 238 239 240 241 244 245 246 247 249 250 253 254 256 257 258 259 260 264 267 269 272 276 279 281 286 287 290 
0 7 1 8 18 19 21 22 24 25 26 27 29 30 31 32 33 34 35 36 37 38 40 41 42 44 45 46 47 48 
0 8 1 7 18 19 21 25 26 27 29 31 32 33 34 38 42 48 
0 9 2 10 64 65 66 74 75 76 88 
0 10 2 9 49 50 51 53 55 56 58 61 62 63 64 65 66 67 68 69 71 74 75 76 80 81 82 83 84 86 88 89 90 91 92 93 
0 11 3 102 114 115 
0 12 3 117 
0 13 140 141 142 143 144 145 146 147 148 149 150 151 152 153 155 156 157 159 160 161 162 163 164 165 166 168 169 170 171 172 173 174 
0 14 5 15 175 176 177 178 179 180 181 182 184 185 186 187 188 190 191 194 197 198 201 203 204 205 206 207 208 209 210 211 212 214 215 216 217 219 220 221 
0 15 5 14 175 176 177 178 179 180 181 182 184 185 186 187 188 190 191 194 197 198 201 203 204 205 206 207 208 209 210 211 212 214 215 216 217 219 220 221 
0 16 222 232 238 239 
0 17 6 
0 18 1 7 8 20 39 
0 19 1 7 8 
0 20 18 
0 21 1 7 8 
0 22 1 7 
0 23 35 
0 24 1 7 
0 25 1 7 8 28 
0 26 1 7 8 
0 27 1 7 8 
0 28 25 
0 29 1 7 8 43 
0 30 1 7 
0 31 1 7 8 
0 32 1 7 8 
0 33 1 7 8 
0 34 1 7 8 
0 35 1 7 23 
0 36 1 7 
0 37 1 7 
0 38 1 7 8 
0 39 18 
0 40 1 7 
0 41 1 7 
0 42 1 7 8 
0 43 29 
0 44 1 7 
0 45 1 7 
0 46 1 7 
0 47 1 7 
0 48 1 7 8 
0 49 2 10 52 79 85 
0 50 2 10 57 
0 51 2 10 54 60 70 
0 52 49 
0 53 2 10 
0 54 51 
0 55 2 10 72 
0 56 2 10 
0 57 50 
0 58 2 10 
0 59 69 
0 60 51 
0 61 2 10 
0 62 2 10 
0 63 2 10 
0 64 2 9 10 
0 65 2 9 10 87 
0 66 2 9 10 
0 67 2 10 
0 68 2 10 
0 69 2 10 59 78 
0 70 51 73 
0 71 2 10 
0 72 55 
0 73 70 
0 74 2 9 10 
0 75 2 9 10 
0 76 2 9 10 
0 77 82 
0 78 69 
0 79 49 
0 80 2 10 
0 81 2 10 
0 82 2 10 77 
0 83 2 10 
0 84 2 10 
0 85 49 
0 86 2 10 
0 87 65 
0 88 2 9 10 
0 89 2 10 
0 90 2 10 
0 91 2 10 
0 92 2 10 
0 93 2 10 
0 94 3 
0 95 135 
0 96 3 104 
0 97 3 
0 98 3 
0 99 135 
0 100 3 
0 101 3 
0 102 3 11 
0 103 131 
0 104 96 
0 105 135 
0 106 130 
0 107 3 
0 108 3 
0 109 3 
0 110 3 
0 111 3 
0 112 131 
0 113 3 
0 114 3 11 
0 115 3 11 
0 116 132 
0 117 3 12 
0 118 135 
0 119 3 
0 120 3 
0 121 135 
0 122 3 
0 123 3 
0 124 128 
0 125 3 137 
0 126 3 
0 127 3 
0 128 3 124 
0 129 133 
0 130 3 106 
0 131 3 103 112 
0 132 3 116 
0 133 3 129 136 
0 134 3 
0 135 3 95 99 105 118 121 
0 136 133 
0 137 125 
0 138 3 
0 139 140 
0 140 4 13 139 158 
0 141 4 13 
0 142 4 13 154 167 
0 143 4 13 
0 144 4 13 
0 145 4 13 
0 146 4 13 
0 147 4 13 
0 148 4 13 
0 149 4 13 
0 150 4 13 
0 151 4 13 
0 152 4 13 
0 153 4 13 
0 154 142 
0 155 4 13 
0 156 4 13 
0 157 4 13 
0 158 140 
0 159 4 13 
0 160 4 13 
0 161 4 13 
0 162 4 13 
0 163 4 13 
0 164 4 13 
0 165 4 13 
0 166 4 13 
0 167 142 
0 168 4 13 
0 169 4 13 
0 170 4 13 
0 171 4 13 
0 172 4 13 
0 173 4 13 
0 174 4 13 
0 175 5 14 15 
0 176 5 14 15 196 199 
0 177 5 14 15 202 
0 178 5 14 15 189 193 213 
0 179 5 14 15 192 195 200 218 
0 180 5 14 15 
0 181 5 14 15 
0 182 5 14 15 
0 183 199 
0 184 5 14 15 
0 185 5 14 15 
0 186 5 14 15 
0 187 5 14 15 
0 188 5 14 15 
0 189 178 
0 190 5 14 15 
0 191 5 14 15 
0 192 179 
0 193 178 
0 194 5 14 15 
0 195 179 
0 196 176 
0 197 5 14 15 
0 198 5 14 15 
0 199 176 183 
0 200 179 
0 201 5 14 15 
0 202 177 
0 203 5 14 15 
0 204 5 14 15 
0 205 5 14 15 
0 206 5 14 15 
0 207 5 14 15 
0 208 5 14 15 
0 209 5 14 15 
0 210 5 14 15 
0 211 5 14 15 
0 212 5 14 15 
0 213 178 
0 214 5 14 15 
0 215 5 14 15 
0 216 5 14 15 
0 217 5 14 15 
0 218 179 
0 219 5 14 15 
0 220 5 14 15 
0 221 5 14 15 
0 222 6 16 
0 223 6 
0 224 6 261 
0 225 258 
0 226 6 
0 227 6 
0 228 6 
0 229 6 
0 230 6 
0 231 6 
0 232 6 16 
0 233 6 
0 234 258 
0 235 257 
0 236 258 
0 237 257 
0 238 6 16 
0 239 6 16 
0 240 6 
0 241 6 
0 242 258 
0 243 248 257 
0 244 6 
0 245 6 
0 246 6 
0 247 6 
0 248 243 
0 249 6 
0 250 6 
0 251 257 
0 252 257 
0 253 6 
0 254 6 
0 255 258 
0 256 6 
0 257 6 235 237 243 251 252 
0 258 6 225 234 236 242 255 
0 259 6 
0 260 6 
0 261 224 
0 262 0 3 4 
0 263 0 2 5 
0 264 0 1 6 
0 265 0 2 4 
0 266 0 5 
0 267 0 1 3 6 
0 268 0 1 2 4 
0 269 0 6 
0 270 0 3 
0 271 0 4 5 
0 272 0 6 
0 273 0 2 3 5 
0 274 0 1 2 
0 275 0 3 
0 276 0 4 5 6 
0 277 0 1 
0 278 0 2 
0 279 0 4 5 6 
0 280 0 1 3 
0 281 0 4 6 
0 282 0 2 3 
0 283 0 5 
0 284 0 1 4 
0 285 0 2 3 
0 286 0 2 5 6 
0 287 0 6 
0 288 0 1 
0 289 0 3 4 5 
0 290 0 6 
0 291 0 2 
1800 0 1 2 3 4 5 6 262 263 264 265 266 267 268 269 270 271 272 273 274 275 276 277 278 279 280 281 282 283 284 285 286 287 288 289 290 291 
1800 1 0 2 3 4 6 7 8 18 19 20 21 22 24 25 26 27 29 30 31 32 33 34 35 36 37 38 40 41 42 44 45 46 47 48 264 267 268 274 277 280 284 288 
1800 2 0 1 3 4 5 6 9 10 49 50 51 53 55 56 58 60 61 62 63 64 65 66 67 68 69 71 74 75 76 78 80 81 82 83 84 86 88 89 90 91 92 93 263 265 268 273 274 278 282 285 286 291 
1800 3 0 1 2 4 5 6 11 12 94 96 97 98 100 101 102 105 107 108 109 110 111 113 114 115 117 119 120 123 125 126 127 128 130 131 132 133 135 136 138 262 267 270 273 275 280 282 285 289 
1800 4 0 1 2 3 5 6 140 141 142 143 144 145 146 147 148 149 150 151 152 153 154 155 156 157 159 160 161 162 163 164 165 166 168 169 170 171 172 173 174 262 265 268 271 276 279 281 284 289 
1800 5 0 2 3 4 6 14 15 175 176 177 178 179 180 181 182 184 185 186 187 188 190 191 194 196 197 198 201 203 204 205 206 207 208 209 210 211 212 214 215 216 217 219 220 221 263 266 271 273 276 279 283 286 289 
1800 6 0 1 2 3 4 5 17 222 223 224 226 227 228 229 230 231 232 233 238 239 240 241 244 245 246 247 249 250 253 254 256 257 258 259 260 264 267 269 272 276 279 281 286 287 290 
1800 7 1 8 18 19 20 21 22 24 25 26 27 29 30 31 32 33 34 35 36 37 38 40 41 42 44 45 46 47 48 
1800 8 1 7 18 19 20 21 25 26 27 29 31 32 33 34 38 42 48 
1800 9 2 10 60 64 65 66 74 75 76 88 
1800 10 2 9 49 50 51 53 55 56 58 60 61 62 63 64 65 66 67 68 69 71 74 75 76 78 80 81 82 83 84 86 88 89 90 91 92 93 
1800 11 3 102 105 114 115 
1800 12 3 117 
1800 13 140 141 142 143 144 145 146 147 148 149 150 151 152 153 154 155 156 157 159 160 161 162 163 164 165 166 168 169 170 171 172 173 174 
1800 14 5 15 175 176 177 178 179 180 181 182 184 185 186 187 188 190 191 194 196 197 198 201 203 204 205 206 207 208 209 210 211 212 214 215 216 217 219 220 221 
1800 15 5 14 175 176 177 178 179 180 181 182 184 185 186 187 188 190 191 194 196 197 198 201 203 204 205 206 207 208 209 210 211 212 214 215 216 217 219 220 221 
1800 16 222 232 238 239 
1800 17 6 
1800 18 1 7 8 39 
1800 19 1 7 8 
1800 20 1 7 8 28 43 
1800 21 1 7 8 
1800 22 1 7 
1800 23 35 
1800 24 1 7 
1800 25 1 7 8 
1800 26 1 7 8 
1800 27 1 7 8 
1800 28 20 
1800 29 1 7 8 
1800 30 1 7 
1800 31 1 7 8 
1800 32 1 7 8 
1800 33 1 7 8 
1800 34 1 7 8 
1800 35 1 7 23 
1800 36 1 7 
1800 37 1 7 
1800 38 1 7 8 
1800 39 18 
1800 40 1 7 
1800 41 1 7 
1800 42 1 7 8 
1800 43 20 
1800 44 1 7 
1800 45 1 7 
1800 46 1 7 
1800 47 1 7 
1800 48 1 7 8 
1800 49 2 10 52 70 72 85 87 
1800 50 2 10 
1800 51 2 10 
1800 52 49 
1800 53 2 10 
1800 54 55 
1800 55 2 10 54 
1800 56 2 10 
1800 57 74 
1800 58 2 10 
1800 59 82 
1800 60 2 9 10 
1800 61 2 10 
1800 62 2 10 
1800 63 2 10 
1800 64 2 9 10 79 
1800 65 2 9 10 
1800 66 2 9 10 
1800 67 2 10 
1800 68 2 10 
1800 69 2 10 
1800 70 49 73 
1800 71 2 10 
1800 72 49 
1800 73 70 
1800 74 2 9 10 57 
1800 75 2 9 10 
1800 76 2 9 10 
1800 77 82 
1800 78 2 10 
1800 79 64 
1800 80 2 10 
1800 81 2 10 
1800 82 2 10 59 77 
1800 83 2 10 
1800 84 2 10 
1800 85 49 
1800 86 2 10 
1800 87 49 
1800 88 2 9 10 
1800 89 2 10 
1800 90 2 10 
1800 91 2 10 
1800 92 2 10 
1800 93 2 10 
1800 94 3 
1800 95 135 
1800 96 3 
1800 97 3 
1800 98 3 
1800 99 135 
1800 100 3 
1800 101 3 
1800 102 3 11 
1800 103 131 
1800 104 136 
1800 105 3 11 
1800 106 128 137 
1800 107 3 
1800 108 3 
1800 109 3 
1800 110 3 
1800 111 3 
1800 112 131 
1800 113 3 
1800 114 3 11 
1800 115 3 11 
1800 116 130 
1800 117 3 12 
1800 118 135 
1800 119 3 
1800 120 3 
1800 121 135 
1800 122 136 
1800 123 3 
1800 124 128 
1800 125 3 
1800 126 3 
1800 127 3 
1800 128 3 106 124 
1800 129 136 
1800 130 3 116 
1800 131 3 103 112 134 
1800 132 3 
1800 133 3 
1800 134 131 
1800 135 3 95 99 118 121 
1800 136 3 104 122 129 
1800 137 106 
1800 138 3 
1800 139 142 
1800 140 4 13 
1800 141 4 13 
1800 142 4 13 139 158 167 
1800 143 4 13 
1800 144 4 13 
1800 145 4 13 
1800 146 4 13 
1800 147 4 13 
1800 148 4 13 
1800 149 4 13 
1800 150 4 13 
1800 151 4 13 
1800 152 4 13 
1800 153 4 13 
1800 154 4 13 
1800 155 4 13 
1800 156 4 13 
1800 157 4 13 
1800 158 142 
1800 159 4 13 
1800 160 4 13 
1800 161 4 13 
1800 162 4 13 
1800 163 4 13 
1800 164 4 13 
1800 165 4 13 
1800 166 4 13 
1800 167 142 
1800 168 4 13 
1800 169 4 13 
1800 170 4 13 
1800 171 4 13 
1800 172 4 13 
1800 173 4 13 
1800 174 4 13 
1800 175 5 14 15 
1800 176 5 14 15 199 
1800 177 5 14 15 202 
1800 178 5 14 15 189 193 213 
1800 179 5 14 15 192 195 200 218 
1800 180 5 14 15 
1800 181 5 14 15 
1800 182 5 14 15 
1800 183 203 
1800 184 5 14 15 
1800 185 5 14 15 
1800 186 5 14 15 
1800 187 5 14 15 
1800 188 5 14 15 
1800 189 178 
1800 190 5 14 15 
1800 191 5 14 15 
1800 192 179 
1800 193 178 
1800 194 5 14 15 
1800 195 179 
1800 196 5 14 15 
1800 197 5 14 15 
1800 198 5 14 15 
1800 199 176 
1800 200 179 
1800 201 5 14 15 
1800 202 177 
1800 203 5 14 15 183 
1800 204 5 14 15 
1800 205 5 14 15 
1800 206 5 14 15 
1800 207 5 14 15 
1800 208 5 14 15 
1800 209 5 14 15 
1800 210 5 14 15 
1800 211 5 14 15 
1800 212 5 14 15 
1800 213 178 
1800 214 5 14 15 
1800 215 5 14 15 
1800 216 5 14 15 
1800 217 5 14 15 
1800 218 179 
1800 219 5 14 15 
1800 220 5 14 15 
1800 221 5 14 15 
1800 222 6 16 
1800 223 6 
1800 224 6 261 
1800 225 259 
1800 226 6 
1800 227 6 
1800 228 6 
1800 229 6 
1800 230 6 
1800 231 6 
1800 232 6 16 
1800 233 6 
1800 234 259 
1800 235 257 
1800 236 258 
1800 237 257 
1800 238 6 16 
1800 239 6 16 
1800 240 6 
1800 241 6 
1800 242 258 
1800 243 257 
1800 244 6 
1800 245 6 
1800 246 6 
1800 247 6 
1800 248 259 
1800 249 6 
1800 250 6 
1800 251 257 
1800 252 257 
1800 253 6 
1800 254 6 
1800 255 259 
1800 256 6 
1800 257 6 235 237 243 251 252 
1800 258 6 236 242 
1800 259 6 225 234 248 255 
1800 260 6 
1800 261 224 
1800 262 0 3 4 
1800 263 0 2 5 
1800 264 0 1 6 
1800 265 0 2 4 
1800 266 0 5 
1800 267 0 1 3 6 
1800 268 0 1 2 4 
1800 269 0 6 
1800 270 0 3 
1800 271 0 4 5 
1800 272 0 6 
1800 273 0 2 3 5 
1800 274 0 1 2 
1800 275 0 3 
1800 276 0 4 5 6 
1800 277 0 1 
1800 278 0 2 
1800 279 0 4 5 6 
1800 280 0 1 3 
1800 281 0 4 6 
1800 282 0 2 3 
1800 283 0 5 
1800 284 0 1 4 
1800 285 0 2 3 
1800 286 0 2 5 6 
1800 287 0 6 
1800 288 0 1 
1800 289 0 3 4 5 
1800 290 0 6 
1800 291 0 2 
3600 0 1 2 3 4 5 6 262 263 264 265 266 267 268 269 270 271 272 273 274 275 276 277 278 279 280 281 282 283 284 285 286 287 288 289 290 291 
3600 1 0 2 3 4 6 7 8 18 19 20 21 22 24 25 26 27 29 30 31 32 33 34 35 36 37 38 40 41 42 44 45 46 47 48 264 267 268 274 277 280 284 288 
3600 2 0 1 3 4 5 6 9 10 49 50 51 53 55 56 58 61 62 63 64 65 66 67 68 69 71 74 75 76 80 81 82 83 84 86 88 89 90 91 92 93 263 265 268 273 274 278 282 285 286 291 
3600 3 0 1 2 4 5 6 11 12 94 96 97 98 100 101 102 107 108 109 110 111 113 114 115 117 119 120 122 123 125 126 127 128 130 131 132 133 134 135 138 262 267 270 273 275 280 282 285 289 
3600 4 0 1 2 3 5 6 140 141 142 143 144 145 146 147 148 149 150 151 152 153 155 156 157 159 160 161 162 163 164 165 166 168 169 170 171 172 173 174 262 265 268 271 276 279 281 284 289 
3600 5 0 2 3 4 6 14 15 175 176 177 178 179 180 181 182 184 185 186 187 188 190 191 193 194 197 198 201 203 204 205 206 207 208 209 210 211 212 214 215 216 217 219 220 221 263 266 271 273 276 279 283 286 289 
3600 6 0 1 2 3 4 5 17 222 223 224 225 226 227 228 229 230 231 232 233 238 239 240 241 243 244 245 246 247 249 250 253 254 256 257 258 259 260 264 267 269 272 276 279 281 286 287 290 
3600 7 1 8 18 19 20 21 22 24 25 26 27 29 30 31 32 33 34 35 36 37 38 40 41 42 44 45 46 47 48 
3600 8 1 7 18 19 20 21 25 26 27 29 31 32 33 34 38 42 48 
3600 9 2 10 64 65 66 74 75 76 88 
3600 10 2 9 49 50 51 53 55 56 58 61 62 63 64 65 66 67 68 69 71 74 75 76 80 81 82 83 84 86 88 89 90 91 92 93 
3600 11 3 102 114 115 
3600 12 3 117 
3600 13 140 141 142 143 144 145 146 147 148 149 150 151 152 153 155 156 157 159 160 161 162 163 164 165 166 168 169 170 171 172 173 174 
3600 14 5 15 175 176 177 178 179 180 181 182 184 185 186 187 188 190 191 193 194 197 198 201 203 204 205 206 207 208 209 210 211 212 214 215 216 217 219 220 221 
3600 15 5 14 175 176 177 178 179 180 181 182 184 185 186 187 188 190 191 193 194 197 198 201 203 204 205 206 207 208 209 210 211 212 214 215 216 217 219 220 221 
3600 16 222 232 238 239 
3600 17 6 
3600 18 1 7 8 39 
3600 19 1 7 8 23 
3600 20 1 7 8 28 43 
3600 21 1 7 8 
3600 22 1 7 
3600 23 19 
3600 24 1 7 
3600 25 1 7 8 
3600 26 1 7 8 
3600 27 1 7 8 
3600 28 20 
3600 29 1 7 8 
3600 30 1 7 
3600 31 1 7 8 
3600 32 1 7 8 
3600 33 1 7 8 
3600 34 1 7 8 
3600 35 1 7 
3600 36 1 7 
3600 37 1 7 
3600 38 1 7 8 
3600 39 18 
3600 40 1 7 
3600 41 1 7 
3600 42 1 7 8 
3600 43 20 
3600 44 1 7 
3600 45 1 7 
3600 46 1 7 
3600 47 1 7 
3600 48 1 7 8 
3600 49 2 10 52 72 79 85 
3600 50 2 10 57 
3600 51 2 10 
3600 52 49 
3600 53 2 10 
3600 54 63 
3600 55 2 10 78 
3600 56 2 10 
3600 57 50 
3600 58 2 10 
3600 59 69 
3600 60 92 
3600 61 2 10 
3600 62 2 10 87 
3600 63 2 10 54 70 
3600 64 2 9 10 
3600 65 2 9 10 87 
3600 66 2 9 10 
3600 67 2 10 
3600 68 2 10 
3600 69 2 10 59 77 
3600 70 63 
3600 71 2 10 
3600 72 49 
3600 73 87 
3600 74 2 9 10 
3600 75 2 9 10 
3600 76 2 9 10 
3600 77 69 
3600 78 55 
3600 79 49 
3600 80 2 10 
3600 81 2 10 
3600 82 2 10 
3600 83 2 10 
3600 84 2 10 
3600 85 49 
3600 86 2 10 
3600 87 62 65 73 
3600 88 2 9 10 
3600 89 2 10 
3600 90 2 10 
3600 91 2 10 
3600 92 2 10 60 
3600 93 2 10 
3600 94 3 
3600 95 135 
3600 96 3 104 
3600 97 3 
3600 98 3 
3600 99 135 
3600 100 3 
3600 101 3 
3600 102 3 11 
3600 103 131 
3600 104 96 
3600 105 135 
3600 106 130 
3600 107 3 137 
3600 108 3 
3600 109 3 
3600 110 3 
3600 111 3 
3600 112 131 
3600 113 3 
3600 114 3 11 
3600 115 3 11 
3600 116 132 
3600 117 3 12 
3600 118 135 
3600 119 3 
3600 120 3 
3600 121 135 
3600 122 3 
3600 123 3 
3600 124 128 
3600 125 3 
3600 126 3 
3600 127 3 
3600 128 3 124 
3600 129 133 
3600 130 3 106 
3600 131 3 103 112 
3600 132 3 116 
3600 133 3 129 136 
3600 134 3 
3600 135 3 95 99 105 118 121 
3600 136 133 
3600 137 107 
3600 138 3 
3600 139 142 
3600 140 4 13 
3600 141 4 13 
3600 142 4 13 139 154 158 167 
3600 143 4 13 
3600 144 4 13 
3600 145 4 13 
3600 146 4 13 
3600 147 4 13 
3600 148 4 13 
3600 149 4 13 
3600 150 4 13 
3600 151 4 13 
3600 152 4 13 
3600 153 4 13 
3600 154 142 
3600 155 4 13 
3600 156 4 13 
3600 157 4 13 
3600 158 142 
3600 159 4 13 
3600 160 4 13 
3600 161 4 13 
3600 162 4 13 
3600 163 4 13 
3600 164 4 13 
3600 165 4 13 
3600 166 4 13 
3600 167 142 
3600 168 4 13 
3600 169 4 13 
3600 170 4 13 
3600 171 4 13 
3600 172 4 13 
3600 173 4 13 
3600 174 4 13 
3600 175 5 14 15 
3600 176 5 14 15 196 199 
3600 177 5 14 15 202 
3600 178 5 14 15 213 
3600 179 5 14 15 192 195 200 
3600 180 5 14 15 
3600 181 5 14 15 
3600 182 5 14 15 218 
3600 183 199 
3600 184 5 14 15 
3600 185 5 14 15 
3600 186 5 14 15 
3600 187 5 14 15 
3600 188 5 14 15 
3600 189 198 
3600 190 5 14 15 
3600 191 5 14 15 
3600 192 179 
3600 193 5 14 15 
3600 194 5 14 15 
3600 195 179 
3600 196 176 
3600 197 5 14 15 
3600 198 5 14 15 189 
3600 199 176 183 
3600 200 179 
3600 201 5 14 15 
3600 202 177 
3600 203 5 14 15 
3600 204 5 14 15 
3600 205 5 14 15 
3600 206 5 14 15 
3600 207 5 14 15 
3600 208 5 14 15 
3600 209 5 14 15 
3600 210 5 14 15 
3600 211 5 14 15 
3600 212 5 14 15 
3600 213 178 
3600 214 5 14 15 
3600 215 5 14 15 
3600 216 5 14 15 
3600 217 5 14 15 
3600 218 182 
3600 219 5 14 15 
3600 220 5 14 15 
3600 221 5 14 15 
3600 222 6 16 
3600 223 6 
3600 224 6 261 
3600 225 6 
3600 226 6 
3600 227 6 
3600 228 6 
3600 229 6 
3600 230 6 
3600 231 6 
3600 232 6 16 
3600 233 6 
3600 234 257 
3600 235 257 
3600 236 258 
3600 237 257 
3600 238 6 16 
3600 239 6 16 
3600 240 6 
3600 241 6 
3600 242 258 
3600 243 6 248 
3600 244 6 
3600 245 6 
3600 246 6 
3600 247 6 
3600 248 243 
3600 249 6 
3600 250 6 
3600 251 257 
3600 252 257 
3600 253 6 
3600 254 6 
3600 255 259 
3600 256 6 
3600 257 6 234 235 237 251 252 
3600 258 6 236 242 
3600 259 6 255 
3600 260 6 
3600 261 224 
3600 262 0 3 4 
3600 263 0 2 5 
3600 264 0 1 6 
3600 265 0 2 4 
3600 266 0 5 
3600 267 0 1 3 6 
3600 268 0 1 2 4 
3600 269 0 6 
3600 270 0 3 
3600 271 0 4 5 
3600 272 0 6 
3600 273 0 2 3 5 
3600 274 0 1 2 
3600 275 0 3 
3600 276 0 4 5 6 
3600 277 0 1 
3600 278 0 2 
3600 279 0 4 5 6 
3600 280 0 1 3 
3600 281 0 4 6 
3600 282 0 2 3 
3600 283 0 5 
3600 284 0 1 4 
3600 285 0 2 3 
3600 286 0 2 5 6 
3600 287 0 6 
3600 288 0 1 
3600 289 0 3 4 5 
3600 290 0 6 
3600 291 0 2 
5400 0 1 2 3 4 5 6 262 263 264 265 266 267 268 269 270 271 272 273 274 275 276 277 278 279 280 281 282 283 284 285 286 287 288 289 290 291 
5400 1 0 2 3 4 6 7 8 18 19 21 22 24 25 26 27 29 30 31 32 33 34 35 36 37 38 40 41 42 43 44 45 46 47 48 264 267 268 274 277 280 284 288 
5400 2 0 1 3 4 5 6 9 10 49 50 51 53 55 56 58 61 62 63 64 65 66 67 68 69 71 74 75 76 79 80 81 82 83 84 86 88 89 90 91 92 93 263 265 268 273 274 278 282 285 286 291 
5400 3 0 1 2 4 5 6 11 12 94 96 97 98 100 101 102 107 108 109 110 111 113 114 115 117 119 120 122 123 125 126 127 128 130 131 132 133 134 135 138 262 267 270 273 275 280 282 285 289 
5400 4 0 1 2 3 5 6 140 141 142 143 144 145 146 147 148 149 150 151 152 153 155 156 157 158 159 160 161 162 163 164 165 166 168 169 170 171 172 173 174 262 265 268 271 276 279 281 284 289 
5400 5 0 2 3 4 6 14 15 175 176 177 178 179 180 181 182 183 184 185 186 187 188 190 191 194 197 198 201 203 204 205 206 207 208 209 210 211 212 214 215 216 217 219 220 221 263 266 271 273 276 279 283 286 289 
5400 6 0 1 2 3 4 5 17 222 223 224 226 227 228 229 230 231 232 233 238 239 240 241 244 245 246 247 249 250 253 254 256 257 258 259 260 264 267 269 272 276 279 281 286 287 290 
5400 7 1 8 18 19 21 22 24 25 26 27 29 30 31 32 33 34 35 36 37 38 40 41 42 43 44 45 46 47 48 
5400 8 1 7 18 19 21 25 26 27 29 31 32 33 34 38 42 43 48 
5400 9 2 10 64 65 66 74 75 76 88 
5400 10 2 9 49 50 51 53 55 56 58 61 62 63 64 65 66 67 68 69 71 74 75 76 79 80 81 82 83 84 86 88 89 90 91 92 93 
5400 11 3 102 114 115 
5400 12 3 117 
5400 13 140 141 142 143 144 145 146 147 148 149 150 151 152 153 155 156 157 158 159 160 161 162 163 164 165 166 168 169 170 171 172 173 174 
5400 14 5 15 175 176 177 178 179 180 181 182 183 184 185 186 187 188 190 191 194 197 198 201 203 204 205 206 207 208 209 210 211 212 214 215 216 217 219 220 221 
5400 15 5 14 175 176 177 178 179 180 181 182 183 184 185 186 187 188 190 191 194 197 198 201 203 204 205 206 207 208 209 210 211 212 214 215 216 217 219 220 221 
5400 16 222 232 238 239 
5400 17 6 
5400 18 1 7 8 20 28 39 
5400 19 1 7 8 
5400 20 18 
5400 21 1 7 8 
5400 22 1 7 
5400 23 35 
5400 24 1 7 
5400 25 1 7 8 
5400 26 1 7 8 
5400 27 1 7 8 
5400 28 18 
5400 29 1 7 8 
5400 30 1 7 
5400 31 1 7 8 
5400 32 1 7 8 
5400 33 1 7 8 
5400 34 1 7 8 
5400 35 1 7 23 
5400 36 1 7 
5400 37 1 7 
5400 38 1 7 8 
5400 39 18 
5400 40 1 7 
5400 41 1 7 
5400 42 1 7 8 
5400 43 1 7 8 
5400 44 1 7 
5400 45 1 7 
5400 46 1 7 
5400 47 1 7 
5400 48 1 7 8 
5400 49 2 10 52 85 
5400 50 2 10 
5400 51 2 10 
5400 52 49 
5400 53 2 10 
5400 54 63 
5400 55 2 10 72 
5400 56 2 10 77 
5400 57 74 
5400 58 2 10 59 
5400 59 58 
5400 60 92 
5400 61 2 10 
5400 62 2 10 
5400 63 2 10 54 70 
5400 64 2 9 10 
5400 65 2 9 10 
5400 66 2 9 10 
5400 67 2 10 
5400 68 2 10 
5400 69 2 10 
5400 70 63 73 
5400 71 2 10 
5400 72 55 
5400 73 70 
5400 74 2 9 10 57 
5400 75 2 9 10 
5400 76 2 9 10 87 
5400 77 56 
5400 78 82 
5400 79 2 10 
5400 80 2 10 
5400 81 2 10 
5400 82 2 10 78 
5400 83 2 10 
5400 84 2 10 
5400 85 49 
5400 86 2 10 
5400 87 76 
5400 88 2 9 10 
5400 89 2 10 
5400 90 2 10 
5400 91 2 10 
5400 92 2 10 60 
5400 93 2 10 
5400 94 3 
5400 95 135 
5400 96 3 
5400 97 3 
5400 98 3 116 
5400 99 135 
5400 100 3 
5400 101 3 
5400 102 3 11 
5400 103 131 
5400 104 130 
5400 105 135 
5400 106 130 
5400 107 3 
5400 108 3 
5400 109 3 
5400 110 3 
5400 111 3 
5400 112 131 
5400 113 3 
5400 114 3 11 
5400 115 3 11 
5400 116 98 
5400 117 3 12 
5400 118 135 
5400 119 3 
5400 120 3 
5400 121 135 
5400 122 3 
5400 123 3 
5400 124 135 
5400 125 3 
5400 126 3 137 
5400 127 3 
5400 128 3 
5400 129 133 
5400 130 3 104 106 
5400 131 3 103 112 
5400 132 3 
5400 133 3 129 136 
5400 134 3 
5400 135 3 95 99 105 118 121 124 
5400 136 133 
5400 137 126 
5400 138 3 
5400 139 142 
5400 140 4 13 
5400 141 4 13 
5400 142 4 13 139 154 167 
5400 143 4 13 
5400 144 4 13 
5400 145 4 13 
5400 146 4 13 
5400 147 4 13 
5400 148 4 13 
5400 149 4 13 
5400 150 4 13 
5400 151 4 13 
5400 152 4 13 
5400 153 4 13 
5400 154 142 
5400 155 4 13 
5400 156 4 13 
5400 157 4 13 
5400 158 4 13 
5400 159 4 13 
5400 160 4 13 
5400 161 4 13 
5400 162 4 13 
5400 163 4 13 
5400 164 4 13 
5400 165 4 13 
5400 166 4 13 
5400 167 142 
5400 168 4 13 
5400 169 4 13 
5400 170 4 13 
5400 171 4 13 
5400 172 4 13 
5400 173 4 13 
5400 174 4 13 
5400 175 5 14 15 199 202 218 
5400 176 5 14 15 196 
5400 177 5 14 15 
5400 178 5 14 15 189 193 213 
5400 179 5 14 15 192 195 
5400 180 5 14 15 
5400 181 5 14 15 
5400 182 5 14 15 200 
5400 183 5 14 15 
5400 184 5 14 15 
5400 185 5 14 15 
5400 186 5 14 15 
5400 187 5 14 15 
5400 188 5 14 15 
5400 189 178 
5400 190 5 14 15 
5400 191 5 14 15 
5400 192 179 
5400 193 178 
5400 194 5 14 15 
5400 195 179 
5400 196 176 
5400 197 5 14 15 
5400 198 5 14 15 
5400 199 175 
5400 200 182 
5400 201 5 14 15 
5400 202 175 
5400 203 5 14 15 
5400 204 5 14 15 
5400 205 5 14 15 
5400 206 5 14 15 
5400 207 5 14 15 
5400 208 5 14 15 
5400 209 5 14 15 
5400 210 5 14 15 
5400 211 5 14 15 
5400 212 5 14 15 
5400 213 178 
5400 214 5 14 15 
5400 215 5 14 15 
5400 216 5 14 15 
5400 217 5 14 15 
5400 218 175 
5400 219 5 14 15 
5400 220 5 14 15 
5400 221 5 14 15 
5400 222 6 16 225 234 
5400 223 6 261 
5400 224 6 
5400 225 222 
5400 226 6 
5400 227 6 
5400 228 6 
5400 229 6 
5400 230 6 248 
5400 231 6 
5400 232 6 16 
5400 233 6 
5400 234 222 
5400 235 257 
5400 236 258 
5400 237 257 
5400 238 6 16 
5400 239 6 16 
5400 240 6 
5400 241 6 
5400 242 257 
5400 243 257 
5400 244 6 
5400 245 6 
5400 246 6 
5400 247 6 
5400 248 230 
5400 249 6 
5400 250 6 
5400 251 257 
5400 252 257 
5400 253 6 
5400 254 6 
5400 255 259 
5400 256 6 
5400 257 6 235 237 242 243 251 252 
5400 258 6 236 
5400 259 6 255 
5400 260 6 
5400 261 223 
5400 262 0 3 4 
5400 263 0 2 5 
5400 264 0 1 6 
5400 265 0 2 4 
5400 266 0 5 
5400 267 0 1 3 6 
5400 268 0 1 2 4 
5400 269 0 6 
5400 270 0 3 
5400 271 0 4 5 
5400 272 0 6 
5400 273 0 2 3 5 
5400 274 0 1 2 
5400 275 0 3 
5400 276 0 4 5 6 
5400 277 0 1 
5400 278 0 2 
5400 279 0 4 5 6 
5400 280 0 1 3 
5400 281 0 4 6 
5400 282 0 2 3 
5400 283 0 5 
5400 284 0 1 4 
5400 285 0 2 3 
5400 286 0 2 5 6 
5400 287 0 6 
5400 288 0 1 
5400 289 0 3 4 5 
5400 290 0 6 
5400 291 0 2 
7200 0 1 2 3 4 5 6 262 263 264 265 266 267 268 269 270 271 272 273 274 275 276 277 278 279 280 281 282 283 284 285 286 287 288 289 290 291 
7200 1 0 2 3 4 6 7 8 18 19 21 22 23 24 25 26 27 29 30 31 32 33 34 35 36 37 38 40 41 42 44 45 46 47 48 264 267 268 274 277 280 284 288 
7200 2 0 1 3 4 5 6 9 10 49 50 51 53 55 56 58 61 62 63 64 65 66 67 68 69 71 74 75 76 80 81 82 83 84 86 88 89 90 91 92 93 263 265 268 273 274 278 282 285 286 291 
7200 3 0 1 2 4 5 6 11 12 94 96 97 98 100 101 102 103 105 107 108 109 110 111 113 114 115 117 119 120 122 123 125 126 127 128 130 131 132 133 134 135 138 262 267 270 273 275 280 282 285 289 
7200 4 0 1 2 3 5 6 140 141 142 143 144 145 146 147 148 149 150 151 152 153 155 156 157 159 160 161 162 163 164 165 166 168 169 170 171 172 173 174 262 265 268 271 276 279 281 284 289 
7200 5 0 2 3 4 6 14 15 175 176 177 178 179 180 181 182 184 185 186 187 188 190 191 194 197 198 201 203 204 205 206 207 208 209 210 211 212 214 215 216 217 219 220 221 263 266 271 273 276 279 283 286 289 
7200 6 0 1 2 3 4 5 17 222 223 224 226 227 228 229 230 231 232 233 238 239 240 241 243 244 245 246 247 249 250 253 254 256 257 258 259 260 264 267 269 272 276 279 281 286 287 290 
7200 7 1 8 18 19 21 22 23 24 25 26 27 29 30 31 32 33 34 35 36 37 38 40 41 42 44 45 46 47 48 
7200 8 1 7 18 19 21 25 26 27 29 31 32 33 34 38 42 48 
7200 9 2 10 64 65 66 74 75 76 88 
7200 10 2 9 49 50 51 53 55 56 58 61 62 63 64 65 66 67 68 69 71 74 75 76 80 81 82 83 84 86 88 89 90 91 92 93 
7200 11 3 102 105 114 115 
7200 12 3 117 
7200 13 140 141 142 143 144 145 146 147 148 149 150 151 152 153 155 156 157 159 160 161 162 163 164 165 166 168 169 170 171 172 173 174 
7200 14 5 15 175 176 177 178 179 180 181 182 184 185 186 187 188 190 191 194 197 198 201 203 204 205 206 207 208 209 210 211 212 214 215 216 217 219 220 221 
7200 15 5 14 175 176 177 178 179 180 181 182 184 185 186 187 188 190 191 194 197 198 201 203 204 205 206 207 208 209 210 211 212 214 215 216 217 219 220 221 
7200 16 222 232 238 239 
7200 17 6 
7200 18 1 7 8 20 39 
7200 19 1 7 8 
7200 20 18 
7200 21 1 7 8 
7200 22 1 7 
7200 23 1 7 
7200 24 1 7 
7200 25 1 7 8 28 
7200 26 1 7 8 
7200 27 1 7 8 
7200 28 25 
7200 29 1 7 8 43 
7200 30 1 7 
7200 31 1 7 8 
7200 32 1 7 8 
7200 33 1 7 8 
7200 34 1 7 8 
7200 35 1 7 
7200 36 1 7 
7200 37 1 7 
7200 38 1 7 8 
7200 39 18 
7200 40 1 7 
7200 41 1 7 
7200 42 1 7 8 
7200 43 29 
7200 44 1 7 
7200 45 1 7 
7200 46 1 7 
7200 47 1 7 
7200 48 1 7 8 
7200 49 2 10 52 60 79 85 87 
7200 50 2 10 57 
7200 51 2 10 
7200 52 49 
7200 53 2 10 
7200 54 63 
7200 55 2 10 72 
7200 56 2 10 
7200 57 50 
7200 58 2 10 
7200 59 69 
7200 60 49 
7200 61 2 10 70 
7200 62 2 10 
7200 63 2 10 54 
7200 64 2 9 10 
7200 65 2 9 10 
7200 66 2 9 10 
7200 67 2 10 
7200 68 2 10 
7200 69 2 10 59 77 78 
7200 70 61 
7200 71 2 10 
7200 72 55 
7200 73 87 
7200 74 2 9 10 
7200 75 2 9 10 
7200 76 2 9 10 
7200 77 69 
7200 78 69 
7200 79 49 
7200 80 2 10 
7200 81 2 10 
7200 82 2 10 
7200 83 2 10 
7200 84 2 10 
7200 85 49 
7200 86 2 10 
7200 87 49 73 
7200 88 2 9 10 
7200 89 2 10 
7200 90 2 10 
7200 91 2 10 
7200 92 2 10 
7200 93 2 10 
7200 94 3 
7200 95 135 
7200 96 3 
7200 97 3 
7200 98 3 
7200 99 135 
7200 100 3 
7200 101 3 
7200 102 3 11 
7200 103 3 
7200 104 131 
7200 105 3 11 
7200 106 132 
7200 107 3 137 
7200 108 3 
7200 109 3 
7200 110 3 
7200 111 3 
7200 112 131 
7200 113 3 
7200 114 3 11 
7200 115 3 11 
7200 116 130 
7200 117 3 12 
7200 118 135 
7200 119 3 
7200 120 3 
7200 121 135 
7200 122 3 
7200 123 3 
7200 124 128 
7200 125 3 
7200 126 3 
7200 127 3 
7200 128 3 124 
7200 129 135 
7200 130 3 116 
7200 131 3 104 112 
7200 132 3 106 
7200 133 3 136 
7200 134 3 
7200 135 3 95 99 118 121 129 
7200 136 133 
7200 137 107 
7200 138 3 
7200 139 142 
7200 140 4 13 
7200 141 4 13 
7200 142 4 13 139 154 158 167 
7200 143 4 13 
7200 144 4 13 
7200 145 4 13 
7200 146 4 13 
7200 147 4 13 
7200 148 4 13 
7200 149 4 13 
7200 150 4 13 
7200 151 4 13 
7200 152 4 13 
7200 153 4 13 
7200 154 142 
7200 155 4 13 
7200 156 4 13 
7200 157 4 13 
7200 158 142 
7200 159 4 13 
7200 160 4 13 
7200 161 4 13 
7200 162 4 13 
7200 163 4 13 
7200 164 4 13 
7200 165 4 13 
7200 166 4 13 
7200 167 142 
7200 168 4 13 
7200 169 4 13 
7200 170 4 13 
7200 171 4 13 
7200 172 4 13 
7200 173 4 13 
7200 174 4 13 
7200 175 5 14 15 
7200 176 5 14 15 196 199 
7200 177 5 14 15 202 
7200 178 5 14 15 189 193 213 
7200 179 5 14 15 192 195 200 218 
7200 180 5 14 15 
7200 181 5 14 15 183 
7200 182 5 14 15 
7200 183 181 
7200 184 5 14 15 
7200 185 5 14 15 
7200 186 5 14 15 
7200 187 5 14 15 
7200 188 5 14 15 
7200 189 178 
7200 190 5 14 15 
7200 191 5 14 15 
7200 192 179 
7200 193 178 
7200 194 5 14 15 
7200 195 179 
7200 196 176 
7200 197 5 14 15 
7200 198 5 14 15 
7200 199 176 
7200 200 179 
7200 201 5 14 15 
7200 202 177 
7200 203 5 14 15 
7200 204 5 14 15 
7200 205 5 14 15 
7200 206 5 14 15 
7200 207 5 14 15 
7200 208 5 14 15 
7200 209 5 14 15 
7200 210 5 14 15 
7200 211 5 14 15 
7200 212 5 14 15 
7200 213 178 
7200 214 5 14 15 
7200 215 5 14 15 
7200 216 5 14 15 
7200 217 5 14 15 
7200 218 179 
7200 219 5 14 15 
7200 220 5 14 15 
7200 221 5 14 15 
7200 222 6 16 
7200 223 6 
7200 224 6 
7200 225 231 
7200 226 6 
7200 227 6 
7200 228 6 
7200 229 6 
7200 230 6 
7200 231 6 225 234 
7200 232 6 16 
7200 233 6 
7200 234 231 
7200 235 257 
7200 236 258 
7200 237 257 
7200 238 6 16 
7200 239 6 16 
7200 240 6 
7200 241 6 
7200 242 258 
7200 243 6 
7200 244 6 
7200 245 6 
7200 246 6 
7200 247 6 
7200 248 254 
7200 249 6 
7200 250 6 
7200 251 257 
7200 252 257 
7200 253 6 
7200 254 6 248 
7200 255 259 
7200 256 6 
7200 257 6 235 237 251 252 
7200 258 6 236 242 261 
7200 259 6 255 
7200 260 6 
7200 261 258 
7200 262 0 3 4 
7200 263 0 2 5 
7200 264 0 1 6 
7200 265 0 2 4 
7200 266 0 5 
7200 267 0 1 3 6 
7200 268 0 1 2 4 
7200 269 0 6 
7200 270 0 3 
7200 271 0 4 5 
7200 272 0 6 
7200 273 0 2 3 5 
7200 274 0 1 2 
7200 275 0 3 
7200 276 0 4 5 6 
7200 277 0 1 
7200 278 0 2 
7200 279 0 4 5 6 
7200 280 0 1 3 
7200 281 0 4 6 
7200 282 0 2 3 
7200 283 0 5 
7200 284 0 1 4 
7200 285 0 2 3 
7200 286 0 2 5 6 
7200 287 0 6 
7200 288 0 1 
7200 289 0 3 4 5 
7200 290 0 6 
7200 291 0 2 
9000 0 1 2 3 4 5 6 262 263 264 265 266 267 268 269 270 271 272 273 274 275 276 277 278 279 280 281 282 283 284 285 286 287 288 289 290 291 
9000 1 0 2 3 4 6 7 8 18 19 20 21 22 24 25 26 27 29 30 31 32 33 34 35 36 37 38 40 41 42 44 45 46 47 48 264 267 268 274 277 280 284 288 
9000 2 0 1 3 4 5 6 9 10 49 50 51 53 55 56 58 61 62 63 64 65 66 67 68 69 71 72 74 75 76 80 81 82 83 84 85 86 88 89 90 91 92 93 263 265 268 273 274 278 282 285 286 291 
9000 3 0 1 2 4 5 6 11 12 94 96 97 98 100 101 102 107 108 109 110 111 113 114 115 117 119 120 122 123 125 126 127 128 130 131 132 133 134 135 136 138 262 267 270 273 275 280 282 285 289 
9000 4 0 1 2 3 5 6 140 141 142 143 144 145 146 147 148 149 150 151 152 153 155 156 157 159 160 161 162 163 164 165 166 168 169 170 171 172 173 174 262 265 268 271 276 279 281 284 289 
9000 5 0 2 3 4 6 14 15 175 176 177 178 179 180 181 182 184 185 186 187 188 190 191 194 197 198 201 203 204 205 206 207 208 209 210 211 212 214 215 216 217 219 220 221 263 266 271 273 276 279 283 286 289 
9000 6 0 1 2 3 4 5 17 222 223 224 226 227 228 229 230 231 232 233 238 239 240 241 244 245 246 247 249 250 252 253 254 256 257 258 259 260 264 267 269 272 276 279 281 286 287 290 
9000 7 1 8 18 19 20 21 22 24 25 26 27 29 30 31 32 33 34 35 36 37 38 40 41 42 44 45 46 47 48 
9000 8 1 7 18 19 20 21 25 26 27 29 31 32 33 34 38 42 48 
9000 9 2 10 64 65 66 74 75 76 88 
9000 10 2 9 49 50 51 53 55 56 58 61 62 63 64 65 66 67 68 69 71 72 74 75 76 80 81 82 83 84 85 86 88 89 90 91 92 93 
9000 11 3 102 114 115 
9000 12 3 117 
9000 13 140 141 142 143 144 145 146 147 148 149 150 151 152 153 155 156 157 159 160 161 162 163 164 165 166 168 169 170 171 172 173 174 
9000 14 5 15 175 176 177 178 179 180 181 182 184 185 186 187 188 190 191 194 197 198 201 203 204 205 206 207 208 209 210 211 212 214 215 216 217 219 220 221 
9000 15 5 14 175 176 177 178 179 180 181 182 184 185 186 187 188 190 191 194 197 198 201 203 204 205 206 207 208 209 210 211 212 214 215 216 217 219 220 221 
9000 16 222 232 238 239 
9000 17 6 
9000 18 1 7 8 39 
9000 19 1 7 8 23 
9000 20 1 7 8 28 43 
9000 21 1 7 8 
9000 22 1 7 
9000 23 19 
9000 24 1 7 
9000 25 1 7 8 
9000 26 1 7 8 
9000 27 1 7 8 
9000 28 20 
9000 29 1 7 8 
9000 30 1 7 
9000 31 1 7 8 
9000 32 1 7 8 
9000 33 1 7 8 
9000 34 1 7 8 
9000 35 1 7 
9000 36 1 7 
9000 37 1 7 
9000 38 1 7 8 
9000 39 18 
9000 40 1 7 
9000 41 1 7 
9000 42 1 7 8 
9000 43 20 
9000 44 1 7 
9000 45 1 7 
9000 46 1 7 
9000 47 1 7 
9000 48 1 7 8 
9000 49 2 10 52 79 
9000 50 2 10 57 77 
9000 51 2 10 
9000 52 49 
9000 53 2 10 
9000 54 63 
9000 55 2 10 
9000 56 2 10 
9000 57 50 
9000 58 2 10 
9000 59 69 
9000 60 64 
9000 61 2 10 
9000 62 2 10 87 
9000 63 2 10 54 70 
9000 64 2 9 10 60 
9000 65 2 9 10 
9000 66 2 9 10 
9000 67 2 10 
9000 68 2 10 
9000 69 2 10 59 78 
9000 70 63 
9000 71 2 10 
9000 72 2 10 
9000 73 87 
9000 74 2 9 10 
9000 75 2 9 10 
9000 76 2 9 10 
9000 77 50 
9000 78 69 
9000 79 49 
9000 80 2 10 
9000 81 2 10 
9000 82 2 10 
9000 83 2 10 
9000 84 2 10 
9000 85 2 10 
9000 86 2 10 
9000 87 62 73 
9000 88 2 9 10 
9000 89 2 10 
9000 90 2 10 
9000 91 2 10 
9000 92 2 10 
9000 93 2 10 
9000 94 3 
9000 95 135 
9000 96 3 104 
9000 97 3 
9000 98 3 
9000 99 135 
9000 100 3 
9000 101 3 
9000 102 3 11 
9000 103 131 
9000 104 96 
9000 105 135 
9000 106 130 
9000 107 3 
9000 108 3 
9000 109 3 
9000 110 3 
9000 111 3 
9000 112 131 
9000 113 3 
9000 114 3 11 
9000 115 3 11 
9000 116 132 
9000 117 3 12 
9000 118 135 
9000 119 3 
9000 120 3 
9000 121 135 
9000 122 3 
9000 123 3 
9000 124 136 
9000 125 3 
9000 126 3 
9000 127 3 137 
9000 128 3 
9000 129 138 
9000 130 3 106 
9000 131 3 103 112 
9000 132 3 116 
9000 133 3 
9000 134 3 
9000 135 3 95 99 105 118 121 
9000 136 3 124 
9000 137 127 
9000 138 3 129 
9000 139 142 
9000 140 4 13 
9000 141 4 13 
9000 142 4 13 139 154 158 167 
9000 143 4 13 
9000 144 4 13 
9000 145 4 13 
9000 146 4 13 
9000 147 4 13 
9000 148 4 13 
9000 149 4 13 
9000 150 4 13 
9000 151 4 13 
9000 152 4 13 
9000 153 4 13 
9000 154 142 
9000 155 4 13 
9000 156 4 13 
9000 157 4 13 
9000 158 142 
9000 159 4 13 
9000 160 4 13 
9000 161 4 13 
9000 162 4 13 
9000 163 4 13 
9000 164 4 13 
9000 165 4 13 
9000 166 4 13 
9000 167 142 
9000 168 4 13 
9000 169 4 13 
9000 170 4 13 
9000 171 4 13 
9000 172 4 13 
9000 173 4 13 
9000 174 4 13 
9000 175 5 14 15 
9000 176 5 14 15 183 196 199 200 218 
9000 177 5 14 15 202 
9000 178 5 14 15 189 193 213 
9000 179 5 14 15 192 195 
9000 180 5 14 15 
9000 181 5 14 15 
9000 182 5 14 15 
9000 183 176 
9000 184 5 14 15 
9000 185 5 14 15 
9000 186 5 14 15 
9000 187 5 14 15 
9000 188 5 14 15 
9000 189 178 
9000 190 5 14 15 
9000 191 5 14 15 
9000 192 179 
9000 193 178 
9000 194 5 14 15 
9000 195 179 
9000 196 176 
9000 197 5 14 15 
9000 198 5 14 15 
9000 199 176 
9000 200 176 
9000 201 5 14 15 
9000 202 177 
9000 203 5 14 15 
9000 204 5 14 15 
9000 205 5 14 15 
9000 206 5 14 15 
9000 207 5 14 15 
9000 208 5 14 15 
9000 209 5 14 15 
9000 210 5 14 15 
9000 211 5 14 15 
9000 212 5 14 15 
9000 213 178 
9000 214 5 14 15 
9000 215 5 14 15 
9000 216 5 14 15 
9000 217 5 14 15 
9000 218 176 
9000 219 5 14 15 
9000 220 5 14 15 
9000 221 5 14 15 
9000 222 6 16 
9000 223 6 
9000 224 6 261 
9000 225 257 
9000 226 6 
9000 227 6 
9000 228 6 
9000 229 6 
9000 230 6 
9000 231 6 
9000 232 6 16 
9000 233 6 
9000 234 257 
9000 235 257 
9000 236 258 
9000 237 257 
9000 238 6 16 
9000 239 6 16 
9000 240 6 
9000 241 6 
9000 242 258 
9000 243 257 
9000 244 6 
9000 245 6 
9000 246 6 
9000 247 6 
9000 248 256 
9000 249 6 
9000 250 6 
9000 251 257 
9000 252 6 
9000 253 6 
9000 254 6 
9000 255 257 
9000 256 6 248 
9000 257 6 225 234 235 237 243 251 255 
9000 258 6 236 242 
9000 259 6 
9000 260 6 
9000 261 224 
9000 262 0 3 4 
9000 263 0 2 5 
9000 264 0 1 6 
9000 265 0 2 4 
9000 266 0 5 
9000 267 0 1 3 6 
9000 268 0 1 2 4 
9000 269 0 6 
9000 270 0 3 
9000 271 0 4 5 
9000 272 0 6 
9000 273 0 2 3 5 
9000 274 0 1 2 
9000 275 0 3 
9000 276 0 4 5 6 
9000 277 0 1 
9000 278 0 2 
9000 279 0 4 5 6 
9000 280 0 1 3 
9000 281 0 4 6 
9000 282 0 2 3 
9000 283 0 5 
9000 284 0 1 4 
9000 285 0 2 3 
9000 286 0 2 5 6 
9000 287 0 6 
9000 288 0 1 
9000 289 0 3 4 5 
9000 290 0 6 
9000 291 0 2 
10800 0 1 2 3 4 5 6 262 263 264 265 266 267 268 269 270 271 272 273 274 275 276 277 278 279 280 281 282 283 284 285 286 287 288 289 290 291 
10800 1 0 2 3 4 6 7 8 18 19 21 22 24 25 26 27 29 30 31 32 33 34 35 36 37 38 40 41 42 44 45 46 47 48 264 267 268 274 277 280 284 288 
10800 2 0 1 3 4 5 6 9 10 49 50 51 53 54 55 56 58 61 62 63 64 65 66 67 68 69 71 74 75 76 80 81 82 83 84 86 88 89 90 91 92 93 263 265 268 273 274 278 282 285 286 291 
10800 3 0 1 2 4 5 6 11 12 94 96 97 98 100 101 102 104 107 108 109 110 111 113 114 115 117 119 120 122 123 125 126 127 128 130 131 132 133 134 135 138 262 267 270 273 275 280 282 285 289 
10800 4 0 1 2 3 5 6 140 141 142 143 144 145 146 147 148 149 150 151 152 153 155 156 157 159 160 161 162 163 164 165 166 168 169 170 171 172 173 174 262 265 268 271 276 279 281 284 289 
10800 5 0 2 3 4 6 14 15 175 176 177 178 179 180 181 182 184 185 186 187 188 190 191 194 197 198 201 203 204 205 206 207 208 209 210 211 212 214 215 216 217 219 220 221 263 266 271 273 276 279 283 286 289 
10800 6 0 1 2 3 4 5 17 222 223 224 226 227 228 229 230 231 232 233 238 239 240 241 243 244 245 246 247 249 250 251 253 254 256 257 258 259 260 264 267 269 272 276 279 281 286 287 290 
10800 7 1 8 18 19 21 22 24 25 26 27 29 30 31 32 33 34 35 36 37 38 40 41 42 44 45 46 47 48 
10800 8 1 7 18 19 21 25 26 27 29 31 32 33 34 38 42 48 
10800 9 2 10 64 65 66 74 75 76 88 
10800 10 2 9 49 50 51 53 54 55 56 58 61 62 63 64 65 66 67 68 69 71 74 75 76 80 81 82 83 84 86 88 89 90 91 92 93 
10800 11 3 102 104 114 115 
10800 12 3 117 
10800 13 140 141 142 143 144 145 146 147 148 149 150 151 152 153 155 156 157 159 160 161 162 163 164 165 166 168 169 170 171 172 173 174 
10800 14 5 15 175 176 177 178 179 180 181 182 184 185 186 187 188 190 191 194 197 198 201 203 204 205 206 207 208 209 210 211 212 214 215 216 217 219 220 221 
10800 15 5 14 175 176 177 178 179 180 181 182 184 185 186 187 188 190 191 194 197 198 201 203 204 205 206 207 208 209 210 211 212 214 215 216 217 219 220 221 
10800 16 222 232 238 239 
10800 17 6 
10800 18 1 7 8 20 39 
10800 19 1 7 8 
10800 20 18 
10800 21 1 7 8 
10800 22 1 7 
10800 23 35 
10800 24 1 7 
10800 25 1 7 8 28 
10800 26 1 7 8 
10800 27 1 7 8 
10800 28 25 
10800 29 1 7 8 43 
10800 30 1 7 
10800 31 1 7 8 
10800 32 1 7 8 
10800 33 1 7 8 
10800 34 1 7 8 
10800 35 1 7 23 
10800 36 1 7 
10800 37 1 7 
10800 38 1 7 8 
10800 39 18 
10800 40 1 7 
10800 41 1 7 
10800 42 1 7 8 
10800 43 29 
10800 44 1 7 
10800 45 1 7 
10800 46 1 7 
10800 47 1 7 
10800 48 1 7 8 
10800 49 2 10 52 70 79 85 
10800 50 2 10 57 
10800 51 2 10 
10800 52 49 
10800 53 2 10 
10800 54 2 10 73 
10800 55 2 10 72 
10800 56 2 10 60 
10800 57 50 
10800 58 2 10 77 
10800 59 82 
10800 60 56 
10800 61 2 10 
10800 62 2 10 78 
10800 63 2 10 
10800 64 2 9 10 
10800 65 2 9 10 87 
10800 66 2 9 10 
10800 67 2 10 
10800 68 2 10 
10800 69 2 10 
10800 70 49 
10800 71 2 10 
10800 72 55 
10800 73 54 
10800 74 2 9 10 
10800 75 2 9 10 
10800 76 2 9 10 
10800 77 58 
10800 78 62 
10800 79 49 
10800 80 2 10 
10800 81 2 10 
10800 82 2 10 59 
10800 83 2 10 
10800 84 2 10 
10800 85 49 
10800 86 2 10 
10800 87 65 
10800 88 2 9 10 
10800 89 2 10 
10800 90 2 10 
10800 91 2 10 
10800 92 2 10 
10800 93 2 10 
10800 94 3 
10800 95 135 
10800 96 3 
10800 97 3 
10800 98 3 
10800 99 135 
10800 100 3 
10800 101 3 
10800 102 3 11 
10800 103 131 
10800 104 3 11 
10800 105 135 
10800 106 130 
10800 107 3 
10800 108 3 
10800 109 3 
10800 110 3 
10800 111 3 
10800 112 131 
10800 113 3 
10800 114 3 11 
10800 115 3 11 
10800 116 130 
10800 117 3 12 
10800 118 135 
10800 119 3 
10800 120 3 
10800 121 135 
10800 122 3 
10800 123 3 
10800 124 128 
10800 125 3 
10800 126 3 
10800 127 3 
10800 128 3 124 
10800 129 138 
10800 130 3 106 116 137 
10800 131 3 103 112 
10800 132 3 
10800 133 3 
10800 134 3 
10800 135 3 95 99 105 118 121 136 
10800 136 135 
10800 137 130 
10800 138 3 129 
10800 139 142 
10800 140 4 13 
10800 141 4 13 
10800 142 4 13 139 154 158 167 
10800 143 4 13 
10800 144 4 13 
10800 145 4 13 
10800 146 4 13 
10800 147 4 13 
10800 148 4 13 
10800 149 4 13 
10800 150 4 13 
10800 151 4 13 
10800 152 4 13 
10800 153 4 13 
10800 154 142 
10800 155 4 13 
10800 156 4 13 
10800 157 4 13 
10800 158 142 
10800 159 4 13 
10800 160 4 13 
10800 161 4 13 
10800 162 4 13 
10800 163 4 13 
10800 164 4 13 
10800 165 4 13 
10800 166 4 13 
10800 167 142 
10800 168 4 13 
10800 169 4 13 
10800 170 4 13 
10800 171 4 13 
10800 172 4 13 
10800 173 4 13 
10800 174 4 13 
10800 175 5 14 15 
10800 176 5 14 15 196 199 
10800 177 5 14 15 183 189 202 
10800 178 5 14 15 193 213 
10800 179 5 14 15 192 195 200 218 
10800 180 5 14 15 
10800 181 5 14 15 
10800 182 5 14 15 
10800 183 177 
10800 184 5 14 15 
10800 185 5 14 15 
10800 186 5 14 15 
10800 187 5 14 15 
10800 188 5 14 15 
10800 189 177 
10800 190 5 14 15 
10800 191 5 14 15 
10800 192 179 
10800 193 178 
10800 194 5 14 15 
10800 195 179 
10800 196 176 
10800 197 5 14 15 
10800 198 5 14 15 
10800 199 176 
10800 200 179 
10800 201 5 14 15 
10800 202 177 
10800 203 5 14 15 
10800 204 5 14 15 
10800 205 5 14 15 
10800 206 5 14 15 
10800 207 5 14 15 
10800 208 5 14 15 
10800 209 5 14 15 
10800 210 5 14 15 
10800 211 5 14 15 
10800 212 5 14 15 
10800 213 178 
10800 214 5 14 15 
10800 215 5 14 15 
10800 216 5 14 15 
10800 217 5 14 15 
10800 218 179 
10800 219 5 14 15 
10800 220 5 14 15 
10800 221 5 14 15 
10800 222 6 16 
10800 223 6 
10800 224 6 261 
10800 225 232 
10800 226 6 
10800 227 6 
10800 228 6 
10800 229 6 
10800 230 6 
10800 231 6 
10800 232 6 16 225 234 
10800 233 6 
10800 234 232 
10800 235 257 
10800 236 258 
10800 237 257 
10800 238 6 16 
10800 239 6 16 
10800 240 6 
10800 241 6 
10800 242 258 
10800 243 6 248 
10800 244 6 
10800 245 6 
10800 246 6 
10800 247 6 
10800 248 243 
10800 249 6 
10800 250 6 
10800 251 6 
10800 252 257 
10800 253 6 
10800 254 6 
10800 255 259 
10800 256 6 
10800 257 6 235 237 252 
10800 258 6 236 242 
10800 259 6 255 
10800 260 6 
10800 261 224 
10800 262 0 3 4 
10800 263 0 2 5 
10800 264 0 1 6 
10800 265 0 2 4 
10800 266 0 5 
10800 267 0 1 3 6 
10800 268 0 1 2 4 
10800 269 0 6 
10800 270 0 3 
10800 271 0 4 5 
10800 272 0 6 
10800 273 0 2 3 5 
10800 274 0 1 2 
10800 275 0 3 
10800 276 0 4 5 6 
10800 277 0 1 
10800 278 0 2 
10800 279 0 4 5 6 
10800 280 0 1 3 
10800 281 0 4 6 
10800 282 0 2 3 
10800 283 0 5 
10800 284 0 1 4 
10800 285 0 2 3 
10800 286 0 2 5 6 
10800 287 0 6 
10800 288 0 1 
10800 289 0 3 4 5 
10800 290 0 6 
10800 291 0 2 
12600 0 1 2 3 4 5 6 262 263 264 265 266 267 268 269 270 271 272 273 274 275 276 277 278 279 280 281 282 283 284 285 286 287 288 289 290 291 
12600 1 0 2 3 4 6 7 8 18 19 21 22 24 25 26 27 28 29 30 31 32 33 34 35 36 37 38 40 41 42 44 45 46 47 48 264 267 268 274 277 280 284 288 
12600 2 0 1 3 4 5 6 9 10 49 50 51 53 55 56 58 61 62 63 64 65 66 67 68 69 71 74 75 76 77 80 81 82 83 84 86 88 89 90 91 92 93 263 265 268 273 274 278 282 285 286 291 
12600 3 0 1 2 4 5 6 11 12 94 96 97 100 101 102 103 104 107 108 109 110 111 113 114 115 117 119 120 122 123 125 126 127 128 130 131 132 133 134 135 138 262 267 270 273 275 280 282 285 289 
12600 4 0 1 2 3 5 6 140 141 142 143 144 145 146 147 148 149 150 151 152 153 155 156 157 159 160 161 162 163 164 165 166 168 169 170 171 172 173 174 262 265 268 271 276 279 281 284 289 
12600 5 0 2 3 4 6 14 15 175 176 177 178 179 180 181 182 184 185 186 187 188 189 190 191 193 194 197 198 200 201 203 204 205 206 207 208 209 210 211 212 214 215 216 217 219 220 221 263 266 271 273 276 279 283 286 289 
12600 6 0 1 2 3 4 5 17 222 223 224 225 226 227 228 229 230 231 232 233 238 239 240 241 244 245 246 247 249 250 253 254 256 257 258 259 260 261 264 267 269 272 276 279 281 286 287 290 
12600 7 1 8 18 19 21 22 24 25 26 27 28 29 30 31 32 33 34 35 36 37 38 40 41 42 44 45 46 47 48 
12600 8 1 7 18 19 21 25 26 27 28 29 31 32 33 34 38 42 48 
12600 9 2 10 64 65 66 74 75 76 88 
12600 10 2 9 49 50 51 53 55 56 58 61 62 63 64 65 66 67 68 69 71 74 75 76 77 80 81 82 83 84 86 88 89 90 91 92 93 
12600 11 3 102 104 114 115 
12600 12 3 117 
12600 13 140 141 142 143 144 145 146 147 148 149 150 151 152 153 155 156 157 159 160 161 162 163 164 165 166 168 169 170 171 172 173 174 
12600 14 5 15 175 176 177 178 179 180 181 182 184 185 186 187 188 189 190 191 193 194 197 198 200 201 203 204 205 206 207 208 209 210 211 212 214 215 216 217 219 220 221 
12600 15 5 14 175 176 177 178 179 180 181 182 184 185 186 187 188 189 190 191 193 194 197 198 200 201 203 204 205 206 207 208 209 210 211 212 214 215 216 217 219 220 221 
12600 16 222 232 238 239 
12600 17 6 
12600 18 1 7 8 20 39 
12600 19 1 7 8 
12600 20 18 
12600 21 1 7 8 
12600 22 1 7 
12600 23 35 
12600 24 1 7 
12600 25 1 7 8 
12600 26 1 7 8 
12600 27 1 7 8 
12600 28 1 7 8 
12600 29 1 7 8 43 
12600 30 1 7 
12600 31 1 7 8 
12600 32 1 7 8 
12600 33 1 7 8 
12600 34 1 7 8 
12600 35 1 7 23 
12600 36 1 7 
12600 37 1 7 
12600 38 1 7 8 
12600 39 18 
12600 40 1 7 
12600 41 1 7 
12600 42 1 7 8 
12600 43 29 
12600 44 1 7 
12600 45 1 7 
12600 46 1 7 
12600 47 1 7 
12600 48 1 7 8 
12600 49 2 10 52 57 60 79 85 
12600 50 2 10 
12600 51 2 10 
12600 52 49 
12600 53 2 10 54 70 
12600 54 53 
12600 55 2 10 72 
12600 56 2 10 
12600 57 49 
12600 58 2 10 
12600 59 82 
12600 60 49 
12600 61 2 10 
12600 62 2 10 
12600 63 2 10 
12600 64 2 9 10 
12600 65 2 9 10 
12600 66 2 9 10 
12600 67 2 10 
12600 68 2 10 
12600 69 2 10 78 
12600 70 53 73 
12600 71 2 10 
12600 72 55 
12600 73 70 
12600 74 2 9 10 
12600 75 2 9 10 87 
12600 76 2 9 10 
12600 77 2 10 
12600 78 69 
12600 79 49 
12600 80 2 10 
12600 81 2 10 
12600 82 2 10 59 
12600 83 2 10 
12600 84 2 10 
12600 85 49 
12600 86 2 10 
12600 87 75 
12600 88 2 9 10 
12600 89 2 10 
12600 90 2 10 
12600 91 2 10 
12600 92 2 10 
12600 93 2 10 
12600 94 3 
12600 95 135 
12600 96 3 
12600 97 3 137 
12600 98 128 
12600 99 135 
12600 100 3 
12600 101 3 
12600 102 3 11 
12600 103 3 
12600 104 3 11 
12600 105 135 
12600 106 130 
12600 107 3 
12600 108 3 
12600 109 3 
12600 110 3 
12600 111 3 
12600 112 131 
12600 113 3 
12600 114 3 11 
12600 115 3 11 
12600 116 132 
12600 117 3 12 
12600 118 132 
12600 119 3 
12600 120 3 
12600 121 135 
12600 122 3 
12600 123 3 
12600 124 128 
12600 125 3 
12600 126 3 
12600 127 3 
12600 128 3 98 124 129 
12600 129 128 
12600 130 3 106 
12600 131 3 112 
12600 132 3 116 118 
12600 133 3 136 
12600 134 3 
12600 135 3 95 99 105 121 
12600 136 133 
12600 137 97 
12600 138 3 
12600 139 140 
12600 140 4 13 139 
12600 141 4 13 
12600 142 4 13 154 158 167 
12600 143 4 13 
12600 144 4 13 
12600 145 4 13 
12600 146 4 13 
12600 147 4 13 
12600 148 4 13 
12600 149 4 13 
12600 150 4 13 
12600 151 4 13 
12600 152 4 13 
12600 153 4 13 
12600 154 142 
12600 155 4 13 
12600 156 4 13 
12600 157 4 13 
12600 158 142 
12600 159 4 13 
12600 160 4 13 
12600 161 4 13 
12600 162 4 13 
12600 163 4 13 
12600 164 4 13 
12600 165 4 13 
12600 166 4 13 
12600 167 142 
12600 168 4 13 
12600 169 4 13 
12600 170 4 13 
12600 171 4 13 
12600 172 4 13 
12600 173 4 13 
12600 174 4 13 
12600 175 5 14 15 
12600 176 5 14 15 196 199 
12600 177 5 14 15 202 
12600 178 5 14 15 213 
12600 179 5 14 15 192 195 218 
12600 180 5 14 15 
12600 181 5 14 15 
12600 182 5 14 15 
12600 183 211 
12600 184 5 14 15 
12600 185 5 14 15 
12600 186 5 14 15 
12600 187 5 14 15 
12600 188 5 14 15 
12600 189 5 14 15 
12600 190 5 14 15 
12600 191 5 14 15 
12600 192 179 
12600 193 5 14 15 
12600 194 5 14 15 
12600 195 179 
12600 196 176 
12600 197 5 14 15 
12600 198 5 14 15 
12600 199 176 
12600 200 5 14 15 
12600 201 5 14 15 
12600 202 177 
12600 203 5 14 15 
12600 204 5 14 15 
12600 205 5 14 15 
12600 206 5 14 15 
12600 207 5 14 15 
12600 208 5 14 15 
12600 209 5 14 15 
12600 210 5 14 15 
12600 211 5 14 15 183 
12600 212 5 14 15 
12600 213 178 
12600 214 5 14 15 
12600 215 5 14 15 
12600 216 5 14 15 
12600 217 5 14 15 
12600 218 179 
12600 219 5 14 15 
12600 220 5 14 15 
12600 221 5 14 15 
12600 222 6 16 
12600 223 6 
12600 224 6 
12600 225 6 234 248 
12600 226 6 
12600 227 6 
12600 228 6 
12600 229 6 
12600 230 6 
12600 231 6 
12600 232 6 16 
12600 233 6 
12600 234 225 
12600 235 257 
12600 236 258 
12600 237 257 
12600 238 6 16 
12600 239 6 16 
12600 240 6 
12600 241 6 
12600 242 258 
12600 243 257 
12600 244 6 
12600 245 6 
12600 246 6 
12600 247 6 
12600 248 225 
12600 249 6 
12600 250 6 
12600 251 257 
12600 252 257 
12600 253 6 
12600 254 6 
12600 255 259 
12600 256 6 
12600 257 6 235 237 243 251 252 
12600 258 6 236 242 
12600 259 6 255 
12600 260 6 
12600 261 6 
12600 262 0 3 4 
12600 263 0 2 5 
12600 264 0 1 6 
12600 265 0 2 4 
12600 266 0 5 
12600 267 0 1 3 6 
12600 268 0 1 2 4 
12600 269 0 6 
12600 270 0 3 
12600 271 0 4 5 
12600 272 0 6 
12600 273 0 2 3 5 
12600 274 0 1 2 
12600 275 0 3 
12600 276 0 4 5 6 
12600 277 0 1 
12600 278 0 2 
12600 279 0 4 5 6 
12600 280 0 1 3 
12600 281 0 4 6 
12600 282 0 2 3 
12600 283 0 5 
12600 284 0 1 4 
12600 285 0 2 3 
12600 286 0 2 5 6 
12600 287 0 6 
12600 288 0 1 
12600 289 0 3 4 5 
12600 290 0 6 
12600 291 0 2 
14400 0 1 2 3 4 5 6 262 263 264 265 266 267 268 269 270 271 272 273 274 275 276 277 278 279 280 281 282 283 284 285 286 287 288 289 290 291 
14400 1 0 2 3 4 6 7 8 18 19 21 22 24 25 26 27 28 29 30 31 32 33 34 35 36 37 38 40 41 42 44 45 46 47 48 264 267 268 274 277 280 284 288 
14400 2 0 1 3 4 5 6 9 10 49 50 51 53 55 56 58 61 62 63 64 65 66 67 68 69 71 74 75 76 80 82 83 84 86 88 89 90 91 92 93 263 265 268 273 274 278 282 285 286 291 
14400 3 0 1 2 4 5 6 11 12 94 96 97 98 100 101 102 107 108 109 110 111 113 114 115 117 119 120 122 123 125 126 127 128 129 130 131 132 133 134 135 138 262 267 270 273 275 280 282 285 289 
14400 4 0 1 2 3 5 6 140 141 142 143 144 145 146 147 148 149 150 151 152 153 155 156 157 158 159 160 161 162 163 164 165 166 168 169 170 171 172 173 174 262 265 268 271 276 279 281 284 289 
14400 5 0 2 3 4 6 14 15 175 176 177 178 179 180 181 182 184 185 186 187 188 190 191 194 196 197 198 200 201 203 204 205 206 207 208 209 210 211 212 213 214 215 216 217 219 220 221 263 266 271 273 276 279 283 286 289 
14400 6 0 1 2 3 4 5 17 222 223 224 226 227 228 229 230 231 232 233 238 239 240 241 244 245 246 247 249 250 253 254 256 257 258 259 260 264 267 269 272 276 279 281 286 287 290 
14400 7 1 8 18 19 21 22 24 25 26 27 28 29 30 31 32 33 34 35 36 37 38 40 41 42 44 45 46 47 48 
14400 8 1 7 18 19 21 25 26 27 28 29 31 32 33 34 38 42 48 
14400 9 2 10 64 65 66 74 75 76 88 
14400 10 2 9 49 50 51 53 55 56 58 61 62 63 64 65 66 67 68 69 71 74 75 76 80 82 83 84 86 88 89 90 91 92 93 
14400 11 3 102 114 115 
14400 12 3 117 
14400 13 140 141 142 143 144 145 146 147 148 149 150 151 152 153 155 156 157 158 159 160 161 162 163 164 165 166 168 169 170 171 172 173 174 
14400 14 5 15 175 176 177 178 179 180 181 182 184 185 186 187 188 190 191 194 196 197 198 200 201 203 204 205 206 207 208 209 210 211 212 213 214 215 216 217 219 220 221 
14400 15 5 14 175 176 177 178 179 180 181 182 184 185 186 187 188 190 191 194 196 197 198 200 201 203 204 205 206 207 208 209 210 211 212 213 214 215 216 217 219 220 221 
14400 16 222 232 238 239 
14400 17 6 
14400 18 1 7 8 20 39 
14400 19 1 7 8 
14400 20 18 
14400 21 1 7 8 
14400 22 1 7 
14400 23 35 
14400 24 1 7 
14400 25 1 7 8 
14400 26 1 7 8 
14400 27 1 7 8 
14400 28 1 7 8 43 
14400 29 1 7 8 
14400 30 1 7 
14400 31 1 7 8 
14400 32 1 7 8 
14400 33 1 7 8 
14400 34 1 7 8 
14400 35 1 7 23 
14400 36 1 7 
14400 37 1 7 
14400 38 1 7 8 
14400 39 18 
14400 40 1 7 
14400 41 1 7 
14400 42 1 7 8 
14400 43 28 
14400 44 1 7 
14400 45 1 7 
14400 46 1 7 
14400 47 1 7 
14400 48 1 7 8 
14400 49 2 10 52 57 79 85 
14400 50 2 10 
14400 51 2 10 
14400 52 49 
14400 53 2 10 
14400 54 63 
14400 55 2 10 72 87 
14400 56 2 10 
14400 57 49 
14400 58 2 10 
14400 59 69 
14400 60 92 
14400 61 2 10 
14400 62 2 10 81 
14400 63 2 10 54 70 
14400 64 2 9 10 
14400 65 2 9 10 
14400 66 2 9 10 
14400 67 2 10 
14400 68 2 10 77 
14400 69 2 10 59 78 
14400 70 63 
14400 71 2 10 
14400 72 55 
14400 73 87 
14400 74 2 9 10 
14400 75 2 9 10 
14400 76 2 9 10 
14400 77 68 
14400 78 69 
14400 79 49 
14400 80 2 10 
14400 81 62 
14400 82 2 10 
14400 83 2 10 
14400 84 2 10 
14400 85 49 
14400 86 2 10 
14400 87 55 73 
14400 88 2 9 10 
14400 89 2 10 
14400 90 2 10 
14400 91 2 10 
14400 92 2 10 60 
14400 93 2 10 
14400 94 3 
14400 95 135 
14400 96 3 104 
14400 97 3 137 
14400 98 3 
14400 99 132 
14400 100 3 
14400 101 3 
14400 102 3 11 
14400 103 131 
14400 104 96 
14400 105 135 
14400 106 130 
14400 107 3 
14400 108 3 
14400 109 3 
14400 110 3 
14400 111 3 
14400 112 131 
14400 113 3 
14400 114 3 11 
14400 115 3 11 
14400 116 130 
14400 117 3 12 
14400 118 128 
14400 119 3 
14400 120 3 
14400 121 129 
14400 122 3 
14400 123 3 
14400 124 128 
14400 125 3 
14400 126 3 
14400 127 3 
14400 128 3 118 124 
14400 129 3 121 136 
14400 130 3 106 116 
14400 131 3 103 112 
14400 132 3 99 
14400 133 3 
14400 134 3 
14400 135 3 95 105 
14400 136 129 
14400 137 97 
14400 138 3 
14400 139 142 
14400 140 4 13 
14400 141 4 13 
14400 142 4 13 139 154 167 
14400 143 4 13 
14400 144 4 13 
14400 145 4 13 
14400 146 4 13 
14400 147 4 13 
14400 148 4 13 
14400 149 4 13 
14400 150 4 13 
14400 151 4 13 
14400 152 4 13 
14400 153 4 13 
14400 154 142 
14400 155 4 13 
14400 156 4 13 
14400 157 4 13 
14400 158 4 13 
14400 159 4 13 
14400 160 4 13 
14400 161 4 13 
14400 162 4 13 
14400 163 4 13 
14400 164 4 13 
14400 165 4 13 
14400 166 4 13 
14400 167 142 
14400 168 4 13 
14400 169 4 13 
14400 170 4 13 
14400 171 4 13 
14400 172 4 13 
14400 173 4 13 
14400 174 4 13 
14400 175 5 14 15 
14400 176 5 14 15 199 202 
14400 177 5 14 15 
14400 178 5 14 15 189 193 
14400 179 5 14 15 192 195 218 
14400 180 5 14 15 
14400 181 5 14 15 
14400 182 5 14 15 
14400 183 202 
14400 184 5 14 15 
14400 185 5 14 15 
14400 186 5 14 15 
14400 187 5 14 15 
14400 188 5 14 15 
14400 189 178 
14400 190 5 14 15 
14400 191 5 14 15 
14400 192 179 
14400 193 178 
14400 194 5 14 15 
14400 195 179 
14400 196 5 14 15 
14400 197 5 14 15 
14400 198 5 14 15 
14400 199 176 
14400 200 5 14 15 
14400 201 5 14 15 
14400 202 176 183 
14400 203 5 14 15 
14400 204 5 14 15 
14400 205 5 14 15 
14400 206 5 14 15 
14400 207 5 14 15 
14400 208 5 14 15 
14400 209 5 14 15 
14400 210 5 14 15 
14400 211 5 14 15 
14400 212 5 14 15 
14400 213 5 14 15 
14400 214 5 14 15 
14400 215 5 14 15 
14400 216 5 14 15 
14400 217 5 14 15 
14400 218 179 
14400 219 5 14 15 
14400 220 5 14 15 
14400 221 5 14 15 
14400 222 6 16 
14400 223 6 
14400 224 6 261 
14400 225 231 
14400 226 6 
14400 227 6 
14400 228 6 
14400 229 6 
14400 230 6 
14400 231 6 225 234 
14400 232 6 16 
14400 233 6 
14400 234 231 
14400 235 257 
14400 236 258 
14400 237 257 
14400 238 6 16 
14400 239 6 16 
14400 240 6 
14400 241 6 
14400 242 258 
14400 243 248 257 
14400 244 6 
14400 245 6 
14400 246 6 
14400 247 6 
14400 248 243 
14400 249 6 
14400 250 6 
14400 251 257 
14400 252 257 
14400 253 6 
14400 254 6 
14400 255 259 
14400 256 6 
14400 257 6 235 237 243 251 252 
14400 258 6 236 242 
14400 259 6 255 
14400 260 6 
14400 261 224 
14400 262 0 3 4 
14400 263 0 2 5 
14400 264 0 1 6 
14400 265 0 2 4 
14400 266 0 5 
14400 267 0 1 3 6 
14400 268 0 1 2 4 
14400 269 0 6 
14400 270 0 3 
14400 271 0 4 5 
14400 272 0 6 
14400 273 0 2 3 5 
14400 274 0 1 2 
14400 275 0 3 
14400 276 0 4 5 6 
14400 277 0 1 
14400 278 0 2 
14400 279 0 4 5 6 
14400 280 0 1 3 
14400 281 0 4 6 
14400 282 0 2 3 
14400 283 0 5 
14400 284 0 1 4 
14400 285 0 2 3 
14400 286 0 2 5 6 
14400 287 0 6 
14400 288 0 1 
14400 289 0 3 4 5 
14400 290 0 6 
14400 291 0 2 
16200 0 1 2 3 4 5 6 262 263 264 265 266 267 268 269 270 271 272 273 274 275 276 277 278 279 280 281 282 283 284 285 286 287 288 289 290 291 
16200 1 0 2 3 4 6 7 8 18 19 21 22 24 25 26 27 29 30 31 32 33 34 35 36 37 38 40 41 42 44 45 46 47 48 264 267 268 274 277 280 284 288 
16200 2 0 1 3 4 5 6 9 10 49 50 51 53 55 56 58 61 62 63 64 65 66 67 68 69 71 74 75 76 80 81 82 83 84 86 88 89 90 91 92 93 263 265 268 273 274 278 282 285 286 291 
16200 3 0 1 2 4 5 6 11 12 94 96 97 98 100 101 102 107 108 109 110 111 113 114 115 117 119 120 122 123 125 126 127 128 130 131 132 133 134 135 138 262 267 270 273 275 280 282 285 289 
16200 4 0 1 2 3 5 6 139 140 141 142 143 144 145 146 147 148 149 150 151 152 153 154 155 156 157 158 159 160 161 162 163 164 165 166 168 169 170 171 172 173 174 262 265 268 271 276 279 281 284 289 
16200 5 0 2 3 4 6 14 15 175 176 177 178 179 180 181 182 184 185 186 187 188 190 191 194 195 197 198 201 202 203 204 205 206 207 208 209 210 211 212 214 215 216 217 219 220 221 263 266 271 273 276 279 283 286 289 
16200 6 0 1 2 3 4 5 17 222 223 224 226 227 228 229 230 231 232 233 235 238 239 240 241 243 244 245 246 247 249 250 253 254 255 256 257 258 259 260 264 267 269 272 276 279 281 286 287 290 
16200 7 1 8 18 19 21 22 24 25 26 27 29 30 31 32 33 34 35 36 37 38 40 41 42 44 45 46 47 48 
16200 8 1 7 18 19 21 25 26 27 29 31 32 33 34 38 42 48 
16200 9 2 10 64 65 66 74 75 76 88 
16200 10 2 9 49 50 51 53 55 56 58 61 62 63 64 65 66 67 68 69 71 74 75 76 80 81 82 83 84 86 88 89 90 91 92 93 
16200 11 3 102 114 115 
16200 12 3 117 
16200 13 139 140 141 142 143 144 145 146 147 148 149 150 151 152 153 154 155 156 157 158 159 160 161 162 163 164 165 166 168 169 170 171 172 173 174 
16200 14 5 15 175 176 177 178 179 180 181 182 184 185 186 187 188 190 191 194 195 197 198 201 202 203 204 205 206 207 208 209 210 211 212 214 215 216 217 219 220 221 
16200 15 5 14 175 176 177 178 179 180 181 182 184 185 186 187 188 190 191 194 195 197 198 201 202 203 204 205 206 207 208 209 210 211 212 214 215 216 217 219 220 221 
16200 16 222 232 235 238 239 
16200 17 6 
16200 18 1 7 8 20 39 
16200 19 1 7 8 
16200 20 18 
16200 21 1 7 8 
16200 22 1 7 
16200 23 35 
16200 24 1 7 28 
16200 25 1 7 8 
16200 26 1 7 8 43 
16200 27 1 7 8 
16200 28 24 
16200 29 1 7 8 
16200 30 1 7 
16200 31 1 7 8 
16200 32 1 7 8 
16200 33 1 7 8 
16200 34 1 7 8 
16200 35 1 7 23 
16200 36 1 7 
16200 37 1 7 
16200 38 1 7 8 
16200 39 18 
16200 40 1 7 
16200 41 1 7 
16200 42 1 7 8 
16200 43 26 
16200 44 1 7 
16200 45 1 7 
16200 46 1 7 
16200 47 1 7 
16200 48 1 7 8 
16200 49 2 10 52 57 79 85 
16200 50 2 10 
16200 51 2 10 
16200 52 49 
16200 53 2 10 
16200 54 63 
16200 55 2 10 72 
16200 56 2 10 
16200 57 49 
16200 58 2 10 
16200 59 69 
16200 60 64 
16200 61 2 10 
16200 62 2 10 87 
16200 63 2 10 54 70 
16200 64 2 9 10 60 
16200 65 2 9 10 87 
16200 66 2 9 10 
16200 67 2 10 
16200 68 2 10 77 
16200 69 2 10 59 78 
16200 70 63 
16200 71 2 10 
16200 72 55 
16200 73 87 
16200 74 2 9 10 
16200 75 2 9 10 
16200 76 2 9 10 
16200 77 68 
16200 78 69 
16200 79 49 
16200 80 2 10 
16200 81 2 10 
16200 82 2 10 
16200 83 2 10 
16200 84 2 10 
16200 85 49 
16200 86 2 10 
16200 87 62 65 73 
16200 88 2 9 10 
16200 89 2 10 
16200 90 2 10 
16200 91 2 10 
16200 92 2 10 
16200 93 2 10 
16200 94 3 
16200 95 135 
16200 96 3 137 
16200 97 3 
16200 98 3 116 
16200 99 135 
16200 100 3 
16200 101 3 
16200 102 3 11 
16200 103 131 
16200 104 130 
16200 105 135 
16200 106 130 
16200 107 3 
16200 108 3 
16200 109 3 
16200 110 3 
16200 111 3 
16200 112 131 
16200 113 3 
16200 114 3 11 
16200 115 3 11 
16200 116 98 
16200 117 3 12 
16200 118 135 
16200 119 3 
16200 120 3 
16200 121 135 
16200 122 3 
16200 123 3 
16200 124 128 
16200 125 3 
16200 126 3 
16200 127 3 
16200 128 3 124 
16200 129 133 
16200 130 3 104 106 
16200 131 3 103 112 
16200 132 3 
16200 133 3 129 136 
16200 134 3 
16200 135 3 95 99 105 118 121 
16200 136 133 
16200 137 96 
16200 138 3 
16200 139 4 13 167 
16200 140 4 13 
16200 141 4 13 
16200 142 4 13 
16200 143 4 13 
16200 144 4 13 
16200 145 4 13 
16200 146 4 13 
16200 147 4 13 
16200 148 4 13 
16200 149 4 13 
16200 150 4 13 
16200 151 4 13 
16200 152 4 13 
16200 153 4 13 
16200 154 4 13 
16200 155 4 13 
16200 156 4 13 
16200 157 4 13 
16200 158 4 13 
16200 159 4 13 
16200 160 4 13 
16200 161 4 13 
16200 162 4 13 
16200 163 4 13 
16200 164 4 13 
16200 165 4 13 
16200 166 4 13 
16200 167 139 
16200 168 4 13 
16200 169 4 13 
16200 170 4 13 
16200 171 4 13 
16200 172 4 13 
16200 173 4 13 
16200 174 4 13 
16200 175 5 14 15 
16200 176 5 14 15 196 199 
16200 177 5 14 15 
16200 178 5 14 15 189 193 213 
16200 179 5 14 15 192 200 218 
16200 180 5 14 15 
16200 181 5 14 15 
16200 182 5 14 15 
16200 183 217 
16200 184 5 14 15 
16200 185 5 14 15 
16200 186 5 14 15 
16200 187 5 14 15 
16200 188 5 14 15 
16200 189 178 
16200 190 5 14 15 
16200 191 5 14 15 
16200 192 179 
16200 193 178 
16200 194 5 14 15 
16200 195 5 14 15 
16200 196 176 
16200 197 5 14 15 
16200 198 5 14 15 
16200 199 176 
16200 200 179 
16200 201 5 14 15 
16200 202 5 14 15 
16200 203 5 14 15 
16200 204 5 14 15 
16200 205 5 14 15 
16200 206 5 14 15 
16200 207 5 14 15 
16200 208 5 14 15 
16200 209 5 14 15 
16200 210 5 14 15 
16200 211 5 14 15 
16200 212 5 14 15 
16200 213 178 
16200 214 5 14 15 
16200 215 5 14 15 
16200 216 5 14 15 
16200 217 5 14 15 183 
16200 218 179 
16200 219 5 14 15 
16200 220 5 14 15 
16200 221 5 14 15 
16200 222 6 16 
16200 223 6 
16200 224 6 261 
16200 225 231 
16200 226 6 
16200 227 6 
16200 228 6 
16200 229 6 
16200 230 6 
16200 231 6 225 234 
16200 232 6 16 
16200 233 6 
16200 234 231 
16200 235 6 16 
16200 236 258 
16200 237 257 
16200 238 6 16 
16200 239 6 16 
16200 240 6 
16200 241 6 
16200 242 258 
16200 243 6 
16200 244 6 
16200 245 6 
16200 246 6 
16200 247 6 
16200 248 257 
16200 249 6 
16200 250 6 
16200 251 257 
16200 252 257 
16200 253 6 
16200 254 6 
16200 255 6 
16200 256 6 
16200 257 6 237 248 251 252 
16200 258 6 236 242 
16200 259 6 
16200 260 6 
16200 261 224 
16200 262 0 3 4 
16200 263 0 2 5 
16200 264 0 1 6 
16200 265 0 2 4 
16200 266 0 5 
16200 267 0 1 3 6 
16200 268 0 1 2 4 
16200 269 0 6 
16200 270 0 3 
16200 271 0 4 5 
16200 272 0 6 
16200 273 0 2 3 5 
16200 274 0 1 2 
16200 275 0 3 
16200 276 0 4 5 6 
16200 277 0 1 
16200 278 0 2 
16200 279 0 4 5 6 
16200 280 0 1 3 
16200 281 0 4 6 
16200 282 0 2 3 
16200 283 0 5 
16200 284 0 1 4 
16200 285 0 2 3 
16200 286 0 2 5 6 
16200 287 0 6 
16200 288 0 1 
16200 289 0 3 4 5 
16200 290 0 6 
16200 291 0 2 
18000 0 1 2 3 4 5 6 262 263 264 265 266 267 268 269 270 271 272 273 274 275 276 277 278 279 280 281 282 283 284 285 286 287 288 289 290 291 
18000 1 0 2 3 4 6 7 8 18 19 20 21 22 24 25 26 27 29 30 31 32 33 34 35 36 37 38 40 41 42 44 45 46 47 48 264 267 268 274 277 280 284 288 
18000 2 0 1 3 4 5 6 9 10 49 50 51 53 55 56 58 61 62 63 64 65 66 67 68 69 71 74 75 76 80 81 82 83 84 85 86 88 89 90 91 92 93 263 265 268 273 274 278 282 285 286 291 
18000 3 0 1 2 4 5 6 11 12 94 96 98 100 101 102 107 108 109 110 111 113 114 115 117 119 120 122 123 125 126 127 128 129 130 131 132 133 134 135 138 262 267 270 273 275 280 282 285 289 
18000 4 0 1 2 3 5 6 140 141 142 143 144 145 146 147 148 149 150 151 152 153 155 156 157 159 160 161 162 163 164 165 166 168 169 170 171 172 173 174 262 265 268 271 276 279 281 284 289 
18000 5 0 2 3 4 6 14 15 175 176 177 178 179 180 181 182 184 185 186 187 188 190 191 194 195 197 198 201 203 204 205 206 207 208 209 210 211 212 213 214 215 216 219 220 221 263 266 271 273 276 279 283 286 289 
18000 6 0 1 2 3 4 5 17 222 223 224 226 227 228 229 230 231 232 233 238 239 240 241 244 245 246 247 249 250 253 254 256 257 258 259 260 264 267 269 272 276 279 281 286 287 290 
18000 7 1 8 18 19 20 21 22 24 25 26 27 29 30 31 32 33 34 35 36 37 38 40 41 42 44 45 46 47 48 
18000 8 1 7 18 19 20 21 25 26 27 29 31 32 33 34 38 42 48 
18000 9 2 10 64 65 66 74 75 76 88 
18000 10 2 9 49 50 51 53 55 56 58 61 62 63 64 65 66 67 68 69 71 74 75 76 80 81 82 83 84 85 86 88 89 90 91 92 93 
18000 11 3 102 114 115 
18000 12 3 117 
18000 13 140 141 142 143 144 145 146 147 148 149 150 151 152 153 155 156 157 159 160 161 162 163 164 165 166 168 169 170 171 172 173 174 
18000 14 5 15 175 176 177 178 179 180 181 182 184 185 186 187 188 190 191 194 195 197 198 201 203 204 205 206 207 208 209 210 211 212 213 214 215 216 219 220 221 
18000 15 5 14 175 176 177 178 179 180 181 182 184 185 186 187 188 190 191 194 195 197 198 201 203 204 205 206 207 208 209 210 211 212 213 214 215 216 219 220 221 
18000 16 222 232 238 239 
18000 17 6 
18000 18 1 7 8 39 
18000 19 1 7 8 
18000 20 1 7 8 28 43 
18000 21 1 7 8 
18000 22 1 7 
18000 23 35 
18000 24 1 7 
18000 25 1 7 8 
18000 26 1 7 8 
18000 27 1 7 8 
18000 28 20 
18000 29 1 7 8 
18000 30 1 7 
18000 31 1 7 8 
18000 32 1 7 8 
18000 33 1 7 8 
18000 34 1 7 8 
18000 35 1 7 23 
18000 36 1 7 
18000 37 1 7 
18000 38 1 7 8 
18000 39 18 
18000 40 1 7 
18000 41 1 7 
18000 42 1 7 8 
18000 43 20 
18000 44 1 7 
18000 45 1 7 
18000 46 1 7 
18000 47 1 7 
18000 48 1 7 8 
18000 49 2 10 52 59 72 78 79 
18000 50 2 10 57 
18000 51 2 10 
18000 52 49 
18000 53 2 10 
18000 54 63 
18000 55 2 10 
18000 56 2 10 
18000 57 50 
18000 58 2 10 
18000 59 49 
18000 60 92 
18000 61 2 10 
18000 62 2 10 
18000 63 2 10 54 70 
18000 64 2 9 10 
18000 65 2 9 10 87 
18000 66 2 9 10 
18000 67 2 10 
18000 68 2 10 
18000 69 2 10 
18000 70 63 
18000 71 2 10 
18000 72 49 
18000 73 76 
18000 74 2 9 10 
18000 75 2 9 10 
18000 76 2 9 10 73 
18000 77 82 
18000 78 49 
18000 79 49 
18000 80 2 10 
18000 81 2 10 
18000 82 2 10 77 
18000 83 2 10 
18000 84 2 10 
18000 85 2 10 
18000 86 2 10 
18000 87 65 
18000 88 2 9 10 
18000 89 2 10 
18000 90 2 10 
18000 91 2 10 
18000 92 2 10 60 
18000 93 2 10 
18000 94 3 
18000 95 135 
18000 96 3 104 
18000 97 133 
18000 98 3 116 
18000 99 135 
18000 100 3 
18000 101 3 
18000 102 3 11 
18000 103 131 
18000 104 96 
18000 105 135 
18000 106 130 
18000 107 3 
18000 108 3 
18000 109 3 
18000 110 3 
18000 111 3 
18000 112 131 
18000 113 3 
18000 114 3 11 
18000 115 3 11 
18000 116 98 
18000 117 3 12 
18000 118 135 
18000 119 3 
18000 120 3 
18000 121 135 
18000 122 3 
18000 123 3 137 
18000 124 128 
18000 125 3 
18000 126 3 
18000 127 3 
18000 128 3 124 
18000 129 3 
18000 130 3 106 
18000 131 3 103 112 136 
18000 132 3 
18000 133 3 97 
18000 134 3 
18000 135 3 95 99 105 118 121 
18000 136 131 
18000 137 123 
18000 138 3 
18000 139 142 
18000 140 4 13 
18000 141 4 13 
18000 142 4 13 139 154 158 167 
18000 143 4 13 
18000 144 4 13 
18000 145 4 13 
18000 146 4 13 
18000 147 4 13 
18000 148 4 13 
18000 149 4 13 
18000 150 4 13 
18000 151 4 13 
18000 152 4 13 
18000 153 4 13 
18000 154 142 
18000 155 4 13 
18000 156 4 13 
18000 157 4 13 
18000 158 142 
18000 159 4 13 
18000 160 4 13 
18000 161 4 13 
18000 162 4 13 
18000 163 4 13 
18000 164 4 13 
18000 165 4 13 
18000 166 4 13 
18000 167 142 
18000 168 4 13 
18000 169 4 13 
18000 170 4 13 
18000 171 4 13 
18000 172 4 13 
18000 173 4 13 
18000 174 4 13 
18000 175 5 14 15 
18000 176 5 14 15 196 199 217 
18000 177 5 14 15 
18000 178 5 14 15 189 193 
18000 179 5 14 15 192 200 218 
18000 180 5 14 15 
18000 181 5 14 15 
18000 182 5 14 15 
18000 183 198 
18000 184 5 14 15 
18000 185 5 14 15 
18000 186 5 14 15 
18000 187 5 14 15 
18000 188 5 14 15 
18000 189 178 
18000 190 5 14 15 
18000 191 5 14 15 
18000 192 179 
18000 193 178 
18000 194 5 14 15 
18000 195 5 14 15 
18000 196 176 
18000 197 5 14 15 
18000 198 5 14 15 183 202 
18000 199 176 
18000 200 179 
18000 201 5 14 15 
18000 202 198 
18000 203 5 14 15 
18000 204 5 14 15 
18000 205 5 14 15 
18000 206 5 14 15 
18000 207 5 14 15 
18000 208 5 14 15 
18000 209 5 14 15 
18000 210 5 14 15 
18000 211 5 14 15 
18000 212 5 14 15 
18000 213 5 14 15 
18000 214 5 14 15 
18000 215 5 14 15 
18000 216 5 14 15 
18000 217 176 
18000 218 179 
18000 219 5 14 15 
18000 220 5 14 15 
18000 221 5 14 15 
18000 222 6 16 
18000 223 6 
18000 224 6 261 
18000 225 258 
18000 226 6 
18000 227 6 
18000 228 6 
18000 229 6 
18000 230 6 
18000 231 6 
18000 232 6 16 
18000 233 6 
18000 234 258 
18000 235 257 
18000 236 258 
18000 237 257 
18000 238 6 16 
18000 239 6 16 
18000 240 6 
18000 241 6 
18000 242 258 
18000 243 257 
18000 244 6 
18000 245 6 
18000 246 6 
18000 247 6 
18000 248 258 
18000 249 6 
18000 250 6 
18000 251 257 
18000 252 257 
18000 253 6 
18000 254 6 
18000 255 258 
18000 256 6 
18000 257 6 235 237 243 251 252 
18000 258 6 225 234 236 242 248 255 
18000 259 6 
18000 260 6 
18000 261 224 
18000 262 0 3 4 
18000 263 0 2 5 
18000 264 0 1 6 
18000 265 0 2 4 
18000 266 0 5 
18000 267 0 1 3 6 
18000 268 0 1 2 4 
18000 269 0 6 
18000 270 0 3 
18000 271 0 4 5 
18000 272 0 6 
18000 273 0 2 3 5 
18000 274 0 1 2 
18000 275 0 3 
18000 276 0 4 5 6 
18000 277 0 1 
18000 278 0 2 
18000 279 0 4 5 6 
18000 280 0 1 3 
18000 281 0 4 6 
18000 282 0 2 3 
18000 283 0 5 
18000 284 0 1 4 
18000 285 0 2 3 
18000 286 0 2 5 6 
18000 287 0 6 
18000 288 0 1 
18000 289 0 3 4 5 
18000 290 0 6 
18000 291 0 2 
