0 21600
0 0 
0 1 41 45 
0 2 5 69 263 265 268 273 274 278 282 285 286 291 
0 3 4 102 262 267 270 273 275 280 282 285 289 
0 4 3 162 262 265 268 271 276 279 281 284 289 
0 5 2 197 263 266 271 273 276 279 283 286 289 
0 6 249 254 
0 7 38 40 
0 8 24 46 
0 9 51 91 
0 10 50 86 
0 11 101 
0 12 98 117 
0 13 157 171 
0 14 201 217 
0 15 186 209 
0 16 232 246 
0 17 227 260 
0 18 39 46 
0 19 23 33 
0 20 28 43 
0 21 33 46 
0 22 34 48 
0 23 19 
0 24 8 45 
0 25 31 34 
0 26 40 47 
0 27 32 35 
0 28 20 
0 29 34 48 
0 30 34 47 
0 31 25 44 
0 32 27 41 
0 33 19 21 
0 34 22 25 29 30 
0 35 27 
0 36 47 
0 37 43 46 
0 38 7 44 
0 39 18 
0 40 7 26 
0 41 1 32 
0 42 46 48 
0 43 20 37 
0 44 31 38 
0 45 1 24 
0 46 8 18 21 37 42 
0 47 26 30 36 
0 48 22 29 42 
0 49 
0 50 10 52 
0 51 9 
0 52 50 
0 53 56 85 
0 54 71 92 
0 55 68 76 
0 56 53 81 
0 57 
0 58 81 84 
0 59 
0 60 
0 61 71 86 
0 62 82 87 
0 63 84 93 
0 64 85 93 
0 65 71 87 
0 66 88 93 
0 67 71 81 
0 68 55 
0 69 2 
0 70 
0 71 54 61 65 67 
0 72 
0 73 
0 74 88 
0 75 76 90 
0 76 55 75 
0 77 
0 78 
0 79 
0 80 84 89 
0 81 56 58 67 90 
0 82 62 93 
0 83 
0 84 58 63 80 
0 85 53 64 
0 86 10 61 
0 87 62 65 
0 88 66 74 92 
0 89 80 
0 90 75 81 
0 91 9 
0 92 54 88 
0 93 63 64 66 82 
0 94 108 114 
0 95 109 
0 96 126 
0 97 98 107 
0 98 12 97 
0 99 105 
0 100 131 132 
0 101 11 119 
0 102 3 125 
0 103 114 
0 104 125 
0 105 99 109 
0 106 107 117 
0 107 97 106 
0 108 94 128 
0 109 95 105 118 133 
0 110 114 129 
0 111 114 120 
0 112 
0 113 127 130 131 
0 114 94 103 110 111 
0 115 117 123 
0 116 132 
0 117 12 106 115 134 
0 118 109 
0 119 101 125 
0 120 111 136 
0 121 
0 122 
0 123 115 127 
0 124 128 
0 125 102 104 119 
0 126 96 134 
0 127 113 123 
0 128 108 124 
0 129 110 138 
0 130 113 
0 131 100 113 
0 132 100 116 
0 133 109 
0 134 117 126 
0 135 
0 136 120 138 
0 137 
0 138 129 136 
0 139 147 152 
0 140 171 173 
0 141 142 144 152 160 163 
0 142 141 
0 143 155 170 
0 144 141 174 
0 145 147 149 
0 146 148 156 
0 147 139 145 158 
0 148 146 172 
0 149 145 174 
0 150 153 169 
0 151 164 166 
0 152 139 141 
0 153 150 158 164 
0 154 
0 155 143 162 
0 156 146 168 
0 157 13 162 
0 158 147 153 
0 159 161 174 
0 160 141 167 
0 161 159 170 
0 162 4 155 157 
0 163 141 
0 164 151 153 
0 165 169 
0 166 151 172 
0 167 160 
0 168 156 174 
0 169 150 165 
0 170 143 161 
0 171 13 140 
0 172 148 166 
0 173 140 174 
0 174 144 149 159 168 173 
0 175 191 210 
0 176 194 219 
0 177 206 
0 178 185 203 
0 179 184 
0 180 190 197 
0 181 194 198 
0 182 211 212 218 
0 183 
0 184 179 202 
0 185 178 216 
0 186 15 204 
0 187 189 213 
0 188 203 208 
0 189 187 
0 190 180 208 
0 191 175 219 
0 192 195 209 
0 193 205 213 
0 194 176 181 
0 195 192 207 
0 196 
0 197 5 180 
0 198 181 221 
0 199 206 220 
0 200 218 
0 201 14 204 215 
0 202 184 
0 203 178 188 
0 204 186 201 
0 205 193 214 
0 206 177 199 
0 207 195 220 
0 208 188 190 
0 209 15 192 211 
0 210 175 215 
0 211 182 209 
0 212 182 
0 213 187 193 
0 214 205 221 
0 215 201 210 
0 216 185 217 
0 217 14 216 
0 218 182 200 
0 219 176 191 
0 220 199 207 
0 221 198 214 
0 222 235 257 
0 223 224 247 
0 224 223 250 
0 225 258 
0 226 230 231 
0 227 17 244 
0 228 229 230 
0 229 228 247 
0 230 226 228 
0 231 226 245 
0 232 16 234 255 
0 233 240 249 
0 234 232 
0 235 222 
0 236 
0 237 240 252 
0 238 241 259 
0 239 250 260 
0 240 233 237 
0 241 238 258 
0 242 249 254 
0 243 256 
0 244 227 252 
0 245 231 254 
0 246 16 255 
0 247 223 229 
0 248 
0 249 6 233 242 
0 250 224 239 
0 251 
0 252 237 244 
0 253 254 256 
0 254 6 242 245 253 
0 255 232 246 
0 256 243 253 
0 257 222 259 
0 258 225 241 
0 259 238 257 
0 260 17 239 
0 261 
0 262 3 4 
0 263 2 5 
0 265 2 4 
0 266 5 
0 267 3 
0 268 2 4 
0 270 3 
0 271 4 5 
0 273 2 3 5 
0 274 2 
0 275 3 
0 276 4 5 
0 278 2 
0 279 4 5 
0 280 3 
0 281 4 
0 282 2 3 
0 283 5 
0 284 4 
0 285 2 3 
0 286 2 5 
0 289 3 4 5 
0 291 2 
1800 0 
1800 1 6 31 264 267 268 274 277 280 284 288 
1800 2 66 80 
1800 3 130 133 
1800 4 143 148 
1800 5 203 217 
1800 6 1 224 264 267 269 272 276 279 281 286 287 290 
1800 7 8 30 
1800 8 7 18 
1800 9 51 75 
1800 10 66 80 
1800 11 105 120 
1800 12 97 119 
1800 13 154 168 
1800 14 211 
1800 15 204 211 
1800 16 232 239 
1800 17 238 245 
1800 18 8 39 
1800 19 
1800 20 40 45 
1800 21 23 31 
1800 22 24 33 37 
1800 23 21 
1800 24 22 26 
1800 25 
1800 26 24 27 29 
1800 27 26 
1800 28 31 
1800 29 26 48 
1800 30 7 47 
1800 31 1 21 28 44 46 
1800 32 40 42 
1800 33 22 
1800 34 40 41 
1800 35 41 47 
1800 36 46 
1800 37 22 40 
1800 38 41 45 
1800 39 18 
1800 40 20 32 34 37 
1800 41 34 35 38 
1800 42 32 43 
1800 43 42 
1800 44 31 48 
1800 45 20 38 
1800 46 31 36 
1800 47 30 35 
1800 48 29 44 
1800 49 52 80 
1800 50 51 52 
1800 51 9 50 
1800 52 49 50 64 79 85 91 
1800 53 75 80 
1800 54 65 
1800 55 83 89 
1800 56 57 79 84 
1800 57 56 
1800 58 88 92 
1800 59 
1800 60 74 86 
1800 61 66 67 
1800 62 66 72 
1800 63 71 92 
1800 64 52 86 
1800 65 54 71 
1800 66 2 10 61 62 
1800 67 61 68 74 
1800 68 67 91 
1800 69 78 90 
1800 70 78 
1800 71 63 65 
1800 72 62 77 
1800 73 
1800 74 60 67 
1800 75 9 53 
1800 76 78 92 
1800 77 72 82 
1800 78 69 70 76 
1800 79 52 56 
1800 80 2 10 49 53 82 
1800 81 86 88 
1800 82 77 80 
1800 83 55 90 
1800 84 56 93 
1800 85 52 88 
1800 86 60 64 81 89 
1800 87 
1800 88 58 81 85 
1800 89 55 86 
1800 90 69 83 
1800 91 52 68 
1800 92 58 63 76 93 
1800 93 84 92 
1800 94 99 132 
1800 95 118 
1800 96 116 127 
1800 97 12 111 
1800 98 
1800 99 94 138 
1800 100 
1800 101 107 123 
1800 102 113 125 
1800 103 112 
1800 104 115 123 
1800 105 11 106 117 135 
1800 106 105 124 
1800 107 101 136 
1800 108 110 119 
1800 109 114 126 
1800 110 108 115 
1800 111 97 131 132 133 
1800 112 103 123 
1800 113 102 119 
1800 114 109 125 
1800 115 104 110 130 
1800 116 96 
1800 117 105 125 
1800 118 95 138 
1800 119 12 108 113 
1800 120 11 138 
1800 121 122 
1800 122 121 
1800 123 101 104 112 
1800 124 106 
1800 125 102 114 117 128 
1800 126 109 128 131 
1800 127 96 135 
1800 128 125 126 
1800 129 134 
1800 130 3 115 
1800 131 111 126 
1800 132 94 111 
1800 133 3 111 
1800 134 129 136 
1800 135 105 127 
1800 136 107 134 
1800 137 
1800 138 99 118 120 
1800 139 172 
1800 140 164 171 
1800 141 158 169 
1800 142 158 159 
1800 143 4 172 
1800 144 157 162 
1800 145 159 163 
1800 146 150 171 
1800 147 155 157 
1800 148 4 170 
1800 149 153 156 
1800 150 146 172 
1800 151 161 165 
1800 152 160 161 
1800 153 149 160 
1800 154 13 164 
1800 155 147 172 
1800 156 149 165 
1800 157 144 147 
1800 158 141 142 
1800 159 142 145 
1800 160 152 153 167 
1800 161 151 152 
1800 162 144 168 
1800 163 145 167 
1800 164 140 154 170 
1800 165 151 156 
1800 166 173 174 
1800 167 160 163 
1800 168 13 162 
1800 169 141 173 
1800 170 148 164 
1800 171 140 146 174 
1800 172 139 143 150 155 
1800 173 166 169 
1800 174 166 171 
1800 175 198 217 
1800 176 191 199 
1800 177 194 219 
1800 178 
1800 179 191 192 
1800 180 198 203 
1800 181 204 221 
1800 182 214 219 
1800 183 
1800 184 220 221 
1800 185 196 197 
1800 186 207 219 
1800 187 196 214 
1800 188 202 209 
1800 189 
1800 190 198 207 
1800 191 176 179 208 
1800 192 179 218 
1800 193 197 204 
1800 194 177 209 215 
1800 195 206 220 
1800 196 185 187 
1800 197 185 193 
1800 198 175 180 190 205 208 
1800 199 176 
1800 200 206 
1800 201 214 
1800 202 188 
1800 203 5 180 
1800 204 15 181 193 
1800 205 198 216 
1800 206 195 200 212 
1800 207 186 190 
1800 208 191 198 
1800 209 188 194 
1800 210 214 216 
1800 211 14 15 
1800 212 206 218 
1800 213 
1800 214 182 187 201 210 215 
1800 215 194 214 
1800 216 205 210 
1800 217 5 175 
1800 218 192 212 
1800 219 177 182 186 
1800 220 184 195 
1800 221 181 184 
1800 222 227 256 
1800 223 226 245 
1800 224 6 241 
1800 225 
1800 226 223 231 
1800 227 222 239 
1800 228 247 260 
1800 229 235 240 251 
1800 230 
1800 231 226 247 
1800 232 16 239 
1800 233 242 261 
1800 234 
1800 235 229 
1800 236 250 253 
1800 237 259 
1800 238 17 253 
1800 239 16 227 232 246 
1800 240 229 246 
1800 241 224 245 
1800 242 233 249 
1800 243 
1800 244 253 
1800 245 17 223 241 259 
1800 246 239 240 
1800 247 228 231 256 257 
1800 248 
1800 249 242 253 
1800 250 236 253 
1800 251 229 252 
1800 252 251 257 
1800 253 236 238 244 249 250 258 260 
1800 254 258 
1800 255 
1800 256 222 247 
1800 257 247 252 
1800 258 253 254 
1800 259 237 245 
1800 260 228 253 
1800 261 233 
1800 264 1 6 
1800 267 1 6 
1800 268 1 
1800 269 6 
1800 272 6 
1800 274 1 
1800 276 6 
1800 277 1 
1800 279 6 
1800 280 1 
1800 281 6 
1800 284 1 
1800 286 6 
1800 287 6 
1800 288 1 
1800 290 6 
3600 0 1 2 262 263 264 265 266 267 268 269 270 271 272 273 274 275 276 277 278 279 280 281 282 283 284 285 286 287 288 289 290 291 
3600 1 0 31 264 267 268 274 277 280 284 288 
3600 2 0 88 263 265 268 273 274 278 282 285 286 291 
3600 3 97 117 
3600 4 173 
3600 5 209 210 
3600 6 17 227 
3600 7 35 47 
3600 8 29 47 
3600 9 81 91 
3600 10 82 89 
3600 11 119 120 
3600 12 98 117 
3600 13 141 174 
3600 14 186 211 
3600 15 179 190 
3600 16 229 249 
3600 17 6 246 
3600 18 20 32 
3600 19 46 
3600 20 18 45 
3600 21 
3600 22 41 47 
3600 23 35 
3600 24 33 45 
3600 25 33 47 
3600 26 28 46 
3600 27 34 35 
3600 28 26 
3600 29 8 38 
3600 30 31 38 
3600 31 1 30 
3600 32 18 42 
3600 33 24 25 36 42 44 
3600 34 27 38 
3600 35 7 23 27 
3600 36 33 39 
3600 37 38 43 
3600 38 29 30 34 37 48 
3600 39 36 
3600 40 41 43 
3600 41 22 40 
3600 42 32 33 
3600 43 37 40 
3600 44 33 45 
3600 45 20 24 44 
3600 46 19 26 
3600 47 7 8 22 25 
3600 48 38 
3600 49 64 72 
3600 50 55 56 
3600 51 52 93 
3600 52 51 57 79 
3600 53 
3600 54 70 
3600 55 50 88 
3600 56 50 66 
3600 57 52 89 
3600 58 62 84 
3600 59 
3600 60 
3600 61 65 
3600 62 58 78 
3600 63 71 83 
3600 64 49 90 
3600 65 61 67 
3600 66 56 82 
3600 67 65 80 
3600 68 82 86 
3600 69 72 77 80 
3600 70 54 75 87 
3600 71 63 90 
3600 72 49 69 
3600 73 
3600 74 81 85 
3600 75 70 83 
3600 76 
3600 77 69 
3600 78 62 
3600 79 52 
3600 80 67 69 
3600 81 9 74 
3600 82 10 66 68 
3600 83 63 75 
3600 84 58 90 
3600 85 74 90 
3600 86 68 93 
3600 87 70 
3600 88 2 55 
3600 89 10 57 
3600 90 64 71 84 85 
3600 91 9 
3600 92 93 
3600 93 51 86 92 
3600 94 105 129 
3600 95 
3600 96 115 120 
3600 97 3 
3600 98 12 124 
3600 99 115 118 
3600 100 122 
3600 101 104 133 
3600 102 132 135 
3600 103 131 
3600 104 101 113 
3600 105 94 118 
3600 106 111 117 
3600 107 114 130 
3600 108 109 113 128 
3600 109 108 132 
3600 110 119 131 
3600 111 106 123 127 
3600 112 120 138 
3600 113 104 108 
3600 114 107 125 136 
3600 115 96 99 127 
3600 116 
3600 117 3 12 106 122 123 
3600 118 99 105 
3600 119 11 110 133 
3600 120 11 96 112 
3600 121 
3600 122 100 117 
3600 123 111 117 
3600 124 98 
3600 125 114 
3600 126 128 134 135 
3600 127 111 115 
3600 128 108 126 
3600 129 94 
3600 130 107 134 
3600 131 103 110 
3600 132 102 109 
3600 133 101 119 
3600 134 126 130 
3600 135 102 126 
3600 136 114 
3600 137 
3600 138 112 
3600 139 
3600 140 156 166 
3600 141 13 142 143 154 167 
3600 142 141 160 
3600 143 141 153 
3600 144 172 
3600 145 158 169 
3600 146 160 172 
3600 147 163 165 
3600 148 153 168 
3600 149 162 169 
3600 150 152 173 
3600 151 165 169 
3600 152 150 160 
3600 153 143 148 154 
3600 154 141 153 
3600 155 158 170 
3600 156 140 169 
3600 157 165 171 
3600 158 145 155 
3600 159 160 169 
3600 160 142 146 152 159 161 
3600 161 160 171 
3600 162 149 170 
3600 163 147 174 
3600 164 
3600 165 147 151 157 
3600 166 140 
3600 167 141 
3600 168 148 171 
3600 169 145 149 151 156 159 
3600 170 155 162 
3600 171 157 161 168 
3600 172 144 146 
3600 173 4 150 
3600 174 13 163 
3600 175 205 210 
3600 176 207 216 
3600 177 208 220 
3600 178 187 189 
3600 179 15 207 
3600 180 214 219 
3600 181 198 220 
3600 182 206 215 
3600 183 
3600 184 186 207 
3600 185 205 209 
3600 186 14 184 
3600 187 178 191 
3600 188 204 208 
3600 189 178 
3600 190 15 219 
3600 191 187 207 
3600 192 210 
3600 193 201 212 
3600 194 216 221 
3600 195 197 
3600 196 
3600 197 195 220 
3600 198 181 207 
3600 199 206 212 
3600 200 203 218 
3600 201 193 219 
3600 202 
3600 203 200 219 
3600 204 188 205 
3600 205 175 185 204 
3600 206 182 199 218 
3600 207 176 179 184 191 198 
3600 208 177 188 
3600 209 5 185 
3600 210 5 175 192 
3600 211 14 215 
3600 212 193 199 
3600 213 
3600 214 180 
3600 215 182 211 
3600 216 176 194 
3600 217 
3600 218 200 206 
3600 219 180 190 201 203 
3600 220 177 181 197 221 
3600 221 194 220 
3600 222 242 246 
3600 223 238 253 
3600 224 243 254 
3600 225 228 252 
3600 226 231 235 
3600 227 6 245 
3600 228 225 247 250 
3600 229 16 239 
3600 230 245 256 
3600 231 226 253 
3600 232 238 252 
3600 233 254 261 
3600 234 
3600 235 226 253 
3600 236 
3600 237 
3600 238 223 232 
3600 239 229 244 
3600 240 242 249 
3600 241 244 258 
3600 242 222 240 
3600 243 224 
3600 244 239 241 
3600 245 227 230 
3600 246 17 222 
3600 247 228 260 
3600 248 252 
3600 249 16 240 
3600 250 228 257 
3600 251 257 
3600 252 225 232 248 255 
3600 253 223 231 235 260 
3600 254 224 233 256 
3600 255 252 
3600 256 230 254 
3600 257 250 251 
3600 258 241 259 
3600 259 258 
3600 260 247 253 
3600 261 233 
3600 262 0 
3600 263 0 2 
3600 264 0 1 
3600 265 0 2 
3600 266 0 
3600 267 0 1 
3600 268 0 1 2 
3600 269 0 
3600 270 0 
3600 271 0 
3600 272 0 
3600 273 0 2 
3600 274 0 1 2 
3600 275 0 
3600 276 0 
3600 277 0 1 
3600 278 0 2 
3600 279 0 
3600 280 0 1 
3600 281 0 
3600 282 0 2 
3600 283 0 
3600 284 0 1 
3600 285 0 2 
3600 286 0 2 
3600 287 0 
3600 288 0 1 
3600 289 0 
3600 290 0 
3600 291 0 2 
5400 0 1 262 263 264 265 266 267 268 269 270 271 272 273 274 275 276 277 278 279 280 281 282 283 284 285 286 287 288 289 290 291 
5400 1 0 44 264 267 268 274 277 280 284 288 
5400 2 75 89 
5400 3 94 100 
5400 4 141 164 
5400 5 178 221 
5400 6 246 259 
5400 7 19 
5400 8 37 45 
5400 9 49 92 
5400 10 69 92 
5400 11 108 122 
5400 12 109 
5400 13 141 172 
5400 14 211 217 
5400 15 211 221 
5400 16 223 240 
5400 17 226 247 
5400 18 43 48 
5400 19 7 32 
5400 20 37 
5400 21 
5400 22 47 
5400 23 30 31 35 
5400 24 33 36 
5400 25 34 45 
5400 26 31 41 
5400 27 33 42 
5400 28 
5400 29 38 40 
5400 30 23 35 
5400 31 23 26 
5400 32 19 38 
5400 33 24 27 48 
5400 34 25 
5400 35 23 30 
5400 36 24 44 47 
5400 37 8 20 
5400 38 29 32 
5400 39 40 
5400 40 29 39 46 
5400 41 26 43 
5400 42 27 
5400 43 18 41 
5400 44 1 36 
5400 45 8 25 46 
5400 46 40 45 
5400 47 22 36 
5400 48 18 33 
5400 49 9 66 
5400 50 53 68 
5400 51 86 91 
5400 52 56 64 74 86 
5400 53 50 80 
5400 54 71 73 
5400 55 88 91 
5400 56 52 84 
5400 57 89 
5400 58 74 79 
5400 59 76 
5400 60 63 
5400 61 68 83 
5400 62 68 81 
5400 63 60 67 
5400 64 52 88 
5400 65 87 90 
5400 66 49 90 
5400 67 63 90 
5400 68 50 61 62 71 93 
5400 69 10 
5400 70 
5400 71 54 68 
5400 72 
5400 73 54 
5400 74 52 58 
5400 75 2 81 
5400 76 59 77 84 87 
5400 77 76 
5400 78 
5400 79 58 80 
5400 80 53 79 
5400 81 62 75 
5400 82 
5400 83 61 91 
5400 84 56 76 
5400 85 
5400 86 51 52 
5400 87 65 76 
5400 88 55 64 
5400 89 2 57 
5400 90 65 66 67 
5400 91 51 55 83 93 
5400 92 9 10 
5400 93 68 91 
5400 94 3 121 
5400 95 105 118 124 
5400 96 117 123 
5400 97 119 130 
5400 98 99 116 
5400 99 98 132 
5400 100 3 120 138 
5400 101 104 134 
5400 102 108 126 
5400 103 
5400 104 101 109 
5400 105 95 128 
5400 106 
5400 107 119 127 
5400 108 11 102 110 117 
5400 109 12 104 114 
5400 110 108 127 
5400 111 125 
5400 112 131 
5400 113 118 123 
5400 114 109 120 
5400 115 131 
5400 116 98 132 
5400 117 96 108 
5400 118 95 113 
5400 119 97 107 
5400 120 100 114 
5400 121 94 
5400 122 11 127 
5400 123 96 113 130 
5400 124 95 
5400 125 111 134 
5400 126 102 131 
5400 127 107 110 122 
5400 128 105 135 
5400 129 
5400 130 97 123 
5400 131 112 115 126 135 
5400 132 99 116 
5400 133 
5400 134 101 125 
5400 135 128 131 
5400 136 
5400 137 
5400 138 100 
5400 139 141 145 
5400 140 144 148 
5400 141 4 13 139 144 149 
5400 142 151 158 
5400 143 153 159 
5400 144 140 141 
5400 145 139 147 
5400 146 166 174 
5400 147 145 173 
5400 148 140 154 161 165 
5400 149 141 158 
5400 150 164 170 
5400 151 142 171 
5400 152 
5400 153 143 170 
5400 154 148 
5400 155 162 164 
5400 156 170 171 
5400 157 170 171 
5400 158 142 149 
5400 159 143 160 
5400 160 159 163 
5400 161 148 169 
5400 162 155 164 
5400 163 160 173 
5400 164 4 150 155 162 
5400 165 148 174 
5400 166 146 168 172 
5400 167 
5400 168 166 169 
5400 169 161 168 
5400 170 150 153 156 157 
5400 171 151 156 157 
5400 172 13 166 
5400 173 147 163 
5400 174 146 165 
5400 175 199 204 
5400 176 219 220 
5400 177 199 214 
5400 178 5 193 196 
5400 179 188 209 
5400 180 203 207 
5400 181 198 205 
5400 182 187 188 
5400 183 186 210 
5400 184 186 213 
5400 185 195 220 
5400 186 183 184 215 
5400 187 182 198 
5400 188 179 182 218 
5400 189 
5400 190 193 197 201 
5400 191 196 220 
5400 192 
5400 193 178 190 
5400 194 199 203 
5400 195 185 207 
5400 196 178 191 
5400 197 190 219 
5400 198 181 187 
5400 199 175 177 194 
5400 200 
5400 201 190 204 
5400 202 
5400 203 180 194 
5400 204 175 201 
5400 205 181 215 
5400 206 210 219 
5400 207 180 195 
5400 208 212 216 
5400 209 179 210 
5400 210 183 206 209 
5400 211 14 15 
5400 212 208 221 
5400 213 184 
5400 214 177 216 
5400 215 186 205 
5400 216 208 214 
5400 217 14 
5400 218 188 
5400 219 176 197 206 
5400 220 176 185 191 
5400 221 5 15 212 
5400 222 247 249 
5400 223 16 227 
5400 224 246 261 
5400 225 255 
5400 226 17 229 
5400 227 223 238 
5400 228 235 244 
5400 229 226 249 
5400 230 244 248 
5400 231 232 244 
5400 232 231 255 
5400 233 241 257 260 
5400 234 
5400 235 228 250 
5400 236 
5400 237 257 
5400 238 227 261 
5400 239 253 255 
5400 240 16 242 
5400 241 233 250 
5400 242 240 256 
5400 243 248 
5400 244 228 230 231 
5400 245 246 
5400 246 6 224 245 258 
5400 247 17 222 
5400 248 230 243 
5400 249 222 229 254 
5400 250 235 241 253 
5400 251 
5400 252 255 259 
5400 253 239 250 
5400 254 249 256 
5400 255 225 232 239 252 
5400 256 242 254 
5400 257 233 237 
5400 258 246 260 
5400 259 6 252 
5400 260 233 258 
5400 261 224 238 
5400 262 0 
5400 263 0 
5400 264 0 1 
5400 265 0 
5400 266 0 
5400 267 0 1 
5400 268 0 1 
5400 269 0 
5400 270 0 
5400 271 0 
5400 272 0 
5400 273 0 
5400 274 0 1 
5400 275 0 
5400 276 0 
5400 277 0 1 
5400 278 0 
5400 279 0 
5400 280 0 1 
5400 281 0 
5400 282 0 
5400 283 0 
5400 284 0 1 
5400 285 0 
5400 286 0 
5400 287 0 
5400 288 0 1 
5400 289 0 
5400 290 0 
5400 291 0 
7200 0 5 262 263 264 265 266 267 268 269 270 271 272 273 274 275 276 277 278 279 280 281 282 283 284 285 286 287 288 289 290 291 
7200 1 30 34 
7200 2 67 84 
7200 3 111 114 
7200 4 161 170 
7200 5 0 214 263 266 271 273 276 279 283 286 289 
7200 6 239 253 
7200 7 32 46 
7200 8 34 45 
7200 9 82 93 
7200 10 71 90 
7200 11 98 105 
7200 12 94 115 
7200 13 162 168 
7200 14 217 220 
7200 15 212 215 
7200 16 233 240 
7200 17 241 250 
7200 18 21 22 
7200 19 
7200 20 38 
7200 21 18 27 
7200 22 18 39 
7200 23 
7200 24 37 47 
7200 25 28 41 
7200 26 41 48 
7200 27 21 38 
7200 28 25 37 
7200 29 35 43 
7200 30 1 47 
7200 31 38 48 
7200 32 7 40 
7200 33 46 48 
7200 34 1 8 
7200 35 29 41 
7200 36 40 45 
7200 37 24 28 
7200 38 20 27 31 44 
7200 39 22 
7200 40 32 36 
7200 41 25 26 35 
7200 42 44 
7200 43 29 
7200 44 38 42 
7200 45 8 36 
7200 46 7 33 
7200 47 24 30 
7200 48 26 31 33 
7200 49 67 
7200 50 64 76 
7200 51 76 83 
7200 52 61 66 
7200 53 86 87 
7200 54 63 
7200 55 62 66 
7200 56 84 87 
7200 57 66 74 
7200 58 71 88 
7200 59 62 69 
7200 60 
7200 61 52 66 
7200 62 55 59 
7200 63 54 65 83 92 
7200 64 50 81 
7200 65 63 66 
7200 66 52 55 57 61 65 
7200 67 2 49 
7200 68 72 91 
7200 69 59 72 
7200 70 75 
7200 71 10 58 
7200 72 68 69 
7200 73 
7200 74 57 81 
7200 75 70 80 
7200 76 50 51 
7200 77 
7200 78 
7200 79 
7200 80 75 84 
7200 81 64 74 
7200 82 9 
7200 83 51 63 
7200 84 2 56 80 
7200 85 
7200 86 53 91 
7200 87 53 56 
7200 88 58 89 
7200 89 88 90 
7200 90 10 89 93 
7200 91 68 86 
7200 92 63 
7200 93 9 90 
7200 94 12 
7200 95 99 108 
7200 96 97 114 
7200 97 96 115 
7200 98 11 
7200 99 95 
7200 100 108 126 
7200 101 108 138 
7200 102 108 133 
7200 103 119 122 132 
7200 104 123 
7200 105 11 
7200 106 117 
7200 107 127 130 
7200 108 95 100 101 102 113 
7200 109 111 117 
7200 110 117 128 
7200 111 3 109 
7200 112 136 
7200 113 108 125 
7200 114 3 96 135 
7200 115 12 97 124 
7200 116 
7200 117 106 109 110 
7200 118 
7200 119 103 
7200 120 126 133 
7200 121 135 
7200 122 103 
7200 123 104 126 
7200 124 115 
7200 125 113 131 
7200 126 100 120 123 
7200 127 107 132 134 
7200 128 110 134 
7200 129 
7200 130 107 
7200 131 125 138 
7200 132 103 127 
7200 133 102 120 
7200 134 127 128 
7200 135 114 121 
7200 136 112 
7200 137 
7200 138 101 131 
7200 139 
7200 140 159 164 
7200 141 155 171 
7200 142 158 169 
7200 143 161 164 
7200 144 161 
7200 145 164 170 
7200 146 168 171 
7200 147 162 174 
7200 148 154 174 
7200 149 160 170 
7200 150 161 169 
7200 151 157 163 
7200 152 155 174 
7200 153 166 
7200 154 148 160 
7200 155 141 152 
7200 156 
7200 157 151 166 
7200 158 142 
7200 159 140 174 
7200 160 149 154 
7200 161 4 143 144 150 
7200 162 13 147 163 
7200 163 151 162 
7200 164 140 143 145 172 
7200 165 169 173 
7200 166 153 157 
7200 167 
7200 168 13 146 
7200 169 142 150 165 
7200 170 4 145 149 172 
7200 171 141 146 173 
7200 172 164 170 
7200 173 165 171 
7200 174 147 148 152 159 
7200 175 190 210 
7200 176 196 221 
7200 177 180 191 
7200 178 187 221 
7200 179 192 198 
7200 180 177 207 
7200 181 211 221 
7200 182 194 201 
7200 183 202 
7200 184 195 206 210 
7200 185 200 204 
7200 186 199 214 
7200 187 178 193 196 213 
7200 188 190 197 
7200 189 204 
7200 190 175 188 
7200 191 177 216 219 
7200 192 179 211 
7200 193 187 221 
7200 194 182 211 
7200 195 184 200 
7200 196 176 187 
7200 197 188 214 
7200 198 179 213 
7200 199 186 202 
7200 200 185 195 
7200 201 182 214 
7200 202 183 199 
7200 203 211 215 
7200 204 185 189 
7200 205 207 214 
7200 206 184 208 
7200 207 180 205 218 
7200 208 206 209 
7200 209 208 214 
7200 210 175 184 
7200 211 181 192 194 203 212 
7200 212 15 211 
7200 213 187 198 
7200 214 5 186 197 201 205 209 216 
7200 215 15 203 217 220 
7200 216 191 214 
7200 217 14 215 
7200 218 207 
7200 219 191 221 
7200 220 14 215 
7200 221 176 178 181 193 219 
7200 222 239 240 
7200 223 233 243 
7200 224 228 231 236 244 
7200 225 
7200 226 233 254 
7200 227 244 260 
7200 228 224 253 
7200 229 
7200 230 235 246 
7200 231 224 250 
7200 232 255 
7200 233 16 223 226 235 245 247 
7200 234 243 255 
7200 235 230 233 
7200 236 224 256 
7200 237 
7200 238 240 241 
7200 239 6 222 
7200 240 16 222 238 247 
7200 241 17 238 249 
7200 242 258 
7200 243 223 234 257 
7200 244 224 227 
7200 245 233 246 
7200 246 230 245 252 254 261 
7200 247 233 240 
7200 248 
7200 249 241 253 
7200 250 17 231 260 
7200 251 
7200 252 246 
7200 253 6 228 249 
7200 254 226 246 
7200 255 232 234 
7200 256 236 257 261 
7200 257 243 256 
7200 258 242 259 
7200 259 258 
7200 260 227 250 
7200 261 246 256 
7200 262 0 
7200 263 0 5 
7200 264 0 
7200 265 0 
7200 266 0 5 
7200 267 0 
7200 268 0 
7200 269 0 
7200 270 0 
7200 271 0 5 
7200 272 0 
7200 273 0 5 
7200 274 0 
7200 275 0 
7200 276 0 5 
7200 277 0 
7200 278 0 
7200 279 0 5 
7200 280 0 
7200 281 0 
7200 282 0 
7200 283 0 5 
7200 284 0 
7200 285 0 
7200 286 0 5 
7200 287 0 
7200 288 0 
7200 289 0 5 
7200 290 0 
7200 291 0 
9000 0 1 262 263 264 265 266 267 268 269 270 271 272 273 274 275 276 277 278 279 280 281 282 283 284 285 286 287 288 289 290 291 
9000 1 0 35 264 267 268 274 277 280 284 288 
9000 2 3 64 263 265 268 273 274 278 282 285 286 291 
9000 3 2 114 262 267 270 273 275 280 282 285 289 
9000 4 150 171 
9000 5 209 210 
9000 6 224 259 
9000 7 36 46 
9000 8 30 38 
9000 9 69 72 
9000 10 62 93 
9000 11 100 132 
9000 12 100 136 
9000 13 152 163 
9000 14 178 206 
9000 15 185 210 
9000 16 238 241 
9000 17 226 227 
9000 18 33 42 
9000 19 20 34 
9000 20 19 32 
9000 21 24 41 
9000 22 40 44 
9000 23 
9000 24 21 31 
9000 25 47 
9000 26 
9000 27 38 48 
9000 28 
9000 29 47 48 
9000 30 8 38 
9000 31 24 36 
9000 32 20 45 
9000 33 18 42 
9000 34 19 
9000 35 1 48 
9000 36 7 31 37 43 44 45 
9000 37 36 
9000 38 8 27 30 
9000 39 48 
9000 40 22 
9000 41 21 
9000 42 18 33 
9000 43 36 
9000 44 22 36 
9000 45 32 36 
9000 46 7 48 
9000 47 25 29 
9000 48 27 29 35 39 46 
9000 49 56 79 85 
9000 50 71 74 
9000 51 68 82 
9000 52 86 
9000 53 56 66 
9000 54 84 
9000 55 62 65 
9000 56 49 53 
9000 57 
9000 58 84 91 
9000 59 72 78 
9000 60 
9000 61 74 93 
9000 62 10 55 
9000 63 64 86 
9000 64 2 63 79 
9000 65 55 75 
9000 66 53 85 
9000 67 83 88 
9000 68 51 84 
9000 69 9 90 
9000 70 
9000 71 50 90 
9000 72 9 59 77 
9000 73 87 
9000 74 50 61 
9000 75 65 92 
9000 76 88 91 
9000 77 72 82 
9000 78 59 80 
9000 79 49 64 
9000 80 78 93 
9000 81 
9000 82 51 77 
9000 83 67 89 
9000 84 54 58 68 
9000 85 49 66 
9000 86 52 63 
9000 87 73 
9000 88 67 76 92 
9000 89 83 93 
9000 90 69 71 
9000 91 58 76 
9000 92 75 88 
9000 93 10 61 80 89 
9000 94 122 133 
9000 95 121 
9000 96 120 122 
9000 97 109 115 
9000 98 125 134 
9000 99 105 
9000 100 11 12 131 
9000 101 110 132 
9000 102 107 108 
9000 103 120 130 
9000 104 113 
9000 105 99 
9000 106 
9000 107 102 125 
9000 108 102 128 
9000 109 97 114 
9000 110 101 127 
9000 111 117 133 
9000 112 114 135 
9000 113 104 119 
9000 114 3 109 112 
9000 115 97 124 
9000 116 124 
9000 117 111 119 134 
9000 118 123 
9000 119 113 117 
9000 120 96 103 
9000 121 95 129 135 
9000 122 94 96 
9000 123 118 127 
9000 124 115 116 128 
9000 125 98 107 
9000 126 130 138 
9000 127 110 123 
9000 128 108 124 
9000 129 121 138 
9000 130 103 126 
9000 131 100 136 
9000 132 11 101 
9000 133 94 111 
9000 134 98 117 
9000 135 112 121 
9000 136 12 131 
9000 137 
9000 138 126 129 
9000 139 154 155 
9000 140 169 170 
9000 141 145 164 166 
9000 142 162 170 
9000 143 
9000 144 165 168 
9000 145 141 157 
9000 146 149 173 
9000 147 159 164 
9000 148 165 170 
9000 149 146 156 174 
9000 150 4 160 
9000 151 159 172 
9000 152 13 161 
9000 153 
9000 154 139 169 
9000 155 139 165 
9000 156 149 169 
9000 157 145 160 
9000 158 
9000 159 147 151 
9000 160 150 157 
9000 161 152 162 
9000 162 142 161 174 
9000 163 13 168 
9000 164 141 147 
9000 165 144 148 155 166 
9000 166 141 165 
9000 167 
9000 168 144 163 
9000 169 140 154 156 
9000 170 140 142 148 171 
9000 171 4 170 
9000 172 151 
9000 173 146 
9000 174 149 162 
9000 175 179 208 
9000 176 210 212 
9000 177 196 216 
9000 178 14 203 
9000 179 175 180 182 196 218 
9000 180 179 193 
9000 181 188 199 
9000 182 179 212 
9000 183 
9000 184 203 221 
9000 185 15 215 
9000 186 197 
9000 187 216 220 
9000 188 181 195 
9000 189 198 
9000 190 205 214 
9000 191 
9000 192 
9000 193 180 207 
9000 194 200 205 
9000 195 188 209 
9000 196 177 179 
9000 197 186 204 
9000 198 189 201 
9000 199 181 208 
9000 200 194 212 
9000 201 198 
9000 202 
9000 203 178 184 
9000 204 197 213 
9000 205 190 194 
9000 206 14 219 221 
9000 207 193 213 
9000 208 175 199 211 215 
9000 209 5 195 
9000 210 5 15 176 
9000 211 208 218 
9000 212 176 182 200 
9000 213 204 207 
9000 214 190 219 
9000 215 185 208 
9000 216 177 187 
9000 217 
9000 218 179 211 
9000 219 206 214 
9000 220 187 
9000 221 184 206 
9000 222 248 255 
9000 223 227 247 
9000 224 6 232 235 236 242 
9000 225 256 
9000 226 17 240 
9000 227 17 223 260 
9000 228 253 254 
9000 229 240 242 
9000 230 231 247 
9000 231 230 234 
9000 232 224 252 
9000 233 244 249 
9000 234 231 238 
9000 235 224 
9000 236 224 261 
9000 237 
9000 238 16 234 258 260 
9000 239 245 257 
9000 240 226 229 
9000 241 16 246 251 
9000 242 224 229 
9000 243 245 
9000 244 233 249 253 255 
9000 245 239 243 
9000 246 241 258 
9000 247 223 230 
9000 248 222 
9000 249 233 244 
9000 250 256 259 
9000 251 241 254 
9000 252 232 257 
9000 253 228 244 
9000 254 228 251 
9000 255 222 244 
9000 256 225 250 
9000 257 239 252 
9000 258 238 246 
9000 259 6 250 
9000 260 227 238 
9000 261 236 
9000 262 0 3 
9000 263 0 2 
9000 264 0 1 
9000 265 0 2 
9000 266 0 
9000 267 0 1 3 
9000 268 0 1 2 
9000 269 0 
9000 270 0 3 
9000 271 0 
9000 272 0 
9000 273 0 2 3 
9000 274 0 1 2 
9000 275 0 3 
9000 276 0 
9000 277 0 1 
9000 278 0 2 
9000 279 0 
9000 280 0 1 3 
9000 281 0 
9000 282 0 2 3 
9000 283 0 
9000 284 0 1 
9000 285 0 2 3 
9000 286 0 2 
9000 287 0 
9000 288 0 1 
9000 289 0 3 
9000 290 0 
9000 291 0 2 
10800 0 
10800 1 40 42 
10800 2 89 91 
10800 3 97 102 
10800 4 142 143 
10800 5 208 215 
10800 6 246 251 
10800 7 22 
10800 8 37 46 
10800 9 74 75 
10800 10 53 91 
10800 11 126 138 
10800 12 102 120 
10800 13 156 162 
10800 14 205 
10800 15 211 221 
10800 16 240 247 
10800 17 249 258 
10800 18 20 47 
10800 19 35 42 
10800 20 18 39 
10800 21 41 
10800 22 7 41 
10800 23 35 
10800 24 30 41 
10800 25 26 45 
10800 26 25 40 
10800 27 35 36 
10800 28 
10800 29 41 48 
10800 30 24 47 
10800 31 38 44 
10800 32 35 38 
10800 33 37 41 
10800 34 47 48 
10800 35 19 23 27 32 44 
10800 36 27 43 
10800 37 8 33 
10800 38 31 32 
10800 39 20 46 
10800 40 1 26 
10800 41 21 22 24 29 33 
10800 42 1 19 
10800 43 36 
10800 44 31 35 
10800 45 25 48 
10800 46 8 39 
10800 47 18 30 34 
10800 48 29 34 45 
10800 49 74 
10800 50 67 86 
10800 51 52 54 93 
10800 52 51 91 
10800 53 10 91 
10800 54 51 87 
10800 55 62 68 
10800 56 57 71 
10800 57 56 91 
10800 58 72 82 
10800 59 
10800 60 
10800 61 63 67 
10800 62 55 66 
10800 63 61 93 
10800 64 75 92 
10800 65 81 82 
10800 66 62 71 
10800 67 50 61 
10800 68 55 90 
10800 69 77 
10800 70 73 84 
10800 71 56 66 
10800 72 58 77 
10800 73 70 
10800 74 9 49 85 88 
10800 75 9 64 
10800 76 84 91 
10800 77 69 72 
10800 78 
10800 79 
10800 80 84 88 
10800 81 65 
10800 82 58 65 
10800 83 92 
10800 84 70 76 80 
10800 85 74 
10800 86 50 89 
10800 87 54 
10800 88 74 80 
10800 89 2 86 
10800 90 68 
10800 91 2 10 52 53 57 76 
10800 92 64 83 
10800 93 51 63 
10800 94 113 126 
10800 95 105 
10800 96 106 122 
10800 97 3 127 
10800 98 104 137 
10800 99 105 115 
10800 100 123 138 
10800 101 107 128 
10800 102 3 12 135 
10800 103 126 
10800 104 98 132 137 
10800 105 95 99 
10800 106 96 109 
10800 107 101 114 
10800 108 131 133 
10800 109 106 133 
10800 110 114 125 
10800 111 117 126 
10800 112 
10800 113 94 116 
10800 114 107 110 
10800 115 99 116 135 
10800 116 113 115 
10800 117 111 123 
10800 118 
10800 119 127 130 131 
10800 120 12 138 
10800 121 
10800 122 96 136 
10800 123 100 117 
10800 124 
10800 125 110 134 
10800 126 11 94 103 111 
10800 127 97 119 
10800 128 101 130 
10800 129 
10800 130 119 128 
10800 131 108 119 
10800 132 104 134 
10800 133 108 109 
10800 134 125 132 
10800 135 102 115 
10800 136 122 
10800 137 98 104 
10800 138 11 100 120 
10800 139 
10800 140 145 168 
10800 141 149 155 
10800 142 4 144 
10800 143 4 145 
10800 144 142 145 
10800 145 140 143 144 156 
10800 146 170 171 
10800 147 154 160 
10800 148 154 163 165 
10800 149 141 172 
10800 150 160 163 
10800 151 152 164 
10800 152 151 171 
10800 153 157 174 
10800 154 147 148 
10800 155 141 164 
10800 156 13 145 
10800 157 153 158 166 174 
10800 158 157 
10800 159 169 173 
10800 160 147 150 
10800 161 
10800 162 13 173 
10800 163 148 150 
10800 164 151 155 
10800 165 148 169 
10800 166 157 173 
10800 167 
10800 168 140 172 
10800 169 159 165 
10800 170 146 172 
10800 171 146 152 
10800 172 149 168 170 
10800 173 159 162 166 
10800 174 153 157 
10800 175 190 204 
10800 176 197 203 
10800 177 196 199 
10800 178 210 216 
10800 179 180 221 
10800 180 179 214 
10800 181 198 221 
10800 182 184 
10800 183 202 
10800 184 182 206 
10800 185 208 209 
10800 186 190 221 
10800 187 215 219 
10800 188 212 219 
10800 189 191 
10800 190 175 186 
10800 191 189 220 
10800 192 200 211 
10800 193 197 
10800 194 216 221 
10800 195 205 
10800 196 177 217 
10800 197 176 193 
10800 198 181 207 
10800 199 177 212 
10800 200 192 214 
10800 201 215 
10800 202 183 217 
10800 203 176 212 
10800 204 175 215 
10800 205 14 195 
10800 206 184 220 
10800 207 198 214 
10800 208 5 185 
10800 209 185 212 
10800 210 178 220 
10800 211 15 192 
10800 212 188 199 203 209 
10800 213 
10800 214 180 200 207 
10800 215 5 187 201 204 
10800 216 178 194 
10800 217 196 202 
10800 218 
10800 219 187 188 
10800 220 191 206 210 
10800 221 15 179 181 186 194 
10800 222 255 259 
10800 223 227 239 
10800 224 229 
10800 225 232 
10800 226 236 250 
10800 227 223 232 
10800 228 235 242 
10800 229 224 
10800 230 238 
10800 231 250 252 255 256 
10800 232 225 227 259 
10800 233 253 254 
10800 234 
10800 235 228 241 
10800 236 226 
10800 237 
10800 238 230 239 244 
10800 239 223 238 
10800 240 16 242 
10800 241 235 243 
10800 242 228 240 258 
10800 243 241 245 
10800 244 238 254 
10800 245 243 247 
10800 246 6 251 
10800 247 16 245 
10800 248 
10800 249 17 253 
10800 250 226 231 
10800 251 6 246 261 
10800 252 231 
10800 253 233 249 257 
10800 254 233 244 
10800 255 222 231 
10800 256 231 260 
10800 257 253 260 
10800 258 17 242 
10800 259 222 232 
10800 260 256 257 
10800 261 251 
12600 0 5 262 263 264 265 266 267 268 269 270 271 272 273 274 275 276 277 278 279 280 281 282 283 284 285 286 287 288 289 290 291 
12600 1 22 36 
12600 2 84 88 
12600 3 110 130 
12600 4 144 150 168 
12600 5 0 216 263 266 271 273 276 279 283 286 289 
12600 6 230 232 
12600 7 19 32 
12600 8 22 44 
12600 9 80 93 
12600 10 80 90 
12600 11 115 117 
12600 12 96 
12600 13 145 162 
12600 14 210 215 
12600 15 209 217 
12600 16 228 245 
12600 17 225 259 
12600 18 35 41 
12600 19 7 22 
12600 20 
12600 21 46 
12600 22 1 8 19 
12600 23 
12600 24 29 31 
12600 25 
12600 26 33 
12600 27 41 47 
12600 28 40 
12600 29 24 34 
12600 30 44 48 
12600 31 24 46 
12600 32 7 40 
12600 33 26 36 
12600 34 29 46 
12600 35 18 42 
12600 36 1 33 
12600 37 45 47 
12600 38 46 
12600 39 46 48 
12600 40 28 32 
12600 41 18 27 
12600 42 35 
12600 43 
12600 44 8 30 
12600 45 37 47 
12600 46 21 31 34 38 39 
12600 47 27 37 45 
12600 48 30 39 
12600 49 79 93 
12600 50 67 71 
12600 51 80 83 
12600 52 53 86 
12600 53 52 75 
12600 54 
12600 55 58 76 
12600 56 81 93 
12600 57 
12600 58 55 67 
12600 59 
12600 60 71 86 
12600 61 77 90 
12600 62 78 
12600 63 65 92 
12600 64 75 89 
12600 65 63 83 
12600 66 69 84 
12600 67 50 58 
12600 68 72 90 
12600 69 66 82 
12600 70 
12600 71 50 60 
12600 72 68 82 
12600 73 
12600 74 89 91 
12600 75 53 64 
12600 76 55 92 
12600 77 61 88 91 
12600 78 62 
12600 79 49 
12600 80 9 10 51 85 
12600 81 56 85 
12600 82 69 72 
12600 83 51 65 
12600 84 2 66 
12600 85 80 81 
12600 86 52 60 
12600 87 
12600 88 2 77 
12600 89 64 74 
12600 90 10 61 68 
12600 91 74 77 
12600 92 63 76 
12600 93 9 49 56 
12600 94 114 132 
12600 95 
12600 96 12 98 
12600 97 106 
12600 98 96 102 124 
12600 99 
12600 100 109 126 
12600 101 109 114 
12600 102 98 120 
12600 103 120 136 
12600 104 128 134 
12600 105 
12600 106 97 107 
12600 107 106 122 
12600 108 119 131 
12600 109 100 101 
12600 110 3 138 
12600 111 126 133 
12600 112 121 133 
12600 113 119 125 
12600 114 94 101 135 136 
12600 115 11 125 
12600 116 130 
12600 117 11 126 
12600 118 
12600 119 108 113 
12600 120 102 103 
12600 121 112 
12600 122 107 131 
12600 123 126 
12600 124 98 132 
12600 125 113 115 
12600 126 100 111 117 123 135 
12600 127 128 
12600 128 104 127 
12600 129 138 
12600 130 3 116 
12600 131 108 122 
12600 132 94 124 134 
12600 133 111 112 
12600 134 104 132 
12600 135 114 126 
12600 136 103 114 
12600 137 
12600 138 110 129 
12600 139 141 154 
12600 140 151 156 
12600 141 139 166 167 171 174 
12600 142 145 
12600 143 158 160 
12600 144 4 149 
12600 145 13 142 147 
12600 146 162 174 
12600 147 145 169 
12600 148 170 172 
12600 149 144 152 
12600 150 4 172 
12600 151 140 158 
12600 152 149 
12600 153 163 
12600 154 139 
12600 155 160 
12600 156 140 
12600 157 167 170 
12600 158 143 151 
12600 159 166 173 
12600 160 143 155 
12600 161 
12600 162 13 146 
12600 163 153 168 
12600 164 170 
12600 165 
12600 166 141 159 
12600 167 141 157 
12600 168 4 163 
12600 169 147 171 
12600 170 148 157 164 173 
12600 171 141 169 
12600 172 148 150 
12600 173 159 170 
12600 174 141 146 
12600 175 211 214 
12600 176 214 219 
12600 177 186 203 
12600 178 191 198 
12600 179 201 218 
12600 180 189 190 
12600 181 189 219 
12600 182 198 201 
12600 183 
12600 184 187 209 
12600 185 216 221 
12600 186 177 216 
12600 187 184 193 
12600 188 191 204 
12600 189 180 181 
12600 190 180 202 213 
12600 191 178 188 
12600 192 200 
12600 193 187 202 
12600 194 216 219 
12600 195 
12600 196 
12600 197 201 220 
12600 198 178 182 
12600 199 
12600 200 192 214 
12600 201 179 182 197 
12600 202 190 193 
12600 203 177 208 
12600 204 188 208 
12600 205 208 214 
12600 206 207 220 
12600 207 206 216 
12600 208 203 204 205 
12600 209 15 184 
12600 210 14 220 
12600 211 175 218 
12600 212 215 217 
12600 213 190 214 
12600 214 175 176 200 205 213 
12600 215 14 212 
12600 216 5 185 186 194 207 
12600 217 15 212 
12600 218 179 211 
12600 219 176 181 194 
12600 220 197 206 210 
12600 221 185 
12600 222 229 238 249 
12600 223 233 255 
12600 224 245 247 
12600 225 17 251 
12600 226 236 241 
12600 227 239 250 
12600 228 16 241 
12600 229 222 230 
12600 230 6 229 258 
12600 231 234 255 256 
12600 232 6 259 
12600 233 223 250 
12600 234 231 
12600 235 241 254 
12600 236 226 
12600 237 248 252 
12600 238 222 261 
12600 239 227 246 
12600 240 247 258 
12600 241 226 228 235 243 
12600 242 250 260 
12600 243 241 
12600 244 246 254 
12600 245 16 224 253 
12600 246 239 244 249 256 
12600 247 224 240 257 
12600 248 237 252 
12600 249 222 246 
12600 250 227 233 242 253 
12600 251 225 
12600 252 237 248 
12600 253 245 250 
12600 254 235 244 257 
12600 255 223 231 
12600 256 231 246 
12600 257 247 254 
12600 258 230 240 
12600 259 17 232 
12600 260 242 261 
12600 261 238 260 
12600 262 0 
12600 263 0 5 
12600 264 0 
12600 265 0 
12600 266 0 5 
12600 267 0 
12600 268 0 
12600 269 0 
12600 270 0 
12600 271 0 5 
12600 272 0 
12600 273 0 5 
12600 274 0 
12600 275 0 
12600 276 0 5 
12600 277 0 
12600 278 0 
12600 279 0 5 
12600 280 0 
12600 281 0 
12600 282 0 
12600 283 0 5 
12600 284 0 
12600 285 0 
12600 286 0 5 
12600 287 0 
12600 288 0 
12600 289 0 5 
12600 290 0 
12600 291 0 
14400 0 1 262 263 264 265 266 267 268 269 270 271 272 273 274 275 276 277 278 279 280 281 282 283 284 285 286 287 288 289 290 291 
14400 1 0 25 264 267 268 274 277 280 284 288 
14400 2 50 62 
14400 3 117 126 
14400 4 158 170 
14400 5 211 213 
14400 6 226 238 
14400 7 24 37 
14400 8 35 36 
14400 9 63 74 
14400 10 75 
14400 11 114 127 
14400 12 94 98 
14400 13 152 160 
14400 14 201 212 
14400 15 212 221 
14400 16 247 258 
14400 17 223 241 
14400 18 20 40 
14400 19 
14400 20 18 39 
14400 21 32 
14400 22 29 38 
14400 23 
14400 24 7 
14400 25 1 32 
14400 26 42 48 
14400 27 32 33 
14400 28 35 47 
14400 29 22 43 
14400 30 
14400 31 40 44 
14400 32 21 25 27 
14400 33 27 38 
14400 34 37 42 
14400 35 8 28 41 45 
14400 36 8 
14400 37 7 34 
14400 38 22 33 46 
14400 39 20 42 
14400 40 18 31 41 44 45 
14400 41 35 40 
14400 42 26 34 39 46 48 
14400 43 29 
14400 44 31 40 
14400 45 35 40 
14400 46 38 42 
14400 47 28 
14400 48 26 42 
14400 49 52 67 
14400 50 2 55 
14400 51 74 86 
14400 52 49 57 64 67 88 
14400 53 71 89 
14400 54 76 
14400 55 50 84 
14400 56 85 89 
14400 57 52 
14400 58 63 83 
14400 59 
14400 60 
14400 61 80 93 
14400 62 2 65 
14400 63 9 58 
14400 64 52 89 
14400 65 62 69 70 87 
14400 66 71 91 
14400 67 49 52 
14400 68 77 93 
14400 69 65 82 
14400 70 65 73 
14400 71 53 66 
14400 72 
14400 73 70 
14400 74 9 51 
14400 75 10 84 
14400 76 54 83 92 
14400 77 68 86 
14400 78 
14400 79 
14400 80 61 89 
14400 81 
14400 82 69 90 
14400 83 58 76 
14400 84 55 75 
14400 85 56 93 
14400 86 51 77 91 
14400 87 65 
14400 88 52 90 
14400 89 53 56 64 80 
14400 90 82 88 
14400 91 66 86 
14400 92 76 
14400 93 61 68 85 
14400 94 12 110 
14400 95 
14400 96 106 120 128 
14400 97 101 114 
14400 98 12 106 
14400 99 135 
14400 100 102 123 
14400 101 97 133 
14400 102 100 138 
14400 103 
14400 104 124 137 
14400 105 
14400 106 96 98 
14400 107 114 122 
14400 108 125 127 
14400 109 114 122 
14400 110 94 132 
14400 111 122 127 
14400 112 114 
14400 113 114 124 
14400 114 11 97 107 109 112 113 135 
14400 115 127 
14400 116 
14400 117 3 119 
14400 118 128 134 
14400 119 117 126 
14400 120 96 125 
14400 121 
14400 122 107 109 111 
14400 123 100 
14400 124 104 113 137 
14400 125 108 120 
14400 126 3 119 133 
14400 127 11 108 111 115 
14400 128 96 118 
14400 129 134 
14400 130 132 
14400 131 
14400 132 110 130 
14400 133 101 126 
14400 134 118 129 
14400 135 99 114 
14400 136 138 
14400 137 104 124 
14400 138 102 136 
14400 139 147 152 
14400 140 151 169 
14400 141 154 155 167 
14400 142 153 159 
14400 143 165 168 
14400 144 160 168 
14400 145 149 165 
14400 146 148 159 
14400 147 139 173 
14400 148 146 171 
14400 149 145 161 163 
14400 150 166 172 
14400 151 140 168 
14400 152 13 139 
14400 153 142 163 
14400 154 141 156 
14400 155 141 162 
14400 156 154 169 
14400 157 162 167 
14400 158 4 174 
14400 159 142 146 
14400 160 13 144 
14400 161 149 168 
14400 162 155 157 
14400 163 149 153 
14400 164 173 174 
14400 165 143 145 170 
14400 166 150 172 
14400 167 141 157 
14400 168 143 144 151 161 
14400 169 140 156 
14400 170 4 165 
14400 171 148 172 
14400 172 150 166 171 
14400 173 147 164 
14400 174 158 164 
14400 175 211 219 
14400 176 200 207 
14400 177 212 216 
14400 178 189 215 
14400 179 188 220 
14400 180 214 215 
14400 181 206 220 
14400 182 190 216 
14400 183 
14400 184 190 210 
14400 185 206 208 
14400 186 202 205 
14400 187 196 198 
14400 188 179 211 
14400 189 178 204 
14400 190 182 184 
14400 191 194 207 
14400 192 195 218 
14400 193 201 215 
14400 194 191 214 
14400 195 192 
14400 196 187 216 
14400 197 203 205 
14400 198 187 213 
14400 199 202 203 
14400 200 176 216 
14400 201 14 193 
14400 202 186 199 
14400 203 197 199 
14400 204 189 221 
14400 205 186 197 
14400 206 181 185 
14400 207 176 191 210 
14400 208 185 219 
14400 209 215 219 
14400 210 184 207 
14400 211 5 175 188 
14400 212 14 15 177 
14400 213 5 198 
14400 214 180 194 
14400 215 178 180 193 209 
14400 216 177 182 196 200 
14400 217 221 
14400 218 192 
14400 219 175 208 209 
14400 220 179 181 
14400 221 15 204 217 
14400 222 226 244 
14400 223 17 256 
14400 224 258 
14400 225 
14400 226 6 222 228 
14400 227 
14400 228 226 250 
14400 229 258 
14400 230 241 253 
14400 231 238 253 
14400 232 244 245 
14400 233 242 260 261 
14400 234 
14400 235 243 257 259 
14400 236 258 
14400 237 241 
14400 238 6 231 239 
14400 239 238 249 
14400 240 254 256 
14400 241 17 230 237 
14400 242 233 249 
14400 243 235 
14400 244 222 232 
14400 245 232 246 
14400 246 245 255 
14400 247 16 260 
14400 248 251 
14400 249 239 242 259 
14400 250 228 253 
14400 251 248 257 
14400 252 
14400 253 230 231 250 254 
14400 254 240 253 
14400 255 246 
14400 256 223 240 
14400 257 235 251 
14400 258 16 224 229 236 
14400 259 235 249 
14400 260 233 247 
14400 261 233 
14400 262 0 
14400 263 0 
14400 264 0 1 
14400 265 0 
14400 266 0 
14400 267 0 1 
14400 268 0 1 
14400 269 0 
14400 270 0 
14400 271 0 
14400 272 0 
14400 273 0 
14400 274 0 1 
14400 275 0 
14400 276 0 
14400 277 0 1 
14400 278 0 
14400 279 0 
14400 280 0 1 
14400 281 0 
14400 282 0 
14400 283 0 
14400 284 0 1 
14400 285 0 
14400 286 0 
14400 287 0 
14400 288 0 1 
14400 289 0 
14400 290 0 
14400 291 0 
16200 0 
16200 1 29 44 
16200 2 75 76 
16200 3 97 127 
16200 4 139 148 
16200 5 186 206 
16200 6 17 226 
16200 7 35 46 
16200 8 
16200 9 55 86 
16200 10 49 83 
16200 11 97 132 
16200 12 122 123 
16200 13 141 171 
16200 14 203 221 
16200 15 205 209 
16200 16 229 260 
16200 17 6 232 
16200 18 31 47 
16200 19 32 42 
16200 20 38 
16200 21 46 
16200 22 
16200 23 24 
16200 24 23 48 
16200 25 41 45 
16200 26 33 37 
16200 27 33 46 
16200 28 41 
16200 29 1 34 
16200 30 33 47 
16200 31 18 
16200 32 19 35 
16200 33 26 27 30 
16200 34 29 41 
16200 35 7 32 
16200 36 37 
16200 37 26 36 
16200 38 20 40 
16200 39 
16200 40 38 41 
16200 41 25 28 34 40 
16200 42 19 46 
16200 43 
16200 44 1 
16200 45 25 47 
16200 46 7 21 27 42 
16200 47 18 30 45 
16200 48 24 
16200 49 10 79 
16200 50 64 88 
16200 51 71 76 
16200 52 89 
16200 53 89 91 
16200 54 
16200 55 9 82 
16200 56 84 91 
16200 57 
16200 58 86 88 
16200 59 72 
16200 60 92 
16200 61 63 90 
16200 62 80 
16200 63 61 86 
16200 64 50 79 
16200 65 66 82 
16200 66 65 
16200 67 68 88 
16200 68 67 86 
16200 69 72 77 
16200 70 81 
16200 71 51 81 
16200 72 59 69 
16200 73 
16200 74 92 
16200 75 2 86 
16200 76 2 51 
16200 77 69 
16200 78 
16200 79 49 64 
16200 80 62 89 
16200 81 70 71 
16200 82 55 65 
16200 83 10 88 
16200 84 56 
16200 85 86 93 
16200 86 9 58 63 68 75 85 
16200 87 
16200 88 50 58 67 83 93 
16200 89 52 53 80 90 
16200 90 61 89 
16200 91 53 56 
16200 92 60 74 
16200 93 85 88 
16200 94 97 101 
16200 95 99 105 109 
16200 96 113 114 
16200 97 3 11 94 137 
16200 98 116 117 
16200 99 95 213 
16200 100 115 120 
16200 101 94 104 
16200 102 108 117 
16200 103 138 
16200 104 101 113 130 
16200 105 95 127 
16200 106 
16200 107 122 133 
16200 108 102 119 
16200 109 95 123 
16200 110 114 125 
16200 111 127 137 
16200 112 131 
16200 113 96 104 
16200 114 96 110 128 
16200 115 100 127 
16200 116 98 
16200 117 98 102 119 128 
16200 118 
16200 119 108 117 
16200 120 100 125 
16200 121 
16200 122 12 107 131 135 
16200 123 12 109 126 
16200 124 132 
16200 125 110 120 130 133 134 
16200 126 123 134 
16200 127 3 105 111 115 
16200 128 114 117 
16200 129 136 
16200 130 104 125 
16200 131 112 122 
16200 132 11 124 
16200 133 107 125 
16200 134 125 126 
16200 135 122 
16200 136 129 138 
16200 137 97 111 
16200 138 103 136 
16200 139 4 151 
16200 140 166 172 
16200 141 13 155 
16200 142 156 
16200 143 159 172 
16200 144 159 172 
16200 145 150 155 
16200 146 158 171 
16200 147 167 171 
16200 148 4 161 
16200 149 161 164 
16200 150 145 
16200 151 139 169 
16200 152 162 166 
16200 153 163 170 
16200 154 157 170 
16200 155 141 145 
16200 156 142 161 
16200 157 154 160 
16200 158 146 163 
16200 159 143 144 162 165 
16200 160 157 164 
16200 161 148 149 156 168 
16200 162 152 159 
16200 163 153 158 
16200 164 149 160 
16200 165 159 169 
16200 166 140 152 
16200 167 147 
16200 168 161 174 
16200 169 151 165 
16200 170 153 154 
16200 171 13 146 147 
16200 172 140 143 144 173 
16200 173 172 174 
16200 174 168 173 
16200 175 215 221 
16200 176 204 207 
16200 177 184 202 
16200 178 196 
16200 179 190 205 
16200 180 191 208 
16200 181 199 219 
16200 182 193 214 
16200 183 
16200 184 177 
16200 185 195 215 
16200 186 5 216 
16200 187 201 219 
16200 188 197 212 
16200 189 191 202 
16200 190 179 215 
16200 191 180 189 208 
16200 192 
16200 193 182 198 
16200 194 197 199 
16200 195 185 217 218 
16200 196 178 
16200 197 188 194 
16200 198 193 213 
16200 199 181 194 
16200 200 203 206 
16200 201 187 219 
16200 202 177 189 
16200 203 14 200 
16200 204 176 205 
16200 205 15 179 204 
16200 206 5 200 212 217 
16200 207 176 
16200 208 180 191 
16200 209 15 210 
16200 210 209 214 
16200 211 216 218 
16200 212 188 206 
16200 213 99 198 
16200 214 182 210 220 
16200 215 175 185 190 
16200 216 186 211 
16200 217 195 206 
16200 218 195 211 
16200 219 181 187 201 
16200 220 214 221 
16200 221 14 175 220 
16200 222 253 254 
16200 223 259 
16200 224 235 236 
16200 225 252 
16200 226 6 227 
16200 227 226 245 
16200 228 244 255 
16200 229 16 242 
16200 230 240 246 
16200 231 238 247 
16200 232 17 243 
16200 233 241 253 
16200 234 252 
16200 235 224 239 257 
16200 236 224 250 
16200 237 240 259 
16200 238 231 
16200 239 235 250 
16200 240 230 237 
16200 241 233 258 
16200 242 229 
16200 243 232 253 
16200 244 228 246 
16200 245 227 254 
16200 246 230 244 260 
16200 247 231 254 
16200 248 
16200 249 256 259 
16200 250 236 239 257 
16200 251 
16200 252 225 234 
16200 253 222 233 243 
16200 254 222 245 247 
16200 255 228 256 258 
16200 256 249 255 
16200 257 235 250 
16200 258 241 255 
16200 259 223 237 249 
16200 260 16 246 
16200 261 
18000 0 5 262 263 264 265 266 267 268 269 270 271 272 273 274 275 276 277 278 279 280 281 282 283 284 285 286 287 288 289 290 291 
18000 1 25 35 
18000 2 83 86 
18000 3 101 126 
18000 4 143 147 
18000 5 0 213 263 266 271 273 276 279 283 286 289 
18000 6 228 259 
18000 7 19 30 
18000 8 45 
18000 9 69 75 
18000 10 68 81 
18000 11 111 138 
18000 12 123 130 
18000 13 141 166 
18000 14 178 210 
18000 15 203 220 
18000 16 222 231 
18000 17 232 241 
18000 18 27 46 
18000 19 7 23 
18000 20 39 43 
18000 21 38 47 
18000 22 31 36 
18000 23 19 
18000 24 26 45 
18000 25 1 47 
18000 26 24 45 
18000 27 18 45 
18000 28 29 45 
18000 29 28 39 
18000 30 7 48 
18000 31 22 48 
18000 32 34 45 
18000 33 44 47 
18000 34 32 46 
18000 35 1 46 
18000 36 22 37 42 
18000 37 36 40 
18000 38 21 42 
18000 39 20 29 
18000 40 37 46 
18000 41 45 47 
18000 42 36 38 
18000 43 20 
18000 44 33 47 
18000 45 8 24 26 27 28 32 41 
18000 46 18 34 35 40 
18000 47 21 25 33 41 44 
18000 48 30 31 
18000 49 79 84 
18000 50 57 85 
18000 51 71 80 
18000 52 
18000 53 83 85 
18000 54 84 
18000 55 89 
18000 56 67 93 
18000 57 50 86 
18000 58 61 66 
18000 59 72 
18000 60 92 
18000 61 58 63 
18000 62 87 
18000 63 61 71 
18000 64 92 93 
18000 65 81 84 
18000 66 58 88 
18000 67 56 76 91 
18000 68 10 72 
18000 69 9 
18000 70 86 92 
18000 71 51 63 
18000 72 59 68 77 78 
18000 73 
18000 74 85 88 
18000 75 9 88 
18000 76 67 
18000 77 72 82 
18000 78 72 
18000 79 49 
18000 80 51 88 
18000 81 10 65 
18000 82 77 
18000 83 2 53 
18000 84 49 54 65 
18000 85 50 53 74 
18000 86 2 57 70 
18000 87 62 
18000 88 66 74 75 80 90 
18000 89 55 91 
18000 90 88 93 
18000 91 67 89 
18000 92 60 64 70 
18000 93 56 64 90 
18000 94 105 126 
18000 95 127 
18000 96 110 117 
18000 97 101 104 107 
18000 98 124 128 
18000 99 115 118 
18000 100 113 123 
18000 101 3 97 
18000 102 120 138 
18000 103 133 
18000 104 97 106 
18000 105 94 
18000 106 104 
18000 107 97 132 
18000 108 
18000 109 125 133 
18000 110 96 113 
18000 111 11 131 
18000 112 
18000 113 100 110 
18000 114 120 126 
18000 115 99 116 135 
18000 116 115 
18000 117 96 134 
18000 118 99 
18000 119 122 125 
18000 120 102 114 
18000 121 129 
18000 122 119 131 
18000 123 12 100 128 130 
18000 124 98 
18000 125 109 119 
18000 126 3 94 114 129 136 
18000 127 95 135 
18000 128 98 123 
18000 129 121 126 
18000 130 12 123 
18000 131 111 122 
18000 132 107 134 
18000 133 103 109 
18000 134 117 132 
18000 135 115 127 
18000 136 126 
18000 137 
18000 138 11 102 
18000 139 141 
18000 140 144 145 
18000 141 13 139 155 
18000 142 162 
18000 143 4 161 
18000 144 140 154 
18000 145 140 165 
18000 146 156 165 
18000 147 4 159 163 173 
18000 148 154 159 
18000 149 157 
18000 150 153 169 
18000 151 153 158 
18000 152 154 158 
18000 153 150 151 
18000 154 144 148 152 
18000 155 141 160 
18000 156 146 168 
18000 157 149 166 
18000 158 151 152 
18000 159 147 148 
18000 160 155 164 
18000 161 143 171 
18000 162 142 169 170 172 173 174 
18000 163 147 164 
18000 164 160 163 168 
18000 165 145 146 170 
18000 166 13 157 
18000 167 
18000 168 156 164 
18000 169 150 162 
18000 170 162 165 
18000 171 161 
18000 172 162 
18000 173 147 162 
18000 174 162 
18000 175 208 212 
18000 176 177 203 
18000 177 176 199 
18000 178 14 189 201 
18000 179 192 200 209 215 
18000 180 184 212 
18000 181 205 210 
18000 182 193 203 
18000 183 
18000 184 180 197 
18000 185 211 
18000 186 206 216 
18000 187 196 213 
18000 188 203 219 
18000 189 178 198 
18000 190 203 213 
18000 191 197 203 
18000 192 179 
18000 193 182 219 
18000 194 198 205 
18000 195 203 208 
18000 196 187 215 
18000 197 184 191 201 
18000 198 189 194 
18000 199 177 
18000 200 179 210 
18000 201 178 197 
18000 202 
18000 203 15 176 182 188 190 191 195 221 
18000 204 208 214 
18000 205 181 194 
18000 206 186 
18000 207 210 220 
18000 208 175 195 204 221 
18000 209 179 212 
18000 210 14 181 200 207 
18000 211 185 214 
18000 212 175 180 209 
18000 213 5 187 190 
18000 214 204 211 
18000 215 179 196 
18000 216 186 220 
18000 217 
18000 218 
18000 219 188 193 
18000 220 15 207 216 
18000 221 203 208 
18000 222 16 242 
18000 223 228 245 
18000 224 245 254 
18000 225 234 258 
18000 226 230 241 
18000 227 245 246 
18000 228 6 223 233 
18000 229 237 261 
18000 230 226 249 
18000 231 16 256 
18000 232 17 247 
18000 233 228 239 
18000 234 225 252 
18000 235 
18000 236 245 253 
18000 237 229 257 
18000 238 239 
18000 239 233 238 
18000 240 245 
18000 241 17 226 250 
18000 242 222 
18000 243 
18000 244 249 250 
18000 245 223 224 227 236 240 
18000 246 227 253 
18000 247 232 260 
18000 248 
18000 249 230 244 
18000 250 241 244 
18000 251 
18000 252 234 257 
18000 253 236 246 
18000 254 224 256 
18000 255 259 
18000 256 231 254 
18000 257 237 252 
18000 258 225 260 
18000 259 6 255 
18000 260 247 258 
18000 261 229 
18000 262 0 
18000 263 0 5 
18000 264 0 
18000 265 0 
18000 266 0 5 
18000 267 0 
18000 268 0 
18000 269 0 
18000 270 0 
18000 271 0 5 
18000 272 0 
18000 273 0 5 
18000 274 0 
18000 275 0 
18000 276 0 5 
18000 277 0 
18000 278 0 
18000 279 0 5 
18000 280 0 
18000 281 0 
18000 282 0 
18000 283 0 5 
18000 284 0 
18000 285 0 
18000 286 0 5 
18000 287 0 
18000 288 0 
18000 289 0 5 
18000 290 0 
18000 291 0 
