0 21600
0 0 
0 1 3 4 37 41 45 48 264 267 268 274 277 280 284 288 
0 2 5 62 63 69 76 80 88 263 265 268 273 274 278 282 285 286 291 
0 3 1 97 102 108 111 262 267 270 273 275 280 282 285 289 
0 4 1 146 148 149 151 159 162 262 265 268 271 276 279 281 284 289 
0 5 2 176 178 185 190 194 197 198 263 266 271 273 276 279 283 286 289 
0 6 16 223 232 249 254 260 
0 7 27 38 40 
0 8 22 24 27 32 34 37 46 
0 9 51 81 88 91 92 
0 10 50 56 58 61 76 82 84 86 
0 11 101 
0 12 98 109 117 128 
0 13 143 144 146 150 157 
0 14 180 181 184 201 204 208 217 
0 15 176 186 191 209 211 217 
0 16 6 224 240 
0 17 227 260 
0 18 26 27 30 39 47 
0 19 23 33 
0 20 28 29 
0 21 33 46 
0 22 8 
0 23 19 
0 24 8 
0 25 31 34 
0 26 18 
0 27 7 8 18 35 
0 28 20 
0 29 20 33 
0 30 18 
0 31 25 44 
0 32 8 42 
0 33 19 21 29 
0 34 8 25 
0 35 27 
0 36 47 
0 37 1 8 43 
0 38 7 
0 39 18 
0 40 7 
0 41 1 
0 42 32 
0 43 37 
0 44 31 
0 45 1 
0 46 8 21 
0 47 18 36 
0 48 1 
0 49 
0 50 10 52 
0 51 9 
0 52 50 
0 53 56 85 
0 54 71 
0 55 68 76 
0 56 10 53 
0 57 
0 58 10 
0 59 
0 60 
0 61 10 67 71 
0 62 2 87 
0 63 2 93 
0 64 85 
0 65 87 
0 66 88 
0 67 61 
0 68 55 
0 69 2 
0 70 
0 71 54 61 75 
0 72 
0 73 
0 74 88 
0 75 71 90 
0 76 2 10 55 
0 77 
0 78 
0 79 
0 80 2 89 
0 81 9 
0 82 10 
0 83 
0 84 10 
0 85 53 64 
0 86 10 
0 87 62 65 
0 88 2 9 66 74 
0 89 80 
0 90 75 
0 91 9 
0 92 9 
0 93 63 
0 94 114 127 134 
0 95 109 
0 96 126 
0 97 3 119 
0 98 12 
0 99 105 
0 100 131 
0 101 11 128 
0 102 3 125 131 
0 103 114 
0 104 125 
0 105 99 109 
0 106 107 
0 107 106 123 128 
0 108 3 120 128 
0 109 12 95 105 118 133 
0 110 129 
0 111 3 
0 112 
0 113 130 131 
0 114 94 103 
0 115 128 
0 116 132 
0 117 12 
0 118 109 
0 119 97 
0 120 108 
0 121 
0 122 
0 123 107 
0 124 128 
0 125 102 104 
0 126 96 131 138 
0 127 94 
0 128 12 101 107 108 115 124 132 134 
0 129 110 138 
0 130 113 
0 131 100 102 113 126 
0 132 116 128 
0 133 109 
0 134 94 128 
0 135 
0 136 138 
0 137 
0 138 126 129 136 
0 139 147 152 
0 140 146 153 171 173 
0 141 142 144 163 
0 142 141 
0 143 13 155 161 170 
0 144 13 141 166 174 
0 145 147 149 
0 146 4 13 140 156 
0 147 139 145 158 160 
0 148 4 172 
0 149 4 145 168 
0 150 13 169 
0 151 4 164 
0 152 139 
0 153 140 
0 154 
0 155 143 
0 156 146 
0 157 13 
0 158 147 
0 159 4 
0 160 147 167 
0 161 143 
0 162 4 
0 163 141 
0 164 151 
0 165 169 
0 166 144 
0 167 160 
0 168 149 
0 169 150 165 
0 170 143 
0 171 140 
0 172 148 
0 173 140 
0 174 144 
0 175 188 197 210 220 
0 176 5 15 219 
0 177 206 
0 178 5 203 
0 179 184 
0 180 14 
0 181 14 
0 182 195 208 212 213 215 218 
0 183 
0 184 14 179 193 202 214 
0 185 5 206 216 
0 186 15 
0 187 189 213 
0 188 175 207 
0 189 187 
0 190 5 205 
0 191 15 
0 192 209 
0 193 184 
0 194 5 
0 195 182 
0 196 
0 197 5 175 
0 198 5 221 
0 199 206 
0 200 218 
0 201 14 
0 202 184 
0 203 178 
0 204 14 
0 205 190 
0 206 177 185 199 
0 207 188 
0 208 14 182 
0 209 15 192 
0 210 175 
0 211 15 
0 212 182 
0 213 182 187 
0 214 184 
0 215 182 
0 216 185 
0 217 14 15 
0 218 182 200 
0 219 176 
0 220 175 
0 221 198 
0 222 235 257 
0 223 6 247 255 
0 224 16 250 
0 225 258 
0 226 230 
0 227 17 244 
0 228 229 256 
0 229 228 
0 230 226 259 
0 231 233 245 260 
0 232 6 234 
0 233 231 
0 234 232 
0 235 222 
0 236 
0 237 240 
0 238 258 
0 239 260 
0 240 16 237 257 
0 241 258 
0 242 249 
0 243 256 
0 244 227 
0 245 231 
0 246 256 
0 247 223 
0 248 
0 249 6 242 
0 250 224 
0 251 
0 252 257 
0 253 257 
0 254 6 
0 255 223 
0 256 228 243 246 257 258 
0 257 222 240 252 253 256 259 
0 258 225 238 241 256 
0 259 230 257 
0 260 6 17 231 239 
0 261 
0 262 3 4 
0 263 2 5 
0 264 1 
0 265 2 4 
0 266 5 
0 267 1 3 
0 268 1 2 4 
0 270 3 
0 271 4 5 
0 273 2 3 5 
0 274 1 2 
0 275 3 
0 276 4 5 
0 277 1 
0 278 2 
0 279 4 5 
0 280 1 3 
0 281 4 
0 282 2 3 
0 283 5 
0 284 1 4 
0 285 2 3 
0 286 2 5 
0 288 1 
0 289 3 4 5 
0 291 2 
1800 0 
1800 1 6 31 41 42 264 267 268 274 277 280 284 288 
1800 2 50 56 64 66 80 
1800 3 12 128 130 133 
1800 4 143 148 
1800 5 187 196 203 204 209 217 
1800 6 1 224 264 267 269 272 276 279 281 286 287 290 
1800 7 8 21 30 38 
1800 8 7 18 
1800 9 51 56 60 69 75 
1800 10 61 66 86 91 
1800 11 105 120 
1800 12 3 97 115 132 
1800 13 150 152 154 168 170 172 173 
1800 14 211 
1800 15 188 198 204 211 
1800 16 227 231 232 238 239 
1800 17 223 229 231 245 258 
1800 18 8 29 32 39 48 
1800 19 
1800 20 32 40 45 46 
1800 21 7 23 31 
1800 22 24 33 37 40 
1800 23 21 
1800 24 22 26 
1800 25 
1800 26 24 27 34 
1800 27 26 
1800 28 31 
1800 29 18 
1800 30 7 47 
1800 31 1 21 28 44 
1800 32 18 20 
1800 33 22 
1800 34 26 35 
1800 35 34 
1800 36 46 
1800 37 22 
1800 38 7 
1800 39 18 
1800 40 20 22 
1800 41 1 
1800 42 1 43 
1800 43 42 
1800 44 31 
1800 45 20 
1800 46 20 36 
1800 47 30 
1800 48 18 
1800 49 50 52 53 55 76 82 
1800 50 2 49 
1800 51 9 74 84 
1800 52 49 
1800 53 49 85 
1800 54 65 
1800 55 49 68 72 83 89 
1800 56 2 9 57 79 
1800 57 56 
1800 58 72 88 92 
1800 59 
1800 60 9 
1800 61 10 65 67 71 
1800 62 66 
1800 63 71 
1800 64 2 
1800 65 54 61 78 
1800 66 2 10 62 81 
1800 67 61 
1800 68 55 
1800 69 9 90 
1800 70 78 
1800 71 61 63 
1800 72 55 58 
1800 73 
1800 74 51 
1800 75 9 93 
1800 76 49 
1800 77 82 
1800 78 65 70 
1800 79 56 
1800 80 2 
1800 81 66 
1800 82 49 77 
1800 83 55 
1800 84 51 
1800 85 53 
1800 86 10 
1800 87 
1800 88 58 
1800 89 55 
1800 90 69 
1800 91 10 
1800 92 58 
1800 93 75 
1800 94 132 135 
1800 95 118 
1800 96 116 123 127 
1800 97 12 
1800 98 
1800 99 138 
1800 100 
1800 101 107 138 
1800 102 113 133 
1800 103 112 
1800 104 113 
1800 105 11 106 117 135 
1800 106 105 124 
1800 107 101 136 
1800 108 110 
1800 109 114 126 
1800 110 108 132 
1800 111 131 
1800 112 103 123 
1800 113 102 104 
1800 114 109 
1800 115 12 
1800 116 96 
1800 117 105 
1800 118 95 138 
1800 119 128 
1800 120 11 
1800 121 122 
1800 122 121 
1800 123 96 112 
1800 124 106 
1800 125 128 
1800 126 109 128 131 
1800 127 96 135 
1800 128 3 119 125 126 
1800 129 134 
1800 130 3 
1800 131 111 126 
1800 132 12 94 110 
1800 133 3 102 138 
1800 134 129 136 
1800 135 94 105 127 
1800 136 107 134 
1800 137 
1800 138 99 101 118 133 
1800 139 172 
1800 140 147 164 171 
1800 141 157 
1800 142 158 159 
1800 143 4 173 
1800 144 153 157 160 162 166 167 170 
1800 145 159 163 164 
1800 146 152 163 
1800 147 140 155 165 
1800 148 4 149 151 
1800 149 148 156 
1800 150 13 
1800 151 148 161 
1800 152 13 146 
1800 153 144 
1800 154 13 
1800 155 147 
1800 156 149 
1800 157 141 144 
1800 158 142 
1800 159 142 145 
1800 160 144 
1800 161 151 
1800 162 144 
1800 163 145 146 169 
1800 164 140 145 174 
1800 165 147 
1800 166 144 
1800 167 144 
1800 168 13 
1800 169 163 
1800 170 13 144 
1800 171 140 
1800 172 13 139 
1800 173 13 143 
1800 174 164 
1800 175 179 180 181 186 191 194 211 
1800 176 184 191 199 
1800 177 203 219 
1800 178 
1800 179 175 192 
1800 180 175 190 197 
1800 181 175 221 
1800 182 208 211 214 
1800 183 
1800 184 176 193 206 220 
1800 185 190 
1800 186 175 207 
1800 187 5 
1800 188 15 202 215 
1800 189 
1800 190 180 185 
1800 191 175 176 205 212 
1800 192 179 
1800 193 184 
1800 194 175 216 
1800 195 206 
1800 196 5 
1800 197 180 
1800 198 15 
1800 199 176 
1800 200 206 
1800 201 214 
1800 202 188 
1800 203 5 177 
1800 204 5 15 
1800 205 191 
1800 206 184 195 200 
1800 207 186 
1800 208 182 
1800 209 5 
1800 210 214 
1800 211 14 15 175 182 
1800 212 191 218 
1800 213 
1800 214 182 201 210 
1800 215 188 
1800 216 194 
1800 217 5 
1800 218 212 
1800 219 177 
1800 220 184 
1800 221 181 
1800 222 241 256 
1800 223 17 233 
1800 224 6 241 242 
1800 225 
1800 226 258 260 
1800 227 16 
1800 228 260 
1800 229 17 235 240 251 
1800 230 
1800 231 16 17 259 
1800 232 16 
1800 233 223 261 
1800 234 
1800 235 229 
1800 236 250 
1800 237 259 
1800 238 16 
1800 239 16 
1800 240 229 
1800 241 222 224 
1800 242 224 
1800 243 
1800 244 253 
1800 245 17 257 
1800 246 260 
1800 247 256 257 
1800 248 
1800 249 258 
1800 250 236 253 
1800 251 229 
1800 252 257 
1800 253 244 250 258 
1800 254 258 
1800 255 
1800 256 222 247 
1800 257 245 247 252 
1800 258 17 226 249 253 254 
1800 259 231 237 
1800 260 226 228 246 
1800 261 233 
1800 264 1 6 
1800 267 1 6 
1800 268 1 
1800 269 6 
1800 272 6 
1800 274 1 
1800 276 6 
1800 277 1 
1800 279 6 
1800 280 1 
1800 281 6 
1800 284 1 
1800 286 6 
1800 287 6 
1800 288 1 
1800 290 6 
3600 0 1 2 262 263 264 265 266 267 268 269 270 271 272 273 274 275 276 277 278 279 280 281 282 283 284 285 286 287 288 289 290 291 
3600 1 0 18 31 36 37 264 267 268 274 277 280 284 288 
3600 2 0 71 75 88 263 265 268 273 274 278 282 285 286 291 
3600 3 97 117 120 122 131 135 
3600 4 173 
3600 5 177 178 179 188 190 193 209 210 221 
3600 6 17 222 224 227 238 257 
3600 7 29 35 47 
3600 8 38 45 47 
3600 9 56 66 80 81 91 93 
3600 10 80 82 89 
3600 11 108 130 
3600 12 94 109 113 131 
3600 13 141 151 161 163 173 174 
3600 14 15 177 185 186 204 211 
3600 15 14 
3600 16 225 229 247 249 260 
3600 17 6 246 258 
3600 18 1 20 22 27 32 34 
3600 19 46 
3600 20 18 45 
3600 21 
3600 22 18 41 
3600 23 35 
3600 24 29 33 
3600 25 47 
3600 26 28 38 46 
3600 27 18 30 
3600 28 26 
3600 29 7 24 
3600 30 27 
3600 31 1 
3600 32 18 42 
3600 33 24 44 
3600 34 18 
3600 35 7 23 40 
3600 36 1 39 
3600 37 1 43 
3600 38 8 26 48 
3600 39 36 
3600 40 35 
3600 41 22 
3600 42 32 
3600 43 37 
3600 44 33 
3600 45 8 20 
3600 46 19 26 
3600 47 7 8 25 
3600 48 38 
3600 49 64 72 
3600 50 55 56 57 64 
3600 51 52 71 93 
3600 52 51 79 
3600 53 
3600 54 70 
3600 55 50 68 84 86 
3600 56 9 50 
3600 57 50 
3600 58 62 67 81 83 
3600 59 
3600 60 
3600 61 65 
3600 62 58 78 
3600 63 64 90 
3600 64 49 50 63 85 
3600 65 61 67 
3600 66 9 
3600 67 58 65 74 
3600 68 55 69 
3600 69 68 77 
3600 70 54 75 87 
3600 71 2 51 
3600 72 49 
3600 73 
3600 74 67 
3600 75 2 70 
3600 76 
3600 77 69 
3600 78 62 
3600 79 52 
3600 80 9 10 
3600 81 9 58 
3600 82 10 
3600 83 58 
3600 84 55 
3600 85 64 
3600 86 55 
3600 87 70 
3600 88 2 
3600 89 10 
3600 90 63 
3600 91 9 
3600 92 93 
3600 93 9 51 92 
3600 94 12 105 129 
3600 95 
3600 96 107 
3600 97 3 
3600 98 124 128 
3600 99 115 118 
3600 100 122 
3600 101 104 111 133 
3600 102 135 
3600 103 131 
3600 104 101 
3600 105 94 
3600 106 111 
3600 107 96 114 130 
3600 108 11 128 
3600 109 12 
3600 110 131 
3600 111 101 106 123 127 
3600 112 120 138 
3600 113 12 
3600 114 107 125 136 
3600 115 99 131 
3600 116 
3600 117 3 
3600 118 99 
3600 119 131 133 
3600 120 3 112 
3600 121 
3600 122 3 100 
3600 123 111 
3600 124 98 
3600 125 114 
3600 126 128 135 
3600 127 111 
3600 128 98 108 126 
3600 129 94 
3600 130 11 107 132 
3600 131 3 12 103 110 115 119 134 
3600 132 130 
3600 133 101 119 
3600 134 131 
3600 135 3 102 126 
3600 136 114 
3600 137 
3600 138 112 
3600 139 
3600 140 156 166 
3600 141 13 142 167 
3600 142 141 160 
3600 143 153 173 
3600 144 172 
3600 145 148 153 155 156 158 169 171 
3600 146 160 172 
3600 147 155 165 
3600 148 145 162 168 
3600 149 160 
3600 150 152 157 162 
3600 151 13 159 
3600 152 150 
3600 153 143 145 154 
3600 154 153 
3600 155 145 147 170 
3600 156 140 145 
3600 157 150 
3600 158 145 
3600 159 151 
3600 160 142 146 149 
3600 161 13 
3600 162 148 150 
3600 163 13 
3600 164 
3600 165 147 
3600 166 140 
3600 167 141 
3600 168 148 
3600 169 145 
3600 170 155 
3600 171 145 
3600 172 144 146 
3600 173 4 13 143 
3600 174 13 
3600 175 176 204 205 
3600 176 175 207 208 216 
3600 177 5 14 220 
3600 178 5 187 189 
3600 179 5 212 
3600 180 191 204 214 219 
3600 181 193 198 
3600 182 193 197 206 215 
3600 183 
3600 184 207 
3600 185 14 203 
3600 186 14 
3600 187 178 
3600 188 5 
3600 189 178 
3600 190 5 
3600 191 180 
3600 192 210 
3600 193 5 181 182 201 
3600 194 199 200 211 
3600 195 197 
3600 196 
3600 197 182 195 
3600 198 181 
3600 199 194 
3600 200 194 
3600 201 193 
3600 202 
3600 203 185 
3600 204 14 175 180 
3600 205 175 
3600 206 182 218 
3600 207 176 184 
3600 208 176 
3600 209 5 
3600 210 5 192 
3600 211 14 194 
3600 212 179 
3600 213 
3600 214 180 
3600 215 182 
3600 216 176 
3600 217 
3600 218 206 
3600 219 180 
3600 220 177 
3600 221 5 
3600 222 6 
3600 223 238 
3600 224 6 243 
3600 225 16 
3600 226 235 256 257 
3600 227 6 245 
3600 228 258 
3600 229 16 
3600 230 256 
3600 231 258 
3600 232 238 
3600 233 254 261 
3600 234 
3600 235 226 
3600 236 
3600 237 
3600 238 6 223 232 
3600 239 244 260 
3600 240 260 
3600 241 258 
3600 242 260 
3600 243 224 
3600 244 239 
3600 245 227 
3600 246 17 
3600 247 16 
3600 248 252 
3600 249 16 
3600 250 257 
3600 251 257 
3600 252 248 255 257 
3600 253 256 
3600 254 233 256 
3600 255 252 
3600 256 226 230 253 254 
3600 257 6 226 250 251 252 260 
3600 258 17 228 231 241 259 
3600 259 258 
3600 260 16 239 240 242 257 
3600 261 233 
3600 262 0 
3600 263 0 2 
3600 264 0 1 
3600 265 0 2 
3600 266 0 
3600 267 0 1 
3600 268 0 1 2 
3600 269 0 
3600 270 0 
3600 271 0 
3600 272 0 
3600 273 0 2 
3600 274 0 1 2 
3600 275 0 
3600 276 0 
3600 277 0 1 
3600 278 0 2 
3600 279 0 
3600 280 0 1 
3600 281 0 
3600 282 0 2 
3600 283 0 
3600 284 0 1 
3600 285 0 2 
3600 286 0 2 
3600 287 0 
3600 288 0 1 
3600 289 0 
3600 290 0 
3600 291 0 2 
5400 0 1 262 263 264 265 266 267 268 269 270 271 272 273 274 275 276 277 278 279 280 281 282 283 284 285 286 287 288 289 290 291 
5400 1 0 3 30 35 44 264 267 268 274 277 280 284 288 
5400 2 4 49 50 51 75 81 89 263 265 268 273 274 278 282 285 286 291 
5400 3 1 94 100 101 262 267 270 273 275 280 282 285 289 
5400 4 2 141 148 161 164 262 265 268 271 276 279 281 284 289 
5400 5 6 178 186 197 221 263 266 271 273 276 279 283 286 289 
5400 6 5 224 233 246 259 264 267 269 272 276 279 281 286 287 290 
5400 7 19 
5400 8 19 26 29 30 32 37 45 
5400 9 49 92 
5400 10 50 61 64 69 86 91 
5400 11 122 131 
5400 12 109 
5400 13 141 157 169 172 
5400 14 183 211 212 217 
5400 15 183 221 
5400 16 223 240 258 
5400 17 226 247 259 
5400 18 24 37 43 48 
5400 19 7 8 
5400 20 37 
5400 21 
5400 22 47 
5400 23 30 
5400 24 18 33 36 
5400 25 32 34 41 
5400 26 8 31 
5400 27 33 42 
5400 28 
5400 29 8 38 40 
5400 30 1 8 23 46 47 
5400 31 26 
5400 32 8 25 
5400 33 24 27 
5400 34 25 
5400 35 1 
5400 36 24 
5400 37 8 18 20 
5400 38 29 
5400 39 40 
5400 40 29 39 
5400 41 25 
5400 42 27 
5400 43 18 
5400 44 1 
5400 45 8 
5400 46 30 
5400 47 22 30 
5400 48 18 
5400 49 2 9 66 
5400 50 2 10 53 68 
5400 51 2 58 65 83 84 
5400 52 53 
5400 53 50 52 80 93 
5400 54 71 73 
5400 55 86 88 
5400 56 84 
5400 57 89 
5400 58 51 71 74 79 
5400 59 76 
5400 60 63 
5400 61 10 67 
5400 62 76 79 
5400 63 60 67 
5400 64 10 90 
5400 65 51 87 
5400 66 49 
5400 67 61 63 
5400 68 50 
5400 69 10 
5400 70 
5400 71 54 58 
5400 72 
5400 73 54 
5400 74 58 
5400 75 2 
5400 76 59 62 77 
5400 77 76 
5400 78 
5400 79 58 62 
5400 80 53 
5400 81 2 
5400 82 
5400 83 51 
5400 84 51 56 
5400 85 
5400 86 10 55 
5400 87 65 
5400 88 55 
5400 89 2 57 
5400 90 64 
5400 91 10 
5400 92 9 
5400 93 53 
5400 94 3 121 
5400 95 118 124 
5400 96 108 114 117 127 
5400 97 107 119 128 130 
5400 98 130 132 
5400 99 132 
5400 100 3 109 120 130 134 138 
5400 101 3 102 104 110 
5400 102 101 
5400 103 
5400 104 101 
5400 105 128 
5400 106 
5400 107 97 
5400 108 96 113 128 
5400 109 12 100 
5400 110 101 
5400 111 125 
5400 112 131 
5400 113 108 118 
5400 114 96 
5400 115 131 
5400 116 132 
5400 117 96 
5400 118 95 113 
5400 119 97 
5400 120 100 
5400 121 94 
5400 122 11 
5400 123 131 
5400 124 95 
5400 125 111 134 
5400 126 131 
5400 127 96 
5400 128 97 105 108 135 
5400 129 
5400 130 97 98 100 
5400 131 11 112 115 123 126 135 
5400 132 98 99 116 
5400 133 
5400 134 100 125 
5400 135 128 131 
5400 136 
5400 137 
5400 138 100 
5400 139 145 
5400 140 144 148 156 162 
5400 141 4 13 
5400 142 151 158 
5400 143 145 149 153 159 
5400 144 140 166 
5400 145 139 143 147 
5400 146 165 172 174 
5400 147 145 164 173 
5400 148 4 140 154 170 
5400 149 143 150 155 158 
5400 150 149 163 
5400 151 142 160 171 
5400 152 
5400 153 143 
5400 154 148 
5400 155 149 
5400 156 140 168 
5400 157 13 
5400 158 142 149 
5400 159 143 
5400 160 151 
5400 161 4 
5400 162 140 
5400 163 150 
5400 164 4 147 
5400 165 146 
5400 166 144 
5400 167 
5400 168 156 
5400 169 13 
5400 170 148 
5400 171 151 
5400 172 13 146 
5400 173 147 
5400 174 146 
5400 175 199 204 
5400 176 181 182 197 198 203 205 216 219 220 
5400 177 178 184 199 210 214 215 
5400 178 5 177 193 196 207 
5400 179 188 209 216 
5400 180 185 187 188 
5400 181 176 
5400 182 176 
5400 183 14 15 
5400 184 177 194 213 
5400 185 180 195 
5400 186 5 
5400 187 180 201 
5400 188 179 180 190 218 
5400 189 
5400 190 188 
5400 191 196 208 
5400 192 
5400 193 178 
5400 194 184 206 
5400 195 185 
5400 196 178 191 
5400 197 5 176 
5400 198 176 
5400 199 175 177 
5400 200 
5400 201 187 
5400 202 
5400 203 176 
5400 204 175 
5400 205 176 
5400 206 194 
5400 207 178 
5400 208 191 
5400 209 179 
5400 210 177 
5400 211 14 
5400 212 14 
5400 213 184 
5400 214 177 
5400 215 177 
5400 216 176 179 
5400 217 14 
5400 218 188 
5400 219 176 
5400 220 176 
5400 221 5 15 
5400 222 231 249 256 258 
5400 223 16 227 239 241 
5400 224 6 261 
5400 225 255 
5400 226 17 229 
5400 227 223 
5400 228 230 232 
5400 229 226 
5400 230 228 248 
5400 231 222 
5400 232 228 255 259 
5400 233 6 
5400 234 
5400 235 259 
5400 236 
5400 237 257 
5400 238 259 
5400 239 223 
5400 240 16 
5400 241 223 
5400 242 256 
5400 243 248 
5400 244 257 
5400 245 246 
5400 246 6 245 258 
5400 247 17 
5400 248 230 243 
5400 249 222 
5400 250 259 
5400 251 
5400 252 259 
5400 253 259 
5400 254 256 
5400 255 225 232 
5400 256 222 242 254 
5400 257 237 244 259 
5400 258 16 222 246 260 
5400 259 6 17 232 235 238 250 252 253 257 
5400 260 258 
5400 261 224 
5400 262 0 3 4 
5400 263 0 2 5 
5400 264 0 1 6 
5400 265 0 2 4 
5400 266 0 5 
5400 267 0 1 3 6 
5400 268 0 1 2 4 
5400 269 0 6 
5400 270 0 3 
5400 271 0 4 5 
5400 272 0 6 
5400 273 0 2 3 5 
5400 274 0 1 2 
5400 275 0 3 
5400 276 0 4 5 6 
5400 277 0 1 
5400 278 0 2 
5400 279 0 4 5 6 
5400 280 0 1 3 
5400 281 0 4 6 
5400 282 0 2 3 
5400 283 0 5 
5400 284 0 1 4 
5400 285 0 2 3 
5400 286 0 2 5 6 
5400 287 0 6 
5400 288 0 1 
5400 289 0 3 4 5 
5400 290 0 6 
5400 291 0 2 
7200 0 5 262 263 264 265 266 267 268 269 270 271 272 273 274 275 276 277 278 279 280 281 282 283 284 285 286 287 288 289 290 291 
7200 1 3 6 30 33 34 36 45 264 267 268 274 277 280 284 288 
7200 2 5 9 61 67 76 80 83 84 263 265 268 273 274 278 282 285 286 291 
7200 3 1 111 114 135 138 262 267 270 273 275 280 282 285 289 
7200 4 143 155 161 165 170 
7200 5 0 2 203 204 205 206 209 212 214 217 221 263 266 271 273 276 279 283 286 289 
7200 6 1 239 245 253 264 267 269 272 276 279 281 286 287 290 
7200 7 32 46 
7200 8 34 46 
7200 9 2 10 62 64 66 81 82 93 
7200 10 9 53 58 69 71 74 88 90 
7200 11 96 98 105 108 131 
7200 12 94 103 132 
7200 13 152 162 168 
7200 14 181 191 210 217 220 
7200 15 180 212 215 
7200 16 233 240 246 
7200 17 241 256 
7200 18 21 22 
7200 19 
7200 20 38 
7200 21 18 27 
7200 22 18 38 39 41 
7200 23 
7200 24 37 47 
7200 25 28 38 
7200 26 35 41 48 
7200 27 21 
7200 28 25 
7200 29 31 35 43 
7200 30 1 47 
7200 31 29 33 40 
7200 32 7 
7200 33 1 31 
7200 34 1 8 
7200 35 26 29 
7200 36 1 
7200 37 24 
7200 38 20 22 25 44 
7200 39 22 
7200 40 31 
7200 41 22 26 
7200 42 44 
7200 43 29 
7200 44 38 42 
7200 45 1 
7200 46 7 8 
7200 47 24 30 
7200 48 26 
7200 49 67 
7200 50 58 
7200 51 55 67 
7200 52 61 
7200 53 10 86 87 
7200 54 63 
7200 55 51 65 
7200 56 84 
7200 57 66 
7200 58 10 50 89 
7200 59 62 
7200 60 
7200 61 2 52 
7200 62 9 59 
7200 63 54 81 92 
7200 64 9 
7200 65 55 
7200 66 9 57 
7200 67 2 49 51 
7200 68 72 91 
7200 69 10 72 
7200 70 75 
7200 71 10 
7200 72 68 69 
7200 73 
7200 74 10 
7200 75 70 80 
7200 76 2 
7200 77 
7200 78 
7200 79 
7200 80 2 75 
7200 81 9 63 
7200 82 9 
7200 83 2 
7200 84 2 56 
7200 85 
7200 86 53 
7200 87 53 
7200 88 10 
7200 89 58 
7200 90 10 
7200 91 68 
7200 92 63 
7200 93 9 
7200 94 12 
7200 95 99 108 
7200 96 11 97 
7200 97 96 
7200 98 11 
7200 99 95 
7200 100 126 128 131 
7200 101 128 
7200 102 133 
7200 103 12 119 122 
7200 104 123 
7200 105 11 
7200 106 117 
7200 107 130 134 
7200 108 11 95 113 
7200 109 111 117 
7200 110 131 
7200 111 3 109 
7200 112 136 
7200 113 108 
7200 114 3 
7200 115 124 128 
7200 116 
7200 117 106 109 
7200 118 
7200 119 103 
7200 120 133 
7200 121 135 
7200 122 103 
7200 123 104 132 
7200 124 115 
7200 125 131 
7200 126 100 
7200 127 132 
7200 128 100 101 115 132 134 
7200 129 
7200 130 107 
7200 131 11 100 110 125 133 138 
7200 132 12 123 127 128 
7200 133 102 120 131 
7200 134 107 128 
7200 135 3 121 
7200 136 112 
7200 137 
7200 138 3 131 
7200 139 
7200 140 159 164 
7200 141 147 
7200 142 150 158 169 
7200 143 4 152 164 
7200 144 161 
7200 145 160 164 
7200 146 147 148 162 171 
7200 147 141 146 149 174 
7200 148 146 150 154 
7200 149 147 
7200 150 142 148 151 
7200 151 150 157 163 173 
7200 152 13 143 
7200 153 166 
7200 154 148 
7200 155 4 
7200 156 
7200 157 151 166 
7200 158 142 
7200 159 140 
7200 160 145 
7200 161 4 144 
7200 162 13 146 
7200 163 151 
7200 164 140 143 145 172 
7200 165 4 
7200 166 153 157 
7200 167 
7200 168 13 
7200 169 142 
7200 170 4 
7200 171 146 
7200 172 164 
7200 173 151 
7200 174 147 
7200 175 190 197 210 216 
7200 176 177 179 196 221 
7200 177 176 202 
7200 178 181 185 187 
7200 179 176 192 194 198 207 
7200 180 15 201 
7200 181 14 178 211 
7200 182 197 
7200 183 202 
7200 184 185 195 
7200 185 178 184 200 
7200 186 199 211 
7200 187 178 193 208 213 
7200 188 190 
7200 189 204 
7200 190 175 188 
7200 191 14 219 
7200 192 179 
7200 193 187 
7200 194 179 
7200 195 184 
7200 196 176 
7200 197 175 182 
7200 198 179 
7200 199 186 
7200 200 185 
7200 201 180 
7200 202 177 183 
7200 203 5 
7200 204 5 189 
7200 205 5 
7200 206 5 
7200 207 179 218 
7200 208 187 
7200 209 5 
7200 210 14 175 
7200 211 181 186 
7200 212 5 15 
7200 213 187 
7200 214 5 
7200 215 15 
7200 216 175 
7200 217 5 14 
7200 218 207 
7200 219 191 
7200 220 14 
7200 221 5 176 
7200 222 239 240 258 
7200 223 243 
7200 224 231 244 258 
7200 225 
7200 226 254 260 
7200 227 238 260 
7200 228 256 
7200 229 
7200 230 235 256 
7200 231 224 
7200 232 255 
7200 233 16 247 
7200 234 243 
7200 235 230 
7200 236 258 
7200 237 
7200 238 227 
7200 239 6 222 
7200 240 16 222 
7200 241 17 249 
7200 242 258 
7200 243 223 234 257 
7200 244 224 
7200 245 6 
7200 246 16 252 255 
7200 247 233 
7200 248 
7200 249 241 
7200 250 256 260 
7200 251 
7200 252 246 
7200 253 6 
7200 254 226 
7200 255 232 246 
7200 256 17 228 230 250 257 261 
7200 257 243 256 
7200 258 222 224 236 242 259 261 
7200 259 258 
7200 260 226 227 250 
7200 261 256 258 
7200 262 0 3 
7200 263 0 2 5 
7200 264 0 1 6 
7200 265 0 2 
7200 266 0 5 
7200 267 0 1 3 6 
7200 268 0 1 2 
7200 269 0 6 
7200 270 0 3 
7200 271 0 5 
7200 272 0 6 
7200 273 0 2 3 5 
7200 274 0 1 2 
7200 275 0 3 
7200 276 0 5 6 
7200 277 0 1 
7200 278 0 2 
7200 279 0 5 6 
7200 280 0 1 3 
7200 281 0 6 
7200 282 0 2 3 
7200 283 0 5 
7200 284 0 1 
7200 285 0 2 3 
7200 286 0 2 5 6 
7200 287 0 6 
7200 288 0 1 
7200 289 0 3 5 
7200 290 0 6 
7200 291 0 2 
9000 0 1 262 263 264 265 266 267 268 269 270 271 272 273 274 275 276 277 278 279 280 281 282 283 284 285 286 287 288 289 290 291 
9000 1 0 2 6 19 20 22 35 264 267 268 274 277 280 284 288 
9000 2 1 3 64 75 76 86 263 265 268 273 274 278 282 285 286 291 
9000 3 2 4 110 113 114 119 123 125 262 267 270 273 275 280 282 285 289 
9000 4 3 140 150 157 162 171 262 265 268 271 276 279 281 284 289 
9000 5 177 187 207 209 210 212 216 
9000 6 1 224 259 264 267 269 272 276 279 281 286 287 290 
9000 7 19 36 46 
9000 8 30 36 38 
9000 9 51 53 55 61 69 72 76 
9000 10 53 62 63 82 92 93 
9000 11 111 132 138 
9000 12 107 136 
9000 13 152 163 
9000 14 178 187 206 
9000 15 178 185 188 190 205 
9000 16 229 238 241 256 260 
9000 17 226 227 228 
9000 18 19 33 42 
9000 19 1 7 18 31 34 
9000 20 1 32 
9000 21 24 35 41 
9000 22 1 40 44 48 
9000 23 
9000 24 21 27 
9000 25 47 
9000 26 
9000 27 24 
9000 28 
9000 29 42 47 
9000 30 8 
9000 31 19 
9000 32 20 45 
9000 33 18 
9000 34 19 
9000 35 1 21 
9000 36 7 8 37 43 
9000 37 36 
9000 38 8 
9000 39 48 
9000 40 22 
9000 41 21 
9000 42 18 29 
9000 43 36 
9000 44 22 
9000 45 32 
9000 46 7 
9000 47 25 29 
9000 48 22 39 
9000 49 53 56 66 79 85 
9000 50 71 74 76 
9000 51 9 68 80 
9000 52 86 
9000 53 9 10 49 58 84 
9000 54 84 
9000 55 9 65 
9000 56 49 
9000 57 
9000 58 53 91 
9000 59 72 
9000 60 
9000 61 9 83 89 
9000 62 10 
9000 63 10 
9000 64 2 
9000 65 55 
9000 66 49 
9000 67 83 88 
9000 68 51 
9000 69 9 90 
9000 70 
9000 71 50 
9000 72 9 59 77 
9000 73 87 
9000 74 50 
9000 75 2 
9000 76 2 9 50 
9000 77 72 
9000 78 80 
9000 79 49 
9000 80 51 78 
9000 81 
9000 82 10 
9000 83 61 67 
9000 84 53 54 
9000 85 49 
9000 86 2 52 
9000 87 73 
9000 88 67 
9000 89 61 
9000 90 69 
9000 91 58 
9000 92 10 
9000 93 10 
9000 94 127 133 
9000 95 121 
9000 96 115 120 
9000 97 130 
9000 98 125 134 
9000 99 105 
9000 100 131 
9000 101 132 
9000 102 107 
9000 103 130 
9000 104 113 
9000 105 99 
9000 106 
9000 107 12 102 
9000 108 128 
9000 109 130 
9000 110 3 128 
9000 111 11 
9000 112 135 
9000 113 3 104 
9000 114 3 
9000 115 96 130 
9000 116 124 
9000 117 134 
9000 118 123 
9000 119 3 
9000 120 96 
9000 121 95 135 
9000 122 135 
9000 123 3 118 
9000 124 116 128 
9000 125 3 98 
9000 126 130 138 
9000 127 94 
9000 128 108 110 124 131 138 
9000 129 138 
9000 130 97 103 109 115 126 133 135 
9000 131 100 128 136 
9000 132 11 101 
9000 133 94 130 
9000 134 98 117 
9000 135 112 121 122 130 
9000 136 12 131 
9000 137 
9000 138 11 126 128 129 
9000 139 155 
9000 140 4 144 149 161 169 170 
9000 141 145 
9000 142 160 162 
9000 143 
9000 144 140 165 168 
9000 145 141 149 
9000 146 149 173 
9000 147 148 152 159 164 
9000 148 147 162 166 
9000 149 140 145 146 151 156 174 
9000 150 4 
9000 151 149 155 172 
9000 152 13 147 
9000 153 
9000 154 169 
9000 155 139 151 
9000 156 149 
9000 157 4 
9000 158 
9000 159 147 
9000 160 142 
9000 161 140 
9000 162 4 142 148 
9000 163 13 
9000 164 147 
9000 165 144 
9000 166 148 
9000 167 
9000 168 144 
9000 169 140 154 
9000 170 140 
9000 171 4 
9000 172 151 
9000 173 146 
9000 174 149 
9000 175 179 180 205 208 
9000 176 187 211 
9000 177 5 196 
9000 178 14 15 182 194 197 198 203 
9000 179 175 200 215 218 221 
9000 180 175 193 
9000 181 188 199 
9000 182 178 
9000 183 
9000 184 203 
9000 185 15 
9000 186 197 
9000 187 5 14 176 204 220 
9000 188 15 181 195 
9000 189 198 
9000 190 15 214 
9000 191 
9000 192 
9000 193 180 
9000 194 178 
9000 195 188 
9000 196 177 
9000 197 178 186 
9000 198 178 189 201 
9000 199 181 
9000 200 179 
9000 201 198 
9000 202 
9000 203 178 184 
9000 204 187 213 
9000 205 15 175 
9000 206 14 219 
9000 207 5 
9000 208 175 
9000 209 5 
9000 210 5 
9000 211 176 
9000 212 5 
9000 213 204 
9000 214 190 
9000 215 179 
9000 216 5 
9000 217 
9000 218 179 
9000 219 206 
9000 220 187 
9000 221 179 
9000 222 230 248 255 256 
9000 223 247 257 
9000 224 6 232 235 236 242 258 
9000 225 256 
9000 226 17 240 
9000 227 17 
9000 228 17 253 257 258 
9000 229 16 
9000 230 222 
9000 231 234 244 251 259 
9000 232 224 
9000 233 259 
9000 234 231 
9000 235 224 
9000 236 224 261 
9000 237 
9000 238 16 257 
9000 239 257 
9000 240 226 
9000 241 16 
9000 242 224 
9000 243 245 
9000 244 231 
9000 245 243 258 
9000 246 258 
9000 247 223 
9000 248 222 
9000 249 257 
9000 250 256 
9000 251 231 
9000 252 257 
9000 253 228 
9000 254 259 
9000 255 222 
9000 256 16 222 225 250 
9000 257 223 228 238 239 249 252 
9000 258 224 228 245 246 
9000 259 6 231 233 254 
9000 260 16 
9000 261 236 
9000 262 0 3 4 
9000 263 0 2 
9000 264 0 1 6 
9000 265 0 2 4 
9000 266 0 
9000 267 0 1 3 6 
9000 268 0 1 2 4 
9000 269 0 6 
9000 270 0 3 
9000 271 0 4 
9000 272 0 6 
9000 273 0 2 3 
9000 274 0 1 2 
9000 275 0 3 
9000 276 0 4 6 
9000 277 0 1 
9000 278 0 2 
9000 279 0 4 6 
9000 280 0 1 3 
9000 281 0 4 6 
9000 282 0 2 3 
9000 283 0 
9000 284 0 1 4 
9000 285 0 2 3 
9000 286 0 2 6 
9000 287 0 6 
9000 288 0 1 
9000 289 0 3 4 
9000 290 0 6 
9000 291 0 2 
10800 0 
10800 1 4 27 35 36 40 42 47 48 264 267 268 274 277 280 284 288 
10800 2 53 64 65 71 89 91 92 
10800 3 4 97 102 115 133 262 267 270 273 275 280 282 285 289 
10800 4 1 3 142 143 152 155 164 262 265 268 271 276 279 281 284 289 
10800 5 175 188 197 208 215 
10800 6 17 246 251 256 
10800 7 22 
10800 8 31 37 38 46 
10800 9 53 61 74 75 
10800 10 71 
10800 11 126 133 138 
10800 12 120 134 
10800 13 140 146 148 155 156 162 169 
10800 14 205 
10800 15 180 186 197 210 211 216 221 
10800 16 226 240 247 249 256 
10800 17 6 227 244 
10800 18 20 36 44 
10800 19 24 35 
10800 20 18 
10800 21 41 
10800 22 7 34 41 
10800 23 35 
10800 24 19 30 41 
10800 25 26 38 45 
10800 26 25 40 
10800 27 1 
10800 28 
10800 29 41 
10800 30 24 
10800 31 8 
10800 32 33 34 
10800 33 32 
10800 34 22 32 
10800 35 1 19 23 
10800 36 1 18 43 
10800 37 8 
10800 38 8 25 
10800 39 46 
10800 40 1 26 
10800 41 21 22 24 29 
10800 42 1 
10800 43 36 
10800 44 18 
10800 45 25 
10800 46 8 39 
10800 47 1 
10800 48 1 
10800 49 74 
10800 50 55 67 68 86 
10800 51 52 54 80 91 93 
10800 52 51 
10800 53 2 9 84 
10800 54 51 87 
10800 55 50 62 
10800 56 57 75 76 
10800 57 56 
10800 58 72 74 82 
10800 59 
10800 60 
10800 61 9 63 67 
10800 62 55 66 
10800 63 61 88 
10800 64 2 
10800 65 2 81 
10800 66 62 
10800 67 50 61 
10800 68 50 90 
10800 69 77 
10800 70 71 73 
10800 71 2 10 70 
10800 72 58 77 
10800 73 70 
10800 74 9 49 58 85 
10800 75 9 56 
10800 76 56 
10800 77 69 72 
10800 78 
10800 79 
10800 80 51 
10800 81 65 
10800 82 58 
10800 83 92 
10800 84 53 
10800 85 74 
10800 86 50 
10800 87 54 
10800 88 63 
10800 89 2 
10800 90 68 
10800 91 2 51 
10800 92 2 83 
10800 93 51 
10800 94 113 128 
10800 95 105 
10800 96 106 131 
10800 97 3 127 
10800 98 130 137 
10800 99 115 
10800 100 123 135 
10800 101 128 131 
10800 102 3 135 
10800 103 126 
10800 104 128 132 
10800 105 95 110 
10800 106 96 
10800 107 111 134 
10800 108 131 
10800 109 133 
10800 110 105 113 
10800 111 107 
10800 112 
10800 113 94 110 116 
10800 114 134 
10800 115 3 99 
10800 116 113 
10800 117 131 
10800 118 
10800 119 131 
10800 120 12 
10800 121 
10800 122 133 136 
10800 123 100 
10800 124 
10800 125 134 
10800 126 11 103 
10800 127 97 
10800 128 94 101 104 130 
10800 129 
10800 130 98 128 
10800 131 96 101 108 117 119 133 134 
10800 132 104 
10800 133 3 11 109 122 131 
10800 134 12 107 114 125 131 
10800 135 100 102 
10800 136 122 
10800 137 98 
10800 138 11 
10800 139 
10800 140 13 145 150 168 
10800 141 149 
10800 142 4 144 154 157 
10800 143 4 153 
10800 144 142 
10800 145 140 147 173 
10800 146 13 170 171 
10800 147 145 160 
10800 148 13 149 163 165 
10800 149 141 148 172 
10800 150 140 
10800 151 152 
10800 152 4 151 159 
10800 153 143 174 
10800 154 142 
10800 155 4 13 
10800 156 13 
10800 157 142 158 166 
10800 158 157 
10800 159 152 
10800 160 147 
10800 161 
10800 162 13 
10800 163 148 
10800 164 4 
10800 165 148 
10800 166 157 
10800 167 
10800 168 140 
10800 169 13 
10800 170 146 
10800 171 146 
10800 172 149 
10800 173 145 
10800 174 153 
10800 175 5 185 190 204 214 
10800 176 178 197 203 
10800 177 184 191 196 199 208 217 
10800 178 176 181 
10800 179 203 212 219 
10800 180 15 206 220 
10800 181 178 194 198 
10800 182 184 
10800 183 202 
10800 184 177 182 
10800 185 175 187 209 
10800 186 15 192 
10800 187 185 
10800 188 5 
10800 189 191 
10800 190 175 
10800 191 177 189 
10800 192 186 
10800 193 197 
10800 194 181 
10800 195 205 
10800 196 177 
10800 197 5 15 176 193 
10800 198 181 207 
10800 199 177 
10800 200 210 
10800 201 215 
10800 202 183 217 
10800 203 176 179 
10800 204 175 
10800 205 14 195 216 
10800 206 180 
10800 207 198 
10800 208 5 177 
10800 209 185 
10800 210 15 200 
10800 211 15 
10800 212 179 
10800 213 
10800 214 175 
10800 215 5 201 
10800 216 15 205 
10800 217 177 202 
10800 218 
10800 219 179 
10800 220 180 
10800 221 15 
10800 222 241 245 254 255 259 
10800 223 260 
10800 224 229 
10800 225 232 
10800 226 16 236 250 
10800 227 17 
10800 228 233 235 242 
10800 229 224 
10800 230 238 
10800 231 252 256 
10800 232 225 259 
10800 233 228 
10800 234 
10800 235 228 
10800 236 226 
10800 237 
10800 238 230 239 
10800 239 238 260 
10800 240 16 
10800 241 222 260 
10800 242 228 258 
10800 243 258 
10800 244 17 
10800 245 222 
10800 246 6 
10800 247 16 
10800 248 
10800 249 16 
10800 250 226 
10800 251 6 261 
10800 252 231 
10800 253 257 
10800 254 222 
10800 255 222 
10800 256 6 16 231 258 260 
10800 257 253 260 
10800 258 242 243 256 
10800 259 222 232 
10800 260 223 239 241 256 257 
10800 261 251 
10800 262 3 4 
10800 264 1 
10800 265 4 
10800 267 1 3 
10800 268 1 4 
10800 270 3 
10800 271 4 
10800 273 3 
10800 274 1 
10800 275 3 
10800 276 4 
10800 277 1 
10800 279 4 
10800 280 1 3 
10800 281 4 
10800 282 3 
10800 284 1 4 
10800 285 3 
10800 288 1 
10800 289 3 4 
12600 0 5 262 263 264 265 266 267 268 269 270 271 272 273 274 275 276 277 278 279 280 281 282 283 284 285 286 287 288 289 290 291 
12600 1 22 30 36 
12600 2 50 55 56 58 66 84 88 
12600 3 104 110 130 132 
12600 4 140 144 150 159 160 168 169 173 
12600 5 0 178 209 215 216 263 266 271 273 276 279 283 286 289 
12600 6 223 226 230 232 233 
12600 7 19 27 30 32 41 47 
12600 8 22 44 
12600 9 65 80 93 
12600 10 49 55 63 80 90 
12600 11 103 115 120 131 
12600 12 96 
12600 13 140 145 
12600 14 175 210 215 
12600 15 187 188 189 209 217 
12600 16 245 258 
12600 17 225 259 
12600 18 29 30 35 
12600 19 7 
12600 20 
12600 21 46 
12600 22 1 8 39 
12600 23 
12600 24 29 31 
12600 25 
12600 26 33 
12600 27 7 45 
12600 28 40 
12600 29 18 24 34 
12600 30 1 7 18 46 48 
12600 31 24 
12600 32 7 40 
12600 33 26 36 
12600 34 29 
12600 35 18 42 
12600 36 1 33 
12600 37 45 
12600 38 46 
12600 39 22 
12600 40 28 32 
12600 41 7 
12600 42 35 
12600 43 
12600 44 8 
12600 45 27 37 
12600 46 21 30 38 
12600 47 7 
12600 48 30 
12600 49 10 79 85 
12600 50 2 67 71 86 
12600 51 61 67 68 76 83 
12600 52 53 
12600 53 52 69 75 88 
12600 54 
12600 55 2 10 
12600 56 2 81 
12600 57 
12600 58 2 64 72 77 
12600 59 
12600 60 67 
12600 61 51 
12600 62 78 
12600 63 10 92 
12600 64 58 89 
12600 65 9 
12600 66 2 
12600 67 50 51 60 
12600 68 51 
12600 69 53 82 
12600 70 
12600 71 50 
12600 72 58 
12600 73 
12600 74 86 91 
12600 75 53 
12600 76 51 
12600 77 58 
12600 78 62 
12600 79 49 
12600 80 9 10 
12600 81 56 
12600 82 69 
12600 83 51 
12600 84 2 
12600 85 49 
12600 86 50 74 
12600 87 
12600 88 2 53 
12600 89 64 
12600 90 10 
12600 91 74 
12600 92 63 
12600 93 9 
12600 94 132 
12600 95 
12600 96 12 98 125 
12600 97 106 
12600 98 96 102 
12600 99 
12600 100 117 
12600 101 108 
12600 102 98 130 138 
12600 103 11 119 136 
12600 104 3 106 128 
12600 105 
12600 106 97 104 
12600 107 131 
12600 108 101 131 133 
12600 109 133 
12600 110 3 
12600 111 131 
12600 112 121 133 
12600 113 128 
12600 114 135 
12600 115 11 
12600 116 130 
12600 117 100 128 
12600 118 
12600 119 103 
12600 120 11 
12600 121 112 
12600 122 131 
12600 123 126 
12600 124 132 
12600 125 96 
12600 126 123 128 135 
12600 127 128 
12600 128 104 113 117 126 127 
12600 129 138 
12600 130 3 102 116 
12600 131 11 107 108 111 122 134 135 
12600 132 3 94 124 
12600 133 108 109 112 
12600 134 131 
12600 135 114 126 131 
12600 136 103 
12600 137 
12600 138 102 129 
12600 139 154 166 
12600 140 4 13 151 156 162 170 171 
12600 141 166 
12600 142 145 
12600 143 158 160 166 174 
12600 144 4 149 
12600 145 13 142 147 
12600 146 166 
12600 147 145 
12600 148 170 172 
12600 149 144 152 
12600 150 4 
12600 151 140 
12600 152 149 
12600 153 163 
12600 154 139 
12600 155 160 
12600 156 140 
12600 157 159 167 
12600 158 143 
12600 159 4 157 
12600 160 4 143 155 
12600 161 
12600 162 140 
12600 163 153 168 
12600 164 170 
12600 165 
12600 166 139 141 143 146 
12600 167 157 
12600 168 4 163 
12600 169 4 
12600 170 140 148 164 
12600 171 140 
12600 172 148 
12600 173 4 
12600 174 143 
12600 175 14 197 211 214 
12600 176 187 191 207 219 
12600 177 186 203 
12600 178 5 180 184 198 203 
12600 179 181 194 200 201 210 212 218 
12600 180 178 182 190 193 206 
12600 181 179 
12600 182 180 
12600 183 
12600 184 178 205 
12600 185 216 220 221 
12600 186 177 208 
12600 187 15 176 
12600 188 15 204 
12600 189 15 
12600 190 180 202 213 
12600 191 176 
12600 192 200 
12600 193 180 
12600 194 179 
12600 195 
12600 196 
12600 197 175 
12600 198 178 
12600 199 
12600 200 179 192 
12600 201 179 
12600 202 190 
12600 203 177 178 
12600 204 188 
12600 205 184 
12600 206 180 
12600 207 176 
12600 208 186 
12600 209 5 15 
12600 210 14 179 
12600 211 175 
12600 212 179 
12600 213 190 
12600 214 175 
12600 215 5 14 
12600 216 5 185 
12600 217 15 
12600 218 179 
12600 219 176 
12600 220 185 
12600 221 185 
12600 222 249 258 
12600 223 6 
12600 224 228 
12600 225 17 241 251 253 
12600 226 6 236 239 250 
12600 227 250 
12600 228 224 257 
12600 229 256 258 
12600 230 6 237 258 
12600 231 234 256 
12600 232 6 259 
12600 233 6 
12600 234 231 
12600 235 259 
12600 236 226 
12600 237 230 248 
12600 238 261 
12600 239 226 
12600 240 258 
12600 241 225 243 
12600 242 260 
12600 243 241 
12600 244 246 
12600 245 16 
12600 246 244 256 
12600 247 257 
12600 248 237 
12600 249 222 
12600 250 226 227 
12600 251 225 
12600 252 259 
12600 253 225 
12600 254 257 
12600 255 259 
12600 256 229 231 246 
12600 257 228 247 254 260 
12600 258 16 222 229 230 240 260 261 
12600 259 17 232 235 252 255 
12600 260 242 257 258 
12600 261 238 258 
12600 262 0 
12600 263 0 5 
12600 264 0 
12600 265 0 
12600 266 0 5 
12600 267 0 
12600 268 0 
12600 269 0 
12600 270 0 
12600 271 0 5 
12600 272 0 
12600 273 0 5 
12600 274 0 
12600 275 0 
12600 276 0 5 
12600 277 0 
12600 278 0 
12600 279 0 5 
12600 280 0 
12600 281 0 
12600 282 0 
12600 283 0 5 
12600 284 0 
12600 285 0 
12600 286 0 5 
12600 287 0 
12600 288 0 
12600 289 0 5 
12600 290 0 
12600 291 0 
14400 0 1 262 263 264 265 266 267 268 269 270 271 272 273 274 275 276 277 278 279 280 281 282 283 284 285 286 287 288 289 290 291 
14400 1 0 22 25 26 29 37 264 267 268 274 277 280 284 288 
14400 2 50 53 62 80 83 
14400 3 12 109 117 126 
14400 4 5 6 146 147 157 158 170 172 173 262 265 268 271 276 279 281 284 289 
14400 5 4 188 211 213 263 266 271 273 276 279 283 286 289 
14400 6 4 226 238 264 267 269 272 276 279 281 286 287 290 
14400 7 24 37 44 
14400 8 29 31 35 36 
14400 9 63 67 74 
14400 10 75 
14400 11 97 98 101 108 110 114 127 133 138 
14400 12 3 94 
14400 13 145 150 152 160 170 174 
14400 14 178 201 212 216 
14400 15 175 182 191 206 212 221 
14400 16 258 
14400 17 223 241 
14400 18 20 29 40 
14400 19 
14400 20 18 
14400 21 32 
14400 22 1 38 
14400 23 
14400 24 7 
14400 25 1 32 
14400 26 1 41 42 48 
14400 27 32 33 
14400 28 35 47 
14400 29 1 8 18 43 
14400 30 
14400 31 8 
14400 32 21 25 27 45 
14400 33 27 
14400 34 42 
14400 35 8 28 
14400 36 8 
14400 37 1 7 
14400 38 22 46 
14400 39 42 
14400 40 18 
14400 41 26 
14400 42 26 34 39 
14400 43 29 
14400 44 7 
14400 45 32 
14400 46 38 
14400 47 28 
14400 48 26 
14400 49 52 67 84 
14400 50 2 55 
14400 51 53 58 67 86 
14400 52 49 57 64 
14400 53 2 51 71 89 90 93 
14400 54 76 
14400 55 50 
14400 56 74 85 88 
14400 57 52 
14400 58 51 61 68 91 
14400 59 
14400 60 
14400 61 58 
14400 62 2 65 
14400 63 9 75 
14400 64 52 
14400 65 62 69 70 87 
14400 66 71 
14400 67 9 49 51 
14400 68 58 76 77 
14400 69 65 82 
14400 70 65 73 
14400 71 53 66 
14400 72 
14400 73 70 
14400 74 9 56 
14400 75 10 63 
14400 76 54 68 92 
14400 77 68 
14400 78 
14400 79 
14400 80 2 
14400 81 
14400 82 69 
14400 83 2 
14400 84 49 
14400 85 56 
14400 86 51 
14400 87 65 
14400 88 56 
14400 89 53 
14400 90 53 
14400 91 58 
14400 92 76 
14400 93 53 
14400 94 12 111 
14400 95 
14400 96 104 106 120 128 
14400 97 11 134 
14400 98 11 125 132 
14400 99 135 
14400 100 101 123 
14400 101 11 100 
14400 102 138 
14400 103 
14400 104 96 
14400 105 
14400 106 96 
14400 107 114 122 
14400 108 11 
14400 109 3 
14400 110 11 
14400 111 94 
14400 112 114 
14400 113 114 
14400 114 11 107 112 113 128 
14400 115 127 
14400 116 
14400 117 3 
14400 118 128 
14400 119 134 
14400 120 96 
14400 121 
14400 122 107 
14400 123 100 
14400 124 134 137 
14400 125 98 
14400 126 3 128 
14400 127 11 115 
14400 128 96 114 118 126 135 
14400 129 134 
14400 130 132 
14400 131 
14400 132 98 130 
14400 133 11 
14400 134 97 119 124 129 
14400 135 99 128 
14400 136 138 
14400 137 124 
14400 138 11 102 136 
14400 139 147 
14400 140 149 151 169 171 
14400 141 155 
14400 142 144 153 159 
14400 143 144 165 168 
14400 144 142 143 150 151 
14400 145 13 
14400 146 4 148 
14400 147 4 139 154 
14400 148 146 162 
14400 149 140 161 163 
14400 150 13 144 156 166 
14400 151 140 144 
14400 152 13 164 
14400 153 142 
14400 154 147 
14400 155 141 162 
14400 156 150 
14400 157 4 167 
14400 158 4 
14400 159 142 
14400 160 13 
14400 161 149 
14400 162 148 155 
14400 163 149 
14400 164 152 
14400 165 143 
14400 166 150 
14400 167 157 
14400 168 143 
14400 169 140 
14400 170 4 13 
14400 171 140 
14400 172 4 
14400 173 4 
14400 174 13 
14400 175 15 190 211 219 
14400 176 181 188 200 207 
14400 177 184 196 216 
14400 178 14 189 214 215 
14400 179 192 203 214 220 
14400 180 190 
14400 181 176 204 
14400 182 15 210 
14400 183 
14400 184 177 197 198 
14400 185 192 208 
14400 186 202 205 207 
14400 187 198 
14400 188 5 176 
14400 189 178 
14400 190 175 180 
14400 191 15 194 
14400 192 179 185 195 218 
14400 193 201 
14400 194 191 
14400 195 192 
14400 196 177 
14400 197 184 
14400 198 184 187 
14400 199 203 
14400 200 176 
14400 201 14 193 
14400 202 186 
14400 203 179 199 
14400 204 181 
14400 205 186 
14400 206 15 
14400 207 176 186 
14400 208 185 
14400 209 212 
14400 210 182 
14400 211 5 175 
14400 212 14 15 209 
14400 213 5 
14400 214 178 179 
14400 215 178 
14400 216 14 177 
14400 217 221 
14400 218 192 
14400 219 175 
14400 220 179 
14400 221 15 217 
14400 222 226 240 244 
14400 223 17 231 239 258 
14400 224 258 
14400 225 
14400 226 6 222 
14400 227 
14400 228 250 257 259 
14400 229 258 
14400 230 258 
14400 231 223 
14400 232 244 245 
14400 233 242 259 260 261 
14400 234 
14400 235 243 257 
14400 236 258 
14400 237 241 
14400 238 6 
14400 239 223 
14400 240 222 254 258 
14400 241 17 237 
14400 242 233 
14400 243 235 
14400 244 222 232 
14400 245 232 
14400 246 255 257 
14400 247 257 
14400 248 251 
14400 249 259 
14400 250 228 
14400 251 248 257 
14400 252 
14400 253 258 
14400 254 240 
14400 255 246 
14400 256 257 258 
14400 257 228 235 246 247 251 256 
14400 258 16 223 224 229 230 236 240 253 256 
14400 259 228 233 249 
14400 260 233 
14400 261 233 
14400 262 0 4 
14400 263 0 5 
14400 264 0 1 6 
14400 265 0 4 
14400 266 0 5 
14400 267 0 1 6 
14400 268 0 1 4 
14400 269 0 6 
14400 270 0 
14400 271 0 4 5 
14400 272 0 6 
14400 273 0 5 
14400 274 0 1 
14400 275 0 
14400 276 0 4 5 6 
14400 277 0 1 
14400 278 0 
14400 279 0 4 5 6 
14400 280 0 1 
14400 281 0 4 6 
14400 282 0 
14400 283 0 5 
14400 284 0 1 4 
14400 285 0 
14400 286 0 5 6 
14400 287 0 6 
14400 288 0 1 
14400 289 0 4 5 
14400 290 0 6 
14400 291 0 
16200 0 
16200 1 29 32 34 44 
16200 2 6 64 75 76 92 263 265 268 273 274 278 282 285 286 291 
16200 3 5 97 109 117 119 127 262 267 270 273 275 280 282 285 289 
16200 4 139 148 155 157 164 
16200 5 3 186 206 263 266 271 273 276 279 283 286 289 
16200 6 2 17 222 226 257 264 267 269 272 276 279 281 286 287 290 
16200 7 35 38 46 
16200 8 
16200 9 55 86 
16200 10 49 55 63 82 83 
16200 11 97 132 
16200 12 94 111 114 123 
16200 13 141 158 171 
16200 14 182 188 203 217 221 
16200 15 179 197 205 209 214 
16200 16 229 260 
16200 17 6 224 232 233 249 
16200 18 19 26 31 40 42 45 47 
16200 19 18 32 35 
16200 20 38 
16200 21 46 
16200 22 
16200 23 24 
16200 24 23 45 48 
16200 25 41 45 
16200 26 18 33 37 
16200 27 46 
16200 28 41 
16200 29 1 
16200 30 33 
16200 31 18 
16200 32 1 19 
16200 33 26 30 
16200 34 1 
16200 35 7 19 
16200 36 37 
16200 37 26 36 
16200 38 7 20 
16200 39 
16200 40 18 
16200 41 25 28 
16200 42 18 
16200 43 
16200 44 1 
16200 45 18 24 25 
16200 46 7 21 27 
16200 47 18 
16200 48 24 
16200 49 10 79 92 
16200 50 76 88 93 
16200 51 71 76 
16200 52 89 
16200 53 63 67 80 89 91 
16200 54 
16200 55 9 10 58 
16200 56 61 79 84 
16200 57 
16200 58 55 
16200 59 72 
16200 60 92 
16200 61 56 90 
16200 62 80 
16200 63 10 53 
16200 64 2 85 
16200 65 66 92 
16200 66 65 
16200 67 53 68 
16200 68 67 
16200 69 72 77 
16200 70 81 
16200 71 51 81 
16200 72 59 69 
16200 73 
16200 74 92 
16200 75 2 
16200 76 2 50 51 
16200 77 69 
16200 78 
16200 79 49 56 
16200 80 53 62 
16200 81 70 71 
16200 82 10 
16200 83 10 
16200 84 56 
16200 85 64 
16200 86 9 
16200 87 
16200 88 50 
16200 89 52 53 
16200 90 61 
16200 91 53 
16200 92 2 49 60 65 74 
16200 93 50 
16200 94 12 101 
16200 95 99 109 
16200 96 107 113 115 
16200 97 3 11 137 
16200 98 116 123 
16200 99 95 
16200 100 120 134 
16200 101 94 108 
16200 102 119 
16200 103 138 
16200 104 130 
16200 105 127 
16200 106 
16200 107 96 133 
16200 108 101 
16200 109 3 95 130 
16200 110 114 
16200 111 12 
16200 112 131 
16200 113 96 
16200 114 12 110 128 
16200 115 96 
16200 116 98 
16200 117 3 128 
16200 118 
16200 119 3 102 
16200 120 100 
16200 121 
16200 122 131 135 138 
16200 123 12 98 131 
16200 124 132 
16200 125 130 133 
16200 126 134 
16200 127 3 105 
16200 128 114 117 134 
16200 129 136 
16200 130 104 109 125 
16200 131 112 122 123 
16200 132 11 124 
16200 133 107 125 
16200 134 100 126 128 
16200 135 122 
16200 136 129 138 
16200 137 97 
16200 138 103 122 136 
16200 139 4 145 151 166 
16200 140 146 162 166 172 
16200 141 13 145 
16200 142 156 
16200 143 159 172 
16200 144 148 
16200 145 139 141 150 
16200 146 140 
16200 147 158 167 
16200 148 4 144 154 160 161 169 
16200 149 164 
16200 150 145 
16200 151 139 
16200 152 154 
16200 153 159 163 170 173 
16200 154 148 152 
16200 155 4 
16200 156 142 161 168 
16200 157 4 174 
16200 158 13 147 
16200 159 143 153 165 
16200 160 148 
16200 161 148 156 
16200 162 140 
16200 163 153 
16200 164 4 149 
16200 165 159 
16200 166 139 140 
16200 167 147 
16200 168 156 
16200 169 148 
16200 170 153 
16200 171 13 
16200 172 140 143 
16200 173 153 
16200 174 157 
16200 175 187 194 197 203 210 215 
16200 176 186 197 204 207 
16200 177 181 184 195 202 217 
16200 178 196 
16200 179 15 190 
16200 180 187 191 198 208 219 
16200 181 177 199 
16200 182 14 193 
16200 183 
16200 184 177 
16200 185 187 
16200 186 5 176 216 220 
16200 187 175 180 185 201 
16200 188 14 212 
16200 189 191 
16200 190 179 
16200 191 180 189 
16200 192 
16200 193 182 
16200 194 175 211 
16200 195 177 218 
16200 196 178 
16200 197 15 175 176 
16200 198 180 213 
16200 199 181 
16200 200 203 
16200 201 187 
16200 202 177 
16200 203 14 175 200 
16200 204 176 
16200 205 15 
16200 206 5 
16200 207 176 
16200 208 180 
16200 209 15 
16200 210 175 
16200 211 194 
16200 212 188 
16200 213 198 
16200 214 15 
16200 215 175 
16200 216 186 
16200 217 14 177 
16200 218 195 
16200 219 180 
16200 220 186 
16200 221 14 
16200 222 6 254 
16200 223 259 
16200 224 17 236 
16200 225 252 
16200 226 6 227 
16200 227 226 
16200 228 244 256 259 
16200 229 16 242 
16200 230 240 260 
16200 231 238 247 257 
16200 232 17 243 
16200 233 17 239 
16200 234 252 
16200 235 257 260 
16200 236 224 
16200 237 259 
16200 238 231 
16200 239 233 
16200 240 230 
16200 241 258 
16200 242 229 
16200 243 232 
16200 244 228 
16200 245 259 
16200 246 259 
16200 247 231 
16200 248 
16200 249 17 256 
16200 250 257 
16200 251 
16200 252 225 234 
16200 253 256 258 
16200 254 222 
16200 255 258 
16200 256 228 249 253 
16200 257 6 231 235 250 
16200 258 241 253 255 
16200 259 223 228 237 245 246 
16200 260 16 230 235 
16200 261 
16200 262 3 
16200 263 2 5 
16200 264 6 
16200 265 2 
16200 266 5 
16200 267 3 6 
16200 268 2 
16200 269 6 
16200 270 3 
16200 271 5 
16200 272 6 
16200 273 2 3 5 
16200 274 2 
16200 275 3 
16200 276 5 6 
16200 278 2 
16200 279 5 6 
16200 280 3 
16200 281 6 
16200 282 2 3 
16200 283 5 
16200 285 2 3 
16200 286 2 5 6 
16200 287 6 
16200 289 3 5 
16200 290 6 
16200 291 2 
18000 0 5 262 263 264 265 266 267 268 269 270 271 272 273 274 275 276 277 278 279 280 281 282 283 284 285 286 287 288 289 290 291 
18000 1 20 21 25 26 35 47 48 
18000 2 50 56 61 65 67 68 83 86 
18000 3 101 125 126 
18000 4 5 143 147 153 262 265 268 271 276 279 281 284 289 
18000 5 0 4 177 180 198 208 213 216 263 266 271 273 276 279 283 286 289 
18000 6 228 259 
18000 7 19 29 30 35 36 
18000 8 45 
18000 9 65 69 75 81 84 89 93 
18000 10 53 65 
18000 11 114 135 138 
18000 12 94 130 
18000 13 141 156 166 
18000 14 178 197 207 210 
18000 15 178 179 180 182 188 194 203 205 220 
18000 16 222 223 249 
18000 17 226 232 249 
18000 18 27 41 46 
18000 19 7 23 42 45 
18000 20 1 39 43 
18000 21 1 33 34 38 
18000 22 31 34 
18000 23 19 
18000 24 31 
18000 25 1 
18000 26 1 
18000 27 18 29 40 
18000 28 29 
18000 29 7 27 28 
18000 30 7 
18000 31 22 24 
18000 32 34 37 
18000 33 21 44 
18000 34 21 22 32 
18000 35 1 7 
18000 36 7 
18000 37 32 
18000 38 21 
18000 39 20 
18000 40 27 
18000 41 18 
18000 42 19 
18000 43 20 
18000 44 33 
18000 45 8 19 
18000 46 18 
18000 47 1 
18000 48 1 
18000 49 53 79 88 
18000 50 2 51 57 66 85 91 
18000 51 50 71 80 92 
18000 52 
18000 53 10 49 
18000 54 84 
18000 55 89 
18000 56 2 
18000 57 50 
18000 58 66 
18000 59 72 
18000 60 92 
18000 61 2 63 
18000 62 87 
18000 63 61 70 
18000 64 67 
18000 65 2 9 10 
18000 66 50 58 
18000 67 2 64 76 
18000 68 2 72 
18000 69 9 
18000 70 63 
18000 71 51 
18000 72 59 68 77 78 
18000 73 
18000 74 88 
18000 75 9 
18000 76 67 
18000 77 72 82 
18000 78 72 
18000 79 49 
18000 80 51 
18000 81 9 
18000 82 77 
18000 83 2 
18000 84 9 54 90 
18000 85 50 
18000 86 2 
18000 87 62 
18000 88 49 74 
18000 89 9 55 
18000 90 84 
18000 91 50 
18000 92 51 60 
18000 93 9 
18000 94 12 105 131 
18000 95 127 
18000 96 110 114 
18000 97 101 
18000 98 124 128 
18000 99 115 118 
18000 100 132 
18000 101 3 97 
18000 102 120 131 
18000 103 133 
18000 104 106 117 
18000 105 94 
18000 106 104 
18000 107 132 
18000 108 
18000 109 132 
18000 110 96 
18000 111 131 
18000 112 
18000 113 131 
18000 114 11 96 
18000 115 99 116 135 
18000 116 115 
18000 117 104 130 
18000 118 99 
18000 119 132 
18000 120 102 
18000 121 129 
18000 122 131 
18000 123 128 
18000 124 98 
18000 125 3 132 
18000 126 3 129 136 
18000 127 95 135 
18000 128 98 123 131 
18000 129 121 126 
18000 130 12 117 
18000 131 94 102 111 113 122 128 134 138 
18000 132 100 107 109 119 125 133 134 
18000 133 103 132 
18000 134 131 132 
18000 135 11 115 127 
18000 136 126 
18000 137 
18000 138 11 131 
18000 139 141 
18000 140 144 145 146 
18000 141 13 139 
18000 142 162 
18000 143 4 159 161 
18000 144 140 154 
18000 145 140 148 160 165 
18000 146 140 151 156 
18000 147 4 163 166 173 
18000 148 145 170 
18000 149 157 
18000 150 153 157 168 169 
18000 151 146 155 158 164 
18000 152 158 162 
18000 153 4 150 
18000 154 144 
18000 155 151 
18000 156 13 146 
18000 157 149 150 
18000 158 151 152 
18000 159 143 
18000 160 145 
18000 161 143 171 
18000 162 142 152 172 174 
18000 163 147 
18000 164 151 
18000 165 145 
18000 166 13 147 
18000 167 
18000 168 150 
18000 169 150 
18000 170 148 
18000 171 161 
18000 172 162 
18000 173 147 
18000 174 162 
18000 175 186 197 212 214 
18000 176 177 184 
18000 177 5 176 190 191 199 
18000 178 14 15 187 189 201 215 
18000 179 15 192 200 209 221 
18000 180 5 15 
18000 181 210 
18000 182 15 193 
18000 183 
18000 184 176 
18000 185 211 
18000 186 175 206 
18000 187 178 196 
18000 188 15 204 219 
18000 189 178 
18000 190 177 
18000 191 177 
18000 192 179 
18000 193 182 
18000 194 15 211 
18000 195 208 
18000 196 187 
18000 197 14 175 
18000 198 5 
18000 199 177 
18000 200 179 
18000 201 178 
18000 202 
18000 203 15 
18000 204 188 
18000 205 15 
18000 206 186 
18000 207 14 
18000 208 5 195 
18000 209 179 
18000 210 14 181 
18000 211 185 194 
18000 212 175 
18000 213 5 
18000 214 175 
18000 215 178 
18000 216 5 
18000 217 
18000 218 
18000 219 188 
18000 220 15 
18000 221 179 
18000 222 16 242 256 
18000 223 16 233 239 245 
18000 224 228 
18000 225 258 
18000 226 17 
18000 227 239 246 
18000 228 6 224 250 256 
18000 229 237 261 
18000 230 257 
18000 231 256 
18000 232 17 
18000 233 223 
18000 234 252 
18000 235 
18000 236 245 
18000 237 229 257 
18000 238 239 
18000 239 223 227 238 
18000 240 245 
18000 241 256 257 
18000 242 222 
18000 243 
18000 244 257 
18000 245 223 236 240 
18000 246 227 253 
18000 247 260 
18000 248 
18000 249 16 17 
18000 250 228 260 
18000 251 
18000 252 234 257 
18000 253 246 
18000 254 256 
18000 255 259 
18000 256 222 228 231 241 254 
18000 257 230 237 241 244 252 
18000 258 225 260 
18000 259 6 255 
18000 260 247 250 258 
18000 261 229 
18000 262 0 4 
18000 263 0 5 
18000 264 0 
18000 265 0 4 
18000 266 0 5 
18000 267 0 
18000 268 0 4 
18000 269 0 
18000 270 0 
18000 271 0 4 5 
18000 272 0 
18000 273 0 5 
18000 274 0 
18000 275 0 
18000 276 0 4 5 
18000 277 0 
18000 278 0 
18000 279 0 4 5 
18000 280 0 
18000 281 0 4 
18000 282 0 
18000 283 0 5 
18000 284 0 4 
18000 285 0 
18000 286 0 5 
18000 287 0 
18000 288 0 
18000 289 0 4 5 
18000 290 0 
18000 291 0 
