0 21600
0 0 1 4 372 373 374 375 376 377 378 379 380 381 382 383 384 385 386 387 388 389 390 391 392 393 394 395 396 397 398 399 400 401 
0 1 0 28 33 41 51 63 69 374 377 378 384 389 390 394 397 
0 2 4 6 79 85 87 95 108 115 373 376 381 385 392 395 396 400 
0 3 151 155 
0 4 0 2 161 169 171 172 174 372 376 381 383 388 390 393 396 401 
0 5 17 206 216 218 225 292 296 312 320 326 
0 6 2 240 244 271 277 281 285 374 377 380 384 386 392 393 399 
0 7 54 209 212 217 237 289 307 323 326 
0 8 354 358 362 364 370 
0 9 51 52 60 62 
0 10 53 57 63 226 
0 11 76 79 83 91 105 113 119 
0 12 95 98 
0 13 150 
0 14 127 128 136 147 152 158 
0 15 167 175 193 197 198 201 205 
0 16 163 177 185 188 189 199 200 
0 17 5 214 306 314 
0 18 213 218 219 309 324 
0 19 210 302 317 
0 20 256 273 
0 21 45 
0 22 222 223 224 294 
0 23 25 344 345 
0 24 327 338 340 348 
0 25 23 334 335 337 364 
0 26 39 54 
0 27 53 67 
0 28 1 34 43 48 65 
0 29 33 46 61 290 
0 30 44 54 59 
0 31 51 
0 32 301 
0 33 1 29 
0 34 28 233 288 298 299 
0 35 50 60 
0 36 42 65 
0 37 54 55 56 
0 38 301 
0 39 26 
0 40 49 291 301 
0 41 1 231 
0 42 36 
0 43 28 
0 44 30 
0 45 21 326 
0 46 29 
0 47 323 
0 48 28 
0 49 40 
0 50 35 207 
0 51 1 9 31 301 
0 52 9 
0 53 10 27 323 
0 54 7 26 30 37 302 325 
0 55 37 
0 56 37 66 
0 57 10 
0 58 66 
0 59 30 
0 60 9 35 
0 61 29 
0 62 9 
0 63 1 10 
0 64 301 
0 65 28 36 
0 66 56 58 
0 67 27 
0 68 291 
0 69 1 
0 70 101 
0 71 93 94 
0 72 75 
0 73 74 85 100 
0 74 73 78 
0 75 72 78 
0 76 11 104 109 
0 77 94 98 
0 78 74 75 102 
0 79 2 11 86 
0 80 91 
0 81 98 
0 82 105 
0 83 11 92 
0 84 85 
0 85 2 73 84 
0 86 79 99 112 
0 87 2 
0 88 102 
0 89 
0 90 
0 91 11 80 
0 92 83 
0 93 71 101 
0 94 71 77 103 107 
0 95 2 12 
0 96 108 118 
0 97 
0 98 12 77 81 
0 99 86 
0 100 73 117 
0 101 70 93 
0 102 78 88 
0 103 94 
0 104 76 
0 105 11 82 110 
0 106 116 
0 107 94 
0 108 2 96 
0 109 76 
0 110 105 
0 111 
0 112 86 
0 113 11 
0 114 
0 115 2 
0 116 106 
0 117 100 
0 118 96 
0 119 11 
0 120 158 
0 121 142 
0 122 154 
0 123 136 
0 124 
0 125 131 149 
0 126 144 148 
0 127 14 
0 128 14 130 
0 129 
0 130 128 137 
0 131 125 
0 132 
0 133 147 
0 134 
0 135 139 
0 136 14 123 138 150 
0 137 130 
0 138 136 
0 139 135 142 145 151 
0 140 148 154 
0 141 
0 142 121 139 
0 143 
0 144 126 
0 145 139 153 158 
0 146 
0 147 14 133 
0 148 126 140 158 
0 149 125 150 
0 150 13 136 149 
0 151 3 139 
0 152 14 
0 153 145 
0 154 122 140 
0 155 3 
0 156 
0 157 158 
0 158 14 120 145 148 157 
0 159 163 169 
0 160 165 
0 161 4 167 186 195 
0 162 170 191 197 
0 163 16 159 165 180 192 
0 164 180 
0 165 160 163 
0 166 170 
0 167 15 161 184 
0 168 191 
0 169 4 159 
0 170 162 166 
0 171 4 
0 172 4 
0 173 176 191 
0 174 4 
0 175 15 
0 176 173 
0 177 16 187 
0 178 191 
0 179 180 
0 180 163 164 179 
0 181 
0 182 184 
0 183 
0 184 167 182 190 
0 185 16 
0 186 161 204 
0 187 177 194 
0 188 16 
0 189 16 196 
0 190 184 
0 191 162 168 173 178 
0 192 163 
0 193 15 
0 194 187 
0 195 161 
0 196 189 
0 197 15 162 202 
0 198 15 
0 199 16 
0 200 16 
0 201 15 
0 202 197 
0 203 
0 204 186 
0 205 15 
0 206 5 318 
0 207 50 235 293 294 
0 208 291 
0 209 7 321 
0 210 19 
0 211 289 
0 212 7 
0 213 18 
0 214 17 
0 215 298 
0 216 5 
0 217 7 
0 218 5 18 
0 219 18 
0 220 299 
0 221 301 
0 222 22 
0 223 22 
0 224 22 
0 225 5 
0 226 10 
0 227 312 
0 228 313 
0 229 301 
0 230 
0 231 41 
0 232 302 
0 233 34 
0 234 296 
0 235 207 
0 236 309 319 
0 237 7 
0 238 
0 239 285 
0 240 6 266 
0 241 252 260 262 
0 242 262 
0 243 268 
0 244 6 
0 245 266 
0 246 274 
0 247 273 
0 248 251 273 
0 249 254 272 
0 250 282 
0 251 248 
0 252 241 261 264 
0 253 258 268 
0 254 249 
0 255 
0 256 20 257 266 282 
0 257 256 
0 258 253 262 282 
0 259 273 
0 260 241 
0 261 252 
0 262 241 242 258 
0 263 284 
0 264 252 
0 265 
0 266 240 245 256 272 276 
0 267 
0 268 243 253 274 
0 269 
0 270 
0 271 6 287 
0 272 249 266 
0 273 20 247 248 259 279 
0 274 246 268 
0 275 285 
0 276 266 
0 277 6 
0 278 
0 279 273 
0 280 
0 281 6 
0 282 250 256 258 
0 283 
0 284 263 
0 285 6 239 275 
0 286 
0 287 271 
0 288 34 
0 289 7 211 295 
0 290 29 300 310 
0 291 40 68 208 
0 292 5 
0 293 207 313 315 
0 294 22 207 
0 295 289 
0 296 5 234 
0 297 305 323 
0 298 34 215 
0 299 34 220 
0 300 290 304 
0 301 32 38 40 51 64 221 229 316 
0 302 19 54 232 322 
0 303 309 
0 304 300 311 
0 305 297 
0 306 17 308 
0 307 7 
0 308 306 
0 309 18 236 303 
0 310 290 
0 311 304 
0 312 5 227 
0 313 228 293 
0 314 17 
0 315 293 
0 316 301 
0 317 19 
0 318 206 
0 319 236 
0 320 5 
0 321 209 
0 322 302 
0 323 7 47 53 297 
0 324 18 
0 325 54 
0 326 5 7 45 
0 327 24 329 331 334 365 368 369 
0 328 330 343 
0 329 327 350 361 
0 330 328 335 355 
0 331 327 332 353 
0 332 331 
0 333 338 
0 334 25 327 341 
0 335 25 330 339 
0 336 350 
0 337 25 
0 338 24 333 
0 339 335 352 366 
0 340 24 
0 341 334 
0 342 358 
0 343 328 
0 344 23 
0 345 23 
0 346 
0 347 354 
0 348 24 
0 349 355 
0 350 329 336 
0 351 354 
0 352 339 371 
0 353 331 
0 354 8 347 351 
0 355 330 349 
0 356 
0 357 
0 358 8 342 359 
0 359 358 
0 360 
0 361 329 
0 362 8 
0 363 
0 364 8 25 
0 365 327 
0 366 339 
0 367 
0 368 327 
0 369 327 
0 370 8 
0 371 352 
0 372 0 4 
0 373 0 2 
0 374 0 1 6 
0 375 0 
0 376 0 2 4 
0 377 0 1 6 
0 378 0 1 
0 379 0 
0 380 0 6 
0 381 0 2 4 
0 382 0 
0 383 0 4 
0 384 0 1 6 
0 385 0 2 
0 386 0 6 
0 387 0 
0 388 0 4 
0 389 0 1 
0 390 0 1 4 
0 391 0 
0 392 0 2 6 
0 393 0 4 6 
0 394 0 1 
0 395 0 2 
0 396 0 2 4 
0 397 0 1 
0 398 0 
0 399 0 6 
0 400 0 2 
0 401 0 4 
1800 0 4 5 372 373 374 375 376 377 378 379 380 381 382 383 384 385 386 387 388 389 390 391 392 393 394 395 396 397 398 399 400 401 
1800 1 4 41 43 46 49 50 66 207 226 374 377 378 384 389 390 394 397 
1800 2 7 80 98 115 373 376 381 385 392 395 396 400 
1800 3 150 153 
1800 4 0 1 172 174 372 376 381 383 388 390 393 396 401 
1800 5 0 212 213 214 291 305 312 314 317 320 373 375 379 382 387 389 394 398 
1800 6 261 277 
1800 7 2 21 211 216 291 293 297 310 315 374 378 380 382 386 392 394 398 400 
1800 8 23 335 338 344 353 355 364 370 
1800 9 43 47 54 59 237 
1800 10 37 40 51 56 63 
1800 11 73 80 81 106 
1800 12 76 78 86 94 95 99 100 107 
1800 13 138 148 154 
1800 14 140 150 
1800 15 176 184 190 205 
1800 16 169 190 
1800 17 18 208 293 304 321 
1800 18 17 215 233 234 
1800 19 231 236 307 319 326 
1800 20 258 
1800 21 7 219 220 222 294 
1800 22 207 322 
1800 23 8 330 369 371 
1800 24 344 357 358 
1800 25 329 352 362 
1800 26 28 29 36 48 49 61 
1800 27 29 
1800 28 26 68 300 
1800 29 26 27 33 231 
1800 30 36 39 40 62 
1800 31 47 290 
1800 32 237 299 323 
1800 33 29 288 
1800 34 
1800 35 57 62 
1800 36 26 30 
1800 37 10 67 
1800 38 49 60 
1800 39 30 58 
1800 40 10 30 
1800 41 1 69 
1800 42 323 
1800 43 1 9 52 65 
1800 44 62 296 303 313 
1800 45 210 224 227 298 301 316 
1800 46 1 
1800 47 9 31 
1800 48 26 
1800 49 1 26 38 
1800 50 1 
1800 51 10 
1800 52 43 
1800 53 301 
1800 54 9 
1800 55 323 
1800 56 10 
1800 57 35 
1800 58 39 
1800 59 9 
1800 60 38 
1800 61 26 
1800 62 30 35 44 
1800 63 10 
1800 64 301 
1800 65 43 
1800 66 1 
1800 67 37 
1800 68 28 
1800 69 41 
1800 70 103 108 118 
1800 71 77 80 100 
1800 72 
1800 73 11 79 
1800 74 94 96 
1800 75 83 
1800 76 12 87 93 
1800 77 71 88 92 
1800 78 12 104 116 117 
1800 79 73 85 108 
1800 80 2 11 71 
1800 81 11 110 
1800 82 104 
1800 83 75 94 109 
1800 84 
1800 85 79 
1800 86 12 
1800 87 76 
1800 88 77 
1800 89 
1800 90 96 
1800 91 
1800 92 77 
1800 93 76 
1800 94 12 74 83 
1800 95 12 119 
1800 96 74 90 
1800 97 
1800 98 2 
1800 99 12 
1800 100 12 71 101 
1800 101 100 
1800 102 
1800 103 70 
1800 104 78 82 
1800 105 119 
1800 106 11 
1800 107 12 
1800 108 70 79 
1800 109 83 
1800 110 81 113 
1800 111 
1800 112 
1800 113 110 
1800 114 
1800 115 2 
1800 116 78 
1800 117 78 
1800 118 70 
1800 119 95 105 
1800 120 149 
1800 121 
1800 122 
1800 123 136 139 
1800 124 129 
1800 125 
1800 126 136 
1800 127 151 
1800 128 145 155 
1800 129 124 
1800 130 139 
1800 131 141 
1800 132 
1800 133 144 
1800 134 
1800 135 147 
1800 136 123 126 142 146 148 
1800 137 
1800 138 13 144 
1800 139 123 130 140 
1800 140 14 139 147 151 
1800 141 131 153 
1800 142 136 152 
1800 143 146 
1800 144 133 138 155 157 
1800 145 128 
1800 146 136 143 
1800 147 135 140 149 
1800 148 13 136 
1800 149 120 147 158 
1800 150 3 14 
1800 151 127 140 
1800 152 142 
1800 153 3 141 
1800 154 13 
1800 155 128 144 
1800 156 
1800 157 144 
1800 158 149 
1800 159 167 171 184 
1800 160 166 
1800 161 162 180 185 198 205 
1800 162 161 170 202 
1800 163 171 186 
1800 164 172 
1800 165 
1800 166 160 176 
1800 167 159 168 175 
1800 168 167 
1800 169 16 
1800 170 162 192 194 201 
1800 171 159 163 189 
1800 172 4 164 179 
1800 173 
1800 174 4 178 186 191 
1800 175 167 
1800 176 15 166 197 
1800 177 178 
1800 178 174 177 182 
1800 179 172 187 193 
1800 180 161 196 200 
1800 181 
1800 182 178 
1800 183 
1800 184 15 159 195 204 
1800 185 161 
1800 186 163 174 
1800 187 179 
1800 188 190 
1800 189 171 
1800 190 15 16 188 
1800 191 174 199 
1800 192 170 
1800 193 179 
1800 194 170 
1800 195 184 
1800 196 180 
1800 197 176 
1800 198 161 
1800 199 191 
1800 200 180 
1800 201 170 
1800 202 162 
1800 203 
1800 204 184 
1800 205 15 161 
1800 206 296 
1800 207 1 22 289 
1800 208 17 
1800 209 297 
1800 210 45 
1800 211 7 
1800 212 5 
1800 213 5 
1800 214 5 
1800 215 18 
1800 216 7 
1800 217 319 
1800 218 288 
1800 219 21 
1800 220 21 
1800 221 313 
1800 222 21 
1800 223 304 
1800 224 45 
1800 225 300 311 
1800 226 1 235 
1800 227 45 
1800 228 292 
1800 229 317 
1800 230 
1800 231 19 29 
1800 232 304 
1800 233 18 
1800 234 18 
1800 235 226 
1800 236 19 
1800 237 9 32 
1800 238 262 
1800 239 268 272 280 
1800 240 253 
1800 241 274 
1800 242 282 
1800 243 250 270 278 
1800 244 266 
1800 245 262 273 
1800 246 263 278 
1800 247 273 
1800 248 252 
1800 249 277 
1800 250 243 254 
1800 251 281 
1800 252 248 273 275 
1800 253 240 255 271 
1800 254 250 
1800 255 253 
1800 256 257 274 
1800 257 256 262 
1800 258 20 262 276 
1800 259 
1800 260 
1800 261 6 
1800 262 238 245 257 258 266 
1800 263 246 
1800 264 
1800 265 
1800 266 244 262 269 271 
1800 267 
1800 268 239 282 
1800 269 266 
1800 270 243 279 
1800 271 253 266 272 277 
1800 272 239 271 
1800 273 245 247 252 
1800 274 241 256 278 
1800 275 252 281 
1800 276 258 
1800 277 6 249 271 284 
1800 278 243 246 274 
1800 279 270 
1800 280 239 
1800 281 251 275 283 
1800 282 242 268 285 287 
1800 283 281 
1800 284 277 
1800 285 282 
1800 286 
1800 287 282 
1800 288 33 218 308 325 
1800 289 207 295 
1800 290 31 
1800 291 5 7 
1800 292 228 300 
1800 293 7 17 
1800 294 21 324 
1800 295 289 
1800 296 44 206 
1800 297 7 209 
1800 298 45 
1800 299 32 301 
1800 300 28 225 292 
1800 301 45 53 64 299 306 
1800 302 323 
1800 303 44 
1800 304 17 223 232 
1800 305 5 
1800 306 301 
1800 307 19 
1800 308 288 
1800 309 312 
1800 310 7 
1800 311 225 
1800 312 5 309 
1800 313 44 221 
1800 314 5 
1800 315 7 
1800 316 45 318 
1800 317 5 229 
1800 318 316 
1800 319 19 217 
1800 320 5 
1800 321 17 
1800 322 22 
1800 323 32 42 55 302 
1800 324 294 
1800 325 288 
1800 326 19 
1800 327 330 333 337 349 352 
1800 328 349 
1800 329 25 331 334 348 366 
1800 330 23 327 354 
1800 331 329 365 
1800 332 345 364 
1800 333 327 336 
1800 334 329 359 363 367 
1800 335 8 341 
1800 336 333 
1800 337 327 
1800 338 8 361 
1800 339 358 
1800 340 
1800 341 335 
1800 342 
1800 343 365 
1800 344 8 24 
1800 345 332 
1800 346 
1800 347 
1800 348 329 
1800 349 327 328 
1800 350 351 352 
1800 351 350 
1800 352 25 327 350 
1800 353 8 
1800 354 330 
1800 355 8 
1800 356 
1800 357 24 
1800 358 24 339 
1800 359 334 
1800 360 
1800 361 338 
1800 362 25 
1800 363 334 
1800 364 8 332 
1800 365 331 343 
1800 366 329 
1800 367 334 
1800 368 
1800 369 23 
1800 370 8 
1800 371 23 
1800 372 0 4 
1800 373 0 2 5 
1800 374 0 1 7 
1800 375 0 5 
1800 376 0 2 4 
1800 377 0 1 
1800 378 0 1 7 
1800 379 0 5 
1800 380 0 7 
1800 381 0 2 4 
1800 382 0 5 7 
1800 383 0 4 
1800 384 0 1 
1800 385 0 2 
1800 386 0 7 
1800 387 0 5 
1800 388 0 4 
1800 389 0 1 5 
1800 390 0 1 4 
1800 391 0 
1800 392 0 2 7 
1800 393 0 4 
1800 394 0 1 5 7 
1800 395 0 2 
1800 396 0 2 4 
1800 397 0 1 
1800 398 0 5 7 
1800 399 0 
1800 400 0 2 7 
1800 401 0 4 
3600 0 3 6 372 373 374 375 376 377 378 379 380 381 382 383 384 385 386 387 388 389 390 391 392 393 394 395 396 397 398 399 400 401 
3600 1 5 40 46 51 59 64 231 237 374 377 378 384 389 390 394 397 
3600 2 6 81 91 95 98 373 376 381 385 392 395 396 400 
3600 3 0 4 122 123 375 377 380 382 387 391 395 396 400 
3600 4 3 190 191 192 197 372 376 381 383 388 390 393 396 401 
3600 5 1 19 219 223 300 302 373 375 379 382 387 389 394 398 
3600 6 0 2 374 377 380 384 386 392 393 399 
3600 7 17 21 216 221 222 224 293 294 296 303 307 312 316 320 
3600 8 23 334 348 365 
3600 9 35 49 207 
3600 10 38 40 226 
3600 11 110 113 
3600 12 99 105 
3600 13 14 150 
3600 14 13 121 133 142 152 
3600 15 188 205 
3600 16 168 170 172 189 193 197 
3600 17 7 213 217 229 289 318 324 
3600 18 44 233 290 322 
3600 19 5 215 315 
3600 20 272 
3600 21 7 206 209 
3600 22 292 317 323 
3600 23 8 338 340 341 355 364 
3600 24 331 349 352 355 359 
3600 25 337 338 368 
3600 26 27 28 33 55 57 62 
3600 27 26 29 35 41 54 59 
3600 28 26 34 36 
3600 29 27 37 42 63 
3600 30 62 297 
3600 31 212 219 220 225 234 
3600 32 323 
3600 33 26 50 60 
3600 34 28 
3600 35 9 27 39 
3600 36 28 47 67 
3600 37 29 43 
3600 38 10 45 
3600 39 35 56 65 
3600 40 1 10 61 
3600 41 27 
3600 42 29 
3600 43 37 
3600 44 18 301 
3600 45 38 
3600 46 1 
3600 47 36 
3600 48 49 
3600 49 9 48 
3600 50 33 
3600 51 1 
3600 52 68 301 309 
3600 53 325 
3600 54 27 
3600 55 26 
3600 56 39 66 
3600 57 26 
3600 58 59 
3600 59 1 27 58 
3600 60 33 
3600 61 40 
3600 62 26 30 
3600 63 29 
3600 64 1 
3600 65 39 
3600 66 56 
3600 67 36 
3600 68 52 
3600 69 325 
3600 70 86 92 
3600 71 79 80 81 85 109 112 
3600 72 112 
3600 73 94 95 108 113 
3600 74 91 
3600 75 99 
3600 76 79 83 
3600 77 
3600 78 94 
3600 79 71 76 
3600 80 71 102 
3600 81 2 71 99 103 106 115 
3600 82 92 
3600 83 76 86 87 
3600 84 
3600 85 71 116 
3600 86 70 83 88 104 
3600 87 83 93 
3600 88 86 117 
3600 89 92 
3600 90 118 
3600 91 2 74 
3600 92 70 82 89 118 
3600 93 87 119 
3600 94 73 78 
3600 95 2 73 
3600 96 
3600 97 
3600 98 2 100 
3600 99 12 75 81 101 
3600 100 98 
3600 101 99 
3600 102 80 
3600 103 81 
3600 104 86 
3600 105 12 107 
3600 106 81 
3600 107 105 
3600 108 73 
3600 109 71 
3600 110 11 
3600 111 
3600 112 71 72 
3600 113 11 73 
3600 114 116 
3600 115 81 
3600 116 85 114 
3600 117 88 
3600 118 90 92 
3600 119 93 
3600 120 145 
3600 121 14 145 155 158 
3600 122 3 
3600 123 3 149 
3600 124 
3600 125 145 
3600 126 129 
3600 127 128 139 
3600 128 127 144 154 
3600 129 126 
3600 130 149 
3600 131 149 
3600 132 158 
3600 133 14 147 
3600 134 143 146 
3600 135 145 
3600 136 140 151 156 
3600 137 
3600 138 140 
3600 139 127 140 149 157 
3600 140 136 138 139 150 
3600 141 156 
3600 142 14 
3600 143 134 
3600 144 128 
3600 145 120 121 125 135 153 
3600 146 134 147 148 
3600 147 133 146 
3600 148 146 
3600 149 123 130 131 139 
3600 150 13 140 
3600 151 136 
3600 152 14 
3600 153 145 
3600 154 128 
3600 155 121 
3600 156 136 141 
3600 157 139 
3600 158 121 132 
3600 159 
3600 160 
3600 161 184 185 189 
3600 162 164 170 186 
3600 163 173 174 186 
3600 164 162 196 
3600 165 
3600 166 
3600 167 173 188 200 
3600 168 16 176 178 180 
3600 169 197 
3600 170 16 162 
3600 171 174 177 182 
3600 172 16 
3600 173 163 167 
3600 174 163 171 
3600 175 186 
3600 176 168 195 198 
3600 177 171 183 199 
3600 178 168 
3600 179 
3600 180 168 187 
3600 181 
3600 182 171 
3600 183 177 
3600 184 161 202 
3600 185 161 
3600 186 162 163 175 
3600 187 180 
3600 188 15 167 
3600 189 16 161 
3600 190 4 
3600 191 4 
3600 192 4 
3600 193 16 
3600 194 
3600 195 176 
3600 196 164 
3600 197 4 16 169 201 
3600 198 176 
3600 199 177 
3600 200 167 
3600 201 197 204 
3600 202 184 
3600 203 
3600 204 201 
3600 205 15 
3600 206 21 
3600 207 9 236 301 313 
3600 208 231 
3600 209 21 
3600 210 292 
3600 211 323 
3600 212 31 218 
3600 213 17 
3600 214 325 
3600 215 19 
3600 216 7 
3600 217 17 
3600 218 212 
3600 219 5 31 
3600 220 31 
3600 221 7 
3600 222 7 
3600 223 5 
3600 224 7 
3600 225 31 
3600 226 10 230 
3600 227 299 
3600 228 234 
3600 229 17 
3600 230 226 
3600 231 1 208 
3600 232 304 
3600 233 18 
3600 234 31 228 
3600 235 325 
3600 236 207 
3600 237 1 
3600 238 261 
3600 239 266 271 
3600 240 262 
3600 241 268 282 
3600 242 251 282 
3600 243 272 
3600 244 266 287 
3600 245 287 
3600 246 278 
3600 247 272 276 
3600 248 263 
3600 249 266 
3600 250 282 
3600 251 242 
3600 252 256 261 
3600 253 271 
3600 254 266 
3600 255 
3600 256 252 274 
3600 257 261 262 273 
3600 258 281 
3600 259 282 
3600 260 275 
3600 261 238 252 257 268 270 275 
3600 262 240 257 272 284 
3600 263 248 
3600 264 
3600 265 269 
3600 266 239 244 249 254 275 281 
3600 267 
3600 268 241 261 
3600 269 265 
3600 270 261 
3600 271 239 253 278 
3600 272 20 243 247 262 
3600 273 257 279 
3600 274 256 
3600 275 260 261 266 
3600 276 247 
3600 277 
3600 278 246 271 
3600 279 273 
3600 280 
3600 281 258 266 
3600 282 241 242 250 259 286 
3600 283 
3600 284 262 
3600 285 287 
3600 286 282 
3600 287 244 245 285 
3600 288 307 319 
3600 289 17 321 
3600 290 18 305 
3600 291 312 
3600 292 22 210 
3600 293 7 
3600 294 7 
3600 295 300 
3600 296 7 301 306 314 
3600 297 30 
3600 298 314 
3600 299 227 301 325 
3600 300 5 295 323 
3600 301 44 52 207 296 299 
3600 302 5 308 
3600 303 7 
3600 304 232 309 
3600 305 290 
3600 306 296 
3600 307 7 288 
3600 308 302 
3600 309 52 304 326 
3600 310 323 
3600 311 314 
3600 312 7 291 
3600 313 207 
3600 314 296 298 311 
3600 315 19 
3600 316 7 
3600 317 22 
3600 318 17 
3600 319 288 
3600 320 7 
3600 321 289 
3600 322 18 
3600 323 22 32 211 300 310 
3600 324 17 
3600 325 53 69 214 235 299 
3600 326 309 
3600 327 334 357 
3600 328 
3600 329 345 370 
3600 330 338 
3600 331 24 344 370 
3600 332 333 341 366 
3600 333 332 335 336 
3600 334 8 327 362 
3600 335 333 358 
3600 336 333 343 
3600 337 25 339 350 
3600 338 23 25 330 361 369 
3600 339 337 
3600 340 23 371 
3600 341 23 332 
3600 342 
3600 343 336 
3600 344 331 
3600 345 329 
3600 346 
3600 347 
3600 348 8 363 
3600 349 24 
3600 350 337 353 
3600 351 353 
3600 352 24 
3600 353 350 351 
3600 354 368 
3600 355 23 24 
3600 356 
3600 357 327 
3600 358 335 
3600 359 24 
3600 360 
3600 361 338 
3600 362 334 
3600 363 348 
3600 364 23 
3600 365 8 
3600 366 332 
3600 367 
3600 368 25 354 
3600 369 338 
3600 370 329 331 
3600 371 340 
3600 372 0 4 
3600 373 0 2 5 
3600 374 0 1 6 
3600 375 0 3 5 
3600 376 0 2 4 
3600 377 0 1 3 6 
3600 378 0 1 
3600 379 0 5 
3600 380 0 3 6 
3600 381 0 2 4 
3600 382 0 3 5 
3600 383 0 4 
3600 384 0 1 6 
3600 385 0 2 
3600 386 0 6 
3600 387 0 3 5 
3600 388 0 4 
3600 389 0 1 5 
3600 390 0 1 4 
3600 391 0 3 
3600 392 0 2 6 
3600 393 0 4 6 
3600 394 0 1 5 
3600 395 0 2 3 
3600 396 0 2 3 4 
3600 397 0 1 
3600 398 0 5 
3600 399 0 6 
3600 400 0 2 3 
3600 401 0 4 
5400 0 
5400 1 5 10 26 41 45 49 60 69 226 301 316 326 374 377 378 384 389 390 394 397 
5400 2 6 79 83 373 376 381 385 392 395 396 400 
5400 3 126 135 136 150 
5400 4 8 15 164 167 168 173 176 180 195 372 376 381 383 388 390 393 396 401 
5400 5 1 7 22 211 221 225 297 302 315 324 373 375 379 382 387 389 394 398 
5400 6 2 7 239 374 377 380 384 386 392 393 399 
5400 7 5 6 17 210 217 220 306 318 374 378 380 382 386 392 394 398 400 
5400 8 4 336 359 373 376 381 384 389 390 393 397 399 
5400 9 29 35 37 44 59 
5400 10 1 32 44 46 52 53 55 57 
5400 11 79 
5400 12 73 92 
5400 13 123 150 
5400 14 158 
5400 15 4 171 
5400 16 171 175 193 198 
5400 17 7 219 322 
5400 18 19 316 
5400 19 18 215 233 313 317 
5400 20 239 
5400 21 312 320 
5400 22 5 234 
5400 23 337 340 
5400 24 331 333 335 337 345 357 362 364 
5400 25 335 348 361 365 
5400 26 1 34 39 
5400 27 41 62 
5400 28 50 56 69 
5400 29 9 33 
5400 30 33 
5400 31 34 216 290 
5400 32 10 61 237 
5400 33 29 30 64 
5400 34 26 31 43 
5400 35 9 42 47 58 65 
5400 36 52 
5400 37 9 48 54 63 
5400 38 301 
5400 39 26 
5400 40 56 
5400 41 1 27 
5400 42 35 67 
5400 43 34 
5400 44 9 10 207 
5400 45 1 
5400 46 10 
5400 47 35 
5400 48 37 231 
5400 49 1 66 
5400 50 28 
5400 51 57 
5400 52 10 36 
5400 53 10 
5400 54 37 
5400 55 10 
5400 56 28 40 
5400 57 10 51 
5400 58 35 
5400 59 9 
5400 60 1 
5400 61 32 236 
5400 62 27 
5400 63 37 
5400 64 33 
5400 65 35 
5400 66 49 
5400 67 42 
5400 68 226 
5400 69 1 28 206 209 213 214 223 294 
5400 70 79 80 98 99 102 103 110 115 
5400 71 83 108 
5400 72 85 
5400 73 12 74 
5400 74 73 
5400 75 83 91 112 
5400 76 
5400 77 101 107 115 117 
5400 78 98 
5400 79 2 11 70 87 
5400 80 70 88 89 116 
5400 81 86 91 94 96 113 
5400 82 
5400 83 2 71 75 
5400 84 95 
5400 85 72 89 105 
5400 86 81 
5400 87 79 93 
5400 88 80 
5400 89 80 85 
5400 90 118 
5400 91 75 81 100 
5400 92 12 105 
5400 93 87 106 
5400 94 81 
5400 95 84 110 
5400 96 81 
5400 97 
5400 98 70 78 
5400 99 70 104 
5400 100 91 119 
5400 101 77 
5400 102 70 
5400 103 70 
5400 104 99 
5400 105 85 92 
5400 106 93 
5400 107 77 
5400 108 71 
5400 109 
5400 110 70 95 
5400 111 
5400 112 75 
5400 113 81 
5400 114 116 
5400 115 70 77 
5400 116 80 114 
5400 117 77 
5400 118 90 
5400 119 100 
5400 120 147 
5400 121 140 
5400 122 153 
5400 123 13 134 141 
5400 124 
5400 125 139 
5400 126 3 140 
5400 127 135 
5400 128 155 157 
5400 129 133 
5400 130 136 139 144 154 
5400 131 
5400 132 
5400 133 129 167 
5400 134 123 
5400 135 3 127 
5400 136 3 130 153 
5400 137 
5400 138 
5400 139 125 130 151 155 
5400 140 121 126 147 158 
5400 141 123 143 
5400 142 148 
5400 143 141 
5400 144 130 
5400 145 155 
5400 146 158 
5400 147 120 140 
5400 148 142 158 
5400 149 151 
5400 150 3 13 
5400 151 139 149 
5400 152 153 
5400 153 122 136 152 
5400 154 130 
5400 155 128 139 145 
5400 156 
5400 157 128 
5400 158 14 140 146 148 
5400 159 170 189 194 
5400 160 166 
5400 161 173 
5400 162 174 195 
5400 163 170 184 190 193 200 204 
5400 164 4 
5400 165 
5400 166 160 179 
5400 167 4 133 169 172 
5400 168 4 177 191 
5400 169 167 201 202 
5400 170 159 163 182 
5400 171 15 16 
5400 172 167 
5400 173 4 161 
5400 174 162 179 196 197 
5400 175 16 199 
5400 176 4 187 
5400 177 168 
5400 178 190 
5400 179 166 174 
5400 180 4 
5400 181 
5400 182 170 186 
5400 183 194 
5400 184 163 
5400 185 188 
5400 186 182 192 
5400 187 176 
5400 188 185 
5400 189 159 203 
5400 190 163 178 
5400 191 168 
5400 192 186 
5400 193 16 163 
5400 194 159 183 
5400 195 4 162 
5400 196 174 
5400 197 174 
5400 198 16 
5400 199 175 
5400 200 163 
5400 201 169 
5400 202 169 
5400 203 189 
5400 204 163 
5400 205 
5400 206 69 
5400 207 44 208 312 
5400 208 207 
5400 209 69 
5400 210 7 
5400 211 5 299 
5400 212 313 
5400 213 69 295 
5400 214 69 
5400 215 19 
5400 216 31 235 309 
5400 217 7 
5400 218 236 
5400 219 17 
5400 220 7 228 
5400 221 5 
5400 222 326 
5400 223 69 
5400 224 323 
5400 225 5 
5400 226 1 68 
5400 227 316 
5400 228 220 
5400 229 294 
5400 230 326 
5400 231 48 293 307 
5400 232 291 
5400 233 19 
5400 234 22 
5400 235 216 
5400 236 61 218 
5400 237 32 298 
5400 238 
5400 239 6 20 287 
5400 240 274 277 
5400 241 281 
5400 242 262 
5400 243 260 262 266 
5400 244 279 
5400 245 259 273 
5400 246 274 
5400 247 248 271 
5400 248 247 256 
5400 249 261 272 
5400 250 262 268 277 280 
5400 251 
5400 252 276 
5400 253 286 
5400 254 257 
5400 255 280 
5400 256 248 278 
5400 257 254 272 273 
5400 258 
5400 259 245 
5400 260 243 
5400 261 249 262 
5400 262 242 243 250 261 
5400 263 
5400 264 273 
5400 265 
5400 266 243 
5400 267 
5400 268 250 282 
5400 269 
5400 270 277 278 279 286 
5400 271 247 
5400 272 249 257 
5400 273 245 257 264 
5400 274 240 246 
5400 275 
5400 276 252 279 
5400 277 240 250 270 281 285 
5400 278 256 270 284 
5400 279 244 270 276 
5400 280 250 255 
5400 281 241 277 
5400 282 268 
5400 283 312 
5400 284 278 
5400 285 277 287 
5400 286 253 270 
5400 287 239 285 
5400 288 313 
5400 289 306 321 325 
5400 290 31 291 
5400 291 232 290 
5400 292 296 305 326 
5400 293 231 304 
5400 294 69 229 
5400 295 213 
5400 296 292 
5400 297 5 300 
5400 298 237 
5400 299 211 
5400 300 297 
5400 301 1 38 323 
5400 302 5 
5400 303 316 
5400 304 293 308 
5400 305 292 319 
5400 306 7 289 
5400 307 231 
5400 308 304 
5400 309 216 
5400 310 323 
5400 311 
5400 312 21 207 283 
5400 313 19 212 288 
5400 314 326 
5400 315 5 
5400 316 1 18 227 303 
5400 317 19 
5400 318 7 
5400 319 305 
5400 320 21 
5400 321 289 
5400 322 17 
5400 323 224 301 310 
5400 324 5 
5400 325 289 
5400 326 1 222 230 292 314 
5400 327 341 343 364 
5400 328 348 363 
5400 329 340 
5400 330 341 349 370 
5400 331 24 
5400 332 337 353 369 
5400 333 24 354 
5400 334 344 350 362 368 
5400 335 24 25 336 366 
5400 336 8 335 355 
5400 337 23 24 332 
5400 338 343 
5400 339 340 
5400 340 23 329 339 
5400 341 327 330 
5400 342 365 
5400 343 327 338 
5400 344 334 351 
5400 345 24 
5400 346 364 
5400 347 351 
5400 348 25 328 
5400 349 330 
5400 350 334 
5400 351 344 347 
5400 352 356 360 
5400 353 332 
5400 354 333 
5400 355 336 358 
5400 356 352 
5400 357 24 371 
5400 358 355 
5400 359 8 
5400 360 352 
5400 361 25 
5400 362 24 334 
5400 363 328 367 
5400 364 24 327 346 
5400 365 25 342 
5400 366 335 
5400 367 363 
5400 368 334 
5400 369 332 
5400 370 330 
5400 371 357 
5400 372 4 
5400 373 2 5 8 
5400 374 1 6 7 
5400 375 5 
5400 376 2 4 8 
5400 377 1 6 
5400 378 1 7 
5400 379 5 
5400 380 6 7 
5400 381 2 4 8 
5400 382 5 7 
5400 383 4 
5400 384 1 6 8 
5400 385 2 
5400 386 6 7 
5400 387 5 
5400 388 4 
5400 389 1 5 8 
5400 390 1 4 8 
5400 392 2 6 7 
5400 393 4 6 8 
5400 394 1 5 7 
5400 395 2 
5400 396 2 4 
5400 397 1 8 
5400 398 5 7 
5400 399 6 8 
5400 400 2 7 
5400 401 4 
7200 0 
7200 1 3 4 35 374 377 378 384 389 390 394 397 
7200 2 73 80 99 101 117 
7200 3 1 121 123 147 375 377 380 382 387 391 395 396 400 
7200 4 1 161 177 179 199 201 372 376 381 383 388 390 393 396 401 
7200 5 17 213 217 224 232 234 304 316 319 
7200 6 243 246 253 274 
7200 7 17 19 210 221 289 296 298 299 307 
7200 8 25 344 348 352 
7200 9 28 41 50 64 66 
7200 10 32 58 
7200 11 98 100 102 104 
7200 12 70 71 78 79 94 102 117 
7200 13 126 138 142 144 148 149 154 
7200 14 125 128 151 
7200 15 192 
7200 16 159 191 192 204 
7200 17 5 7 18 300 
7200 18 17 216 225 227 313 
7200 19 7 222 291 
7200 20 256 279 285 
7200 21 36 223 318 
7200 22 219 296 310 
7200 23 338 343 350 366 368 
7200 24 333 340 
7200 25 8 
7200 26 34 59 64 
7200 27 41 63 
7200 28 9 37 46 56 68 235 323 
7200 29 301 
7200 30 47 49 
7200 31 37 
7200 32 10 42 53 55 207 
7200 33 47 67 
7200 34 26 40 53 
7200 35 1 53 60 
7200 36 21 38 231 235 297 309 
7200 37 28 31 43 52 
7200 38 36 
7200 39 45 47 
7200 40 34 69 
7200 41 9 27 61 237 301 
7200 42 32 
7200 43 37 
7200 44 62 323 
7200 45 39 51 226 
7200 46 28 
7200 47 30 33 39 290 
7200 48 54 231 
7200 49 30 208 323 
7200 50 9 
7200 51 45 
7200 52 37 
7200 53 32 34 35 
7200 54 48 
7200 55 32 
7200 56 28 
7200 57 323 
7200 58 10 
7200 59 26 
7200 60 35 
7200 61 41 
7200 62 44 
7200 63 27 
7200 64 9 26 
7200 65 323 
7200 66 9 
7200 67 33 
7200 68 28 
7200 69 40 
7200 70 12 83 
7200 71 12 
7200 72 75 112 
7200 73 2 85 88 107 
7200 74 79 96 103 110 
7200 75 72 78 105 108 109 
7200 76 84 85 92 
7200 77 101 
7200 78 12 75 81 
7200 79 12 74 
7200 80 2 90 95 
7200 81 78 
7200 82 105 
7200 83 70 86 
7200 84 76 
7200 85 73 76 
7200 86 83 
7200 87 88 106 
7200 88 73 87 
7200 89 
7200 90 80 
7200 91 96 97 
7200 92 76 
7200 93 99 115 119 
7200 94 12 113 
7200 95 80 
7200 96 74 91 
7200 97 91 
7200 98 11 116 
7200 99 2 93 
7200 100 11 
7200 101 2 77 
7200 102 11 12 
7200 103 74 
7200 104 11 
7200 105 75 82 
7200 106 87 
7200 107 73 111 
7200 108 75 
7200 109 75 
7200 110 74 118 
7200 111 107 
7200 112 72 
7200 113 94 
7200 114 
7200 115 93 
7200 116 98 
7200 117 2 12 
7200 118 110 
7200 119 93 
7200 120 150 
7200 121 3 
7200 122 157 
7200 123 3 140 
7200 124 130 
7200 125 14 
7200 126 13 
7200 127 150 
7200 128 14 137 144 150 153 155 
7200 129 
7200 130 124 142 
7200 131 
7200 132 152 
7200 133 148 
7200 134 143 
7200 135 151 
7200 136 153 
7200 137 128 157 
7200 138 13 
7200 139 
7200 140 123 144 
7200 141 
7200 142 13 130 
7200 143 134 148 
7200 144 13 128 140 
7200 145 149 
7200 146 
7200 147 3 152 
7200 148 13 133 143 
7200 149 13 145 158 
7200 150 120 127 128 
7200 151 14 135 
7200 152 132 147 
7200 153 128 136 
7200 154 13 
7200 155 128 
7200 156 
7200 157 122 137 
7200 158 149 
7200 159 16 
7200 160 
7200 161 4 173 182 189 
7200 162 178 180 200 
7200 163 170 174 177 187 193 195 198 
7200 164 
7200 165 186 
7200 166 
7200 167 170 
7200 168 200 
7200 169 176 179 197 205 
7200 170 163 167 
7200 171 172 198 204 
7200 172 171 186 
7200 173 161 200 
7200 174 163 175 
7200 175 174 
7200 176 169 
7200 177 4 163 184 
7200 178 162 190 
7200 179 4 169 
7200 180 162 
7200 181 203 
7200 182 161 
7200 183 
7200 184 177 
7200 185 201 
7200 186 165 172 
7200 187 163 
7200 188 
7200 189 161 
7200 190 178 
7200 191 16 
7200 192 15 16 
7200 193 163 
7200 194 
7200 195 163 
7200 196 
7200 197 169 
7200 198 163 171 
7200 199 4 
7200 200 162 168 173 
7200 201 4 185 
7200 202 
7200 203 181 
7200 204 16 171 
7200 205 169 
7200 206 313 
7200 207 32 
7200 208 49 302 
7200 209 210 
7200 210 7 209 
7200 211 212 
7200 212 211 296 
7200 213 5 
7200 214 296 
7200 215 288 
7200 216 18 314 
7200 217 5 
7200 218 
7200 219 22 
7200 220 293 
7200 221 7 
7200 222 19 
7200 223 21 
7200 224 5 
7200 225 18 
7200 226 45 
7200 227 18 
7200 228 291 
7200 229 231 
7200 230 295 
7200 231 36 48 229 294 
7200 232 5 
7200 233 293 
7200 234 5 
7200 235 28 36 
7200 236 306 
7200 237 41 
7200 238 
7200 239 262 266 
7200 240 256 
7200 241 266 268 
7200 242 256 273 286 
7200 243 6 250 
7200 244 274 
7200 245 273 
7200 246 6 262 284 
7200 247 256 
7200 248 
7200 249 279 
7200 250 243 254 
7200 251 263 301 
7200 252 272 
7200 253 6 256 259 
7200 254 250 271 
7200 255 
7200 256 20 240 242 247 253 
7200 257 265 285 
7200 258 281 282 287 
7200 259 253 
7200 260 261 
7200 261 260 268 276 
7200 262 239 246 
7200 263 251 280 
7200 264 
7200 265 257 
7200 266 239 241 272 
7200 267 280 
7200 268 241 261 282 
7200 269 
7200 270 272 277 
7200 271 254 
7200 272 252 266 270 
7200 273 242 245 
7200 274 6 244 
7200 275 287 
7200 276 261 
7200 277 270 
7200 278 
7200 279 20 249 
7200 280 263 267 
7200 281 258 
7200 282 258 268 
7200 283 295 325 
7200 284 246 
7200 285 20 257 
7200 286 242 
7200 287 258 275 
7200 288 215 289 317 
7200 289 7 288 308 
7200 290 47 298 312 326 
7200 291 19 228 303 
7200 292 308 324 
7200 293 220 233 301 
7200 294 231 305 
7200 295 230 283 
7200 296 7 22 212 214 
7200 297 36 
7200 298 7 290 
7200 299 7 
7200 300 17 320 321 322 
7200 301 29 41 251 293 
7200 302 208 
7200 303 291 
7200 304 5 306 
7200 305 294 
7200 306 236 304 
7200 307 7 
7200 308 289 292 
7200 309 36 
7200 310 22 
7200 311 319 
7200 312 290 
7200 313 18 206 
7200 314 216 
7200 315 317 
7200 316 5 
7200 317 288 315 
7200 318 21 
7200 319 5 311 
7200 320 300 
7200 321 300 
7200 322 300 
7200 323 28 44 49 57 65 
7200 324 292 
7200 325 283 
7200 326 290 
7200 327 337 340 341 364 
7200 328 343 363 
7200 329 359 
7200 330 332 341 343 348 358 361 362 
7200 331 332 353 
7200 332 330 331 334 370 
7200 333 24 
7200 334 332 
7200 335 341 345 349 
7200 336 357 360 
7200 337 327 342 
7200 338 23 359 
7200 339 362 
7200 340 24 327 357 
7200 341 327 330 335 351 
7200 342 337 365 
7200 343 23 328 330 
7200 344 8 355 
7200 345 335 
7200 346 
7200 347 
7200 348 8 330 
7200 349 335 
7200 350 23 371 
7200 351 341 
7200 352 8 
7200 353 331 
7200 354 361 
7200 355 344 
7200 356 
7200 357 336 340 
7200 358 330 
7200 359 329 338 
7200 360 336 
7200 361 330 354 
7200 362 330 339 
7200 363 328 367 
7200 364 327 
7200 365 342 
7200 366 23 
7200 367 363 
7200 368 23 
7200 369 
7200 370 332 
7200 371 350 
7200 372 4 
7200 374 1 
7200 375 3 
7200 376 4 
7200 377 1 3 
7200 378 1 
7200 380 3 
7200 381 4 
7200 382 3 
7200 383 4 
7200 384 1 
7200 387 3 
7200 388 4 
7200 389 1 
7200 390 1 4 
7200 391 3 
7200 393 4 
7200 394 1 
7200 395 3 
7200 396 3 4 
7200 397 1 
7200 400 3 
7200 401 4 
9000 0 
9000 1 4 8 9 31 37 40 44 46 51 52 54 58 323 374 377 378 384 389 390 394 397 
9000 2 78 86 100 101 
9000 3 121 126 140 148 
9000 4 1 16 161 170 175 187 197 202 372 376 381 383 388 390 393 396 401 
9000 5 210 220 223 225 232 300 305 309 
9000 6 250 253 271 279 
9000 7 206 210 293 302 312 313 314 
9000 8 1 23 339 340 349 350 354 364 368 373 376 381 384 389 390 393 397 399 
9000 9 1 10 29 35 36 55 63 66 
9000 10 9 38 42 48 57 61 67 237 
9000 11 74 88 95 98 
9000 12 78 116 117 
9000 13 130 140 151 
9000 14 125 148 149 
9000 15 172 189 
9000 16 4 167 199 200 
9000 17 21 224 227 289 
9000 18 213 219 297 318 319 
9000 19 221 234 237 299 321 
9000 20 241 261 
9000 21 17 207 215 294 315 
9000 22 293 316 
9000 23 8 24 330 336 337 355 358 359 365 
9000 24 23 341 346 352 
9000 25 329 330 343 369 
9000 26 31 34 39 226 
9000 27 38 60 
9000 28 57 
9000 29 9 41 
9000 30 51 
9000 31 1 26 297 
9000 32 36 53 62 
9000 33 301 
9000 34 26 45 59 69 
9000 35 9 56 
9000 36 9 32 
9000 37 1 
9000 38 10 27 
9000 39 26 47 
9000 40 1 
9000 41 29 
9000 42 10 
9000 43 57 
9000 44 1 
9000 45 34 64 
9000 46 1 
9000 47 39 216 218 
9000 48 10 
9000 49 51 
9000 50 226 310 
9000 51 1 30 49 
9000 52 1 
9000 53 32 65 
9000 54 1 
9000 55 9 
9000 56 35 
9000 57 10 28 43 
9000 58 1 
9000 59 34 
9000 60 27 301 
9000 61 10 
9000 62 32 
9000 63 9 
9000 64 45 
9000 65 53 
9000 66 9 
9000 67 10 
9000 68 226 325 
9000 69 34 
9000 70 80 95 
9000 71 103 
9000 72 
9000 73 99 103 
9000 74 11 77 102 
9000 75 94 103 108 110 113 
9000 76 79 87 92 98 108 119 
9000 77 74 83 86 109 115 
9000 78 2 12 
9000 79 76 85 106 
9000 80 70 104 107 
9000 81 83 
9000 82 117 
9000 83 77 81 105 
9000 84 108 
9000 85 79 93 
9000 86 2 77 
9000 87 76 112 118 
9000 88 11 91 
9000 89 
9000 90 
9000 91 88 
9000 92 76 
9000 93 85 
9000 94 75 
9000 95 11 70 
9000 96 
9000 97 
9000 98 11 76 
9000 99 73 
9000 100 2 
9000 101 2 
9000 102 74 
9000 103 71 73 75 
9000 104 80 
9000 105 83 
9000 106 79 
9000 107 80 
9000 108 75 76 84 
9000 109 77 
9000 110 75 
9000 111 117 
9000 112 87 
9000 113 75 
9000 114 
9000 115 77 
9000 116 12 
9000 117 12 82 111 
9000 118 87 
9000 119 76 
9000 120 146 
9000 121 3 158 
9000 122 139 
9000 123 140 147 
9000 124 
9000 125 14 152 153 
9000 126 3 
9000 127 147 
9000 128 145 154 
9000 129 
9000 130 13 132 
9000 131 
9000 132 130 
9000 133 142 150 
9000 134 
9000 135 144 
9000 136 141 144 147 
9000 137 146 
9000 138 151 
9000 139 122 149 155 
9000 140 3 13 123 142 146 
9000 141 136 
9000 142 133 140 
9000 143 
9000 144 135 136 157 
9000 145 128 149 
9000 146 120 137 140 
9000 147 123 127 136 
9000 148 3 14 
9000 149 14 139 145 
9000 150 133 
9000 151 13 138 
9000 152 125 
9000 153 125 
9000 154 128 
9000 155 139 
9000 156 
9000 157 144 
9000 158 121 
9000 159 200 204 
9000 160 
9000 161 4 
9000 162 163 170 191 
9000 163 162 169 174 185 
9000 164 201 
9000 165 186 
9000 166 204 
9000 167 16 179 
9000 168 191 198 
9000 169 163 205 
9000 170 4 162 180 
9000 171 179 
9000 172 15 173 182 197 
9000 173 172 
9000 174 163 184 
9000 175 4 193 
9000 176 182 
9000 177 185 
9000 178 188 
9000 179 167 171 
9000 180 170 201 
9000 181 
9000 182 172 176 
9000 183 194 
9000 184 174 
9000 185 163 177 
9000 186 165 
9000 187 4 
9000 188 178 
9000 189 15 
9000 190 193 195 
9000 191 162 168 194 
9000 192 202 
9000 193 175 190 
9000 194 183 191 
9000 195 190 
9000 196 
9000 197 4 172 
9000 198 168 
9000 199 16 
9000 200 16 159 
9000 201 164 180 
9000 202 4 192 
9000 203 205 
9000 204 159 166 
9000 205 169 203 
9000 206 7 
9000 207 21 291 310 326 
9000 208 292 
9000 209 323 
9000 210 5 7 
9000 211 237 
9000 212 304 
9000 213 18 
9000 214 294 
9000 215 21 
9000 216 47 
9000 217 309 
9000 218 47 
9000 219 18 
9000 220 5 
9000 221 19 
9000 222 302 
9000 223 5 
9000 224 17 
9000 225 5 229 
9000 226 26 50 68 
9000 227 17 
9000 228 234 
9000 229 225 
9000 230 295 325 
9000 231 305 
9000 232 5 
9000 233 293 
9000 234 19 228 
9000 235 289 
9000 236 301 
9000 237 10 19 211 296 308 
9000 238 
9000 239 258 
9000 240 287 
9000 241 20 248 
9000 242 248 
9000 243 258 268 
9000 244 282 
9000 245 
9000 246 286 
9000 247 268 
9000 248 241 242 303 
9000 249 277 
9000 250 6 280 
9000 251 278 
9000 252 262 
9000 253 6 262 
9000 254 286 
9000 255 
9000 256 266 285 
9000 257 271 
9000 258 239 243 
9000 259 285 
9000 260 262 
9000 261 20 270 
9000 262 252 253 260 
9000 263 282 
9000 264 
9000 265 
9000 266 256 268 278 
9000 267 280 
9000 268 243 247 266 271 273 277 
9000 269 
9000 270 261 271 282 
9000 271 6 257 268 270 286 
9000 272 285 287 
9000 273 268 275 
9000 274 278 
9000 275 273 
9000 276 286 
9000 277 249 268 
9000 278 251 266 274 281 
9000 279 6 
9000 280 250 267 
9000 281 278 
9000 282 244 263 270 
9000 283 284 
9000 284 283 
9000 285 256 259 272 
9000 286 246 254 271 276 
9000 287 240 272 
9000 288 307 323 
9000 289 17 235 322 
9000 290 301 306 
9000 291 207 317 
9000 292 208 296 
9000 293 7 22 233 
9000 294 21 214 
9000 295 230 
9000 296 237 292 
9000 297 18 31 
9000 298 304 323 
9000 299 19 
9000 300 5 
9000 301 33 60 236 290 320 
9000 302 7 222 
9000 303 248 307 
9000 304 212 298 
9000 305 5 231 323 
9000 306 290 
9000 307 288 303 
9000 308 237 
9000 309 5 217 
9000 310 50 207 
9000 311 319 
9000 312 7 
9000 313 7 
9000 314 7 
9000 315 21 324 
9000 316 22 
9000 317 291 
9000 318 18 
9000 319 18 311 
9000 320 301 
9000 321 19 
9000 322 289 
9000 323 1 209 288 298 305 
9000 324 315 
9000 325 68 230 
9000 326 207 
9000 327 339 357 371 
9000 328 367 
9000 329 25 333 344 351 
9000 330 23 25 338 
9000 331 333 362 
9000 332 340 
9000 333 329 331 345 
9000 334 343 348 
9000 335 350 
9000 336 23 
9000 337 23 361 
9000 338 330 
9000 339 8 327 
9000 340 8 332 
9000 341 24 
9000 342 
9000 343 25 334 
9000 344 329 
9000 345 333 370 
9000 346 24 
9000 347 
9000 348 334 
9000 349 8 
9000 350 8 335 
9000 351 329 
9000 352 24 
9000 353 366 
9000 354 8 360 
9000 355 23 
9000 356 
9000 357 327 
9000 358 23 
9000 359 23 
9000 360 354 
9000 361 337 
9000 362 331 
9000 363 
9000 364 8 
9000 365 23 
9000 366 353 368 
9000 367 328 
9000 368 8 366 
9000 369 25 
9000 370 345 
9000 371 327 
9000 372 4 
9000 373 8 
9000 374 1 
9000 376 4 8 
9000 377 1 
9000 378 1 
9000 381 4 8 
9000 383 4 
9000 384 1 8 
9000 388 4 
9000 389 1 8 
9000 390 1 4 8 
9000 393 4 8 
9000 394 1 
9000 396 4 
9000 397 1 8 
9000 399 8 
9000 401 4 
10800 0 
10800 1 6 29 41 297 374 377 378 384 389 390 394 397 
10800 2 77 87 
10800 3 155 158 
10800 4 172 173 180 198 
10800 5 8 208 211 213 298 299 312 317 322 373 375 379 382 387 389 394 398 
10800 6 1 20 242 244 246 273 282 284 286 287 374 377 380 384 386 392 393 399 
10800 7 19 22 217 237 290 300 305 320 
10800 8 5 329 340 345 359 361 373 376 381 384 389 390 393 397 399 
10800 9 32 39 46 57 207 323 
10800 10 27 34 41 49 59 
10800 11 91 95 107 108 109 110 111 119 
10800 12 73 79 92 102 106 116 
10800 13 122 135 136 148 
10800 14 120 128 130 133 
10800 15 173 174 184 187 193 
10800 16 159 171 189 192 193 201 
10800 17 18 224 225 294 314 321 
10800 18 17 223 
10800 19 7 
10800 20 6 240 271 278 281 
10800 21 211 308 
10800 22 7 206 288 306 
10800 23 334 362 
10800 24 344 345 358 
10800 25 339 351 368 369 
10800 26 31 37 44 61 65 68 233 299 300 326 
10800 27 10 
10800 28 54 68 216 
10800 29 1 33 226 
10800 30 61 
10800 31 26 63 230 
10800 32 9 51 56 
10800 33 29 
10800 34 10 325 
10800 35 46 
10800 36 48 62 226 
10800 37 26 55 
10800 38 39 40 60 
10800 39 9 38 
10800 40 38 69 291 
10800 41 1 10 42 
10800 42 41 66 
10800 43 44 67 
10800 44 26 43 
10800 45 47 301 323 
10800 46 9 35 
10800 47 45 
10800 48 36 
10800 49 10 52 
10800 50 301 
10800 51 32 
10800 52 49 
10800 53 301 
10800 54 28 
10800 55 37 
10800 56 32 
10800 57 9 58 
10800 58 57 
10800 59 10 294 301 316 
10800 60 38 
10800 61 26 30 
10800 62 36 
10800 63 31 
10800 64 323 
10800 65 26 
10800 66 42 
10800 67 43 
10800 68 26 28 
10800 69 40 215 
10800 70 75 92 
10800 71 73 86 100 107 
10800 72 91 
10800 73 12 71 85 103 
10800 74 84 90 92 
10800 75 70 76 94 104 105 112 
10800 76 75 101 
10800 77 2 80 88 90 118 
10800 78 103 
10800 79 12 
10800 80 77 
10800 81 100 
10800 82 105 
10800 83 115 
10800 84 74 98 
10800 85 73 
10800 86 71 99 
10800 87 2 
10800 88 77 
10800 89 
10800 90 74 77 
10800 91 11 72 113 
10800 92 12 70 74 
10800 93 102 
10800 94 75 
10800 95 11 
10800 96 118 
10800 97 
10800 98 84 
10800 99 86 
10800 100 71 81 115 
10800 101 76 
10800 102 12 93 
10800 103 73 78 
10800 104 75 
10800 105 75 82 
10800 106 12 
10800 107 11 71 
10800 108 11 
10800 109 11 
10800 110 11 
10800 111 11 
10800 112 75 
10800 113 91 
10800 114 117 
10800 115 83 100 
10800 116 12 
10800 117 114 
10800 118 77 96 
10800 119 11 
10800 120 14 145 
10800 121 147 
10800 122 13 
10800 123 150 
10800 124 
10800 125 150 
10800 126 153 
10800 127 128 157 
10800 128 14 127 155 
10800 129 
10800 130 14 140 
10800 131 136 
10800 132 140 
10800 133 14 
10800 134 141 
10800 135 13 
10800 136 13 131 139 150 
10800 137 
10800 138 146 
10800 139 136 158 
10800 140 130 132 144 
10800 141 134 
10800 142 150 154 
10800 143 
10800 144 140 151 152 
10800 145 120 
10800 146 138 148 
10800 147 121 158 
10800 148 13 146 153 
10800 149 150 
10800 150 123 125 136 142 149 
10800 151 144 
10800 152 144 
10800 153 126 148 
10800 154 142 
10800 155 3 128 
10800 156 
10800 157 127 
10800 158 3 139 147 
10800 159 16 168 169 170 202 
10800 160 172 
10800 161 162 167 173 191 
10800 162 161 179 
10800 163 174 195 
10800 164 174 182 
10800 165 
10800 166 
10800 167 161 197 200 
10800 168 159 175 203 204 
10800 169 159 
10800 170 159 177 
10800 171 16 
10800 172 4 160 196 199 
10800 173 4 15 161 176 
10800 174 15 163 164 
10800 175 168 
10800 176 173 
10800 177 170 
10800 178 
10800 179 162 185 
10800 180 4 
10800 181 
10800 182 164 
10800 183 
10800 184 15 
10800 185 179 
10800 186 193 205 
10800 187 15 194 
10800 188 
10800 189 16 
10800 190 
10800 191 161 
10800 192 16 
10800 193 15 16 186 
10800 194 187 
10800 195 163 
10800 196 172 
10800 197 167 
10800 198 4 
10800 199 172 
10800 200 167 
10800 201 16 
10800 202 159 
10800 203 168 
10800 204 168 
10800 205 186 
10800 206 22 
10800 207 9 235 289 303 324 
10800 208 5 
10800 209 234 297 
10800 210 297 
10800 211 5 21 
10800 212 288 
10800 213 5 
10800 214 302 
10800 215 69 
10800 216 28 218 
10800 217 7 
10800 218 216 
10800 219 313 
10800 220 292 
10800 221 297 
10800 222 290 
10800 223 18 
10800 224 17 315 
10800 225 17 
10800 226 29 36 
10800 227 237 
10800 228 320 
10800 229 292 
10800 230 31 
10800 231 290 
10800 232 289 311 
10800 233 26 
10800 234 209 
10800 235 207 
10800 236 323 
10800 237 7 227 292 
10800 238 249 
10800 239 273 
10800 240 20 
10800 241 256 
10800 242 6 248 272 
10800 243 245 
10800 244 6 
10800 245 243 262 
10800 246 6 
10800 247 269 285 
10800 248 242 261 
10800 249 238 266 
10800 250 256 274 
10800 251 254 
10800 252 262 
10800 253 262 266 
10800 254 251 268 
10800 255 280 
10800 256 241 250 276 
10800 257 271 
10800 258 273 277 280 
10800 259 
10800 260 
10800 261 248 
10800 262 245 252 253 285 
10800 263 
10800 264 
10800 265 
10800 266 249 253 270 282 
10800 267 
10800 268 254 285 
10800 269 247 
10800 270 266 
10800 271 20 257 274 
10800 272 242 
10800 273 6 239 258 
10800 274 250 271 
10800 275 
10800 276 256 
10800 277 258 279 
10800 278 20 
10800 279 277 
10800 280 255 258 
10800 281 20 
10800 282 6 266 
10800 283 
10800 284 6 
10800 285 247 262 268 
10800 286 6 
10800 287 6 
10800 288 22 212 
10800 289 207 232 
10800 290 7 222 231 296 301 319 
10800 291 40 
10800 292 220 229 237 
10800 293 301 
10800 294 17 59 
10800 295 
10800 296 290 313 
10800 297 1 209 210 221 
10800 298 5 
10800 299 5 26 
10800 300 7 26 
10800 301 45 50 53 59 290 293 302 
10800 302 214 301 304 
10800 303 207 
10800 304 302 307 
10800 305 7 
10800 306 22 
10800 307 304 
10800 308 21 
10800 309 310 
10800 310 309 323 
10800 311 232 
10800 312 5 
10800 313 219 296 
10800 314 17 
10800 315 224 
10800 316 59 
10800 317 5 
10800 318 319 
10800 319 290 318 
10800 320 7 228 
10800 321 17 
10800 322 5 
10800 323 9 45 64 236 310 
10800 324 207 
10800 325 34 
10800 326 26 
10800 327 341 344 357 365 
10800 328 357 
10800 329 8 330 348 352 363 
10800 330 329 339 350 370 
10800 331 344 349 362 371 
10800 332 336 343 351 
10800 333 370 
10800 334 23 338 355 366 
10800 335 341 
10800 336 332 
10800 337 370 
10800 338 334 353 
10800 339 25 330 
10800 340 8 354 364 
10800 341 327 335 
10800 342 358 
10800 343 332 
10800 344 24 327 331 
10800 345 8 24 
10800 346 
10800 347 
10800 348 329 
10800 349 331 
10800 350 330 
10800 351 25 332 
10800 352 329 
10800 353 338 
10800 354 340 
10800 355 334 
10800 356 
10800 357 327 328 
10800 358 24 342 
10800 359 8 
10800 360 
10800 361 8 
10800 362 23 331 
10800 363 329 
10800 364 340 
10800 365 327 
10800 366 334 
10800 367 
10800 368 25 
10800 369 25 
10800 370 330 333 337 
10800 371 331 
10800 373 5 8 
10800 374 1 6 
10800 375 5 
10800 376 8 
10800 377 1 6 
10800 378 1 
10800 379 5 
10800 380 6 
10800 381 8 
10800 382 5 
10800 384 1 6 8 
10800 386 6 
10800 387 5 
10800 389 1 5 8 
10800 390 1 8 
10800 392 6 
10800 393 6 8 
10800 394 1 5 
10800 397 1 8 
10800 398 5 
10800 399 6 8 
12600 0 6 372 373 374 375 376 377 378 379 380 381 382 383 384 385 386 387 388 389 390 391 392 393 394 395 396 397 398 399 400 401 
12600 1 32 46 67 226 
12600 2 5 12 70 71 77 81 83 93 106 110 373 376 381 385 392 395 396 400 
12600 3 7 136 142 144 148 158 375 377 380 382 387 391 395 396 400 
12600 4 163 169 174 180 189 197 202 
12600 5 2 224 288 316 322 373 375 379 382 387 389 394 398 
12600 6 0 249 253 256 270 374 377 380 384 386 392 393 399 
12600 7 3 35 211 223 230 312 315 320 374 378 380 382 386 392 394 398 400 
12600 8 339 343 
12600 9 27 29 40 60 65 
12600 10 33 37 43 44 59 323 
12600 11 76 115 
12600 12 2 78 79 95 99 103 
12600 13 145 
12600 14 136 153 
12600 15 16 187 
12600 16 15 190 199 
12600 17 207 314 317 319 321 324 
12600 18 306 313 
12600 19 212 222 225 234 297 298 303 
12600 20 271 287 
12600 21 209 297 
12600 22 213 304 308 
12600 23 362 369 
12600 24 332 359 361 
12600 25 327 336 367 
12600 26 28 45 49 66 
12600 27 9 35 39 52 56 61 
12600 28 26 50 236 288 
12600 29 9 42 47 69 207 237 290 
12600 30 31 37 38 41 45 53 56 
12600 31 30 32 63 289 296 
12600 32 1 31 48 62 64 
12600 33 10 57 
12600 34 
12600 35 7 27 291 
12600 36 
12600 37 10 30 51 
12600 38 30 231 
12600 39 27 55 
12600 40 9 305 
12600 41 30 68 
12600 42 29 
12600 43 10 
12600 44 10 
12600 45 26 30 
12600 46 1 54 
12600 47 29 
12600 48 32 
12600 49 26 
12600 50 28 
12600 51 37 
12600 52 27 293 306 
12600 53 30 
12600 54 46 
12600 55 39 58 
12600 56 27 30 
12600 57 33 
12600 58 55 
12600 59 10 
12600 60 9 299 
12600 61 27 
12600 62 32 
12600 63 31 
12600 64 32 
12600 65 9 
12600 66 26 
12600 67 1 
12600 68 41 
12600 69 29 
12600 70 2 92 
12600 71 2 72 113 
12600 72 71 97 
12600 73 76 86 106 
12600 74 109 116 118 
12600 75 102 110 
12600 76 11 73 
12600 77 2 88 105 116 
12600 78 12 84 94 
12600 79 12 108 
12600 80 
12600 81 2 91 
12600 82 
12600 83 2 
12600 84 78 98 101 
12600 85 
12600 86 73 
12600 87 113 
12600 88 77 
12600 89 
12600 90 
12600 91 81 
12600 92 70 
12600 93 2 
12600 94 78 
12600 95 12 
12600 96 
12600 97 72 
12600 98 84 107 
12600 99 12 
12600 100 116 
12600 101 84 
12600 102 75 
12600 103 12 
12600 104 110 
12600 105 77 
12600 106 2 73 
12600 107 98 
12600 108 79 
12600 109 74 
12600 110 2 75 104 
12600 111 
12600 112 
12600 113 71 87 
12600 114 
12600 115 11 
12600 116 74 77 100 119 
12600 117 
12600 118 74 
12600 119 116 
12600 120 145 
12600 121 149 
12600 122 140 
12600 123 133 
12600 124 139 
12600 125 141 154 
12600 126 136 
12600 127 150 
12600 128 133 144 
12600 129 
12600 130 142 147 149 
12600 131 146 
12600 132 
12600 133 123 128 145 
12600 134 
12600 135 142 
12600 136 3 14 126 155 
12600 137 
12600 138 153 
12600 139 124 155 157 
12600 140 122 144 150 154 
12600 141 125 
12600 142 3 130 135 
12600 143 155 
12600 144 3 128 140 
12600 145 13 120 133 
12600 146 131 
12600 147 130 
12600 148 3 
12600 149 121 130 
12600 150 127 140 152 
12600 151 155 
12600 152 150 
12600 153 14 138 
12600 154 125 140 
12600 155 136 139 143 151 
12600 156 
12600 157 139 
12600 158 3 
12600 159 
12600 160 170 
12600 161 174 196 
12600 162 172 180 182 192 193 
12600 163 4 179 195 
12600 164 192 
12600 165 170 
12600 166 
12600 167 180 185 191 
12600 168 187 198 
12600 169 4 184 187 205 
12600 170 160 165 176 179 200 204 
12600 171 192 
12600 172 162 186 194 
12600 173 187 
12600 174 4 161 175 
12600 175 174 177 178 
12600 176 170 
12600 177 175 
12600 178 175 
12600 179 163 170 
12600 180 4 162 167 
12600 181 
12600 182 162 
12600 183 
12600 184 169 
12600 185 167 188 
12600 186 172 
12600 187 15 168 169 173 
12600 188 185 
12600 189 4 201 
12600 190 16 
12600 191 167 
12600 192 162 164 171 
12600 193 162 
12600 194 172 
12600 195 163 
12600 196 161 
12600 197 4 
12600 198 168 
12600 199 16 
12600 200 170 
12600 201 189 
12600 202 4 
12600 203 
12600 204 170 
12600 205 169 
12600 206 291 
12600 207 17 29 220 318 325 
12600 208 319 
12600 209 21 
12600 210 294 
12600 211 7 
12600 212 19 
12600 213 22 300 
12600 214 288 
12600 215 228 297 
12600 216 294 
12600 217 304 
12600 218 300 
12600 219 294 
12600 220 207 
12600 221 298 
12600 222 19 
12600 223 7 
12600 224 5 
12600 225 19 
12600 226 1 227 
12600 227 226 
12600 228 215 
12600 229 288 
12600 230 7 
12600 231 38 292 
12600 232 304 
12600 233 293 
12600 234 19 
12600 235 292 
12600 236 28 
12600 237 29 
12600 238 
12600 239 268 277 281 
12600 240 260 268 
12600 241 261 
12600 242 271 
12600 243 266 
12600 244 271 273 
12600 245 
12600 246 277 
12600 247 258 269 
12600 248 262 
12600 249 6 272 
12600 250 262 279 
12600 251 253 
12600 252 271 
12600 253 6 251 266 280 
12600 254 266 
12600 255 280 
12600 256 6 261 262 274 
12600 257 275 
12600 258 247 272 282 
12600 259 268 
12600 260 240 
12600 261 241 256 268 
12600 262 248 250 256 286 
12600 263 
12600 264 
12600 265 
12600 266 243 253 254 278 
12600 267 
12600 268 239 240 259 261 275 
12600 269 247 
12600 270 6 
12600 271 20 242 244 252 
12600 272 249 258 
12600 273 244 275 285 
12600 274 256 
12600 275 257 268 273 
12600 276 
12600 277 239 246 
12600 278 266 284 
12600 279 250 
12600 280 253 255 
12600 281 239 
12600 282 258 
12600 283 
12600 284 278 
12600 285 273 
12600 286 262 
12600 287 20 
12600 288 5 28 214 229 
12600 289 31 
12600 290 29 301 309 
12600 291 35 206 
12600 292 231 235 295 304 
12600 293 52 233 
12600 294 210 216 219 322 
12600 295 292 
12600 296 31 
12600 297 19 21 215 323 
12600 298 19 221 
12600 299 60 
12600 300 213 218 311 
12600 301 290 326 
12600 302 323 
12600 303 19 
12600 304 22 217 232 292 310 
12600 305 40 
12600 306 18 52 
12600 307 322 
12600 308 22 
12600 309 290 
12600 310 304 
12600 311 300 
12600 312 7 
12600 313 18 
12600 314 17 
12600 315 7 
12600 316 5 
12600 317 17 
12600 318 207 
12600 319 17 208 
12600 320 7 
12600 321 17 
12600 322 5 294 307 
12600 323 10 297 302 
12600 324 17 
12600 325 207 
12600 326 301 
12600 327 25 344 353 363 369 370 
12600 328 
12600 329 345 349 
12600 330 335 339 353 360 
12600 331 333 343 361 
12600 332 24 341 348 
12600 333 331 342 
12600 334 340 350 355 369 
12600 335 330 358 
12600 336 25 338 349 
12600 337 341 354 368 
12600 338 336 
12600 339 8 330 
12600 340 334 
12600 341 332 337 352 
12600 342 333 346 371 
12600 343 8 331 365 
12600 344 327 
12600 345 329 
12600 346 342 
12600 347 
12600 348 332 364 
12600 349 329 336 
12600 350 334 366 
12600 351 361 
12600 352 341 
12600 353 327 330 
12600 354 337 
12600 355 334 
12600 356 
12600 357 
12600 358 335 
12600 359 24 
12600 360 330 
12600 361 24 331 351 
12600 362 23 
12600 363 327 
12600 364 348 
12600 365 343 
12600 366 350 
12600 367 25 
12600 368 337 
12600 369 23 327 334 
12600 370 327 
12600 371 342 
12600 372 0 
12600 373 0 2 5 
12600 374 0 6 7 
12600 375 0 3 5 
12600 376 0 2 
12600 377 0 3 6 
12600 378 0 7 
12600 379 0 5 
12600 380 0 3 6 7 
12600 381 0 2 
12600 382 0 3 5 7 
12600 383 0 
12600 384 0 6 
12600 385 0 2 
12600 386 0 6 7 
12600 387 0 3 5 
12600 388 0 
12600 389 0 5 
12600 390 0 
12600 391 0 3 
12600 392 0 2 6 7 
12600 393 0 6 
12600 394 0 5 7 
12600 395 0 2 3 
12600 396 0 2 3 
12600 397 0 
12600 398 0 5 7 
12600 399 0 6 
12600 400 0 2 3 7 
12600 401 0 
14400 0 4 8 372 373 374 375 376 377 378 379 380 381 382 383 384 385 386 387 388 389 390 391 392 393 394 395 396 397 398 399 400 401 
14400 1 9 30 32 36 37 38 42 46 62 69 
14400 2 8 12 86 87 94 98 373 376 381 385 392 395 396 400 
14400 3 120 125 133 153 157 
14400 4 0 162 163 171 174 186 189 372 376 381 383 388 390 393 396 401 
14400 5 18 22 212 217 219 221 232 291 301 307 314 
14400 6 252 273 
14400 7 213 236 314 
14400 8 0 2 370 373 376 381 384 389 390 393 397 399 
14400 9 1 47 58 231 
14400 10 48 226 
14400 11 92 99 
14400 12 2 74 88 91 107 
14400 13 138 149 158 
14400 14 154 158 
14400 15 167 186 198 
14400 16 161 170 174 180 194 
14400 17 21 289 301 305 
14400 18 5 214 222 229 233 315 
14400 19 305 
14400 20 261 
14400 21 17 
14400 22 5 323 324 
14400 23 331 343 349 359 
14400 24 330 332 348 352 359 
14400 25 332 357 
14400 26 37 41 52 54 56 64 
14400 27 29 33 42 
14400 28 57 64 207 
14400 29 27 
14400 30 1 49 
14400 31 48 53 297 
14400 32 1 39 55 59 
14400 33 27 
14400 34 41 
14400 35 41 66 
14400 36 1 44 290 
14400 37 1 26 43 
14400 38 1 67 319 
14400 39 32 
14400 40 226 
14400 41 26 34 35 230 
14400 42 1 27 
14400 43 37 
14400 44 36 
14400 45 51 301 
14400 46 1 
14400 47 9 
14400 48 10 31 
14400 49 30 
14400 50 301 
14400 51 45 
14400 52 26 216 
14400 53 31 63 303 
14400 54 26 61 
14400 55 32 
14400 56 26 
14400 57 28 
14400 58 9 
14400 59 32 
14400 60 301 
14400 61 54 
14400 62 1 301 
14400 63 53 65 
14400 64 26 28 
14400 65 63 
14400 66 35 
14400 67 38 
14400 68 292 
14400 69 1 
14400 70 74 78 81 
14400 71 77 80 81 101 119 
14400 72 75 76 91 110 115 
14400 73 76 85 92 106 
14400 74 12 70 
14400 75 72 
14400 76 72 73 117 
14400 77 71 
14400 78 70 79 103 104 
14400 79 78 
14400 80 71 
14400 81 70 71 113 
14400 82 
14400 83 99 100 
14400 84 
14400 85 73 93 
14400 86 2 
14400 87 2 109 112 
14400 88 12 95 
14400 89 
14400 90 118 
14400 91 12 72 
14400 92 11 73 102 108 
14400 93 85 
14400 94 2 
14400 95 88 
14400 96 101 
14400 97 
14400 98 2 
14400 99 11 83 
14400 100 83 
14400 101 71 96 
14400 102 92 
14400 103 78 
14400 104 78 
14400 105 109 
14400 106 73 
14400 107 12 
14400 108 92 
14400 109 87 105 
14400 110 72 
14400 111 
14400 112 87 
14400 113 81 
14400 114 116 
14400 115 72 
14400 116 114 
14400 117 76 
14400 118 90 
14400 119 71 
14400 120 3 
14400 121 128 148 
14400 122 148 
14400 123 153 
14400 124 
14400 125 3 136 
14400 126 135 141 
14400 127 136 
14400 128 121 155 
14400 129 150 
14400 130 154 
14400 131 
14400 132 155 
14400 133 3 
14400 134 
14400 135 126 136 
14400 136 125 127 135 150 155 156 
14400 137 
14400 138 13 143 
14400 139 144 145 147 154 
14400 140 142 145 150 
14400 141 126 
14400 142 140 
14400 143 138 
14400 144 139 
14400 145 139 140 
14400 146 147 
14400 147 139 146 
14400 148 121 122 
14400 149 13 151 
14400 150 129 136 140 152 
14400 151 149 
14400 152 150 
14400 153 3 123 
14400 154 14 130 139 
14400 155 128 132 136 
14400 156 136 
14400 157 3 
14400 158 13 14 
14400 159 199 
14400 160 
14400 161 16 195 
14400 162 4 175 179 201 
14400 163 4 172 173 177 
14400 164 172 
14400 165 171 
14400 166 186 
14400 167 15 
14400 168 
14400 169 176 191 197 198 
14400 170 16 
14400 171 4 165 185 199 
14400 172 163 164 187 193 
14400 173 163 192 
14400 174 4 16 182 200 
14400 175 162 
14400 176 169 
14400 177 163 
14400 178 195 
14400 179 162 
14400 180 16 
14400 181 185 
14400 182 174 188 205 
14400 183 
14400 184 
14400 185 171 181 203 
14400 186 4 15 166 
14400 187 172 
14400 188 182 
14400 189 4 
14400 190 
14400 191 169 204 
14400 192 173 
14400 193 172 
14400 194 16 
14400 195 161 178 
14400 196 
14400 197 169 
14400 198 15 169 
14400 199 159 171 
14400 200 174 
14400 201 162 
14400 202 
14400 203 185 
14400 204 191 
14400 205 182 
14400 206 305 
14400 207 28 298 299 312 
14400 208 318 
14400 209 292 
14400 210 216 
14400 211 290 
14400 212 5 294 
14400 213 7 
14400 214 18 215 
14400 215 214 
14400 216 52 210 292 
14400 217 5 321 
14400 218 
14400 219 5 
14400 220 299 
14400 221 5 
14400 222 18 
14400 223 295 
14400 224 302 
14400 225 234 
14400 226 10 40 
14400 227 292 
14400 228 302 
14400 229 18 
14400 230 41 
14400 231 9 300 
14400 232 5 
14400 233 18 
14400 234 225 289 
14400 235 297 
14400 236 7 
14400 237 301 
14400 238 
14400 239 259 277 
14400 240 272 
14400 241 249 284 
14400 242 261 271 
14400 243 256 260 285 286 
14400 244 266 274 
14400 245 256 277 
14400 246 276 
14400 247 265 
14400 248 287 
14400 249 241 287 
14400 250 271 
14400 251 284 
14400 252 6 264 
14400 253 254 
14400 254 253 262 263 278 
14400 255 
14400 256 243 245 275 
14400 257 285 
14400 258 271 
14400 259 239 
14400 260 243 
14400 261 20 242 278 281 
14400 262 254 
14400 263 254 
14400 264 252 
14400 265 247 
14400 266 244 271 272 
14400 267 
14400 268 273 277 
14400 269 
14400 270 
14400 271 242 250 258 266 277 
14400 272 240 266 
14400 273 6 268 282 
14400 274 244 279 
14400 275 256 
14400 276 246 279 
14400 277 239 245 268 271 
14400 278 254 261 
14400 279 274 276 
14400 280 
14400 281 261 287 
14400 282 273 
14400 283 295 
14400 284 241 251 
14400 285 243 257 
14400 286 243 
14400 287 248 249 281 
14400 288 301 302 326 
14400 289 17 234 
14400 290 36 211 306 309 
14400 291 5 
14400 292 68 209 216 227 
14400 293 299 
14400 294 212 304 308 320 
14400 295 223 283 306 
14400 296 301 
14400 297 31 235 301 
14400 298 207 322 
14400 299 207 220 293 
14400 300 231 
14400 301 5 17 45 50 60 62 237 288 296 297 310 
14400 302 224 228 288 313 
14400 303 53 
14400 304 294 311 317 318 
14400 305 17 19 206 
14400 306 290 295 
14400 307 5 
14400 308 294 
14400 309 290 
14400 310 301 
14400 311 304 
14400 312 207 
14400 313 302 
14400 314 5 7 
14400 315 18 
14400 316 323 
14400 317 304 
14400 318 208 304 
14400 319 38 
14400 320 294 
14400 321 217 
14400 322 298 
14400 323 22 316 
14400 324 22 
14400 325 
14400 326 288 
14400 327 331 333 350 364 368 
14400 328 365 
14400 329 330 355 363 369 
14400 330 24 329 337 338 353 358 365 
14400 331 23 327 340 
14400 332 24 25 335 
14400 333 327 362 
14400 334 
14400 335 332 345 
14400 336 366 367 
14400 337 330 
14400 338 330 
14400 339 357 360 367 
14400 340 331 351 361 
14400 341 
14400 342 
14400 343 23 
14400 344 364 
14400 345 335 371 
14400 346 
14400 347 
14400 348 24 
14400 349 23 
14400 350 327 
14400 351 340 370 
14400 352 24 
14400 353 330 
14400 354 366 
14400 355 329 
14400 356 
14400 357 25 339 
14400 358 330 
14400 359 23 24 
14400 360 339 
14400 361 340 
14400 362 333 
14400 363 329 
14400 364 327 344 
14400 365 328 330 
14400 366 336 354 
14400 367 336 339 
14400 368 327 
14400 369 329 
14400 370 8 351 
14400 371 345 
14400 372 0 4 
14400 373 0 2 8 
14400 374 0 
14400 375 0 
14400 376 0 2 4 8 
14400 377 0 
14400 378 0 
14400 379 0 
14400 380 0 
14400 381 0 2 4 8 
14400 382 0 
14400 383 0 4 
14400 384 0 8 
14400 385 0 2 
14400 386 0 
14400 387 0 
14400 388 0 4 
14400 389 0 8 
14400 390 0 4 8 
14400 391 0 
14400 392 0 2 
14400 393 0 4 8 
14400 394 0 
14400 395 0 2 
14400 396 0 2 4 
14400 397 0 8 
14400 398 0 
14400 399 0 8 
14400 400 0 2 
14400 401 0 4 
16200 0 3 7 372 373 374 375 376 377 378 379 380 381 382 383 384 385 386 387 388 389 390 391 392 393 394 395 396 397 398 399 400 401 
16200 1 9 39 40 43 63 226 237 325 
16200 2 76 
16200 3 0 126 130 142 157 158 375 377 380 382 387 391 395 396 400 
16200 4 175 180 184 204 
16200 5 8 22 209 213 217 224 294 296 314 373 375 379 382 387 389 394 398 
16200 6 253 268 271 272 274 
16200 7 0 21 22 221 305 310 374 378 380 382 386 392 394 398 400 
16200 8 5 25 345 348 359 361 369 373 376 381 384 389 390 393 397 399 
16200 9 1 29 46 48 
16200 10 33 52 57 61 290 323 
16200 11 70 73 75 80 98 110 
16200 12 77 85 105 106 108 
16200 13 120 150 
16200 14 135 144 145 152 
16200 15 169 177 179 182 184 193 199 202 
16200 16 197 
16200 17 232 297 
16200 18 220 299 318 
16200 19 208 227 293 
16200 20 257 262 282 
16200 21 7 303 
16200 22 5 7 
16200 23 369 
16200 24 332 335 337 343 345 349 355 362 
16200 25 8 354 
16200 26 42 58 60 
16200 27 51 57 64 
16200 28 37 44 65 
16200 29 9 
16200 30 42 49 50 56 66 
16200 31 32 35 62 64 291 297 298 
16200 32 31 36 47 67 69 307 
16200 33 10 54 
16200 34 46 
16200 35 31 
16200 36 32 
16200 37 28 
16200 38 306 
16200 39 1 
16200 40 1 
16200 41 323 
16200 42 26 30 
16200 43 1 
16200 44 28 306 
16200 45 56 
16200 46 9 34 
16200 47 32 
16200 48 9 
16200 49 30 
16200 50 30 306 
16200 51 27 
16200 52 10 
16200 53 306 
16200 54 33 
16200 55 69 
16200 56 30 45 
16200 57 10 27 
16200 58 26 
16200 59 62 
16200 60 26 
16200 61 10 
16200 62 31 59 
16200 63 1 306 
16200 64 27 31 
16200 65 28 
16200 66 30 
16200 67 32 
16200 68 306 
16200 69 32 55 
16200 70 11 88 91 
16200 71 77 80 81 94 119 
16200 72 
16200 73 11 86 104 
16200 74 76 78 98 
16200 75 11 
16200 76 2 74 92 
16200 77 12 71 83 116 
16200 78 74 109 
16200 79 
16200 80 11 71 93 
16200 81 71 100 115 
16200 82 107 
16200 83 77 99 
16200 84 95 
16200 85 12 95 
16200 86 73 87 
16200 87 86 
16200 88 70 
16200 89 119 
16200 90 
16200 91 70 
16200 92 76 
16200 93 80 
16200 94 71 
16200 95 84 85 101 
16200 96 
16200 97 
16200 98 11 74 
16200 99 83 
16200 100 81 102 107 
16200 101 95 
16200 102 100 
16200 103 
16200 104 73 117 
16200 105 12 113 
16200 106 12 
16200 107 82 100 
16200 108 12 
16200 109 78 
16200 110 11 
16200 111 117 
16200 112 
16200 113 105 
16200 114 119 
16200 115 81 
16200 116 77 
16200 117 104 111 
16200 118 
16200 119 71 89 114 
16200 120 13 147 
16200 121 154 158 
16200 122 147 
16200 123 138 139 144 
16200 124 129 
16200 125 148 149 
16200 126 3 
16200 127 128 
16200 128 127 131 
16200 129 124 145 
16200 130 3 
16200 131 128 138 
16200 132 
16200 133 145 
16200 134 
16200 135 14 155 
16200 136 140 149 
16200 137 
16200 138 123 131 
16200 139 123 
16200 140 136 151 152 
16200 141 
16200 142 3 
16200 143 
16200 144 14 123 158 
16200 145 14 129 133 
16200 146 
16200 147 120 122 149 
16200 148 125 
16200 149 125 136 147 
16200 150 13 
16200 151 140 
16200 152 14 140 
16200 153 
16200 154 121 
16200 155 135 
16200 156 
16200 157 3 
16200 158 3 121 144 
16200 159 167 184 189 
16200 160 
16200 161 203 
16200 162 179 192 201 
16200 163 197 199 
16200 164 174 
16200 165 
16200 166 
16200 167 159 174 205 
16200 168 
16200 169 15 203 
16200 170 174 198 
16200 171 197 
16200 172 185 186 197 
16200 173 186 
16200 174 164 167 170 187 
16200 175 4 
16200 176 193 
16200 177 15 183 
16200 178 190 
16200 179 15 162 200 
16200 180 4 195 
16200 181 
16200 182 15 191 
16200 183 177 194 
16200 184 4 15 159 
16200 185 172 
16200 186 172 173 196 
16200 187 174 
16200 188 
16200 189 159 
16200 190 178 200 
16200 191 182 
16200 192 162 
16200 193 15 176 
16200 194 183 
16200 195 180 
16200 196 186 
16200 197 16 163 171 172 
16200 198 170 
16200 199 15 163 
16200 200 179 190 
16200 201 162 
16200 202 15 
16200 203 161 169 
16200 204 4 
16200 205 167 
16200 206 321 
16200 207 306 
16200 208 19 
16200 209 5 323 
16200 210 296 
16200 211 306 
16200 212 288 
16200 213 5 
16200 214 289 
16200 215 315 
16200 216 226 
16200 217 5 225 
16200 218 
16200 219 305 
16200 220 18 
16200 221 7 
16200 222 289 
16200 223 299 
16200 224 5 
16200 225 217 
16200 226 1 216 
16200 227 19 
16200 228 320 
16200 229 313 
16200 230 
16200 231 288 289 299 316 
16200 232 17 
16200 233 305 
16200 234 288 
16200 235 306 
16200 236 296 
16200 237 1 
16200 238 256 
16200 239 272 
16200 240 266 
16200 241 266 275 
16200 242 278 
16200 243 268 
16200 244 258 
16200 245 274 
16200 246 272 277 
16200 247 270 
16200 248 254 
16200 249 261 
16200 250 273 
16200 251 267 268 
16200 252 256 
16200 253 6 259 
16200 254 248 281 
16200 255 
16200 256 238 252 274 
16200 257 20 285 
16200 258 244 268 279 287 
16200 259 253 
16200 260 261 
16200 261 249 260 271 
16200 262 20 
16200 263 
16200 264 
16200 265 
16200 266 240 241 279 
16200 267 251 
16200 268 6 243 251 258 276 284 
16200 269 
16200 270 247 278 
16200 271 6 261 286 
16200 272 6 239 246 282 
16200 273 250 282 
16200 274 6 245 256 278 
16200 275 241 
16200 276 268 
16200 277 246 281 
16200 278 242 270 274 
16200 279 258 266 
16200 280 
16200 281 254 277 
16200 282 20 272 273 
16200 283 
16200 284 268 
16200 285 257 
16200 286 271 
16200 287 258 
16200 288 212 231 234 
16200 289 214 222 231 317 
16200 290 10 309 
16200 291 31 
16200 292 299 
16200 293 19 301 315 
16200 294 5 299 
16200 295 320 
16200 296 5 210 236 
16200 297 17 31 
16200 298 31 
16200 299 18 223 231 292 294 304 312 313 325 
16200 300 302 
16200 301 293 302 313 
16200 302 300 301 326 
16200 303 21 
16200 304 299 324 
16200 305 7 219 233 319 
16200 306 38 44 50 53 63 68 207 211 235 320 322 
16200 307 32 
16200 308 320 
16200 309 290 
16200 310 7 
16200 311 
16200 312 299 
16200 313 229 299 301 
16200 314 5 
16200 315 215 293 321 
16200 316 231 
16200 317 289 
16200 318 18 
16200 319 305 
16200 320 228 295 306 308 
16200 321 206 315 
16200 322 306 
16200 323 10 41 209 
16200 324 304 
16200 325 1 299 
16200 326 302 
16200 327 333 337 
16200 328 348 
16200 329 342 366 
16200 330 339 345 350 371 
16200 331 349 358 
16200 332 24 353 
16200 333 327 344 352 366 
16200 334 340 348 363 370 
16200 335 24 
16200 336 339 
16200 337 24 327 357 
16200 338 359 
16200 339 330 336 360 
16200 340 334 
16200 341 351 352 365 
16200 342 329 
16200 343 24 
16200 344 333 
16200 345 8 24 330 364 
16200 346 
16200 347 369 
16200 348 8 328 334 
16200 349 24 331 
16200 350 330 
16200 351 341 
16200 352 333 341 
16200 353 332 
16200 354 25 
16200 355 24 
16200 356 
16200 357 337 
16200 358 331 
16200 359 8 338 368 
16200 360 339 
16200 361 8 
16200 362 24 
16200 363 334 
16200 364 345 
16200 365 341 
16200 366 329 333 
16200 367 
16200 368 359 
16200 369 8 23 347 
16200 370 334 
16200 371 330 
16200 372 0 
16200 373 0 5 8 
16200 374 0 7 
16200 375 0 3 5 
16200 376 0 8 
16200 377 0 3 
16200 378 0 7 
16200 379 0 5 
16200 380 0 3 7 
16200 381 0 8 
16200 382 0 3 5 7 
16200 383 0 
16200 384 0 8 
16200 385 0 
16200 386 0 7 
16200 387 0 3 5 
16200 388 0 
16200 389 0 5 8 
16200 390 0 8 
16200 391 0 3 
16200 392 0 7 
16200 393 0 8 
16200 394 0 5 7 
16200 395 0 3 
16200 396 0 3 
16200 397 0 8 
16200 398 0 5 7 
16200 399 0 8 
16200 400 0 3 7 
16200 401 0 
18000 0 2 372 373 374 375 376 377 378 379 380 381 382 383 384 385 386 387 388 389 390 391 392 393 394 395 396 397 398 399 400 401 
18000 1 32 42 43 46 67 69 290 
18000 2 0 92 98 102 108 373 376 381 385 392 395 396 400 
18000 3 13 132 149 
18000 4 
18000 5 19 220 297 300 
18000 6 244 282 
18000 7 18 41 208 289 291 301 312 322 323 
18000 8 327 370 
18000 9 33 35 297 
18000 10 27 28 34 36 54 57 58 61 67 
18000 11 105 
18000 12 83 91 94 104 
18000 13 3 122 129 
18000 14 128 140 149 153 154 
18000 15 161 170 176 187 188 191 
18000 16 167 169 174 176 201 
18000 17 212 227 320 326 
18000 18 7 22 210 
18000 19 5 211 214 222 225 229 324 
18000 20 268 271 285 
18000 21 288 305 323 
18000 22 18 236 308 310 
18000 23 352 369 
18000 24 329 343 344 345 358 
18000 25 329 334 361 
18000 26 29 38 62 69 226 231 
18000 27 10 
18000 28 10 209 297 
18000 29 26 41 237 
18000 30 35 
18000 31 63 291 
18000 32 1 51 207 
18000 33 9 56 60 303 
18000 34 10 233 295 304 314 
18000 35 9 30 64 
18000 36 10 230 316 
18000 37 55 60 65 
18000 38 26 50 
18000 39 56 
18000 40 49 296 
18000 41 7 29 
18000 42 1 
18000 43 1 
18000 44 296 
18000 45 66 
18000 46 1 
18000 47 320 
18000 48 290 
18000 49 40 301 
18000 50 38 
18000 51 32 
18000 52 63 
18000 53 61 
18000 54 10 219 224 293 318 319 
18000 55 37 
18000 56 33 39 
18000 57 10 
18000 58 10 
18000 59 316 
18000 60 33 37 
18000 61 10 53 
18000 62 26 
18000 63 31 52 320 
18000 64 35 
18000 65 37 
18000 66 45 
18000 67 1 10 
18000 68 291 
18000 69 1 26 
18000 70 75 87 102 110 118 
18000 71 78 89 98 103 109 
18000 72 83 
18000 73 106 
18000 74 81 110 
18000 75 70 79 
18000 76 88 93 102 113 
18000 77 80 
18000 78 71 86 99 106 112 
18000 79 75 
18000 80 77 92 
18000 81 74 83 116 
18000 82 
18000 83 12 72 81 
18000 84 102 
18000 85 105 
18000 86 78 
18000 87 70 107 
18000 88 76 
18000 89 71 
18000 90 97 118 
18000 91 12 100 
18000 92 2 80 
18000 93 76 105 119 
18000 94 12 95 101 
18000 95 94 
18000 96 101 
18000 97 90 
18000 98 2 71 
18000 99 78 115 
18000 100 91 
18000 101 94 96 
18000 102 2 70 76 84 
18000 103 71 
18000 104 12 
18000 105 11 85 93 
18000 106 73 78 
18000 107 87 
18000 108 2 
18000 109 71 
18000 110 70 74 
18000 111 
18000 112 78 
18000 113 76 117 
18000 114 
18000 115 99 
18000 116 81 
18000 117 113 
18000 118 70 90 
18000 119 93 
18000 120 144 
18000 121 125 153 
18000 122 13 144 
18000 123 153 
18000 124 
18000 125 121 136 
18000 126 152 155 
18000 127 157 
18000 128 14 145 
18000 129 13 139 
18000 130 147 
18000 131 136 138 
18000 132 3 137 147 148 
18000 133 149 
18000 134 
18000 135 144 
18000 136 125 131 
18000 137 132 
18000 138 131 
18000 139 129 142 150 151 
18000 140 14 152 
18000 141 
18000 142 139 
18000 143 
18000 144 120 122 135 
18000 145 128 
18000 146 
18000 147 130 132 
18000 148 132 
18000 149 3 14 133 158 
18000 150 139 157 
18000 151 139 
18000 152 126 140 
18000 153 14 121 123 
18000 154 14 
18000 155 126 
18000 156 
18000 157 127 150 
18000 158 149 
18000 159 184 193 204 
18000 160 186 
18000 161 15 162 173 190 
18000 162 161 186 200 202 
18000 163 167 172 205 
18000 164 177 
18000 165 
18000 166 
18000 167 16 163 179 189 199 
18000 168 183 
18000 169 16 
18000 170 15 171 195 
18000 171 170 192 204 
18000 172 163 
18000 173 161 182 
18000 174 16 175 
18000 175 174 
18000 176 15 16 
18000 177 164 180 184 
18000 178 189 
18000 179 167 
18000 180 177 196 
18000 181 203 
18000 182 173 
18000 183 168 
18000 184 159 177 
18000 185 
18000 186 160 162 
18000 187 15 
18000 188 15 
18000 189 167 178 
18000 190 161 
18000 191 15 
18000 192 171 198 
18000 193 159 194 
18000 194 193 197 
18000 195 170 
18000 196 180 
18000 197 194 
18000 198 192 
18000 199 167 
18000 200 162 
18000 201 16 
18000 202 162 
18000 203 181 
18000 204 159 171 
18000 205 163 
18000 206 293 
18000 207 32 235 
18000 208 7 
18000 209 28 325 
18000 210 18 
18000 211 19 
18000 212 17 
18000 213 312 
18000 214 19 
18000 215 221 320 
18000 216 299 
18000 217 293 
18000 218 
18000 219 54 
18000 220 5 
18000 221 215 
18000 222 19 
18000 223 296 
18000 224 54 
18000 225 19 
18000 226 26 
18000 227 17 
18000 228 315 
18000 229 19 315 
18000 230 36 
18000 231 26 292 299 313 
18000 232 320 
18000 233 34 
18000 234 320 
18000 235 207 
18000 236 22 
18000 237 29 
18000 238 241 
18000 239 268 
18000 240 
18000 241 238 243 
18000 242 274 
18000 243 241 256 
18000 244 6 256 
18000 245 273 
18000 246 270 
18000 247 261 
18000 248 254 
18000 249 261 262 268 
18000 250 273 
18000 251 
18000 252 256 
18000 253 285 
18000 254 248 271 
18000 255 
18000 256 243 244 252 257 278 
18000 257 256 268 
18000 258 261 
18000 259 261 
18000 260 261 
18000 261 247 249 258 259 260 264 275 
18000 262 249 
18000 263 313 
18000 264 261 
18000 265 
18000 266 278 281 284 
18000 267 
18000 268 20 239 249 257 286 
18000 269 271 
18000 270 246 284 
18000 271 20 254 269 
18000 272 276 277 278 287 
18000 273 245 250 277 
18000 274 242 278 
18000 275 261 
18000 276 272 
18000 277 272 273 
18000 278 256 266 272 274 
18000 279 282 
18000 280 
18000 281 266 
18000 282 6 279 
18000 283 284 
18000 284 266 270 283 
18000 285 20 253 
18000 286 268 
18000 287 272 
18000 288 21 309 
18000 289 7 
18000 290 1 48 
18000 291 7 31 68 306 
18000 292 231 
18000 293 54 206 217 317 
18000 294 320 
18000 295 34 
18000 296 40 44 223 
18000 297 5 9 28 
18000 298 323 
18000 299 216 231 
18000 300 5 
18000 301 7 49 
18000 302 308 
18000 303 33 
18000 304 34 
18000 305 21 
18000 306 291 
18000 307 320 
18000 308 22 302 
18000 309 288 
18000 310 22 
18000 311 
18000 312 7 213 
18000 313 231 263 
18000 314 34 
18000 315 228 229 
18000 316 36 59 
18000 317 293 
18000 318 54 
18000 319 54 
18000 320 17 47 63 215 232 234 294 307 321 
18000 321 320 
18000 322 7 
18000 323 7 21 298 
18000 324 19 
18000 325 209 
18000 326 17 
18000 327 8 343 349 
18000 328 
18000 329 24 25 338 341 342 352 364 
18000 330 348 352 357 
18000 331 355 358 
18000 332 345 350 
18000 333 344 356 368 
18000 334 25 
18000 335 355 359 
18000 336 348 
18000 337 354 
18000 338 329 
18000 339 343 
18000 340 361 371 
18000 341 329 
18000 342 329 
18000 343 24 327 339 
18000 344 24 333 366 
18000 345 24 332 351 
18000 346 
18000 347 359 
18000 348 330 336 
18000 349 327 
18000 350 332 353 362 
18000 351 345 
18000 352 23 329 330 
18000 353 350 354 
18000 354 337 353 
18000 355 331 335 
18000 356 333 
18000 357 330 
18000 358 24 331 
18000 359 335 347 365 
18000 360 
18000 361 25 340 
18000 362 350 
18000 363 
18000 364 329 
18000 365 359 
18000 366 344 
18000 367 
18000 368 333 
18000 369 23 
18000 370 8 
18000 371 340 
18000 372 0 
18000 373 0 2 
18000 374 0 
18000 375 0 
18000 376 0 2 
18000 377 0 
18000 378 0 
18000 379 0 
18000 380 0 
18000 381 0 2 
18000 382 0 
18000 383 0 
18000 384 0 
18000 385 0 2 
18000 386 0 
18000 387 0 
18000 388 0 
18000 389 0 
18000 390 0 
18000 391 0 
18000 392 0 2 
18000 393 0 
18000 394 0 
18000 395 0 2 
18000 396 0 2 
18000 397 0 
18000 398 0 
18000 399 0 
18000 400 0 2 
18000 401 0 
