0 21600
0 0 1 2 3 4 5 6 7 283 284 285 286 287 288 289 290 291 292 293 294 295 296 297 298 299 300 301 302 303 304 305 306 307 308 309 310 311 312 
0 1 0 2 4 5 6 8 9 10 22 23 24 25 26 27 28 29 30 31 32 33 34 35 36 37 38 39 40 42 43 44 45 46 47 48 49 50 51 52 53 54 55 56 57 58 59 60 61 62 63 64 65 283 287 290 296 297 305 307 310 
0 2 0 1 3 4 5 6 7 11 66 67 68 69 70 72 73 74 76 77 80 81 82 83 84 85 86 87 89 91 92 93 95 96 97 98 285 290 293 295 301 304 306 311 
0 3 0 2 5 6 7 12 100 101 102 103 104 105 106 107 108 109 110 111 112 115 116 117 118 120 121 122 123 124 126 127 128 129 130 131 132 133 134 135 137 140 285 289 291 295 300 304 309 312 
0 4 0 1 2 5 6 7 13 141 142 143 146 147 148 150 151 153 154 155 157 159 160 161 163 164 165 166 167 168 172 173 174 175 176 178 179 286 290 292 294 299 303 308 311 
0 5 0 1 2 3 4 6 7 15 16 17 181 183 184 185 186 187 188 189 190 191 192 194 195 197 198 199 201 204 205 207 209 210 211 214 215 216 217 283 289 293 294 298 302 308 309 
0 6 0 1 2 3 4 5 7 18 221 222 223 224 225 228 229 230 231 232 233 234 235 237 238 239 240 241 242 243 244 245 247 248 249 284 287 291 294 297 303 306 311 
0 7 0 2 3 4 5 6 20 21 141 156 157 171 177 252 255 256 257 258 259 260 261 262 263 264 265 266 267 268 269 270 272 273 274 275 276 277 279 280 281 282 285 288 292 295 299 303 308 
0 8 1 10 22 23 24 25 28 29 30 31 32 33 35 36 37 38 42 46 47 52 54 56 59 62 63 65 
0 9 1 10 22 30 35 36 38 52 64 
0 10 1 8 9 22 23 24 25 26 27 28 29 30 31 32 33 34 35 36 37 38 39 40 42 43 44 45 46 47 48 49 50 51 52 53 54 55 56 57 58 59 60 61 62 63 64 65 
0 11 2 67 68 69 77 80 84 85 86 87 91 
0 12 3 
0 13 4 14 153 
0 14 13 141 142 143 146 147 148 150 151 153 154 155 157 159 160 161 163 164 165 166 167 168 172 173 174 175 176 178 179 
0 15 5 16 17 
0 16 5 15 17 181 183 184 185 186 187 188 189 190 191 192 194 195 197 198 199 201 204 205 207 209 210 211 214 215 216 217 
0 17 5 15 16 181 183 184 185 186 187 188 189 190 191 192 194 195 197 198 199 201 204 205 207 209 210 211 214 215 216 217 
0 18 6 228 233 234 237 
0 19 157 
0 20 7 255 262 263 
0 21 7 
0 22 1 8 9 10 
0 23 1 8 10 
0 24 1 8 10 
0 25 1 8 10 41 
0 26 1 10 
0 27 1 10 
0 28 1 8 10 
0 29 1 8 10 
0 30 1 8 9 10 
0 31 1 8 10 
0 32 1 8 10 
0 33 1 8 10 
0 34 1 10 
0 35 1 8 9 10 
0 36 1 8 9 10 
0 37 1 8 10 
0 38 1 8 9 10 
0 39 1 10 
0 40 1 10 
0 41 25 
0 42 1 8 10 
0 43 1 10 
0 44 1 10 
0 45 1 10 
0 46 1 8 10 
0 47 1 8 10 
0 48 1 10 
0 49 1 10 
0 50 1 10 
0 51 1 10 
0 52 1 8 9 10 
0 53 1 10 
0 54 1 8 10 
0 55 1 10 
0 56 1 8 10 
0 57 1 10 
0 58 1 10 
0 59 1 8 10 
0 60 1 10 
0 61 1 10 
0 62 1 8 10 
0 63 1 8 10 
0 64 1 9 10 
0 65 1 8 10 
0 66 2 
0 67 2 11 88 
0 68 2 11 
0 69 2 11 
0 70 2 
0 71 73 
0 72 2 
0 73 2 71 79 
0 74 2 
0 75 95 
0 76 2 
0 77 2 11 
0 78 85 
0 79 73 
0 80 2 11 94 
0 81 2 
0 82 2 
0 83 2 
0 84 2 11 
0 85 2 11 78 
0 86 2 11 
0 87 2 11 
0 88 67 
0 89 2 
0 90 96 
0 91 2 11 
0 92 2 
0 93 2 
0 94 80 
0 95 2 75 
0 96 2 90 99 
0 97 2 
0 98 2 
0 99 96 
0 100 3 
0 101 3 
0 102 3 
0 103 3 
0 104 3 
0 105 3 
0 106 3 
0 107 3 
0 108 3 
0 109 3 
0 110 3 
0 111 3 
0 112 3 
0 113 132 
0 114 129 
0 115 3 
0 116 3 
0 117 3 
0 118 3 
0 119 133 
0 120 3 
0 121 3 
0 122 3 
0 123 3 
0 124 3 
0 125 131 
0 126 3 
0 127 3 
0 128 3 
0 129 3 114 
0 130 3 
0 131 3 125 136 
0 132 3 113 138 
0 133 3 119 139 
0 134 3 
0 135 3 
0 136 131 
0 137 3 
0 138 132 
0 139 133 
0 140 3 
0 141 4 7 14 169 271 
0 142 4 14 
0 143 4 14 145 
0 144 
0 145 143 
0 146 4 14 
0 147 4 14 152 158 170 251 253 
0 148 4 14 162 
0 149 155 
0 150 4 14 
0 151 4 14 254 
0 152 147 
0 153 4 13 14 
0 154 4 14 
0 155 4 14 149 
0 156 7 
0 157 4 7 14 19 
0 158 147 
0 159 4 14 
0 160 4 14 
0 161 4 14 
0 162 148 
0 163 4 14 
0 164 4 14 
0 165 4 14 
0 166 4 14 
0 167 4 14 
0 168 4 14 
0 169 141 
0 170 147 
0 171 7 
0 172 4 14 
0 173 4 14 
0 174 4 14 
0 175 4 14 
0 176 4 14 
0 177 7 
0 178 4 14 
0 179 4 14 
0 180 181 
0 181 5 16 17 180 196 203 
0 182 190 
0 183 5 16 17 
0 184 5 16 17 
0 185 5 16 17 
0 186 5 16 17 202 206 208 218 220 
0 187 5 16 17 
0 188 5 16 17 
0 189 5 16 17 193 213 219 
0 190 5 16 17 182 
0 191 5 16 17 
0 192 5 16 17 212 
0 193 189 
0 194 5 16 17 
0 195 5 16 17 
0 196 181 
0 197 5 16 17 
0 198 5 16 17 
0 199 5 16 17 
0 200 217 
0 201 5 16 17 
0 202 186 
0 203 181 
0 204 5 16 17 
0 205 5 16 17 
0 206 186 
0 207 5 16 17 
0 208 186 
0 209 5 16 17 
0 210 5 16 17 
0 211 5 16 17 
0 212 192 
0 213 189 
0 214 5 16 17 
0 215 5 16 17 
0 216 5 16 17 
0 217 5 16 17 200 
0 218 186 
0 219 189 
0 220 186 
0 221 6 
0 222 6 227 
0 223 6 
0 224 6 226 236 250 
0 225 6 
0 226 224 
0 227 222 
0 228 6 18 246 
0 229 6 
0 230 6 
0 231 6 
0 232 6 
0 233 6 18 
0 234 6 18 
0 235 6 
0 236 224 
0 237 6 18 
0 238 6 
0 239 6 
0 240 6 
0 241 6 
0 242 6 
0 243 6 
0 244 6 
0 245 6 
0 246 228 
0 247 6 
0 248 6 
0 249 6 
0 250 224 
0 251 147 
0 252 7 
0 253 147 
0 254 151 
0 255 7 20 
0 256 7 
0 257 7 
0 258 7 
0 259 7 278 
0 260 7 
0 261 7 
0 262 7 20 
0 263 7 20 
0 264 7 
0 265 7 
0 266 7 
0 267 7 
0 268 7 
0 269 7 
0 270 7 
0 271 141 
0 272 7 
0 273 7 
0 274 7 
0 275 7 
0 276 7 
0 277 7 
0 278 259 
0 279 7 
0 280 7 
0 281 7 
0 282 7 
0 283 0 1 5 
0 284 0 6 
0 285 0 2 3 7 
0 286 0 4 
0 287 0 1 6 
0 288 0 7 
0 289 0 3 5 
0 290 0 1 2 4 
0 291 0 3 6 
0 292 0 4 7 
0 293 0 2 5 
0 294 0 4 5 6 
0 295 0 2 3 7 
0 296 0 1 
0 297 0 1 6 
0 298 0 5 
0 299 0 4 7 
0 300 0 3 
0 301 0 2 
0 302 0 5 
0 303 0 4 6 7 
0 304 0 2 3 
0 305 0 1 
0 306 0 2 6 
0 307 0 1 
0 308 0 4 5 7 
0 309 0 3 5 
0 310 0 1 
0 311 0 2 4 6 
0 312 0 3 
