0 0 4 275 276 277 278 279 280 281 282 283 284 285 286 287 288 289 290 291 292 293 294 295 296 297 298 299 300 301 302 303 304 
0 1 29 42 
0 2 91 96 
0 3 144 151 
0 4 0 175 276 278 279 280 281 284 286 288 290 292 293 297 298 300 303 
0 5 197 207 
0 6 234 235 
0 7 257 259 
0 8 53 58 
0 9 46 56 
0 10 57 59 
0 11 114 127 
0 12 111 140 
0 13 140 141 
0 14 118 122 
0 15 162 172 
0 16 184 206 
0 17 182 194 
0 18 177 205 
0 19 229 243 
0 20 234 243 
0 21 224 228 
0 22 249 262 
0 23 253 254 
0 24 256 258 
0 25 31 39 
0 26 49 58 
0 27 32 116 
0 28 30 46 
0 29 1 53 
0 30 28 52 
0 31 25 54 
0 32 27 54 
0 33 50 60 
0 34 48 147 
0 35 47 
0 36 39 146 
0 37 47 55 
0 38 50 59 
0 39 25 36 
0 40 43 59 
0 41 58 
0 42 1 59 
0 43 40 51 
0 44 55 120 
0 45 53 58 
0 46 9 28 48 
0 47 35 37 
0 48 34 46 
0 49 26 59 
0 50 33 38 
0 51 43 57 
0 52 30 116 
0 53 8 29 45 
0 54 31 32 
0 55 37 44 
0 56 9 59 
0 57 10 51 
0 58 8 26 41 45 60 
0 59 10 38 40 42 49 56 
0 60 33 58 
0 61 82 98 
0 62 63 71 
0 63 62 75 
0 64 87 
0 65 72 89 
0 66 72 91 
0 67 70 85 
0 68 96 104 
0 69 77 106 
0 70 67 95 
0 71 62 96 
0 72 65 66 
0 73 100 
0 74 106 
0 75 63 90 
0 76 97 106 
0 77 69 93 
0 78 92 105 
0 79 102 103 
0 80 96 
0 81 94 103 
0 82 61 95 
0 83 99 
0 84 93 106 
0 85 67 105 
0 86 95 102 
0 87 64 98 
0 88 91 95 
0 89 65 104 
0 90 75 100 
0 91 2 66 88 
0 92 78 106 
0 93 77 84 97 
0 94 81 103 
0 95 70 82 86 88 101 
0 96 2 68 71 80 
0 97 76 93 
0 98 61 87 101 
0 99 83 103 
0 100 73 90 
0 101 95 98 
0 102 79 86 
0 103 79 81 94 99 
0 104 68 89 
0 105 78 85 
0 106 69 74 76 84 92 
0 107 124 137 
0 108 113 118 
0 109 110 126 
0 110 109 125 
0 111 12 129 149 
0 112 122 128 
0 113 108 132 
0 114 11 144 
0 115 124 
0 116 27 52 
0 117 134 141 
0 118 14 108 
0 119 129 135 148 
0 120 44 139 146 
0 121 124 147 
0 122 14 112 145 
0 123 136 145 150 
0 124 107 115 121 133 143 
0 125 110 137 138 150 
0 126 109 151 
0 127 11 130 138 148 152 
0 128 112 142 
0 129 111 119 
0 130 127 142 
0 131 142 152 
0 132 113 135 
0 133 124 139 
0 134 117 136 
0 135 119 132 
0 136 123 134 
0 137 107 125 
0 138 125 127 
0 139 120 133 
0 140 12 13 
0 141 13 117 
0 142 128 130 131 
0 143 124 149 
0 144 3 114 
0 145 122 123 
0 146 36 120 
0 147 34 121 
0 148 119 127 
0 149 111 143 
0 150 123 125 
0 151 3 126 
0 152 127 131 
0 153 167 
0 154 164 173 
0 155 161 168 
0 156 168 171 
0 157 158 172 
0 158 157 176 
0 159 168 
0 160 174 175 
0 161 155 163 
0 162 15 170 
0 163 161 170 
0 164 154 167 
0 165 166 169 
0 166 165 169 
0 167 153 164 
0 168 155 156 159 
0 169 165 166 
0 170 162 163 
0 171 156 174 
0 172 15 157 173 176 
0 173 154 172 
0 174 160 171 
0 175 4 160 
0 176 158 172 
0 177 18 202 
0 178 183 198 
0 179 197 199 
0 180 182 192 
0 181 197 204 
0 182 17 180 
0 183 178 
0 184 16 190 
0 185 195 203 
0 186 195 204 
0 187 195 196 
0 188 195 202 
0 189 197 198 
0 190 184 198 
0 191 202 203 
0 192 180 205 
0 193 198 206 
0 194 17 207 
0 195 185 186 187 188 
0 196 187 205 
0 197 5 179 181 189 
0 198 178 189 190 193 
0 199 179 201 
0 200 202 203 
0 201 199 205 
0 202 177 188 191 200 
0 203 185 191 200 
0 204 181 186 
0 205 18 192 196 201 
0 206 16 193 
0 207 5 194 
0 208 220 233 
0 209 234 243 
0 210 230 241 
0 211 224 241 
0 212 220 234 
0 213 226 239 
0 214 238 240 
0 215 231 233 
0 216 237 241 
0 217 223 228 
0 218 222 230 
0 219 230 236 
0 220 208 212 
0 221 237 241 
0 222 218 235 
0 223 217 237 
0 224 21 211 
0 225 227 237 
0 226 213 234 
0 227 225 241 
0 228 21 217 
0 229 19 235 
0 230 210 218 219 
0 231 215 240 
0 232 237 242 
0 233 208 215 
0 234 6 20 209 212 226 
0 235 6 222 229 
0 236 219 237 
0 237 216 221 223 225 232 236 
0 238 214 240 
0 239 213 242 
0 240 214 231 238 
0 241 210 211 216 221 227 
0 242 232 239 
0 243 19 20 209 
0 244 263 267 
0 245 260 265 268 
0 246 269 
0 247 251 264 268 
0 248 252 259 262 269 
0 249 22 258 271 
0 250 252 253 263 
0 251 247 255 
0 252 248 250 
0 253 23 250 
0 254 23 264 
0 255 251 261 
0 256 24 273 
0 257 7 272 
0 258 24 249 
0 259 7 248 
0 260 245 
0 261 255 273 
0 262 22 248 
0 263 244 250 
0 264 247 254 
0 265 245 273 
0 266 270 274 
0 267 244 
0 268 245 247 
0 269 246 248 
0 270 266 
0 271 249 274 
0 272 257 
0 273 256 261 265 
0 274 266 271 
0 275 0 
0 276 0 4 
0 277 0 
0 278 0 4 
0 279 0 4 
0 280 0 4 
0 281 0 4 
0 282 0 
0 283 0 
0 284 0 4 
0 285 0 
0 286 0 4 
0 287 0 
0 288 0 4 
0 289 0 
0 290 0 4 
0 291 0 
0 292 0 4 
0 293 0 4 
0 294 0 
0 295 0 
0 296 0 
0 297 0 4 
0 298 0 4 
0 299 0 
0 300 0 4 
0 301 0 
0 302 0 
0 303 0 4 
0 304 0 
1800 0 3 275 276 277 278 279 280 281 282 283 284 285 286 287 288 289 290 291 292 293 294 295 296 297 298 299 300 301 302 303 304 
1800 1 49 53 
1800 2 85 95 
1800 3 0 142 276 277 280 282 283 285 289 290 293 294 297 300 302 
1800 4 156 171 
1800 5 7 178 275 277 278 281 283 287 289 290 292 294 295 298 301 302 
1800 6 214 215 
1800 7 5 247 276 278 279 280 282 284 285 289 290 291 294 296 298 299 303 
1800 8 48 51 
1800 9 46 60 
1800 10 52 55 
1800 11 108 144 
1800 12 109 110 
1800 13 117 129 
1800 14 112 115 
1800 15 159 163 
1800 16 200 206 
1800 17 195 204 
1800 18 192 198 
1800 19 223 227 
1800 20 228 231 
1800 21 233 239 
1800 22 268 270 
1800 23 24 249 
1800 24 23 245 
1800 25 46 52 
1800 26 57 60 
1800 27 55 58 
1800 28 44 50 
1800 29 49 50 
1800 30 46 147 
1800 31 50 52 
1800 32 36 60 
1800 33 60 150 
1800 34 43 122 
1800 35 41 59 
1800 36 32 53 
1800 37 43 58 
1800 38 41 60 
1800 39 50 52 
1800 40 47 55 
1800 41 35 38 
1800 42 54 59 
1800 43 34 37 51 57 
1800 44 28 56 
1800 45 47 58 
1800 46 9 25 30 
1800 47 40 45 
1800 48 8 149 
1800 49 1 29 
1800 50 28 29 31 39 
1800 51 8 43 
1800 52 10 25 31 39 
1800 53 1 36 
1800 54 42 56 
1800 55 10 27 40 
1800 56 44 54 
1800 57 26 43 
1800 58 27 37 45 
1800 59 35 42 
1800 60 9 26 32 33 38 
1800 61 104 105 
1800 62 95 103 
1800 63 81 106 
1800 64 95 106 
1800 65 66 106 
1800 66 65 106 
1800 67 70 73 79 
1800 68 92 99 
1800 69 88 94 
1800 70 67 101 
1800 71 81 105 
1800 72 84 95 
1800 73 67 78 
1800 74 77 92 
1800 75 78 88 
1800 76 87 93 
1800 77 74 96 
1800 78 73 75 
1800 79 67 100 
1800 80 92 105 
1800 81 63 71 91 
1800 82 94 106 
1800 83 89 
1800 84 72 
1800 85 2 105 
1800 86 99 105 
1800 87 76 102 
1800 88 69 75 91 
1800 89 83 93 
1800 90 96 101 
1800 91 81 88 
1800 92 68 74 80 
1800 93 76 89 97 
1800 94 69 82 
1800 95 2 62 64 72 
1800 96 77 90 
1800 97 93 100 
1800 98 100 101 
1800 99 68 86 
1800 100 79 97 98 
1800 101 70 90 98 
1800 102 87 103 
1800 103 62 102 
1800 104 61 
1800 105 61 71 80 85 86 
1800 106 63 64 65 66 82 
1800 107 114 146 
1800 108 11 119 
1800 109 12 111 121 
1800 110 12 138 
1800 111 109 140 
1800 112 14 134 
1800 113 114 131 
1800 114 107 113 115 122 
1800 115 14 114 
1800 116 131 148 
1800 117 13 126 137 
1800 118 139 149 
1800 119 108 121 132 134 136 145 151 
1800 120 125 126 
1800 121 109 119 
1800 122 34 114 
1800 123 135 145 
1800 124 139 143 
1800 125 120 129 148 
1800 126 117 120 
1800 127 130 135 137 
1800 128 136 146 
1800 129 13 125 
1800 130 127 138 
1800 131 113 116 
1800 132 119 152 
1800 133 150 151 
1800 134 112 119 
1800 135 123 127 
1800 136 119 128 
1800 137 117 127 
1800 138 110 130 
1800 139 118 124 
1800 140 111 141 144 
1800 141 140 
1800 142 3 143 
1800 143 124 142 
1800 144 11 140 
1800 145 119 123 
1800 146 107 128 
1800 147 30 152 
1800 148 116 125 
1800 149 48 118 
1800 150 33 133 
1800 151 119 133 
1800 152 132 147 
1800 153 160 167 
1800 154 173 175 
1800 155 160 171 
1800 156 4 170 
1800 157 165 169 
1800 158 164 173 
1800 159 15 166 
1800 160 153 155 162 172 
1800 161 171 175 
1800 162 160 163 
1800 163 15 162 172 
1800 164 158 174 
1800 165 157 173 
1800 166 159 171 
1800 167 153 168 174 176 
1800 168 167 175 
1800 169 157 175 
1800 170 156 176 
1800 171 4 155 161 166 
1800 172 160 163 
1800 173 154 158 165 
1800 174 164 167 
1800 175 154 161 168 169 
1800 176 167 170 
1800 177 178 206 
1800 178 5 177 
1800 179 197 201 
1800 180 197 200 
1800 181 187 196 
1800 182 204 207 
1800 183 193 202 
1800 184 185 
1800 185 184 187 
1800 186 203 204 
1800 187 181 185 
1800 188 196 203 
1800 189 194 206 
1800 190 198 199 
1800 191 194 205 
1800 192 18 205 
1800 193 183 205 
1800 194 189 191 
1800 195 17 205 
1800 196 181 188 
1800 197 179 180 
1800 198 18 190 
1800 199 190 
1800 200 16 180 202 
1800 201 179 207 
1800 202 183 200 
1800 203 186 188 
1800 204 17 182 186 
1800 205 191 192 193 195 
1800 206 16 177 189 
1800 207 182 201 
1800 208 235 242 
1800 209 212 232 
1800 210 218 239 
1800 211 232 236 
1800 212 209 243 
1800 213 237 242 
1800 214 6 229 
1800 215 6 234 
1800 216 234 238 
1800 217 233 241 
1800 218 210 240 
1800 219 231 236 
1800 220 228 239 
1800 221 228 231 
1800 222 231 238 
1800 223 19 242 
1800 224 235 237 
1800 225 237 242 
1800 226 234 238 
1800 227 19 242 
1800 228 20 220 221 
1800 229 214 242 
1800 230 237 
1800 231 20 219 221 222 241 
1800 232 209 211 
1800 233 21 217 
1800 234 215 216 226 
1800 235 208 224 
1800 236 211 219 
1800 237 213 224 225 230 
1800 238 216 222 226 240 
1800 239 21 210 220 243 
1800 240 218 238 
1800 241 217 231 
1800 242 208 213 223 225 227 229 
1800 243 212 239 
1800 244 261 269 
1800 245 24 274 
1800 246 251 252 
1800 247 7 250 
1800 248 273 
1800 249 23 260 265 267 
1800 250 247 257 264 272 
1800 251 246 265 
1800 252 246 257 
1800 253 259 262 268 270 
1800 254 256 263 
1800 255 256 260 267 272 
1800 256 254 255 
1800 257 250 252 
1800 258 271 273 
1800 259 253 
1800 260 249 255 
1800 261 244 273 
1800 262 253 263 
1800 263 254 262 
1800 264 250 266 
1800 265 249 251 
1800 266 264 
1800 267 249 255 
1800 268 22 253 
1800 269 244 
1800 270 22 253 
1800 271 258 274 
1800 272 250 255 
1800 273 248 258 261 
1800 274 245 271 
1800 275 0 5 
1800 276 0 3 7 
1800 277 0 3 5 
1800 278 0 5 7 
1800 279 0 7 
1800 280 0 3 7 
1800 281 0 5 
1800 282 0 3 7 
1800 283 0 3 5 
1800 284 0 7 
1800 285 0 3 7 
1800 286 0 
1800 287 0 5 
1800 288 0 
1800 289 0 3 5 7 
1800 290 0 3 5 7 
1800 291 0 7 
1800 292 0 5 
1800 293 0 3 
1800 294 0 3 5 7 
1800 295 0 5 
1800 296 0 7 
1800 297 0 3 
1800 298 0 5 7 
1800 299 0 7 
1800 300 0 3 
1800 301 0 5 
1800 302 0 3 5 
1800 303 0 7 
1800 304 0 
3600 0 6 275 276 277 278 279 280 281 282 283 284 285 286 287 288 289 290 291 292 293 294 295 296 297 298 299 300 301 302 303 304 
3600 1 49 51 
3600 2 89 91 
3600 3 115 121 
3600 4 160 163 
3600 5 194 206 
3600 6 0 230 276 278 279 281 282 283 285 288 290 293 295 299 303 
3600 7 24 254 
3600 8 48 133 
3600 9 60 110 
3600 10 46 50 
3600 11 114 125 
3600 12 55 115 
3600 13 119 143 
3600 14 127 136 
3600 15 165 172 
3600 16 185 201 
3600 17 197 206 
3600 18 199 204 
3600 19 226 241 
3600 20 232 233 
3600 21 208 237 
3600 22 251 252 
3600 23 251 260 269 
3600 24 7 258 
3600 25 58 133 
3600 26 32 50 
3600 27 39 60 
3600 28 37 56 
3600 29 36 125 
3600 30 45 48 
3600 31 50 58 
3600 32 26 54 
3600 33 57 110 
3600 34 52 59 
3600 35 36 49 
3600 36 29 35 39 
3600 37 28 44 
3600 38 42 54 
3600 39 27 36 
3600 40 45 58 
3600 41 47 57 
3600 42 38 57 
3600 43 48 59 
3600 44 37 57 
3600 45 30 40 
3600 46 10 133 
3600 47 41 123 
3600 48 8 30 43 
3600 49 1 35 
3600 50 10 26 31 
3600 51 1 55 
3600 52 34 60 
3600 53 55 58 
3600 54 32 38 
3600 55 12 51 53 131 134 
3600 56 28 
3600 57 33 41 42 44 
3600 58 25 31 40 53 
3600 59 34 43 
3600 60 9 27 52 
3600 61 70 79 
3600 62 80 95 
3600 63 102 106 
3600 64 87 99 
3600 65 86 96 
3600 66 87 104 
3600 67 73 94 
3600 68 75 99 
3600 69 87 91 
3600 70 61 76 
3600 71 83 85 
3600 72 82 104 
3600 73 67 85 
3600 74 76 106 
3600 75 68 77 
3600 76 70 74 92 
3600 77 75 105 
3600 78 88 98 
3600 79 61 104 
3600 80 62 101 
3600 81 96 99 
3600 82 72 93 
3600 83 71 106 
3600 84 95 98 
3600 85 71 73 103 
3600 86 65 105 
3600 87 64 66 69 93 
3600 88 78 100 
3600 89 2 97 
3600 90 102 105 
3600 91 2 69 
3600 92 76 98 
3600 93 82 87 
3600 94 67 104 
3600 95 62 84 97 
3600 96 65 81 
3600 97 89 95 
3600 98 78 84 92 
3600 99 64 68 81 
3600 100 88 101 
3600 101 80 100 
3600 102 63 90 
3600 103 85 106 
3600 104 66 72 79 94 
3600 105 77 86 90 
3600 106 63 74 83 103 
3600 107 132 146 151 
3600 108 121 127 
3600 109 120 140 
3600 110 9 33 123 
3600 111 141 148 
3600 112 137 139 
3600 113 120 126 
3600 114 11 129 130 134 147 152 
3600 115 3 12 130 139 143 
3600 116 131 132 
3600 117 140 
3600 118 125 128 
3600 119 13 127 
3600 120 109 113 
3600 121 3 108 138 144 
3600 122 142 145 
3600 123 47 110 
3600 124 125 129 
3600 125 11 29 118 124 149 150 
3600 126 113 141 
3600 127 14 108 119 144 
3600 128 118 151 
3600 129 114 124 
3600 130 114 115 
3600 131 55 116 
3600 132 107 116 
3600 133 8 25 46 
3600 134 55 114 
3600 135 137 138 
3600 136 14 146 
3600 137 112 135 
3600 138 121 135 
3600 139 112 115 
3600 140 109 117 147 
3600 141 111 126 
3600 142 122 149 
3600 143 13 115 
3600 144 121 127 
3600 145 122 148 
3600 146 107 136 
3600 147 114 140 
3600 148 111 145 
3600 149 125 142 
3600 150 125 152 
3600 151 107 128 
3600 152 114 150 
3600 153 160 171 
3600 154 172 174 
3600 155 164 174 
3600 156 166 170 
3600 157 159 169 
3600 158 164 176 
3600 159 157 161 
3600 160 4 153 
3600 161 159 171 
3600 162 165 
3600 163 4 175 
3600 164 155 158 
3600 165 15 162 
3600 166 156 173 
3600 167 172 175 
3600 168 176 
3600 169 157 176 
3600 170 156 173 
3600 171 153 161 
3600 172 15 154 167 
3600 173 166 170 
3600 174 154 155 
3600 175 163 167 
3600 176 158 168 169 
3600 177 186 199 
3600 178 182 198 
3600 179 196 203 
3600 180 189 204 
3600 181 192 207 
3600 182 178 200 202 
3600 183 188 190 
3600 184 204 206 
3600 185 16 197 
3600 186 177 193 200 
3600 187 195 202 
3600 188 183 201 
3600 189 180 191 
3600 190 183 206 
3600 191 189 207 
3600 192 181 
3600 193 186 206 
3600 194 5 203 
3600 195 187 206 
3600 196 179 198 
3600 197 17 185 
3600 198 178 196 
3600 199 18 177 
3600 200 182 186 
3600 201 16 188 
3600 202 182 187 
3600 203 179 194 
3600 204 18 180 184 
3600 205 206 
3600 206 5 17 184 190 193 195 205 
3600 207 181 191 
3600 208 21 231 
3600 209 222 241 
3600 210 231 241 
3600 211 223 230 
3600 212 226 229 
3600 213 237 242 
3600 214 228 237 
3600 215 231 235 
3600 216 242 243 
3600 217 223 230 
3600 218 220 227 
3600 219 226 240 
3600 220 218 241 
3600 221 230 241 
3600 222 209 
3600 223 211 217 
3600 224 237 241 
3600 225 229 240 
3600 226 19 212 219 239 
3600 227 218 234 
3600 228 214 235 
3600 229 212 225 
3600 230 6 211 217 221 
3600 231 208 210 215 233 
3600 232 20 240 
3600 233 20 231 
3600 234 227 240 
3600 235 215 228 
3600 236 238 239 
3600 237 21 213 214 224 243 
3600 238 236 240 
3600 239 226 236 
3600 240 219 225 232 234 238 
3600 241 19 209 210 220 221 224 
3600 242 213 216 
3600 243 216 237 
3600 244 255 270 
3600 245 268 273 
3600 246 255 263 
3600 247 252 264 
3600 248 259 261 
3600 249 253 254 
3600 250 257 273 
3600 251 22 23 
3600 252 22 247 271 
3600 253 249 266 
3600 254 7 249 256 
3600 255 244 246 272 274 
3600 256 254 274 
3600 257 250 269 
3600 258 24 259 
3600 259 248 258 
3600 260 23 270 
3600 261 248 271 
3600 262 265 267 
3600 263 246 267 
3600 264 247 268 
3600 265 262 270 
3600 266 253 
3600 267 262 263 
3600 268 245 264 
3600 269 23 257 
3600 270 244 260 265 
3600 271 252 261 
3600 272 255 
3600 273 245 250 
3600 274 255 256 
3600 275 0 
3600 276 0 6 
3600 277 0 
3600 278 0 6 
3600 279 0 6 
3600 280 0 
3600 281 0 6 
3600 282 0 6 
3600 283 0 6 
3600 284 0 
3600 285 0 6 
3600 286 0 
3600 287 0 
3600 288 0 6 
3600 289 0 
3600 290 0 6 
3600 291 0 
3600 292 0 
3600 293 0 6 
3600 294 0 
3600 295 0 6 
3600 296 0 
3600 297 0 
3600 298 0 
3600 299 0 6 
3600 300 0 
3600 301 0 
3600 302 0 
3600 303 0 6 
3600 304 0 
5400 0 2 275 276 277 278 279 280 281 282 283 284 285 286 287 288 289 290 291 292 293 294 295 296 297 298 299 300 301 302 303 304 
5400 1 25 36 
5400 2 0 95 275 278 279 281 282 283 285 289 291 292 294 296 298 300 301 304 
5400 3 142 147 
5400 4 155 166 
5400 5 203 204 
5400 6 241 243 
5400 7 254 269 
5400 8 42 59 
5400 9 10 30 
5400 10 9 14 
5400 11 108 111 
5400 12 112 119 
5400 13 122 151 
5400 14 10 119 
5400 15 157 166 
5400 16 190 204 
5400 17 198 201 
5400 18 180 
5400 19 215 230 
5400 20 227 243 
5400 21 214 222 
5400 22 247 248 
5400 23 254 259 
5400 24 258 271 
5400 25 1 58 
5400 26 46 54 
5400 27 50 60 
5400 28 31 53 
5400 29 56 58 
5400 30 9 55 
5400 31 28 55 
5400 32 36 107 
5400 33 57 59 
5400 34 43 59 
5400 35 54 58 
5400 36 1 32 
5400 37 44 45 
5400 38 48 58 
5400 39 57 58 
5400 40 43 60 
5400 41 45 115 
5400 42 8 44 
5400 43 34 40 107 
5400 44 37 42 
5400 45 37 41 
5400 46 26 56 
5400 47 56 58 
5400 48 38 51 
5400 49 51 58 
5400 50 27 60 
5400 51 48 49 
5400 52 60 115 
5400 53 28 54 
5400 54 26 35 53 
5400 55 30 31 
5400 56 29 46 47 
5400 57 33 39 
5400 58 25 29 35 38 39 47 49 
5400 59 8 33 34 
5400 60 27 40 50 52 
5400 61 82 95 
5400 62 95 99 
5400 63 64 73 
5400 64 63 79 
5400 65 81 101 
5400 66 100 102 
5400 67 77 97 
5400 68 101 104 
5400 69 76 105 
5400 70 73 93 
5400 71 100 101 
5400 72 84 97 
5400 73 63 70 
5400 74 95 99 
5400 75 82 103 
5400 76 69 104 
5400 77 67 94 
5400 78 88 90 
5400 79 64 92 
5400 80 92 103 
5400 81 65 100 
5400 82 61 75 
5400 83 91 92 
5400 84 72 106 
5400 85 101 102 
5400 86 89 106 
5400 87 90 101 
5400 88 78 96 
5400 89 86 101 
5400 90 78 87 93 
5400 91 83 101 
5400 92 79 80 83 
5400 93 70 90 
5400 94 77 98 
5400 95 2 61 62 74 
5400 96 88 100 
5400 97 67 72 
5400 98 94 
5400 99 62 74 
5400 100 66 71 81 96 
5400 101 65 68 71 85 87 89 91 
5400 102 66 85 
5400 103 75 80 105 
5400 104 68 76 
5400 105 69 103 
5400 106 84 86 
5400 107 32 43 
5400 108 11 121 
5400 109 118 149 
5400 110 124 136 
5400 111 11 129 137 
5400 112 12 118 132 152 
5400 113 138 150 
5400 114 120 123 128 129 136 145 
5400 115 41 52 146 
5400 116 147 
5400 117 120 141 152 
5400 118 109 112 
5400 119 12 14 122 
5400 120 114 117 
5400 121 108 139 148 
5400 122 13 119 
5400 123 114 126 
5400 124 110 132 137 
5400 125 143 149 
5400 126 123 146 
5400 127 133 145 
5400 128 114 141 
5400 129 111 114 
5400 130 131 139 
5400 131 130 133 
5400 132 112 124 
5400 133 127 131 
5400 134 140 143 
5400 135 140 142 
5400 136 110 114 
5400 137 111 124 
5400 138 113 144 
5400 139 121 130 
5400 140 134 135 150 
5400 141 117 128 
5400 142 3 135 
5400 143 125 134 
5400 144 138 147 
5400 145 114 127 
5400 146 115 126 
5400 147 3 116 144 
5400 148 121 151 
5400 149 109 125 
5400 150 113 140 
5400 151 13 148 
5400 152 112 117 
5400 153 158 169 
5400 154 164 167 
5400 155 4 176 
5400 156 158 168 
5400 157 15 170 
5400 158 153 156 
5400 159 170 171 
5400 160 172 175 
5400 161 170 171 
5400 162 163 164 165 
5400 163 162 166 
5400 164 154 162 
5400 165 162 168 
5400 166 4 15 163 175 
5400 167 154 173 
5400 168 156 165 174 176 
5400 169 153 170 
5400 170 157 159 161 169 
5400 171 159 161 
5400 172 160 173 
5400 173 167 172 174 
5400 174 168 173 
5400 175 160 166 
5400 176 155 168 
5400 177 194 198 
5400 178 197 206 
5400 179 192 202 
5400 180 18 189 
5400 181 195 203 
5400 182 185 199 
5400 183 200 207 
5400 184 200 201 
5400 185 182 192 
5400 186 192 194 
5400 187 190 204 
5400 188 198 206 
5400 189 180 
5400 190 16 187 
5400 191 203 204 
5400 192 179 185 186 196 
5400 193 202 206 
5400 194 177 186 195 
5400 195 181 194 
5400 196 192 206 
5400 197 178 205 
5400 198 17 177 188 
5400 199 182 201 
5400 200 183 184 
5400 201 17 184 199 
5400 202 179 193 
5400 203 5 181 191 
5400 204 5 16 187 191 
5400 205 197 207 
5400 206 178 188 193 196 
5400 207 183 205 
5400 208 228 238 
5400 209 223 226 
5400 210 234 243 
5400 211 230 237 
5400 212 225 234 
5400 213 227 228 
5400 214 21 231 
5400 215 19 231 
5400 216 230 243 
5400 217 232 239 
5400 218 222 235 
5400 219 242 
5400 220 231 237 
5400 221 230 241 
5400 222 21 218 232 
5400 223 209 
5400 224 227 233 
5400 225 212 241 
5400 226 209 236 
5400 227 20 213 224 
5400 228 208 213 239 
5400 229 235 236 
5400 230 19 211 216 221 
5400 231 214 215 220 242 
5400 232 217 222 
5400 233 224 240 
5400 234 210 212 
5400 235 218 229 
5400 236 226 229 
5400 237 211 220 238 240 
5400 238 208 237 
5400 239 217 228 
5400 240 233 237 
5400 241 6 221 225 
5400 242 219 231 
5400 243 6 20 210 216 
5400 244 262 266 
5400 245 274 
5400 246 264 273 
5400 247 22 250 
5400 248 22 267 
5400 249 261 268 
5400 250 247 257 
5400 251 266 274 
5400 252 255 258 
5400 253 259 
5400 254 7 23 
5400 255 252 260 
5400 256 264 265 
5400 257 250 270 
5400 258 24 252 
5400 259 23 253 
5400 260 255 262 
5400 261 249 272 
5400 262 244 260 
5400 263 270 
5400 264 246 256 
5400 265 256 272 
5400 266 244 251 
5400 267 248 268 
5400 268 249 267 
5400 269 7 271 
5400 270 257 263 
5400 271 24 269 
5400 272 261 265 
5400 273 246 
5400 274 245 251 
5400 275 0 2 
5400 276 0 
5400 277 0 
5400 278 0 2 
5400 279 0 2 
5400 280 0 
5400 281 0 2 
5400 282 0 2 
5400 283 0 2 
5400 284 0 
5400 285 0 2 
5400 286 0 
5400 287 0 
5400 288 0 
5400 289 0 2 
5400 290 0 
5400 291 0 2 
5400 292 0 2 
5400 293 0 
5400 294 0 2 
5400 295 0 
5400 296 0 2 
5400 297 0 
5400 298 0 2 
5400 299 0 
5400 300 0 2 
5400 301 0 2 
5400 302 0 
5400 303 0 
5400 304 0 2 
7200 0 6 275 276 277 278 279 280 281 282 283 284 285 286 287 288 289 290 291 292 293 294 295 296 297 298 299 300 301 302 303 304 
7200 1 50 60 
7200 2 72 89 
7200 3 123 127 
7200 4 6 165 276 278 279 280 281 284 286 288 290 292 293 297 298 300 303 
7200 5 186 191 
7200 6 0 4 276 278 279 281 282 283 285 288 290 293 295 299 303 
7200 7 245 266 
7200 8 12 54 
7200 9 42 57 
7200 10 44 57 
7200 11 115 140 
7200 12 8 109 
7200 13 129 136 
7200 14 120 122 
7200 15 166 170 
7200 16 204 205 
7200 17 199 206 
7200 18 192 194 
7200 19 221 222 
7200 20 230 234 
7200 21 222 241 
7200 22 251 263 
7200 23 256 257 
7200 24 252 259 
7200 25 60 117 
7200 26 42 55 
7200 27 46 55 
7200 28 35 52 
7200 29 34 112 
7200 30 50 54 
7200 31 60 130 
7200 32 49 60 
7200 33 54 58 
7200 34 29 130 
7200 35 28 42 
7200 36 39 49 
7200 37 39 44 
7200 38 49 57 
7200 39 36 37 
7200 40 110 
7200 41 46 117 
7200 42 9 26 35 
7200 43 57 59 
7200 44 10 37 
7200 45 49 130 
7200 46 27 41 
7200 47 57 60 
7200 48 52 125 
7200 49 32 36 38 45 
7200 50 1 30 
7200 51 56 60 
7200 52 28 48 
7200 53 57 59 
7200 54 8 30 33 
7200 55 26 27 
7200 56 51 119 
7200 57 9 10 38 43 47 53 
7200 58 33 119 
7200 59 43 53 
7200 60 1 25 31 32 47 51 
7200 61 101 102 
7200 62 79 102 
7200 63 89 105 
7200 64 97 
7200 65 91 101 
7200 66 91 97 
7200 67 73 98 
7200 68 100 104 
7200 69 75 103 
7200 70 92 93 
7200 71 75 95 
7200 72 2 84 
7200 73 67 100 
7200 74 81 98 
7200 75 69 71 
7200 76 87 94 
7200 77 82 98 
7200 78 99 
7200 79 62 86 
7200 80 103 105 
7200 81 74 99 
7200 82 77 90 
7200 83 96 100 
7200 84 72 89 
7200 85 91 105 
7200 86 79 88 
7200 87 76 89 
7200 88 86 91 
7200 89 2 63 84 87 92 106 
7200 90 82 97 
7200 91 65 66 85 88 106 
7200 92 70 89 
7200 93 70 100 
7200 94 76 97 
7200 95 71 
7200 96 83 102 
7200 97 64 66 90 94 
7200 98 67 74 77 
7200 99 78 81 
7200 100 68 73 83 93 
7200 101 61 65 104 
7200 102 61 62 96 
7200 103 69 80 
7200 104 68 101 
7200 105 63 80 85 
7200 106 89 91 
7200 107 122 124 
7200 108 133 145 
7200 109 12 114 138 148 149 
7200 110 40 120 
7200 111 123 127 
7200 112 29 132 
7200 113 139 150 
7200 114 109 126 
7200 115 11 146 151 
7200 116 127 149 
7200 117 25 41 124 131 
7200 118 138 151 
7200 119 56 58 
7200 120 14 110 
7200 121 133 135 147 
7200 122 14 107 
7200 123 3 111 139 143 
7200 124 107 117 
7200 125 48 134 137 
7200 126 114 134 
7200 127 3 111 116 
7200 128 132 145 
7200 129 13 142 
7200 130 31 34 45 
7200 131 117 135 
7200 132 112 128 
7200 133 108 121 
7200 134 125 126 
7200 135 121 131 
7200 136 13 152 
7200 137 125 146 
7200 138 109 118 
7200 139 113 123 
7200 140 11 141 
7200 141 140 150 
7200 142 129 144 
7200 143 123 147 
7200 144 142 152 
7200 145 108 128 
7200 146 115 137 
7200 147 121 143 
7200 148 109 152 
7200 149 109 116 
7200 150 113 141 
7200 151 115 118 
7200 152 136 144 148 
7200 153 164 169 
7200 154 168 175 
7200 155 158 162 
7200 156 161 164 
7200 157 162 165 
7200 158 155 162 
7200 159 167 169 
7200 160 161 174 
7200 161 156 160 
7200 162 155 157 158 168 
7200 163 173 174 
7200 164 153 156 170 
7200 165 4 157 166 
7200 166 15 165 
7200 167 159 176 
7200 168 154 162 
7200 169 153 159 171 
7200 170 15 164 
7200 171 169 
7200 172 173 
7200 173 163 172 
7200 174 160 163 175 176 
7200 175 154 174 
7200 176 167 174 
7200 177 193 197 
7200 178 179 183 
7200 179 178 189 
7200 180 206 207 
7200 181 187 200 
7200 182 193 207 
7200 183 178 196 
7200 184 200 204 
7200 185 197 205 
7200 186 5 203 
7200 187 181 202 
7200 188 190 201 
7200 189 179 195 
7200 190 188 206 
7200 191 5 205 
7200 192 18 199 202 
7200 193 177 182 
7200 194 18 198 
7200 195 189 200 
7200 196 183 205 
7200 197 177 185 
7200 198 194 204 
7200 199 17 192 
7200 200 181 184 195 
7200 201 188 203 
7200 202 187 192 
7200 203 186 201 
7200 204 16 184 198 
7200 205 16 185 191 196 
7200 206 17 180 190 
7200 207 180 182 
7200 208 232 236 
7200 209 225 226 
7200 210 219 233 
7200 211 230 243 
7200 212 216 217 
7200 213 218 240 
7200 214 233 238 
7200 215 219 240 
7200 216 212 221 
7200 217 212 225 
7200 218 213 234 
7200 219 210 215 220 
7200 220 219 242 
7200 221 19 216 
7200 222 19 21 
7200 223 224 239 
7200 224 223 242 
7200 225 209 217 
7200 226 209 232 
7200 227 231 235 
7200 228 233 240 
7200 229 237 240 
7200 230 20 211 
7200 231 227 236 
7200 232 208 226 
7200 233 210 214 228 
7200 234 20 218 235 
7200 235 227 234 
7200 236 208 231 
7200 237 229 238 
7200 238 214 237 
7200 239 223 241 
7200 240 213 215 228 229 243 
7200 241 21 239 
7200 242 220 224 
7200 243 211 240 
7200 244 252 262 
7200 245 7 253 257 265 270 
7200 246 258 267 271 
7200 247 261 269 
7200 248 260 270 
7200 249 255 272 
7200 250 254 268 
7200 251 22 261 
7200 252 24 244 258 
7200 253 245 
7200 254 250 264 271 
7200 255 249 262 268 269 272 274 
7200 256 23 267 
7200 257 23 245 
7200 258 246 252 
7200 259 24 273 
7200 260 248 
7200 261 247 251 
7200 262 244 255 
7200 263 22 265 
7200 264 254 266 
7200 265 245 263 
7200 266 7 264 
7200 267 246 256 
7200 268 250 255 
7200 269 247 255 
7200 270 245 248 
7200 271 246 254 
7200 272 249 255 
7200 273 259 274 
7200 274 255 273 
7200 275 0 
7200 276 0 4 6 
7200 277 0 
7200 278 0 4 6 
7200 279 0 4 6 
7200 280 0 4 
7200 281 0 4 6 
7200 282 0 6 
7200 283 0 6 
7200 284 0 4 
7200 285 0 6 
7200 286 0 4 
7200 287 0 
7200 288 0 4 6 
7200 289 0 
7200 290 0 4 6 
7200 291 0 
7200 292 0 4 
7200 293 0 4 6 
7200 294 0 
7200 295 0 6 
7200 296 0 
7200 297 0 4 
7200 298 0 4 
7200 299 0 6 
7200 300 0 4 
7200 301 0 
7200 302 0 
7200 303 0 4 6 
7200 304 0 
9000 0 3 6 275 276 277 278 279 280 281 282 283 284 285 286 287 288 289 290 291 292 293 294 295 296 297 298 299 300 301 302 303 304 
9000 1 47 53 
9000 2 80 103 
9000 3 0 123 276 277 280 282 283 285 289 290 293 294 297 300 302 
9000 4 158 171 
9000 5 202 206 
9000 6 0 233 276 278 279 281 282 283 285 288 290 293 295 299 303 
9000 7 259 267 
9000 8 55 122 
9000 9 54 57 
9000 10 12 39 
9000 11 119 121 
9000 12 10 120 
9000 13 109 125 
9000 14 108 121 
9000 15 166 171 
9000 16 199 204 
9000 17 18 203 
9000 18 17 202 
9000 19 230 235 
9000 20 234 242 
9000 21 237 242 
9000 22 247 252 
9000 23 249 250 
9000 24 252 253 
9000 25 136 
9000 26 48 51 
9000 27 59 111 
9000 28 37 39 
9000 29 42 138 
9000 30 36 57 
9000 31 43 49 
9000 32 41 48 
9000 33 51 53 
9000 34 35 57 
9000 35 34 115 
9000 36 30 126 
9000 37 28 127 
9000 38 56 136 
9000 39 10 28 
9000 40 41 58 
9000 41 32 40 
9000 42 29 58 
9000 43 31 52 
9000 44 47 
9000 45 53 145 
9000 46 49 55 
9000 47 1 44 
9000 48 26 32 
9000 49 31 46 
9000 50 60 
9000 51 26 33 
9000 52 43 60 
9000 53 1 33 45 
9000 54 9 122 
9000 55 8 46 56 
9000 56 38 55 
9000 57 9 30 34 
9000 58 40 42 
9000 59 27 136 
9000 60 50 52 
9000 61 72 100 
9000 62 97 106 
9000 63 66 88 
9000 64 92 102 
9000 65 86 92 
9000 66 63 
9000 67 101 102 
9000 68 87 106 
9000 69 101 105 
9000 70 71 80 
9000 71 70 101 
9000 72 61 102 
9000 73 101 103 
9000 74 86 95 
9000 75 76 105 
9000 76 75 103 
9000 77 84 95 
9000 78 90 94 
9000 79 91 101 
9000 80 2 70 
9000 81 90 102 
9000 82 98 105 
9000 83 91 102 
9000 84 77 95 
9000 85 96 105 
9000 86 65 74 
9000 87 68 98 
9000 88 63 90 
9000 89 90 99 
9000 90 78 81 88 89 
9000 91 79 83 
9000 92 64 65 
9000 93 100 106 
9000 94 78 98 
9000 95 74 77 84 96 
9000 96 85 95 
9000 97 62 105 
9000 98 82 87 94 104 
9000 99 89 103 
9000 100 61 93 
9000 101 67 69 71 73 79 
9000 102 64 67 72 81 83 
9000 103 2 73 76 99 
9000 104 98 105 
9000 105 69 75 82 85 97 104 
9000 106 62 68 93 
9000 107 111 151 
9000 108 14 137 146 
9000 109 13 128 151 
9000 110 123 138 
9000 111 27 107 144 148 
9000 112 114 124 
9000 113 118 134 144 
9000 114 112 133 
9000 115 35 117 
9000 116 121 143 
9000 117 115 133 139 
9000 118 113 142 
9000 119 11 143 146 
9000 120 12 135 142 148 
9000 121 11 14 116 130 150 
9000 122 8 54 
9000 123 3 110 131 
9000 124 112 152 
9000 125 13 126 128 129 131 
9000 126 36 125 
9000 127 37 145 
9000 128 109 125 
9000 129 125 132 
9000 130 121 149 
9000 131 123 125 
9000 132 129 141 
9000 133 114 117 
9000 134 113 140 
9000 135 120 150 
9000 136 25 38 59 
9000 137 108 152 
9000 138 29 110 
9000 139 117 140 
9000 140 134 139 
9000 141 132 147 
9000 142 118 120 
9000 143 116 119 
9000 144 111 113 
9000 145 45 127 
9000 146 108 119 
9000 147 141 149 
9000 148 111 120 
9000 149 130 147 
9000 150 121 135 
9000 151 107 109 
9000 152 124 137 
9000 153 169 176 
9000 154 170 174 
9000 155 175 176 
9000 156 158 175 
9000 157 165 168 
9000 158 4 156 
9000 159 160 175 
9000 160 159 176 
9000 161 163 173 
9000 162 170 175 
9000 163 161 165 
9000 164 171 176 
9000 165 157 163 172 
9000 166 15 173 
9000 167 169 
9000 168 157 176 
9000 169 153 167 
9000 170 154 162 
9000 171 4 15 164 
9000 172 165 174 
9000 173 161 166 
9000 174 154 172 
9000 175 155 156 159 162 
9000 176 153 155 160 164 168 
9000 177 184 200 
9000 178 187 192 
9000 179 186 204 
9000 180 197 201 
9000 181 190 199 
9000 182 192 207 
9000 183 195 202 
9000 184 177 204 
9000 185 187 188 
9000 186 179 193 
9000 187 178 185 191 
9000 188 185 206 
9000 189 194 203 
9000 190 181 199 
9000 191 187 201 
9000 192 178 182 196 207 
9000 193 186 195 
9000 194 189 205 
9000 195 183 193 200 
9000 196 192 206 
9000 197 180 206 
9000 198 199 
9000 199 16 181 190 198 
9000 200 177 195 
9000 201 180 191 
9000 202 5 18 183 
9000 203 17 189 
9000 204 16 179 184 205 
9000 205 194 204 
9000 206 5 188 196 197 
9000 207 182 192 
9000 208 222 241 
9000 209 236 237 
9000 210 219 233 
9000 211 224 240 
9000 212 238 239 
9000 213 229 243 
9000 214 229 241 
9000 215 216 234 
9000 216 215 238 
9000 217 234 239 
9000 218 220 238 
9000 219 210 221 
9000 220 218 227 
9000 221 219 231 
9000 222 208 243 
9000 223 237 242 
9000 224 211 242 
9000 225 239 241 
9000 226 234 235 
9000 227 220 232 
9000 228 232 240 
9000 229 213 214 
9000 230 19 242 
9000 231 221 239 
9000 232 227 228 
9000 233 6 210 
9000 234 20 215 217 226 
9000 235 19 226 
9000 236 209 241 
9000 237 21 209 223 
9000 238 212 216 218 
9000 239 212 217 225 231 
9000 240 211 228 
9000 241 208 214 225 236 
9000 242 20 21 223 224 230 
9000 243 213 222 
9000 244 257 264 272 
9000 245 256 262 263 266 274 
9000 246 248 
9000 247 22 253 
9000 248 246 261 269 
9000 249 23 257 268 271 272 
9000 250 23 
9000 251 263 265 
9000 252 22 24 266 273 
9000 253 24 247 
9000 254 259 262 265 267 
9000 255 270 271 273 
9000 256 245 274 
9000 257 244 249 
9000 258 264 
9000 259 7 254 
9000 260 268 269 
9000 261 248 270 
9000 262 245 254 
9000 263 245 251 
9000 264 244 258 
9000 265 251 254 
9000 266 245 252 
9000 267 7 254 
9000 268 249 260 
9000 269 248 260 
9000 270 255 261 
9000 271 249 255 
9000 272 244 249 
9000 273 252 255 
9000 274 245 256 
9000 275 0 
9000 276 0 3 6 
9000 277 0 3 
9000 278 0 6 
9000 279 0 6 
9000 280 0 3 
9000 281 0 6 
9000 282 0 3 6 
9000 283 0 3 6 
9000 284 0 
9000 285 0 3 6 
9000 286 0 
9000 287 0 
9000 288 0 6 
9000 289 0 3 
9000 290 0 3 6 
9000 291 0 
9000 292 0 
9000 293 0 3 6 
9000 294 0 3 
9000 295 0 6 
9000 296 0 
9000 297 0 3 
9000 298 0 
9000 299 0 6 
9000 300 0 3 
9000 301 0 
9000 302 0 3 
9000 303 0 6 
9000 304 0 
